#Timestamp	CPU_ID	user%	nice%	sys%	idle%	iowait%	irq%	softiq%	steal%	guest%	guest_nice%
1428603684344838275	CPU_0	10.16	0	6.77	79.66	0	3.38	0	0	0	0
1428603684958019915	CPU_0	0	0	0	100.00	0	0	0	0	0	0
1428603685572497595	CPU_0	0	0	1.66	98.33	0	0	0	0	0	0
1428603686185703860	CPU_0	0	0	0	100.00	0	0	0	0	0	0
1428603686808076074	CPU_0	0	0	0	100.00	0	0	0	0	0	0
1428603687423408545	CPU_0	0	0	0	100.00	0	0	0	0	0	0
1428603688038255058	CPU_0	0	0	0	100.00	0	0	0	0	0	0
1428603688651795073	CPU_0	0	0	0	98.36	0	1.63	0	0	0	0
1428603689265650254	CPU_0	0	0	0	98.33	1.66	0	0	0	0	0
1428603689886175053	CPU_0	0	0	0	100.00	0	0	0	0	0	0
1428603690500280525	CPU_0	0	0	1.61	96.77	0	1.61	0	0	0	0
1428603691114150456	CPU_0	0	0	1.63	98.36	0	0	0	0	0	0
1428603691728939428	CPU_0	0	0	0	96.82	0	3.17	0	0	0	0
1428603692344029149	CPU_0	0	0	0	100.00	0	0	0	0	0	0
1428603692965175239	CPU_0	0	0	1.58	96.82	0	0	1.58	0	0	0
1428603693580071335	CPU_0	0	0	0	100.00	0	0	0	0	0	0
1428603694195719723	CPU_0	0	0	0	100.00	0	0	0	0	0	0
1428603694810287736	CPU_0	0	0	6.55	93.44	0	0	0	0	0	0
1428603695434217990	CPU_0	0	0	1.61	96.77	0	1.61	0	0	0	0
1428603696050642418	CPU_0	0	0	3.22	93.54	0	3.22	0	0	0	0
1428603696668352803	CPU_0	12.69	0	7.93	76.19	0	3.17	0	0	0	0
1428603697284873064	CPU_0	0	0	0	100.00	0	0	0	0	0	0
1428603697901577659	CPU_0	0	0	0	100.00	0	0	0	0	0	0
1428603698524240872	CPU_0	0	0	1.58	95.23	0	1.58	1.58	0	0	0
1428603699140543175	CPU_0	0	0	0	100.00	0	0	0	0	0	0
1428603699757412519	CPU_0	0	0	0	100.00	0	0	0	0	0	0
1428603700374695488	CPU_0	0	0	0	98.36	0	1.63	0	0	0	0
1428603700992087248	CPU_0	0	0	1.61	98.38	0	0	0	0	0	0
1428603701613484921	CPU_0	0	0	0	100.00	0	0	0	0	0	0
1428603702229913599	CPU_0	0	0	0	96.77	0	1.61	1.61	0	0	0
1428603702846506610	CPU_0	0	0	0	96.77	0	3.22	0	0	0	0
1428603703463543621	CPU_0	0	0	3.17	96.82	0	0	0	0	0	0
1428603704086481000	CPU_0	0	0	0	100.00	0	0	0	0	0	0
1428603704702957678	CPU_0	0	0	0	100.00	0	0	0	0	0	0
1428603705319083773	CPU_0	0	0	0	100.00	0	0	0	0	0	0
1428603705936559408	CPU_0	0	0	1.63	98.36	0	0	0	0	0	0
1428603706552890419	CPU_0	0	0	0	100.00	0	0	0	0	0	0
1428603707175924673	CPU_0	0	0	0	100.00	0	0	0	0	0	0
1428603707792548351	CPU_0	0	0	0	95.23	0	4.76	0	0	0	0
1428603708410779985	CPU_0	0	0	0	100.00	0	0	0	0	0	0
1428603709027200747	CPU_0	0	0	0	100.00	0	0	0	0	0	0
1428603709650751125	CPU_0	0	0	0	100.00	0	0	0	0	0	0
1428603710267764136	CPU_0	0	0	0	100.00	0	0	0	0	0	0
1428603710886043145	CPU_0	0	0	0	100.00	0	0	0	0	0	0
1428603711502905905	CPU_0	0	0	1.58	96.82	0	0	1.58	0	0	0
1428603712120662998	CPU_0	0	0	0	100.00	0	0	0	0	0	0
1428603712744349585	CPU_0	0	0	0	96.82	0	3.17	0	0	0	0
1428603713362824011	CPU_0	0	0	0	100.00	0	0	0	0	0	0
1428603713980141188	CPU_0	0	0	1.61	96.77	1.61	0	0	0	0	0
1428603714598019155	CPU_0	0	0	1.61	98.38	0	0	0	0	0	0
1428603715221605284	CPU_0	0	0	0	100.00	0	0	0	0	0	0
1428603715839696418	CPU_0	0	0	0	100.00	0	0	0	0	0	0
1428603716461408174	CPU_0	0	0	1.66	96.66	0	1.66	0	0	0	0
1428603717078886850	CPU_0	0	0	0	100.00	0	0	0	0	0	0
1428603717697006193	CPU_0	0	0	1.61	96.77	0	1.61	0	0	0	0
1428603718321247487	CPU_0	0	0	0	100.00	0	0	0	0	0	0
1428603718940381203	CPU_0	0	0	1.63	98.36	0	0	0	0	0	0
1428603719558151963	CPU_0	0	0	0	100.00	0	0	0	0	0	0
1428603720175941556	CPU_0	0	0	1.58	96.82	0	1.58	0	0	0	0
1428603720799497851	CPU_0	0	0	0	98.38	0	0	1.61	0	0	0
1428603721418705234	CPU_0	0	0	0	100.00	0	0	0	0	0	0
1428603722037185909	CPU_0	0	0	0	100.00	0	0	0	0	0	0
1428603722655637709	CPU_0	0	0	1.61	96.77	0	1.61	0	0	0	0
1428603723273225636	CPU_0	0	0	1.61	98.38	0	0	0	0	0	0
1428603723898394179	CPU_0	0	0	0	100.00	0	0	0	0	0	0
1428603724515770231	CPU_0	0	0	1.61	96.77	0	1.61	0	0	0	0
1428603725133748323	CPU_0	0	0	0	100.00	0	0	0	0	0	0
1428603725751773749	CPU_0	0	0	0	100.00	0	0	0	0	0	0
1428603726376643209	CPU_0	0	0	1.56	96.87	0	1.56	0	0	0	0
1428603726994765801	CPU_0	0	0	0	100.00	0	0	0	0	0	0
1428603727613893601	CPU_0	0	0	1.58	96.82	0	1.58	0	0	0	0
1428603728232290068	CPU_0	0	0	0	100.00	0	0	0	0	0	0
1428603728851827950	CPU_0	0	0	1.61	96.77	0	0	1.61	0	0	0
1428603729476684827	CPU_0	0	0	0	100.00	0	0	0	0	0	0
1428603730095318877	CPU_0	0	0	0	98.38	0	1.61	0	0	0	0
1428603730713049387	CPU_0	0	0	0	100.00	0	0	0	0	0	0
1428603731331681853	CPU_0	0	0	0	100.00	0	0	0	0	0	0
1428603731955790689	CPU_0	0	0	0	98.38	0	1.61	0	0	0	0
1428603732574565697	CPU_0	0	0	0	100.00	0	0	0	0	0	0
1428603733192095582	CPU_0	0	0	1.61	98.38	0	0	0	0	0	0
1428603733810822507	CPU_0	0	0	0	100.00	0	0	0	0	0	0
1428603734429580973	CPU_0	0	0	1.58	95.23	1.58	1.58	0	0	0	0
1428603735054745266	CPU_0	0	0	0	100.00	0	0	0	0	0	0
1428603735672680900	CPU_0	0	0	1.63	98.36	0	0	0	0	0	0
1428603736291280867	CPU_0	0	0	0	96.82	0	1.58	1.58	0	0	0
1428603736909733875	CPU_0	0	0	1.58	95.23	0	3.17	0	0	0	0
1428603737534194794	CPU_0	0	0	0	100.00	0	0	0	0	0	0
1428603738151786845	CPU_0	0	0	0	100.00	0	0	0	0	0	0
1428603738770283437	CPU_0	0	0	0	100.00	0	0	0	0	0	0
1428603739389080153	CPU_0	0	0	0	100.00	0	0	0	0	0	0
1428603740007526786	CPU_0	0	0	1.61	98.38	0	0	0	0	0	0
1428603740632015080	CPU_0	0	0	0	100.00	0	0	0	0	0	0
1428603741250168964	CPU_0	0	0	0	100.00	0	0	0	0	0	0
1428603741867778598	CPU_0	0	0	0	98.38	0	1.61	0	0	0	0
1428603742486475523	CPU_0	0	0	1.61	98.38	0	0	0	0	0	0
1428603743110224108	CPU_0	1.58	0	1.58	95.23	0	1.58	0	0	0	0
1428603743729744782	CPU_0	0	0	0	96.66	0	1.66	1.66	0	0	0
1428603744348908540	CPU_0	0	0	1.63	96.72	0	1.63	0	0	0	0
1428603744967965173	CPU_0	10.00	0	3.33	85.00	0	1.66	0	0	0	0
1428603745586158098	CPU_0	0	0	1.61	98.38	0	0	0	0	0	0
1428603746211093182	CPU_0	0	0	0	100.00	0	0	0	0	0	0
1428603746830214773	CPU_0	0	0	1.58	96.82	0	1.58	0	0	0	0
1428603747449145698	CPU_0	0	0	0	100.00	0	0	0	0	0	0
1428603748067996955	CPU_0	0	0	1.61	98.38	0	0	0	0	0	0
1428603748692754290	CPU_0	0	0	1.58	96.82	0	1.58	0	0	0	0
1428603749311519506	CPU_0	6.55	0	1.63	91.80	0	0	0	0	0	0
1428603749931346596	CPU_0	0	0	0	96.82	0	1.58	1.58	0	0	0
1428603750550400229	CPU_0	0	0	0	100.00	0	0	0	0	0	0
1428603751169330487	CPU_0	0	0	0	100.00	0	0	0	0	0	0
1428603751794669779	CPU_0	0	0	1.58	96.82	0	1.58	0	0	0	0
1428603752414361578	CPU_0	0	0	0	98.38	0	1.61	0	0	0	0
1428603753033130710	CPU_0	0	0	0	100.00	0	0	0	0	0	0
1428603753652454884	CPU_0	0	0	1.61	98.38	0	0	0	0	0	0
1428603754277236094	CPU_0	0	0	0	98.36	1.63	0	0	0	0	0
1428603754895982185	CPU_0	0	0	0	100.00	0	0	0	0	0	0
1428603755515504567	CPU_0	0	0	1.47	89.70	0	8.82	0	0	0	0
1428603756133819325	CPU_0	0	0	0	100.00	0	0	0	0	0	0
1428603756751976917	CPU_0	0	0	0	95.23	0	0	4.76	0	0	0
1428603757377140959	CPU_0	0	0	0	100.00	0	0	0	0	0	0
1428603757996673924	CPU_0	0	0	0	100.00	0	0	0	0	0	0
1428603758615745640	CPU_0	0	0	0	100.00	0	0	0	0	0	0
1428603759234734064	CPU_0	0	0	1.63	98.36	0	0	0	0	0	0
1428603759860358689	CPU_0	0	0	0	100.00	0	0	0	0	0	0
1428603760480216696	CPU_0	0	0	0	100.00	0	0	0	0	0	0
1428603761099609411	CPU_0	0	0	0	100.00	0	0	0	0	0	0
1428603761718066002	CPU_0	0	0	1.61	98.38	0	0	0	0	0	0
1428603762337162176	CPU_0	0	0	0	100.00	0	0	0	0	0	0
1428603762963022218	CPU_0	0	0	1.61	98.38	0	0	0	0	0	0
1428603763581736684	CPU_0	0	0	0	100.00	0	0	0	0	0	0
1428603764200231483	CPU_0	0	0	1.61	98.38	0	0	0	0	0	0
1428603764818703991	CPU_0	0	0	0	100.00	0	0	0	0	0	0
1428603765444498450	CPU_0	0	0	0	100.00	0	0	0	0	0	0
1428603766063483832	CPU_0	0	0	1.61	96.77	0	1.61	0	0	0	0
1428603766682300131	CPU_0	0	0	0	100.00	0	0	0	0	0	0
1428603767300870180	CPU_0	0	0	1.58	96.82	0	1.58	0	0	0	0
1428603767920115062	CPU_0	0	0	0	100.00	0	0	0	0	0	0
1428603768545800229	CPU_0	0	0	0	100.00	0	0	0	0	0	0
1428603769164483528	CPU_0	0	0	0	98.36	0	1.63	0	0	0	0
1428603769782863619	CPU_0	0	0	1.61	98.38	0	0	0	0	0	0
1428603770401679085	CPU_0	0	0	0	100.00	0	0	0	0	0	0
1428603771027563043	CPU_0	0	0	1.58	96.82	0	1.58	0	0	0	0
1428603771646326426	CPU_0	0	0	0	100.00	0	0	0	0	0	0
1428603772265327808	CPU_0	0	0	0	100.00	0	0	0	0	0	0
1428603772884531565	CPU_0	0	0	0	98.38	0	1.61	0	0	0	0
1428603773504143363	CPU_0	0	0	0	100.00	0	0	0	0	0	0
1428603774129533113	CPU_0	0	0	0	96.82	0	3.17	0	0	0	0
1428603774748275620	CPU_0	0	0	0	100.00	0	0	0	0	0	0
1428603775367858710	CPU_0	0	0	1.61	98.38	0	0	0	0	0	0
1428603775987264217	CPU_0	0	0	0	100.00	0	0	0	0	0	0
1428603776612244467	CPU_0	0	0	0	100.00	0	0	0	0	0	0
1428603777230810642	CPU_0	0	0	0	100.00	0	0	0	0	0	0
1428603777849576732	CPU_0	0	0	0	100.00	0	0	0	0	0	0
1428603778469207863	CPU_0	0	0	1.63	98.36	0	0	0	0	0	0
1428603779088076871	CPU_0	0	0	0	98.36	0	1.63	0	0	0	0
1428603779713869162	CPU_0	0	0	0	95.38	0	0	4.61	0	0	0
1428603780333039960	CPU_0	0	0	0	98.36	0	1.63	0	0	0	0
1428603780953010383	CPU_0	0	0	0	100.00	0	0	0	0	0	0
1428603781571927515	CPU_0	0	0	0	100.00	0	0	0	0	0	0
1428603782196787391	CPU_0	0	0	1.58	96.82	0	1.58	0	0	0	0
1428603782815998856	CPU_0	0	0	0	100.00	0	0	0	0	0	0
1428603783435371612	CPU_0	0	0	3.17	96.82	0	0	0	0	0	0
1428603784055158577	CPU_0	0	0	0	95.23	0	4.76	0	0	0	0
1428603784673747792	CPU_0	0	0	0	100.00	0	0	0	0	0	0
1428603785299524917	CPU_0	0	0	1.61	98.38	0	0	0	0	0	0
1428603785918386715	CPU_0	0	0	0	100.00	0	0	0	0	0	0
1428603786538557096	CPU_0	0	0	1.61	98.38	0	0	0	0	0	0
1428603787157727978	CPU_0	0	0	0	100.00	0	0	0	0	0	0
1428603787783526727	CPU_0	0	0	0	100.00	0	0	0	0	0	0
1428603788402148984	CPU_0	0	0	0	100.00	0	0	0	0	0	0
1428603789022092074	CPU_0	0	0	1.61	96.77	1.61	0	0	0	0	0
1428603789641307122	CPU_0	0	0	0	95.31	0	4.68	0	0	0	0
1428603790260688878	CPU_0	1.61	0	1.61	96.77	0	0	0	0	0	0
1428603790886208003	CPU_0	0	0	0	100.00	0	0	0	0	0	0
1428603791506627591	CPU_0	0	0	0	100.00	0	0	0	0	0	0
1428603792126591764	CPU_0	0	0	0	100.00	0	0	0	0	0	0
1428603792745970228	CPU_0	0	0	0	100.00	0	0	0	0	0	0
1428603793372583852	CPU_0	0	0	1.61	98.38	0	0	0	0	0	0
1428603793992986899	CPU_0	0	0	1.61	98.38	0	0	0	0	0	0
1428603794612586030	CPU_0	0	0	1.61	98.38	0	0	0	0	0	0
1428603795232444744	CPU_0	0	0	0	100.00	0	0	0	0	0	0
1428603795853307582	CPU_0	0	0	0	98.38	0	1.61	0	0	0	0
1428603796478407832	CPU_0	0	0	0	100.00	0	0	0	0	0	0
1428603797097692838	CPU_0	0	0	0	98.38	0	1.61	0	0	0	0
1428603797717965885	CPU_0	0	0	0	100.00	0	0	0	0	0	0
1428603798337704683	CPU_0	0	0	0	100.00	0	0	0	0	0	0
1428603798964203973	CPU_0	0	0	0	100.00	0	0	0	0	0	0
1428603799584534103	CPU_0	0	0	0	98.36	0	1.63	0	0	0	0
1428603800204508609	CPU_0	0	0	1.61	98.38	0	0	0	0	0	0
1428603800824058740	CPU_0	0	0	0	98.36	0	1.63	0	0	0	0
1428603801451830987	CPU_0	0	0	1.61	98.38	0	0	0	0	0	0
1428603802072505741	CPU_0	0	0	0	98.38	0	0	1.61	0	0	0
1428603802693177454	CPU_0	0	0	1.56	95.31	0	3.12	0	0	0	0
1428603803313161002	CPU_0	0	0	0	100.00	0	0	0	0	0	0
1428603803932862424	CPU_0	0	0	1.61	98.38	0	0	0	0	0	0
1428603804559937630	CPU_0	0	0	0	100.00	0	0	0	0	0	0
1428603805179416761	CPU_0	0	0	1.61	98.38	0	0	0	0	0	0
1428603805799146433	CPU_0	0	0	0	96.82	0	0	3.17	0	0	0
1428603806418874772	CPU_0	0	0	1.58	96.82	0	1.58	0	0	0	0
1428603807046206020	CPU_0	0	0	0	100.00	0	0	0	0	0	0
1428603807666509817	CPU_0	1.63	0	0	98.36	0	0	0	0	0	0
1428603808286970613	CPU_0	0	0	0	98.38	0	1.61	0	0	0	0
1428603808906750077	CPU_0	0	0	1.63	98.36	0	0	0	0	0	0
1428603809527299915	CPU_0	0	0	0	100.00	0	0	0	0	0	0
1428603810154094413	CPU_0	0	0	0	98.38	0	1.61	0	0	0	0
1428603810773564669	CPU_0	0	0	1.61	98.38	0	0	0	0	0	0
1428603811393948632	CPU_0	0	0	0	100.00	0	0	0	0	0	0
1428603812014628970	CPU_0	0	0	0	98.38	0	1.61	0	0	0	0
1428603812641131135	CPU_0	0	0	0	100.00	0	0	0	0	0	0
1428603813261157557	CPU_0	0	0	1.61	98.38	0	0	0	0	0	0
1428603813881228020	CPU_0	0	0	0	96.82	0	3.17	0	0	0	0
1428603814501297775	CPU_0	0	0	0	100.00	0	0	0	0	0	0
1428603815121524863	CPU_0	0	0	3.22	96.77	0	0	0	0	0	0
1428603815747244404	CPU_0	0	0	0	100.00	0	0	0	0	0	0
1428603816366166410	CPU_0	0	0	0	100.00	0	0	0	0	0	0
1428603816986207916	CPU_0	0	0	0	98.38	0	1.61	0	0	0	0
1428603817606392004	CPU_0	0	0	1.61	98.38	0	0	0	0	0	0
1428603818232233461	CPU_0	0	0	0	100.00	0	0	0	0	0	0
1428603818852044675	CPU_0	0	0	1.58	96.82	0	1.58	0	0	0	0
1428603819472055596	CPU_0	0	0	0	98.36	1.63	0	0	0	0	0
1428603820092727934	CPU_0	0	0	0	98.38	0	1.61	0	0	0	0
1428603820719085807	CPU_0	0	0	0	98.38	0	0	1.61	0	0	0
1428603821341560143	CPU_0	0	0	1.61	98.38	0	0	0	0	0	0
1428603821961787606	CPU_0	0	0	1.61	98.38	0	0	0	0	0	0
1428603822582321527	CPU_0	0	0	0	98.36	0	1.63	0	0	0	0
1428603823203112282	CPU_0	0	0	1.61	98.38	0	0	0	0	0	0
1428603823829601280	CPU_0	0	0	1.56	95.31	0	3.12	0	0	0	0
1428603824449725493	CPU_0	0	0	0	100.00	0	0	0	0	0	0
1428603825070460080	CPU_0	0	0	1.63	98.36	0	0	0	0	0	0
1428603825690906918	CPU_0	0	0	0	100.00	0	0	0	0	0	0
1428603826316276834	CPU_0	0	0	1.58	98.41	0	0	0	0	0	0
1428603826936476089	CPU_0	0	0	0	100.00	0	0	0	0	0	0
1428603827556747760	CPU_0	0	0	1.61	96.77	0	1.61	0	0	0	0
1428603828176941848	CPU_0	0	0	0	100.00	0	0	0	0	0	0
1428603828796313562	CPU_0	0	0	0	100.00	0	0	0	0	0	0
1428603829422673352	CPU_0	0	0	0	98.38	0	1.61	0	0	0	0
1428603830043173939	CPU_0	0	0	1.61	98.38	0	0	0	0	0	0
1428603830662961653	CPU_0	0	0	0	100.00	0	0	0	0	0	0
1428603831282668075	CPU_0	0	0	0	98.36	0	1.63	0	0	0	0
1428603831908544656	CPU_0	0	0	0	98.41	0	0	1.58	0	0	0
1428603832529009119	CPU_0	0	0	1.63	98.36	0	0	0	0	0	0
1428603833148972041	CPU_0	0	0	0	95.31	0	4.68	0	0	0	0
1428603833769079754	CPU_0	0	0	0	100.00	0	0	0	0	0	0
1428603834388734925	CPU_0	0	0	1.63	98.36	0	0	0	0	0	0
1428603835015487381	CPU_0	0	0	0	95.38	0	0	4.61	0	0	0
1428603835635691469	CPU_0	0	0	0	100.00	0	0	0	0	0	0
1428603836255418058	CPU_0	0	0	1.63	98.36	0	0	0	0	0	0
1428603836875169271	CPU_0	0	0	0	100.00	0	0	0	0	0	0
1428603837501189478	CPU_0	0	0	1.58	98.41	0	0	0	0	0	0
1428603838121937773	CPU_0	0	0	1.63	98.36	0	0	0	0	0	0
1428603838741769653	CPU_0	0	0	0	100.00	0	0	0	0	0	0
1428603839362305532	CPU_0	0	0	0	98.38	0	1.61	0	0	0	0
1428603839982861953	CPU_0	0	0	0	100.00	0	0	0	0	0	0
1428603840610095116	CPU_0	0	0	0	100.00	0	0	0	0	0	0
1428603841230432829	CPU_0	0	0	1.61	96.77	0	1.61	0	0	0	0
1428603841850208209	CPU_0	0	0	0	100.00	0	0	0	0	0	0
1428603842470122839	CPU_0	0	0	0	100.00	0	0	0	0	0	0
1428603843097713460	CPU_0	0	0	0	98.38	0	1.61	0	0	0	0
1428603843717907465	CPU_0	0	0	1.61	98.38	0	0	0	0	0	0
1428603844337975177	CPU_0	0	0	0	100.00	0	0	0	0	0	0
1428603844958126307	CPU_0	0	0	1.61	96.77	0	1.61	0	0	0	0
1428603845584991262	CPU_0	0	0	0	100.00	0	0	0	0	0	0
1428603846207981014	CPU_0	0	0	0	98.38	0	1.61	0	0	0	0
1428603846828814017	CPU_0	0	0	0	100.00	0	0	0	0	0	0
1428603847448448731	CPU_0	0	0	1.63	98.36	0	0	0	0	0	0
1428603848069365651	CPU_0	0	0	0	98.38	0	1.61	0	0	0	0
1428603848695692732	CPU_0	0	0	0	100.00	0	0	0	0	0	0
1428603849316455485	CPU_0	0	0	1.63	98.36	0	0	0	0	0	0
1428603849936683115	CPU_0	0	0	0	96.82	0	3.17	0	0	0	0
1428603850557197744	CPU_0	0	0	1.61	98.38	0	0	0	0	0	0
1428603851183381616	CPU_0	0	0	0	100.00	0	0	0	0	0	0
1428603851804082912	CPU_0	0	0	1.63	98.36	0	0	0	0	0	0
1428603852424362374	CPU_0	0	0	0	100.00	0	0	0	0	0	0
1428603853044920753	CPU_0	0	0	0	100.00	0	0	0	0	0	0
1428603853665174924	CPU_0	0	0	1.58	96.82	0	1.58	0	0	0	0
1428603854291391755	CPU_0	0	0	0	100.00	0	0	0	0	0	0
1428603854912570841	CPU_0	0	0	0	100.00	0	0	0	0	0	0
1428603855533345678	CPU_0	0	0	0	96.77	0	3.22	0	0	0	0
1428603856154750514	CPU_0	0	0	1.61	98.38	0	0	0	0	0	0
1428603856781467303	CPU_0	0	0	0	100.00	0	0	0	0	0	0
1428603857402106598	CPU_0	0	0	1.63	98.36	0	0	0	0	0	0
1428603858022990477	CPU_0	0	0	0	100.00	0	0	0	0	0	0
1428603858644319813	CPU_0	0	0	0	98.36	0	1.63	0	0	0	0
1428603859264849400	CPU_0	0	0	0	98.36	1.63	0	0	0	0	0
1428603859891682272	CPU_0	0	0	0	100.00	0	0	0	0	0	0
1428603860512416609	CPU_0	0	0	1.58	96.82	0	1.58	0	0	0	0
1428603861133288154	CPU_0	0	0	0	96.77	0	1.61	1.61	0	0	0
1428603861754052782	CPU_0	0	0	0	100.00	0	0	0	0	0	0
1428603862380349155	CPU_0	0	0	0	100.00	0	0	0	0	0	0
1428603863001185450	CPU_0	0	0	1.61	98.38	0	0	0	0	0	0
1428603863621970828	CPU_0	0	0	3.27	95.08	0	1.63	0	0	0	0
1428603864242908539	CPU_0	0	0	3.07	90.76	0	1.53	4.61	0	0	0
1428603864865308458	CPU_0	9.83	0	3.27	85.24	0	1.63	0	0	0	0
1428603865491891538	CPU_0	0	0	1.58	96.82	0	1.58	0	0	0	0
1428603866113317666	CPU_0	0	0	0	100.00	0	0	0	0	0	0
1428603866734055711	CPU_0	0	0	0	100.00	0	0	0	0	0	0
1428603867354595339	CPU_0	0	0	0	98.38	0	1.61	0	0	0	0
1428603867982283460	CPU_0	0	0	0	100.00	0	0	0	0	0	0
1428603868602788089	CPU_0	0	0	1.63	98.36	0	0	0	0	0	0
1428603869223965925	CPU_0	0	0	0	98.36	0	1.63	0	0	0	0
1428603869844603178	CPU_0	0	0	0	100.00	0	0	0	0	0	0
1428603870471511967	CPU_0	0	0	1.58	98.41	0	0	0	0	0	0
1428603871092800344	CPU_0	0	0	1.61	96.77	0	1.61	0	0	0	0
1428603871714013014	CPU_0	0	0	0	100.00	0	0	0	0	0	0
1428603872335175100	CPU_0	0	0	0	100.00	0	0	0	0	0	0
1428603872955927103	CPU_0	0	0	0	98.38	0	1.61	0	0	0	0
1428603873583591015	CPU_0	0	0	0	100.00	0	0	0	0	0	0
1428603874204242352	CPU_0	0	0	0	100.00	0	0	0	0	0	0
1428603874825280272	CPU_0	0	0	1.53	93.84	0	4.61	0	0	0	0
1428603875445935441	CPU_0	0	0	0	100.00	0	0	0	0	0	0
1428603876074087645	CPU_0	0	0	0	100.00	0	0	0	0	0	0
1428603876695146606	CPU_0	0	0	0	100.00	0	0	0	0	0	0
1428603877316271067	CPU_0	0	0	0	100.00	0	0	0	0	0	0
1428603877936822612	CPU_0	0	0	1.61	98.38	0	0	0	0	0	0
1428603878557522782	CPU_0	0	0	0	100.00	0	0	0	0	0	0
1428603879184844445	CPU_0	0	0	1.61	98.38	0	0	0	0	0	0
1428603879806234364	CPU_0	0	0	0	100.00	0	0	0	0	0	0
1428603880427240075	CPU_0	0	0	0	98.38	0	1.61	0	0	0	0
1428603881048109119	CPU_0	0	0	0	100.00	0	0	0	0	0	0
1428603881676503864	CPU_0	0	0	1.61	98.38	0	0	0	0	0	0
1428603882297162867	CPU_0	0	0	0	98.38	0	1.61	0	0	0	0
1428603882918285495	CPU_0	0	0	0	100.00	0	0	0	0	0	0
1428603883539757539	CPU_0	0	0	1.58	96.82	0	1.58	0	0	0	0
1428603884167568951	CPU_0	0	0	0	100.00	0	0	0	0	0	0
1428603884789030995	CPU_0	0	0	1.61	98.38	0	0	0	0	0	0
1428603885410242831	CPU_0	0	0	0	98.38	0	1.61	0	0	0	0
1428603886031527916	CPU_0	0	0	0	100.00	0	0	0	0	0	0
1428603886654315375	CPU_0	0	0	0	100.00	0	0	0	0	0	0
1428603887282630953	CPU_0	0	0	0	100.00	0	0	0	0	0	0
1428603887903884414	CPU_0	0	0	0	100.00	0	0	0	0	0	0
1428603888526124374	CPU_0	0	0	0	98.38	0	1.61	0	0	0	0
1428603889148331958	CPU_0	0	0	1.61	96.77	1.61	0	0	0	0	0
1428603889777143619	CPU_0	0	0	0	100.00	0	0	0	0	0	0
1428603890399106954	CPU_0	0	0	1.56	95.31	0	1.56	1.56	0	0	0
1428603891020963706	CPU_0	0	0	0	100.00	0	0	0	0	0	0
1428603891643929248	CPU_0	0	0	1.61	96.77	0	1.61	0	0	0	0
1428603892267463081	CPU_0	0	0	0	100.00	0	0	0	0	0	0
1428603892893713078	CPU_0	0	0	0	100.00	0	0	0	0	0	0
1428603893515412996	CPU_0	0	0	0	96.82	0	3.17	0	0	0	0
1428603894137493873	CPU_0	0	0	1.61	98.38	0	0	0	0	0	0
1428603894758760458	CPU_0	0	0	0	100.00	0	0	0	0	0	0
1428603895386487912	CPU_0	0	0	0	100.00	0	0	0	0	0	0
1428603896007622456	CPU_0	0	0	0	100.00	0	0	0	0	0	0
1428603896629350291	CPU_0	0	0	0	100.00	0	0	0	0	0	0
1428603897250827501	CPU_0	0	0	1.61	96.77	0	1.61	0	0	0	0
1428603897878294163	CPU_0	0	0	0	98.41	0	0	1.58	0	0	0
1428603898499832707	CPU_0	0	0	0	100.00	0	0	0	0	0	0
1428603899121624792	CPU_0	0	0	1.58	96.82	0	1.58	0	0	0	0
1428603899743054460	CPU_0	0	0	0	100.00	0	0	0	0	0	0
1428603900364520962	CPU_0	0	0	1.61	98.38	0	0	0	0	0	0
1428603900991834124	CPU_0	0	0	0	98.38	0	1.61	0	0	0	0
1428603901613792209	CPU_0	1.58	0	0	96.82	0	1.58	0	0	0	0
1428603902235713169	CPU_0	0	0	1.63	98.36	0	0	0	0	0	0
1428603902857846337	CPU_0	0	0	0	100.00	0	0	0	0	0	0
1428603903486390581	CPU_0	0	0	1.61	98.38	0	0	0	0	0	0
1428603904109051581	CPU_0	0	0	0	100.00	0	0	0	0	0	0
1428603904730383375	CPU_0	0	0	0	98.41	0	1.58	0	0	0	0
1428603905352249418	CPU_0	0	0	1.61	96.77	0	0	1.61	0	0	0
1428603905979678455	CPU_0	0	0	0	100.00	0	0	0	0	0	0
1428603906605174577	CPU_0	0	0	0	95.31	0	4.68	0	0	0	0
1428603907227483703	CPU_0	0	0	0	100.00	0	0	0	0	0	0
1428603907849569538	CPU_0	0	0	0	100.00	0	0	0	0	0	0
1428603908471550789	CPU_0	0	0	1.61	98.38	0	0	0	0	0	0
1428603909099941367	CPU_0	0	0	0	98.41	0	0	1.58	0	0	0
1428603909722565367	CPU_0	0	0	1.63	98.36	0	0	0	0	0	0
1428603910344600243	CPU_0	0	0	0	100.00	0	0	0	0	0	0
1428603910966720952	CPU_0	0	0	1.61	98.38	0	0	0	0	0	0
1428603911595510446	CPU_0	0	0	0	100.00	0	0	0	0	0	0
1428603912218666821	CPU_0	0	0	0	98.38	0	1.61	0	0	0	0
1428603912840934530	CPU_0	0	0	1.61	98.38	0	0	0	0	0	0
1428603913462595240	CPU_0	0	0	0	96.82	0	3.17	0	0	0	0
1428603914084460949	CPU_0	0	0	0	100.00	0	0	0	0	0	0
1428603914713440360	CPU_0	0	0	1.61	98.38	0	0	0	0	0	0
1428603915335373652	CPU_0	0	0	0	100.00	0	0	0	0	0	0
1428603915956763737	CPU_0	0	0	0	100.00	0	0	0	0	0	0
1428603916578177614	CPU_0	0	0	0	100.00	0	0	0	0	0	0
1428603917207572690	CPU_0	0	0	1.53	95.38	0	0	3.07	0	0	0
1428603917830202232	CPU_0	0	0	1.61	98.38	0	0	0	0	0	0
1428603918452094442	CPU_0	0	0	0	98.38	0	1.61	0	0	0	0
1428603919074811400	CPU_0	0	0	0	98.38	0	1.61	0	0	0	0
1428603919704687518	CPU_0	0	0	1.61	98.38	0	0	0	0	0	0
1428603920326907393	CPU_0	0	0	0	100.00	0	0	0	0	0	0
1428603920949124102	CPU_0	0	0	1.61	98.38	0	0	0	0	0	0
1428603921570244646	CPU_0	0	0	0	95.31	0	4.68	0	0	0	0
1428603922192556896	CPU_0	0	0	0	100.00	0	0	0	0	0	0
1428603922820937349	CPU_0	0	0	0	100.00	0	0	0	0	0	0
1428603923442645975	CPU_0	0	0	3.17	96.82	0	0	0	0	0	0
1428603924064555559	CPU_0	0	0	1.58	98.41	0	0	0	0	0	0
1428603924687470559	CPU_0	0	0	0	100.00	0	0	0	0	0	0
1428603925316069594	CPU_0	0	0	0	100.00	0	0	0	0	0	0
1428603925938016095	CPU_0	0	0	1.61	98.38	0	0	0	0	0	0
1428603926560315804	CPU_0	0	0	0	100.00	0	0	0	0	0	0
1428603927182581096	CPU_0	0	0	1.61	98.38	0	0	0	0	0	0
1428603927810670924	CPU_0	0	0	0	98.41	0	1.58	0	0	0	0
1428603928432392758	CPU_0	0	0	0	100.00	0	0	0	0	0	0
1428603929054336800	CPU_0	0	0	0	100.00	0	0	0	0	0	0
1428603929677806591	CPU_0	0	0	3.17	93.65	1.58	1.58	0	0	0	0
1428603930300350716	CPU_0	1.63	0	0	98.36	0	0	0	0	0	0
1428603930929183710	CPU_0	0	0	1.58	98.41	0	0	0	0	0	0
1428603931551249960	CPU_0	0	0	0	98.36	0	1.63	0	0	0	0
1428603932173935419	CPU_0	0	0	1.58	98.41	0	0	0	0	0	0
1428603932796194961	CPU_0	0	0	1.61	98.38	0	0	0	0	0	0
1428603933424544163	CPU_0	0	0	0	92.42	0	7.57	0	0	0	0
1428603934046518997	CPU_0	0	0	0	100.00	0	0	0	0	0	0
1428603934670258121	CPU_0	0	0	1.61	98.38	0	0	0	0	0	0
1428603935293097329	CPU_0	0	0	0	100.00	0	0	0	0	0	0
1428603935920912781	CPU_0	0	0	1.53	95.38	0	0	3.07	0	0	0
1428603936545464988	CPU_0	0	0	0	100.00	0	0	0	0	0	0
1428603937168131904	CPU_0	0	0	1.61	98.38	0	0	0	0	0	0
1428603937790747654	CPU_0	0	0	0	100.00	0	0	0	0	0	0
1428603938413141237	CPU_0	0	0	0	100.00	0	0	0	0	0	0
1428603939041434815	CPU_0	0	0	1.58	98.41	0	0	0	0	0	0
1428603939665056730	CPU_0	0	0	0	100.00	0	0	0	0	0	0
1428603940287129147	CPU_0	0	0	1.61	98.38	0	0	0	0	0	0
1428603940909232439	CPU_0	0	0	0	100.00	0	0	0	0	0	0
1428603941537102350	CPU_0	0	0	1.53	95.38	0	3.07	0	0	0	0
1428603942160069099	CPU_0	0	0	0	100.00	0	0	0	0	0	0
1428603942782419766	CPU_0	0	0	0	100.00	0	0	0	0	0	0
1428603943404739391	CPU_0	0	0	1.61	98.38	0	0	0	0	0	0
1428603944026460975	CPU_0	0	0	0	100.00	0	0	0	0	0	0
1428603944655639843	CPU_0	0	0	1.61	98.38	0	0	0	0	0	0
1428603945277586385	CPU_0	0	0	0	100.00	0	0	0	0	0	0
1428603945899691969	CPU_0	0	0	0	96.82	0	3.17	0	0	0	0
1428603946521771344	CPU_0	0	0	0	100.00	0	0	0	0	0	0
1428603947150137213	CPU_0	0	0	1.58	98.41	0	0	0	0	0	0
1428603947773251837	CPU_0	0	0	0	100.00	0	0	0	0	0	0
1428603948395677962	CPU_0	0	0	0	100.00	0	0	0	0	0	0
1428603949018104253	CPU_0	0	0	0	100.00	0	0	0	0	0	0
1428603949646825830	CPU_0	0	0	1.58	96.82	0	1.58	0	0	0	0
1428603950270402453	CPU_0	0	0	0	100.00	0	0	0	0	0	0
1428603950892988661	CPU_0	0	0	0	100.00	0	0	0	0	0	0
1428603951516241327	CPU_0	0	0	1.56	95.31	0	0	3.12	0	0	0
1428603952138265619	CPU_0	0	0	1.58	96.82	0	1.58	0	0	0	0
1428603952768751777	CPU_0	0	0	0	100.00	0	0	0	0	0	0
1428603953391135152	CPU_0	0	0	1.61	98.38	0	0	0	0	0	0
1428603954016480148	CPU_0	0	0	0	98.38	0	1.61	0	0	0	0
1428603954638762565	CPU_0	0	0	0	98.38	1.61	0	0	0	0	0
1428603955269521597	CPU_0	0	0	0	98.38	0	1.61	0	0	0	0
1428603955891435848	CPU_0	0	0	1.61	98.38	0	0	0	0	0	0
1428603956514078722	CPU_0	0	0	0	100.00	0	0	0	0	0	0
1428603957136895346	CPU_0	0	0	0	96.82	0	3.17	0	0	0	0
1428603957766959713	CPU_0	0	0	0	100.00	0	0	0	0	0	0
1428603958389949879	CPU_0	0	0	1.61	98.38	0	0	0	0	0	0
1428603959012746753	CPU_0	0	0	0	100.00	0	0	0	0	0	0
1428603959635698419	CPU_0	0	0	1.63	98.36	0	0	0	0	0	0
1428603960259466417	CPU_0	0	0	0	100.00	0	0	0	0	0	0
1428603960888189660	CPU_0	0	0	0	100.00	0	0	0	0	0	0
1428603961510273410	CPU_0	0	0	1.61	96.77	0	1.61	0	0	0	0
1428603962133239700	CPU_0	0	0	1.61	98.38	0	0	0	0	0	0
1428603962756283699	CPU_0	0	0	0	98.38	0	1.61	0	0	0	0
1428603963385967400	CPU_0	0	0	1.61	98.38	0	0	0	0	0	0
1428603964008115649	CPU_0	0	0	0	100.00	0	0	0	0	0	0
1428603964630932024	CPU_0	0	0	0	96.82	0	3.17	0	0	0	0
1428603965254543855	CPU_0	0	0	0	100.00	0	0	0	0	0	0
1428603965884043889	CPU_0	0	0	0	100.00	0	0	0	0	0	0
1428603966507538470	CPU_0	0	0	1.58	96.82	0	0	1.58	0	0	0
1428603967130778761	CPU_0	0	0	0	100.00	0	0	0	0	0	0
1428603967754964258	CPU_0	0	0	0	100.00	0	0	0	0	0	0
1428603968378052466	CPU_0	0	0	1.58	96.82	0	1.58	0	0	0	0
1428603969007047916	CPU_0	0	0	0	100.00	0	0	0	0	0	0
1428603969630794914	CPU_0	0	0	0	100.00	0	0	0	0	0	0
1428603970254285204	CPU_0	0	0	0	98.38	0	1.61	0	0	0	0
1428603970877220078	CPU_0	0	0	1.61	98.38	0	0	0	0	0	0
1428603971506034279	CPU_0	0	0	0	100.00	0	0	0	0	0	0
1428603972128673445	CPU_0	0	0	0	98.38	0	1.61	0	0	0	0
1428603972752188277	CPU_0	0	0	0	100.00	0	0	0	0	0	0
1428603973374685693	CPU_0	0	0	0	100.00	0	0	0	0	0	0
1428603974004225518	CPU_0	0	0	1.56	96.87	0	0	1.56	0	0	0
1428603974627307850	CPU_0	0	0	1.61	96.77	0	1.61	0	0	0	0
1428603975250576348	CPU_0	0	0	0	100.00	0	0	0	0	0	0
1428603975873347305	CPU_0	0	0	0	100.00	0	0	0	0	0	0
1428603976495868305	CPU_0	0	0	0	98.38	0	1.61	0	0	0	0
1428603977124798339	CPU_0	0	0	0	96.87	0	3.12	0	0	0	0
1428603977748151129	CPU_0	0	0	1.61	98.38	0	0	0	0	0	0
1428603978371072794	CPU_0	0	0	0	100.00	0	0	0	0	0	0
1428603978994183584	CPU_0	0	0	0	100.00	0	0	0	0	0	0
1428603979623435660	CPU_0	0	0	1.56	96.87	1.56	0	0	0	0	0
1428603980247257032	CPU_0	0	0	0	100.00	0	0	0	0	0	0
1428603980870582447	CPU_0	0	0	0	100.00	0	0	0	0	0	0
1428603981493129780	CPU_0	0	0	1.58	96.82	0	0	1.58	0	0	0
1428603982122278688	CPU_0	0	0	0	98.38	0	1.61	0	0	0	0
1428603982746860977	CPU_0	0	0	0	100.00	0	0	0	0	0	0
1428603983371049974	CPU_0	1.61	0	3.22	93.54	0	1.61	0	0	0	0
1428603983994755722	CPU_0	0	0	0	98.33	0	1.66	0	0	0	0
1428603984618751345	CPU_0	3.27	0	1.63	90.16	0	4.91	0	0	0	0
1428603985249568043	CPU_0	0	0	0	100.00	0	0	0	0	0	0
1428603985873099333	CPU_0	0	0	0	100.00	0	0	0	0	0	0
1428603986496722080	CPU_0	0	0	0	100.00	0	0	0	0	0	0
1428603987120413620	CPU_0	0	0	1.61	98.38	0	0	0	0	0	0
1428603987750733027	CPU_0	0	0	0	98.38	0	0	1.61	0	0	0
1428603988374455317	CPU_0	0	0	0	98.41	0	1.58	0	0	0	0
1428603988998432231	CPU_0	0	0	0	100.00	0	0	0	0	0	0
1428603989622613395	CPU_0	6.45	0	1.61	90.32	0	1.61	0	0	0	0
1428603990253396468	CPU_0	0	0	0	100.00	0	0	0	0	0	0
1428603990876954757	CPU_0	0	0	1.61	98.38	0	0	0	0	0	0
1428603991501242296	CPU_0	0	0	1.58	96.82	0	1.58	0	0	0	0
1428603992125345585	CPU_0	0	0	0	100.00	0	0	0	0	0	0
1428603992750078623	CPU_0	0	0	0	100.00	0	0	0	0	0	0
1428603993380046489	CPU_0	0	0	0	98.41	0	1.58	0	0	0	0
1428603994003775403	CPU_0	0	0	1.61	98.38	0	0	0	0	0	0
1428603994627753109	CPU_0	0	0	0	96.82	0	0	3.17	0	0	0
1428603995252697647	CPU_0	0	0	1.58	96.82	0	1.58	0	0	0	0
1428603995882995429	CPU_0	0	0	0	100.00	0	0	0	0	0	0
1428603996507066760	CPU_0	0	0	0	100.00	0	0	0	0	0	0
1428603997131234007	CPU_0	0	0	0	98.38	0	1.61	0	0	0	0
1428603997756667627	CPU_0	0	0	0	100.00	0	0	0	0	0	0
1428603998387597284	CPU_0	0	0	0	100.00	0	0	0	0	0	0
1428603999012836321	CPU_0	9.37	0	4.68	84.37	0	1.56	0	0	0	0
1428603999637332985	CPU_0	0	0	0	96.77	1.61	1.61	0	0	0	0
1428604000262066814	CPU_0	0	0	0	100.00	0	0	0	0	0	0
1428604000895647801	CPU_0	0	0	1.58	98.41	0	0	0	0	0	0
1428604001518987174	CPU_0	0	0	0	100.00	0	0	0	0	0	0
1428604002142663380	CPU_0	0	0	1.56	96.87	0	1.56	0	0	0	0
1428604002767844376	CPU_0	0	0	0	100.00	0	0	0	0	0	0
1428604003392215081	CPU_0	0	0	3.17	96.82	0	0	0	0	0	0
1428604004023174904	CPU_0	0	0	0	98.41	0	1.58	0	0	0	0
1428604004647711567	CPU_0	0	0	1.56	95.31	0	3.12	0	0	0	0
1428604005273004063	CPU_0	0	0	0	100.00	0	0	0	0	0	0
1428604005897366684	CPU_0	0	0	1.58	98.41	0	0	0	0	0	0
1428604006528892132	CPU_0	0	0	0	100.00	0	0	0	0	0	0
1428604007152984754	CPU_0	0	0	1.61	98.38	0	0	0	0	0	0
1428604007779181123	CPU_0	0	0	0	100.00	0	0	0	0	0	0
1428604008403537203	CPU_0	0	0	1.58	98.41	0	0	0	0	0	0
1428604009034426610	CPU_0	0	0	0	100.00	0	0	0	0	0	0
1428604009659553522	CPU_0	1.47	0	0	86.76	0	10.29	1.47	0	0	0
1428604010285221600	CPU_0	0	0	0	100.00	0	0	0	0	0	0
1428604010909823013	CPU_0	0	0	0	100.00	0	0	0	0	0	0
1428604011534775384	CPU_0	0	0	0	100.00	0	0	0	0	0	0
1428604012165462624	CPU_0	0	0	0	100.00	0	0	0	0	0	0
1428604012791884077	CPU_0	0	0	1.61	98.38	0	0	0	0	0	0
1428604013416678698	CPU_0	0	0	0	100.00	0	0	0	0	0	0
1428604014041814569	CPU_0	0	0	0	100.00	0	0	0	0	0	0
1428604014673539266	CPU_0	0	0	0	100.00	0	0	0	0	0	0
1428604015300101551	CPU_0	0	0	1.58	98.41	0	0	0	0	0	0
1428604015925502255	CPU_0	0	0	0	100.00	0	0	0	0	0	0
1428604016550772709	CPU_0	0	0	0	100.00	0	0	0	0	0	0
1428604017182279448	CPU_0	0	0	1.58	98.41	0	0	0	0	0	0
1428604017808136526	CPU_0	0	0	0	98.38	0	0	1.61	0	0	0
1428604018433139647	CPU_0	0	0	0	100.00	0	0	0	0	0	0
1428604019058273059	CPU_0	0	0	0	100.00	0	0	0	0	0	0
1428604019689462756	CPU_0	0	0	1.61	98.38	0	0	0	0	0	0
1428604020315448334	CPU_0	0	0	1.61	98.38	0	0	0	0	0	0
1428604020939906664	CPU_0	0	0	0	100.00	0	0	0	0	0	0
1428604021565053909	CPU_0	0	0	0	100.00	0	0	0	0	0	0
1428604022189904197	CPU_0	0	0	1.58	98.41	0	0	0	0	0	0
1428604022821840560	CPU_0	0	0	1.56	96.87	0	1.56	0	0	0	0
1428604023446350764	CPU_0	0	0	1.61	98.38	0	0	0	0	0	0
1428604024071311760	CPU_0	0	0	0	100.00	0	0	0	0	0	0
1428604024696044590	CPU_0	0	0	0	89.70	0	10.29	0	0	0	0
1428604025328102827	CPU_0	0	0	0	98.41	0	0	1.58	0	0	0
1428604025952473949	CPU_0	0	0	1.61	98.38	0	0	0	0	0	0
1428604026577600861	CPU_0	0	0	0	100.00	0	0	0	0	0	0
1428604027202390982	CPU_0	0	0	0	100.00	0	0	0	0	0	0
1428604027834578344	CPU_0	0	0	1.58	98.41	0	0	0	0	0	0
1428604028459221715	CPU_0	0	0	0	100.00	0	0	0	0	0	0
1428604029084939210	CPU_0	0	0	0	100.00	0	0	0	0	0	0
1428604029709931622	CPU_0	0	0	0	98.36	1.63	0	0	0	0	0
1428604030342393943	CPU_0	0	0	0	100.00	0	0	0	0	0	0
1428604030967912730	CPU_0	0	0	0	100.00	0	0	0	0	0	0
1428604031593786349	CPU_0	0	0	1.61	98.38	0	0	0	0	0	0
1428604032219399761	CPU_0	0	0	0	92.42	0	0	7.57	0	0	0
1428604032846791420	CPU_0	0	0	1.58	98.41	0	0	0	0	0	0
1428604033476780952	CPU_0	0	0	0	100.00	0	0	0	0	0	0
1428604034102303239	CPU_0	0	0	0	100.00	0	0	0	0	0	0
1428604034727418859	CPU_0	0	0	0	100.00	0	0	0	0	0	0
1428604035353879269	CPU_0	0	0	1.58	98.41	0	0	0	0	0	0
1428604035985172008	CPU_0	0	0	0	100.00	0	0	0	0	0	0
1428604036610609211	CPU_0	0	0	0	100.00	0	0	0	0	0	0
1428604037235995540	CPU_0	0	0	0	100.00	0	0	0	0	0	0
1428604037862240700	CPU_0	0	0	0	100.00	0	0	0	0	0	0
1428604038494242313	CPU_0	0	0	1.58	98.41	0	0	0	0	0	0
1428604039119428225	CPU_0	0	0	1.53	93.84	0	4.61	0	0	0	0
1428604039745011095	CPU_0	0	0	0	100.00	0	0	0	0	0	0
1428604040370923547	CPU_0	0	0	1.58	98.41	0	0	0	0	0	0
1428604041002643202	CPU_0	0	0	1.58	98.41	0	0	0	0	0	0
1428604041627740531	CPU_0	0	0	0	100.00	0	0	0	0	0	0
1428604042252576776	CPU_0	0	0	0	100.00	0	0	0	0	0	0
1428604042878395270	CPU_0	0	0	1.61	98.38	0	0	0	0	0	0
1428604043504895556	CPU_0	0	0	1.56	96.87	0	0	1.56	0	0	0
1428604044134624463	CPU_0	0	0	0	100.00	0	0	0	0	0	0
1428604044759867916	CPU_0	0	0	0	100.00	0	0	0	0	0	0
1428604045386024743	CPU_0	0	0	0	98.38	0	1.61	0	0	0	0
1428604046010718322	CPU_0	0	0	1.44	88.40	0	10.14	0	0	0	0
1428604046643963558	CPU_0	1.56	0	1.56	96.87	0	0	0	0	0	0
1428604047269659678	CPU_0	0	0	0	100.00	0	0	0	0	0	0
1428604047896281255	CPU_0	0	0	1.61	98.38	0	0	0	0	0	0
1428604048521295500	CPU_0	0	0	0	100.00	0	0	0	0	0	0
1428604049153213612	CPU_0	0	0	0	100.00	0	0	0	0	0	0
1428604049778060191	CPU_0	0	0	0	100.00	0	0	0	0	0	0
1428604050403730977	CPU_0	1.61	0	0	98.38	0	0	0	0	0	0
1428604051028863597	CPU_0	1.61	0	1.61	96.77	0	0	0	0	0	0
1428604051660294544	CPU_0	0	0	0	100.00	0	0	0	0	0	0
1428604052285305205	CPU_0	0	0	0	100.00	0	0	0	0	0	0
1428604052911196074	CPU_0	0	0	0	100.00	0	0	0	0	0	0
1428604053535430695	CPU_0	0	0	3.17	96.82	0	0	0	0	0	0
1428604054160540732	CPU_0	0	0	1.61	98.38	0	0	0	0	0	0
1428604054790519513	CPU_0	0	0	0	100.00	0	0	0	0	0	0
1428604055416773424	CPU_0	0	0	0	100.00	0	0	0	0	0	0
1428604056041190003	CPU_0	0	0	0	100.00	0	0	0	0	0	0
1428604056666398789	CPU_0	0	0	0	100.00	0	0	0	0	0	0
1428604057297600986	CPU_0	0	0	1.58	98.41	0	0	0	0	0	0
1428604057923877146	CPU_0	0	0	0	100.00	0	0	0	0	0	0
1428604058548992307	CPU_0	0	0	1.61	98.38	0	0	0	0	0	0
1428604059174515593	CPU_0	0	0	0	100.00	0	0	0	0	0	0
1428604059805942123	CPU_0	0	0	0	100.00	0	0	0	0	0	0
1428604060430533660	CPU_0	0	0	0	100.00	0	0	0	0	0	0
1428604061054795739	CPU_0	0	0	1.58	96.82	0	1.58	0	0	0	0
1428604061679273693	CPU_0	0	0	0	100.00	0	0	0	0	0	0
1428604062311725055	CPU_0	0	0	0	100.00	0	0	0	0	0	0
1428604062937813049	CPU_0	0	0	3.03	92.42	0	4.54	0	0	0	0
1428604063562546669	CPU_0	0	0	0	100.00	0	0	0	0	0	0
1428604064188021580	CPU_0	0	0	0	100.00	0	0	0	0	0	0
1428604064813322366	CPU_0	0	0	0	98.38	1.61	0	0	0	0	0
1428604065444419562	CPU_0	0	0	0	100.00	0	0	0	0	0	0
1428604066068810891	CPU_0	0	0	0	100.00	0	0	0	0	0	0
1428604066694336177	CPU_0	0	0	0	100.00	0	0	0	0	0	0
1428604067319989921	CPU_0	0	0	1.61	98.38	0	0	0	0	0	0
1428604067951963492	CPU_0	0	0	1.58	98.41	0	0	0	0	0	0
1428604068577357445	CPU_0	0	0	0	100.00	0	0	0	0	0	0
1428604069203236272	CPU_0	0	0	0	98.38	0	1.61	0	0	0	0
1428604069828850599	CPU_0	0	0	1.61	98.38	0	0	0	0	0	0
1428604070461157961	CPU_0	0	0	0	100.00	0	0	0	0	0	0
1428604071086006414	CPU_0	0	0	0	98.38	0	1.61	0	0	0	0
1428604071712012699	CPU_0	0	0	0	100.00	0	0	0	0	0	0
1428604072337222986	CPU_0	0	0	1.58	98.41	0	0	0	0	0	0
1428604072969250889	CPU_0	0	0	1.56	96.87	0	1.56	0	0	0	0
1428604073594469550	CPU_0	0	0	0	100.00	0	0	0	0	0	0
1428604074220645669	CPU_0	0	0	0	100.00	0	0	0	0	0	0
1428604074846990662	CPU_0	0	0	1.56	96.87	0	1.56	0	0	0	0
1428604075473039614	CPU_0	0	0	0	93.84	0	0	6.15	0	0	0
1428604076104735601	CPU_0	0	0	0	100.00	0	0	0	0	0	0
1428604076730624137	CPU_0	0	0	0	98.41	0	1.58	0	0	0	0
1428604077356721422	CPU_0	0	0	0	100.00	0	0	0	0	0	0
1428604077982567040	CPU_0	0	0	1.61	98.38	0	0	0	0	0	0
1428604078614989069	CPU_0	0	0	0	100.00	0	0	0	0	0	0
1428604079240810271	CPU_0	0	0	0	98.41	0	1.58	0	0	0	0
1428604079867310555	CPU_0	0	0	1.61	98.38	0	0	0	0	0	0
1428604080492557341	CPU_0	0	0	0	100.00	0	0	0	0	0	0
1428604081124613286	CPU_0	0	0	0	98.41	0	1.58	0	0	0	0
1428604081750284489	CPU_0	0	0	0	100.00	0	0	0	0	0	0
1428604082376989106	CPU_0	0	0	0	100.00	0	0	0	0	0	0
1428604083002928183	CPU_0	0	0	3.07	95.38	0	1.53	0	0	0	0
1428604083635184586	CPU_0	0	0	0	100.00	0	0	0	0	0	0
1428604084260785872	CPU_0	0	0	0	100.00	0	0	0	0	0	0
1428604084887733739	CPU_0	0	0	0	98.38	0	1.61	0	0	0	0
1428604085513487066	CPU_0	0	0	0	100.00	0	0	0	0	0	0
1428604086145256345	CPU_0	0	0	1.58	98.41	0	0	0	0	0	0
1428604086773254919	CPU_0	0	0	0	91.17	0	8.82	0	0	0	0
1428604087399966204	CPU_0	0	0	0	100.00	0	0	0	0	0	0
1428604088025508531	CPU_0	0	0	0	100.00	0	0	0	0	0	0
1428604088651431649	CPU_0	0	0	0	100.00	0	0	0	0	0	0
1428604089283392344	CPU_0	1.58	0	0	98.41	0	0	0	0	0	0
1428604089910684045	CPU_0	0	0	1.58	96.82	1.58	0	0	0	0	0
1428604090535607831	CPU_0	0	0	0	100.00	0	0	0	0	0	0
1428604091161405741	CPU_0	0	0	0	100.00	0	0	0	0	0	0
1428604091792974686	CPU_0	0	0	0	100.00	0	0	0	0	0	0
1428604092420008762	CPU_0	0	0	1.61	98.38	0	0	0	0	0	0
1428604093045461381	CPU_0	0	0	0	100.00	0	0	0	0	0	0
1428604093671692665	CPU_0	0	0	0	100.00	0	0	0	0	0	0
1428604094303285402	CPU_0	0	0	0	100.00	0	0	0	0	0	0
1428604094930774936	CPU_0	0	0	0	100.00	0	0	0	0	0	0
1428604095556307679	CPU_0	0	0	1.61	98.38	0	0	0	0	0	0
1428604096182618506	CPU_0	0	0	0	100.00	0	0	0	0	0	0
1428604096814478034	CPU_0	0	0	0	100.00	0	0	0	0	0	0
1428604097443656649	CPU_0	0	0	1.61	98.38	0	0	0	0	0	0
1428604098069291476	CPU_0	0	0	0	98.38	0	1.61	0	0	0	0
1428604098695536427	CPU_0	0	0	1.58	98.41	0	0	0	0	0	0
1428604099320742587	CPU_0	0	0	0	89.70	0	10.29	0	0	0	0
1428604099954065781	CPU_0	0	0	1.61	98.38	0	0	0	0	0	0
1428604100579189108	CPU_0	0	0	0	100.00	0	0	0	0	0	0
1428604101204940185	CPU_0	0	0	0	100.00	0	0	0	0	0	0
1428604101829835096	CPU_0	0	0	1.63	98.36	0	0	0	0	0	0
1428604102463505497	CPU_0	0	0	1.58	98.41	0	0	0	0	0	0
1428604103088929908	CPU_0	0	0	1.58	98.41	0	0	0	0	0	0
1428604103715365150	CPU_0	0	0	0	100.00	0	0	0	0	0	0
1428604104341134102	CPU_0	0	0	0	100.00	0	0	0	0	0	0
1428604104974972211	CPU_0	0	0	1.58	96.82	1.58	0	0	0	0	0
1428604105601166704	CPU_0	12.90	0	1.61	85.48	0	0	0	0	0	0
1428604106227969988	CPU_0	0	0	1.61	98.38	0	0	0	0	0	0
1428604106853299065	CPU_0	0	0	0	100.00	0	0	0	0	0	0
1428604107491416045	CPU_0	0	0	0	100.00	0	0	0	0	0	0
1428604108117301288	CPU_0	0	0	0	98.38	0	1.61	0	0	0	0
1428604108744148155	CPU_0	0	0	1.42	88.57	0	0	10.00	0	0	0
1428604109370140814	CPU_0	4.91	0	3.27	91.80	0	0	0	0	0	0
1428604109998346180	CPU_0	0	0	1.56	96.87	0	1.56	0	0	0	0
1428604110631125457	CPU_0	0	0	0	93.84	0	6.15	0	0	0	0
1428604111258259657	CPU_0	0	0	0	100.00	0	0	0	0	0	0
1428604111885173941	CPU_0	0	0	0	100.00	0	0	0	0	0	0
1428604112512057599	CPU_0	0	0	3.22	96.77	0	0	0	0	0	0
1428604113145190334	CPU_0	1.58	0	0	98.41	0	0	0	0	0	0
1428604113772204159	CPU_0	0	0	0	100.00	0	0	0	0	0	0
1428604114398843526	CPU_0	0	0	1.61	98.38	0	0	0	0	0	0
1428604115024869894	CPU_0	0	0	0	100.00	0	0	0	0	0	0
1428604115657149172	CPU_0	0	0	0	100.00	0	0	0	0	0	0
1428604116283468873	CPU_0	0	0	0	100.00	0	0	0	0	0	0
1428604116910557739	CPU_0	0	0	1.61	98.38	0	0	0	0	0	0
1428604117537083273	CPU_0	0	0	0	100.00	0	0	0	0	0	0
1428604118169765842	CPU_0	0	0	0	100.00	0	0	0	0	0	0
1428604118796558917	CPU_0	0	0	1.61	98.38	0	0	0	0	0	0
1428604119422909868	CPU_0	0	0	0	100.00	0	0	0	0	0	0
1428604120049543401	CPU_0	0	0	0	98.41	0	1.58	0	0	0	0
1428604120677998350	CPU_0	0	0	1.49	91.04	0	7.46	0	0	0	0
1428604121308944921	CPU_0	0	0	0	100.00	0	0	0	0	0	0
1428604121935405871	CPU_0	0	0	0	100.00	0	0	0	0	0	0
1428604122562258946	CPU_0	0	0	1.61	98.38	0	0	0	0	0	0
1428604123187659689	CPU_0	0	0	1.58	98.41	0	0	0	0	0	0
1428604123820416300	CPU_0	0	0	1.58	98.41	0	0	0	0	0	0
1428604124446798084	CPU_0	0	0	1.61	98.38	0	0	0	0	0	0
1428604125072709451	CPU_0	0	0	0	100.00	0	0	0	0	0	0
1428604125698981694	CPU_0	0	0	0	100.00	0	0	0	0	0	0
1428604126331521346	CPU_0	0	0	0	100.00	0	0	0	0	0	0
1428604126959228420	CPU_0	0	0	0	100.00	0	0	0	0	0	0
1428604127586018620	CPU_0	0	0	1.58	98.41	0	0	0	0	0	0
1428604128212689362	CPU_0	0	0	0	100.00	0	0	0	0	0	0
1428604128845541638	CPU_0	0	0	0	100.00	0	0	0	0	0	0
1428604129472263172	CPU_0	0	0	0	100.00	0	0	0	0	0	0
1428604130098788705	CPU_0	0	0	0	100.00	0	0	0	0	0	0
1428604130725486073	CPU_0	0	0	0	100.00	0	0	0	0	0	0
1428604131357658891	CPU_0	0	0	0	100.00	0	0	0	0	0	0
1428604131984210508	CPU_0	0	0	0	98.38	0	1.61	0	0	0	0
1428604132610304501	CPU_0	0	0	1.58	98.41	0	0	0	0	0	0
1428604133236549409	CPU_0	0	0	0	100.00	0	0	0	0	0	0
1428604133862945026	CPU_0	0	0	0	98.41	0	1.58	0	0	0	0
1428604134496193678	CPU_0	0	0	1.58	96.82	1.58	0	0	0	0	0
1428604135121928587	CPU_0	0	0	0	100.00	0	0	0	0	0	0
1428604135748711120	CPU_0	0	0	1.58	96.82	0	1.58	0	0	0	0
1428604136375318445	CPU_0	0	0	0	100.00	0	0	0	0	0	0
1428604137008724388	CPU_0	0	0	0	100.00	0	0	0	0	0	0
1428604137635011338	CPU_0	0	0	0	98.38	0	1.61	0	0	0	0
1428604138261384580	CPU_0	0	0	0	100.00	0	0	0	0	0	0
1428604138887482864	CPU_0	0	0	0	100.00	0	0	0	0	0	0
1428604139520757015	CPU_0	0	0	1.56	96.87	0	1.56	0	0	0	0
1428604140146458966	CPU_0	0	0	0	100.00	0	0	0	0	0	0
1428604140772917417	CPU_0	0	0	0	100.00	0	0	0	0	0	0
1428604141399080867	CPU_0	0	0	1.58	96.82	0	1.58	0	0	0	0
1428604142032040185	CPU_0	0	0	0	100.00	0	0	0	0	0	0
1428604142658514343	CPU_0	0	0	1.58	96.82	0	1.58	0	0	0	0
1428604143284959919	CPU_0	0	0	0	100.00	0	0	0	0	0	0
1428604143911652872	CPU_0	0	0	1.61	98.38	0	0	0	0	0	0
1428604144544670895	CPU_0	0	0	0	98.41	1.58	0	0	0	0	0
1428604145174020175	CPU_0	0	0	0	100.00	0	0	0	0	0	0
1428604145801231874	CPU_0	0	0	0	92.42	0	7.57	0	0	0	0
1428604146427964074	CPU_0	0	0	0	100.00	0	0	0	0	0	0
1428604147054404024	CPU_0	0	0	0	100.00	0	0	0	0	0	0
1428604147687542300	CPU_0	0	0	1.58	98.41	0	0	0	0	0	0
1428604148313583709	CPU_0	0	0	0	100.00	0	0	0	0	0	0
1428604148940027367	CPU_0	0	0	1.61	98.38	0	0	0	0	0	0
1428604149566551109	CPU_0	0	0	0	100.00	0	0	0	0	0	0
1428604150198523219	CPU_0	0	0	0	100.00	0	0	0	0	0	0
1428604150825186586	CPU_0	0	0	0	100.00	0	0	0	0	0	0
1428604151451528994	CPU_0	0	0	1.58	98.41	0	0	0	0	0	0
1428604152078303652	CPU_0	0	0	0	100.00	0	0	0	0	0	0
1428604152711073095	CPU_0	0	0	0	100.00	0	0	0	0	0	0
1428604153338245128	CPU_0	0	0	0	100.00	0	0	0	0	0	0
1428604153965061911	CPU_0	0	0	1.61	98.38	0	0	0	0	0	0
1428604154592410484	CPU_0	0	0	0	93.93	0	6.06	0	0	0	0
1428604155225300469	CPU_0	0	0	1.61	98.38	0	0	0	0	0	0
1428604155852876251	CPU_0	0	0	1.61	98.38	0	0	0	0	0	0
1428604156479889117	CPU_0	0	0	0	100.00	0	0	0	0	0	0
1428604157107045066	CPU_0	0	0	0	100.00	0	0	0	0	0	0
1428604157733835557	CPU_0	0	0	1.58	98.41	0	0	0	0	0	0
1428604158366252584	CPU_0	0	0	1.58	98.41	0	0	0	0	0	0
1428604158993442700	CPU_0	0	0	0	100.00	0	0	0	0	0	0
1428604159621441814	CPU_0	0	0	0	100.00	0	0	0	0	0	0
1428604160248474347	CPU_0	0	0	0	100.00	0	0	0	0	0	0
1428604160882315705	CPU_0	0	0	0	100.00	0	0	0	0	0	0
1428604161509589362	CPU_0	0	0	0	100.00	0	0	0	0	0	0
1428604162137148561	CPU_0	0	0	1.61	98.38	0	0	0	0	0	0
1428604162763094553	CPU_0	0	0	0	100.00	0	0	0	0	0	0
1428604163396899370	CPU_0	0	0	0	98.41	0	1.58	0	0	0	0
1428604164024065985	CPU_0	0	0	1.58	96.82	0	0	1.58	0	0	0
1428604164651306934	CPU_0	0	0	1.58	98.41	0	0	0	0	0	0
1428604165277317259	CPU_0	0	0	0	98.38	0	1.61	0	0	0	0
1428604165911352909	CPU_0	0	0	0	93.93	0	6.06	0	0	0	0
1428604166538858691	CPU_0	0	0	1.58	98.41	0	0	0	0	0	0
1428604167165709473	CPU_0	0	0	0	100.00	0	0	0	0	0	0
1428604167792217131	CPU_0	0	0	0	100.00	0	0	0	0	0	0
1428604168425768157	CPU_0	0	0	1.56	98.43	0	0	0	0	0	0
1428604169052958772	CPU_0	0	0	1.61	98.38	0	0	0	0	0	0
1428604169680396096	CPU_0	0	0	1.58	96.82	1.58	0	0	0	0	0
1428604170307161753	CPU_0	1.63	0	0	98.36	0	0	0	0	0	0
1428604170935902700	CPU_0	0	0	0	100.00	0	0	0	0	0	0
1428604171567743352	CPU_0	0	0	0	100.00	0	0	0	0	0	0
1428604172195349509	CPU_0	0	0	1.58	96.82	0	0	1.58	0	0	0
1428604172821842000	CPU_0	0	0	0	100.00	0	0	0	0	0	0
1428604173449571073	CPU_0	0	0	1.63	98.36	0	0	0	0	0	0
1428604174083496057	CPU_0	0	0	0	100.00	0	0	0	0	0	0
1428604174711423338	CPU_0	0	0	1.56	96.87	0	1.56	0	0	0	0
1428604175340012702	CPU_0	0	0	1.61	98.38	0	0	0	0	0	0
1428604175968967482	CPU_0	0	0	0	100.00	0	0	0	0	0	0
1428604176603339964	CPU_0	0	0	0	98.41	0	1.58	0	0	0	0
1428604177230614913	CPU_0	0	0	0	100.00	0	0	0	0	0	0
1428604177858172361	CPU_0	0	0	0	100.00	0	0	0	0	0	0
1428604178486230225	CPU_0	0	0	0	100.00	0	0	0	0	0	0
1428604179120116167	CPU_0	0	0	1.56	96.87	0	1.56	0	0	0	0
1428604179747228824	CPU_0	0	0	0	98.38	0	0	1.61	0	0	0
1428604180375417480	CPU_0	0	0	1.58	98.41	0	0	0	0	0	0
1428604181004550468	CPU_0	0	0	0	98.41	0	1.58	0	0	0	0
1428604181638577784	CPU_0	0	0	1.58	98.41	0	0	0	0	0	0
1428604182266059607	CPU_0	0	0	1.61	98.38	0	0	0	0	0	0
1428604182894384596	CPU_0	0	0	0	98.41	0	1.58	0	0	0	0
1428604183522357919	CPU_0	0	0	3.12	96.87	0	0	0	0	0	0
1428604184156225485	CPU_0	0	0	0	100.00	0	0	0	0	0	0
1428604184784086683	CPU_0	0	0	0	98.38	0	1.61	0	0	0	0
1428604185411590548	CPU_0	0	0	0	100.00	0	0	0	0	0	0
1428604186039308121	CPU_0	0	0	0	100.00	0	0	0	0	0	0
1428604186673575437	CPU_0	0	0	1.58	98.41	0	0	0	0	0	0
1428604187303010966	CPU_0	0	0	0	98.41	0	1.58	0	0	0	0
1428604187931101080	CPU_0	0	0	0	98.38	0	0	1.61	0	0	0
1428604188558662153	CPU_0	0	0	0	100.00	0	0	0	0	0	0
1428604189186180226	CPU_0	0	0	0	98.41	0	1.58	0	0	0	0
1428604189819570626	CPU_0	0	0	0	100.00	0	0	0	0	0	0
1428604190447280199	CPU_0	0	0	0	100.00	0	0	0	0	0	0
1428604191075367022	CPU_0	0	0	0	98.41	0	1.58	0	0	0	0
1428604191703756052	CPU_0	0	0	1.61	98.38	0	0	0	0	0	0
1428604192337730326	CPU_0	0	0	0	100.00	0	0	0	0	0	0
1428604192966245857	CPU_0	0	0	0	98.41	0	1.58	0	0	0	0
1428604193594261179	CPU_0	0	0	0	100.00	0	0	0	0	0	0
1428604194222411126	CPU_0	0	0	0	100.00	0	0	0	0	0	0
1428604194856096026	CPU_0	0	0	1.56	96.87	0	1.56	0	0	0	0
1428604195483991557	CPU_0	0	0	1.42	88.57	0	0	10.00	0	0	0
1428604196111007880	CPU_0	0	0	0	100.00	0	0	0	0	0	0
1428604196738433953	CPU_0	0	0	0	100.00	0	0	0	0	0	0
1428604197371867812	CPU_0	0	0	1.56	96.87	0	1.56	0	0	0	0
1428604198000193050	CPU_0	0	0	0	92.53	0	7.46	0	0	0	0
1428604198628105289	CPU_0	0	0	0	100.00	0	0	0	0	0	0
1428604199255806196	CPU_0	0	0	0	100.00	0	0	0	0	0	0
1428604199888170847	CPU_0	0	0	1.58	98.41	0	0	0	0	0	0
1428604200516765793	CPU_0	0	0	0	100.00	0	0	0	0	0	0
1428604201144754949	CPU_0	1.61	0	0	98.38	0	0	0	0	0	0
1428604201773096688	CPU_0	0	0	1.58	98.41	0	0	0	0	0	0
1428604202402154259	CPU_0	0	0	0	100.00	0	0	0	0	0	0
1428604203035166242	CPU_0	0	0	0	100.00	0	0	0	0	0	0
1428604203662392149	CPU_0	0	0	3.17	96.82	0	0	0	0	0	0
1428604204290572012	CPU_0	0	0	0	100.00	0	0	0	0	0	0
1428604204917994252	CPU_0	0	0	0	98.38	1.61	0	0	0	0	0
1428604205553536691	CPU_0	0	0	1.56	98.43	0	0	0	0	0	0
1428604206180889722	CPU_0	0	0	0	100.00	0	0	0	0	0	0
1428604206808547212	CPU_0	0	0	0	100.00	0	0	0	0	0	0
1428604207437357783	CPU_0	0	0	1.61	98.38	0	0	0	0	0	0
1428604208072883639	CPU_0	0	0	0	98.38	0	1.61	0	0	0	0
1428604208701369710	CPU_0	0	0	1.58	98.41	0	0	0	0	0	0
1428604209329723657	CPU_0	0	0	0	100.00	0	0	0	0	0	0
1428604209957994979	CPU_0	0	0	0	98.36	0	1.63	0	0	0	0
1428604210593283252	CPU_0	0	0	0	98.43	0	1.56	0	0	0	0
1428604211221790073	CPU_0	0	0	1.61	98.38	0	0	0	0	0	0
1428604211849222604	CPU_0	0	0	0	100.00	0	0	0	0	0	0
1428604212476926427	CPU_0	0	0	0	95.38	0	4.61	0	0	0	0
1428604213111752325	CPU_0	0	0	0	100.00	0	0	0	0	0	0
1428604213739899688	CPU_0	0	0	1.58	98.41	0	0	0	0	0	0
1428604214368141468	CPU_0	0	0	0	100.00	0	0	0	0	0	0
1428604214995797708	CPU_0	0	0	0	100.00	0	0	0	0	0	0
1428604215630959772	CPU_0	0	0	0	100.00	0	0	0	0	0	0
1428604216258965344	CPU_0	0	0	0	100.00	0	0	0	0	0	0
1428604216886550250	CPU_0	0	0	0	100.00	0	0	0	0	0	0
1428604217514106072	CPU_0	0	0	1.61	98.38	0	0	0	0	0	0
1428604218148491846	CPU_0	0	0	0	100.00	0	0	0	0	0	0
1428604218779449789	CPU_0	0	0	1.56	98.43	0	0	0	0	0	0
1428604219407219820	CPU_0	0	0	0	98.38	0	1.61	0	0	0	0
1428604220036207849	CPU_0	0	0	0	96.82	1.58	1.58	0	0	0	0
1428604220663934338	CPU_0	0	0	1.58	98.41	0	0	0	0	0	0
1428604221298436278	CPU_0	0	0	0	100.00	0	0	0	0	0	0
1428604221926174225	CPU_0	0	0	0	100.00	0	0	0	0	0	0
1428604222555006630	CPU_0	0	0	0	100.00	0	0	0	0	0	0
1428604223183003952	CPU_0	0	0	1.58	95.23	0	3.17	0	0	0	0
1428604223818123016	CPU_0	0	0	1.63	98.36	0	0	0	0	0	0
1428604224445982963	CPU_0	0	0	0	96.72	0	3.27	0	0	0	0
1428604225075151825	CPU_0	8.19	0	3.27	88.52	0	0	0	0	0	0
1428604225703940188	CPU_0	0	0	0	92.42	0	7.57	0	0	0	0
1428604226339005294	CPU_0	0	0	0	100.00	0	0	0	0	0	0
1428604226966261616	CPU_0	0	0	0	100.00	0	0	0	0	0	0
1428604227595699853	CPU_0	0	0	0	100.00	0	0	0	0	0	0
1428604228223433342	CPU_0	0	0	1.58	98.41	0	0	0	0	0	0
1428604228858681073	CPU_0	0	0	1.58	98.41	0	0	0	0	0	0
1428604229486278395	CPU_0	6.45	0	1.61	91.93	0	0	0	0	0	0
1428604230115122966	CPU_0	0	0	0	100.00	0	0	0	0	0	0
1428604230743050246	CPU_0	0	0	0	100.00	0	0	0	0	0	0
1428604231377835477	CPU_0	0	0	0	100.00	0	0	0	0	0	0
1428604232005504883	CPU_0	0	0	0	100.00	0	0	0	0	0	0
1428604232634454995	CPU_0	0	0	1.58	98.41	0	0	0	0	0	0
1428604233262593441	CPU_0	1.58	0	0	98.41	0	0	0	0	0	0
1428604233898320421	CPU_0	0	0	0	100.00	0	0	0	0	0	0
1428604234526611493	CPU_0	0	0	0	98.38	0	1.61	0	0	0	0
1428604235155518689	CPU_0	0	0	1.61	98.38	0	0	0	0	0	0
1428604235782922344	CPU_0	0	0	1.58	98.41	0	0	0	0	0	0
1428604236411209332	CPU_0	0	0	0	98.38	0	1.61	0	0	0	0
1428604237045210231	CPU_0	0	0	0	100.00	0	0	0	0	0	0
1428604237673517802	CPU_0	0	0	0	100.00	0	0	0	0	0	0
1428604238301659624	CPU_0	0	0	1.61	98.38	0	0	0	0	0	0
1428604238930069611	CPU_0	0	0	1.56	96.87	0	1.56	0	0	0	0
1428604239565002675	CPU_0	0	0	0	95.38	0	4.61	0	0	0	0
1428604240193596788	CPU_0	0	0	0	100.00	0	0	0	0	0	0
1428604240821671360	CPU_0	0	0	0	100.00	0	0	0	0	0	0
1428604241450272181	CPU_0	0	0	0	100.00	0	0	0	0	0	0
1428604242085405078	CPU_0	0	0	1.61	98.38	0	0	0	0	0	0
1428604242713769732	CPU_0	0	0	1.58	98.41	0	0	0	0	0	0
1428604243341593971	CPU_0	0	0	3.17	96.82	0	0	0	0	0	0
1428604243969155668	CPU_0	0	0	0	100.00	0	0	0	0	0	0
1428604244604677856	CPU_0	0	0	0	100.00	0	0	0	0	0	0
1428604245232399719	CPU_0	0	0	0	98.36	1.63	0	0	0	0	0
1428604245860619374	CPU_0	0	0	1.58	98.41	0	0	0	0	0	0
1428604246488207946	CPU_0	0	0	0	98.41	0	1.58	0	0	0	0
1428604247123592426	CPU_0	0	0	0	98.41	0	1.58	0	0	0	0
1428604247751583748	CPU_0	0	0	0	100.00	0	0	0	0	0	0
1428604248379836735	CPU_0	0	0	1.58	96.82	0	0	1.58	0	0	0
1428604249007365266	CPU_0	0	0	0	100.00	0	0	0	0	0	0
1428604249641966788	CPU_0	0	0	0	100.00	0	0	0	0	0	0
1428604250270278151	CPU_0	0	0	0	98.38	0	1.61	0	0	0	0
1428604250897801098	CPU_0	0	0	0	100.00	0	0	0	0	0	0
1428604251525879294	CPU_0	0	0	0	100.00	0	0	0	0	0	0
1428604252159847609	CPU_0	0	0	1.49	92.53	0	1.49	4.47	0	0	0
1428604252790380678	CPU_0	0	0	0	100.00	0	0	0	0	0	0
1428604253418477707	CPU_0	0	0	1.61	98.38	0	0	0	0	0	0
1428604254046294612	CPU_0	0	0	0	95.38	0	4.61	0	0	0	0
1428604254674925683	CPU_0	0	0	1.58	98.41	0	0	0	0	0	0
1428604255309549830	CPU_0	0	0	1.58	98.41	0	0	0	0	0	0
1428604255937802360	CPU_0	0	0	0	100.00	0	0	0	0	0	0
1428604256566417639	CPU_0	0	0	0	100.00	0	0	0	0	0	0
1428604257195235834	CPU_0	0	0	1.61	98.38	0	0	0	0	0	0
1428604257830091773	CPU_0	0	0	0	100.00	0	0	0	0	0	0
1428604258458813635	CPU_0	0	0	0	100.00	0	0	0	0	0	0
1428604259088099455	CPU_0	0	0	0	100.00	0	0	0	0	0	0
1428604259716654026	CPU_0	0	0	0	100.00	0	0	0	0	0	0
1428604260351765797	CPU_0	0	0	0	98.41	0	1.58	0	0	0	0
1428604260980297160	CPU_0	0	0	1.58	98.41	0	0	0	0	0	0
1428604261610523187	CPU_0	0	0	0	100.00	0	0	0	0	0	0
1428604262238277633	CPU_0	0	0	0	96.82	0	3.17	0	0	0	0
1428604262873170989	CPU_0	0	0	1.58	98.41	0	0	0	0	0	0
1428604263501089560	CPU_0	0	0	1.58	98.41	0	0	0	0	0	0
1428604264130783046	CPU_0	0	0	0	100.00	0	0	0	0	0	0
1428604264757855160	CPU_0	0	0	0	100.00	0	0	0	0	0	0
1428604265393172723	CPU_0	0	0	1.58	98.41	0	0	0	0	0	0
1428604266020770003	CPU_0	0	0	0	98.38	0	1.61	0	0	0	0
1428604266650985863	CPU_0	0	0	0	100.00	0	0	0	0	0	0
1428604267278975226	CPU_0	0	0	0	100.00	0	0	0	0	0	0
1428604267914053623	CPU_0	0	0	0	98.41	0	1.58	0	0	0	0
1428604268541409778	CPU_0	0	0	1.58	98.41	0	0	0	0	0	0
1428604269171457388	CPU_0	0	0	0	100.00	0	0	0	0	0	0
1428604269799167376	CPU_0	0	0	1.56	96.87	0	1.56	0	0	0	0
1428604270433962398	CPU_0	0	0	1.61	98.38	0	0	0	0	0	0
1428604271064291800	CPU_0	0	0	0	100.00	0	0	0	0	0	0
1428604271694181744	CPU_0	0	0	0	98.41	0	1.58	0	0	0	0
1428604272322444148	CPU_0	0	0	0	100.00	0	0	0	0	0	0
1428604272951944967	CPU_0	0	0	1.58	98.41	0	0	0	0	0	0
1428604273586243323	CPU_0	0	0	0	96.87	0	3.12	0	0	0	0
1428604274216054392	CPU_0	0	0	0	100.00	0	0	0	0	0	0
1428604274843500172	CPU_0	0	0	0	100.00	0	0	0	0	0	0
1428604275472106617	CPU_0	0	0	0	98.36	1.63	0	0	0	0	0
1428604276107714555	CPU_0	0	0	1.56	96.87	0	1.56	0	0	0	0
1428604276736522959	CPU_0	0	0	0	100.00	0	0	0	0	0	0
1428604277365323070	CPU_0	0	0	1.61	98.38	0	0	0	0	0	0
1428604277994082015	CPU_0	0	0	1.56	96.87	0	1.56	0	0	0	0
1428604278629612536	CPU_0	0	0	1.58	98.41	0	0	0	0	0	0
1428604279258799231	CPU_0	0	0	0	98.41	0	0	1.58	0	0	0
1428604279887115426	CPU_0	0	0	0	100.00	0	0	0	0	0	0
1428604280515813747	CPU_0	0	0	0	100.00	0	0	0	0	0	0
1428604281151334226	CPU_0	0	0	1.56	96.87	0	1.56	0	0	0	0
1428604281780188421	CPU_0	0	0	0	100.00	0	0	0	0	0	0
1428604282407900867	CPU_0	0	0	0	100.00	0	0	0	0	0	0
1428604283036646729	CPU_0	0	0	1.56	96.87	0	1.56	0	0	0	0
1428604283671717625	CPU_0	0	0	0	100.00	0	0	0	0	0	0
1428604284300732320	CPU_0	0	0	1.61	98.38	0	0	0	0	0	0
