#Timestamp	CPU_ID	user%	nice%	sys%	idle%	iowait%	irq%	softiq%	steal%	guest%	guest_nice%
1419928403957009894	CPU_0	81.70	0	15.85	0	1.21	0	1.21	0	0	
1419928405381374536	CPU_0	95.13	0	4.16	0	0	0	.69	0	0	
1419928406780220904	CPU_0	94.28	0	2.85	0	0	2.14	.71	0	0	
1419928408208898869	CPU_0	95.77	0	2.81	0	0	1.40	0	0	0	
1419928409609074983	CPU_0	93.61	0	3.54	0	0	2.12	.70	0	0	
1419928411044483517	CPU_0	96.50	0	1.39	0	0	1.39	.69	0	0	
1419928412447909040	CPU_0	94.32	0	2.83	0	0	2.12	.70	0	0	
1419928413885411693	CPU_0	95.10	0	2.79	0	0	1.39	.69	0	0	
1419928415296241992	CPU_0	95.71	0	2.85	0	0	1.42	0	0	0	
1419928416737312095	CPU_0	93.10	0	4.13	0	0	2.06	.68	0	0	
1419928418145022859	CPU_0	92.90	0	4.25	0	0	2.12	.70	0	0	
1419928419587937958	CPU_0	93.79	0	3.44	0	0	2.06	.68	0	0	
1419928421000459419	CPU_0	96.42	0	2.14	0	0	1.42	0	0	0	
1419928422446046845	CPU_0	95.13	0	2.08	0	0	2.08	.69	0	0	
1419928423861549216	CPU_0	80.41	0	12.58	0	0	6.29	.69	0	0	
1419928425309614137	CPU_0	93.79	0	2.75	0	0	2.75	.68	0	0	
1419928426722512847	CPU_0	92.95	0	4.22	0	0	2.11	.70	0	0	
1419928428168624022	CPU_0	93.75	0	3.47	0	0	2.08	.69	0	0	
1419928429584907808	CPU_0	93.61	0	4.25	0	0	1.41	.70	0	0	
1419928431036946428	CPU_0	95.86	0	2.06	0	0	2.06	0	0	0	
1419928432461054779	CPU_0	94.40	0	3.49	0	0	1.39	.69	0	0	
1419928433919771342	CPU_0	89.65	0	7.58	0	0	2.06	.68	0	0	
1419928435346094062	CPU_0	88.11	0	7.69	0	0	3.49	.69	0	0	
1419928436813065190	CPU_0	87.75	0	7.48	0	0	3.40	1.36	0	0	
1419928438240929865	CPU_0	89.43	0	7.04	0	0	2.81	.70	0	0	
1419928439708314117	CPU_0	87.16	0	9.45	0	0	2.70	.67	0	0	
1419928441153500961	CPU_0	88.81	0	6.29	0	0	3.49	1.39	0	0	
1419928442606418829	CPU_0	91.09	0	5.47	0	0	2.73	.68	0	0	
1419928444103526720	CPU_0	89.86	0	6.75	0	0	2.70	.67	0	0	
1419928445531344854	CPU_0	89.65	0	6.20	0	0	2.75	1.37	0	0	
1419928447030299241	CPU_0	92.61	0	4.02	0	0	2.68	.67	0	0	
1419928448461592409	CPU_0	89.51	0	6.29	0	0	3.49	.69	0	0	
1419928449929734034	CPU_0	87.83	0	8.10	0	0	2.70	1.35	0	0	
1419928451362701614	CPU_0	90.90	0	5.59	0	0	2.79	.69	0	0	
1419928452836496893	CPU_0	90.47	0	6.12	0	0	2.72	.68	0	0	
1419928454270387429	CPU_0	88.19	0	7.63	0	0	2.77	1.38	0	0	
1419928455747222201	CPU_0	91.09	0	5.47	0	0	2.73	.68	0	0	
1419928457184119314	CPU_0	88.96	0	7.58	0	0	2.75	.68	0	0	
1419928458660015504	CPU_0	86.48	0	8.78	0	0	3.37	1.35	0	0	
1419928460136738526	CPU_0	91.09	0	5.47	0	0	2.73	.68	0	0	
1419928461581360121	CPU_0	89.65	0	6.89	0	0	2.75	.68	0	0	
1419928463077005016	CPU_0	88.66	0	7.33	0	0	2.66	1.33	0	0	
1419928464516244207	CPU_0	91.66	0	4.86	0	0	2.77	.69	0	0	
1419928465991120733	CPU_0	88.51	0	7.43	0	0	3.37	.67	0	0	
1419928467431850462	CPU_0	90.97	0	4.86	0	0	2.77	1.38	0	0	
1419928468906733196	CPU_0	87.16	0	9.45	0	0	2.70	.67	0	0	
1419928470352567622	CPU_0	88.11	0	8.39	0	0	2.79	.69	0	0	
1419928471829261061	CPU_0	88.59	0	7.38	0	0	2.68	1.34	0	0	
1419928473308476243	CPU_0	90.41	0	6.16	0	0	2.73	.68	0	0	
1419928474757612411	CPU_0	90.41	0	5.47	0	0	3.42	.68	0	0	
1419928476244519118	CPU_0	79.19	0	16.10	0	0	3.35	1.34	0	0	
1419928477700482896	CPU_0	54.79	0	39.72	0	0	4.10	1.36	0	0	
1419928479186194563	CPU_0	57.43	0	37.16	0	0	4.05	1.35	0	0	
1419928480631831698	CPU_0	60.68	0	33.79	0	0	4.13	1.37	0	0	
1419928482118567613	CPU_0	58.38	0	36.91	0	0	4.02	.67	0	0	
1419928483564497331	CPU_0	58.74	0	35.66	0	0	4.19	1.39	0	0	
1419928485027859300	CPU_0	58.50	0	36.05	0	0	4.08	1.36	0	0	
1419928486533152130	CPU_0	52.00	0	40.00	0	0	6.66	1.33	0	0	
1419928487968221081	CPU_0	50.00	0	42.36	0	0	6.25	1.38	0	0	
1419928489441888485	CPU_0	58.78	0	35.13	0	0	4.72	1.35	0	0	
1419928490877714392	CPU_0	60.83	0	33.56	0	0	4.19	1.39	0	0	
1419928492357053491	CPU_0	57.43	0	37.16	0	0	4.05	1.35	0	0	
1419928493794508020	CPU_0	56.25	0	38.19	0	0	4.16	1.38	0	0	
1419928495276477279	CPU_0	59.45	0	35.13	0	0	4.05	1.35	0	0	
1419928496726334196	CPU_0	60.13	0	34.96	0	0	4.19	.69	0	0	
1419928498195075527	CPU_0	58.38	0	36.24	0	0	4.02	1.34	0	0	
1419928499705622388	CPU_0	58.00	0	36.00	0	0	4.66	1.33	0	0	
1419928501147775739	CPU_0	58.62	0	35.86	0	0	4.13	1.37	0	0	
1419928502622840181	CPU_0	56.75	0	37.83	0	0	4.05	1.35	0	0	
1419928504066094988	CPU_0	58.33	0	36.11	0	0	4.16	1.38	0	0	
1419928505539677225	CPU_0	57.14	0	36.73	0	0	4.76	1.36	0	0	
1419928506989699850	CPU_0	56.55	0	38.62	0	0	4.13	.68	0	0	
1419928508472616899	CPU_0	62.83	0	31.75	0	0	4.05	1.35	0	0	
1419928509978195396	CPU_0	57.43	0	37.16	0	0	4.05	1.35	0	0	
1419928511422803741	CPU_0	57.14	0	37.41	0	0	4.08	1.36	0	0	
1419928512905249416	CPU_0	60.13	0	34.45	0	0	4.05	1.35	0	0	
1419928514354723084	CPU_0	60.95	0	33.56	0	0	4.10	1.36	0	0	
1419928515837864841	CPU_0	56.37	0	36.91	0	0	5.36	1.34	0	0	
1419928517282954768	CPU_0	55.55	0	38.88	0	0	4.16	1.38	0	0	
1419928518771402096	CPU_0	55.70	0	38.92	0	0	4.02	1.34	0	0	
1419928520229504619	CPU_0	58.33	0	36.80	0	0	4.16	.69	0	0	
1419928521710428673	CPU_0	53.02	0	40.93	0	0	4.69	1.34	0	0	
1419928523206308942	CPU_0	56.00	0	38.66	0	0	4.00	1.33	0	0	
1419928524656961107	CPU_0	55.86	0	38.62	0	0	4.13	1.37	0	0	
1419928526146011767	CPU_0	56.08	0	38.51	0	0	4.05	1.35	0	0	
1419928527597468305	CPU_0	59.31	0	35.17	0	0	4.13	1.37	0	0	
1419928529081798975	CPU_0	57.71	0	36.91	0	0	4.02	1.34	0	0	
1419928530570499136	CPU_0	58.21	0	36.30	0	0	4.10	1.36	0	0	
1419928532024784918	CPU_0	60.40	0	34.22	0	0	4.02	1.34	0	0	
1419928533515646573	CPU_0	56.08	0	38.51	0	0	4.05	1.35	0	0	
1419928534964983241	CPU_0	57.24	0	37.93	0	0	4.13	.68	0	0	
1419928536440168183	CPU_0	75.51	0	19.72	0	0	3.40	1.36	0	0	
1419928537877868378	CPU_0	72.22	0	22.91	0	0	3.47	1.38	0	0	
1419928539349886952	CPU_0	74.14	0	21.76	0	0	3.40	.68	0	0	
1419928540773572095	CPU_0	73.42	0	20.97	0	0	4.19	1.39	0	0	
1419928542237833521	CPU_0	74.48	0	20.00	0	.68	3.44	1.37	0	0	
1419928543676656629	CPU_0	77.62	0	18.18	0	0	3.49	.69	0	0	
1419928545138338769	CPU_0	75.67	0	19.59	0	0	3.37	1.35	0	0	
1419928546634379663	CPU_0	72.97	0	22.97	0	0	3.37	.67	0	0	
1419928548069333114	CPU_0	75.17	0	20.00	0	0	3.44	1.37	0	0	
1419928549535255827	CPU_0	71.42	0	21.08	0	0	6.80	.68	0	0	
1419928550970667735	CPU_0	70.62	0	21.67	0	0	5.59	2.09	0	0	
1419928552441932561	CPU_0	72.60	0	22.60	0	0	4.10	.68	0	0	
1419928553881712584	CPU_0	74.48	0	20.68	0	0	3.44	1.37	0	0	
1419928555354463490	CPU_0	74.14	0	21.76	0	0	3.40	.68	0	0	
1419928556803850699	CPU_0	72.41	0	22.06	0	0	4.13	1.37	0	0	
1419928558260535100	CPU_0	75.34	0	19.86	0	0	3.42	1.36	0	0	
1419928559766195097	CPU_0	74.00	0	22.00	0	0	3.33	.66	0	0	
1419928561201050798	CPU_0	74.30	0	20.83	0	0	3.47	1.38	0	0	
1419928562674552660	CPU_0	76.87	0	19.04	0	0	3.40	.68	0	0	
1419928564106747326	CPU_0	75.00	0	20.13	0	0	3.47	1.38	0	0	
1419928565585456093	CPU_0	73.64	0	21.62	0	0	3.37	1.35	0	0	
1419928567019831129	CPU_0	74.64	0	21.12	0	0	3.52	.70	0	0	
1419928568496419401	CPU_0	75.83	0	19.46	0	0	3.35	1.34	0	0	
1419928569932789848	CPU_0	76.22	0	19.58	0	0	3.49	.69	0	0	
1419928571409289954	CPU_0	71.62	0	22.97	0	0	4.05	1.35	0	0	
1419928572914564326	CPU_0	74.32	0	20.94	0	0	3.37	1.35	0	0	
1419928574358131883	CPU_0	74.65	0	21.23	0	0	3.42	.68	0	0	
1419928575830038749	CPU_0	72.29	0	22.29	0	0	4.05	1.35	0	0	
1419928577271936850	CPU_0	74.30	0	20.83	0	0	3.47	1.38	0	0	
1419928578741525680	CPU_0	75.51	0	20.40	0	0	3.40	.68	0	0	
1419928580183351448	CPU_0	77.08	0	18.05	0	0	3.47	1.38	0	0	
1419928581649678994	CPU_0	92.51	0	4.76	0	0	2.04	.68	0	0	
1419928583083214531	CPU_0	92.30	0	5.59	0	0	2.09	0	0	0	
1419928584550322033	CPU_0	93.19	0	4.08	0	0	2.04	.68	0	0	
1419928586043478434	CPU_0	91.21	0	6.08	0	0	2.02	.67	0	0	
1419928587461921631	CPU_0	91.54	0	5.63	0	0	2.11	.70	0	0	
1419928588944453556	CPU_0	92.00	0	5.33	0	0	2.00	.66	0	0	
1419928590366088454	CPU_0	92.95	0	4.22	0	0	2.11	.70	0	0	
1419928591825553266	CPU_0	91.09	0	6.16	0	0	2.05	.68	0	0	
1419928593246238249	CPU_0	91.54	0	5.63	0	0	2.11	.70	0	0	
1419928594701013946	CPU_0	93.10	0	4.82	0	0	1.37	.68	0	0	
1419928596120213725	CPU_0	93.61	0	4.25	0	0	2.12	0	0	0	
1419928597578231832	CPU_0	93.15	0	4.10	0	0	2.05	.68	0	0	
1419928598992194664	CPU_0	92.25	0	4.92	0	0	2.11	.70	0	0	
1419928600446575779	CPU_0	91.09	0	6.16	0	0	2.05	.68	0	0	
1419928601859218364	CPU_0	93.61	0	4.25	0	0	1.41	.70	0	0	
1419928603313839562	CPU_0	93.10	0	4.13	0	0	2.06	.68	0	0	
1419928604727860852	CPU_0	93.70	0	3.49	0	0	2.09	.69	0	0	
1419928606187892746	CPU_0	92.41	0	4.82	0	0	2.06	.68	0	0	
1419928607601996161	CPU_0	92.19	0	5.67	0	0	2.12	0	0	0	
1419928609059724852	CPU_0	92.46	0	4.79	0	0	2.05	.68	0	0	
1419928610498427711	CPU_0	90.07	0	6.38	0	0	2.83	.70	0	0	
1419928611932690121	CPU_0	91.78	0	5.47	0	0	2.05	.68	0	0	
1419928613418977704	CPU_0	87.24	0	5.36	0	0	6.71	.67	0	0	
1419928614843973428	CPU_0	89.51	0	6.99	0	0	2.79	.69	0	0	
1419928616303030532	CPU_0	93.79	0	3.44	0	0	2.06	.68	0	0	
1419928617726153635	CPU_0	93.66	0	4.22	0	0	1.40	.70	0	0	
1419928619197479794	CPU_0	72.29	0	22.97	0	0	4.05	.67	0	0	
1419928620637723150	CPU_0	74.82	0	18.88	0	0	4.89	1.39	0	0	
1419928622106360440	CPU_0	79.05	0	14.86	0	0	4.72	1.35	0	0	
1419928623537909774	CPU_0	78.16	0	16.90	0	0	4.22	.70	0	0	
1419928625003409488	CPU_0	76.19	0	17.68	0	0	4.76	1.36	0	0	
1419928626481736839	CPU_0	73.97	0	20.54	0	0	4.79	.68	0	0	
1419928627911180219	CPU_0	77.39	0	17.12	0	0	4.10	1.36	0	0	
1419928629388289865	CPU_0	78.23	0	16.32	0	0	4.76	.68	0	0	
1419928630817414746	CPU_0	78.16	0	16.19	0	0	4.22	1.40	0	0	
1419928632282468670	CPU_0	74.82	0	19.04	0	0	4.76	1.36	0	0	
1419928633713700379	CPU_0	77.77	0	15.97	0	.69	4.86	.69	0	0	
1419928635184094665	CPU_0	77.55	0	17.00	0	0	4.08	1.36	0	0	
1419928636612595589	CPU_0	80.28	0	14.08	0	0	4.92	.70	0	0	
1419928638154174295	CPU_0	73.02	0	19.07	1.31	0	5.26	1.31	0	0	
1419928639865392486	CPU_0	74.13	0	19.54	0	0	4.59	1.72	0	0	
1419928641364463664	CPU_0	81.33	0	13.33	0	0	4.66	.66	0	0	
1419928642793763420	CPU_0	79.72	0	14.68	0	0	4.19	1.39	0	0	
1419928644259422884	CPU_0	58.10	0	18.91	0	15.54	6.75	.67	0	0	
1419928645696806163	CPU_0	71.52	0	19.44	0	4.16	3.47	1.38	0	0	
1419928647163546124	CPU_0	78.23	0	16.32	0	0	4.08	1.36	0	0	
1419928648595251915	CPU_0	79.02	0	15.38	0	0	4.89	.69	0	0	
1419928650067534656	CPU_0	80.40	0	13.51	0	0	4.72	1.35	0	0	
1419928651499616447	CPU_0	78.16	0	16.90	0	0	4.22	.70	0	0	
1419928652968898569	CPU_0	77.70	0	16.21	0	0	4.72	1.35	0	0	
1419928654448039293	CPU_0	75.69	0	18.75	0	0	4.86	.69	0	0	
1419928655884128283	CPU_0	78.23	0	15.64	0	0	4.76	1.36	0	0	
1419928657364795629	CPU_0	79.86	0	14.76	0	0	4.02	1.34	0	0	
1419928658803244780	CPU_0	76.76	0	17.60	0	0	4.92	.70	0	0	
1419928660275354729	CPU_0	79.59	0	14.28	0	0	4.76	1.36	0	0	
1419928661709027808	CPU_0	76.92	0	18.18	0	0	4.19	.69	0	0	
1419928663181426798	CPU_0	76.35	0	17.56	0	0	4.72	1.35	0	0	
1419928664936328263	CPU_0	66.28	0	26.85	0	0	5.14	1.71	0	0	
1419928666369503510	CPU_0	77.62	0	16.78	0	0	4.89	.69	0	0	
1419928667841165876	CPU_0	78.91	0	15.64	0	0	4.08	1.36	0	0	
1419928669319570977	CPU_0	78.08	0	15.06	0	.68	4.79	1.36	0	0	
1419928670747794652	CPU_0	55.86	0	17.93	0	20.68	4.82	.68	0	0	
1419928672216634109	CPU_0	76.71	0	17.80	0	0	4.10	1.36	0	0	
1419928673665090112	CPU_0	73.10	0	20.68	0	0	5.51	.68	0	0	
1419928675132541321	CPU_0	82.99	0	10.20	0	0	5.44	1.36	0	0	
1419928676570472599	CPU_0	80.41	0	8.39	0	0	9.79	1.39	0	0	
1419928678046878663	CPU_0	84.45	0	8.10	0	0	6.08	1.35	0	0	
1419928679481523240	CPU_0	83.33	0	9.72	0	0	5.55	1.38	0	0	
1419928680945625915	CPU_0	85.03	0	8.84	0	0	4.76	1.36	0	0	
1419928682427999007	CPU_0	85.61	0	8.21	0	0	5.47	.68	0	0	
1419928683860174131	CPU_0	89.04	0	4.79	0	0	4.79	1.36	0	0	
1419928685336682237	CPU_0	84.35	0	8.84	0	0	5.44	1.36	0	0	
1419928686772306561	CPU_0	86.71	0	7.69	0	0	4.89	.69	0	0	
1419928688247528419	CPU_0	85.81	0	8.10	0	0	4.72	1.35	0	0	
1419928689682370079	CPU_0	84.72	0	8.33	0	0	5.55	1.38	0	0	
1419928691156714106	CPU_0	84.93	0	9.58	0	0	4.79	.68	0	0	
1419928692594532509	CPU_0	86.89	0	6.89	0	0	4.82	1.37	0	0	
1419928694077103267	CPU_0	82.43	0	10.81	0	0	5.40	1.35	0	0	
1419928695570053876	CPU_0	87.83	0	6.08	0	0	5.40	.67	0	0	
1419928697010384648	CPU_0	84.93	0	8.21	0	0	5.47	1.36	0	0	
1419928698479072521	CPU_0	85.03	0	8.84	0	0	4.76	1.36	0	0	
1419928699920280750	CPU_0	88.11	0	6.29	0	0	4.89	.69	0	0	
1419928701396231065	CPU_0	85.13	0	8.10	0	0	5.40	1.35	0	0	
1419928702833584718	CPU_0	85.41	0	8.33	0	0	4.86	1.38	0	0	
1419928704306656498	CPU_0	88.35	0	6.16	0	0	4.79	.68	0	0	
1419928705896812218	CPU_0	74.84	0	16.35	0	0	6.91	1.88	0	0	
1419928707334115955	CPU_0	83.33	0	11.11	0	0	4.86	.69	0	0	
1419928708815028300	CPU_0	83.89	0	9.39	0	0	5.36	1.34	0	0	
1419928710248841795	CPU_0	85.41	0	7.63	0	0	5.55	1.38	0	0	
1419928711723823779	CPU_0	88.35	0	6.16	0	0	4.79	.68	0	0	
1419928713157483775	CPU_0	86.01	0	7.69	0	0	4.89	1.39	0	0	
1419928714634074255	CPU_0	85.90	0	7.38	0	0	5.36	1.34	0	0	
1419928716117224720	CPU_0	86.20	0	7.58	0	0	5.51	.68	0	0	
1419928717558788656	CPU_0	87.75	0	6.12	0	0	4.76	1.36	0	0	
1419928719039250002	CPU_0	85.13	0	8.78	0	0	4.72	1.35	0	0	
1419928720480394689	CPU_0	84.02	0	9.72	0	0	5.55	.69	0	0	
1419928721954544842	CPU_0	83.67	0	10.20	0	0	4.76	1.36	0	0	
1419928723392256036	CPU_0	84.82	0	8.27	0	0	5.51	1.37	0	0	
1419928724855197006	CPU_0	84.24	0	9.58	0	0	4.79	1.36	0	0	
1419928726280456479	CPU_0	61.64	0	13.69	0	15.75	8.21	.68	0	0	
1419928727725640949	CPU_0	44.88	0	14.17	0	31.49	7.87	1.57	0	0	
1419928729166541344	CPU_0	75.00	0	15.71	0	.71	7.14	1.42	0	0	
1419928730624828033	CPU_0	56.25	0	18.75	0	6.25	17.18	1.56	0	0	
1419928732130147072	CPU_0	75.83	0	15.43	0	1.34	6.04	1.34	0	0	
1419928733569377930	CPU_0	78.32	0	15.38	0	0	4.89	1.39	0	0	
1419928735044669122	CPU_0	74.82	0	16.08	0	.69	6.99	1.39	0	0	
1419928736487221722	CPU_0	77.77	0	15.27	0	.69	4.86	1.38	0	0	
1419928737969047357	CPU_0	77.85	0	16.10	0	0	4.69	1.34	0	0	
1419928739417372944	CPU_0	66.89	0	22.06	0	0	8.96	2.06	0	0	
1419928740898202372	CPU_0	72.48	0	19.46	0	.67	6.04	1.34	0	0	
1419928742409915689	CPU_0	73.64	0	20.27	0	0	4.72	1.35	0	0	
1419928743857802276	CPU_0	76.55	0	17.93	0	0	4.13	1.37	0	0	
1419928745344338109	CPU_0	76.00	0	17.33	0	0	4.66	2.00	0	0	
1419928746794065942	CPU_0	71.12	0	20.42	0	.70	6.33	1.40	0	0	
1419928748286322178	CPU_0	77.70	0	16.89	0	0	4.05	1.35	0	0	
1419928749748745025	CPU_0	76.55	0	17.24	0	0	4.82	1.37	0	0	
1419928751223363009	CPU_0	71.33	0	22.00	0	.66	4.66	1.33	0	0	
1419928752712839043	CPU_0	77.85	0	15.43	0	0	4.69	2.01	0	0	
1419928754164909496	CPU_0	75.34	0	18.49	0	0	4.79	1.36	0	0	
1419928755656409651	CPU_0	80.40	0	14.18	0	0	4.05	1.35	0	0	
1419928757111841596	CPU_0	76.55	0	17.24	0	0	4.82	1.37	0	0	
1419928758600521924	CPU_0	76.35	0	16.89	0	0	4.72	2.02	0	0	
1419928760087530005	CPU_0	75.83	0	17.44	0	.67	4.69	1.34	0	0	
1419928761545227445	CPU_0	75.17	0	18.62	0	0	4.82	1.37	0	0	
1419928763035991101	CPU_0	76.51	0	17.44	0	0	4.69	1.34	0	0	
1419928764488199013	CPU_0	73.97	0	19.86	0	0	4.79	1.36	0	0	
1419928765985359821	CPU_0	74.66	0	18.00	0	.66	4.66	2.00	0	0	
1419928767500601170	CPU_0	76.31	0	17.76	0	0	4.60	1.31	0	0	
1419928768957831862	CPU_0	77.93	0	16.55	0	0	4.13	1.37	0	0	
1419928770456587833	CPU_0	78.00	0	16.00	0	0	4.66	1.33	0	0	
1419928771919439678	CPU_0	19.44	0	25.69	0	49.30	4.16	1.38	0	0	
1419928773395393660	CPU_0	19.28	0	22.14	0	54.28	3.57	.71	0	0	
1419928774892291010	CPU_0	19.44	0	23.61	0	52.08	4.16	.69	0	0	
1419928776346633916	CPU_0	23.23	0	31.69	0	39.43	4.22	1.40	0	0	
1419928777841771854	CPU_0	24.65	0	39.04	0	30.13	4.79	1.36	0	0	
1419928779304610324	CPU_0	30.65	0	35.03	0	27.00	5.83	1.45	0	0	
1419928780800932009	CPU_0	34.04	0	33.33	0	26.24	4.96	1.41	0	0	
1419928782268025011	CPU_0	28.36	0	38.29	0	26.24	4.96	2.12	0	0	
1419928783749929312	CPU_0	30.49	0	37.58	0	25.53	4.96	1.41	0	0	
1419928785242868005	CPU_0	32.59	0	32.59	0	27.40	5.92	1.48	0	0	
1419928786697156995	CPU_0	30.14	0	36.76	0	25.73	5.14	2.20	0	0	
1419928788180588626	CPU_0	28.57	0	37.85	0	27.14	5.00	1.42	0	0	
1419928789681280884	CPU_0	34.28	0	33.57	0	25.71	5.00	1.42	0	0	
1419928791135223666	CPU_0	34.50	0	32.39	0	26.05	4.92	2.11	0	0	
1419928792615401930	CPU_0	34.26	0	34.26	0	25.17	4.89	1.39	0	0	
1419928794077041486	CPU_0	30.21	0	37.41	0	25.89	5.03	1.43	0	0	
1419928795574141253	CPU_0	30.82	0	36.30	0	25.34	5.47	2.05	0	0	
1419928797090559808	CPU_0	30.98	0	33.09	0	29.57	4.92	1.40	0	0	
1419928798549396412	CPU_0	30.28	0	36.61	0	26.05	5.63	1.40	0	0	
1419928800035635079	CPU_0	31.69	0	35.91	0	25.35	4.92	2.11	0	0	
1419928801492640604	CPU_0	26.86	0	40.29	0	23.13	8.20	1.49	0	0	
1419928802987737208	CPU_0	33.79	0	34.48	0	22.75	6.89	2.06	0	0	
1419928804499557983	CPU_0	31.42	0	36.42	0	25.00	5.71	1.42	0	0	
1419928805959247960	CPU_0	29.19	0	37.22	0	25.54	5.83	2.18	0	0	
1419928807446289666	CPU_0	30.00	0	37.85	0	25.71	5.00	1.42	0	0	
1419928808910048509	CPU_0	33.33	0	33.33	0	26.24	4.96	2.12	0	0	
1419928810411340641	CPU_0	31.69	0	35.91	0	25.35	5.63	1.40	0	0	
1419928811919210383	CPU_0	27.46	0	36.61	0	28.87	5.63	1.40	0	0	
1419928813384122806	CPU_0	34.53	0	33.09	0	25.17	5.03	2.15	0	0	
1419928814889278804	CPU_0	31.94	0	36.11	0	25.69	4.86	1.38	0	0	
1419928816352182774	CPU_0	27.27	0	40.55	0	25.17	4.89	2.09	0	0	
1419928817852745991	CPU_0	26.76	0	39.43	0	26.76	5.63	1.40	0	0	
1419928819358554988	CPU_0	34.53	0	32.37	0	26.61	5.03	1.43	0	0	
1419928820815258222	CPU_0	29.41	0	36.76	0	26.47	5.14	2.20	0	0	
1419928822323671462	CPU_0	30.49	0	36.87	0	26.24	4.96	1.41	0	0	
1419928823813836536	CPU_0	29.71	0	36.95	0	26.81	5.07	1.44	0	0	
1419928825288236105	CPU_0	33.33	0	32.63	0	26.38	5.55	2.08	0	0	
1419928826779363218	CPU_0	31.69	0	35.91	0	26.05	4.92	1.40	0	0	
1419928828248410424	CPU_0	29.19	0	37.22	0	26.27	5.10	2.18	0	0	
1419928829741946949	CPU_0	26.05	0	41.54	0	26.05	4.92	1.40	0	0	
1419928831266288278	CPU_0	32.14	0	32.14	0	28.57	5.71	1.42	0	0	
1419928832733599863	CPU_0	31.38	0	29.19	0	31.38	5.83	2.18	0	0	
1419928834230028172	CPU_0	26.89	0	40.00	0	26.89	4.82	1.37	0	0	
1419928835703440451	CPU_0	32.60	0	34.05	0	26.81	5.07	1.44	0	0	
1419928837204939583	CPU_0	21.91	0	26.02	0	41.09	9.58	1.36	0	0	
1419928838688725546	CPU_0	4.82	0	8.27	0	86.89	0	0	0	0	
1419928840152300598	CPU_0	36.09	0	31.57	0	27.06	3.00	2.25	0	0	
1419928841658661385	CPU_0	29.07	0	37.58	0	26.24	5.67	1.41	0	0	
1419928843142369849	CPU_0	30.98	0	35.91	0	26.05	4.92	2.11	0	0	
1419928844618310331	CPU_0	25.87	0	41.95	0	25.87	4.89	1.39	0	0	
1419928846126932237	CPU_0	26.95	0	38.29	0	25.53	7.80	1.41	0	0	
1419928847597258190	CPU_0	31.65	0	35.25	0	25.89	5.03	2.15	0	0	
1419928849104487475	CPU_0	29.07	0	38.29	0	26.24	4.96	1.41	0	0	
1419928850636301120	CPU_0	28.67	0	38.46	0	26.57	4.89	1.39	0	0	
1419928852107889070	CPU_0	29.28	0	36.42	0	26.42	5.71	2.14	0	0	
1419928853600975762	CPU_0	33.33	0	32.62	0	27.65	4.96	1.41	0	0	
1419928855084052769	CPU_0	29.49	0	37.41	0	26.61	5.03	1.43	0	0	
1419928856580562829	CPU_0	31.15	0	34.05	0	26.81	5.79	2.17	0	0	
1419928858072775606	CPU_0	31.94	0	36.80	0	25.00	4.86	1.38	0	0	
1419928859548429922	CPU_0	35.00	0	32.14	0	26.42	5.00	1.42	0	0	
1419928861051186967	CPU_0	28.47	0	38.19	0	25.69	5.55	2.08	0	0	
1419928862588151767	CPU_0	33.11	0	35.09	0	25.16	5.29	1.32	0	0	
1419928864058553553	CPU_0	30.21	0	36.69	0	25.89	5.03	2.15	0	0	
1419928865572553989	CPU_0	25.69	0	40.97	0	21.52	10.41	1.38	0	0	
1419928867053844750	CPU_0	31.20	0	37.58	0	22.69	6.38	2.12	0	0	
1419928868555020549	CPU_0	31.46	0	36.36	0	25.87	4.89	1.39	0	0	
1419928870067306739	CPU_0	34.01	0	33.33	0	25.17	5.44	2.04	0	0	
1419928871538469190	CPU_0	32.11	0	34.30	0	27.00	5.10	1.45	0	0	
1419928873049312383	CPU_0	31.50	0	36.30	0	25.34	5.47	1.36	0	0	
1419928874574639959	CPU_0	31.72	0	35.17	0	26.20	4.82	2.06	0	0	
1419928876043979956	CPU_0	30.82	0	36.98	0	25.34	5.47	1.36	0	0	
1419928877556714312	CPU_0	30.76	0	36.36	0	25.87	5.59	1.39	0	0	
1419928879023859980	CPU_0	30.21	0	36.69	0	25.89	5.03	2.15	0	0	
1419928880531488014	CPU_0	29.57	0	36.61	0	25.35	7.04	1.40	0	0	
1419928882071610765	CPU_0	28.57	0	38.09	0	25.85	5.44	2.04	0	0	
1419928883538964433	CPU_0	31.61	0	36.02	0	25.73	5.14	1.47	0	0	
1419928885037355697	CPU_0	30.06	0	37.76	0	25.87	4.89	1.39	0	0	
1419928886527407354	CPU_0	31.65	0	35.25	0	25.89	5.03	2.15	0	0	
1419928888024336038	CPU_0	32.16	0	33.56	0	27.27	5.59	1.39	0	0	
1419928889533989400	CPU_0	35.50	0	36.23	0	21.01	5.79	1.44	0	0	
1419928890997568077	CPU_0	41.72	0	34.53	0	14.38	7.19	2.15	0	0	
1419928892487817609	CPU_0	18.88	0	18.18	0	57.34	4.19	1.39	0	0	
1419928894006128660	CPU_0	36.11	0	38.88	0	18.05	5.55	1.38	0	0	
1419928895473651536	CPU_0	38.84	0	38.84	0	14.38	5.75	2.15	0	0	
1419928896985269686	CPU_0	41.54	0	35.91	0	14.08	6.33	2.11	0	0	
1419928898480265166	CPU_0	45.71	0	32.14	0	14.28	5.71	2.14	0	0	
1419928899963568505	CPU_0	42.65	0	34.96	0	14.68	5.59	2.09	0	0	
1419928901472299287	CPU_0	23.57	0	23.57	0	45.00	7.14	.71	0	0	
1419928902939809955	CPU_0	37.32	0	40.84	0	14.08	5.63	2.11	0	0	
1419928904431693441	CPU_0	38.02	0	38.02	0	16.19	5.63	2.11	0	0	
1419928905966853495	CPU_0	41.21	0	36.48	0	13.51	6.75	2.02	0	0	
1419928907432660625	CPU_0	35.00	0	35.71	0	20.71	7.14	1.42	0	0	
1419928908911030018	CPU_0	25.53	0	29.78	0	39.00	4.25	1.41	0	0	
1419928910378235520	CPU_0	37.50	0	40.97	0	13.88	5.55	2.08	0	0	
1419928911878739945	CPU_0	39.16	0	37.06	0	15.38	6.29	2.09	0	0	
1419928913398395201	CPU_0	42.56	0	36.48	0	13.51	5.40	2.02	0	0	
1419928914866685284	CPU_0	44.68	0	33.33	0	14.18	5.67	2.12	0	0	
1419928916368481831	CPU_0	40.27	0	38.19	0	13.19	6.25	2.08	0	0	
1419928917833453463	CPU_0	41.00	0	37.41	0	14.38	5.75	1.43	0	0	
1419928919319464422	CPU_0	42.95	0	34.50	0	14.78	5.63	2.11	0	0	
1419928920837883306	CPU_0	36.48	0	37.83	0	17.56	6.08	2.02	0	0	
1419928922300454985	CPU_0	40.97	0	37.50	0	13.88	5.55	2.08	0	0	
1419928923781358205	CPU_0	39.71	0	38.29	0	14.18	5.67	2.12	0	0	
1419928925238555480	CPU_0	39.86	0	37.76	0	15.38	5.59	1.39	0	0	
1419928926729365803	CPU_0	38.88	0	39.58	0	13.88	5.55	2.08	0	0	
1419928928230454102	CPU_0	34.72	0	40.97	0	11.80	10.41	2.08	0	0	
1419928929697047771	CPU_0	37.06	0	41.25	0	13.28	6.29	2.09	0	0	
1419928931188693759	CPU_0	40.84	0	37.32	0	13.38	6.33	2.11	0	0	
1419928932652865351	CPU_0	40.42	0	37.58	0	14.18	5.67	2.12	0	0	
1419928934143683423	CPU_0	39.71	0	36.87	0	15.60	5.67	2.12	0	0	
1419928935672762116	CPU_0	38.51	0	39.86	0	14.18	6.08	1.35	0	0	
1419928937137426332	CPU_0	40.29	0	36.56	0	14.92	5.97	2.23	0	0	
1419928938640176461	CPU_0	38.62	0	39.31	0	14.48	5.51	2.06	0	0	
1419928940109448124	CPU_0	40.71	0	36.42	0	14.28	6.42	2.14	0	0	
1419928941592993089	CPU_0	39.43	0	38.73	0	14.08	5.63	2.11	0	0	
1419928943123056904	CPU_0	40.41	0	36.98	0	15.06	5.47	2.05	0	0	
1419928944589561866	CPU_0	38.19	0	40.27	0	13.88	5.55	2.08	0	0	
1419928946083782222	CPU_0	42.06	0	36.55	0	13.79	6.20	1.37	0	0	
1419928947559466413	CPU_0	36.76	0	40.44	0	14.70	5.88	2.20	0	0	
1419928949057036553	CPU_0	41.66	0	36.11	0	14.58	5.55	2.08	0	0	
1419928950559789473	CPU_0	43.35	0	34.26	0	13.98	6.29	2.09	0	0	
1419928952027465933	CPU_0	38.46	0	39.16	0	13.98	6.29	2.09	0	0	
1419928953532536222	CPU_0	42.25	0	35.91	0	14.08	5.63	2.11	0	0	
1419928955044913954	CPU_0	31.94	0	40.97	0	20.13	5.55	1.38	0	0	
1419928956514809949	CPU_0	23.80	0	43.53	0	25.17	5.44	2.04	0	0	
1419928958019790073	CPU_0	23.12	0	42.85	0	27.89	4.76	1.36	0	0	
1419928959488099530	CPU_0	25.69	0	42.36	0	25.69	4.16	2.08	0	0	
1419928960990430160	CPU_0	15.86	0	31.03	0	44.82	7.58	.68	0	0	
1419928962438176914	CPU_0	13.13	0	23.35	0	59.85	2.91	.72	0	0	
1419928963938344174	CPU_0	24.30	0	44.44	0	24.30	4.86	2.08	0	0	
1419928965414447488	CPU_0	22.06	0	31.72	0	39.31	5.51	1.37	0	0	
1419928966901643903	CPU_0	13.19	0	20.83	0	62.50	2.77	.69	0	0	
1419928968378388966	CPU_0	28.08	0	41.09	0	23.97	4.79	2.05	0	0	
1419928969879586640	CPU_0	23.80	0	43.53	0	25.85	5.44	1.36	0	0	
1419928971412612157	CPU_0	24.00	0	44.66	0	24.66	4.66	2.00	0	0	
1419928972878659036	CPU_0	26.05	0	42.95	0	24.64	4.92	1.40	0	0	
1419928974378667713	CPU_0	25.51	0	42.75	0	25.51	4.82	1.37	0	0	
1419928975855246276	CPU_0	23.97	0	43.83	0	24.65	5.47	2.05	0	0	
1419928977371765790	CPU_0	23.64	0	45.94	0	24.32	4.72	1.35	0	0	
1419928978874855542	CPU_0	22.44	0	46.25	0	24.48	4.76	2.04	0	0	
1419928980355612555	CPU_0	26.38	0	43.05	0	24.30	4.86	1.38	0	0	
1419928981866565039	CPU_0	26.02	0	42.46	0	24.65	4.79	2.05	0	0	
1419928983413131608	CPU_0	20.80	0	45.63	0	27.51	4.69	1.34	0	0	
1419928984885302016	CPU_0	22.60	0	46.57	0	23.28	5.47	2.05	0	0	
1419928986379998746	CPU_0	18.75	0	47.91	0	26.38	5.55	1.38	0	0	
1419928987853505941	CPU_0	23.97	0	44.52	0	24.65	4.79	2.05	0	0	
1419928989363062971	CPU_0	21.52	0	44.44	0	27.08	5.55	1.38	0	0	
1419928990877469531	CPU_0	25.85	0	43.53	0	20.40	8.84	1.36	0	0	
1419928992355293467	CPU_0	22.60	0	47.26	0	21.91	6.16	2.05	0	0	
1419928993872105479	CPU_0	22.29	0	45.94	0	24.32	5.40	2.02	0	0	
1419928995389022117	CPU_0	25.51	0	43.44	0	24.82	4.82	1.37	0	0	
1419928996866531637	CPU_0	25.34	0	43.15	0	24.65	4.79	2.05	0	0	
1419928998383766648	CPU_0	26.17	0	43.62	0	24.16	4.69	1.34	0	0	
1419928999852795563	CPU_0	25.34	0	42.46	0	25.34	4.79	2.05	0	0	
1419929001378162181	CPU_0	24.32	0	44.59	0	25.00	4.72	1.35	0	0	
1419929002886099797	CPU_0	23.80	0	44.21	0	24.48	5.44	2.04	0	0	
1419929004372591880	CPU_0	25.17	0	44.05	0	24.47	4.89	1.39	0	0	
1419929005887398855	CPU_0	24.30	0	39.58	0	28.47	5.55	2.08	0	0	
1419929007413064681	CPU_0	26.49	0	43.70	0	23.17	5.29	1.32	0	0	
1419929008898419516	CPU_0	24.82	0	42.06	0	26.20	4.82	2.06	0	0	
1419929010419717185	CPU_0	26.71	0	42.46	0	24.65	4.79	1.36	0	0	
1419929011964122510	CPU_0	21.19	0	47.01	0	23.84	5.96	1.98	0	0	
1419929013452523588	CPU_0	25.33	0	44.00	0	24.66	4.66	1.33	0	0	
1419929014969544017	CPU_0	22.97	0	43.91	0	26.35	4.72	2.02	0	0	
1419929016510402683	CPU_0	23.44	0	44.13	0	24.13	6.89	1.37	0	0	
1419929017995664643	CPU_0	21.91	0	45.89	0	25.34	4.79	2.05	0	0	
1419929019513501528	CPU_0	26.02	0	43.83	0	23.97	4.79	1.36	0	0	
1419929021012793790	CPU_0	21.52	0	45.83	0	24.30	6.94	1.38	0	0	
1419929022523610650	CPU_0	25.17	0	42.85	0	25.17	4.76	2.04	0	0	
1419929024042067617	CPU_0	21.76	0	45.57	0	25.85	5.44	1.36	0	0	
1419929025529906280	CPU_0	26.17	0	43.62	0	23.48	4.69	2.01	0	0	
1419929027036694732	CPU_0	17.48	0	34.96	0	41.25	4.89	1.39	0	0	
1419929028531092921	CPU_0	22.97	0	45.94	0	25.00	4.72	1.35	0	0	
1419929029992941810	CPU_0	25.00	0	43.75	0	24.30	4.86	2.08	0	0	
1419929031496658437	CPU_0	25.00	0	43.24	0	25.00	5.40	1.35	0	0	
1419929032972027753	CPU_0	26.76	0	40.14	0	26.05	4.92	2.11	0	0	
1419929034455444551	CPU_0	25.51	0	43.44	0	24.82	4.82	1.37	0	0	
1419929035957637056	CPU_0	24.82	0	42.06	0	26.89	4.82	1.37	0	0	
1419929037433570287	CPU_0	25.87	0	41.25	0	25.87	4.89	2.09	0	0	
1419929038936727373	CPU_0	23.07	0	45.45	0	25.17	4.89	1.39	0	0	
1419929040463886321	CPU_0	25.82	0	42.38	0	24.50	5.29	1.98	0	0	
1419929041928318329	CPU_0	23.23	0	45.07	0	25.35	4.92	1.40	0	0	
1419929043439310188	CPU_0	24.83	0	42.95	0	24.83	5.36	2.01	0	0	
1419929044901688076	CPU_0	22.91	0	45.83	0	25.00	4.86	1.38	0	0	
1419929046413461809	CPU_0	24.32	0	44.59	0	24.32	4.72	2.02	0	0	
1419929047914701066	CPU_0	23.97	0	43.83	0	26.02	4.79	1.36	0	0	
1419929049386896598	CPU_0	22.22	0	45.83	0	25.69	4.86	1.38	0	0	
1419929050899844244	CPU_0	28.08	0	39.72	0	25.34	4.79	2.05	0	0	
1419929052446523022	CPU_0	22.36	0	46.05	0	24.34	5.26	1.97	0	0	
1419929053925425330	CPU_0	26.38	0	43.05	0	20.13	9.02	1.38	0	0	
1419929055433682612	CPU_0	22.91	0	45.83	0	22.91	6.25	2.08	0	0	
1419929056935655909	CPU_0	24.13	0	44.82	0	24.13	5.51	1.37	0	0	
1419929058412256140	CPU_0	23.80	0	42.85	0	26.53	4.76	2.04	0	0	
1419929059927330865	CPU_0	24.16	0	44.96	0	24.16	5.36	1.34	0	0	
1419929061401201351	CPU_0	23.07	0	45.45	0	24.47	4.89	2.09	0	0	
1419929062911890128	CPU_0	25.34	0	43.83	0	24.65	4.79	1.36	0	0	
1419929064430061971	CPU_0	24.16	0	44.96	0	24.16	4.69	2.01	0	0	
1419929065910604150	CPU_0	22.60	0	45.89	0	24.65	5.47	1.36	0	0	
1419929067416199939	CPU_0	22.97	0	43.24	0	27.02	4.72	2.02	0	0	
1419929068964272005	CPU_0	25.85	0	43.53	0	24.48	4.76	1.36	0	0	
1419929070450051339	CPU_0	27.21	0	41.49	0	24.48	4.76	2.04	0	0	
1419929071939019374	CPU_0	23.80	0	46.25	0	23.12	5.44	1.36	0	0	
1419929073423861294	CPU_0	27.27	0	40.55	0	25.17	4.89	2.09	0	0	
1419929074946334002	CPU_0	24.32	0	42.56	0	27.02	4.72	1.35	0	0	
1419929076456840112	CPU_0	24.47	0	44.05	0	24.47	5.59	1.39	0	0	
1419929077917829378	CPU_0	26.24	0	42.55	0	21.98	7.09	2.12	0	0	
1419929079426394243	CPU_0	60.40	0	27.51	0	3.35	6.71	2.01	0	0	
1419929080916063485	CPU_0	62.67	0	26.05	0	3.52	6.33	1.40	0	0	
1419929082393474130	CPU_0	60.95	0	26.02	0	4.79	6.16	2.05	0	0	
1419929083893339474	CPU_0	61.90	0	25.85	0	4.08	6.12	2.04	0	0	
1419929085368327333	CPU_0	62.85	0	25.00	0	3.57	6.42	2.14	0	0	
1419929086876450449	CPU_0	61.22	0	25.85	0	4.76	6.80	1.36	0	0	
1419929088413064791	CPU_0	58.33	0	27.08	0	4.86	7.63	2.08	0	0	
1419929089883392494	CPU_0	63.88	0	24.30	0	3.47	6.25	2.08	0	0	
1419929091393426106	CPU_0	60.68	0	26.89	0	4.13	6.20	2.06	0	0	
1419929092876751612	CPU_0	64.53	0	23.40	0	4.25	6.38	1.41	0	0	
1419929094376175373	CPU_0	60.54	0	28.57	0	3.40	5.44	2.04	0	0	
1419929095879980541	CPU_0	60.00	0	28.00	0	4.00	6.00	2.00	0	0	
1419929097354468359	CPU_0	60.54	0	27.21	0	4.08	6.12	2.04	0	0	
1419929098866003301	CPU_0	64.58	0	23.61	0	4.16	6.25	1.38	0	0	
1419929100405631053	CPU_0	61.48	0	27.02	0	3.37	6.08	2.02	0	0	
1419929101878101542	CPU_0	60.13	0	27.27	0	4.19	6.29	2.09	0	0	
1419929103389984733	CPU_0	60.95	0	26.71	0	4.10	6.16	2.05	0	0	
1419929104857031444	CPU_0	62.14	0	25.71	0	4.28	6.42	1.42	0	0	
1419929106372258877	CPU_0	61.18	0	27.63	0	3.28	5.92	1.97	0	0	
1419929107901384653	CPU_0	63.81	0	24.34	0	3.94	5.92	1.97	0	0	
1419929109378333591	CPU_0	65.75	0	22.60	0	3.42	6.16	2.05	0	0	
1419929110890371614	CPU_0	59.72	0	25.69	0	6.25	6.25	2.08	0	0	
1419929112397259775	CPU_0	64.78	0	23.94	0	4.22	5.63	1.40	0	0	
1419929113891466465	CPU_0	62.32	0	26.02	0	3.42	6.16	2.05	0	0	
1419929115411230929	CPU_0	58.50	0	27.21	0	6.80	5.44	2.04	0	0	
1419929116889468864	CPU_0	56.84	0	28.76	0	2.73	10.27	1.36	0	0	
1419929118403342217	CPU_0	62.50	0	25.00	0	3.47	6.94	2.08	0	0	
1419929119948950121	CPU_0	62.25	0	26.49	0	3.31	5.96	1.98	0	0	
1419929121431532130	CPU_0	62.75	0	25.51	0	4.13	5.51	2.06	0	0	
1419929122946215522	CPU_0	60.40	0	27.51	0	4.02	6.04	2.01	0	0	
1419929124444448453	CPU_0	65.97	0	22.22	0	3.47	6.25	2.08	0	0	
1419929125934033820	CPU_0	60.54	0	28.57	0	3.40	6.12	1.36	0	0	
1419929127458717564	CPU_0	55.92	0	34.21	0	2.63	5.26	1.97	0	0	
1419929128936273834	CPU_0	57.71	0	34.89	0	0	5.36	2.01	0	0	
1419929130444834199	CPU_0	54.66	0	38.00	0	0	5.33	2.00	0	0	
1419929131977844550	CPU_0	56.20	0	36.60	0	0	5.22	1.96	0	0	
1419929133448365461	CPU_0	57.82	0	35.37	0	0	4.76	2.04	0	0	
1419929134950264341	CPU_0	56.00	0	36.66	0	0	5.33	2.00	0	0	
1419929136417417426	CPU_0	57.14	0	35.37	0	0	5.44	2.04	0	0	
1419929137922394675	CPU_0	59.21	0	31.57	0	1.97	5.26	1.97	0	0	
1419929139440509184	CPU_0	54.90	0	37.90	0	0	5.22	1.96	0	0	
1419929140899276914	CPU_0	60.00	0	33.10	0	0	4.82	2.06	0	0	
1419929142395163558	CPU_0	56.37	0	36.24	0	0	5.36	2.01	0	0	
1419929143855573409	CPU_0	55.10	0	37.41	0	0	5.44	2.04	0	0	
1419929145354090505	CPU_0	58.66	0	34.00	0	0	5.33	2.00	0	0	
1419929146883365573	CPU_0	57.23	0	35.52	0	0	5.26	1.97	0	0	
1419929148348351455	CPU_0	54.10	0	39.72	0	0	4.79	1.36	0	0	
1419929149847833882	CPU_0	55.03	0	37.58	0	0	5.36	2.01	0	0	
1419929151312643056	CPU_0	58.21	0	33.56	0	.68	5.47	2.05	0	0	
1419929152815021269	CPU_0	56.66	0	36.00	0	0	5.33	2.00	0	0	
1419929154348219744	CPU_0	59.21	0	34.21	0	0	4.60	1.97	0	0	
1419929155815477746	CPU_0	56.75	0	35.13	0	.67	5.40	2.02	0	0	
1419929157316718628	CPU_0	57.33	0	35.33	0	0	5.33	2.00	0	0	
1419929158782960507	CPU_0	58.90	0	34.24	0	0	4.79	2.05	0	0	
1419929160289606043	CPU_0	55.62	0	37.08	0	0	5.29	1.98	0	0	
1419929161814569495	CPU_0	54.60	0	37.50	0	.65	5.26	1.97	0	0	
1419929163282545537	CPU_0	56.75	0	35.81	0	0	5.40	2.02	0	0	
1419929164784803166	CPU_0	58.00	0	35.33	0	0	5.33	1.33	0	0	
1419929166253291374	CPU_0	55.47	0	37.67	0	0	4.79	2.05	0	0	
1419929167759202536	CPU_0	59.33	0	33.33	0	0	5.33	2.00	0	0	
1419929169274934260	CPU_0	56.00	0	36.66	0	0	5.33	2.00	0	0	
1419929170741613513	CPU_0	58.10	0	34.45	0	0	5.40	2.02	0	0	
1419929172243874892	CPU_0	58.38	0	34.22	0	.67	4.69	2.01	0	0	
1419929173707512319	CPU_0	57.43	0	34.45	0	.67	5.40	2.02	0	0	
1419929175212271610	CPU_0	63.57	0	29.13	0	0	5.29	1.98	0	0	
1419929176742326967	CPU_0	57.89	0	34.86	0	0	5.26	1.97	0	0	
1419929178213540043	CPU_0	56.75	0	36.48	0	0	4.72	2.02	0	0	
1419929179717384169	CPU_0	54.66	0	34.66	0	0	8.66	2.00	0	0	
1419929181177162896	CPU_0	83.56	0	11.64	0	0	4.10	.68	0	0	
1419929182658029075	CPU_0	93.28	0	4.02	0	0	2.01	.67	0	0	
1419929184157841585	CPU_0	95.30	0	2.01	0	0	2.01	.67	0	0	
1419929185601203725	CPU_0	95.83	0	2.77	0	0	1.38	0	0	0	
1419929187083162318	CPU_0	93.95	0	3.35	0	0	2.01	.67	0	0	
1419929188530280616	CPU_0	95.83	0	2.08	0	0	1.38	.69	0	0	
1419929190021341229	CPU_0	95.33	0	2.00	0	0	2.00	.66	0	0	
1419929191487862483	CPU_0	90.34	0	6.89	0	0	2.06	.68	0	0	
1419929192990412403	CPU_0	72.18	0	24.50	0	0	1.98	1.32	0	0	
1419929194499513892	CPU_0	66.22	0	30.46	0	0	2.64	.66	0	0	
1419929195971079467	CPU_0	72.78	0	23.12	0	0	2.72	1.36	0	0	
1419929197478191169	CPU_0	75.49	0	20.52	0	0	2.64	1.32	0	0	
1419929199013240973	CPU_0	68.83	0	27.27	0	0	2.59	1.29	0	0	
1419929200484633257	CPU_0	68.91	0	27.02	0	0	2.70	1.35	0	0	
1419929201991388585	CPU_0	77.33	0	19.33	0	0	2.66	.66	0	0	
1419929203459240668	CPU_0	70.06	0	25.85	0	0	2.72	1.36	0	0	
1419929204964254916	CPU_0	73.15	0	23.48	0	0	2.01	1.34	0	0	
1419929206494478315	CPU_0	74.02	0	22.07	0	0	2.59	1.29	0	0	
1419929207963127647	CPU_0	73.97	0	21.91	0	0	2.73	1.36	0	0	
1419929209472136844	CPU_0	68.87	0	27.81	0	0	2.64	.66	0	0	
1419929210944833000	CPU_0	70.74	0	25.17	0	0	2.72	1.36	0	0	
1419929212449570749	CPU_0	71.71	0	24.34	0	0	2.63	1.31	0	0	
1419929213955159038	CPU_0	69.53	0	26.49	0	0	2.64	1.32	0	0	
1419929215424302452	CPU_0	69.86	0	26.71	0	0	2.05	1.36	0	0	
1419929216934804395	CPU_0	72.18	0	24.50	0	0	2.64	.66	0	0	
1419929218452621948	CPU_0	71.81	0	24.16	0	0	2.68	1.34	0	0	
1419929219928854512	CPU_0	69.33	0	26.66	0	0	2.66	1.33	0	0	
1419929221500131275	CPU_0	71.24	0	24.83	0	0	2.61	1.30	0	0	
1419929223171350974	CPU_0	69.18	0	26.74	0	0	2.90	1.16	0	0	
1419929224620497434	CPU_0	86.80	0	10.41	0	0	2.08	.69	0	0	
1419929226111031132	CPU_0	85.23	0	11.40	0	0	2.68	.67	0	0	
1419929227562297129	CPU_0	83.44	0	13.79	0	0	2.06	.68	0	0	
1419929229057005568	CPU_0	84.66	0	12.00	0	0	2.00	1.33	0	0	
1419929230572267042	CPU_0	86.18	0	10.52	0	0	2.63	.65	0	0	
1419929232031162813	CPU_0	86.98	0	10.27	0	0	2.05	.68	0	0	
1419929233519252767	CPU_0	84.45	0	12.16	0	0	2.70	.67	0	0	
1419929234978017913	CPU_0	82.87	0	14.38	0	0	2.05	.68	0	0	
1419929236466981698	CPU_0	85.90	0	10.73	0	0	2.68	.67	0	0	
1419929237973183944	CPU_0	87.16	0	10.13	0	0	2.02	.67	0	0	
1419929239429549804	CPU_0	86.57	0	9.39	0	0	2.68	1.34	0	0	
1419929240927912526	CPU_0	85.23	0	12.08	0	0	2.01	.67	0	0	
1419929242383559637	CPU_0	71.91	0	21.91	0	0	5.47	.68	0	0	
1419929243880979945	CPU_0	80.00	0	14.66	0	0	4.66	.66	0	0	
1419929245367122820	CPU_0	82.19	0	14.38	0	0	2.73	.68	0	0	
1419929246837881813	CPU_0	87.24	0	9.39	0	0	2.01	1.34	0	0	
1419929248331229213	CPU_0	84.00	0	12.66	0	0	2.66	.66	0	0	
1419929249790167526	CPU_0	85.51	0	11.72	0	0	2.06	.68	0	0	
1419929251287765208	CPU_0	84.00	0	12.66	0	0	2.66	.66	0	0	
1419929252777544824	CPU_0	85.71	0	11.56	0	0	2.04	.68	0	0	
1419929254250054689	CPU_0	82.11	0	13.90	0	.66	2.64	.66	0	0	
1419929255747945329	CPU_0	84.56	0	12.75	0	0	2.01	.67	0	0	
1419929257206985849	CPU_0	82.31	0	13.60	0	0	2.72	1.36	0	0	
1419929258706281985	CPU_0	83.22	0	14.09	0	0	2.01	.67	0	0	
1419929260182923007	CPU_0	82.99	0	13.60	0	0	2.72	.68	0	0	
1419929261666584096	CPU_0	85.13	0	12.16	0	0	2.02	.67	0	0	
1419929263158497125	CPU_0	83.44	0	13.24	0	0	2.64	.66	0	0	
1419929264614821526	CPU_0	82.75	0	14.48	0	0	2.06	.68	0	0	
1419929266115331285	CPU_0	81.33	0	14.66	0	0	2.66	1.33	0	0	
1419929267607309397	CPU_0	88.43	0	8.84	0	0	2.04	.68	0	0	
1419929269067218623	CPU_0	82.55	0	13.42	0	0	3.35	.67	0	0	
1419929270554389871	CPU_0	85.23	0	12.08	0	0	2.01	.67	0	0	
1419929272002360459	CPU_0	86.01	0	11.18	0	0	2.09	.69	0	0	
1419929273493775280	CPU_0	84.56	0	12.08	0	0	2.68	.67	0	0	
1419929274956594458	CPU_0	86.98	0	10.27	0	0	2.05	.68	0	0	
1419929276440360964	CPU_0	83.22	0	13.42	0	0	2.68	.67	0	0	
1419929277930627996	CPU_0	84.66	0	12.00	0	0	2.00	1.33	0	0	
1419929279389650683	CPU_0	84.24	0	12.32	0	0	2.73	.68	0	0	
1419929280889174652	CPU_0	67.54	0	21.19	0	7.28	3.31	.66	0	0	
1419929282402099466	CPU_0	63.33	0	29.33	0	0	5.33	2.00	0	0	
1419929283868058262	CPU_0	58.78	0	33.78	0	0	6.08	1.35	0	0	
1419929285372649720	CPU_0	65.56	0	27.15	0	0	5.29	1.98	0	0	
1419929286843317130	CPU_0	63.01	0	30.13	0	0	5.47	1.36	0	0	
1419929288354601406	CPU_0	64.47	0	28.28	0	0	5.26	1.97	0	0	
1419929289883847640	CPU_0	66.88	0	25.82	0	0	5.29	1.98	0	0	
1419929291366922480	CPU_0	63.51	0	29.05	0	0	6.08	1.35	0	0	
1419929292879700252	CPU_0	64.47	0	27.63	0	0	5.92	1.97	0	0	
1419929294360457056	CPU_0	63.51	0	29.05	0	.67	5.40	1.35	0	0	
1419929295871705998	CPU_0	64.90	0	27.81	0	0	5.29	1.98	0	0	
1419929297411370959	CPU_0	62.33	0	29.87	0	0	6.49	1.29	0	0	
1419929298886141526	CPU_0	60.13	0	32.43	0	0	5.40	2.02	0	0	
1419929300404226120	CPU_0	62.91	0	30.46	0	0	5.29	1.32	0	0	
1419929301883699093	CPU_0	62.16	0	29.05	0	.67	6.08	2.02	0	0	
1419929303402935725	CPU_0	61.58	0	31.78	0	0	5.29	1.32	0	0	
1419929304925596350	CPU_0	59.47	0	32.67	0	0	5.88	1.96	0	0	
1419929306414123011	CPU_0	49.32	0	39.86	0	0	9.45	1.35	0	0	
1419929307937227384	CPU_0	58.94	0	32.45	0	0	6.62	1.98	0	0	
1419929309478689465	CPU_0	60.25	0	32.05	0	0	5.76	1.92	0	0	
1419929310969414996	CPU_0	64.42	0	28.85	0	0	5.36	1.34	0	0	
1419929312498844272	CPU_0	61.84	0	30.92	0	0	5.26	1.97	0	0	
1419929314046962296	CPU_0	63.22	0	29.03	0	.64	5.80	1.29	0	0	
1419929315540992361	CPU_0	60.00	0	32.00	0	0	6.00	2.00	0	0	
1419929317072841214	CPU_0	66.66	0	26.79	0	0	5.22	1.30	0	0	
1419929318604273568	CPU_0	64.23	0	28.47	0	0	5.29	1.98	0	0	
1419929320101340251	CPU_0	63.15	0	29.60	0	0	5.92	1.31	0	0	
1419929321629699654	CPU_0	64.05	0	28.75	0	0	5.22	1.96	0	0	
1419929323160574260	CPU_0	64.66	0	28.66	0	0	5.33	1.33	0	0	
1419929324658324775	CPU_0	59.47	0	32.67	0	.65	5.22	1.96	0	0	
1419929326193906494	CPU_0	68.45	0	23.48	0	0	6.71	1.34	0	0	
1419929327717842907	CPU_0	62.25	0	30.46	0	0	5.29	1.98	0	0	
1419929329218714332	CPU_0	61.43	0	31.37	0	.65	5.22	1.30	0	0	
1419929330749909061	CPU_0	63.39	0	28.75	0	0	5.88	1.96	0	0	
1419929332243132337	CPU_0	65.54	0	27.70	0	0	5.40	1.35	0	0	
1419929333772946361	CPU_0	65.80	0	26.45	0	0	5.80	1.93	0	0	
1419929335306293586	CPU_0	65.13	0	28.28	0	0	5.26	1.31	0	0	
1419929336800530776	CPU_0	64.66	0	28.00	0	0	5.33	2.00	0	0	
1419929338331146173	CPU_0	65.78	0	26.97	0	0	5.92	1.31	0	0	
1419929339864490315	CPU_0	64.93	0	27.27	0	0	5.84	1.94	0	0	
1419929341358330047	CPU_0	66.21	0	27.02	0	0	5.40	1.35	0	0	
1419929342895582471	CPU_0	63.63	0	29.22	0	0	5.19	1.94	0	0	
1419929344433215853	CPU_0	58.70	0	33.54	0	.64	5.80	1.29	0	0	
1419929345930443786	CPU_0	57.04	0	34.89	0	0	6.04	2.01	0	0	
1419929347464881549	CPU_0	66.44	0	26.97	0	0	5.26	1.31	0	0	
1419929349009161082	CPU_0	63.87	0	29.03	0	0	5.16	1.93	0	0	
1419929350504222895	CPU_0	61.74	0	31.54	0	0	5.36	1.34	0	0	
1419929352037214829	CPU_0	61.03	0	31.16	0	0	5.84	1.94	0	0	
1419929353598084824	CPU_0	61.29	0	32.25	0	0	5.16	1.29	0	0	
1419929355103354113	CPU_0	70.19	0	23.17	0	.66	4.63	1.32	0	0	
1419929356612351436	CPU_0	92.66	0	4.00	0	0	2.66	.66	0	0	
1419929358105105962	CPU_0	94.55	0	2.72	0	0	2.04	.68	0	0	
1419929359579824030	CPU_0	92.66	0	5.33	0	0	1.33	.66	0	0	
1419929361082698241	CPU_0	94.66	0	2.66	0	0	2.00	.66	0	0	
1419929362550978449	CPU_0	95.94	0	1.35	0	0	2.02	.67	0	0	
1419929364053393036	CPU_0	92.66	0	4.66	0	0	2.00	.66	0	0	
1419929365542084197	CPU_0	95.27	0	2.02	0	0	2.02	.67	0	0	
1419929367001769258	CPU_0	96.57	0	2.05	0	0	1.36	0	0	0	
1419929368487509884	CPU_0	91.27	0	2.68	0	0	5.36	.67	0	0	
1419929369945548198	CPU_0	91.09	0	4.10	0	0	3.42	1.36	0	0	
1419929371444426127	CPU_0	91.33	0	4.66	0	0	3.33	.66	0	0	
1419929372946232716	CPU_0	96.62	0	1.35	0	0	2.02	0	0	0	
1419929374406307068	CPU_0	95.94	0	2.02	0	0	1.35	.67	0	0	
1419929375911618274	CPU_0	92.00	0	5.33	0	0	2.00	.66	0	0	
1419929377376081449	CPU_0	91.83	0	4.76	0	0	2.72	.68	0	0	
1419929378873096382	CPU_0	94.00	0	4.00	0	0	1.33	.66	0	0	
1419929380361146877	CPU_0	93.19	0	4.08	0	0	2.04	.68	0	0	
1419929381843144928	CPU_0	94.66	0	2.66	0	0	2.00	.66	0	0	
1419929383344384644	CPU_0	94.00	0	4.00	0	0	2.00	0	0	0	
1419929384813989390	CPU_0	95.20	0	2.73	0	0	1.36	.68	0	0	
1419929386319819636	CPU_0	93.37	0	3.97	0	0	1.98	.66	0	0	
1419929387855375356	CPU_0	94.15	0	3.24	0	0	1.94	.64	0	0	
1419929389324718270	CPU_0	94.59	0	3.37	0	0	1.35	.67	0	0	
1419929390834059050	CPU_0	95.33	0	2.66	0	0	2.00	0	0	0	
1419929392335165432	CPU_0	94.55	0	3.40	0	0	1.36	.68	0	0	
1419929393821520973	CPU_0	91.39	0	5.96	0	0	1.98	.66	0	0	
1419929395330380504	CPU_0	91.39	0	5.96	0	0	1.98	.66	0	0	
1419929396808045648	CPU_0	93.95	0	3.35	0	0	2.01	.67	0	0	
1419929398315591724	CPU_0	95.33	0	2.66	0	0	1.33	.66	0	0	
1419929399860962046	CPU_0	93.54	0	3.87	0	0	1.93	.64	0	0	
1419929401337759984	CPU_0	95.91	0	2.04	0	0	2.04	0	0	0	
1419929402851410796	CPU_0	94.70	0	3.31	0	0	1.32	.66	0	0	
1419929404337043422	CPU_0	93.91	0	3.37	0	0	2.02	.67	0	0	
1419929405841121797	CPU_0	94.07	0	3.28	0	0	1.97	.65	0	0	
1419929407359661890	CPU_0	94.73	0	2.63	0	0	1.97	.65	0	0	
1419929408836231828	CPU_0	95.23	0	2.72	0	0	1.36	.68	0	0	
1419929410351400595	CPU_0	96.68	0	1.32	0	0	1.98	0	0	0	
1419929411897241541	CPU_0	94.83	0	2.58	0	0	1.93	.64	0	0	
1419929413376685264	CPU_0	94.59	0	3.37	0	0	1.35	.67	0	0	
1419929414891071366	CPU_0	94.07	0	3.28	0	0	1.97	.65	0	0	
1419929416375030663	CPU_0	94.59	0	3.37	0	0	1.35	.67	0	0	
1419929417891634759	CPU_0	94.07	0	3.28	0	0	1.97	.65	0	0	
1419929419409309020	CPU_0	94.73	0	3.28	0	0	1.97	0	0	0	
1419929420892932234	CPU_0	94.55	0	3.40	0	0	1.36	.68	0	0	
1419929422413184989	CPU_0	94.11	0	3.26	0	0	1.96	.65	0	0	
1419929423961888595	CPU_0	93.54	0	3.87	0	0	1.93	.64	0	0	
1419929425444964810	CPU_0	91.89	0	6.08	0	0	1.35	.67	0	0	
1419929426962733321	CPU_0	94.03	0	3.31	0	0	1.98	.66	0	0	
1419929428468953275	CPU_0	94.66	0	2.66	0	0	2.00	.66	0	0	
1419929429959633223	CPU_0	94.00	0	4.66	0	0	1.33	0	0	0	
1419929431479289062	CPU_0	91.44	0	3.28	0	0	4.60	.65	0	0	
1419929432963284275	CPU_0	91.94	0	3.35	0	0	4.02	.67	0	0	
1419929434484455695	CPU_0	92.76	0	4.60	0	0	1.97	.65	0	0	
1419929436023806781	CPU_0	93.50	0	3.89	0	0	1.94	.64	0	0	
1419929437507476536	CPU_0	95.30	0	2.01	0	0	2.01	.67	0	0	
1419929439025078839	CPU_0	95.36	0	2.64	0	0	1.32	.66	0	0	
1419929440550982914	CPU_0	95.33	0	2.66	0	0	2.00	0	0	0	
1419929442029804514	CPU_0	94.00	0	3.33	0	0	2.00	.66	0	0	
1419929443548076524	CPU_0	95.39	0	2.63	0	0	1.31	.65	0	0	
1419929445029587951	CPU_0	94.59	0	2.70	0	0	2.02	.67	0	0	
1419929446551532785	CPU_0	95.42	0	1.96	0	0	1.96	.65	0	0	
1419929448064648015	CPU_0	94.70	0	3.31	0	0	1.32	.66	0	0	
1419929449548185354	CPU_0	93.28	0	4.02	0	0	2.01	.67	0	0	
1419929451062788164	CPU_0	96.00	0	2.66	0	0	1.33	0	0	0	
1419929452609161442	CPU_0	94.15	0	3.24	0	0	1.94	.64	0	0	
1419929454087652251	CPU_0	94.63	0	2.68	0	0	2.01	.67	0	0	
1419929455608446463	CPU_0	95.39	0	2.63	0	0	1.31	.65	0	0	
1419929457088851559	CPU_0	75.00	0	19.59	0	0	4.05	1.35	0	0	
1419929458646996977	CPU_0	11.53	0	71.15	0	0	14.10	3.20	0	0	
1419929460191606968	CPU_0	13.63	0	68.83	0	0	14.28	3.24	0	0	
1419929461743015442	CPU_0	9.74	0	72.07	0	0	14.28	3.89	0	0	
1419929463256862837	CPU_0	13.07	0	69.28	0	.65	13.72	3.26	0	0	
1419929464809577851	CPU_0	13.54	0	69.67	0	0	13.54	3.22	0	0	
1419929466391382839	CPU_0	10.89	0	71.15	0	0	14.10	3.84	0	0	
1419929467907787603	CPU_0	12.58	0	68.87	0	0	15.23	3.31	0	0	
1419929469452365260	CPU_0	12.98	0	70.12	0	0	13.63	3.24	0	0	
1419929471025511935	CPU_0	12.65	0	70.25	0	0	13.29	3.79	0	0	
1419929472535188422	CPU_0	8.66	0	73.33	0	.66	14.00	3.33	0	0	
1419929474088344977	CPU_0	12.25	0	70.96	0	0	13.54	3.22	0	0	
1419929475662715732	CPU_0	11.46	0	70.06	0	.63	14.01	3.82	0	0	
1419929477177595249	CPU_0	10.00	0	72.00	0	.66	14.00	3.33	0	0	
1419929478721397117	CPU_0	7.14	0	75.97	0	0	13.63	3.24	0	0	
1419929480286000061	CPU_0	12.10	0	70.70	0	0	13.37	3.82	0	0	
1419929481792073015	CPU_0	10.88	0	70.74	0	0	14.96	3.40	0	0	
1419929483345489860	CPU_0	11.53	0	71.79	0	.64	12.82	3.20	0	0	
1419929484890240059	CPU_0	11.68	0	70.12	0	0	14.28	3.89	0	0	
1419929486404392995	CPU_0	9.39	0	72.48	0	.67	14.09	3.35	0	0	
1419929487951173522	CPU_0	12.90	0	70.32	0	0	13.54	3.22	0	0	
1419929489502509372	CPU_0	10.25	0	72.43	0	0	13.46	3.84	0	0	
1419929491012444442	CPU_0	12.66	0	69.33	0	.66	14.00	3.33	0	0	
1419929492557836181	CPU_0	10.45	0	71.89	0	0	14.37	3.26	0	0	
1419929494101146424	CPU_0	14.83	0	68.38	0	0	12.90	3.87	0	0	
1419929495613163115	CPU_0	10.66	0	69.33	0	0	16.66	3.33	0	0	
1419929497156312567	CPU_0	11.03	0	70.77	0	.64	14.28	3.24	0	0	
1419929498710464744	CPU_0	12.33	0	70.77	0	0	13.63	3.24	0	0	
1419929500220163065	CPU_0	15.13	0	67.76	0	0	13.15	3.94	0	0	
1419929501770066668	CPU_0	11.76	0	68.62	0	1.30	15.03	3.26	0	0	
1419929503322783932	CPU_0	11.68	0	71.42	0	0	13.63	3.24	0	0	
1419929504852011916	CPU_0	13.24	0	70.19	0	0	13.24	3.31	0	0	
1419929506386679387	CPU_0	11.53	0	71.15	0	0	13.46	3.84	0	0	
1419929507933888330	CPU_0	11.18	0	70.39	0	.65	14.47	3.28	0	0	
1419929509478671862	CPU_0	11.92	0	71.52	0	0	13.24	3.31	0	0	
1419929511000314197	CPU_0	12.25	0	69.67	0	0	14.19	3.87	0	0	
1419929512547299224	CPU_0	11.76	0	69.93	0	.65	14.37	3.26	0	0	
1419929514104831185	CPU_0	16.12	0	67.09	0	0	13.54	3.22	0	0	
1419929515622997444	CPU_0	9.15	0	73.20	0	0	13.72	3.92	0	0	
1419929517171077719	CPU_0	12.98	0	69.48	0	.64	13.63	3.24	0	0	
1419929518746843346	CPU_0	10.82	0	71.97	0	0	13.37	3.82	0	0	
1419929520256808916	CPU_0	10.66	0	72.00	0	0	14.00	3.33	0	0	
1419929521803198611	CPU_0	15.48	0	67.74	0	0	13.54	3.22	0	0	
1419929523380115069	CPU_0	11.32	0	71.06	0	.62	13.20	3.77	0	0	
1419929524892510050	CPU_0	11.92	0	71.52	0	0	13.24	3.31	0	0	
1419929526446845435	CPU_0	13.54	0	68.38	0	0	14.19	3.87	0	0	
1419929528024110308	CPU_0	10.19	0	73.24	0	0	13.37	3.18	0	0	
1419929529537319121	CPU_0	14.56	0	67.54	0	.66	13.90	3.31	0	0	
1419929531087206308	CPU_0	10.89	0	71.79	0	0	13.46	3.84	0	0	
1419929532668254756	CPU_0	8.97	0	73.07	0	.64	14.10	3.20	0	0	
1419929534176385872	CPU_0	11.92	0	71.52	0	0	13.24	3.31	0	0	
1419929535723711607	CPU_0	8.49	0	73.20	0	0	14.37	3.92	0	0	
1419929537302797726	CPU_0	15.38	0	66.66	0	.64	14.10	3.20	0	0	
1419929538815410165	CPU_0	11.92	0	71.52	0	0	13.24	3.31	0	0	
1419929540369085677	CPU_0	10.19	0	72.61	0	0	13.37	3.82	0	0	
1419929541955991320	CPU_0	8.28	0	73.24	0	.63	14.64	3.18	0	0	
1419929543476034992	CPU_0	14.37	0	68.62	0	0	13.07	3.92	0	0	
1419929545025252514	CPU_0	12.33	0	70.77	0	0	13.63	3.24	0	0	
1419929546602170846	CPU_0	10.82	0	71.33	0	.63	14.01	3.18	0	0	
1419929548117350821	CPU_0	14.37	0	67.97	0	0	13.72	3.92	0	0	
1419929549668371422	CPU_0	12.50	0	69.73	0	.65	13.81	3.28	0	0	
1419929551219313440	CPU_0	10.45	0	71.89	0	0	14.37	3.26	0	0	
1419929552737971657	CPU_0	11.68	0	70.12	0	.64	13.63	3.89	0	0	
1419929554291858626	CPU_0	12.25	0	71.61	0	0	12.90	3.22	0	0	
1419929555841571188	CPU_0	12.90	0	69.03	0	0	14.19	3.87	0	0	
1419929557352609089	CPU_0	10.06	0	69.79	0	.67	16.10	3.35	0	0	
1419929558906487600	CPU_0	12.82	0	69.23	0	0	14.74	3.20	0	0	
1419929560459094239	CPU_0	14.19	0	68.38	0	0	14.19	3.22	0	0	
1419929561976187084	CPU_0	9.27	0	72.18	0	.66	14.56	3.31	0	0	
1419929563528852806	CPU_0	9.09	0	74.02	0	0	12.98	3.89	0	0	
1419929565085465394	CPU_0	14.74	0	68.58	0	0	13.46	3.20	0	0	
1419929566661577437	CPU_0	12.33	0	68.83	0	.64	14.28	3.89	0	0	
1419929568181540318	CPU_0	9.74	0	73.37	0	0	13.63	3.24	0	0	
1419929569739259445	CPU_0	13.37	0	69.42	0	0	13.37	3.82	0	0	
1419929571325427631	CPU_0	13.37	0	69.42	0	0	14.01	3.18	0	0	
1419929572843817557	CPU_0	12.58	0	70.86	0	0	13.24	3.31	0	0	
1419929574399050482	CPU_0	10.89	0	71.79	0	0	13.46	3.84	0	0	
1419929575964529382	CPU_0	14.19	0	67.74	0	.64	14.19	3.22	0	0	
1419929577486904132	CPU_0	13.81	0	67.76	0	.65	14.47	3.28	0	0	
1419929579044726343	CPU_0	13.37	0	69.42	0	0	13.37	3.82	0	0	
1419929580599973767	CPU_0	9.15	0	73.20	0	0	14.37	3.26	0	0	
1419929582117852069	CPU_0	10.59	0	70.86	0	.66	14.56	3.31	0	0	
1419929583674086158	CPU_0	14.74	0	67.94	0	0	13.46	3.84	0	0	
1419929585234555945	CPU_0	14.10	0	69.23	0	0	13.46	3.20	0	0	
1419929586830363235	CPU_0	13.20	0	67.92	0	.62	14.46	3.77	0	0	
1419929588350559906	CPU_0	10.52	0	73.02	0	0	13.15	3.28	0	0	
1419929589903207295	CPU_0	11.11	0	71.89	0	0	13.72	3.26	0	0	
1419929591462760209	CPU_0	9.03	0	72.25	0	.64	14.19	3.87	0	0	
1419929592981670092	CPU_0	11.25	0	70.19	0	.66	14.56	3.31	0	0	
1419929594542401754	CPU_0	10.89	0	72.43	0	0	13.46	3.20	0	0	
1419929596097802470	CPU_0	12.25	0	70.32	0	0	13.54	3.87	0	0	
1419929597622345840	CPU_0	11.33	0	71.33	0	0	14.00	3.33	0	0	
1419929599175107020	CPU_0	11.03	0	70.77	0	.64	14.28	3.24	0	0	
1419929600737703969	CPU_0	12.73	0	70.70	0	0	12.73	3.82	0	0	
1419929602304723450	CPU_0	13.07	0	69.28	0	0	14.37	3.26	0	0	
1419929603826546868	CPU_0	16.12	0	65.16	0	.64	14.19	3.87	0	0	
1419929605382110208	CPU_0	12.17	0	71.15	0	0	13.46	3.20	0	0	
1419929606944555741	CPU_0	9.09	0	72.72	0	.64	14.28	3.24	0	0	
1419929608460423297	CPU_0	12.00	0	70.00	0	.66	14.00	3.33	0	0	
1419929610019487588	CPU_0	8.97	0	73.71	0	0	13.46	3.84	0	0	
1419929611568893443	CPU_0	11.76	0	70.58	0	0	14.37	3.26	0	0	
1419929613091398276	CPU_0	13.81	0	69.07	0	0	13.15	3.94	0	0	
1419929614650351191	CPU_0	12.25	0	70.96	0	0	13.54	3.22	0	0	
1419929616212623516	CPU_0	14.10	0	67.30	0	.64	14.74	3.20	0	0	
1419929617782944989	CPU_0	16.66	0	66.66	0	0	12.82	3.84	0	0	
1419929619303946868	CPU_0	13.72	0	67.97	0	.65	14.37	3.26	0	0	
1419929620861955744	CPU_0	8.97	0	71.79	0	0	16.02	3.20	0	0	
1419929622428726892	CPU_0	12.25	0	69.03	0	.64	14.19	3.87	0	0	
1419929623947403650	CPU_0	11.84	0	70.39	0	0	14.47	3.28	0	0	
1419929625508381228	CPU_0	16.77	0	66.45	0	0	13.54	3.22	0	0	
1419929627061914198	CPU_0	10.82	0	71.33	0	.63	13.37	3.82	0	0	
1419929628594039551	CPU_0	11.84	0	71.71	0	0	13.15	3.28	0	0	
1419929630137752418	CPU_0	11.68	0	70.12	0	0	14.93	3.24	0	0	
1419929631702572446	CPU_0	12.17	0	69.87	0	.64	13.46	3.84	0	0	
1419929633268380429	CPU_0	10.45	0	72.54	0	0	13.72	3.26	0	0	
1419929634792411467	CPU_0	11.53	0	71.15	0	0	14.10	3.20	0	0	
1419929636350635926	CPU_0	13.07	0	67.97	0	.65	14.37	3.92	0	0	
1419929637935295866	CPU_0	14.55	0	68.98	0	0	13.29	3.16	0	0	
1419929639450301633	CPU_0	11.33	0	71.33	0	0	14.00	3.33	0	0	
1419929641007994094	CPU_0	10.25	0	72.43	0	0	13.46	3.84	0	0	
1419929642559288611	CPU_0	7.74	0	74.19	0	.64	14.19	3.22	0	0	
1419929644074958168	CPU_0	9.27	0	72.84	0	.66	13.90	3.31	0	0	
1419929645630155425	CPU_0	11.53	0	71.15	0	0	13.46	3.84	0	0	
1419929647190267714	CPU_0	9.74	0	72.07	0	.64	14.28	3.24	0	0	
1419929648726100516	CPU_0	11.40	0	70.46	0	.67	14.09	3.35	0	0	
1419929650264491188	CPU_0	12.17	0	70.51	0	0	13.46	3.84	0	0	
1419929651821107900	CPU_0	10.25	0	73.07	0	0	13.46	3.20	0	0	
1419929653418715769	CPU_0	12.33	0	68.83	0	.64	14.93	3.24	0	0	
1419929654936805737	CPU_0	11.84	0	71.05	0	0	13.15	3.94	0	0	
1419929656499412311	CPU_0	12.17	0	71.15	0	0	13.46	3.20	0	0	
1419929658056764023	CPU_0	10.75	0	71.51	0	.63	13.92	3.16	0	0	
1419929659572606079	CPU_0	11.33	0	70.66	0	0	14.00	4.00	0	0	
1419929661128634127	CPU_0	9.67	0	73.54	0	0	13.54	3.22	0	0	
1419929662691161785	CPU_0	10.82	0	70.70	0	.63	14.01	3.82	0	0	
1419929664269630281	CPU_0	9.67	0	72.90	0	0	14.19	3.22	0	0	
1419929665789016412	CPU_0	12.50	0	70.39	0	0	13.81	3.28	0	0	
1419929667346851956	CPU_0	14.01	0	68.78	0	.63	12.73	3.82	0	0	
1419929668907510660	CPU_0	9.15	0	73.20	0	0	14.37	3.26	0	0	
1419929670428788037	CPU_0	11.18	0	71.71	0	0	13.81	3.28	0	0	
1419929671987141454	CPU_0	12.90	0	68.38	0	.64	14.19	3.87	0	0	
1419929673545252539	CPU_0	11.11	0	71.24	0	.65	13.72	3.26	0	0	
1419929675113875807	CPU_0	10.38	0	72.72	0	0	13.63	3.24	0	0	
1419929676633440439	CPU_0	11.11	0	70.58	0	0	14.37	3.92	0	0	
1419929678195393681	CPU_0	9.67	0	71.61	0	1.29	14.19	3.22	0	0	
1419929679796265209	CPU_0	12.57	0	71.06	0	0	13.20	3.14	0	0	
1419929681320553621	CPU_0	12.66	0	68.66	0	.66	14.00	4.00	0	0	
1419929682877678291	CPU_0	9.03	0	74.19	0	0	13.54	3.22	0	0	
1419929684437697371	CPU_0	8.91	0	71.33	0	0	16.56	3.18	0	0	
1419929685956277713	CPU_0	12.50	0	69.73	0	0	13.81	3.94	0	0	
1419929687517029708	CPU_0	16.23	0	65.58	0	.64	14.28	3.24	0	0	
1419929689068388684	CPU_0	15.58	0	68.18	0	0	12.98	3.24	0	0	
1419929690590492267	CPU_0	11.03	0	71.42	0	0	13.63	3.89	0	0	
1419929692150463931	CPU_0	9.21	0	71.05	0	1.31	15.13	3.28	0	0	
1419929693708804223	CPU_0	9.03	0	74.19	0	0	13.54	3.22	0	0	
1419929695262009694	CPU_0	11.68	0	71.42	0	0	12.98	3.89	0	0	
1419929696787137646	CPU_0	10.38	0	71.42	0	.64	14.28	3.24	0	0	
1419929698340477325	CPU_0	9.03	0	72.90	0	.64	14.19	3.22	0	0	
1419929699924587349	CPU_0	12.02	0	70.88	0	0	13.29	3.79	0	0	
1419929701449454469	CPU_0	12.50	0	69.73	0	.65	13.81	3.28	0	0	
1419929703008618467	CPU_0	11.76	0	70.58	0	0	14.37	3.26	0	0	
1419929704601354056	CPU_0	10.69	0	72.32	0	0	13.20	3.77	0	0	
1419929706120448397	CPU_0	10.52	0	72.36	0	0	13.81	3.28	0	0	
1419929707679128605	CPU_0	14.19	0	67.09	0	.64	14.19	3.87	0	0	
1419929709247626499	CPU_0	11.46	0	71.97	0	0	13.37	3.18	0	0	
1419929710771191538	CPU_0	12.41	0	70.58	0	0	13.07	3.92	0	0	
1419929712334495652	CPU_0	11.18	0	69.07	0	1.31	15.13	3.28	0	0	
1419929713896150728	CPU_0	9.61	0	73.71	0	0	13.46	3.20	0	0	
1419929715432160822	CPU_0	9.86	0	73.02	0	0	13.15	3.94	0	0	
1419929716977399686	CPU_0	10.25	0	71.79	0	.64	14.10	3.20	0	0	
1419929718536888225	CPU_0	13.63	0	68.83	0	.64	13.63	3.24	0	0	
1419929720124158201	CPU_0	10.06	0	72.32	0	0	13.83	3.77	0	0	
1419929721643695541	CPU_0	8.66	0	74.00	0	0	14.00	3.33	0	0	
1419929723198838882	CPU_0	11.76	0	69.93	0	.65	14.37	3.26	0	0	
1419929724777394003	CPU_0	13.92	0	68.98	0	0	13.29	3.79	0	0	
1419929726294437557	CPU_0	11.84	0	71.71	0	0	13.15	3.28	0	0	
1419929727851251728	CPU_0	32.05	0	53.84	.64	0	10.25	3.20	0	0	
1419929729409540812	CPU_0	62.82	0	28.20	0	.64	7.05	1.28	0	0	
1419929730906742370	CPU_0	61.74	0	30.20	0	0	6.04	2.01	0	0	
1419929732446302455	CPU_0	65.58	0	25.97	0	0	6.49	1.94	0	0	
1419929734009033529	CPU_0	63.05	0	28.66	0	0	6.36	1.91	0	0	
1419929735506770336	CPU_0	66.44	0	25.50	0	0	6.04	2.01	0	0	
1419929737045216424	CPU_0	58.82	0	32.02	0	0	7.84	1.30	0	0	
1419929738605182629	CPU_0	62.74	0	28.75	0	0	6.53	1.96	0	0	
1419929740107981966	CPU_0	63.81	0	28.28	0	0	5.92	1.97	0	0	
1419929741646323346	CPU_0	64.51	0	27.09	0	0	6.45	1.93	0	0	
1419929743199827691	CPU_0	62.33	0	28.57	0	.64	6.49	1.94	0	0	
1419929744697670497	CPU_0	64.47	0	27.63	0	0	5.92	1.97	0	0	
1419929746240373909	CPU_0	65.35	0	25.49	0	0	7.84	1.30	0	0	
1419929747791418176	CPU_0	66.44	0	22.36	0	0	9.21	1.97	0	0	
1419929749290125980	CPU_0	60.52	0	29.60	0	0	7.89	1.97	0	0	
1419929750827116697	CPU_0	62.98	0	28.57	0	0	6.49	1.94	0	0	
1419929752371125022	CPU_0	64.47	0	26.97	0	0	6.57	1.97	0	0	
1419929753873077319	CPU_0	66.44	0	25.00	0	0	6.57	1.97	0	0	
1419929755412533071	CPU_0	62.74	0	29.41	0	0	6.53	1.30	0	0	
1419929756965053544	CPU_0	62.98	0	28.57	0	0	6.49	1.94	0	0	
1419929758467817255	CPU_0	62.50	0	28.94	0	0	6.57	1.97	0	0	
1419929760010363167	CPU_0	61.29	0	30.32	0	0	6.45	1.93	0	0	
1419929761579536226	CPU_0	63.87	0	28.38	0	0	5.80	1.93	0	0	
1419929763086448887	CPU_0	59.86	0	29.60	0	.65	7.89	1.97	0	0	
1419929764627753718	CPU_0	63.39	0	28.75	0	0	6.53	1.30	0	0	
1419929766197648026	CPU_0	66.02	0	25.00	0	0	7.05	1.92	0	0	
1419929767702013817	CPU_0	63.81	0	28.28	0	0	5.92	1.97	0	0	
1419929769241806027	CPU_0	65.35	0	26.14	0	0	6.53	1.96	0	0	
1419929770804902642	CPU_0	62.09	0	28.10	0	.65	7.18	1.96	0	0	
1419929772310095223	CPU_0	64.47	0	27.63	0	0	6.57	1.31	0	0	
1419929773851447846	CPU_0	65.58	0	25.97	0	0	6.49	1.94	0	0	
1419929775436328369	CPU_0	65.40	0	26.41	0	0	6.28	1.88	0	0	
1419929776936129504	CPU_0	65.77	0	26.17	0	0	6.04	2.01	0	0	
1419929778485560775	CPU_0	48.70	0	37.01	0	.64	11.03	2.59	0	0	
1419929780069097968	CPU_0	22.51	0	54.30	0	.66	18.54	3.97	0	0	
1419929781586671770	CPU_0	16.89	0	60.81	0	.67	18.24	3.37	0	0	
1419929783136370291	CPU_0	20.12	0	56.49	0	1.29	18.18	3.89	0	0	
1419929784696793912	CPU_0	19.48	0	57.79	0	.64	18.18	3.89	0	0	
1419929786206236150	CPU_0	13.88	0	61.80	0	1.38	19.44	3.47	0	0	
1419929787759102955	CPU_0	21.05	0	55.26	0	1.31	18.42	3.94	0	0	
1419929789304239652	CPU_0	19.60	0	58.82	0	0	17.64	3.92	0	0	
1419929790817714256	CPU_0	19.46	0	57.71	0	.67	18.12	4.02	0	0	
1419929792361041624	CPU_0	18.54	0	58.27	0	1.32	18.54	3.31	0	0	
1419929793908653400	CPU_0	21.56	0	55.55	0	.65	18.30	3.92	0	0	
1419929795416860307	CPU_0	18.91	0	58.10	0	.67	18.24	4.05	0	0	
1419929796963043961	CPU_0	20.80	0	56.37	0	1.34	18.12	3.35	0	0	
1419929798499263887	CPU_0	20.26	0	55.55	0	1.30	18.95	3.92	0	0	
1419929800038803973	CPU_0	22.29	0	56.08	0	0	17.56	4.05	0	0	
1419929801562413928	CPU_0	20.26	0	56.86	0	.65	18.30	3.92	0	0	
1419929803112339448	CPU_0	20.13	0	56.37	0	1.34	18.79	3.35	0	0	
1419929804698649051	CPU_0	19.60	0	57.51	0	.65	18.30	3.92	0	0	
1419929806212468738	CPU_0	18.91	0	56.75	0	1.35	18.91	4.05	0	0	
1419929807759339515	CPU_0	21.62	0	55.40	0	.67	18.24	4.05	0	0	
1419929809332478398	CPU_0	16.55	0	58.94	0	.66	20.52	3.31	0	0	
1419929810842269510	CPU_0	22.00	0	54.66	0	.66	18.66	4.00	0	0	
1419929812389829452	CPU_0	20.52	0	56.95	0	.66	18.54	3.31	0	0	
1419929813942953590	CPU_0	19.20	0	57.61	0	.66	18.54	3.97	0	0	
1419929815457195733	CPU_0	22.14	0	54.36	0	1.34	18.12	4.02	0	0	
1419929817008232001	CPU_0	19.48	0	57.79	0	.64	18.18	3.89	0	0	
1419929818559407893	CPU_0	22.51	0	54.96	0	.66	18.54	3.31	0	0	
1419929820069136297	CPU_0	27.39	0	50.00	0	.68	17.80	4.10	0	0	
1419929821626167217	CPU_0	18.30	0	58.16	0	1.30	18.30	3.92	0	0	
1419929823174123533	CPU_0	19.33	0	57.33	0	.66	18.66	4.00	0	0	
1419929824684756602	CPU_0	19.04	0	58.50	0	.68	18.36	3.40	0	0	
1419929826233314792	CPU_0	16.55	0	59.60	0	1.32	18.54	3.97	0	0	
1419929827781571857	CPU_0	27.09	0	51.61	0	0	17.41	3.87	0	0	
1419929829308981512	CPU_0	21.85	0	55.62	0	.66	17.88	3.97	0	0	
1419929830838997286	CPU_0	23.12	0	52.38	0	1.36	19.72	3.40	0	0	
1419929832387418102	CPU_0	17.53	0	60.38	0	.64	17.53	3.89	0	0	
1419929833939166117	CPU_0	19.46	0	57.04	0	1.34	18.12	4.02	0	0	
1419929835458120917	CPU_0	21.19	0	56.95	0	0	18.54	3.31	0	0	
1419929837007670313	CPU_0	19.86	0	57.61	0	.66	17.88	3.97	0	0	
1419929838588489803	CPU_0	24.67	0	51.29	0	1.29	18.83	3.89	0	0	
1419929840102215573	CPU_0	18.91	0	58.10	0	.67	18.24	4.05	0	0	
1419929841652739008	CPU_0	21.05	0	57.23	0	0	17.76	3.94	0	0	
1419929843238068114	CPU_0	18.18	0	57.79	0	1.94	18.83	3.24	0	0	
1419929844751439968	CPU_0	20.80	0	57.04	0	.67	17.44	4.02	0	0	
1419929846302233861	CPU_0	22.66	0	54.00	0	.66	18.66	4.00	0	0	
1419929847884698181	CPU_0	16.99	0	58.16	0	1.96	18.95	3.92	0	0	
1419929849402884232	CPU_0	19.04	0	58.50	0	.68	18.36	3.40	0	0	
1419929850954305249	CPU_0	21.85	0	55.62	0	.66	17.88	3.97	0	0	
1419929852533179452	CPU_0	17.53	0	59.74	0	.64	18.18	3.89	0	0	
1419929854053846581	CPU_0	20.66	0	56.66	0	.66	18.00	4.00	0	0	
1419929855613643286	CPU_0	20.77	0	56.49	0	.64	18.18	3.89	0	0	
1419929857166914799	CPU_0	21.85	0	55.62	0	.66	18.54	3.31	0	0	
1419929858687879427	CPU_0	19.31	0	56.55	0	1.37	18.62	4.13	0	0	
1419929860239020361	CPU_0	19.86	0	56.95	0	.66	18.54	3.97	0	0	
1419929861793788786	CPU_0	17.68	0	58.50	0	1.36	19.04	3.40	0	0	
1419929863305380019	CPU_0	23.48	0	53.69	0	.67	18.12	4.02	0	0	
1419929864860280653	CPU_0	22.22	0	55.55	0	1.30	17.64	3.26	0	0	
1419929866406113307	CPU_0	20.66	0	56.00	0	.66	18.66	4.00	0	0	
1419929867959323778	CPU_0	21.33	0	54.66	0	1.33	18.66	4.00	0	0	
1419929869483469274	CPU_0	19.72	0	56.46	0	1.36	19.04	3.40	0	0	
1419929871035996413	CPU_0	16.33	0	62.09	0	0	17.64	3.92	0	0	
1419929872622372016	CPU_0	20.77	0	53.24	0	1.29	20.77	3.89	0	0	
1419929874141840856	CPU_0	21.33	0	56.66	0	0	18.66	3.33	0	0	
1419929875699235609	CPU_0	20.77	0	55.84	0	1.29	18.18	3.89	0	0	
1419929877253506827	CPU_0	20.00	0	57.33	0	.66	18.00	4.00	0	0	
1419929878772760251	CPU_0	23.64	0	52.02	0	1.35	18.91	4.05	0	0	
1419929880329999629	CPU_0	21.56	0	56.86	0	0	17.64	3.92	0	0	
1419929881886717050	CPU_0	22.22	0	54.90	0	1.30	18.30	3.26	0	0	
1419929883408874675	CPU_0	20.66	0	57.33	0	0	18.00	4.00	0	0	
1419929884962933144	CPU_0	22.58	0	54.83	0	.64	18.06	3.87	0	0	
1419929886526905882	CPU_0	19.73	0	56.57	0	1.31	18.42	3.94	0	0	
1419929888092968281	CPU_0	19.33	0	58.00	0	1.33	18.00	3.33	0	0	
1419929889616821986	CPU_0	20.39	0	55.92	0	.65	19.07	3.94	0	0	
1419929891170446831	CPU_0	19.20	0	58.27	0	.66	17.88	3.97	0	0	
1419929892748564870	CPU_0	20.51	0	55.76	0	1.28	18.58	3.84	0	0	
1419929894271898367	CPU_0	22.51	0	56.29	0	0	17.21	3.97	0	0	
1419929895826838542	CPU_0	17.88	0	59.60	0	.66	18.54	3.31	0	0	
1419929897385986249	CPU_0	22.00	0	54.66	0	.66	18.66	4.00	0	0	
1419929898909079164	CPU_0	20.80	0	55.70	0	1.34	18.12	4.02	0	0	
1419929900470265242	CPU_0	21.79	0	56.41	0	0	17.94	3.84	0	0	
1419929902030244697	CPU_0	17.88	0	58.94	0	.66	18.54	3.97	0	0	
1419929903557226228	CPU_0	18.36	0	57.14	0	2.04	19.04	3.40	0	0	
1419929905110437782	CPU_0	20.26	0	58.16	0	0	17.64	3.92	0	0	
1419929906666923537	CPU_0	17.64	0	60.78	0	0	17.64	3.92	0	0	
1419929908248353985	CPU_0	20.27	0	54.05	0	2.70	19.59	3.37	0	0	
1419929909764198000	CPU_0	20.00	0	57.33	0	.66	18.00	4.00	0	0	
1419929911320038631	CPU_0	21.85	0	54.96	0	.66	18.54	3.97	0	0	
1419929912877051635	CPU_0	22.87	0	53.59	0	1.30	18.30	3.92	0	0	
1419929914397747180	CPU_0	22.14	0	56.37	0	0	18.12	3.35	0	0	
1419929915952642855	CPU_0	20.12	0	57.79	0	.64	17.53	3.89	0	0	
1419929917511684646	CPU_0	18.00	0	56.66	0	2.00	19.33	4.00	0	0	
1419929919054636307	CPU_0	21.47	0	57.04	0	0	17.44	4.02	0	0	
1419929920589886194	CPU_0	20.26	0	57.51	0	.65	18.30	3.26	0	0	
1419929922146527032	CPU_0	16.00	0	59.33	0	1.33	19.33	4.00	0	0	
1419929923715655341	CPU_0	18.58	0	58.97	0	.64	17.94	3.84	0	0	
1419929925236039429	CPU_0	18.79	0	59.73	0	0	17.44	4.02	0	0	
1419929926778498466	CPU_0	21.08	0	55.10	0	1.36	19.04	3.40	0	0	
1419929928340392584	CPU_0	19.07	0	56.57	0	1.31	19.07	3.94	0	0	
1419929929878144756	CPU_0	16.10	0	61.07	0	1.34	18.12	3.35	0	0	
1419929931423139371	CPU_0	20.26	0	58.16	0	0	17.64	3.92	0	0	
1419929932982301287	CPU_0	20.91	0	55.55	0	1.30	18.30	3.92	0	0	
1419929934569133722	CPU_0	19.23	0	58.97	0	0	17.94	3.84	0	0	
1419929936084358030	CPU_0	14.76	0	59.73	0	1.34	20.80	3.35	0	0	
1419929937647610227	CPU_0	20.77	0	56.49	0	.64	18.18	3.89	0	0	
1419929939235477202	CPU_0	17.76	0	59.21	0	.65	18.42	3.94	0	0	
1419929940756358789	CPU_0	24.66	0	52.66	0	.66	18.00	4.00	0	0	
1419929942312024212	CPU_0	20.91	0	56.20	0	.65	18.30	3.92	0	0	
1419929943877026072	CPU_0	18.06	0	60.00	0	.64	17.41	3.87	0	0	
1419929945399326489	CPU_0	22.44	0	54.42	0	.68	19.04	3.40	0	0	
1419929946956737034	CPU_0	19.07	0	57.23	0	1.31	18.42	3.94	0	0	
1419929948510271462	CPU_0	19.20	0	56.95	0	1.32	19.20	3.31	0	0	
1419929950029544344	CPU_0	14.76	0	62.41	0	.67	18.12	4.02	0	0	
1419929951588849717	CPU_0	22.72	0	53.89	0	1.29	18.18	3.89	0	0	
1419929953145271889	CPU_0	14.66	0	62.66	0	.66	18.00	4.00	0	0	
1419929954721130224	CPU_0	22.72	0	55.84	0	0	17.53	3.89	0	0	
1419929956242140228	CPU_0	22.66	0	54.00	0	1.33	18.66	3.33	0	0	
1419929957804586094	CPU_0	19.35	0	56.77	0	1.29	18.70	3.87	0	0	
1419929959357876731	CPU_0	18.30	0	60.13	0	0	17.64	3.92	0	0	
1419929960877197155	CPU_0	24.16	0	52.34	0	1.34	18.12	4.02	0	0	
1419929962434767740	CPU_0	16.66	0	60.00	0	1.33	18.66	3.33	0	0	
1419929963992741825	CPU_0	18.95	0	58.16	0	.65	18.30	3.92	0	0	
1419929965548727331	CPU_0	19.33	0	57.33	0	.66	18.66	4.00	0	0	
1419929967081180350	CPU_0	19.60	0	57.51	0	.65	18.30	3.92	0	0	
1419929968639373892	CPU_0	20.66	0	56.00	0	1.33	18.66	3.33	0	0	
1419929970231666106	CPU_0	20.00	0	57.50	0	.62	17.50	4.37	0	0	
1419929971751223446	CPU_0	16.32	0	61.22	0	.68	18.36	3.40	0	0	
1419929973319975173	CPU_0	19.35	0	57.41	0	1.29	18.06	3.87	0	0	
1419929974876207345	CPU_0	19.86	0	56.95	0	.66	18.54	3.97	0	0	
1419929976402314128	CPU_0	23.33	0	53.33	0	.66	18.66	4.00	0	0	
1419929977952590772	CPU_0	20.26	0	58.16	0	.65	17.64	3.26	0	0	
1419929979515505721	CPU_0	23.37	0	55.19	0	0	17.53	3.89	0	0	
1419929981073034473	CPU_0	18.36	0	57.14	0	1.36	19.04	4.08	0	0	
1419929982603820162	CPU_0	19.20	0	56.95	0	1.32	18.54	3.97	0	0	
1419929984162701620	CPU_0	17.88	0	60.26	0	0	17.88	3.97	0	0	
1419929985748067725	CPU_0	21.05	0	55.26	0	1.31	19.07	3.28	0	0	
1419929987267593190	CPU_0	18.79	0	57.04	0	1.34	18.79	4.02	0	0	
1419929988824725902	CPU_0	22.87	0	55.55	0	0	17.64	3.92	0	0	
1419929990380355492	CPU_0	19.73	0	56.57	0	1.31	18.42	3.94	0	0	
1419929991902077868	CPU_0	18.36	0	57.82	0	1.36	19.04	3.40	0	0	
1419929993462214156	CPU_0	16.44	0	61.84	0	0	17.76	3.94	0	0	
1419929995020191866	CPU_0	20.12	0	57.14	0	.64	18.18	3.89	0	0	
1419929996557517582	CPU_0	19.86	0	55.47	0	1.36	19.17	4.10	0	0	
1419929998098690914	CPU_0	22.87	0	54.90	0	.65	17.64	3.92	0	0	
1419929999654935211	CPU_0	21.42	0	53.89	0	.64	20.77	3.24	0	0	
1419930001221845900	CPU_0	22.51	0	54.96	0	.66	17.88	3.97	0	0	
1419930002747568476	CPU_0	17.88	0	58.27	0	1.32	19.20	3.31	0	0	
1419930004306372892	CPU_0	24.18	0	54.24	0	0	17.64	3.92	0	0	
1419930005869024007	CPU_0	18.95	0	57.51	0	1.30	18.30	3.92	0	0	
1419930007396469246	CPU_0	17.56	0	58.78	0	1.35	18.91	3.37	0	0	
1419930008955454162	CPU_0	20.00	0	58.06	0	.64	17.41	3.87	0	0	
1419930010514248620	CPU_0	20.66	0	56.00	0	.66	18.66	4.00	0	0	
1419930012041955816	CPU_0	19.17	0	56.16	0	1.36	19.17	4.10	0	0	
1419930013593003583	CPU_0	24.84	0	52.86	0	.63	17.83	3.82	0	0	
1419930015151529125	CPU_0	21.85	0	56.95	0	0	17.88	3.31	0	0	
1419930016742009343	CPU_0	16.44	0	59.21	0	1.31	19.07	3.94	0	0	
1419930018258888189	CPU_0	23.02	0	54.60	0	.65	17.76	3.94	0	0	
1419930019823810383	CPU_0	20.39	0	56.57	0	.65	18.42	3.94	0	0	
1419930021380139430	CPU_0	21.47	0	55.03	0	1.34	18.79	3.35	0	0	
1419930022902888846	CPU_0	22.87	0	54.90	0	.65	17.64	3.92	0	0	
1419930024464139173	CPU_0	19.73	0	57.23	0	.65	18.42	3.94	0	0	
1419930026027236913	CPU_0	19.20	0	56.29	0	1.32	19.20	3.97	0	0	
1419930027578067055	CPU_0	20.27	0	56.75	0	1.35	18.24	3.37	0	0	
1419930029104035006	CPU_0	19.60	0	58.16	0	.65	17.64	3.92	0	0	
1419930030663601253	CPU_0	20.77	0	57.14	0	0	18.18	3.89	0	0	
1419930032247614695	CPU_0	23.84	0	51.65	0	1.32	19.20	3.97	0	0	
1419930033769065114	CPU_0	18.42	0	59.21	0	.65	17.76	3.94	0	0	
1419930035331736729	CPU_0	20.77	0	56.49	0	.64	18.18	3.89	0	0	
1419930036914675132	CPU_0	19.60	0	56.20	0	1.96	18.95	3.26	0	0	
1419930038440590207	CPU_0	19.46	0	58.38	0	0	18.12	4.02	0	0	
1419930039996520755	CPU_0	24.02	0	53.89	0	.64	17.53	3.89	0	0	
1419930041557727332	CPU_0	18.54	0	57.61	0	1.32	18.54	3.97	0	0	
1419930043075938925	CPU_0	15.75	0	60.27	0	1.36	19.17	3.42	0	0	
1419930044637507918	CPU_0	18.18	0	60.38	0	0	17.53	3.89	0	0	
1419930046197214499	CPU_0	21.33	0	55.33	0	.66	18.66	4.00	0	0	
1419930047764964061	CPU_0	17.21	0	58.94	0	1.32	18.54	3.97	0	0	
1419930049284227860	CPU_0	19.86	0	56.95	0	.66	18.54	3.97	0	0	
1419930050847491224	CPU_0	19.60	0	58.82	0	0	17.64	3.92	0	0	
1419930052438624608	CPU_0	23.22	0	52.90	0	1.93	18.70	3.22	0	0	
1419930053967695218	CPU_0	24.83	0	53.02	0	0	18.12	4.02	0	0	
1419930055528470588	CPU_0	20.77	0	56.49	0	.64	18.18	3.89	0	0	
1419930057090123081	CPU_0	17.21	0	58.94	0	1.32	18.54	3.97	0	0	
1419930058609460796	CPU_0	18.54	0	58.94	0	1.32	17.88	3.31	0	0	
1419930060173003201	CPU_0	21.56	0	55.55	0	.65	18.30	3.92	0	0	
1419930061732374908	CPU_0	18.70	0	56.77	0	.64	20.00	3.87	0	0	
1419930063321850837	CPU_0	23.37	0	52.59	0	1.29	18.83	3.89	0	0	
1419930064837993643	CPU_0	17.88	0	60.26	0	.66	17.88	3.31	0	0	
1419930066401631798	CPU_0	17.64	0	59.47	0	.65	18.30	3.92	0	0	
1419930067990166687	CPU_0	22.72	0	54.54	0	.64	18.18	3.89	0	0	
1419930069515067765	CPU_0	17.76	0	59.86	0	.65	17.76	3.94	0	0	
1419930071076329592	CPU_0	20.80	0	55.03	0	1.34	18.79	4.02	0	0	
1419930072633102930	CPU_0	22.00	0	54.00	0	1.33	18.66	4.00	0	0	
1419930074150097067	CPU_0	16.77	0	61.74	0	0	18.12	3.35	0	0	
1419930075719135793	CPU_0	22.07	0	53.24	.64	1.94	18.18	3.89	0	0	
1419930077278445125	CPU_0	24.34	0	53.94	0	.65	17.76	3.28	0	0	
1419930078838267372	CPU_0	25.49	0	52.94	0	.65	16.99	3.92	0	0	
1419930080363424574	CPU_0	22.97	0	54.05	0	.67	18.91	3.37	0	0	
1419930081926871938	CPU_0	20.64	0	57.41	0	.64	17.41	3.87	0	0	
1419930083517167782	CPU_0	21.71	0	54.60	0	1.31	19.07	3.28	0	0	
1419930085041146278	CPU_0	19.86	0	56.95	0	1.32	17.88	3.97	0	0	
1419930086600631943	CPU_0	24.66	0	53.33	0	.66	18.00	3.33	0	0	
1419930088163783390	CPU_0	20.39	0	57.23	0	.65	17.76	3.94	0	0	
1419930089686508556	CPU_0	23.33	0	54.66	0	.66	18.00	3.33	0	0	
1419930091244227933	CPU_0	21.05	0	55.92	0	.65	18.42	3.94	0	0	
1419930092802152768	CPU_0	21.33	0	56.00	0	1.33	18.00	3.33	0	0	
1419930094353338785	CPU_0	21.19	0	55.62	0	1.32	17.88	3.97	0	0	
1419930095886081428	CPU_0	19.86	0	57.61	0	.66	18.54	3.31	0	0	
1419930097442751724	CPU_0	24.50	0	52.98	0	.66	17.88	3.97	0	0	
1419930099033271443	CPU_0	20.00	0	57.41	0	1.29	18.06	3.22	0	0	
1419930100553025574	CPU_0	22.66	0	54.66	0	.66	18.00	4.00	0	0	
1419930102107031042	CPU_0	19.46	0	57.71	0	1.34	18.12	3.35	0	0	
1419930103656453230	CPU_0	24.18	0	52.94	0	.65	18.30	3.92	0	0	
1419930105178627272	CPU_0	26.49	0	51.65	0	.66	17.21	3.97	0	0	
1419930106738468145	CPU_0	23.02	0	53.28	0	1.31	19.07	3.28	0	0	
1419930108293929027	CPU_0	19.04	0	57.14	0	1.36	19.04	3.40	0	0	
1419930109828663290	CPU_0	24.34	0	53.94	0	.65	17.10	3.94	0	0	
1419930111373609238	CPU_0	23.52	0	54.24	0	.65	17.64	3.92	0	0	
1419930112930216326	CPU_0	22.14	0	55.03	0	1.34	18.12	3.35	0	0	
1419930114511018775	CPU_0	22.87	0	54.24	0	.65	18.30	3.92	0	0	
1419930116027214539	CPU_0	22.14	0	55.70	0	.67	18.12	3.35	0	0	
1419930117585317874	CPU_0	23.52	0	52.94	0	1.30	18.30	3.92	0	0	
1419930119174610095	CPU_0	17.41	0	60.64	0	.64	18.06	3.22	0	0	
1419930120693900852	CPU_0	22.00	0	54.66	0	1.33	18.00	4.00	0	0	
1419930122253519016	CPU_0	22.51	0	55.62	0	.66	17.88	3.31	0	0	
1419930123812134808	CPU_0	18.58	0	58.97	0	.64	17.94	3.84	0	0	
1419930125337307760	CPU_0	21.08	0	54.42	0	.68	20.40	3.40	0	0	
1419930126895273636	CPU_0	20.64	0	56.77	0	1.29	17.41	3.87	0	0	
1419930128460300163	CPU_0	22.07	0	56.49	0	.64	17.53	3.24	0	0	
1419930130039722324	CPU_0	20.91	0	56.20	0	.65	18.30	3.92	0	0	
1419930131570236847	CPU_0	23.17	0	54.96	0	.66	17.88	3.31	0	0	
1419930133127730641	CPU_0	22.36	0	53.28	0	1.97	18.42	3.94	0	0	
1419930134697714156	CPU_0	23.07	0	55.76	0	0	17.30	3.84	0	0	
1419930136233459876	CPU_0	22.29	0	56.08	0	.67	17.56	3.37	0	0	
1419930137797235364	CPU_0	21.79	0	55.12	0	1.28	17.94	3.84	0	0	
1419930139351733665	CPU_0	20.80	0	55.70	0	.67	19.46	3.35	0	0	
1419930140919372852	CPU_0	24.34	0	52.63	0	1.31	17.76	3.94	0	0	
1419930142443823139	CPU_0	20.80	0	56.37	0	1.34	18.12	3.35	0	0	
1419930144012557158	CPU_0	25.00	0	52.63	0	.65	18.42	3.28	0	0	
1419930145568285789	CPU_0	19.73	0	57.23	0	1.31	17.76	3.94	0	0	
1419930147109484329	CPU_0	18.54	0	59.60	0	.66	17.88	3.31	0	0	
1419930148655994982	CPU_0	20.52	0	55.62	0	1.32	18.54	3.97	0	0	
1419930150224368501	CPU_0	21.47	0	56.37	0	.67	18.12	3.35	0	0	
1419930151809239858	CPU_0	22.72	0	53.89	0	1.29	18.18	3.89	0	0	
1419930153339864589	CPU_0	22.14	0	54.36	0	.67	18.79	4.02	0	0	
1419930154897476424	CPU_0	24.34	0	53.28	0	1.31	17.76	3.28	0	0	
1419930156465311653	CPU_0	23.07	0	55.76	0	0	17.30	3.84	0	0	
1419930158012597096	CPU_0	22.66	0	54.00	0	2.00	18.00	3.33	0	0	
1419930159570493847	CPU_0	22.43	0	55.12	0	.64	17.94	3.84	0	0	
1419930161139941739	CPU_0	23.33	0	54.66	0	.66	18.00	3.33	0	0	
1419930162723403890	CPU_0	21.79	0	55.12	0	1.28	17.94	3.84	0	0	
1419930164256770240	CPU_0	20.52	0	56.95	0	.66	18.54	3.31	0	0	
1419930165831809619	CPU_0	24.67	0	52.59	0	1.29	17.53	3.89	0	0	
1419930167401173344	CPU_0	24.18	0	52.94	0	.65	18.30	3.92	0	0	
1419930169007070444	CPU_0	22.01	0	55.97	0	.62	17.61	3.77	0	0	
1419930170540645085	CPU_0	23.84	0	54.30	0	.66	17.88	3.31	0	0	
1419930172120460703	CPU_0	24.67	0	52.59	0	.64	18.18	3.89	0	0	
1419930173689794803	CPU_0	19.20	0	58.27	0	1.32	17.88	3.31	0	0	
1419930175279587523	CPU_0	22.58	0	54.83	0	.64	18.06	3.87	0	0	
1419930176809613130	CPU_0	23.02	0	53.94	0	1.31	18.42	3.28	0	0	
1419930178381817641	CPU_0	19.60	0	57.51	0	1.30	17.64	3.92	0	0	
1419930179944714756	CPU_0	22.87	0	54.24	0	1.30	18.30	3.26	0	0	
1419930181477447399	CPU_0	22.44	0	54.42	0	.68	18.36	4.08	0	0	
1419930183036585272	CPU_0	22.66	0	54.66	0	1.33	18.00	3.33	0	0	
1419930184607665410	CPU_0	22.43	0	54.48	0	1.28	17.94	3.84	0	0	
1419930186219023373	CPU_0	20.51	0	57.05	0	.64	17.94	3.84	0	0	
1419930187752376472	CPU_0	22.14	0	53.02	0	1.34	20.13	3.35	0	0	
1419930189325447106	CPU_0	19.35	0	58.70	0	0	18.06	3.87	0	0	
1419930190894738289	CPU_0	18.42	0	59.21	0	.65	18.42	3.28	0	0	
1419930192477375401	CPU_0	24.34	0	51.97	0	1.97	18.42	3.28	0	0	
1419930194008651922	CPU_0	23.52	0	54.24	0	.65	17.64	3.92	0	0	
1419930195582008722	CPU_0	24.50	0	52.98	0	.66	17.88	3.97	0	0	
1419930197146121209	CPU_0	20.26	0	56.20	0	1.30	18.95	3.26	0	0	
1419930198682804051	CPU_0	23.33	0	53.33	0	1.33	18.00	4.00	0	0	
1419930200250380322	CPU_0	20.64	0	58.06	0	.64	17.41	3.22	0	0	
1419930201827843654	CPU_0	18.83	0	58.44	0	.64	18.18	3.89	0	0	
1419930203400484371	CPU_0	24.67	0	53.24	0	.64	17.53	3.89	0	0	
1419930204932962598	CPU_0	21.08	0	56.46	0	.68	18.36	3.40	0	0	
1419930206501119368	CPU_0	21.93	0	54.19	0	1.29	18.70	3.87	0	0	
1419930208072864963	CPU_0	20.91	0	56.86	0	1.30	17.64	3.26	0	0	
1419930209665022677	CPU_0	24.51	0	52.25	0	1.29	18.06	3.87	0	0	
1419930211202113560	CPU_0	19.86	0	58.27	0	.66	17.88	3.31	0	0	
1419930212777268647	CPU_0	20.12	0	56.49	0	1.29	18.18	3.89	0	0	
1419930214352893941	CPU_0	22.72	0	55.84	0	0	17.53	3.89	0	0	
1419930215909819820	CPU_0	22.81	0	53.02	0	2.01	18.79	3.35	0	0	
1419930217452320607	CPU_0	19.60	0	57.51	0	1.30	18.30	3.26	0	0	
1419930219018253965	CPU_0	22.87	0	55.55	0	0	17.64	3.92	0	0	
1419930220600564161	CPU_0	25.80	0	52.25	0	.64	17.41	3.87	0	0	
1419930222128788564	CPU_0	23.48	0	53.69	0	1.34	18.12	3.35	0	0	
1419930223701867197	CPU_0	20.91	0	56.20	0	.65	18.30	3.92	0	0	
1419930225268172471	CPU_0	23.52	0	54.24	0	.65	18.30	3.26	0	0	
1419930226821676691	CPU_0	19.86	0	56.95	0	1.32	17.88	3.97	0	0	
1419930228368964176	CPU_0	20.52	0	55.62	0	1.98	18.54	3.31	0	0	
1419930229941021270	CPU_0	20.26	0	58.16	0	0	18.30	3.26	0	0	
1419930231508606833	CPU_0	23.84	0	52.98	0	1.32	17.88	3.97	0	0	
1419930233037962941	CPU_0	21.47	0	56.37	0	.67	18.12	3.35	0	0	
1419930234609165788	CPU_0	23.87	0	53.54	0	.64	18.06	3.87	0	0	
1419930236171255488	CPU_0	22.87	0	54.90	0	.65	17.64	3.92	0	0	
1419930237767775401	CPU_0	23.37	0	53.89	0	1.29	18.18	3.24	0	0	
1419930239296292762	CPU_0	21.47	0	55.70	0	.67	18.12	4.02	0	0	
1419930240857413047	CPU_0	23.84	0	52.98	0	.66	18.54	3.97	0	0	
1419930242426400315	CPU_0	23.22	0	55.48	0	.64	17.41	3.22	0	0	
1419930243953099514	CPU_0	22.87	0	55.55	0	.65	16.99	3.92	0	0	
1419930245523695486	CPU_0	21.76	0	54.42	0	1.36	19.04	3.40	0	0	
1419930247088545013	CPU_0	22.36	0	54.60	0	.65	18.42	3.94	0	0	
1419930248649582633	CPU_0	21.33	0	57.33	0	.66	17.33	3.33	0	0	
1419930250184092355	CPU_0	20.77	0	56.49	0	.64	18.18	3.89	0	0	
1419930251763856890	CPU_0	24.18	0	50.32	0	.65	20.91	3.92	0	0	
1419930253337459522	CPU_0	21.15	0	57.69	0	.64	17.30	3.20	0	0	
1419930254872691992	CPU_0	18.54	0	58.27	0	1.32	17.88	3.97	0	0	
1419930256446687790	CPU_0	20.26	0	57.51	0	.65	18.30	3.26	0	0	
1419930258017381012	CPU_0	22.72	0	54.54	0	.64	18.18	3.89	0	0	
1419930259593276806	CPU_0	21.56	0	56.20	0	1.30	17.64	3.26	0	0	
1419930261124532744	CPU_0	23.02	0	54.60	0	.65	17.76	3.94	0	0	
1419930262696901462	CPU_0	20.80	0	55.70	0	1.34	18.79	3.35	0	0	
1419930264275640249	CPU_0	16.88	0	60.38	0	.64	18.18	3.89	0	0	
1419930265852299166	CPU_0	22.22	0	56.20	0	.65	17.64	3.26	0	0	
1419930267390436963	CPU_0	23.02	0	53.94	0	1.31	17.76	3.94	0	0	
1419930268958739941	CPU_0	24.83	0	52.28	0	.65	18.30	3.92	0	0	
1419930270527352626	CPU_0	24.18	0	52.94	0	1.30	18.30	3.26	0	0	
1419930272055563196	CPU_0	22.81	0	54.36	0	.67	18.12	4.02	0	0	
1419930273631496198	CPU_0	23.33	0	54.00	0	1.33	18.00	3.33	0	0	
1419930275201775921	CPU_0	22.72	0	53.89	0	1.29	18.18	3.89	0	0	
1419930276805303110	CPU_0	21.65	0	56.05	0	.63	17.83	3.82	0	0	
1419930278339166583	CPU_0	19.86	0	56.95	0	1.32	18.54	3.31	0	0	
1419930279917776037	CPU_0	21.15	0	57.05	0	.64	17.30	3.84	0	0	
1419930281488307051	CPU_0	23.33	0	53.33	0	1.33	18.66	3.33	0	0	
1419930283064328511	CPU_0	21.29	0	55.48	0	1.29	18.06	3.87	0	0	
1419930284601503727	CPU_0	22.72	0	56.49	0	0	17.53	3.24	0	0	
1419930286177226646	CPU_0	23.22	0	54.83	0	.64	17.41	3.87	0	0	
1419930287748746075	CPU_0	19.60	0	57.51	0	1.30	18.30	3.26	0	0	
1419930289285552417	CPU_0	21.85	0	54.96	0	1.32	17.88	3.97	0	0	
1419930290858744717	CPU_0	22.22	0	54.90	0	.65	18.30	3.92	0	0	
1419930292442470034	CPU_0	23.07	0	54.48	0	1.28	17.94	3.20	0	0	
1419930294043666394	CPU_0	22.43	0	54.48	0	.64	18.58	3.84	0	0	
1419930295581768858	CPU_0	22.00	0	56.00	0	.66	18.00	3.33	0	0	
1419930297152905621	CPU_0	23.22	0	54.19	0	1.29	17.41	3.87	0	0	
1419930298726645753	CPU_0	22.36	0	55.26	0	.65	18.42	3.28	0	0	
1419930300268184584	CPU_0	20.80	0	56.37	0	.67	18.12	4.02	0	0	
1419930301831849822	CPU_0	23.71	0	53.20	0	1.28	17.94	3.84	0	0	
1419930303402046837	CPU_0	20.39	0	57.23	0	.65	18.42	3.28	0	0	
1419930305000318371	CPU_0	24.05	0	53.16	0	1.26	17.72	3.79	0	0	
1419930306532503265	CPU_0	20.80	0	57.04	0	.67	18.12	3.35	0	0	
1419930308110431471	CPU_0	18.70	0	58.06	0	1.29	18.06	3.87	0	0	
1419930309681085943	CPU_0	21.93	0	56.77	0	0	17.41	3.87	0	0	
1419930311236231368	CPU_0	21.91	0	54.79	0	1.36	18.49	3.42	0	0	
1419930312787787550	CPU_0	21.01	0	56.05	0	1.27	17.83	3.82	0	0	
1419930314359319729	CPU_0	25.49	0	50.32	0	.65	20.26	3.26	0	0	
1419930315960629214	CPU_0	26.28	0	51.28	0	.64	17.94	3.84	0	0	
1419930317494739354	CPU_0	22.44	0	53.74	0	1.36	19.04	3.40	0	0	
1419930319064897161	CPU_0	22.29	0	56.05	0	.63	17.19	3.82	0	0	
1419930320631123143	CPU_0	21.71	0	56.57	0	.65	17.76	3.28	0	0	
1419930322180185165	CPU_0	21.52	0	54.16	0	1.38	19.44	3.47	0	0	
1419930323743299655	CPU_0	22.58	0	55.48	0	.64	17.41	3.87	0	0	
1419930325312750046	CPU_0	23.87	0	53.54	0	.64	18.06	3.87	0	0	
1419930326888329174	CPU_0	20.64	0	56.77	0	1.29	17.41	3.87	0	0	
1419930328424878642	CPU_0	24.00	0	53.33	0	.66	18.66	3.33	0	0	
1419930329993561160	CPU_0	20.00	0	57.41	0	1.29	17.41	3.87	0	0	
1419930331568088623	CPU_0	22.36	0	55.26	0	.65	18.42	3.28	0	0	
1419930333181241873	CPU_0	25.78	0	50.94	0	1.25	18.23	3.77	0	0	
1419930334722519496	CPU_0	20.66	0	56.00	0	1.33	18.00	4.00	0	0	
1419930336298880539	CPU_0	21.19	0	56.29	0	.66	18.54	3.31	0	0	
1419930337873879918	CPU_0	21.42	0	55.19	0	1.29	18.18	3.89	0	0	
1419930339430219840	CPU_0	18.42	0	59.86	0	.65	17.76	3.28	0	0	
1419930340991741041	CPU_0	20.00	0	56.77	0	1.29	18.06	3.87	0	0	
1419930342563339761	CPU_0	22.36	0	54.60	0	1.31	18.42	3.28	0	0	
1419930344138756556	CPU_0	22.58	0	55.48	0	.64	17.41	3.87	0	0	
1419930345671600115	CPU_0	24.16	0	53.02	0	.67	18.12	4.02	0	0	
1419930347249801737	CPU_0	21.29	0	56.12	0	1.29	18.06	3.22	0	0	
1419930348824358700	CPU_0	18.18	0	59.09	0	.64	18.18	3.89	0	0	
1419930350430506383	CPU_0	19.10	0	59.23	0	.63	17.83	3.18	0	0	
1419930351968779096	CPU_0	20.66	0	56.66	0	.66	18.00	4.00	0	0	
1419930353544358849	CPU_0	24.83	0	52.28	0	1.30	18.30	3.26	0	0	
1419930355114250198	CPU_0	21.29	0	56.12	0	.64	18.06	3.87	0	0	
1419930356669570414	CPU_0	21.71	0	55.92	0	1.31	17.76	3.28	0	0	
1419930358227398332	CPU_0	26.79	0	50.32	0	.65	18.30	3.92	0	0	
1419930359802591002	CPU_0	21.56	0	55.55	0	1.30	18.30	3.26	0	0	
1419930361377792548	CPU_0	23.68	0	53.94	0	.65	17.76	3.94	0	0	
1419930362913304309	CPU_0	21.85	0	54.30	0	1.98	18.54	3.31	0	0	
1419930364490051059	CPU_0	22.29	0	56.68	0	0	17.19	3.82	0	0	
1419930366062024903	CPU_0	23.68	0	53.28	0	.65	18.42	3.94	0	0	
1419930367662830598	CPU_0	23.22	0	54.19	0	1.29	18.06	3.22	0	0	
1419930369197764319	CPU_0	20.94	0	56.08	0	.67	18.24	4.05	0	0	
1419930370775166317	CPU_0	22.58	0	54.83	0	1.29	18.06	3.22	0	0	
1419930372357649304	CPU_0	21.65	0	57.32	0	0	17.19	3.82	0	0	
1419930373912323522	CPU_0	18.00	0	58.66	0	1.33	18.00	4.00	0	0	
1419930375473507932	CPU_0	24.02	0	53.89	0	.64	18.18	3.24	0	0	
1419930377047478230	CPU_0	20.00	0	56.12	0	.64	20.00	3.22	0	0	
1419930378625575019	CPU_0	18.95	0	58.16	0	.65	18.30	3.92	0	0	
1419930380174166834	CPU_0	50.32	0	44.51	0	0	3.87	1.29	0	0	
1419930381754546909	CPU_0	60.37	0	36.47	0	0	1.88	1.25	0	0	
1419930383336083106	CPU_0	56.96	0	39.87	0	0	1.89	1.26	0	0	
1419930384925131744	CPU_0	59.49	0	37.97	0	0	1.89	.63	0	0	
1419930386472781144	CPU_0	58.06	0	38.70	0	0	1.93	1.29	0	0	
1419930388052592429	CPU_0	55.34	0	41.50	0	0	1.88	1.25	0	0	
1419930389639450281	CPU_0	60.75	0	36.07	0	0	1.89	1.26	0	0	
1419930391224314970	CPU_0	52.83	0	44.65	0	0	1.88	.62	0	0	
1419930392774629156	CPU_0	60.38	0	36.36	0	0	1.94	1.29	0	0	
1419930394360591843	CPU_0	56.60	0	40.25	0	0	1.88	1.25	0	0	
1419930395947046654	CPU_0	52.20	0	44.65	0	0	1.88	1.25	0	0	
1419930397535057170	CPU_0	59.49	0	38.60	0	0	1.26	.63	0	0	
1419930399047712026	CPU_0	54.96	0	41.72	0	0	1.98	1.32	0	0	
1419930400601100829	CPU_0	59.61	0	37.17	0	0	1.92	1.28	0	0	
1419930402163160655	CPU_0	57.69	0	39.10	0	0	1.92	1.28	0	0	
1419930403684234658	CPU_0	56.20	0	41.17	0	0	1.96	.65	0	0	
1419930405244032988	CPU_0	60.25	0	36.53	0	0	1.92	1.28	0	0	
1419930406806719771	CPU_0	60.25	0	36.53	0	0	1.92	1.28	0	0	
1419930408344406027	CPU_0	57.89	0	39.47	0	0	1.97	.65	0	0	
1419930409901376531	CPU_0	61.78	0	35.03	0	0	1.91	1.27	0	0	
1419930411468844302	CPU_0	60.89	0	36.53	0	0	1.28	1.28	0	0	
1419930413061643515	CPU_0	53.75	0	43.12	0	0	1.87	1.25	0	0	
1419930414597045402	CPU_0	56.20	0	41.17	0	0	1.96	.65	0	0	
1419930416167125625	CPU_0	57.32	0	39.49	0	0	1.91	1.27	0	0	
1419930417736151060	CPU_0	55.41	0	41.40	0	0	1.91	1.27	0	0	
1419930419317395341	CPU_0	56.41	0	40.38	0	0	1.92	1.28	0	0	
1419930420856481969	CPU_0	55.76	0	41.66	0	0	1.92	.64	0	0	
1419930422427235191	CPU_0	53.50	0	43.31	0	0	1.91	1.27	0	0	
1419930424006654935	CPU_0	57.86	0	38.99	0	0	1.88	1.25	0	0	
1419930425558314826	CPU_0	55.55	0	41.83	0	0	1.96	.65	0	0	
1419930427122507397	CPU_0	55.06	0	41.77	0	0	1.89	1.26	0	0	
1419930428695290114	CPU_0	57.59	0	39.24	0	0	1.89	1.26	0	0	
1419930430279964638	CPU_0	57.86	0	38.99	0	0	1.88	1.25	0	0	
1419930431816302022	CPU_0	56.86	0	40.52	0	0	1.96	.65	0	0	
1419930433396338181	CPU_0	59.87	0	37.57	0	0	1.27	1.27	0	0	
1419930434971501643	CPU_0	56.96	0	39.87	0	0	1.89	1.26	0	0	
1419930436575624288	CPU_0	51.25	0	45.62	0	0	1.87	1.25	0	0	
1419930438116158622	CPU_0	63.63	0	33.76	0	0	1.94	.64	0	0	
1419930439698189651	CPU_0	46.20	0	46.83	0	0	5.69	1.26	0	0	
1419930441246887007	CPU_0	89.67	0	6.45	0	0	3.22	.64	0	0	
1419930442754253333	CPU_0	94.70	0	2.64	0	0	1.98	.66	0	0	
1419930444295449582	CPU_0	93.54	0	3.87	0	0	1.93	.64	0	0	
1419930445842966649	CPU_0	94.19	0	3.22	0	0	1.93	.64	0	0	
1419930447388634220	CPU_0	95.39	0	2.63	0	0	1.31	.65	0	0	
1419930448902147074	CPU_0	95.42	0	1.96	0	0	1.96	.65	0	0	
1419930450447153647	CPU_0	95.48	0	2.58	0	0	1.93	0	0	0	
1419930452030486299	CPU_0	94.30	0	3.16	0	0	1.89	.63	0	0	
1419930453541278200	CPU_0	95.33	0	2.66	0	0	1.33	.66	0	0	
1419930455087651520	CPU_0	95.48	0	1.93	0	0	1.93	.64	0	0	
1419930456652318298	CPU_0	93.63	0	3.82	0	0	1.91	.63	0	0	
1419930458160648955	CPU_0	94.70	0	3.31	0	0	1.32	.66	0	0	
1419930459711551348	CPU_0	94.83	0	2.58	0	0	1.93	.64	0	0	
1419930461292253047	CPU_0	94.30	0	3.79	0	0	1.89	0	0	0	
1419930462811809637	CPU_0	91.44	0	5.92	0	0	1.97	.65	0	0	
1419930464354775256	CPU_0	94.80	0	2.59	0	0	1.94	.64	0	0	
1419930465922639776	CPU_0	94.26	0	3.82	0	0	1.27	.63	0	0	
1419930467430362393	CPU_0	93.42	0	3.94	0	0	1.97	.65	0	0	
1419930468976175381	CPU_0	92.85	0	4.54	0	0	1.94	.64	0	0	
1419930470521102329	CPU_0	94.80	0	3.24	0	0	1.29	.64	0	0	
1419930472035433598	CPU_0	93.42	0	3.94	0	0	1.97	.65	0	0	
1419930473581391418	CPU_0	96.10	0	1.94	0	0	1.94	0	0	0	
1419930475133731100	CPU_0	95.48	0	2.58	0	0	1.29	.64	0	0	
1419930476646845996	CPU_0	93.37	0	3.97	0	0	1.98	.66	0	0	
1419930478196689266	CPU_0	92.90	0	4.51	0	0	1.93	.64	0	0	
1419930479749340446	CPU_0	93.58	0	3.84	0	0	1.92	.64	0	0	
1419930481296031307	CPU_0	94.07	0	3.94	0	0	1.31	.65	0	0	
1419930482815147190	CPU_0	93.54	0	3.87	0	0	1.93	.64	0	0	
1419930484368171411	CPU_0	95.45	0	2.59	0	0	1.94	0	0	0	
1419930485944051204	CPU_0	95.54	0	2.54	0	0	1.27	.63	0	0	
1419930487455375563	CPU_0	93.42	0	3.94	0	0	1.97	.65	0	0	
1419930489008182826	CPU_0	94.19	0	3.22	0	0	1.93	.64	0	0	
1419930490572165147	CPU_0	94.90	0	2.54	0	0	1.91	.63	0	0	
1419930492091535821	CPU_0	94.73	0	3.28	0	0	1.31	.65	0	0	
1419930493643374003	CPU_0	92.90	0	4.51	0	0	1.93	.64	0	0	
1419930495198665344	CPU_0	94.87	0	2.56	0	0	1.92	.64	0	0	
1419930496722644465	CPU_0	90.13	0	7.23	0	0	1.97	.65	0	0	
1419930498286708620	CPU_0	89.80	0	7.64	0	0	1.91	.63	0	0	
1419930499846401659	CPU_0	93.54	0	3.87	0	0	1.93	.64	0	0	
1419930501416789965	CPU_0	90.96	0	6.45	0	0	1.93	.64	0	0	
1419930502934395726	CPU_0	81.81	0	11.03	0	0	6.49	.64	0	0	
1419930504501103207	CPU_0	90.38	0	6.41	0	0	2.56	.64	0	0	
1419930506063408532	CPU_0	89.80	0	7.00	0	0	2.54	.63	0	0	
1419930507589051066	CPU_0	93.42	0	3.94	0	0	1.97	.65	0	0	
1419930509150060852	CPU_0	90.44	0	6.36	0	0	2.54	.63	0	0	
1419930510711248305	CPU_0	91.02	0	6.41	0	0	1.92	.64	0	0	
1419930512307345927	CPU_0	89.30	0	8.17	0	0	1.88	.62	0	0	
1419930513834385333	CPU_0	90.84	0	6.53	0	0	1.96	.65	0	0	
1419930515390524422	CPU_0	92.30	0	5.12	0	0	1.92	.64	0	0	
1419930516950260253	CPU_0	92.90	0	4.51	0	0	1.93	.64	0	0	
1419930518471709546	CPU_0	90.19	0	7.18	0	0	1.96	.65	0	0	
1419930520036510157	CPU_0	89.74	0	7.69	0	0	1.92	.64	0	0	
1419930521595385948	CPU_0	92.30	0	5.12	0	0	1.92	.64	0	0	
1419930523188081745	CPU_0	89.93	0	6.91	0	0	2.51	.62	0	0	
1419930524715067651	CPU_0	89.61	0	7.14	0	0	1.94	1.29	0	0	
1419930526283275504	CPU_0	91.66	0	5.76	0	0	1.92	.64	0	0	
1419930527839515676	CPU_0	89.10	0	8.33	0	0	1.92	.64	0	0	
1419930529372788651	CPU_0	92.76	0	4.60	0	0	1.97	.65	0	0	
1419930530933072730	CPU_0	91.71	0	5.73	0	0	1.91	.63	0	0	
1419930532497284092	CPU_0	92.35	0	4.45	0	0	2.54	.63	0	0	
1419930534093375715	CPU_0	90.56	0	6.91	0	0	1.88	.62	0	0	
1419930535627412854	CPU_0	90.25	0	7.14	0	0	1.94	.64	0	0	
1419930537196450372	CPU_0	92.35	0	5.09	0	0	1.91	.63	0	0	
1419930538759646237	CPU_0	92.30	0	5.12	0	0	1.92	.64	0	0	
1419930540331898372	CPU_0	92.25	0	5.16	0	0	1.93	.64	0	0	
1419930541862002979	CPU_0	90.32	0	7.09	0	0	1.93	.64	0	0	
1419930543432276911	CPU_0	87.89	0	8.91	0	0	2.54	.63	0	0	
1419930544994818860	CPU_0	93.63	0	3.82	0	0	1.91	.63	0	0	
1419930546526178214	CPU_0	90.84	0	6.53	0	0	1.96	.65	0	0	
1419930548090199535	CPU_0	92.94	0	4.48	0	0	1.92	.64	0	0	
1419930549661031090	CPU_0	92.30	0	5.12	0	0	1.92	.64	0	0	
1419930551228228737	CPU_0	92.25	0	5.16	0	0	1.93	.64	0	0	
1419930552769509777	CPU_0	91.66	0	5.76	0	0	1.92	.64	0	0	
1419930554336651924	CPU_0	92.99	0	4.45	0	0	1.91	.63	0	0	
1419930555901531451	CPU_0	90.44	0	6.36	0	0	2.54	.63	0	0	
1419930557429736355	CPU_0	92.81	0	4.57	0	0	1.96	.65	0	0	
1419930558995546338	CPU_0	90.38	0	7.05	0	0	1.92	.64	0	0	
1419930560559328493	CPU_0	92.35	0	5.09	0	0	1.91	.63	0	0	
1419930562103695359	CPU_0	92.76	0	4.60	0	0	1.97	.65	0	0	
1419930563650665802	CPU_0	89.80	0	7.64	0	0	1.91	.63	0	0	
1419930565217918241	CPU_0	90.44	0	5.73	0	0	3.18	.63	0	0	
1419930566807704503	CPU_0	88.67	0	4.40	0	0	5.66	1.25	0	0	
1419930568334533242	CPU_0	91.50	0	5.22	0	0	2.61	.65	0	0	
1419930569898994395	CPU_0	91.66	0	5.76	0	0	1.92	.64	0	0	
1419930571458118103	CPU_0	90.96	0	6.45	0	0	1.93	.64	0	0	
1419930573016185812	CPU_0	93.50	0	3.89	0	0	1.94	.64	0	0	
1419930574554658650	CPU_0	89.80	0	7.64	0	0	1.91	.63	0	0	
1419930576119101637	CPU_0	93.58	0	3.20	0	0	2.56	.64	0	0	
1419930577704530575	CPU_0	89.93	0	7.54	0	0	1.88	.62	0	0	
1419930579234432016	CPU_0	90.19	0	7.18	0	0	1.96	.65	0	0	
1419930580794354430	CPU_0	91.02	0	6.41	0	0	1.92	.64	0	0	
1419930582360325038	CPU_0	92.25	0	5.16	0	0	1.93	.64	0	0	
1419930583882525663	CPU_0	90.78	0	6.57	0	0	1.97	.65	0	0	
1419930585446301526	CPU_0	91.08	0	6.36	0	0	1.91	.63	0	0	
1419930587004467152	CPU_0	94.23	0	3.20	0	0	1.92	.64	0	0	
1419930588595455661	CPU_0	91.19	0	5.66	0	0	2.51	.62	0	0	
1419930590119015533	CPU_0	89.47	0	7.89	0	0	1.97	.65	0	0	
1419930591683758603	CPU_0	90.44	0	7.00	0	0	1.91	.63	0	0	
1419930593250600625	CPU_0	93.63	0	3.82	0	0	1.91	.63	0	0	
1419930594779892943	CPU_0	90.78	0	6.57	0	0	1.97	.65	0	0	
1419930596339869065	CPU_0	91.02	0	6.41	0	0	1.92	.64	0	0	
1419930597904732467	CPU_0	93.63	0	3.82	0	0	1.91	.63	0	0	
1419930599438458191	CPU_0	88.88	0	7.84	0	0	2.61	.65	0	0	
1419930600990530289	CPU_0	91.66	0	5.76	0	0	1.92	.64	0	0	
1419930602558060769	CPU_0	91.71	0	5.09	0	0	1.91	1.27	0	0	
1419930604134886102	CPU_0	91.08	0	6.36	0	0	1.91	.63	0	0	
1419930605658774765	CPU_0	92.76	0	4.60	0	0	1.97	.65	0	0	
1419930607216609142	CPU_0	92.35	0	4.45	0	0	2.54	.63	0	0	
1419930608769830404	CPU_0	91.61	0	5.80	0	0	1.93	.64	0	0	
1419930610295196231	CPU_0	88.88	0	8.49	0	0	1.96	.65	0	0	
1419930611855184102	CPU_0	92.30	0	5.12	0	0	1.92	.64	0	0	
1419930613417114345	CPU_0	87.09	0	10.32	0	0	1.93	.64	0	0	
1419930614989796146	CPU_0	90.50	0	6.32	0	0	2.53	.63	0	0	
1419930616501901461	CPU_0	92.05	0	5.29	0	0	1.98	.66	0	0	
1419930618050493484	CPU_0	89.03	0	7.74	0	.64	1.93	.64	0	0	
1419930619622338995	CPU_0	91.71	0	5.73	0	0	1.91	.63	0	0	
1419930621128168242	CPU_0	88.74	0	7.94	0	0	2.64	.66	0	0	
1419930622672489483	CPU_0	90.96	0	6.45	0	0	1.93	.64	0	0	
1419930624252614350	CPU_0	92.99	0	3.82	0	0	1.91	1.27	0	0	
1419930625758659013	CPU_0	92.05	0	5.29	0	0	1.98	.66	0	0	
1419930627296636143	CPU_0	90.25	0	6.49	0	0	2.59	.64	0	0	
1419930628838210641	CPU_0	86.92	0	6.53	0	0	5.88	.65	0	0	
1419930630335650198	CPU_0	90.06	0	5.96	0	0	3.31	.66	0	0	
1419930631861502565	CPU_0	91.44	0	5.26	0	0	2.63	.65	0	0	
1419930633381448029	CPU_0	90.00	0	7.33	0	0	2.00	.66	0	0	
1419930634886661693	CPU_0	90.78	0	6.57	0	0	1.97	.65	0	0	
1419930636416901175	CPU_0	90.84	0	6.53	0	0	1.96	.65	0	0	
1419930637911484281	CPU_0	90.00	0	6.66	0	0	2.66	.66	0	0	
1419930639440991556	CPU_0	90.19	0	7.18	0	0	1.96	.65	0	0	
1419930640972485868	CPU_0	92.76	0	4.60	0	0	1.97	.65	0	0	
1419930642464845021	CPU_0	92.66	0	4.66	0	0	2.00	.66	0	0	
1419930644008515847	CPU_0	83.87	0	8.38	0	3.87	2.58	1.29	0	0	
1419930645543547193	CPU_0	76.82	0	6.62	0	13.90	1.98	.66	0	0	
1419930647040294335	CPU_0	92.00	0	5.33	0	0	2.00	.66	0	0	
1419930648573801101	CPU_0	90.19	0	7.18	0	0	1.96	.65	0	0	
1419930650110637276	CPU_0	80.39	0	9.15	7.18	0	2.61	.65	0	0	
