#Timestamp	CPU_ID	user%	nice%	sys%	idle%	iowait%	irq%	softiq%	steal%	guest%	guest_nice%
1428501320534526311	CPU_4	78.78	0	4.54	9.09	0	7.57	0	0	0	0
1428501321217298244	CPU_4	100.00	0	0	0	0	0	0	0	0	0
1428501321906891166	CPU_4	100.00	0	0	0	0	0	0	0	0	0
1428501322596668570	CPU_4	100.00	0	0	0	0	0	0	0	0	0
1428501323281969700	CPU_4	98.55	0	0	0	0	0	1.44	0	0	0
1428501323983165378	CPU_4	100.00	0	0	0	0	0	0	0	0	0
1428501324672778829	CPU_4	100.00	0	0	0	0	0	0	0	0	0
1428501325375742892	CPU_4	100.00	0	0	0	0	0	0	0	0	0
1428501326077105165	CPU_4	100.00	0	0	0	0	0	0	0	0	0
1428501326764436953	CPU_4	98.57	0	0	0	0	0	1.42	0	0	0
1428501327452080743	CPU_4	100.00	0	0	0	0	0	0	0	0	0
1428501328151444603	CPU_4	100.00	0	0	0	0	0	0	0	0	0
1428501328842948260	CPU_4	100.00	0	0	0	0	0	0	0	0	0
1428501329530338223	CPU_4	100.00	0	0	0	0	0	0	0	0	0
1428501330228456147	CPU_4	100.00	0	0	0	0	0	0	0	0	0
1428501330916227113	CPU_4	97.14	0	0	0	0	1.42	1.42	0	0	0
1428501331607397179	CPU_4	100.00	0	0	0	0	0	0	0	0	0
1428501332306972357	CPU_4	100.00	0	0	0	0	0	0	0	0	0
1428501332996913563	CPU_4	98.55	0	0	0	0	1.44	0	0	0	0
1428501333689901892	CPU_4	100.00	0	0	0	0	0	0	0	0	0
1428501334390172224	CPU_4	98.59	0	0	0	0	0	1.40	0	0	0
1428501335079634601	CPU_4	98.55	0	0	0	0	1.44	0	0	0	0
1428501335810467736	CPU_4	100.00	0	0	0	0	0	0	0	0	0
1428501336503517663	CPU_4	100.00	0	0	0	0	0	0	0	0	0
1428501337194091994	CPU_4	98.55	0	0	0	0	1.44	0	0	0	0
1428501337894006820	CPU_4	98.57	0	0	0	0	0	1.42	0	0	0
1428501338584564374	CPU_4	100.00	0	0	0	0	0	0	0	0	0
1428501339275841322	CPU_4	98.57	0	0	0	0	1.42	0	0	0	0
1428501339978449440	CPU_4	100.00	0	0	0	0	0	0	0	0	0
1428501340669518065	CPU_4	100.00	0	0	0	0	0	0	0	0	0
1428501341361250291	CPU_4	97.14	0	0	0	0	1.42	1.42	0	0	0
1428501342065537507	CPU_4	100.00	0	0	0	0	0	0	0	0	0
1428501342757916478	CPU_4	100.00	0	0	0	0	0	0	0	0	0
1428501343456809131	CPU_4	98.55	0	0	0	0	1.44	0	0	0	0
1428501344157914751	CPU_4	100.00	0	0	0	0	0	0	0	0	0
1428501344849008347	CPU_4	100.00	0	0	0	0	0	0	0	0	0
1428501345585438714	CPU_4	97.26	0	0	0	0	1.36	1.36	0	0	0
1428501346277972120	CPU_4	100.00	0	0	0	0	0	0	0	0	0
1428501346969495505	CPU_4	100.00	0	0	0	0	0	0	0	0	0
1428501347672857165	CPU_4	98.59	0	0	0	0	1.40	0	0	0	0
1428501348367997275	CPU_4	100.00	0	0	0	0	0	0	0	0	0
1428501349060126989	CPU_4	98.57	0	0	0	0	0	1.42	0	0	0
1428501349763129000	CPU_4	98.59	0	0	0	0	1.40	0	0	0	0
1428501350453323234	CPU_4	100.00	0	0	0	0	0	0	0	0	0
1428501351152403079	CPU_4	100.00	0	0	0	0	0	0	0	0	0
1428501351849554287	CPU_4	98.59	0	0	0	0	1.40	0	0	0	0
1428501352540654565	CPU_4	98.55	0	0	0	0	0	1.44	0	0	0
1428501353244255361	CPU_4	98.59	0	0	0	0	1.40	0	0	0	0
1428501353937701815	CPU_4	100.00	0	0	0	0	0	0	0	0	0
1428501354629845640	CPU_4	100.00	0	0	0	0	0	0	0	0	0
1428501355332646692	CPU_4	100.00	0	0	0	0	0	0	0	0	0
1428501356028497520	CPU_4	98.59	0	0	0	0	1.40	0	0	0	0
1428501356737738770	CPU_4	98.57	0	0	0	0	0	1.42	0	0	0
1428501357440881478	CPU_4	98.59	0	0	0	0	1.40	0	0	0	0
1428501358137401719	CPU_4	100.00	0	0	0	0	0	0	0	0	0
1428501358830947470	CPU_4	100.00	0	0	0	0	0	0	0	0	0
1428501359531853823	CPU_4	98.59	0	0	0	0	1.40	0	0	0	0
1428501360462717752	CPU_4	98.93	0	0	0	0	0	1.06	0	0	0
1428501361158143897	CPU_4	100.00	0	0	0	0	0	0	0	0	0
1428501361884165363	CPU_4	98.61	0	0	0	0	1.38	0	0	0	0
1428501362585603610	CPU_4	100.00	0	0	0	0	0	0	0	0	0
1428501363280505770	CPU_4	100.00	0	0	0	0	0	0	0	0	0
1428501363989808307	CPU_4	97.22	0	0	0	0	1.38	1.38	0	0	0
1428501364683316964	CPU_4	100.00	0	0	0	0	0	0	0	0	0
1428501365377337344	CPU_4	100.00	0	0	0	0	0	0	0	0	0
1428501366081083758	CPU_4	98.59	0	0	0	0	1.40	0	0	0	0
1428501366774965710	CPU_4	100.00	0	0	0	0	0	0	0	0	0
1428501367469203501	CPU_4	98.57	0	0	0	0	0	1.42	0	0	0
1428501368175361326	CPU_4	98.59	0	0	0	0	1.40	0	0	0	0
1428501368868019127	CPU_4	100.00	0	0	0	0	0	0	0	0	0
1428501369561954362	CPU_4	100.00	0	0	0	0	0	0	0	0	0
1428501370271245611	CPU_4	98.61	0	0	0	0	1.38	0	0	0	0
1428501370963516738	CPU_4	98.55	0	0	0	0	0	1.44	0	0	0
1428501371676270038	CPU_4	100.00	0	0	0	0	0	0	0	0	0
1428501372372037180	CPU_4	98.57	0	0	0	0	1.42	0	0	0	0
1428501373066567305	CPU_4	100.00	0	0	0	0	0	0	0	0	0
1428501373771756871	CPU_4	100.00	0	0	0	0	0	0	0	0	0
1428501374464592116	CPU_4	98.57	0	0	0	0	1.42	0	0	0	0
1428501375159908541	CPU_4	98.57	0	0	0	0	0	1.42	0	0	0
1428501375864584264	CPU_4	100.00	0	0	0	0	0	0	0	0	0
1428501376557871679	CPU_4	98.57	0	0	0	0	1.42	0	0	0	0
1428501377285131118	CPU_4	100.00	0	0	0	0	0	0	0	0	0
1428501377989771633	CPU_4	100.00	0	0	0	0	0	0	0	0	0
1428501378685476378	CPU_4	97.18	0	0	0	0	1.40	1.40	0	0	0
1428501379391048773	CPU_4	100.00	0	0	0	0	0	0	0	0	0
1428501380086941828	CPU_4	100.00	0	0	0	0	0	0	0	0	0
1428501380781391053	CPU_4	98.57	0	0	0	0	1.42	0	0	0	0
1428501381485870464	CPU_4	100.00	0	0	0	0	0	0	0	0	0
1428501382183601091	CPU_4	98.57	0	0	0	0	0	1.42	0	0	0
1428501382877224556	CPU_4	98.57	0	0	0	0	1.42	0	0	0	0
1428501383582579187	CPU_4	100.00	0	0	0	0	0	0	0	0	0
1428501384291005549	CPU_4	98.59	0	0	0	0	1.40	0	0	0	0
1428501384995322257	CPU_4	100.00	0	0	0	0	0	0	0	0	0
1428501385701307020	CPU_4	98.59	0	0	0	0	0	1.40	0	0	0
1428501386396036878	CPU_4	98.57	0	0	0	0	1.42	0	0	0	0
1428501387104717454	CPU_4	100.00	0	0	0	0	0	0	0	0	0
1428501387818191816	CPU_4	100.00	0	0	0	0	0	0	0	0	0
1428501388514518200	CPU_4	98.57	0	0	0	0	1.42	0	0	0	0
1428501389218116182	CPU_4	98.59	0	0	0	0	0	1.40	0	0	0
1428501389914351699	CPU_4	100.00	0	0	0	0	0	0	0	0	0
1428501390610310162	CPU_4	98.57	0	0	0	0	1.42	0	0	0	0
1428501391314092730	CPU_4	100.00	0	0	0	0	0	0	0	0	0
1428501392009589618	CPU_4	100.00	0	0	0	0	0	0	0	0	0
1428501392706402222	CPU_4	98.57	0	0	0	0	1.42	0	0	0	0
1428501393409964995	CPU_4	98.59	0	0	0	0	0	1.40	0	0	0
1428501394105518804	CPU_4	100.00	0	0	0	0	0	0	0	0	0
1428501394815621276	CPU_4	98.59	0	0	0	0	1.40	0	0	0	0
1428501395510177393	CPU_4	100.00	0	0	0	0	0	0	0	0	0
1428501396209368018	CPU_4	100.00	0	0	0	0	0	0	0	0	0
1428501396917850471	CPU_4	97.22	0	0	0	0	1.38	1.38	0	0	0
1428501397612599512	CPU_4	100.00	0	0	0	0	0	0	0	0	0
1428501398327623661	CPU_4	100.00	0	0	0	0	0	0	0	0	0
1428501399036253999	CPU_4	98.59	0	0	0	0	1.40	0	0	0	0
1428501399731800977	CPU_4	100.00	0	0	0	0	0	0	0	0	0
1428501400444617756	CPU_4	98.59	0	0	0	0	0	1.40	0	0	0
1428501401143465015	CPU_4	98.59	0	0	0	0	1.40	0	0	0	0
1428501401838803669	CPU_4	100.00	0	0	0	0	0	0	0	0	0
1428501402544075532	CPU_4	100.00	0	0	0	0	0	0	0	0	0
1428501403241959656	CPU_4	98.57	0	0	0	0	1.42	0	0	0	0
1428501403937545746	CPU_4	98.57	0	0	0	0	0	1.42	0	0	0
1428501404643017785	CPU_4	100.00	0	0	0	0	0	0	0	0	0
1428501405338121703	CPU_4	98.57	0	0	0	0	1.42	0	0	0	0
1428501406034532778	CPU_4	100.00	0	0	0	0	0	0	0	0	0
1428501406741110553	CPU_4	100.00	0	0	0	0	0	0	0	0	0
1428501407434853666	CPU_4	97.18	0	0	0	0	1.40	1.40	0	0	0
1428501408140452275	CPU_4	100.00	0	0	0	0	0	0	0	0	0
1428501408870976664	CPU_4	100.00	0	0	0	0	0	0	0	0	0
1428501409566494521	CPU_4	98.55	0	0	0	0	1.44	0	0	0	0
1428501410274352256	CPU_4	100.00	0	0	0	0	0	0	0	0	0
1428501410970537143	CPU_4	100.00	0	0	0	0	0	0	0	0	0
1428501411666774773	CPU_4	97.18	0	0	0	0	1.40	1.40	0	0	0
1428501412374181051	CPU_4	100.00	0	0	0	0	0	0	0	0	0
1428501413070726957	CPU_4	100.00	0	0	0	0	0	0	0	0	0
1428501413780589112	CPU_4	98.59	0	0	0	0	1.40	0	0	0	0
1428501414477440023	CPU_4	100.00	0	0	0	0	0	0	0	0	0
1428501415174673410	CPU_4	98.57	0	0	0	0	0	1.42	0	0	0
1428501415879941051	CPU_4	98.59	0	0	0	0	1.40	0	0	0	0
1428501416576219174	CPU_4	100.00	0	0	0	0	0	0	0	0	0
1428501417272689061	CPU_4	100.00	0	0	0	0	0	0	0	0	0
1428501417977021707	CPU_4	98.59	0	0	0	0	1.40	0	0	0	0
1428501418673383386	CPU_4	98.57	0	0	0	0	0	1.42	0	0	0
1428501419387865608	CPU_4	100.00	0	0	0	0	0	0	0	0	0
1428501420089787313	CPU_4	98.59	0	0	0	0	1.40	0	0	0	0
1428501420787341614	CPU_4	100.00	0	0	0	0	0	0	0	0	0
1428501421492885335	CPU_4	100.00	0	0	0	0	0	0	0	0	0
1428501422187103310	CPU_4	97.14	0	0	0	0	1.42	1.42	0	0	0
1428501422884661800	CPU_4	100.00	0	0	0	0	0	0	0	0	0
1428501423590756543	CPU_4	98.59	0	0	0	0	1.40	0	0	0	0
1428501424287164194	CPU_4	100.00	0	0	0	0	0	0	0	0	0
1428501424984445785	CPU_4	100.00	0	0	0	0	0	0	0	0	0
1428501425690454084	CPU_4	98.59	0	0	0	0	1.40	0	0	0	0
1428501426387308424	CPU_4	98.57	0	0	0	0	0	1.42	0	0	0
1428501427087963418	CPU_4	100.00	0	0	0	0	0	0	0	0	0
1428501427794382578	CPU_4	98.57	0	0	0	0	1.42	0	0	0	0
1428501428489646495	CPU_4	100.00	0	0	0	0	0	0	0	0	0
1428501429196267469	CPU_4	100.00	0	0	0	0	0	0	0	0	0
1428501429909705173	CPU_4	97.22	0	0	0	0	1.38	1.38	0	0	0
1428501430605348405	CPU_4	100.00	0	0	0	0	0	0	0	0	0
1428501431312700363	CPU_4	100.00	0	0	0	0	0	0	0	0	0
1428501432011717380	CPU_4	98.57	0	0	0	0	1.42	0	0	0	0
1428501432708082267	CPU_4	100.00	0	0	0	0	0	0	0	0	0
1428501433415614288	CPU_4	98.57	0	0	0	0	0	1.42	0	0	0
1428501434115268666	CPU_4	98.59	0	0	0	0	1.40	0	0	0	0
1428501434820517542	CPU_4	100.00	0	0	0	0	0	0	0	0	0
1428501435517905560	CPU_4	100.00	0	0	0	0	0	0	0	0	0
1428501436214490372	CPU_4	98.57	0	0	0	0	1.42	0	0	0	0
1428501436922508231	CPU_4	98.59	0	0	0	0	0	1.40	0	0	0
1428501437619500056	CPU_4	100.00	0	0	0	0	0	0	0	0	0
1428501438317525661	CPU_4	98.57	0	0	0	0	1.42	0	0	0	0
1428501439024955537	CPU_4	100.00	0	0	0	0	0	0	0	0	0
1428501439722747397	CPU_4	100.00	0	0	0	0	0	0	0	0	0
1428501440446546384	CPU_4	97.26	0	0	0	0	1.36	1.36	0	0	0
1428501441142877583	CPU_4	100.00	0	0	0	0	0	0	0	0	0
1428501441841613777	CPU_4	100.00	0	0	0	0	0	0	0	0	0
1428501442548349588	CPU_4	98.59	0	0	0	0	1.40	0	0	0	0
1428501443246391625	CPU_4	100.00	0	0	0	0	0	0	0	0	0
1428501443944483758	CPU_4	100.00	0	0	0	0	0	0	0	0	0
1428501444649190355	CPU_4	97.18	0	0	0	0	1.40	1.40	0	0	0
1428501445360471347	CPU_4	100.00	0	0	0	0	0	0	0	0	0
1428501446075714907	CPU_4	100.00	0	0	0	0	0	0	0	0	0
1428501446773868150	CPU_4	98.59	0	0	0	0	1.40	0	0	0	0
1428501447469986917	CPU_4	100.00	0	0	0	0	0	0	0	0	0
1428501448176293087	CPU_4	98.59	0	0	0	0	0	1.40	0	0	0
1428501448871986704	CPU_4	98.57	0	0	0	0	1.42	0	0	0	0
1428501449568290000	CPU_4	100.00	0	0	0	0	0	0	0	0	0
1428501450276524637	CPU_4	100.00	0	0	0	0	0	0	0	0	0
1428501450971954409	CPU_4	98.57	0	0	0	0	1.42	0	0	0	0
1428501451669072076	CPU_4	98.57	0	0	0	0	0	1.42	0	0	0
1428501452377834579	CPU_4	100.00	0	0	0	0	0	0	0	0	0
1428501453072448619	CPU_4	98.55	0	0	0	0	1.44	0	0	0	0
1428501453781711436	CPU_4	100.00	0	0	0	0	0	0	0	0	0
1428501454479951328	CPU_4	100.00	0	0	0	0	0	0	0	0	0
1428501455174856691	CPU_4	97.18	0	0	0	0	1.40	1.40	0	0	0
1428501455888881062	CPU_4	100.00	0	0	0	0	0	0	0	0	0
1428501456585772880	CPU_4	100.00	0	0	0	0	0	0	0	0	0
1428501457282098291	CPU_4	98.57	0	0	0	0	1.42	0	0	0	0
1428501457988828060	CPU_4	100.00	0	0	0	0	0	0	0	0	0
1428501458686159163	CPU_4	97.18	0	0	0	0	1.40	1.40	0	0	0
1428501459383390824	CPU_4	100.00	0	0	0	0	0	0	0	0	0
1428501460088565268	CPU_4	100.00	0	0	0	0	0	0	0	0	0
1428501460786773960	CPU_4	98.55	0	0	0	0	1.44	0	0	0	0
1428501461491334952	CPU_4	100.00	0	0	0	0	0	0	0	0	0
1428501462187859567	CPU_4	100.00	0	0	0	0	0	0	0	0	0
1428501462889082692	CPU_4	97.18	0	0	0	0	1.40	1.40	0	0	0
1428501463594199929	CPU_4	100.00	0	0	0	0	0	0	0	0	0
1428501464291864542	CPU_4	100.00	0	0	0	0	0	0	0	0	0
1428501464991685122	CPU_4	98.59	0	0	0	0	1.40	0	0	0	0
1428501465697006753	CPU_4	100.00	0	0	0	0	0	0	0	0	0
1428501466428124005	CPU_4	98.64	0	0	0	0	0	1.35	0	0	0
1428501467135206221	CPU_4	98.59	0	0	0	0	1.40	0	0	0	0
1428501467833209324	CPU_4	100.00	0	0	0	0	0	0	0	0	0
1428501468532815080	CPU_4	100.00	0	0	0	0	0	0	0	0	0
1428501469240998974	CPU_4	98.59	0	0	0	0	1.40	0	0	0	0
1428501469938490775	CPU_4	98.57	0	0	0	0	0	1.42	0	0	0
1428501470637399174	CPU_4	100.00	0	0	0	0	0	0	0	0	0
1428501471346532410	CPU_4	98.61	0	0	0	0	1.38	0	0	0	0
1428501472042628098	CPU_4	100.00	0	0	0	0	0	0	0	0	0
1428501472750420088	CPU_4	100.00	0	0	0	0	0	0	0	0	0
1428501473448869892	CPU_4	97.18	0	0	0	0	1.40	1.40	0	0	0
1428501474144824196	CPU_4	100.00	0	0	0	0	0	0	0	0	0
1428501474853491913	CPU_4	100.00	0	0	0	0	0	0	0	0	0
1428501475552063880	CPU_4	98.57	0	0	0	0	1.42	0	0	0	0
1428501476248378519	CPU_4	100.00	0	0	0	0	0	0	0	0	0
1428501476973241683	CPU_4	98.63	0	0	0	0	0	1.36	0	0	0
1428501477673450259	CPU_4	98.59	0	0	0	0	1.40	0	0	0	0
1428501478388841641	CPU_4	100.00	0	0	0	0	0	0	0	0	0
1428501479087011691	CPU_4	100.00	0	0	0	0	0	0	0	0	0
1428501479785326233	CPU_4	98.57	0	0	0	0	1.42	0	0	0	0
1428501480508354047	CPU_4	98.63	0	0	0	0	0	1.36	0	0	0
1428501481206479134	CPU_4	100.00	0	0	0	0	0	0	0	0	0
1428501481935560318	CPU_4	98.64	0	0	0	0	1.35	0	0	0	0
1428501482641795632	CPU_4	100.00	0	0	0	0	0	0	0	0	0
1428501483341884543	CPU_4	100.00	0	0	0	0	0	0	0	0	0
1428501484048918928	CPU_4	98.61	0	0	0	0	1.38	0	0	0	0
1428501484745865898	CPU_4	98.55	0	0	0	0	0	1.44	0	0	0
1428501485475152154	CPU_4	98.64	0	0	0	0	1.35	0	0	0	0
1428501486184355742	CPU_4	100.00	0	0	0	0	0	0	0	0	0
1428501486886032477	CPU_4	100.00	0	0	0	0	0	0	0	0	0
1428501487582023597	CPU_4	98.57	0	0	0	0	1.42	0	0	0	0
1428501488290226165	CPU_4	98.59	0	0	0	0	0	1.40	0	0	0
1428501488992032452	CPU_4	100.00	0	0	0	0	0	0	0	0	0
1428501489700426389	CPU_4	98.59	0	0	0	0	1.40	0	0	0	0
1428501490399944960	CPU_4	100.00	0	0	0	0	0	0	0	0	0
1428501491099557083	CPU_4	100.00	0	0	0	0	0	0	0	0	0
1428501491807284516	CPU_4	97.22	0	0	0	0	1.38	1.38	0	0	0
1428501492535041942	CPU_4	100.00	0	0	0	0	0	0	0	0	0
1428501493239354235	CPU_4	100.00	0	0	0	0	0	0	0	0	0
1428501493941386990	CPU_4	98.59	0	0	0	0	1.40	0	0	0	0
1428501494640007172	CPU_4	100.00	0	0	0	0	0	0	0	0	0
1428501495347983492	CPU_4	98.59	0	0	0	0	0	1.40	0	0	0
1428501496044736868	CPU_4	98.57	0	0	0	0	1.42	0	0	0	0
1428501496742931717	CPU_4	100.00	0	0	0	0	0	0	0	0	0
1428501497452593737	CPU_4	100.00	0	0	0	0	0	0	0	0	0
1428501498148797650	CPU_4	98.59	0	0	0	0	1.40	0	0	0	0
1428501498848097699	CPU_4	98.57	0	0	0	0	0	1.42	0	0	0
1428501499558569779	CPU_4	100.00	0	0	0	0	0	0	0	0	0
1428501500255990469	CPU_4	98.57	0	0	0	0	1.42	0	0	0	0
1428501500970209298	CPU_4	100.00	0	0	0	0	0	0	0	0	0
1428501501670646079	CPU_4	100.00	0	0	0	0	0	0	0	0	0
1428501502367361805	CPU_4	97.18	0	0	0	0	1.40	1.40	0	0	0
1428501503098495604	CPU_4	100.00	0	0	0	0	0	0	0	0	0
1428501503805808060	CPU_4	100.00	0	0	0	0	0	0	0	0	0
1428501504560549306	CPU_4	98.61	0	0	0	0	1.38	0	0	0	0
1428501505281031708	CPU_4	100.00	0	0	0	0	0	0	0	0	0
1428501505981466893	CPU_4	98.59	0	0	0	0	0	1.40	0	0	0
1428501506690709887	CPU_4	98.59	0	0	0	0	1.40	0	0	0	0
1428501507388553569	CPU_4	100.00	0	0	0	0	0	0	0	0	0
1428501508103812561	CPU_4	100.00	0	0	0	0	0	0	0	0	0
1428501508811815339	CPU_4	98.59	0	0	0	0	1.40	0	0	0	0
1428501509509295982	CPU_4	98.57	0	0	0	0	0	1.42	0	0	0
1428501510213065827	CPU_4	100.00	0	0	0	0	0	0	0	0	0
1428501510919929271	CPU_4	98.59	0	0	0	0	1.40	0	0	0	0
1428501511616974250	CPU_4	100.00	0	0	0	0	0	0	0	0	0
1428501512326318866	CPU_4	100.00	0	0	0	0	0	0	0	0	0
1428501513026999472	CPU_4	98.57	0	0	0	0	1.42	0	0	0	0
1428501513729489140	CPU_4	98.59	0	0	0	0	0	1.40	0	0	0
1428501514438867392	CPU_4	100.00	0	0	0	0	0	0	0	0	0
1428501515137436307	CPU_4	98.55	0	0	0	0	1.44	0	0	0	0
1428501515834845162	CPU_4	100.00	0	0	0	0	0	0	0	0	0
1428501516545691532	CPU_4	100.00	0	0	0	0	0	0	0	0	0
1428501517245019057	CPU_4	97.18	0	0	0	0	1.40	1.40	0	0	0
1428501517957881313	CPU_4	100.00	0	0	0	0	0	0	0	0	0
1428501518658156063	CPU_4	100.00	0	0	0	0	0	0	0	0	0
1428501519357924650	CPU_4	98.59	0	0	0	0	1.40	0	0	0	0
1428501520066270514	CPU_4	100.00	0	0	0	0	0	0	0	0	0
1428501520766156527	CPU_4	98.57	0	0	0	0	0	1.42	0	0	0
1428501521465805003	CPU_4	98.59	0	0	0	0	1.40	0	0	0	0
1428501522172294726	CPU_4	100.00	0	0	0	0	0	0	0	0	0
1428501522872912857	CPU_4	98.57	0	0	0	0	1.42	0	0	0	0
1428501523603332426	CPU_4	100.00	0	0	0	0	0	0	0	0	0
1428501524301407111	CPU_4	98.57	0	0	0	0	0	1.42	0	0	0
1428501525002126352	CPU_4	98.57	0	0	0	0	1.42	0	0	0	0
1428501525714385142	CPU_4	100.00	0	0	0	0	0	0	0	0	0
1428501526411997272	CPU_4	100.00	0	0	0	0	0	0	0	0	0
1428501527112750269	CPU_4	98.59	0	0	0	0	1.40	0	0	0	0
1428501527821311998	CPU_4	98.59	0	0	0	0	0	1.40	0	0	0
1428501528525670676	CPU_4	100.00	0	0	0	0	0	0	0	0	0
1428501529238020232	CPU_4	98.59	0	0	0	0	1.40	0	0	0	0
1428501529940257992	CPU_4	100.00	0	0	0	0	0	0	0	0	0
1428501530640200806	CPU_4	100.00	0	0	0	0	0	0	0	0	0
1428501531349610309	CPU_4	97.22	0	0	0	0	1.38	1.38	0	0	0
1428501532049734658	CPU_4	100.00	0	0	0	0	0	0	0	0	0
1428501532747818607	CPU_4	100.00	0	0	0	0	0	0	0	0	0
1428501533475570264	CPU_4	98.61	0	0	0	0	1.38	0	0	0	0
1428501534175186430	CPU_4	100.00	0	0	0	0	0	0	0	0	0
1428501534889919184	CPU_4	98.59	0	0	0	0	0	1.40	0	0	0
1428501535661078328	CPU_4	98.71	0	0	0	0	1.28	0	0	0	0
1428501536361310155	CPU_4	100.00	0	0	0	0	0	0	0	0	0
1428501537074902720	CPU_4	100.00	0	0	0	0	0	0	0	0	0
1428501537773544837	CPU_4	98.57	0	0	0	0	1.42	0	0	0	0
1428501538485924151	CPU_4	100.00	0	0	0	0	0	0	0	0	0
1428501539201805610	CPU_4	98.61	0	0	0	0	0	1.38	0	0	0
1428501539901391156	CPU_4	98.57	0	0	0	0	1.42	0	0	0	0
1428501540627218053	CPU_4	100.00	0	0	0	0	0	0	0	0	0
1428501541327675508	CPU_4	100.00	0	0	0	0	0	0	0	0	0
1428501542032034239	CPU_4	98.59	0	0	0	0	1.40	0	0	0	0
1428501542740701445	CPU_4	98.59	0	0	0	0	0	1.40	0	0	0
1428501543441135601	CPU_4	100.00	0	0	0	0	0	0	0	0	0
1428501544151273150	CPU_4	98.59	0	0	0	0	1.40	0	0	0	0
1428501544850423858	CPU_4	100.00	0	0	0	0	0	0	0	0	0
1428501545551494933	CPU_4	100.00	0	0	0	0	0	0	0	0	0
1428501546261419640	CPU_4	97.22	0	0	0	0	1.38	1.38	0	0	0
1428501546959716796	CPU_4	100.00	0	0	0	0	0	0	0	0	0
1428501547661035078	CPU_4	100.00	0	0	0	0	0	0	0	0	0
1428501548370869944	CPU_4	98.61	0	0	0	0	1.38	0	0	0	0
1428501549070425782	CPU_4	100.00	0	0	0	0	0	0	0	0	0
1428501549814211266	CPU_4	98.66	0	0	0	0	0	1.33	0	0	0
1428501550515407225	CPU_4	98.59	0	0	0	0	1.40	0	0	0	0
1428501551215797984	CPU_4	100.00	0	0	0	0	0	0	0	0	0
1428501551926105714	CPU_4	100.00	0	0	0	0	0	0	0	0	0
1428501552627892093	CPU_4	98.59	0	0	0	0	1.40	0	0	0	0
1428501553332473317	CPU_4	98.57	0	0	0	0	0	1.42	0	0	0
1428501554039115127	CPU_4	100.00	0	0	0	0	0	0	0	0	0
1428501554741313302	CPU_4	98.57	0	0	0	0	1.42	0	0	0	0
1428501555448535389	CPU_4	100.00	0	0	0	0	0	0	0	0	0
1428501556151399775	CPU_4	100.00	0	0	0	0	0	0	0	0	0
1428501556852624817	CPU_4	97.18	0	0	0	0	1.40	1.40	0	0	0
1428501557561420630	CPU_4	100.00	0	0	0	0	0	0	0	0	0
1428501558261576605	CPU_4	100.00	0	0	0	0	0	0	0	0	0
1428501558962862904	CPU_4	98.57	0	0	0	0	1.42	0	0	0	0
1428501559671967801	CPU_4	100.00	0	0	0	0	0	0	0	0	0
1428501560372392280	CPU_4	97.18	0	0	0	0	1.40	1.40	0	0	0
1428501561085692848	CPU_4	100.00	0	0	0	0	0	0	0	0	0
1428501561785207300	CPU_4	100.00	0	0	0	0	0	0	0	0	0
1428501562486397413	CPU_4	98.57	0	0	0	0	1.42	0	0	0	0
1428501563197410328	CPU_4	100.00	0	0	0	0	0	0	0	0	0
1428501563896163236	CPU_4	98.57	0	0	0	0	0	1.42	0	0	0
1428501564601079060	CPU_4	98.59	0	0	0	0	1.40	0	0	0	0
1428501565309984575	CPU_4	100.00	0	0	0	0	0	0	0	0	0
1428501566009456748	CPU_4	100.00	0	0	0	0	0	0	0	0	0
1428501566721737034	CPU_4	98.61	0	0	0	0	1.38	0	0	0	0
1428501567422822625	CPU_4	100.00	0	0	0	0	0	0	0	0	0
1428501568122861848	CPU_4	98.57	0	0	0	0	0	1.42	0	0	0
1428501568832590987	CPU_4	98.59	0	0	0	0	1.40	0	0	0	0
1428501569533367451	CPU_4	100.00	0	0	0	0	0	0	0	0	0
1428501570233827099	CPU_4	100.00	0	0	0	0	0	0	0	0	0
1428501570945493308	CPU_4	98.59	0	0	0	0	1.40	0	0	0	0
1428501571647363496	CPU_4	98.59	0	0	0	0	0	1.40	0	0	0
1428501572357502965	CPU_4	100.00	0	0	0	0	0	0	0	0	0
1428501573059571862	CPU_4	98.59	0	0	0	0	1.40	0	0	0	0
1428501573764177171	CPU_4	100.00	0	0	0	0	0	0	0	0	0
1428501574476964714	CPU_4	100.00	0	0	0	0	0	0	0	0	0
1428501575177194344	CPU_4	97.18	0	0	0	0	1.40	1.40	0	0	0
1428501575918760827	CPU_4	100.00	0	0	0	0	0	0	0	0	0
1428501576622900316	CPU_4	100.00	0	0	0	0	0	0	0	0	0
1428501577322625485	CPU_4	98.59	0	0	0	0	1.40	0	0	0	0
1428501578033247920	CPU_4	100.00	0	0	0	0	0	0	0	0	0
1428501578737606918	CPU_4	98.57	0	0	0	0	0	1.42	0	0	0
1428501579437143756	CPU_4	98.59	0	0	0	0	1.40	0	0	0	0
1428501580148863875	CPU_4	100.00	0	0	0	0	0	0	0	0	0
1428501580850236559	CPU_4	100.00	0	0	0	0	0	0	0	0	0
1428501581559404259	CPU_4	98.61	0	0	0	0	1.38	0	0	0	0
1428501582262722874	CPU_4	98.57	0	0	0	0	0	1.42	0	0	0
1428501582965858339	CPU_4	100.00	0	0	0	0	0	0	0	0	0
1428501583675968555	CPU_4	98.61	0	0	0	0	1.38	0	0	0	0
1428501584377363780	CPU_4	100.00	0	0	0	0	0	0	0	0	0
1428501585078466858	CPU_4	100.00	0	0	0	0	0	0	0	0	0
1428501585790885525	CPU_4	97.22	0	0	0	0	1.38	1.38	0	0	0
1428501586491677126	CPU_4	100.00	0	0	0	0	0	0	0	0	0
1428501587204089539	CPU_4	100.00	0	0	0	0	0	0	0	0	0
1428501587903465246	CPU_4	98.57	0	0	0	0	1.42	0	0	0	0
1428501588605995707	CPU_4	100.00	0	0	0	0	0	0	0	0	0
1428501589316307730	CPU_4	98.59	0	0	0	0	0	1.40	0	0	0
1428501590027338073	CPU_4	98.59	0	0	0	0	1.40	0	0	0	0
1428501590738134338	CPU_4	100.00	0	0	0	0	0	0	0	0	0
1428501591463063394	CPU_4	100.00	0	0	0	0	0	0	0	0	0
1428501592166369288	CPU_4	98.57	0	0	0	0	1.42	0	0	0	0
1428501592875946596	CPU_4	100.00	0	0	0	0	0	0	0	0	0
1428501593577869671	CPU_4	98.57	0	0	0	0	0	1.42	0	0	0
1428501594280577152	CPU_4	98.59	0	0	0	0	1.40	0	0	0	0
1428501594991802866	CPU_4	100.00	0	0	0	0	0	0	0	0	0
1428501595694928630	CPU_4	100.00	0	0	0	0	0	0	0	0	0
1428501596414265623	CPU_4	98.61	0	0	0	0	1.38	0	0	0	0
1428501597115382494	CPU_4	98.57	0	0	0	0	0	1.42	0	0	0
1428501597817108509	CPU_4	98.59	0	0	0	0	1.40	0	0	0	0
1428501598529785527	CPU_4	100.00	0	0	0	0	0	0	0	0	0
1428501599230300902	CPU_4	100.00	0	0	0	0	0	0	0	0	0
1428501599932048101	CPU_4	98.59	0	0	0	0	1.40	0	0	0	0
1428501600657554673	CPU_4	98.63	0	0	0	0	0	1.36	0	0	0
1428501601357523304	CPU_4	100.00	0	0	0	0	0	0	0	0	0
1428501602069310533	CPU_4	98.61	0	0	0	0	1.38	0	0	0	0
1428501602772931360	CPU_4	100.00	0	0	0	0	0	0	0	0	0
1428501603473351549	CPU_4	100.00	0	0	0	0	0	0	0	0	0
1428501604187217268	CPU_4	97.22	0	0	0	0	1.38	1.38	0	0	0
1428501604890017020	CPU_4	100.00	0	0	0	0	0	0	0	0	0
1428501605729313533	CPU_4	100.00	0	0	0	0	0	0	0	0	0
1428501606431733271	CPU_4	98.59	0	0	0	0	1.40	0	0	0	0
1428501607148793549	CPU_4	100.00	0	0	0	0	0	0	0	0	0
1428501607861256839	CPU_4	98.59	0	0	0	0	0	1.40	0	0	0
1428501608563224585	CPU_4	98.59	0	0	0	0	1.40	0	0	0	0
1428501609273350308	CPU_4	100.00	0	0	0	0	0	0	0	0	0
1428501609976131940	CPU_4	100.00	0	0	0	0	0	0	0	0	0
1428501610680035385	CPU_4	98.59	0	0	0	0	1.40	0	0	0	0
1428501611389347988	CPU_4	98.59	0	0	0	0	0	1.40	0	0	0
1428501612091643923	CPU_4	100.00	0	0	0	0	0	0	0	0	0
1428501612795934266	CPU_4	98.59	0	0	0	0	1.40	0	0	0	0
1428501613507628155	CPU_4	100.00	0	0	0	0	0	0	0	0	0
1428501614211541912	CPU_4	100.00	0	0	0	0	0	0	0	0	0
1428501614923239677	CPU_4	97.26	0	0	0	0	1.36	1.36	0	0	0
1428501615634965664	CPU_4	100.00	0	0	0	0	0	0	0	0	0
1428501616336135034	CPU_4	100.00	0	0	0	0	0	0	0	0	0
1428501617047763192	CPU_4	98.59	0	0	0	0	1.40	0	0	0	0
1428501617752917677	CPU_4	100.00	0	0	0	0	0	0	0	0	0
1428501618463042520	CPU_4	98.61	0	0	0	0	0	1.38	0	0	0
1428501619171428788	CPU_4	98.59	0	0	0	0	1.40	0	0	0	0
1428501619874237981	CPU_4	100.00	0	0	0	0	0	0	0	0	0
1428501620583460541	CPU_4	100.00	0	0	0	0	0	0	0	0	0
1428501621287845288	CPU_4	98.59	0	0	0	0	1.40	0	0	0	0
1428501621989952081	CPU_4	98.57	0	0	0	0	0	1.42	0	0	0
1428501622734015386	CPU_4	100.00	0	0	0	0	0	0	0	0	0
1428501623437088138	CPU_4	98.59	0	0	0	0	1.40	0	0	0	0
1428501624150933676	CPU_4	100.00	0	0	0	0	0	0	0	0	0
1428501624867548464	CPU_4	98.61	0	0	0	0	1.38	0	0	0	0
1428501625576205740	CPU_4	98.61	0	0	0	0	0	1.38	0	0	0
1428501626289309996	CPU_4	100.00	0	0	0	0	0	0	0	0	0
1428501626994420205	CPU_4	98.59	0	0	0	0	1.40	0	0	0	0
1428501627729758274	CPU_4	100.00	0	0	0	0	0	0	0	0	0
1428501628432488497	CPU_4	100.00	0	0	0	0	0	0	0	0	0
1428501629135133369	CPU_4	97.22	0	0	0	0	1.38	1.38	0	0	0
1428501629845554076	CPU_4	100.00	0	0	0	0	0	0	0	0	0
1428501630548893365	CPU_4	100.00	0	0	0	0	0	0	0	0	0
1428501631253373147	CPU_4	98.57	0	0	0	0	1.42	0	0	0	0
1428501631964700302	CPU_4	100.00	0	0	0	0	0	0	0	0	0
1428501632667712067	CPU_4	100.00	0	0	0	0	0	0	0	0	0
1428501633400260232	CPU_4	97.29	0	0	0	0	1.35	1.35	0	0	0
1428501634104137885	CPU_4	100.00	0	0	0	0	0	0	0	0	0
1428501634807350008	CPU_4	100.00	0	0	0	0	0	0	0	0	0
1428501635519627352	CPU_4	98.61	0	0	0	0	1.38	0	0	0	0
1428501636225981213	CPU_4	100.00	0	0	0	0	0	0	0	0	0
1428501636932634098	CPU_4	98.59	0	0	0	0	0	1.40	0	0	0
1428501637639834129	CPU_4	98.59	0	0	0	0	1.40	0	0	0	0
1428501638344257036	CPU_4	100.00	0	0	0	0	0	0	0	0	0
1428501639054598308	CPU_4	100.00	0	0	0	0	0	0	0	0	0
1428501639765536392	CPU_4	98.59	0	0	0	0	1.40	0	0	0	0
1428501640468357349	CPU_4	98.59	0	0	0	0	0	1.40	0	0	0
1428501641178289139	CPU_4	100.00	0	0	0	0	0	0	0	0	0
1428501641882928322	CPU_4	98.57	0	0	0	0	1.42	0	0	0	0
1428501642594491122	CPU_4	100.00	0	0	0	0	0	0	0	0	0
1428501643301201074	CPU_4	100.00	0	0	0	0	0	0	0	0	0
1428501644004726733	CPU_4	97.22	0	0	0	0	1.38	1.38	0	0	0
1428501644718558031	CPU_4	100.00	0	0	0	0	0	0	0	0	0
1428501645419400375	CPU_4	100.00	0	0	0	0	0	0	0	0	0
1428501646123315060	CPU_4	98.59	0	0	0	0	1.40	0	0	0	0
1428501646838296311	CPU_4	100.00	0	0	0	0	0	0	0	0	0
1428501647539635098	CPU_4	98.59	0	0	0	0	0	1.40	0	0	0
1428501648257920253	CPU_4	98.61	0	0	0	0	1.38	0	0	0	0
1428501648963230454	CPU_4	100.00	0	0	0	0	0	0	0	0	0
1428501649669475595	CPU_4	100.00	0	0	0	0	0	0	0	0	0
1428501650382880026	CPU_4	98.61	0	0	0	0	1.38	0	0	0	0
1428501651089797265	CPU_4	98.59	0	0	0	0	0	1.40	0	0	0
1428501651795510971	CPU_4	100.00	0	0	0	0	0	0	0	0	0
1428501652507573956	CPU_4	98.61	0	0	0	0	1.38	0	0	0	0
1428501653212158201	CPU_4	100.00	0	0	0	0	0	0	0	0	0
1428501653941027405	CPU_4	100.00	0	0	0	0	0	0	0	0	0
1428501654642939544	CPU_4	97.22	0	0	0	0	1.38	1.38	0	0	0
1428501655347669273	CPU_4	100.00	0	0	0	0	0	0	0	0	0
1428501656060942133	CPU_4	100.00	0	0	0	0	0	0	0	0	0
1428501656762975717	CPU_4	98.57	0	0	0	0	1.42	0	0	0	0
1428501657471873002	CPU_4	100.00	0	0	0	0	0	0	0	0	0
1428501658181101899	CPU_4	98.61	0	0	0	0	0	1.38	0	0	0
1428501658889998107	CPU_4	98.59	0	0	0	0	1.40	0	0	0	0
1428501659604263624	CPU_4	100.00	0	0	0	0	0	0	0	0	0
1428501660309210597	CPU_4	100.00	0	0	0	0	0	0	0	0	0
1428501661021267941	CPU_4	98.61	0	0	0	0	1.38	0	0	0	0
1428501661734077014	CPU_4	98.59	0	0	0	0	0	1.40	0	0	0
1428501662438546968	CPU_4	98.59	0	0	0	0	1.40	0	0	0	0
1428501663152025139	CPU_4	100.00	0	0	0	0	0	0	0	0	0
1428501663854943921	CPU_4	100.00	0	0	0	0	0	0	0	0	0
1428501664559811488	CPU_4	98.59	0	0	0	0	1.40	0	0	0	0
1428501665295724974	CPU_4	98.64	0	0	0	0	0	1.35	0	0	0
1428501665997873906	CPU_4	100.00	0	0	0	0	0	0	0	0	0
1428501666714465209	CPU_4	98.59	0	0	0	0	1.40	0	0	0	0
1428501667422067307	CPU_4	100.00	0	0	0	0	0	0	0	0	0
1428501668126216198	CPU_4	100.00	0	0	0	0	0	0	0	0	0
1428501668841920443	CPU_4	98.61	0	0	0	0	1.38	0	0	0	0
1428501669546395254	CPU_4	98.59	0	0	0	0	0	1.40	0	0	0
1428501670254690286	CPU_4	100.00	0	0	0	0	0	0	0	0	0
1428501670983013568	CPU_4	98.63	0	0	0	0	1.36	0	0	0	0
1428501671688228245	CPU_4	100.00	0	0	0	0	0	0	0	0	0
1428501672402219094	CPU_4	100.00	0	0	0	0	0	0	0	0	0
1428501673104778223	CPU_4	97.22	0	0	0	0	1.38	1.38	0	0	0
1428501673809362179	CPU_4	100.00	0	0	0	0	0	0	0	0	0
1428501674522922678	CPU_4	100.00	0	0	0	0	0	0	0	0	0
1428501675226128299	CPU_4	98.57	0	0	0	0	1.42	0	0	0	0
1428501676039560330	CPU_4	100.00	0	0	0	0	0	0	0	0	0
1428501676743812042	CPU_4	98.59	0	0	0	0	0	1.40	0	0	0
1428501677447964279	CPU_4	98.59	0	0	0	0	1.40	0	0	0	0
1428501678163411204	CPU_4	100.00	0	0	0	0	0	0	0	0	0
1428501678867405406	CPU_4	100.00	0	0	0	0	0	0	0	0	0
1428501679581273030	CPU_4	98.61	0	0	0	0	1.38	0	0	0	0
1428501680303277195	CPU_4	98.61	0	0	0	0	0	1.38	0	0	0
1428501681007315974	CPU_4	100.00	0	0	0	0	0	0	0	0	0
1428501681723860437	CPU_4	98.61	0	0	0	0	1.38	0	0	0	0
1428501682429502563	CPU_4	100.00	0	0	0	0	0	0	0	0	0
1428501683137044270	CPU_4	100.00	0	0	0	0	0	0	0	0	0
1428501683846686180	CPU_4	97.26	0	0	0	0	1.36	1.36	0	0	0
1428501684551354706	CPU_4	100.00	0	0	0	0	0	0	0	0	0
1428501685264939442	CPU_4	100.00	0	0	0	0	0	0	0	0	0
1428501685969179977	CPU_4	98.59	0	0	0	0	1.40	0	0	0	0
1428501686674621580	CPU_4	100.00	0	0	0	0	0	0	0	0	0
1428501687388091263	CPU_4	98.61	0	0	0	0	0	1.38	0	0	0
1428501688092368165	CPU_4	98.57	0	0	0	0	1.42	0	0	0	0
1428501688805796188	CPU_4	100.00	0	0	0	0	0	0	0	0	0
1428501689528878547	CPU_4	100.00	0	0	0	0	0	0	0	0	0
1428501690230629005	CPU_4	98.59	0	0	0	0	1.40	0	0	0	0
1428501690946814498	CPU_4	98.59	0	0	0	0	0	1.40	0	0	0
1428501691650496765	CPU_4	100.00	0	0	0	0	0	0	0	0	0
1428501692355792903	CPU_4	98.59	0	0	0	0	1.40	0	0	0	0
1428501693069120370	CPU_4	100.00	0	0	0	0	0	0	0	0	0
1428501693782030022	CPU_4	100.00	0	0	0	0	0	0	0	0	0
1428501694493467440	CPU_4	97.26	0	0	0	0	1.36	1.36	0	0	0
1428501695198219969	CPU_4	100.00	0	0	0	0	0	0	0	0	0
1428501695918044242	CPU_4	100.00	0	0	0	0	0	0	0	0	0
1428501696651444995	CPU_4	98.63	0	0	0	0	1.36	0	0	0	0
1428501697354151418	CPU_4	100.00	0	0	0	0	0	0	0	0	0
1428501698066262053	CPU_4	97.22	0	0	0	0	1.38	1.38	0	0	0
1428501698766503845	CPU_4	100.00	0	0	0	0	0	0	0	0	0
1428501699465144195	CPU_4	100.00	0	0	0	0	0	0	0	0	0
1428501700174248387	CPU_4	98.59	0	0	0	0	1.40	0	0	0	0
1428501700877574735	CPU_4	100.00	0	0	0	0	0	0	0	0	0
1428501701577619504	CPU_4	98.57	0	0	0	0	0	1.42	0	0	0
1428501702285714100	CPU_4	98.59	0	0	0	0	1.40	0	0	0	0
1428501702989274697	CPU_4	100.00	0	0	0	0	0	0	0	0	0
1428501703698389721	CPU_4	100.00	0	0	0	0	0	0	0	0	0
1428501704401302488	CPU_4	98.57	0	0	0	0	1.42	0	0	0	0
1428501705104146908	CPU_4	100.00	0	0	0	0	0	0	0	0	0
1428501705814335269	CPU_4	98.59	0	0	0	0	0	1.40	0	0	0
1428501706516020439	CPU_4	98.57	0	0	0	0	1.42	0	0	0	0
1428501707263925074	CPU_4	100.00	0	0	0	0	0	0	0	0	0
1428501707965794676	CPU_4	100.00	0	0	0	0	0	0	0	0	0
1428501708674048544	CPU_4	98.61	0	0	0	0	1.38	0	0	0	0
1428501709386470839	CPU_4	98.59	0	0	0	0	0	1.40	0	0	0
1428501710091031244	CPU_4	100.00	0	0	0	0	0	0	0	0	0
1428501710791658523	CPU_4	98.57	0	0	0	0	1.42	0	0	0	0
1428501711504371356	CPU_4	100.00	0	0	0	0	0	0	0	0	0
1428501712208566253	CPU_4	100.00	0	0	0	0	0	0	0	0	0
1428501712919644216	CPU_4	97.22	0	0	0	0	1.38	1.38	0	0	0
1428501713621413482	CPU_4	100.00	0	0	0	0	0	0	0	0	0
1428501714326088543	CPU_4	100.00	0	0	0	0	0	0	0	0	0
1428501715036013705	CPU_4	98.61	0	0	0	0	1.38	0	0	0	0
1428501715738335721	CPU_4	100.00	0	0	0	0	0	0	0	0	0
1428501716440168304	CPU_4	98.57	0	0	0	0	0	1.42	0	0	0
1428501717151325509	CPU_4	98.61	0	0	0	0	1.38	0	0	0	0
1428501717854517571	CPU_4	100.00	0	0	0	0	0	0	0	0	0
1428501718565883786	CPU_4	100.00	0	0	0	0	0	0	0	0	0
1428501719265984177	CPU_4	98.59	0	0	0	0	1.40	0	0	0	0
1428501719969742950	CPU_4	98.57	0	0	0	0	0	1.42	0	0	0
1428501720681292787	CPU_4	100.00	0	0	0	0	0	0	0	0	0
1428501721382656139	CPU_4	98.59	0	0	0	0	1.40	0	0	0	0
1428501722087190789	CPU_4	100.00	0	0	0	0	0	0	0	0	0
1428501722798514374	CPU_4	100.00	0	0	0	0	0	0	0	0	0
1428501723500609144	CPU_4	97.18	0	0	0	0	1.40	1.40	0	0	0
1428501724214306881	CPU_4	100.00	0	0	0	0	0	0	0	0	0
1428501724917802424	CPU_4	100.00	0	0	0	0	0	0	0	0	0
1428501725619503731	CPU_4	98.57	0	0	0	0	1.42	0	0	0	0
1428501726331718166	CPU_4	100.00	0	0	0	0	0	0	0	0	0
1428501727037173136	CPU_4	100.00	0	0	0	0	0	0	0	0	0
1428501727750215835	CPU_4	97.22	0	0	0	0	1.38	1.38	0	0	0
1428501728486258099	CPU_4	100.00	0	0	0	0	0	0	0	0	0
1428501729189145677	CPU_4	100.00	0	0	0	0	0	0	0	0	0
1428501729901705041	CPU_4	98.59	0	0	0	0	1.40	0	0	0	0
1428501730602617494	CPU_4	100.00	0	0	0	0	0	0	0	0	0
1428501731305546737	CPU_4	98.59	0	0	0	0	0	1.40	0	0	0
1428501732018892648	CPU_4	98.61	0	0	0	0	1.38	0	0	0	0
1428501732720146476	CPU_4	100.00	0	0	0	0	0	0	0	0	0
1428501733452963537	CPU_4	100.00	0	0	0	0	0	0	0	0	0
1428501734155387056	CPU_4	98.59	0	0	0	0	1.40	0	0	0	0
1428501734857337349	CPU_4	98.57	0	0	0	0	0	1.42	0	0	0
1428501735570242015	CPU_4	100.00	0	0	0	0	0	0	0	0	0
1428501736273173161	CPU_4	98.59	0	0	0	0	1.40	0	0	0	0
1428501736974744746	CPU_4	100.00	0	0	0	0	0	0	0	0	0
1428501737687649119	CPU_4	100.00	0	0	0	0	0	0	0	0	0
1428501738391504352	CPU_4	97.22	0	0	0	0	1.38	1.38	0	0	0
1428501739105653083	CPU_4	100.00	0	0	0	0	0	0	0	0	0
1428501739808583992	CPU_4	98.57	0	0	0	0	1.42	0	0	0	0
1428501740516370161	CPU_4	100.00	0	0	0	0	0	0	0	0	0
1428501741232108024	CPU_4	100.00	0	0	0	0	0	0	0	0	0
1428501741936007690	CPU_4	97.18	0	0	0	0	1.40	1.40	0	0	0
1428501742649013051	CPU_4	100.00	0	0	0	0	0	0	0	0	0
1428501743357898421	CPU_4	100.00	0	0	0	0	0	0	0	0	0
1428501744085167827	CPU_4	98.63	0	0	0	0	1.36	0	0	0	0
1428501744802682418	CPU_4	100.00	0	0	0	0	0	0	0	0	0
1428501745543205563	CPU_4	98.61	0	0	0	0	0	1.38	0	0	0
1428501746257231612	CPU_4	98.63	0	0	0	0	1.36	0	0	0	0
1428501746965474747	CPU_4	100.00	0	0	0	0	0	0	0	0	0
1428501747672170939	CPU_4	100.00	0	0	0	0	0	0	0	0	0
1428501748386706491	CPU_4	98.61	0	0	0	0	1.38	0	0	0	0
1428501749120288744	CPU_4	98.64	0	0	0	0	0	1.35	0	0	0
1428501749824141677	CPU_4	100.00	0	0	0	0	0	0	0	0	0
1428501750539472190	CPU_4	98.59	0	0	0	0	1.40	0	0	0	0
1428501751245035647	CPU_4	100.00	0	0	0	0	0	0	0	0	0
1428501751958314586	CPU_4	100.00	0	0	0	0	0	0	0	0	0
1428501752662724925	CPU_4	97.18	0	0	0	0	1.40	1.40	0	0	0
1428501753367494714	CPU_4	100.00	0	0	0	0	0	0	0	0	0
1428501754080139777	CPU_4	100.00	0	0	0	0	0	0	0	0	0
1428501754783843076	CPU_4	98.59	0	0	0	0	1.40	0	0	0	0
1428501755506423946	CPU_4	100.00	0	0	0	0	0	0	0	0	0
1428501756207849461	CPU_4	98.59	0	0	0	0	0	1.40	0	0	0
1428501756913494815	CPU_4	98.59	0	0	0	0	1.40	0	0	0	0
1428501757629093656	CPU_4	100.00	0	0	0	0	0	0	0	0	0
1428501758332859267	CPU_4	100.00	0	0	0	0	0	0	0	0	0
1428501759038324791	CPU_4	98.59	0	0	0	0	1.40	0	0	0	0
1428501759806690616	CPU_4	98.70	0	0	0	0	0	1.29	0	0	0
1428501760512449070	CPU_4	100.00	0	0	0	0	0	0	0	0	0
1428501761225576921	CPU_4	98.61	0	0	0	0	1.38	0	0	0	0
1428501761931163519	CPU_4	100.00	0	0	0	0	0	0	0	0	0
1428501762634679008	CPU_4	100.00	0	0	0	0	0	0	0	0	0
1428501763346353439	CPU_4	97.22	0	0	0	0	1.38	1.38	0	0	0
1428501764051826666	CPU_4	100.00	0	0	0	0	0	0	0	0	0
1428501764803917409	CPU_4	100.00	0	0	0	0	0	0	0	0	0
1428501765509783692	CPU_4	98.59	0	0	0	0	1.40	0	0	0	0
1428501766212135158	CPU_4	100.00	0	0	0	0	0	0	0	0	0
1428501766927205666	CPU_4	98.61	0	0	0	0	0	1.38	0	0	0
1428501767630984028	CPU_4	98.59	0	0	0	0	1.40	0	0	0	0
1428501768333215456	CPU_4	100.00	0	0	0	0	0	0	0	0	0
1428501769047756176	CPU_4	98.59	0	0	0	0	1.40	0	0	0	0
1428501769752245837	CPU_4	100.00	0	0	0	0	0	0	0	0	0
1428501770464089476	CPU_4	100.00	0	0	0	0	0	0	0	0	0
1428501771171465628	CPU_4	97.22	0	0	0	0	1.38	1.38	0	0	0
1428501771876055256	CPU_4	100.00	0	0	0	0	0	0	0	0	0
1428501772590755578	CPU_4	100.00	0	0	0	0	0	0	0	0	0
1428501773295022722	CPU_4	98.59	0	0	0	0	1.40	0	0	0	0
1428501774000709278	CPU_4	100.00	0	0	0	0	0	0	0	0	0
1428501774713907181	CPU_4	98.61	0	0	0	0	0	1.38	0	0	0
1428501775419711753	CPU_4	98.59	0	0	0	0	1.40	0	0	0	0
1428501776143851346	CPU_4	100.00	0	0	0	0	0	0	0	0	0
1428501776850987816	CPU_4	100.00	0	0	0	0	0	0	0	0	0
1428501777554856635	CPU_4	98.59	0	0	0	0	1.40	0	0	0	0
1428501778269163235	CPU_4	98.61	0	0	0	0	0	1.38	0	0	0
1428501778975510461	CPU_4	100.00	0	0	0	0	0	0	0	0	0
1428501779698057733	CPU_4	98.61	0	0	0	0	1.38	0	0	0	0
1428501780403835763	CPU_4	100.00	0	0	0	0	0	0	0	0	0
1428501781199839256	CPU_4	100.00	0	0	0	0	0	0	0	0	0
1428501781909259360	CPU_4	97.26	0	0	0	0	1.36	1.36	0	0	0
1428501782613425014	CPU_4	100.00	0	0	0	0	0	0	0	0	0
1428501783327597737	CPU_4	100.00	0	0	0	0	0	0	0	0	0
1428501784034925216	CPU_4	98.61	0	0	0	0	1.38	0	0	0	0
1428501784738038456	CPU_4	100.00	0	0	0	0	0	0	0	0	0
1428501785482197589	CPU_4	98.64	0	0	0	0	0	1.35	0	0	0
1428501786186629813	CPU_4	98.59	0	0	0	0	1.40	0	0	0	0
1428501786901654773	CPU_4	100.00	0	0	0	0	0	0	0	0	0
1428501787605738679	CPU_4	100.00	0	0	0	0	0	0	0	0	0
1428501788310514327	CPU_4	98.59	0	0	0	0	1.40	0	0	0	0
1428501789026439133	CPU_4	98.61	0	0	0	0	0	1.38	0	0	0
1428501789731822384	CPU_4	100.00	0	0	0	0	0	0	0	0	0
1428501790451571052	CPU_4	98.61	0	0	0	0	1.38	0	0	0	0
1428501791163096514	CPU_4	100.00	0	0	0	0	0	0	0	0	0
1428501791867512147	CPU_4	100.00	0	0	0	0	0	0	0	0	0
1428501792583796143	CPU_4	97.26	0	0	0	0	1.36	1.36	0	0	0
1428501793289610800	CPU_4	100.00	0	0	0	0	0	0	0	0	0
1428501793998409042	CPU_4	100.00	0	0	0	0	0	0	0	0	0
1428501794711822743	CPU_4	98.59	0	0	0	0	1.40	0	0	0	0
1428501795417017405	CPU_4	100.00	0	0	0	0	0	0	0	0	0
1428501796132562345	CPU_4	98.61	0	0	0	0	0	1.38	0	0	0
1428501796836054896	CPU_4	98.59	0	0	0	0	1.40	0	0	0	0
1428501797542193070	CPU_4	100.00	0	0	0	0	0	0	0	0	0
1428501798257007265	CPU_4	100.00	0	0	0	0	0	0	0	0	0
1428501798961186537	CPU_4	98.59	0	0	0	0	1.40	0	0	0	0
1428501799667301844	CPU_4	98.59	0	0	0	0	0	1.40	0	0	0
1428501800381720337	CPU_4	98.61	0	0	0	0	1.38	0	0	0	0
1428501801096916365	CPU_4	100.00	0	0	0	0	0	0	0	0	0
1428501801811160627	CPU_4	100.00	0	0	0	0	0	0	0	0	0
1428501802517426433	CPU_4	98.59	0	0	0	0	1.40	0	0	0	0
1428501803226386032	CPU_4	100.00	0	0	0	0	0	0	0	0	0
1428501803940339345	CPU_4	98.59	0	0	0	0	0	1.40	0	0	0
1428501804646565118	CPU_4	98.59	0	0	0	0	1.40	0	0	0	0
1428501805367378473	CPU_4	100.00	0	0	0	0	0	0	0	0	0
1428501806072944185	CPU_4	100.00	0	0	0	0	0	0	0	0	0
1428501806778889010	CPU_4	98.59	0	0	0	0	1.40	0	0	0	0
1428501807493358894	CPU_4	98.61	0	0	0	0	0	1.38	0	0	0
1428501808196332898	CPU_4	100.00	0	0	0	0	0	0	0	0	0
1428501808902234735	CPU_4	98.57	0	0	0	0	1.42	0	0	0	0
1428501809622971106	CPU_4	100.00	0	0	0	0	0	0	0	0	0
1428501810325887287	CPU_4	100.00	0	0	0	0	0	0	0	0	0
1428501811051236739	CPU_4	97.29	0	0	0	0	1.35	1.35	0	0	0
1428501811756932322	CPU_4	100.00	0	0	0	0	0	0	0	0	0
1428501812464140692	CPU_4	100.00	0	0	0	0	0	0	0	0	0
1428501813178963203	CPU_4	98.61	0	0	0	0	1.38	0	0	0	0
1428501813884668049	CPU_4	100.00	0	0	0	0	0	0	0	0	0
1428501814601474918	CPU_4	98.61	0	0	0	0	0	1.38	0	0	0
1428501815305616739	CPU_4	98.59	0	0	0	0	1.40	0	0	0	0
1428501816014287440	CPU_4	100.00	0	0	0	0	0	0	0	0	0
1428501816728487061	CPU_4	100.00	0	0	0	0	0	0	0	0	0
1428501817432279307	CPU_4	98.57	0	0	0	0	1.42	0	0	0	0
1428501818138042177	CPU_4	98.59	0	0	0	0	0	1.40	0	0	0
1428501818852686020	CPU_4	100.00	0	0	0	0	0	0	0	0	0
1428501819558569117	CPU_4	98.59	0	0	0	0	1.40	0	0	0	0
1428501820272938940	CPU_4	100.00	0	0	0	0	0	0	0	0	0
1428501820978843561	CPU_4	100.00	0	0	0	0	0	0	0	0	0
1428501821685281213	CPU_4	97.18	0	0	0	0	1.40	1.40	0	0	0
1428501822399651963	CPU_4	100.00	0	0	0	0	0	0	0	0	0
1428501823106197306	CPU_4	98.59	0	0	0	0	1.40	0	0	0	0
1428501823817973195	CPU_4	100.00	0	0	0	0	0	0	0	0	0
1428501824525368185	CPU_4	100.00	0	0	0	0	0	0	0	0	0
1428501825231114871	CPU_4	97.22	0	0	0	0	1.38	1.38	0	0	0
1428501825945258697	CPU_4	100.00	0	0	0	0	0	0	0	0	0
1428501826669531206	CPU_4	100.00	0	0	0	0	0	0	0	0	0
1428501827375844946	CPU_4	98.59	0	0	0	0	1.40	0	0	0	0
1428501828092118998	CPU_4	100.00	0	0	0	0	0	0	0	0	0
1428501828795854711	CPU_4	98.59	0	0	0	0	0	1.40	0	0	0
1428501829511515281	CPU_4	98.61	0	0	0	0	1.38	0	0	0	0
1428501830218103901	CPU_4	100.00	0	0	0	0	0	0	0	0	0
1428501830925761848	CPU_4	100.00	0	0	0	0	0	0	0	0	0
1428501831644420688	CPU_4	98.63	0	0	0	0	1.36	0	0	0	0
1428501832351650822	CPU_4	98.59	0	0	0	0	0	1.40	0	0	0
1428501833070102937	CPU_4	100.00	0	0	0	0	0	0	0	0	0
1428501833774316083	CPU_4	98.59	0	0	0	0	1.40	0	0	0	0
1428501834480518393	CPU_4	100.00	0	0	0	0	0	0	0	0	0
1428501835196282388	CPU_4	100.00	0	0	0	0	0	0	0	0	0
1428501835900502966	CPU_4	97.22	0	0	0	0	1.38	1.38	0	0	0
1428501836607264332	CPU_4	100.00	0	0	0	0	0	0	0	0	0
1428501837324351842	CPU_4	100.00	0	0	0	0	0	0	0	0	0
1428501838028354060	CPU_4	98.57	0	0	0	0	1.42	0	0	0	0
1428501838745559925	CPU_4	100.00	0	0	0	0	0	0	0	0	0
1428501839453028130	CPU_4	100.00	0	0	0	0	0	0	0	0	0
1428501840163052627	CPU_4	97.22	0	0	0	0	1.38	1.38	0	0	0
1428501840877320208	CPU_4	100.00	0	0	0	0	0	0	0	0	0
1428501841588016352	CPU_4	100.00	0	0	0	0	0	0	0	0	0
1428501842312528982	CPU_4	98.61	0	0	0	0	1.38	0	0	0	0
1428501843017056094	CPU_4	100.00	0	0	0	0	0	0	0	0	0
1428501843725046911	CPU_4	98.61	0	0	0	0	0	1.38	0	0	0
1428501844440185655	CPU_4	98.61	0	0	0	0	1.38	0	0	0	0
1428501845146295452	CPU_4	100.00	0	0	0	0	0	0	0	0	0
1428501845852935490	CPU_4	100.00	0	0	0	0	0	0	0	0	0
1428501846570397295	CPU_4	98.61	0	0	0	0	1.38	0	0	0	0
1428501847276646147	CPU_4	98.59	0	0	0	0	0	1.40	0	0	0
1428501847992462057	CPU_4	100.00	0	0	0	0	0	0	0	0	0
1428501848700361977	CPU_4	98.59	0	0	0	0	1.40	0	0	0	0
1428501849410335727	CPU_4	100.00	0	0	0	0	0	0	0	0	0
1428501850125838484	CPU_4	100.00	0	0	0	0	0	0	0	0	0
1428501850832598292	CPU_4	97.22	0	0	0	0	1.38	1.38	0	0	0
1428501851549079156	CPU_4	100.00	0	0	0	0	0	0	0	0	0
1428501852254939903	CPU_4	100.00	0	0	0	0	0	0	0	0	0
1428501852962245604	CPU_4	98.59	0	0	0	0	1.40	0	0	0	0
1428501853679177400	CPU_4	100.00	0	0	0	0	0	0	0	0	0
1428501854385277829	CPU_4	97.18	0	0	0	0	1.40	1.40	0	0	0
1428501855102272401	CPU_4	100.00	0	0	0	0	0	0	0	0	0
1428501855814546993	CPU_4	100.00	0	0	0	0	0	0	0	0	0
1428501856523277485	CPU_4	98.59	0	0	0	0	1.40	0	0	0	0
1428501857239299778	CPU_4	100.00	0	0	0	0	0	0	0	0	0
1428501857946416000	CPU_4	98.59	0	0	0	0	0	1.40	0	0	0
1428501858655010465	CPU_4	98.59	0	0	0	0	1.40	0	0	0	0
1428501859370304020	CPU_4	100.00	0	0	0	0	0	0	0	0	0
1428501860078767845	CPU_4	100.00	0	0	0	0	0	0	0	0	0
1428501860795092593	CPU_4	98.63	0	0	0	0	1.36	0	0	0	0
1428501861501204227	CPU_4	98.59	0	0	0	0	0	1.40	0	0	0
1428501862209289233	CPU_4	100.00	0	0	0	0	0	0	0	0	0
1428501862925923290	CPU_4	98.61	0	0	0	0	1.38	0	0	0	0
1428501863642513046	CPU_4	100.00	0	0	0	0	0	0	0	0	0
1428501864364919348	CPU_4	100.00	0	0	0	0	0	0	0	0	0
1428501865155695001	CPU_4	97.50	0	0	0	0	1.25	1.25	0	0	0
1428501865867203887	CPU_4	100.00	0	0	0	0	0	0	0	0	0
1428501866579761182	CPU_4	100.00	0	0	0	0	0	0	0	0	0
1428501867285212662	CPU_4	98.59	0	0	0	0	1.40	0	0	0	0
1428501868003225830	CPU_4	100.00	0	0	0	0	0	0	0	0	0
1428501868727429874	CPU_4	98.63	0	0	0	0	0	1.36	0	0	0
1428501869437247380	CPU_4	98.59	0	0	0	0	1.40	0	0	0	0
1428501870154460978	CPU_4	100.00	0	0	0	0	0	0	0	0	0
1428501870862058213	CPU_4	100.00	0	0	0	0	0	0	0	0	0
1428501871579207458	CPU_4	98.61	0	0	0	0	1.38	0	0	0	0
1428501872285389716	CPU_4	98.59	0	0	0	0	0	1.40	0	0	0
1428501872992388552	CPU_4	100.00	0	0	0	0	0	0	0	0	0
1428501873712186402	CPU_4	98.63	0	0	0	0	1.36	0	0	0	0
1428501874418010217	CPU_4	100.00	0	0	0	0	0	0	0	0	0
1428501875136952219	CPU_4	100.00	0	0	0	0	0	0	0	0	0
1428501875843938145	CPU_4	97.22	0	0	0	0	1.38	1.38	0	0	0
1428501876549691268	CPU_4	100.00	0	0	0	0	0	0	0	0	0
1428501877267224825	CPU_4	98.61	0	0	0	0	1.38	0	0	0	0
1428501877975372439	CPU_4	100.00	0	0	0	0	0	0	0	0	0
1428501878690458973	CPU_4	100.00	0	0	0	0	0	0	0	0	0
1428501879400297781	CPU_4	97.26	0	0	0	0	1.36	1.36	0	0	0
1428501880107501495	CPU_4	100.00	0	0	0	0	0	0	0	0	0
1428501880826668722	CPU_4	100.00	0	0	0	0	0	0	0	0	0
1428501881533908167	CPU_4	98.59	0	0	0	0	1.40	0	0	0	0
1428501882242411650	CPU_4	100.00	0	0	0	0	0	0	0	0	0
1428501882959956768	CPU_4	98.61	0	0	0	0	0	1.38	0	0	0
1428501883667150230	CPU_4	98.59	0	0	0	0	1.40	0	0	0	0
1428501884400873028	CPU_4	100.00	0	0	0	0	0	0	0	0	0
1428501885107707435	CPU_4	100.00	0	0	0	0	0	0	0	0	0
1428501885818363090	CPU_4	98.61	0	0	0	0	1.38	0	0	0	0
1428501886534288205	CPU_4	98.61	0	0	0	0	0	1.38	0	0	0
1428501887243907343	CPU_4	100.00	0	0	0	0	0	0	0	0	0
1428501887961239488	CPU_4	98.61	0	0	0	0	1.38	0	0	0	0
1428501888668292312	CPU_4	100.00	0	0	0	0	0	0	0	0	0
1428501889376752258	CPU_4	100.00	0	0	0	0	0	0	0	0	0
1428501890094605006	CPU_4	97.26	0	0	0	0	1.36	1.36	0	0	0
1428501890830419984	CPU_4	100.00	0	0	0	0	0	0	0	0	0
1428501891547328171	CPU_4	100.00	0	0	0	0	0	0	0	0	0
1428501892255975753	CPU_4	98.59	0	0	0	0	1.40	0	0	0	0
1428501892964606120	CPU_4	100.00	0	0	0	0	0	0	0	0	0
1428501893679436863	CPU_4	98.61	0	0	0	0	0	1.38	0	0	0
1428501894388248755	CPU_4	98.61	0	0	0	0	1.38	0	0	0	0
1428501895098030393	CPU_4	100.00	0	0	0	0	0	0	0	0	0
1428501895812977739	CPU_4	98.61	0	0	0	0	1.38	0	0	0	0
1428501896519878563	CPU_4	100.00	0	0	0	0	0	0	0	0	0
1428501897239192944	CPU_4	98.61	0	0	0	0	0	1.38	0	0	0
1428501897948051217	CPU_4	98.59	0	0	0	0	1.40	0	0	0	0
1428501898656528813	CPU_4	100.00	0	0	0	0	0	0	0	0	0
1428501899372626582	CPU_4	100.00	0	0	0	0	0	0	0	0	0
1428501900082363834	CPU_4	98.59	0	0	0	0	1.40	0	0	0	0
1428501900798053795	CPU_4	98.63	0	0	0	0	0	1.36	0	0	0
1428501901507795281	CPU_4	100.00	0	0	0	0	0	0	0	0	0
1428501902215894008	CPU_4	98.59	0	0	0	0	1.40	0	0	0	0
1428501902932288574	CPU_4	100.00	0	0	0	0	0	0	0	0	0
1428501903642554746	CPU_4	100.00	0	0	0	0	0	0	0	0	0
1428501904367625394	CPU_4	97.26	0	0	0	0	1.36	1.36	0	0	0
1428501905077307512	CPU_4	100.00	0	0	0	0	0	0	0	0	0
1428501905785439326	CPU_4	100.00	0	0	0	0	0	0	0	0	0
1428501906503485857	CPU_4	98.61	0	0	0	0	1.38	0	0	0	0
1428501907212484326	CPU_4	100.00	0	0	0	0	0	0	0	0	0
1428501907918581450	CPU_4	100.00	0	0	0	0	0	0	0	0	0
1428501908636279625	CPU_4	97.22	0	0	0	0	1.38	1.38	0	0	0
1428501909345954989	CPU_4	100.00	0	0	0	0	0	0	0	0	0
1428501910063570360	CPU_4	100.00	0	0	0	0	0	0	0	0	0
1428501910792578697	CPU_4	98.63	0	0	0	0	1.36	0	0	0	0
1428501911502606540	CPU_4	100.00	0	0	0	0	0	0	0	0	0
1428501912222342267	CPU_4	98.61	0	0	0	0	0	1.38	0	0	0
1428501912930220927	CPU_4	98.61	0	0	0	0	1.38	0	0	0	0
1428501913649701720	CPU_4	100.00	0	0	0	0	0	0	0	0	0
1428501914359877619	CPU_4	100.00	0	0	0	0	0	0	0	0	0
1428501915067742093	CPU_4	98.59	0	0	0	0	1.40	0	0	0	0
1428501915792104164	CPU_4	98.61	0	0	0	0	0	1.38	0	0	0
1428501916501491374	CPU_4	100.00	0	0	0	0	0	0	0	0	0
1428501917220423132	CPU_4	98.61	0	0	0	0	1.38	0	0	0	0
1428501917927493785	CPU_4	100.00	0	0	0	0	0	0	0	0	0
1428501918636245014	CPU_4	100.00	0	0	0	0	0	0	0	0	0
1428501919354700501	CPU_4	97.26	0	0	0	0	1.36	1.36	0	0	0
1428501920069431560	CPU_4	95.83	0	1.38	2.77	0	0	0	0	0	0
1428501920802543010	CPU_4	0	0	0	100.00	0	0	0	0	0	0
