#Timestamp	CPU_ID	user%	nice%	sys%	idle%	iowait%	irq%	softiq%	steal%	guest%	guest_nice%
1428515776197576400	CPU_4	87.09	0	4.83	8.06	0	0	0	0	0	0
1428515776883336510	CPU_4	98.52	0	0	0	0	0	1.47	0	0	0
1428515777577814355	CPU_4	98.57	0	0	0	0	1.42	0	0	0	0
1428515778270241121	CPU_4	100.00	0	0	0	0	0	0	0	0	0
1428515778959194642	CPU_4	98.57	0	0	0	0	1.42	0	0	0	0
1428515779691209550	CPU_4	100.00	0	0	0	0	0	0	0	0	0
1428515780381422111	CPU_4	98.55	0	0	0	0	0	1.44	0	0	0
1428515781071272505	CPU_4	98.55	0	0	0	0	1.44	0	0	0	0
1428515781773273046	CPU_4	100.00	0	0	0	0	0	0	0	0	0
1428515782464021023	CPU_4	100.00	0	0	0	0	0	0	0	0	0
1428515783155972039	CPU_4	97.14	0	0	0	0	1.42	1.42	0	0	0
1428515783862670697	CPU_4	100.00	0	0	0	0	0	0	0	0	0
1428515784556978084	CPU_4	98.57	0	0	0	0	1.42	0	0	0	0
1428515785246075271	CPU_4	100.00	0	0	0	0	0	0	0	0	0
1428515785947461522	CPU_4	100.00	0	0	0	0	0	0	0	0	0
1428515786639296829	CPU_4	97.14	0	0	0	0	1.42	1.42	0	0	0
1428515787330235180	CPU_4	100.00	0	0	0	0	0	0	0	0	0
1428515788030113516	CPU_4	98.57	0	0	0	0	1.42	0	0	0	0
1428515788723087114	CPU_4	100.00	0	0	0	0	0	0	0	0	0
1428515789444331956	CPU_4	100.00	0	0	0	0	0	0	0	0	0
1428515790137083762	CPU_4	97.18	0	0	0	0	1.40	1.40	0	0	0
1428515790829341860	CPU_4	100.00	0	0	0	0	0	0	0	0	0
1428515791528422781	CPU_4	98.57	0	0	0	0	1.42	0	0	0	0
1428515792222534751	CPU_4	100.00	0	0	0	0	0	0	0	0	0
1428515792915603890	CPU_4	100.00	0	0	0	0	0	0	0	0	0
1428515793617414472	CPU_4	97.18	0	0	0	0	1.40	1.40	0	0	0
1428515794309761987	CPU_4	100.00	0	0	0	0	0	0	0	0	0
1428515794999578465	CPU_4	98.55	0	0	0	0	1.44	0	0	0	0
1428515795702200421	CPU_4	100.00	0	0	0	0	0	0	0	0	0
1428515796393845687	CPU_4	98.55	0	0	0	0	0	1.44	0	0	0
1428515797099371763	CPU_4	98.59	0	0	0	0	1.40	0	0	0	0
1428515797792257026	CPU_4	100.00	0	0	0	0	0	0	0	0	0
1428515798487188203	CPU_4	98.55	0	0	0	0	1.44	0	0	0	0
1428515799186210040	CPU_4	100.00	0	0	0	0	0	0	0	0	0
1428515799880126552	CPU_4	98.57	0	0	0	0	0	1.42	0	0	0
1428515800574500189	CPU_4	98.55	0	0	0	0	1.44	0	0	0	0
1428515801276872478	CPU_4	100.00	0	0	0	0	0	0	0	0	0
1428515801969679658	CPU_4	100.00	0	0	0	0	0	0	0	0	0
1428515802661440966	CPU_4	98.57	0	0	0	0	1.42	0	0	0	0
1428515803364984211	CPU_4	98.57	0	0	0	0	0	1.42	0	0	0
1428515804059249098	CPU_4	98.57	0	0	0	0	1.42	0	0	0	0
1428515804750966863	CPU_4	100.00	0	0	0	0	0	0	0	0	0
1428515805454844566	CPU_4	100.00	0	0	0	0	0	0	0	0	0
1428515806149441160	CPU_4	97.14	0	0	0	0	1.42	1.42	0	0	0
1428515806851275450	CPU_4	100.00	0	0	0	0	0	0	0	0	0
1428515807546968167	CPU_4	98.57	0	0	0	0	1.42	0	0	0	0
1428515808247313418	CPU_4	100.00	0	0	0	0	0	0	0	0	0
1428515808949420083	CPU_4	100.00	0	0	0	0	0	0	0	0	0
1428515809644192135	CPU_4	97.18	0	0	0	0	1.40	1.40	0	0	0
1428515810340945225	CPU_4	100.00	0	0	0	0	0	0	0	0	0
1428515811057018783	CPU_4	98.59	0	0	0	0	1.40	0	0	0	0
1428515811754556788	CPU_4	100.00	0	0	0	0	0	0	0	0	0
1428515812456156912	CPU_4	100.00	0	0	0	0	0	0	0	0	0
1428515813152762127	CPU_4	97.18	0	0	0	0	1.40	1.40	0	0	0
1428515813887609528	CPU_4	100.00	0	0	0	0	0	0	0	0	0
1428515814595251267	CPU_4	98.61	0	0	0	0	1.38	0	0	0	0
1428515815289129570	CPU_4	100.00	0	0	0	0	0	0	0	0	0
1428515815984004704	CPU_4	98.57	0	0	0	0	0	1.42	0	0	0
1428515816688463031	CPU_4	98.59	0	0	0	0	1.40	0	0	0	0
1428515817382527167	CPU_4	100.00	0	0	0	0	0	0	0	0	0
1428515818078883341	CPU_4	98.57	0	0	0	0	1.42	0	0	0	0
1428515818785496331	CPU_4	100.00	0	0	0	0	0	0	0	0	0
1428515819478564093	CPU_4	98.57	0	0	0	0	0	1.42	0	0	0
1428515820183563711	CPU_4	98.59	0	0	0	0	1.40	0	0	0	0
1428515820880901091	CPU_4	100.00	0	0	0	0	0	0	0	0	0
1428515821574551394	CPU_4	98.57	0	0	0	0	1.42	0	0	0	0
1428515822281050592	CPU_4	100.00	0	0	0	0	0	0	0	0	0
1428515822974689812	CPU_4	98.55	0	0	0	0	0	1.44	0	0	0
1428515823672393650	CPU_4	98.57	0	0	0	0	1.42	0	0	0	0
1428515824378166599	CPU_4	100.00	0	0	0	0	0	0	0	0	0
1428515825072270610	CPU_4	98.57	0	0	0	0	1.42	0	0	0	0
1428515825767982826	CPU_4	98.57	0	0	0	0	0	1.42	0	0	0
1428515826474189149	CPU_4	100.00	0	0	0	0	0	0	0	0	0
1428515827167245036	CPU_4	98.57	0	0	0	0	1.42	0	0	0	0
1428515827876251814	CPU_4	100.00	0	0	0	0	0	0	0	0	0
1428515828571633863	CPU_4	98.57	0	0	0	0	1.42	0	0	0	0
1428515829266642414	CPU_4	98.57	0	0	0	0	0	1.42	0	0	0
1428515829972912154	CPU_4	100.00	0	0	0	0	0	0	0	0	0
1428515830669189910	CPU_4	98.57	0	0	0	0	1.42	0	0	0	0
1428515831365140126	CPU_4	100.00	0	0	0	0	0	0	0	0	0
1428515832072052156	CPU_4	98.59	0	0	0	0	1.40	0	0	0	0
1428515832770408534	CPU_4	98.57	0	0	0	0	0	1.42	0	0	0
1428515833464947293	CPU_4	100.00	0	0	0	0	0	0	0	0	0
1428515834172794739	CPU_4	98.59	0	0	0	0	1.40	0	0	0	0
1428515834874021445	CPU_4	100.00	0	0	0	0	0	0	0	0	0
1428515835577307315	CPU_4	97.22	0	0	0	0	1.38	1.38	0	0	0
1428515836275855693	CPU_4	100.00	0	0	0	0	0	0	0	0	0
1428515836974359737	CPU_4	100.00	0	0	0	0	0	0	0	0	0
1428515837681255725	CPU_4	98.59	0	0	0	0	1.40	0	0	0	0
1428515838379127145	CPU_4	100.00	0	0	0	0	0	0	0	0	0
1428515839074446737	CPU_4	98.57	0	0	0	0	0	1.42	0	0	0
1428515839781552225	CPU_4	98.59	0	0	0	0	1.40	0	0	0	0
1428515840479043062	CPU_4	100.00	0	0	0	0	0	0	0	0	0
1428515841178031522	CPU_4	98.57	0	0	0	0	1.42	0	0	0	0
1428515841880020477	CPU_4	100.00	0	0	0	0	0	0	0	0	0
1428515842576386733	CPU_4	98.57	0	0	0	0	0	1.42	0	0	0
1428515843281487099	CPU_4	98.59	0	0	0	0	1.40	0	0	0	0
1428515843977568230	CPU_4	100.00	0	0	0	0	0	0	0	0	0
1428515844673223862	CPU_4	98.57	0	0	0	0	1.42	0	0	0	0
1428515845377883062	CPU_4	98.59	0	0	0	0	0	1.40	0	0	0
1428515846075064983	CPU_4	100.00	0	0	0	0	0	0	0	0	0
1428515846771653447	CPU_4	98.57	0	0	0	0	1.42	0	0	0	0
1428515847476956062	CPU_4	100.00	0	0	0	0	0	0	0	0	0
1428515848172663278	CPU_4	98.57	0	0	0	0	1.42	0	0	0	0
1428515848871454529	CPU_4	98.57	0	0	0	0	0	1.42	0	0	0
1428515849575459772	CPU_4	100.00	0	0	0	0	0	0	0	0	0
1428515850273549066	CPU_4	98.57	0	0	0	0	1.42	0	0	0	0
1428515850979715388	CPU_4	100.00	0	0	0	0	0	0	0	0	0
1428515851674821271	CPU_4	98.57	0	0	0	0	1.42	0	0	0	0
1428515852374452729	CPU_4	98.59	0	0	0	0	0	1.40	0	0	0
1428515853085700793	CPU_4	100.00	0	0	0	0	0	0	0	0	0
1428515853780923800	CPU_4	98.57	0	0	0	0	1.42	0	0	0	0
1428515854478456387	CPU_4	100.00	0	0	0	0	0	0	0	0	0
1428515855186084582	CPU_4	97.22	0	0	0	0	1.38	1.38	0	0	0
1428515855881943963	CPU_4	100.00	0	0	0	0	0	0	0	0	0
1428515856583518876	CPU_4	100.00	0	0	0	0	0	0	0	0	0
1428515857284736290	CPU_4	98.57	0	0	0	0	1.42	0	0	0	0
1428515857982879000	CPU_4	100.00	0	0	0	0	0	0	0	0	0
1428515858689262863	CPU_4	97.22	0	0	0	0	1.38	1.38	0	0	0
1428515859384948120	CPU_4	100.00	0	0	0	0	0	0	0	0	0
1428515860082830414	CPU_4	100.00	0	0	0	0	0	0	0	0	0
1428515860789909276	CPU_4	98.61	0	0	0	0	1.38	0	0	0	0
1428515861485604449	CPU_4	100.00	0	0	0	0	0	0	0	0	0
1428515862182990160	CPU_4	98.57	0	0	0	0	0	1.42	0	0	0
1428515862890641521	CPU_4	98.59	0	0	0	0	1.40	0	0	0	0
1428515863585332362	CPU_4	100.00	0	0	0	0	0	0	0	0	0
1428515864326235876	CPU_4	98.64	0	0	0	0	1.35	0	0	0	0
1428515865023352129	CPU_4	98.57	0	0	0	0	0	1.42	0	0	0
1428515865721119423	CPU_4	100.00	0	0	0	0	0	0	0	0	0
1428515866430510948	CPU_4	98.59	0	0	0	0	1.40	0	0	0	0
1428515867126912911	CPU_4	100.00	0	0	0	0	0	0	0	0	0
1428515867823421374	CPU_4	98.57	0	0	0	0	1.42	0	0	0	0
1428515868529793778	CPU_4	98.59	0	0	0	0	0	1.40	0	0	0
1428515869227456239	CPU_4	100.00	0	0	0	0	0	0	0	0	0
1428515869937338721	CPU_4	98.59	0	0	0	0	1.40	0	0	0	0
1428515870635884264	CPU_4	100.00	0	0	0	0	0	0	0	0	0
1428515871334881347	CPU_4	98.57	0	0	0	0	1.42	0	0	0	0
1428515872040741961	CPU_4	98.59	0	0	0	0	0	1.40	0	0	0
1428515872738532879	CPU_4	98.57	0	0	0	0	1.42	0	0	0	0
1428515873437854795	CPU_4	100.00	0	0	0	0	0	0	0	0	0
1428515874143007702	CPU_4	100.00	0	0	0	0	0	0	0	0	0
1428515874842092535	CPU_4	97.14	0	0	0	0	1.42	1.42	0	0	0
1428515875540008953	CPU_4	100.00	0	0	0	0	0	0	0	0	0
1428515876245741150	CPU_4	98.59	0	0	0	0	1.40	0	0	0	0
1428515876944849566	CPU_4	100.00	0	0	0	0	0	0	0	0	0
1428515877655151381	CPU_4	100.00	0	0	0	0	0	0	0	0	0
1428515878352987549	CPU_4	97.18	0	0	0	0	1.40	1.40	0	0	0
1428515879052122548	CPU_4	100.00	0	0	0	0	0	0	0	0	0
1428515879759656284	CPU_4	100.00	0	0	0	0	0	0	0	0	0
1428515880457601785	CPU_4	98.57	0	0	0	0	1.42	0	0	0	0
1428515881155900494	CPU_4	100.00	0	0	0	0	0	0	0	0	0
1428515881864800394	CPU_4	97.22	0	0	0	0	1.38	1.38	0	0	0
1428515882561745397	CPU_4	100.00	0	0	0	0	0	0	0	0	0
1428515883269736548	CPU_4	100.00	0	0	0	0	0	0	0	0	0
1428515883969787379	CPU_4	98.59	0	0	0	0	1.40	0	0	0	0
1428515884666232299	CPU_4	98.55	0	0	0	0	0	1.44	0	0	0
1428515885375212824	CPU_4	98.61	0	0	0	0	1.38	0	0	0	0
1428515886073118492	CPU_4	100.00	0	0	0	0	0	0	0	0	0
1428515886769174704	CPU_4	100.00	0	0	0	0	0	0	0	0	0
1428515887478361145	CPU_4	98.61	0	0	0	0	1.38	0	0	0	0
1428515888178884350	CPU_4	98.57	0	0	0	0	0	1.42	0	0	0
1428515888881339010	CPU_4	98.57	0	0	0	0	1.42	0	0	0	0
1428515889587316039	CPU_4	100.00	0	0	0	0	0	0	0	0	0
1428515890287883077	CPU_4	100.00	0	0	0	0	0	0	0	0	0
1428515890995373354	CPU_4	98.59	0	0	0	0	1.40	0	0	0	0
1428515891694071937	CPU_4	98.57	0	0	0	0	0	1.42	0	0	0
1428515892395638807	CPU_4	98.59	0	0	0	0	1.40	0	0	0	0
1428515893101994169	CPU_4	100.00	0	0	0	0	0	0	0	0	0
1428515893800784168	CPU_4	100.00	0	0	0	0	0	0	0	0	0
1428515894502782078	CPU_4	97.18	0	0	0	0	1.40	1.40	0	0	0
1428515895238773391	CPU_4	100.00	0	0	0	0	0	0	0	0	0
1428515895937816889	CPU_4	98.57	0	0	0	0	1.42	0	0	0	0
1428515896646507330	CPU_4	100.00	0	0	0	0	0	0	0	0	0
1428515897343107833	CPU_4	100.00	0	0	0	0	0	0	0	0	0
1428515898042575165	CPU_4	97.14	0	0	0	0	1.42	1.42	0	0	0
1428515898750640523	CPU_4	100.00	0	0	0	0	0	0	0	0	0
1428515899477561017	CPU_4	98.61	0	0	0	0	1.38	0	0	0	0
1428515900208795420	CPU_4	100.00	0	0	0	0	0	0	0	0	0
1428515900908524626	CPU_4	98.59	0	0	0	0	0	1.40	0	0	0
1428515901609723621	CPU_4	98.57	0	0	0	0	1.42	0	0	0	0
1428515902317969729	CPU_4	100.00	0	0	0	0	0	0	0	0	0
1428515903018018101	CPU_4	98.57	0	0	0	0	1.42	0	0	0	0
1428515903729644578	CPU_4	100.00	0	0	0	0	0	0	0	0	0
1428515904449848708	CPU_4	98.63	0	0	0	0	0	1.36	0	0	0
1428515905218268590	CPU_4	98.70	0	0	0	0	1.29	0	0	0	0
1428515905927502322	CPU_4	100.00	0	0	0	0	0	0	0	0	0
1428515906627202860	CPU_4	98.57	0	0	0	0	1.42	0	0	0	0
1428515907326697691	CPU_4	100.00	0	0	0	0	0	0	0	0	0
1428515908036267089	CPU_4	98.59	0	0	0	0	0	1.40	0	0	0
1428515908735418212	CPU_4	98.59	0	0	0	0	1.40	0	0	0	0
1428515909464924867	CPU_4	100.00	0	0	0	0	0	0	0	0	0
1428515910163541408	CPU_4	98.57	0	0	0	0	1.42	0	0	0	0
1428515910864567444	CPU_4	98.57	0	0	0	0	0	1.42	0	0	0
1428515911571555929	CPU_4	100.00	0	0	0	0	0	0	0	0	0
1428515912270445636	CPU_4	98.57	0	0	0	0	1.42	0	0	0	0
1428515912972209462	CPU_4	100.00	0	0	0	0	0	0	0	0	0
1428515913681322819	CPU_4	98.61	0	0	0	0	1.38	0	0	0	0
1428515914380211067	CPU_4	98.57	0	0	0	0	0	1.42	0	0	0
1428515915115403879	CPU_4	100.00	0	0	0	0	0	0	0	0	0
1428515915820768617	CPU_4	98.63	0	0	0	0	1.36	0	0	0	0
1428515916528089976	CPU_4	100.00	0	0	0	0	0	0	0	0	0
1428515917235935167	CPU_4	97.22	0	0	0	0	1.38	1.38	0	0	0
1428515917934380207	CPU_4	100.00	0	0	0	0	0	0	0	0	0
1428515918634749120	CPU_4	100.00	0	0	0	0	0	0	0	0	0
1428515919343922434	CPU_4	98.59	0	0	0	0	1.40	0	0	0	0
1428515920041820517	CPU_4	100.00	0	0	0	0	0	0	0	0	0
1428515920741827888	CPU_4	97.18	0	0	0	0	1.40	1.40	0	0	0
1428515921451796700	CPU_4	100.00	0	0	0	0	0	0	0	0	0
1428515922149844324	CPU_4	100.00	0	0	0	0	0	0	0	0	0
1428515922858105057	CPU_4	98.61	0	0	0	0	1.38	0	0	0	0
1428515923558065761	CPU_4	98.57	0	0	0	0	0	1.42	0	0	0
1428515924256859675	CPU_4	98.57	0	0	0	0	1.42	0	0	0	0
1428515924967782278	CPU_4	100.00	0	0	0	0	0	0	0	0	0
1428515925670059853	CPU_4	100.00	0	0	0	0	0	0	0	0	0
1428515926378528002	CPU_4	98.61	0	0	0	0	1.38	0	0	0	0
1428515927088534647	CPU_4	98.59	0	0	0	0	0	1.40	0	0	0
1428515927789013476	CPU_4	98.57	0	0	0	0	1.42	0	0	0	0
1428515928497933123	CPU_4	100.00	0	0	0	0	0	0	0	0	0
1428515929197396078	CPU_4	100.00	0	0	0	0	0	0	0	0	0
1428515929898961946	CPU_4	98.59	0	0	0	0	1.40	0	0	0	0
1428515930608072593	CPU_4	98.59	0	0	0	0	0	1.40	0	0	0
1428515931308224421	CPU_4	98.57	0	0	0	0	1.42	0	0	0	0
1428515932008293792	CPU_4	100.00	0	0	0	0	0	0	0	0	0
1428515932716145399	CPU_4	98.59	0	1.40	0	0	0	0	0	0	0
1428515933411869027	CPU_4	97.18	0	0	0	0	1.40	1.40	0	0	0
1428515934118036387	CPU_4	100.00	0	0	0	0	0	0	0	0	0
1428515934816197385	CPU_4	98.57	0	0	0	0	1.42	0	0	0	0
1428515935514502300	CPU_4	100.00	0	0	0	0	0	0	0	0	0
1428515936219253329	CPU_4	100.00	0	0	0	0	0	0	0	0	0
1428515936914766999	CPU_4	97.14	0	0	0	0	1.42	1.42	0	0	0
1428515937614025912	CPU_4	100.00	0	0	0	0	0	0	0	0	0
1428515938320194855	CPU_4	98.57	0	0	0	0	1.42	0	0	0	0
1428515939016475856	CPU_4	100.00	0	0	0	0	0	0	0	0	0
1428515939713502065	CPU_4	98.57	0	0	0	0	0	1.42	0	0	0
1428515940420516798	CPU_4	98.59	0	0	0	0	1.40	0	0	0	0
1428515941117650590	CPU_4	100.00	0	0	0	0	0	0	0	0	0
1428515941826618111	CPU_4	98.59	0	0	0	0	1.40	0	0	0	0
1428515942529207060	CPU_4	100.00	0	0	0	0	0	0	0	0	0
1428515943225469937	CPU_4	98.57	0	0	0	0	0	1.42	0	0	0
1428515943935647831	CPU_4	98.59	0	0	0	0	1.40	0	0	0	0
1428515944636802699	CPU_4	100.00	0	0	0	0	0	0	0	0	0
1428515945333264450	CPU_4	98.59	0	0	0	0	1.40	0	0	0	0
1428515946041523389	CPU_4	100.00	0	0	0	0	0	0	0	0	0
1428515946741453509	CPU_4	98.57	0	0	0	0	0	1.42	0	0	0
1428515947444551457	CPU_4	98.59	0	0	0	0	1.40	0	0	0	0
1428515948147855238	CPU_4	100.00	0	0	0	0	0	0	0	0	0
1428515948846821109	CPU_4	98.57	0	0	0	0	1.42	0	0	0	0
1428515949555842339	CPU_4	98.59	0	0	0	0	0	1.40	0	0	0
1428515950254397628	CPU_4	100.00	0	0	0	0	0	0	0	0	0
1428515950953919998	CPU_4	98.57	0	0	0	0	1.42	0	0	0	0
1428515951661479772	CPU_4	100.00	0	0	0	0	0	0	0	0	0
1428515952360552809	CPU_4	98.57	0	0	0	0	1.42	0	0	0	0
1428515953059555347	CPU_4	98.59	0	0	0	0	0	1.40	0	0	0
1428515953768193744	CPU_4	100.00	0	0	0	0	0	0	0	0	0
1428515954466299033	CPU_4	98.57	0	0	0	0	1.42	0	0	0	0
1428515955176584677	CPU_4	100.00	0	0	0	0	0	0	0	0	0
1428515955874894966	CPU_4	98.59	0	0	0	0	1.40	0	0	0	0
1428515956575611584	CPU_4	98.57	0	0	0	0	0	1.42	0	0	0
1428515957287187351	CPU_4	100.00	0	0	0	0	0	0	0	0	0
1428515957986127347	CPU_4	98.57	0	0	0	0	1.42	0	0	0	0
1428515958685046801	CPU_4	100.00	0	0	0	0	0	0	0	0	0
1428515959392910657	CPU_4	97.22	0	0	0	0	1.38	1.38	0	0	0
1428515960093338817	CPU_4	100.00	0	0	0	0	0	0	0	0	0
1428515960803168045	CPU_4	100.00	0	0	0	0	0	0	0	0	0
1428515961502336499	CPU_4	98.57	0	0	0	0	1.42	0	0	0	0
1428515962201971535	CPU_4	100.00	0	0	0	0	0	0	0	0	0
1428515962910779806	CPU_4	97.22	0	0	0	0	1.38	1.38	0	0	0
1428515963610097343	CPU_4	100.00	0	0	0	0	0	0	0	0	0
1428515964309695254	CPU_4	100.00	0	0	0	0	0	0	0	0	0
1428515965020065356	CPU_4	98.59	0	0	0	0	1.40	0	0	0	0
1428515965718265186	CPU_4	98.57	0	0	0	0	0	1.42	0	0	0
1428515966432989447	CPU_4	98.61	0	0	0	0	1.38	0	0	0	0
1428515967134181230	CPU_4	100.00	0	0	0	0	0	0	0	0	0
1428515967832816102	CPU_4	100.00	0	0	0	0	0	0	0	0	0
1428515968543072370	CPU_4	98.61	0	0	0	0	1.38	0	0	0	0
1428515969242899406	CPU_4	98.57	0	0	0	0	0	1.42	0	0	0
1428515969941699276	CPU_4	98.57	0	0	0	0	1.42	0	0	0	0
1428515970656488079	CPU_4	100.00	0	0	0	0	0	0	0	0	0
1428515971355876198	CPU_4	100.00	0	0	0	0	0	0	0	0	0
1428515972067170715	CPU_4	98.59	0	0	0	0	1.40	0	0	0	0
1428515972769523329	CPU_4	98.59	0	0	0	0	0	1.40	0	0	0
1428515973469774864	CPU_4	98.59	0	0	0	0	1.40	0	0	0	0
1428515974181450546	CPU_4	100.00	0	0	0	0	0	0	0	0	0
1428515974880477250	CPU_4	100.00	0	0	0	0	0	0	0	0	0
1428515975581048201	CPU_4	97.18	0	0	0	0	1.40	1.40	0	0	0
1428515976291695843	CPU_4	100.00	0	0	0	0	0	0	0	0	0
1428515976990033756	CPU_4	98.57	0	0	0	0	1.42	0	0	0	0
1428515977690059041	CPU_4	100.00	0	0	0	0	0	0	0	0	0
1428515978405160342	CPU_4	100.00	0	0	0	0	0	0	0	0	0
1428515979105113169	CPU_4	97.18	0	0	0	0	1.40	1.40	0	0	0
1428515979814899062	CPU_4	100.00	0	0	0	0	0	0	0	0	0
1428515980516946219	CPU_4	98.57	0	0	0	0	1.42	0	0	0	0
1428515981216467421	CPU_4	100.00	0	0	0	0	0	0	0	0	0
1428515981926427647	CPU_4	98.61	0	0	0	0	0	1.38	0	0	0
1428515982630983174	CPU_4	98.59	0	0	0	0	1.40	0	0	0	0
1428515983329640837	CPU_4	100.00	0	0	0	0	0	0	0	0	0
1428515984040170687	CPU_4	98.59	0	0	0	0	1.40	0	0	0	0
1428515984742068593	CPU_4	100.00	0	0	0	0	0	0	0	0	0
1428515985449330658	CPU_4	98.59	0	0	0	0	0	1.40	0	0	0
1428515986149700858	CPU_4	98.59	0	0	0	0	1.40	0	0	0	0
1428515986852378222	CPU_4	100.00	0	0	0	0	0	0	0	0	0
1428515987561084617	CPU_4	98.59	0	0	0	0	1.40	0	0	0	0
1428515988261452734	CPU_4	98.57	0	0	0	0	0	1.42	0	0	0
1428515988964620305	CPU_4	100.00	0	0	0	0	0	0	0	0	0
1428515989677021152	CPU_4	98.59	0	0	0	0	1.40	0	0	0	0
1428515990376741687	CPU_4	100.00	0	0	0	0	0	0	0	0	0
1428515991087961077	CPU_4	98.61	0	0	0	0	1.38	0	0	0	0
1428515991785852657	CPU_4	98.57	0	0	0	0	0	1.42	0	0	0
1428515992486702981	CPU_4	100.00	0	0	0	0	0	0	0	0	0
1428515993197442289	CPU_4	98.59	0	0	0	0	1.40	0	0	0	0
1428515993895884034	CPU_4	100.00	0	0	0	0	0	0	0	0	0
1428515994598144523	CPU_4	98.59	0	0	0	0	1.40	0	0	0	0
1428515995308898248	CPU_4	98.59	0	0	0	0	0	1.40	0	0	0
1428515996007538242	CPU_4	98.57	0	0	0	0	1.42	0	0	0	0
1428515996719915881	CPU_4	100.00	0	0	0	0	0	0	0	0	0
1428515997421461204	CPU_4	100.00	0	0	0	0	0	0	0	0	0
1428515998121290655	CPU_4	97.18	0	0	0	0	1.40	1.40	0	0	0
1428515998830764923	CPU_4	100.00	0	0	0	0	0	0	0	0	0
1428515999531188373	CPU_4	98.57	0	0	0	0	1.42	0	0	0	0
1428516000230165825	CPU_4	100.00	0	0	0	0	0	0	0	0	0
1428516000941080716	CPU_4	100.00	0	0	0	0	0	0	0	0	0
1428516001646240950	CPU_4	97.18	0	0	0	0	1.40	1.40	0	0	0
1428516002354214970	CPU_4	100.00	0	0	0	0	0	0	0	0	0
1428516003053867671	CPU_4	98.57	0	0	0	0	1.42	0	0	0	0
1428516003756129118	CPU_4	100.00	0	0	0	0	0	0	0	0	0
1428516004462721307	CPU_4	98.57	0	0	0	0	0	1.42	0	0	0
1428516005165082045	CPU_4	98.59	0	0	0	0	1.40	0	0	0	0
1428516005865648870	CPU_4	100.00	0	0	0	0	0	0	0	0	0
1428516006575307137	CPU_4	98.59	0	0	0	0	1.40	0	0	0	0
1428516007275738587	CPU_4	100.00	0	0	0	0	0	0	0	0	0
1428516007985982895	CPU_4	98.59	0	0	0	0	0	1.40	0	0	0
1428516008686491344	CPU_4	98.57	0	0	0	0	1.42	0	0	0	0
1428516009387465710	CPU_4	100.00	0	0	0	0	0	0	0	0	0
1428516010101203428	CPU_4	98.61	0	0	0	0	1.38	0	0	0	0
1428516010800989045	CPU_4	98.59	0	0	0	0	0	1.40	0	0	0
1428516011501388328	CPU_4	100.00	0	0	0	0	0	0	0	0	0
1428516012212559760	CPU_4	98.61	0	0	0	0	1.38	0	0	0	0
1428516012911585628	CPU_4	100.00	0	0	0	0	0	0	0	0	0
1428516013622071602	CPU_4	98.59	0	0	0	0	1.40	0	0	0	0
1428516014324000299	CPU_4	98.59	0	0	0	0	0	1.40	0	0	0
1428516015024472790	CPU_4	100.00	0	0	0	0	0	0	0	0	0
1428516015738423966	CPU_4	98.59	0	0	0	0	1.40	0	0	0	0
1428516016439738289	CPU_4	100.00	0	0	0	0	0	0	0	0	0
1428516017140021321	CPU_4	98.57	0	0	0	0	1.42	0	0	0	0
1428516017850541087	CPU_4	98.59	0	0	0	0	0	1.40	0	0	0
1428516018551735576	CPU_4	100.00	0	0	0	0	0	0	0	0	0
1428516019261685134	CPU_4	98.59	0	0	0	0	1.40	0	0	0	0
1428516019963183290	CPU_4	100.00	0	0	0	0	0	0	0	0	0
1428516020666318568	CPU_4	97.18	0	0	0	0	1.40	1.40	0	0	0
1428516021375269502	CPU_4	100.00	0	0	0	0	0	0	0	0	0
1428516022075973367	CPU_4	100.00	0	0	0	0	0	0	0	0	0
1428516022779893144	CPU_4	98.59	0	0	0	0	1.40	0	0	0	0
1428516023488412829	CPU_4	100.00	0	0	0	0	0	0	0	0	0
1428516024195655683	CPU_4	97.18	0	0	0	0	1.40	1.40	0	0	0
1428516024911368314	CPU_4	100.00	0	0	0	0	0	0	0	0	0
1428516025613552385	CPU_4	100.00	0	0	0	0	0	0	0	0	0
1428516026316174997	CPU_4	98.59	0	0	0	0	1.40	0	0	0	0
1428516027027527094	CPU_4	98.59	0	0	0	0	0	1.40	0	0	0
1428516027734290365	CPU_4	98.59	0	0	0	0	1.40	0	0	0	0
1428516028434361314	CPU_4	100.00	0	0	0	0	0	0	0	0	0
1428516029146175077	CPU_4	100.00	0	0	0	0	0	0	0	0	0
1428516029849457979	CPU_4	98.59	0	0	0	0	1.40	0	0	0	0
1428516030559237370	CPU_4	98.59	0	0	0	0	0	1.40	0	0	0
1428516031261349566	CPU_4	98.59	0	0	0	0	1.40	0	0	0	0
1428516031965423383	CPU_4	100.00	0	0	0	0	0	0	0	0	0
1428516032676364481	CPU_4	100.00	0	0	0	0	0	0	0	0	0
1428516033378385051	CPU_4	97.22	0	0	0	0	1.38	1.38	0	0	0
1428516034081173246	CPU_4	100.00	0	0	0	0	0	0	0	0	0
1428516034794448214	CPU_4	98.61	0	0	0	0	1.38	0	0	0	0
1428516035495785953	CPU_4	100.00	0	0	0	0	0	0	0	0	0
1428516036210786210	CPU_4	100.00	0	0	0	0	0	0	0	0	0
1428516036910536826	CPU_4	97.18	0	0	0	0	1.40	1.40	0	0	0
1428516037612479230	CPU_4	100.00	0	0	0	0	0	0	0	0	0
1428516038324348367	CPU_4	98.61	0	0	0	0	1.38	0	0	0	0
1428516039024636649	CPU_4	100.00	0	0	0	0	0	0	0	0	0
1428516039729730047	CPU_4	100.00	0	0	0	0	0	0	0	0	0
1428516040440959727	CPU_4	97.22	0	0	0	0	1.38	1.38	0	0	0
1428516041141292217	CPU_4	100.00	0	0	0	0	0	0	0	0	0
1428516041852563647	CPU_4	98.59	0	0	0	0	1.40	0	0	0	0
1428516042553948301	CPU_4	100.00	0	0	0	0	0	0	0	0	0
1428516043255425289	CPU_4	98.59	0	0	0	0	0	1.40	0	0	0
1428516043966053595	CPU_4	98.59	0	0	0	0	1.40	0	0	0	0
1428516044669017539	CPU_4	100.00	0	0	0	0	0	0	0	0	0
1428516045368933821	CPU_4	98.57	0	0	0	0	1.42	0	0	0	0
1428516046080289625	CPU_4	100.00	0	0	0	0	0	0	0	0	0
1428516046786786688	CPU_4	98.59	0	0	0	0	0	1.40	0	0	0
1428516047496243745	CPU_4	98.59	0	0	0	0	1.40	0	0	0	0
1428516048200449020	CPU_4	100.00	0	0	0	0	0	0	0	0	0
1428516048903137422	CPU_4	98.59	0	0	0	0	1.40	0	0	0	0
1428516049612621979	CPU_4	98.57	0	0	0	0	0	1.42	0	0	0
1428516050316595546	CPU_4	100.00	0	0	0	0	0	0	0	0	0
1428516051024907105	CPU_4	98.57	0	0	0	0	1.42	0	0	0	0
1428516051735351744	CPU_4	100.00	0	0	0	0	0	0	0	0	0
1428516052437907397	CPU_4	98.59	0	0	0	0	1.40	0	0	0	0
1428516053150413490	CPU_4	98.59	0	0	0	0	0	1.40	0	0	0
1428516053855257347	CPU_4	100.00	0	0	0	0	0	0	0	0	0
1428516054556778459	CPU_4	98.57	0	0	0	0	1.42	0	0	0	0
1428516055270632426	CPU_4	100.00	0	0	0	0	0	0	0	0	0
1428516055975150825	CPU_4	97.18	0	0	0	0	1.40	1.40	0	0	0
1428516056691955619	CPU_4	100.00	0	0	0	0	0	0	0	0	0
1428516057395063062	CPU_4	98.59	0	0	0	0	1.40	0	0	0	0
1428516058097279548	CPU_4	100.00	0	0	0	0	0	0	0	0	0
1428516058810290141	CPU_4	100.00	0	0	0	0	0	0	0	0	0
1428516059512525210	CPU_4	97.18	0	0	0	0	1.40	1.40	0	0	0
1428516060216467401	CPU_4	100.00	0	0	0	0	0	0	0	0	0
1428516060927670705	CPU_4	98.59	0	0	0	0	1.40	0	0	0	0
1428516061636040264	CPU_4	100.00	0	0	0	0	0	0	0	0	0
1428516062351018353	CPU_4	98.59	0	0	0	0	0	1.40	0	0	0
1428516063052345382	CPU_4	98.59	0	0	0	0	1.40	0	0	0	0
1428516063756560697	CPU_4	100.00	0	0	0	0	0	0	0	0	0
1428516064469683831	CPU_4	98.59	0	0	0	0	1.40	0	0	0	0
1428516065171588526	CPU_4	100.00	0	0	0	0	0	0	0	0	0
1428516065875291051	CPU_4	98.59	0	0	0	0	0	1.40	0	0	0
1428516066588467643	CPU_4	98.61	0	0	0	0	1.38	0	0	0	0
1428516067290708836	CPU_4	100.00	0	0	0	0	0	0	0	0	0
1428516068003190888	CPU_4	98.61	0	0	0	0	1.38	0	0	0	0
1428516068708908034	CPU_4	98.59	0	0	0	0	0	1.40	0	0	0
1428516069411846643	CPU_4	100.00	0	0	0	0	0	0	0	0	0
1428516070124961110	CPU_4	98.61	0	0	0	0	1.38	0	0	0	0
1428516070829734633	CPU_4	100.00	0	0	0	0	0	0	0	0	0
1428516071535033280	CPU_4	98.59	0	0	0	0	1.40	0	0	0	0
1428516072246397625	CPU_4	98.59	0	0	0	0	0	1.40	0	0	0
1428516072950630398	CPU_4	100.00	0	0	0	0	0	0	0	0	0
1428516073662859866	CPU_4	98.61	0	0	0	0	1.38	0	0	0	0
1428516074365515142	CPU_4	100.00	0	0	0	0	0	0	0	0	0
1428516075068108044	CPU_4	98.59	0	0	0	0	1.40	0	0	0	0
1428516075782415550	CPU_4	98.59	0	0	0	0	0	1.40	0	0	0
1428516076482945371	CPU_4	100.00	0	0	0	0	0	0	0	0	0
1428516077188355351	CPU_4	98.57	0	0	0	0	1.42	0	0	0	0
1428516077900077653	CPU_4	100.00	0	0	0	0	0	0	0	0	0
1428516078602273555	CPU_4	97.18	0	0	0	0	1.40	1.40	0	0	0
1428516079314593731	CPU_4	100.00	0	0	0	0	0	0	0	0	0
1428516080018184964	CPU_4	100.00	0	0	0	0	0	0	0	0	0
1428516080719877366	CPU_4	98.57	0	0	0	0	1.42	0	0	0	0
1428516081432604333	CPU_4	100.00	0	0	0	0	0	0	0	0	0
1428516082135181276	CPU_4	97.18	0	0	0	0	1.40	1.40	0	0	0
1428516082848116617	CPU_4	100.00	0	0	0	0	0	0	0	0	0
1428516083558171006	CPU_4	100.00	0	0	0	0	0	0	0	0	0
1428516084262691778	CPU_4	98.57	0	0	0	0	1.42	0	0	0	0
1428516084975172954	CPU_4	98.61	0	0	0	0	0	1.38	0	0	0
1428516085679322352	CPU_4	98.59	0	0	0	0	1.40	0	0	0	0
1428516086382541001	CPU_4	100.00	0	0	0	0	0	0	0	0	0
1428516087100850084	CPU_4	100.00	0	0	0	0	0	0	0	0	0
1428516087803051985	CPU_4	98.59	0	0	0	0	1.40	0	0	0	0
1428516088521735359	CPU_4	98.59	0	0	0	0	0	1.40	0	0	0
1428516089226415422	CPU_4	98.59	0	0	0	0	1.40	0	0	0	0
1428516089929032198	CPU_4	100.00	0	0	0	0	0	0	0	0	0
1428516090641989997	CPU_4	98.59	0	0	0	0	1.40	0	0	0	0
1428516091346119812	CPU_4	98.59	0	0	0	0	0	1.40	0	0	0
1428516092047977713	CPU_4	100.00	0	0	0	0	0	0	0	0	0
1428516092764824923	CPU_4	98.61	0	0	0	0	1.38	0	0	0	0
1428516093467055616	CPU_4	100.00	0	0	0	0	0	0	0	0	0
1428516094178037918	CPU_4	98.61	0	0	0	0	1.38	0	0	0	0
1428516094888372472	CPU_4	98.61	0	0	0	0	0	1.38	0	0	0
1428516095592334454	CPU_4	100.00	0	0	0	0	0	0	0	0	0
1428516096304675421	CPU_4	98.61	0	0	0	0	1.38	0	0	0	0
1428516097009940108	CPU_4	100.00	0	0	0	0	0	0	0	0	0
1428516097713233507	CPU_4	97.18	0	0	0	0	1.40	1.40	0	0	0
1428516098425224224	CPU_4	100.00	0	0	0	0	0	0	0	0	0
1428516099128764040	CPU_4	100.00	0	0	0	0	0	0	0	0	0
1428516099842314130	CPU_4	98.59	0	0	0	0	1.40	0	0	0	0
1428516100546569943	CPU_4	100.00	0	0	0	0	0	0	0	0	0
1428516101250882049	CPU_4	97.22	0	0	0	0	1.38	1.38	0	0	0
1428516101964644513	CPU_4	100.00	0	0	0	0	0	0	0	0	0
1428516102670843740	CPU_4	100.00	0	0	0	0	0	0	0	0	0
1428516103378066132	CPU_4	98.59	0	0	0	0	1.40	0	0	0	0
1428516104089057018	CPU_4	100.00	0	0	0	0	0	0	0	0	0
1428516104795187287	CPU_4	97.18	0	0	0	0	1.40	1.40	0	0	0
1428516105507897711	CPU_4	100.00	0	0	0	0	0	0	0	0	0
1428516106212361691	CPU_4	100.00	0	0	0	0	0	0	0	0	0
1428516106919343000	CPU_4	98.59	0	0	0	0	1.40	0	0	0	0
1428516107630108553	CPU_4	98.59	0	0	0	0	0	1.40	0	0	0
1428516108335398489	CPU_4	98.59	0	0	0	0	1.40	0	0	0	0
1428516109050119619	CPU_4	100.00	0	0	0	0	0	0	0	0	0
1428516109753577933	CPU_4	100.00	0	0	0	0	0	0	0	0	0
1428516110457396831	CPU_4	98.59	0	0	0	0	1.40	0	0	0	0
1428516111171226628	CPU_4	98.59	0	0	0	0	0	1.40	0	0	0
1428516111875054359	CPU_4	98.59	0	0	0	0	1.40	0	0	0	0
1428516112579781755	CPU_4	100.00	0	0	0	0	0	0	0	0	0
1428516113294811591	CPU_4	100.00	0	0	0	0	0	0	0	0	0
1428516113999521029	CPU_4	97.22	0	0	0	0	1.38	1.38	0	0	0
1428516114712045120	CPU_4	100.00	0	0	0	0	0	0	0	0	0
1428516115418012638	CPU_4	98.59	0	0	0	0	1.40	0	0	0	0
1428516116123352075	CPU_4	100.00	0	0	0	0	0	0	0	0	0
1428516116836557331	CPU_4	98.61	0	0	0	0	1.38	0	0	0	0
1428516117540799686	CPU_4	98.59	0	0	0	0	0	1.40	0	0	0
1428516118263353635	CPU_4	100.00	0	0	0	0	0	0	0	0	0
1428516118966340492	CPU_4	98.59	0	0	0	0	1.40	0	0	0	0
1428516119671581386	CPU_4	100.00	0	0	0	0	0	0	0	0	0
1428516120388248012	CPU_4	97.26	0	0	0	0	1.36	1.36	0	0	0
1428516121091359701	CPU_4	100.00	0	0	0	0	0	0	0	0	0
1428516121797018054	CPU_4	100.00	0	0	0	0	0	0	0	0	0
1428516122511519932	CPU_4	98.59	0	0	0	0	1.40	0	0	0	0
1428516123215201038	CPU_4	100.00	0	0	0	0	0	0	0	0	0
1428516123931633080	CPU_4	97.26	0	0	0	0	1.36	1.36	0	0	0
1428516124637470140	CPU_4	100.00	0	0	0	0	0	0	0	0	0
1428516125345304530	CPU_4	100.00	0	0	0	0	0	0	0	0	0
1428516126060138367	CPU_4	98.61	0	0	0	0	1.38	0	0	0	0
1428516126764234221	CPU_4	98.59	0	0	0	0	0	1.40	0	0	0
1428516127476267771	CPU_4	98.59	0	0	0	0	1.40	0	0	0	0
1428516128184112202	CPU_4	100.00	0	0	0	0	0	0	0	0	0
1428516128890568428	CPU_4	100.00	0	0	0	0	0	0	0	0	0
1428516129606234513	CPU_4	98.61	0	0	0	0	1.38	0	0	0	0
1428516130310790575	CPU_4	98.57	0	0	0	0	0	1.42	0	0	0
1428516131016740093	CPU_4	98.59	0	0	0	0	1.40	0	0	0	0
1428516131731784845	CPU_4	100.00	0	0	0	0	0	0	0	0	0
1428516132435515284	CPU_4	100.00	0	0	0	0	0	0	0	0	0
1428516133149979954	CPU_4	97.26	0	0	0	0	1.36	1.36	0	0	0
1428516133855610139	CPU_4	100.00	0	0	0	0	0	0	0	0	0
1428516134558769870	CPU_4	98.59	0	0	0	0	1.40	0	0	0	0
1428516135272152792	CPU_4	100.00	0	0	0	0	0	0	0	0	0
1428516135980566263	CPU_4	100.00	0	0	0	0	0	0	0	0	0
1428516136684138702	CPU_4	97.18	0	0	0	0	1.40	1.40	0	0	0
1428516137399200912	CPU_4	100.00	0	0	0	0	0	0	0	0	0
1428516138103478516	CPU_4	98.59	0	0	0	0	1.40	0	0	0	0
1428516138819848349	CPU_4	100.00	0	0	0	0	0	0	0	0	0
1428516139522387456	CPU_4	100.00	0	0	0	0	0	0	0	0	0
1428516140226795726	CPU_4	97.18	0	0	0	0	1.40	1.40	0	0	0
1428516140944631682	CPU_4	100.00	0	0	0	0	0	0	0	0	0
1428516141651425865	CPU_4	98.57	0	0	0	0	1.42	0	0	0	0
1428516142370683735	CPU_4	100.00	0	0	0	0	0	0	0	0	0
1428516143076008503	CPU_4	98.59	0	0	0	0	0	1.40	0	0	0
1428516143794387958	CPU_4	98.61	0	0	0	0	1.38	0	0	0	0
1428516144548246228	CPU_4	100.00	0	0	0	0	0	0	0	0	0
1428516145264906185	CPU_4	98.64	0	0	0	0	1.35	0	0	0	0
1428516145980561519	CPU_4	100.00	0	0	0	0	0	0	0	0	0
1428516146685290080	CPU_4	98.59	0	0	0	0	0	1.40	0	0	0
1428516147391398347	CPU_4	98.59	0	0	0	0	1.40	0	0	0	0
1428516148107263389	CPU_4	100.00	0	0	0	0	0	0	0	0	0
1428516148809864954	CPU_4	98.59	0	0	0	0	1.40	0	0	0	0
1428516149521145420	CPU_4	98.59	0	0	0	0	0	1.40	0	0	0
1428516150230389890	CPU_4	100.00	0	0	0	0	0	0	0	0	0
1428516150937611655	CPU_4	98.59	0	0	0	0	1.40	0	0	0	0
1428516151653008406	CPU_4	100.00	0	0	0	0	0	0	0	0	0
1428516152359411172	CPU_4	98.59	0	0	0	0	1.40	0	0	0	0
1428516153066545354	CPU_4	98.59	0	0	0	0	0	1.40	0	0	0
1428516153783126895	CPU_4	100.00	0	0	0	0	0	0	0	0	0
1428516154488545871	CPU_4	98.57	0	0	0	0	1.42	0	0	0	0
1428516155203485206	CPU_4	100.00	0	0	0	0	0	0	0	0	0
1428516155906215353	CPU_4	97.18	0	0	0	0	1.40	1.40	0	0	0
1428516156612334244	CPU_4	100.00	0	0	0	0	0	0	0	0	0
1428516157326397331	CPU_4	100.00	0	0	0	0	0	0	0	0	0
1428516158031838765	CPU_4	98.59	0	0	0	0	1.40	0	0	0	0
1428516158738326572	CPU_4	100.00	0	0	0	0	0	0	0	0	0
1428516159454599822	CPU_4	97.26	0	0	0	0	1.36	1.36	0	0	0
1428516160158223259	CPU_4	100.00	0	0	0	0	0	0	0	0	0
1428516160875086215	CPU_4	100.00	0	0	0	0	0	0	0	0	0
1428516161581236815	CPU_4	98.59	0	0	0	0	1.40	0	0	0	0
1428516162286917415	CPU_4	98.59	0	0	0	0	0	1.40	0	0	0
1428516163002647290	CPU_4	98.61	0	0	0	0	1.38	0	0	0	0
1428516163708937848	CPU_4	100.00	0	0	0	0	0	0	0	0	0
1428516164423887474	CPU_4	100.00	0	0	0	0	0	0	0	0	0
1428516165132264153	CPU_4	98.59	0	0	0	0	1.40	0	0	0	0
1428516165837005505	CPU_4	98.59	0	0	0	0	0	1.40	0	0	0
1428516166552650796	CPU_4	98.61	0	0	0	0	1.38	0	0	0	0
1428516167256334775	CPU_4	100.00	0	0	0	0	0	0	0	0	0
1428516167963090331	CPU_4	100.00	0	0	0	0	0	0	0	0	0
1428516168677367333	CPU_4	97.22	0	0	0	0	1.38	1.38	0	0	0
1428516169381885352	CPU_4	100.00	0	0	0	0	0	0	0	0	0
1428516170097592852	CPU_4	98.61	0	0	0	0	1.38	0	0	0	0
1428516170803053535	CPU_4	100.00	0	0	0	0	0	0	0	0	0
1428516171507601762	CPU_4	100.00	0	0	0	0	0	0	0	0	0
1428516172222243930	CPU_4	97.26	0	0	0	0	1.36	1.36	0	0	0
1428516172928099363	CPU_4	100.00	0	0	0	0	0	0	0	0	0
1428516173648156480	CPU_4	98.61	0	0	0	0	1.38	0	0	0	0
1428516174351678625	CPU_4	100.00	0	0	0	0	0	0	0	0	0
1428516175062861091	CPU_4	98.59	0	0	0	0	0	1.40	0	0	0
1428516175778475340	CPU_4	98.63	0	0	0	0	1.36	0	0	0	0
1428516176483306692	CPU_4	100.00	0	0	0	0	0	0	0	0	0
1428516177192110661	CPU_4	98.57	0	0	0	0	1.42	0	0	0	0
1428516177913511442	CPU_4	100.00	0	0	0	0	0	0	0	0	0
1428516178617971419	CPU_4	98.59	0	0	0	0	0	1.40	0	0	0
1428516179333927918	CPU_4	98.61	0	0	0	0	1.38	0	0	0	0
1428516180041581389	CPU_4	100.00	0	0	0	0	0	0	0	0	0
1428516180744390827	CPU_4	98.59	0	0	0	0	1.40	0	0	0	0
1428516181461462573	CPU_4	98.59	0	0	0	0	0	1.40	0	0	0
1428516182167147423	CPU_4	98.59	0	0	0	0	1.40	0	0	0	0
1428516182886203791	CPU_4	100.00	0	0	0	0	0	0	0	0	0
1428516183590451268	CPU_4	100.00	0	0	0	0	0	0	0	0	0
1428516184296571950	CPU_4	98.59	0	0	0	0	1.40	0	0	0	0
1428516185013488864	CPU_4	98.61	0	0	0	0	0	1.38	0	0	0
1428516185717867298	CPU_4	98.57	0	0	0	0	1.42	0	0	0	0
1428516186426884684	CPU_4	100.00	0	0	0	0	0	0	0	0	0
1428516187141786767	CPU_4	100.00	0	0	0	0	0	0	0	0	0
1428516187845459703	CPU_4	98.59	0	0	0	0	1.40	0	0	0	0
1428516188564205655	CPU_4	98.61	0	0	0	0	0	1.38	0	0	0
1428516189269476547	CPU_4	98.59	0	0	0	0	1.40	0	0	0	0
1428516189975073813	CPU_4	100.00	0	0	0	0	0	0	0	0	0
1428516190691332435	CPU_4	100.00	0	0	0	0	0	0	0	0	0
1428516191398923364	CPU_4	97.22	0	0	0	0	1.38	1.38	0	0	0
1428516192115441070	CPU_4	100.00	0	0	0	0	0	0	0	0	0
1428516192820604503	CPU_4	98.57	0	0	0	0	1.42	0	0	0	0
1428516193529525222	CPU_4	100.00	0	0	0	0	0	0	0	0	0
1428516194246054594	CPU_4	100.00	0	0	0	0	0	0	0	0	0
1428516194951701776	CPU_4	97.22	0	0	0	0	1.38	1.38	0	0	0
1428516195661506160	CPU_4	100.00	0	0	0	0	0	0	0	0	0
1428516196377553491	CPU_4	98.61	0	0	0	0	1.38	0	0	0	0
1428516197084855879	CPU_4	100.00	0	0	0	0	0	0	0	0	0
1428516197800698210	CPU_4	98.59	0	0	0	0	0	1.40	0	0	0
1428516198508105389	CPU_4	98.61	0	0	0	0	1.38	0	0	0	0
1428516199214875111	CPU_4	100.00	0	0	0	0	0	0	0	0	0
1428516199932338356	CPU_4	98.61	0	0	0	0	1.38	0	0	0	0
1428516200639446786	CPU_4	100.00	0	0	0	0	0	0	0	0	0
1428516201356609823	CPU_4	98.61	0	0	0	0	0	1.38	0	0	0
1428516202061614798	CPU_4	98.59	0	0	0	0	1.40	0	0	0	0
1428516202768580394	CPU_4	100.00	0	0	0	0	0	0	0	0	0
1428516203485221724	CPU_4	98.61	0	0	0	0	1.38	0	0	0	0
1428516204189650825	CPU_4	98.59	0	0	0	0	0	1.40	0	0	0
1428516204898308043	CPU_4	100.00	0	0	0	0	0	0	0	0	0
1428516205614094916	CPU_4	98.61	0	0	0	0	1.38	0	0	0	0
1428516206319204807	CPU_4	100.00	0	0	0	0	0	0	0	0	0
1428516207036313053	CPU_4	98.61	0	0	0	0	1.38	0	0	0	0
1428516207744524063	CPU_4	98.59	0	0	0	0	0	1.40	0	0	0
1428516208450474078	CPU_4	100.00	0	0	0	0	0	0	0	0	0
1428516209167478448	CPU_4	98.61	0	0	0	0	1.38	0	0	0	0
1428516209874215920	CPU_4	100.00	0	0	0	0	0	0	0	0	0
1428516210592706496	CPU_4	97.26	0	0	0	0	1.36	1.36	0	0	0
1428516211298385761	CPU_4	100.00	0	0	0	0	0	0	0	0	0
1428516212007517603	CPU_4	100.00	0	0	0	0	0	0	0	0	0
1428516212723988683	CPU_4	98.61	0	0	0	0	1.38	0	0	0	0
1428516213430437238	CPU_4	100.00	0	0	0	0	0	0	0	0	0
1428516214148796065	CPU_4	97.22	0	0	0	0	1.38	1.38	0	0	0
1428516214860285653	CPU_4	100.00	0	0	0	0	0	0	0	0	0
1428516215566972957	CPU_4	100.00	0	0	0	0	0	0	0	0	0
1428516216284839951	CPU_4	98.63	0	0	0	0	1.36	0	0	0	0
1428516216993055337	CPU_4	98.57	0	0	0	0	0	1.42	0	0	0
1428516217702437136	CPU_4	98.61	0	0	0	0	1.38	0	0	0	0
1428516218417456385	CPU_4	100.00	0	0	0	0	0	0	0	0	0
1428516219126811352	CPU_4	100.00	0	0	0	0	0	0	0	0	0
1428516219846000760	CPU_4	98.63	0	0	0	0	1.36	0	0	0	0
1428516220552174690	CPU_4	98.57	0	0	0	0	0	1.42	0	0	0
1428516221260928158	CPU_4	98.61	0	0	0	0	1.38	0	0	0	0
1428516221979067359	CPU_4	100.00	0	0	0	0	0	0	0	0	0
1428516222684760290	CPU_4	100.00	0	0	0	0	0	0	0	0	0
1428516223397453292	CPU_4	97.22	0	0	0	0	1.38	1.38	0	0	0
1428516224109954628	CPU_4	100.00	0	0	0	0	0	0	0	0	0
1428516224816962890	CPU_4	98.59	0	0	0	0	1.40	0	0	0	0
1428516225534826301	CPU_4	100.00	0	0	0	0	0	0	0	0	0
1428516226241794312	CPU_4	100.00	0	0	0	0	0	0	0	0	0
1428516226950707946	CPU_4	97.22	0	0	0	0	1.38	1.38	0	0	0
1428516227665310153	CPU_4	100.00	0	0	0	0	0	0	0	0	0
1428516228373040997	CPU_4	98.59	0	0	0	0	1.40	0	0	0	0
1428516229091301032	CPU_4	100.00	0	0	0	0	0	0	0	0	0
1428516229796421713	CPU_4	98.59	0	0	0	0	0	1.40	0	0	0
1428516230506553470	CPU_4	98.59	0	0	0	0	1.40	0	0	0	0
1428516231227186416	CPU_4	100.00	0	0	0	0	0	0	0	0	0
1428516231935986050	CPU_4	98.59	0	0	0	0	1.40	0	0	0	0
1428516232661965696	CPU_4	100.00	0	0	0	0	0	0	0	0	0
1428516233370840121	CPU_4	98.61	0	0	0	0	0	1.38	0	0	0
1428516234079753505	CPU_4	98.61	0	0	0	0	1.38	0	0	0	0
1428516234795381335	CPU_4	100.00	0	0	0	0	0	0	0	0	0
1428516235505823299	CPU_4	98.61	0	0	0	0	1.38	0	0	0	0
1428516236214474182	CPU_4	100.00	0	0	0	0	0	0	0	0	0
1428516236929429055	CPU_4	98.61	0	0	0	0	0	1.38	0	0	0
1428516237639770853	CPU_4	98.61	0	0	0	0	1.38	0	0	0	0
1428516238356795472	CPU_4	100.00	0	0	0	0	0	0	0	0	0
1428516239066785770	CPU_4	98.61	0	0	0	0	1.38	0	0	0	0
1428516239773348574	CPU_4	98.59	0	0	0	0	0	1.40	0	0	0
1428516240492309648	CPU_4	98.61	0	0	0	0	1.38	0	0	0	0
1428516241202103363	CPU_4	100.00	0	0	0	0	0	0	0	0	0
1428516241917955817	CPU_4	100.00	0	0	0	0	0	0	0	0	0
1428516242627401991	CPU_4	97.22	0	0	0	0	1.38	1.38	0	0	0
1428516243336850248	CPU_4	100.00	0	0	0	0	0	0	0	0	0
1428516244053263826	CPU_4	98.61	0	0	0	0	1.38	0	0	0	0
1428516244761844918	CPU_4	100.00	0	0	0	0	0	0	0	0	0
1428516245479124870	CPU_4	100.00	0	0	0	0	0	0	0	0	0
1428516246196985238	CPU_4	97.26	0	0	0	0	1.36	1.36	0	0	0
1428516246902683168	CPU_4	100.00	0	0	0	0	0	0	0	0	0
1428516247621923574	CPU_4	98.61	0	0	0	0	1.38	0	0	0	0
1428516248329192335	CPU_4	100.00	0	0	0	0	0	0	0	0	0
1428516249036158929	CPU_4	100.00	0	0	0	0	0	0	0	0	0
1428516249756036251	CPU_4	97.26	0	0	0	0	1.36	1.36	0	0	0
1428516250465109092	CPU_4	100.00	0	0	0	0	0	0	0	0	0
1428516251186305829	CPU_4	98.61	0	0	0	0	1.38	0	0	0	0
1428516251894212255	CPU_4	100.00	0	0	0	0	0	0	0	0	0
1428516252603965636	CPU_4	98.59	0	0	0	0	0	1.40	0	0	0
1428516253324662748	CPU_4	98.61	0	0	0	0	1.38	0	0	0	0
1428516254032054550	CPU_4	100.00	0	0	0	0	0	0	0	0	0
1428516254749749542	CPU_4	98.61	0	0	0	0	1.38	0	0	0	0
1428516255457937343	CPU_4	100.00	0	0	0	0	0	0	0	0	0
1428516256165366102	CPU_4	98.59	0	0	0	0	0	1.40	0	0	0
1428516256883044345	CPU_4	98.61	0	0	0	0	1.38	0	0	0	0
1428516257592091143	CPU_4	100.00	0	0	0	0	0	0	0	0	0
1428516258299933028	CPU_4	98.59	0	0	0	0	1.40	0	0	0	0
1428516259016640272	CPU_4	98.61	0	0	0	0	0	1.38	0	0	0
1428516259725224238	CPU_4	100.00	0	0	0	0	0	0	0	0	0
1428516260444502019	CPU_4	98.59	0	0	0	0	1.40	0	0	0	0
1428516261151970612	CPU_4	100.00	0	0	0	0	0	0	0	0	0
1428516261860233495	CPU_4	98.59	0	0	0	0	1.40	0	0	0	0
1428516262578996277	CPU_4	98.63	0	0	0	0	0	1.36	0	0	0
1428516263288083284	CPU_4	100.00	0	0	0	0	0	0	0	0	0
1428516264009711186	CPU_4	98.61	0	0	0	0	1.38	0	0	0	0
1428516264723889517	CPU_4	100.00	0	0	0	0	0	0	0	0	0
1428516265431399485	CPU_4	97.22	0	0	0	0	1.38	1.38	0	0	0
1428516266149762767	CPU_4	100.00	0	0	0	0	0	0	0	0	0
1428516266861886185	CPU_4	100.00	0	0	0	0	0	0	0	0	0
1428516267581832590	CPU_4	98.61	0	0	0	0	1.38	0	0	0	0
1428516268287762310	CPU_4	100.00	0	0	0	0	0	0	0	0	0
1428516268997453982	CPU_4	97.22	0	0	0	0	1.38	1.38	0	0	0
1428516269745354964	CPU_4	100.00	0	0	0	0	0	0	0	0	0
1428516270452712890	CPU_4	100.00	0	0	0	0	0	0	0	0	0
1428516271168061011	CPU_4	98.61	0	0	0	0	1.38	0	0	0	0
1428516271880120137	CPU_4	98.59	0	0	0	0	0	1.40	0	0	0
1428516272591344015	CPU_4	98.61	0	0	0	0	1.38	0	0	0	0
1428516273308352050	CPU_4	100.00	0	0	0	0	0	0	0	0	0
1428516274016736599	CPU_4	100.00	0	0	0	0	0	0	0	0	0
1428516274725318647	CPU_4	97.22	0	0	0	0	1.38	1.38	0	0	0
1428516275441357142	CPU_4	100.00	0	0	0	0	0	0	0	0	0
1428516276150484065	CPU_4	98.61	0	0	0	0	1.38	0	0	0	0
1428516276867685474	CPU_4	100.00	0	0	0	0	0	0	0	0	0
1428516277574131901	CPU_4	100.00	0	0	0	0	0	0	0	0	0
1428516278282651491	CPU_4	97.22	0	0	0	0	1.38	1.38	0	0	0
1428516278999843525	CPU_4	100.00	0	0	0	0	0	0	0	0	0
1428516279711636818	CPU_4	98.59	0	0	0	0	1.40	0	0	0	0
1428516280427862687	CPU_4	100.00	0	0	0	0	0	0	0	0	0
1428516281137063651	CPU_4	98.61	0	0	0	0	0	1.38	0	0	0
1428516281844723909	CPU_4	98.59	0	0	0	0	1.40	0	0	0	0
1428516282561862485	CPU_4	100.00	0	0	0	0	0	0	0	0	0
1428516283269432576	CPU_4	98.59	0	0	0	0	1.40	0	0	0	0
1428516283978908498	CPU_4	100.00	0	0	0	0	0	0	0	0	0
1428516284694494243	CPU_4	98.63	0	0	0	0	0	1.36	0	0	0
1428516285403977373	CPU_4	98.59	0	0	0	0	1.40	0	0	0	0
1428516286122382571	CPU_4	100.00	0	0	0	0	0	0	0	0	0
1428516286834560155	CPU_4	98.61	0	0	0	0	1.38	0	0	0	0
1428516287541259248	CPU_4	100.00	0	0	0	0	0	0	0	0	0
1428516288262613358	CPU_4	98.61	0	0	0	0	0	1.38	0	0	0
1428516288970956323	CPU_4	98.61	0	0	0	0	1.38	0	0	0	0
1428516289690074103	CPU_4	100.00	0	0	0	0	0	0	0	0	0
1428516290397580778	CPU_4	98.59	0	0	0	0	1.40	0	0	0	0
1428516291107424824	CPU_4	98.59	0	0	0	0	0	1.40	0	0	0
1428516291824504941	CPU_4	98.61	0	0	0	0	1.38	0	0	0	0
1428516292533770488	CPU_4	100.00	0	0	0	0	0	0	0	0	0
1428516293255202889	CPU_4	100.00	0	0	0	0	0	0	0	0	0
1428516293964996434	CPU_4	97.22	0	0	0	0	1.38	1.38	0	0	0
1428516294672296318	CPU_4	100.00	0	0	0	0	0	0	0	0	0
1428516295395134466	CPU_4	98.63	0	0	0	0	1.36	0	0	0	0
1428516296105241845	CPU_4	100.00	0	0	0	0	0	0	0	0	0
1428516296819712758	CPU_4	100.00	0	0	0	0	0	0	0	0	0
1428516297533274422	CPU_4	97.26	0	0	0	0	1.36	1.36	0	0	0
1428516298242849093	CPU_4	100.00	0	0	0	0	0	0	0	0	0
1428516298962623830	CPU_4	98.61	0	0	0	0	1.38	0	0	0	0
1428516299671095544	CPU_4	100.00	0	0	0	0	0	0	0	0	0
1428516300381469797	CPU_4	98.59	0	0	0	0	0	1.40	0	0	0
1428516301102444741	CPU_4	98.63	0	0	0	0	1.36	0	0	0	0
1428516301809770165	CPU_4	100.00	0	0	0	0	0	0	0	0	0
1428516302529136903	CPU_4	98.61	0	0	0	0	1.38	0	0	0	0
1428516303239345447	CPU_4	100.00	0	0	0	0	0	0	0	0	0
1428516303946208664	CPU_4	98.59	0	0	0	0	0	1.40	0	0	0
1428516304666072734	CPU_4	98.61	0	0	0	0	1.38	0	0	0	0
1428516305381070229	CPU_4	100.00	0	0	0	0	0	0	0	0	0
1428516306102279797	CPU_4	98.61	0	0	0	0	1.38	0	0	0	0
1428516306809892221	CPU_4	98.59	0	0	0	0	0	1.40	0	0	0
1428516307520160515	CPU_4	100.00	0	0	0	0	0	0	0	0	0
1428516308239496627	CPU_4	98.63	0	0	0	0	1.36	0	0	0	0
1428516308951765627	CPU_4	100.00	0	0	0	0	0	0	0	0	0
1428516309676349647	CPU_4	98.63	0	0	0	0	1.36	0	0	0	0
1428516310386465400	CPU_4	98.59	0	0	0	0	0	1.40	0	0	0
1428516311096547903	CPU_4	100.00	0	0	0	0	0	0	0	0	0
1428516311814556767	CPU_4	98.61	0	0	0	0	1.38	0	0	0	0
1428516312524439562	CPU_4	100.00	0	0	0	0	0	0	0	0	0
1428516313236716686	CPU_4	97.22	0	0	0	0	1.38	1.38	0	0	0
1428516313952990720	CPU_4	100.00	0	0	0	0	0	0	0	0	0
1428516314663841055	CPU_4	100.00	0	0	0	0	0	0	0	0	0
1428516315385771496	CPU_4	98.61	0	0	0	0	1.38	0	0	0	0
1428516316094654625	CPU_4	100.00	0	0	0	0	0	0	0	0	0
1428516316804163879	CPU_4	97.22	0	0	0	0	1.38	1.38	0	0	0
1428516317525107488	CPU_4	100.00	0	0	0	0	0	0	0	0	0
1428516318236484155	CPU_4	100.00	0	0	0	0	0	0	0	0	0
1428516318956711099	CPU_4	98.63	0	0	0	0	1.36	0	0	0	0
1428516319665398229	CPU_4	98.59	0	0	0	0	0	1.40	0	0	0
1428516320375732481	CPU_4	98.59	0	0	0	0	1.40	0	0	0	0
1428516321093388804	CPU_4	100.00	0	0	0	0	0	0	0	0	0
1428516321804445263	CPU_4	100.00	0	0	0	0	0	0	0	0	0
1428516322523562083	CPU_4	98.63	0	0	0	0	1.36	0	0	0	0
1428516323237069413	CPU_4	98.59	0	0	0	0	0	1.40	0	0	0
1428516323945446210	CPU_4	98.59	0	0	0	0	1.40	0	0	0	0
1428516324669498355	CPU_4	100.00	0	0	0	0	0	0	0	0	0
1428516325381176105	CPU_4	98.59	0	0	0	0	1.40	0	0	0	0
1428516326099206344	CPU_4	98.63	0	0	0	0	0	1.36	0	0	0
1428516326810260303	CPU_4	100.00	0	0	0	0	0	0	0	0	0
1428516327521650344	CPU_4	98.61	0	0	0	0	1.38	0	0	0	0
1428516328242021996	CPU_4	100.00	0	0	0	0	0	0	0	0	0
1428516328952471955	CPU_4	98.59	0	0	0	0	1.40	0	0	0	0
1428516329675701393	CPU_4	98.63	0	0	0	0	0	1.36	0	0	0
1428516330389959722	CPU_4	100.00	0	0	0	0	0	0	0	0	0
1428516331098547935	CPU_4	98.59	0	0	0	0	1.40	0	0	0	0
1428516331819670251	CPU_4	100.00	0	0	0	0	0	0	0	0	0
1428516332537301990	CPU_4	97.22	0	0	0	0	1.38	1.38	0	0	0
1428516333248529032	CPU_4	100.00	0	0	0	0	0	0	0	0	0
1428516333968919266	CPU_4	100.00	0	0	0	0	0	0	0	0	0
1428516334679827767	CPU_4	98.59	0	0	0	0	1.40	0	0	0	0
1428516335400754042	CPU_4	100.00	0	0	0	0	0	0	0	0	0
1428516336109844379	CPU_4	97.22	0	0	0	0	1.38	1.38	0	0	0
1428516336820964629	CPU_4	100.00	0	0	0	0	0	0	0	0	0
1428516337541287905	CPU_4	100.00	0	0	0	0	0	0	0	0	0
1428516338250781658	CPU_4	98.59	0	0	0	0	1.40	0	0	0	0
1428516338972289640	CPU_4	98.61	0	0	0	0	0	1.38	0	0	0
1428516339682792307	CPU_4	98.61	0	0	0	0	1.38	0	0	0	0
1428516340399710714	CPU_4	100.00	0	0	0	0	0	0	0	0	0
1428516341116704079	CPU_4	100.00	0	0	0	0	0	0	0	0	0
1428516341827975079	CPU_4	98.61	0	0	0	0	1.38	0	0	0	0
1428516342548508437	CPU_4	98.61	0	0	0	0	0	1.38	0	0	0
1428516343257527149	CPU_4	98.59	0	0	0	0	1.40	0	0	0	0
1428516343968585690	CPU_4	100.00	0	0	0	0	0	0	0	0	0
1428516344690691005	CPU_4	100.00	0	0	0	0	0	0	0	0	0
1428516345406117872	CPU_4	97.22	0	0	0	0	1.38	1.38	0	0	0
1428516346123398736	CPU_4	100.00	0	0	0	0	0	0	0	0	0
1428516346834399111	CPU_4	98.59	0	0	0	0	1.40	0	0	0	0
1428516347544652195	CPU_4	100.00	0	0	0	0	0	0	0	0	0
1428516348264241972	CPU_4	98.63	0	0	0	0	1.36	0	0	0	0
1428516348974479682	CPU_4	98.59	0	0	0	0	0	1.40	0	0	0
1428516349697504452	CPU_4	100.00	0	0	0	0	0	0	0	0	0
1428516350412356779	CPU_4	98.59	0	0	0	0	1.40	0	0	0	0
1428516351120363075	CPU_4	100.00	0	0	0	0	0	0	0	0	0
1428516351840991100	CPU_4	97.26	0	0	0	0	1.36	1.36	0	0	0
1428516352551296601	CPU_4	100.00	0	0	0	0	0	0	0	0	0
1428516353267946674	CPU_4	100.00	0	0	0	0	0	0	0	0	0
1428516353982585751	CPU_4	98.59	0	0	0	0	1.40	0	0	0	0
1428516354694876748	CPU_4	100.00	0	0	0	0	0	0	0	0	0
1428516355414917774	CPU_4	97.26	0	0	0	0	1.36	1.36	0	0	0
1428516356124930858	CPU_4	100.00	0	0	0	0	0	0	0	0	0
1428516356835306317	CPU_4	100.00	0	0	0	0	0	0	0	0	0
1428516357556281674	CPU_4	98.63	0	0	0	0	1.36	0	0	0	0
1428516358265568093	CPU_4	98.59	0	0	0	0	0	1.40	0	0	0
1428516358984950120	CPU_4	98.61	0	0	0	0	1.38	0	0	0	0
1428516359696927242	CPU_4	100.00	0	0	0	0	0	0	0	0	0
1428516360406999076	CPU_4	100.00	0	0	0	0	0	0	0	0	0
1428516361131425553	CPU_4	98.63	0	0	0	0	1.36	0	0	0	0
1428516361842202927	CPU_4	98.59	0	0	0	0	0	1.40	0	0	0
1428516362563416742	CPU_4	98.63	0	0	0	0	1.36	0	0	0	0
1428516363272235453	CPU_4	100.00	0	0	0	0	0	0	0	0	0
1428516363982898120	CPU_4	100.00	0	0	0	0	0	0	0	0	0
1428516364707207679	CPU_4	97.26	0	0	0	0	1.36	1.36	0	0	0
1428516365416825222	CPU_4	100.00	0	0	0	0	0	0	0	0	0
1428516366140259075	CPU_4	98.61	0	0	0	0	1.38	0	0	0	0
1428516366852657822	CPU_4	100.00	0	0	0	0	0	0	0	0	0
1428516367567829730	CPU_4	100.00	0	0	0	0	0	0	0	0	0
1428516368286935924	CPU_4	97.26	0	0	0	0	1.36	1.36	0	0	0
1428516368999391587	CPU_4	100.00	0	0	0	0	0	0	0	0	0
1428516369722444065	CPU_4	98.61	0	0	0	0	1.38	0	0	0	0
1428516370433974354	CPU_4	100.00	0	0	0	0	0	0	0	0	0
1428516371146936100	CPU_4	98.61	0	0	0	0	0	1.38	0	0	0
1428516371869534621	CPU_4	98.63	0	0	0	0	1.36	0	0	0	0
1428516372582848782	CPU_4	100.00	0	0	0	0	0	0	0	0	0
1428516373302802307	CPU_4	98.61	0	0	0	0	1.38	0	0	0	0
1428516374015144178	CPU_4	100.00	0	0	0	0	0	0	0	0	0
1428516374727493425	CPU_4	98.61	0	0	0	0	0	1.38	0	0	0
1428516375445821244	CPU_4	98.61	0	0	0	0	1.38	0	0	0	0
1428516376158265282	CPU_4	37.14	0	0	62.85	0	0	0	0	0	0
