#Timestamp	CPU_ID	user%	nice%	sys%	idle%	iowait%	irq%	softiq%	steal%	guest%	guest_nice%
1428542265056940505	CPU_0	91.07	0	5.35	1.78	0	1.78	0	0	0	0
1428542265670294476	CPU_0	96.77	0	0	0	0	1.61	1.61	0	0	0
1428542266284606863	CPU_0	96.77	0	1.61	0	0	1.61	0	0	0	0
1428542266896813753	CPU_0	98.36	0	0	0	0	1.63	0	0	0	0
1428542267517102216	CPU_0	96.77	0	3.22	0	0	0	0	0	0	0
1428542268131688728	CPU_0	95.16	0	1.61	0	0	1.61	1.61	0	0	0
1428542268746175114	CPU_0	98.38	0	0	0	0	1.61	0	0	0	0
1428542269360496793	CPU_0	100.00	0	0	0	0	0	0	0	0	0
1428542269975678720	CPU_0	96.77	0	1.61	0	0	1.61	0	0	0	0
1428542270597266182	CPU_0	96.77	0	0	0	0	1.61	1.61	0	0	0
1428542271212386152	CPU_0	98.38	0	0	0	0	1.61	0	0	0	0
1428542271827146830	CPU_0	96.72	0	1.63	0	0	1.63	0	0	0	0
1428542272442793340	CPU_0	98.36	0	0	0	0	0	1.63	0	0	0
1428542273058812642	CPU_0	96.82	0	1.58	0	0	1.58	0	0	0	0
1428542273680385895	CPU_0	98.36	0	0	0	0	1.63	0	0	0	0
1428542274296033239	CPU_0	100.00	0	0	0	0	0	0	0	0	0
1428542274911958166	CPU_0	96.77	0	0	0	0	1.61	1.61	0	0	0
1428542275527803218	CPU_0	96.82	0	1.58	0	0	1.58	0	0	0	0
1428542276150020929	CPU_0	98.38	0	0	0	0	1.61	0	0	0	0
1428542276767039480	CPU_0	100.00	0	0	0	0	0	0	0	0	0
1428542277383456947	CPU_0	95.23	0	1.58	0	0	1.58	1.58	0	0	0
1428542278000364915	CPU_0	98.38	0	0	0	0	1.61	0	0	0	0
1428542278617628132	CPU_0	98.36	0	0	0	0	1.63	0	0	0	0
1428542279240095093	CPU_0	98.41	0	0	0	0	0	1.58	0	0	0
1428542279856424519	CPU_0	96.72	0	1.63	0	0	1.63	0	0	0	0
1428542280472361362	CPU_0	98.36	0	0	0	0	1.63	0	0	0	0
1428542281089262746	CPU_0	96.82	0	1.58	0	0	1.58	0	0	0	0
1428542281713168331	CPU_0	98.38	0	0	0	0	0	1.61	0	0	0
1428542282330031340	CPU_0	98.38	0	0	0	0	1.61	0	0	0	0
1428542282946225766	CPU_0	98.36	0	0	0	0	1.63	0	0	0	0
1428542283563362025	CPU_0	100.00	0	0	0	0	0	0	0	0	0
1428542284179874451	CPU_0	96.82	0	0	0	0	1.58	1.58	0	0	0
1428542284802867787	CPU_0	96.72	0	1.63	0	0	1.63	0	0	0	0
1428542285419150671	CPU_0	98.38	0	0	0	0	1.61	0	0	0	0
1428542286035465681	CPU_0	95.23	0	1.58	0	0	1.58	1.58	0	0	0
1428542286652445190	CPU_0	100.00	0	0	0	0	0	0	0	0	0
1428542287268937408	CPU_0	96.82	0	1.58	0	0	1.58	0	0	0	0
1428542287891631744	CPU_0	98.36	0	0	0	0	1.63	0	0	0	0
1428542288507964670	CPU_0	98.38	0	0	0	0	0	1.61	0	0	0
1428542289125214220	CPU_0	95.16	0	3.22	0	0	1.61	0	0	0	0
1428542289742483062	CPU_0	96.77	0	1.61	0	0	1.61	0	0	0	0
1428542290365016232	CPU_0	96.82	0	0	0	0	1.58	1.58	0	0	0
1428542290981580033	CPU_0	100.00	0	0	0	0	0	0	0	0	0
1428542291599268291	CPU_0	96.77	0	1.61	0	0	1.61	0	0	0	0
1428542292215893009	CPU_0	98.38	0	0	0	0	1.61	0	0	0	0
1428542292833656808	CPU_0	96.82	0	0	0	0	1.58	1.58	0	0	0
1428542293456603394	CPU_0	100.00	0	0	0	0	0	0	0	0	0
1428542294074940943	CPU_0	98.38	0	0	0	0	1.61	0	0	0	0
1428542294691884785	CPU_0	96.72	0	1.63	0	0	1.63	0	0	0	0
1428542295309547377	CPU_0	96.82	0	1.58	0	0	0	1.58	0	0	0
1428542295932820837	CPU_0	98.38	0	0	0	0	1.61	0	0	0	0
1428542296551081886	CPU_0	98.36	0	0	0	0	1.63	0	0	0	0
1428542297168182062	CPU_0	96.82	0	0	0	0	1.58	1.58	0	0	0
1428542297785799612	CPU_0	100.00	0	0	0	0	0	0	0	0	0
1428542298402840204	CPU_0	98.36	0	0	0	0	1.63	0	0	0	0
1428542299027049705	CPU_0	98.41	0	0	0	0	1.58	0	0	0	0
1428542299644550463	CPU_0	95.23	0	1.58	0	0	1.58	1.58	0	0	0
1428542300261852222	CPU_0	100.00	0	0	0	0	0	0	0	0	0
1428542300878784564	CPU_0	96.77	0	0	0	0	3.22	0	0	0	0
1428542301502578607	CPU_0	96.82	0	1.58	0	0	0	1.58	0	0	0
1428542302121093198	CPU_0	96.77	0	1.61	0	0	1.61	0	0	0	0
1428542302738695289	CPU_0	98.36	0	0	0	0	1.63	0	0	0	0
1428542303355759632	CPU_0	96.72	0	1.63	0	0	1.63	0	0	0	0
1428542303973774014	CPU_0	93.65	0	1.58	0	0	3.17	1.58	0	0	0
1428542304598790223	CPU_0	90.32	0	6.45	0	0	3.22	0	0	0	0
1428542305217498605	CPU_0	98.36	0	0	0	0	1.63	0	0	0	0
1428542305834948947	CPU_0	96.82	0	0	0	0	1.58	1.58	0	0	0
1428542306452698413	CPU_0	96.72	0	1.63	0	0	1.63	0	0	0	0
1428542307075976665	CPU_0	96.82	0	1.58	0	0	1.58	0	0	0	0
1428542307696225545	CPU_0	95.23	0	1.58	0	0	1.58	1.58	0	0	0
1428542308314201303	CPU_0	100.00	0	0	0	0	0	0	0	0	0
1428542308932643644	CPU_0	96.77	0	1.61	0	0	1.61	0	0	0	0
1428542309550633652	CPU_0	96.72	0	1.63	0	0	1.63	0	0	0	0
1428542310175788402	CPU_0	93.65	0	3.17	0	0	1.58	1.58	0	0	0
1428542310793254368	CPU_0	98.36	0	1.63	0	0	0	0	0	0	0
1428542311411240168	CPU_0	96.77	0	1.61	0	0	1.61	0	0	0	0
1428542312029325134	CPU_0	96.82	0	0	0	0	1.58	1.58	0	0	0
1428542312653288552	CPU_0	98.38	0	0	0	0	1.61	0	0	0	0
1428542313271173768	CPU_0	96.72	0	3.27	0	0	0	0	0	0	0
1428542313889091693	CPU_0	98.38	0	0	0	0	1.61	0	0	0	0
1428542314506665326	CPU_0	96.82	0	0	0	0	1.58	1.58	0	0	0
1428542315125078042	CPU_0	98.36	0	0	0	0	1.63	0	0	0	0
1428542315749065543	CPU_0	100.00	0	0	0	0	0	0	0	0	0
1428542316367024260	CPU_0	96.77	0	1.61	0	0	1.61	0	0	0	0
1428542316985032142	CPU_0	95.23	0	1.58	0	0	1.58	1.58	0	0	0
1428542317603716900	CPU_0	100.00	0	0	0	0	0	0	0	0	0
1428542318227143443	CPU_0	96.82	0	1.58	0	0	1.58	0	0	0	0
1428542318845192951	CPU_0	96.82	0	0	0	0	1.58	1.58	0	0	0
1428542319462976376	CPU_0	98.36	0	0	0	0	1.63	0	0	0	0
1428542320080720801	CPU_0	96.77	0	1.61	0	0	1.61	0	0	0	0
1428542320698596600	CPU_0	100.00	0	0	0	0	0	0	0	0	0
1428542321323028601	CPU_0	95.23	0	1.58	0	0	1.58	1.58	0	0	0
1428542321940896692	CPU_0	96.77	0	1.61	0	0	1.61	0	0	0	0
1428542322558734409	CPU_0	100.00	0	0	0	0	0	0	0	0	0
1428542323176510917	CPU_0	96.77	0	0	0	0	1.61	1.61	0	0	0
1428542323804402622	CPU_0	96.82	0	1.58	0	0	1.58	0	0	0	0
1428542324422583838	CPU_0	98.38	0	0	0	0	1.61	0	0	0	0
1428542325041000054	CPU_0	100.00	0	0	0	0	0	0	0	0	0
1428542325659691978	CPU_0	96.82	0	0	0	0	1.58	1.58	0	0	0
1428542326278145485	CPU_0	98.36	0	0	0	0	1.63	0	0	0	0
1428542326902612319	CPU_0	98.38	0	0	0	0	1.61	0	0	0	0
1428542327521511785	CPU_0	100.00	0	0	0	0	0	0	0	0	0
1428542328139763167	CPU_0	95.23	0	1.58	0	0	1.58	1.58	0	0	0
1428542328758073841	CPU_0	98.38	0	0	0	0	1.61	0	0	0	0
1428542329381424677	CPU_0	100.00	0	0	0	0	0	0	0	0	0
1428542330002866806	CPU_0	95.16	0	1.61	0	0	1.61	1.61	0	0	0
1428542330620713939	CPU_0	96.82	0	1.58	0	0	1.58	0	0	0	0
1428542331239010655	CPU_0	98.36	0	0	0	0	1.63	0	0	0	0
1428542331856771538	CPU_0	95.16	0	3.22	0	0	1.61	0	0	0	0
1428542332481762580	CPU_0	98.41	0	0	0	0	0	1.58	0	0	0
1428542333099565088	CPU_0	98.38	0	0	0	0	1.61	0	0	0	0
1428542333718815345	CPU_0	98.36	0	0	0	0	1.63	0	0	0	0
1428542334336777686	CPU_0	98.36	0	1.63	0	0	0	0	0	0	0
1428542334956575817	CPU_0	95.23	0	1.58	0	0	1.58	1.58	0	0	0
1428542335579321153	CPU_0	96.82	0	1.58	0	0	1.58	0	0	0	0
1428542336199046284	CPU_0	98.36	0	0	0	0	1.63	0	0	0	0
1428542336816710584	CPU_0	96.77	0	0	0	0	1.61	1.61	0	0	0
1428542337435405466	CPU_0	100.00	0	0	0	0	0	0	0	0	0
1428542338059849467	CPU_0	96.77	0	1.61	0	0	1.61	0	0	0	0
1428542338679005015	CPU_0	98.38	0	0	0	0	1.61	0	0	0	0
1428542339297425690	CPU_0	96.77	0	1.61	0	0	0	1.61	0	0	0
1428542339916792363	CPU_0	98.36	0	0	0	0	1.63	0	0	0	0
1428542340537400868	CPU_0	96.82	0	1.58	0	0	1.58	0	0	0	0
1428542341161657369	CPU_0	96.82	0	0	0	0	1.58	1.58	0	0	0
1428542341780337709	CPU_0	98.38	0	0	0	0	1.61	0	0	0	0
1428542342399119883	CPU_0	100.00	0	0	0	0	0	0	0	0	0
1428542343017695474	CPU_0	96.77	0	1.61	0	0	1.61	0	0	0	0
1428542343643262932	CPU_0	96.82	0	0	0	0	1.58	1.58	0	0	0
1428542344262465688	CPU_0	98.38	0	1.61	0	0	0	0	0	0	0
1428542344880933279	CPU_0	98.36	0	0	0	0	1.63	0	0	0	0
1428542345500177369	CPU_0	96.77	0	0	0	0	1.61	1.61	0	0	0
1428542346120671624	CPU_0	96.82	0	1.58	0	0	1.58	0	0	0	0
1428542346745341250	CPU_0	98.38	0	0	0	0	1.61	0	0	0	0
1428542347363803591	CPU_0	100.00	0	0	0	0	0	0	0	0	0
1428542347982545264	CPU_0	95.23	0	1.58	0	0	1.58	1.58	0	0	0
1428542348601500980	CPU_0	98.38	0	0	0	0	1.61	0	0	0	0
1428542349227776728	CPU_0	98.38	0	0	0	0	1.61	0	0	0	0
1428542349846351902	CPU_0	96.77	0	1.61	0	0	0	1.61	0	0	0
1428542350465517868	CPU_0	98.38	0	0	0	0	1.61	0	0	0	0
1428542351084492541	CPU_0	96.77	0	1.61	0	0	1.61	0	0	0	0
1428542351706520503	CPU_0	98.38	0	0	0	0	1.61	0	0	0	0
1428542352329803713	CPU_0	96.82	0	1.58	0	0	0	1.58	0	0	0
1428542352948754220	CPU_0	95.16	0	3.22	0	0	1.61	0	0	0	0
1428542353567508186	CPU_0	96.72	0	1.63	0	0	1.63	0	0	0	0
1428542354187011526	CPU_0	98.38	0	0	0	0	1.61	0	0	0	0
1428542354812284359	CPU_0	96.82	0	1.58	0	0	0	1.58	0	0	0
1428542355431498824	CPU_0	98.36	0	0	0	0	1.63	0	0	0	0
1428542356051181538	CPU_0	98.38	0	0	0	0	1.61	0	0	0	0
1428542356671332169	CPU_0	96.82	0	0	0	0	1.58	1.58	0	0	0
1428542357296631794	CPU_0	98.38	0	1.61	0	0	0	0	0	0	0
1428542357918916964	CPU_0	98.38	0	0	0	0	1.61	0	0	0	0
1428542358537854262	CPU_0	98.38	0	0	0	0	1.61	0	0	0	0
1428542359157564769	CPU_0	96.82	0	0	0	0	1.58	1.58	0	0	0
1428542359776756775	CPU_0	100.00	0	0	0	0	0	0	0	0	0
1428542360402485191	CPU_0	98.38	0	0	0	0	1.61	0	0	0	0
1428542361021900698	CPU_0	95.23	0	1.58	0	0	1.58	1.58	0	0	0
1428542361640954871	CPU_0	98.38	0	0	0	0	1.61	0	0	0	0
1428542362261235960	CPU_0	98.36	0	1.63	0	0	0	0	0	0	0
1428542362887924125	CPU_0	96.82	0	1.58	0	0	1.58	0	0	0	0
1428542363507252924	CPU_0	96.82	0	0	0	0	1.58	1.58	0	0	0
1428542364126791763	CPU_0	96.77	0	1.61	0	0	1.61	0	0	0	0
1428542364745930812	CPU_0	100.00	0	0	0	0	0	0	0	0	0
1428542365365701901	CPU_0	96.82	0	1.58	0	0	1.58	0	0	0	0
1428542365990938484	CPU_0	96.82	0	0	0	0	1.58	1.58	0	0	0
1428542366610116575	CPU_0	98.36	0	0	0	0	1.63	0	0	0	0
1428542367230057455	CPU_0	98.38	0	1.61	0	0	0	0	0	0	0
1428542367849254296	CPU_0	96.77	0	0	0	0	1.61	1.61	0	0	0
1428542368474284587	CPU_0	98.41	0	0	0	0	1.58	0	0	0	0
1428542369093325928	CPU_0	96.77	0	1.61	0	0	1.61	0	0	0	0
1428542369713325809	CPU_0	98.36	0	1.63	0	0	0	0	0	0	0
1428542370331998108	CPU_0	95.23	0	1.58	0	0	1.58	1.58	0	0	0
1428542370951326406	CPU_0	98.38	0	0	0	0	1.61	0	0	0	0
1428542371577146072	CPU_0	98.38	0	0	0	0	1.61	0	0	0	0
1428542372197815452	CPU_0	98.38	0	0	0	0	0	1.61	0	0	0
1428542372817719333	CPU_0	98.38	0	0	0	0	1.61	0	0	0	0
1428542373437572756	CPU_0	98.38	0	0	0	0	1.61	0	0	0	0
1428542374063971421	CPU_0	98.41	0	0	0	0	1.58	0	0	0	0
1428542374684373677	CPU_0	95.16	0	3.22	0	0	0	1.61	0	0	0
1428542375304704099	CPU_0	98.38	0	0	0	0	1.61	0	0	0	0
1428542375924304897	CPU_0	98.38	0	0	0	0	1.61	0	0	0	0
1428542376543940695	CPU_0	96.77	0	1.61	0	0	1.61	0	0	0	0
1428542377170430485	CPU_0	98.41	0	0	0	0	0	1.58	0	0	0
1428542377790064575	CPU_0	98.36	0	0	0	0	1.63	0	0	0	0
1428542378410184122	CPU_0	98.38	0	0	0	0	1.61	0	0	0	0
1428542379030590378	CPU_0	96.82	0	1.58	0	0	0	1.58	0	0	0
1428542379656665793	CPU_0	98.38	0	0	0	0	1.61	0	0	0	0
1428542380277277923	CPU_0	98.38	0	0	0	0	1.61	0	0	0	0
1428542380896785138	CPU_0	98.38	0	0	0	0	1.61	0	0	0	0
1428542381516676644	CPU_0	98.38	0	0	0	0	0	1.61	0	0	0
1428542382136396901	CPU_0	98.38	0	0	0	0	1.61	0	0	0	0
1428542382762973066	CPU_0	98.38	0	0	0	0	1.61	0	0	0	0
1428542383382396697	CPU_0	95.23	0	1.58	0	0	1.58	1.58	0	0	0
1428542384002617953	CPU_0	98.38	0	0	0	0	1.61	0	0	0	0
1428542384621852001	CPU_0	100.00	0	0	0	0	0	0	0	0	0
1428542385249269791	CPU_0	96.82	0	1.58	0	0	1.58	0	0	0	0
1428542385868874214	CPU_0	95.23	0	1.58	0	0	1.58	1.58	0	0	0
1428542386488496803	CPU_0	100.00	0	0	0	0	0	0	0	0	0
1428542387107830935	CPU_0	96.77	0	1.61	0	0	1.61	0	0	0	0
1428542387729968939	CPU_0	98.38	0	0	0	0	1.61	0	0	0	0
1428542388355225605	CPU_0	95.31	0	1.56	0	0	1.56	1.56	0	0	0
1428542388975751319	CPU_0	100.00	0	0	0	0	0	0	0	0	0
1428542389595619450	CPU_0	98.38	0	0	0	0	1.61	0	0	0	0
1428542390216568122	CPU_0	96.82	0	0	0	0	1.58	1.58	0	0	0
1428542390842799204	CPU_0	98.38	0	0	0	0	1.61	0	0	0	0
1428542391462762085	CPU_0	100.00	0	0	0	0	0	0	0	0	0
1428542392082046633	CPU_0	96.77	0	1.61	0	0	1.61	0	0	0	0
1428542392702149681	CPU_0	96.82	0	0	0	0	1.58	1.58	0	0	0
1428542393327950555	CPU_0	96.82	0	1.58	0	0	1.58	0	0	0	0
1428542393948045186	CPU_0	100.00	0	0	0	0	0	0	0	0	0
1428542394567600734	CPU_0	95.23	0	1.58	0	0	1.58	1.58	0	0	0
1428542395187674740	CPU_0	98.41	0	0	0	0	1.58	0	0	0	0
1428542395807820579	CPU_0	95.08	0	3.27	0	0	1.63	0	0	0	0
1428542396434438328	CPU_0	100.00	0	0	0	0	0	0	0	0	0
1428542397054210167	CPU_0	95.23	0	1.58	0	0	1.58	1.58	0	0	0
1428542397674624381	CPU_0	98.41	0	0	0	0	1.58	0	0	0	0
1428542398295257178	CPU_0	98.36	0	0	0	0	1.63	0	0	0	0
1428542398921352344	CPU_0	100.00	0	0	0	0	0	0	0	0	0
1428542399540887809	CPU_0	96.82	0	0	0	0	1.58	1.58	0	0	0
1428542400160327274	CPU_0	98.38	0	0	0	0	1.61	0	0	0	0
1428542400780253822	CPU_0	98.36	0	0	0	0	1.63	0	0	0	0
1428542401400371536	CPU_0	96.77	0	1.61	0	0	0	1.61	0	0	0
1428542402026271160	CPU_0	96.82	0	1.58	0	0	1.58	0	0	0	0
1428542402646061708	CPU_0	98.38	0	0	0	0	1.61	0	0	0	0
1428542403266999505	CPU_0	98.38	0	0	0	0	1.61	0	0	0	0
1428542403887715302	CPU_0	98.38	0	0	0	0	0	1.61	0	0	0
1428542404514730050	CPU_0	98.38	0	0	0	0	1.61	0	0	0	0
1428542405135060014	CPU_0	96.82	0	1.58	0	0	1.58	0	0	0	0
1428542405755970935	CPU_0	95.23	0	1.58	0	0	1.58	1.58	0	0	0
1428542406375934650	CPU_0	98.36	0	0	0	0	1.63	0	0	0	0
1428542406996459822	CPU_0	100.00	0	0	0	0	0	0	0	0	0
1428542407623112320	CPU_0	98.41	0	0	0	0	1.58	0	0	0	0
1428542408244307700	CPU_0	96.82	0	0	0	0	1.58	1.58	0	0	0
1428542408864405623	CPU_0	100.00	0	0	0	0	0	0	0	0	0
1428542409485060045	CPU_0	96.77	0	1.61	0	0	1.61	0	0	0	0
1428542410111708960	CPU_0	95.16	0	1.61	0	0	1.61	1.61	0	0	0
1428542410732833756	CPU_0	96.82	0	1.58	0	0	1.58	0	0	0	0
1428542411352656596	CPU_0	98.36	0	0	0	0	1.63	0	0	0	0
1428542411973137560	CPU_0	98.38	0	1.61	0	0	0	0	0	0	0
1428542412599361642	CPU_0	96.82	0	0	0	0	1.58	1.58	0	0	0
1428542413223017477	CPU_0	98.41	0	0	0	0	1.58	0	0	0	0
1428542413843427525	CPU_0	100.00	0	0	0	0	0	0	0	0	0
1428542414463832363	CPU_0	96.77	0	1.61	0	0	1.61	0	0	0	0
1428542415084437577	CPU_0	95.23	0	1.58	0	0	1.58	1.58	0	0	0
1428542415711251742	CPU_0	98.41	0	0	0	0	1.58	0	0	0	0
1428542416332188289	CPU_0	100.00	0	0	0	0	0	0	0	0	0
1428542416952382170	CPU_0	96.77	0	0	0	0	1.61	1.61	0	0	0
1428542417572705384	CPU_0	95.23	0	3.17	0	0	1.58	0	0	0	0
1428542418199130633	CPU_0	98.38	0	0	0	0	1.61	0	0	0	0
1428542418820498720	CPU_0	98.38	0	1.61	0	0	0	0	0	0	0
1428542419441248851	CPU_0	96.82	0	0	0	0	1.58	1.58	0	0	0
1428542420062568564	CPU_0	98.38	0	0	0	0	1.61	0	0	0	0
1428542420683063194	CPU_0	98.36	0	0	0	0	1.63	0	0	0	0
1428542421310948108	CPU_0	96.87	0	1.56	0	0	0	1.56	0	0	0
1428542421931151156	CPU_0	98.38	0	0	0	0	1.61	0	0	0	0
1428542422551736161	CPU_0	98.36	0	0	0	0	1.63	0	0	0	0
1428542423171786250	CPU_0	98.38	0	0	0	0	1.61	0	0	0	0
1428542423799408623	CPU_0	95.31	0	0	0	0	3.12	1.56	0	0	0
1428542424419827587	CPU_0	96.72	0	1.63	0	0	1.63	0	0	0	0
1428542425040574675	CPU_0	93.65	0	3.17	0	0	3.17	0	0	0	0
1428542425661887430	CPU_0	98.36	0	0	0	0	0	1.63	0	0	0
1428542426283235976	CPU_0	96.82	0	1.58	0	0	1.58	0	0	0	0
1428542426910445224	CPU_0	98.38	0	0	0	0	1.61	0	0	0	0
1428542427531124146	CPU_0	96.82	0	0	0	0	1.58	1.58	0	0	0
1428542428151979443	CPU_0	98.38	0	0	0	0	1.61	0	0	0	0
1428542428774096947	CPU_0	100.00	0	0	0	0	0	0	0	0	0
1428542429401739903	CPU_0	96.87	0	1.56	0	0	1.56	0	0	0	0
1428542430022213117	CPU_0	96.77	0	0	0	0	1.61	1.61	0	0	0
1428542430643000330	CPU_0	96.77	0	1.61	0	0	1.61	0	0	0	0
1428542431264264585	CPU_0	100.00	0	0	0	0	0	0	0	0	0
1428542431890856750	CPU_0	96.82	0	1.58	0	0	1.58	0	0	0	0
1428542432514000711	CPU_0	95.31	0	1.56	0	0	1.56	1.56	0	0	0
1428542433135004883	CPU_0	98.36	0	0	0	0	1.63	0	0	0	0
1428542433756682887	CPU_0	98.38	0	1.61	0	0	0	0	0	0	0
1428542434378015017	CPU_0	96.77	0	0	0	0	1.61	1.61	0	0	0
1428542435005878014	CPU_0	96.87	0	1.56	0	0	1.56	0	0	0	0
1428542435627356727	CPU_0	96.72	0	1.63	0	0	1.63	0	0	0	0
1428542436249277439	CPU_0	100.00	0	0	0	0	0	0	0	0	0
1428542436870308944	CPU_0	96.77	0	0	0	0	1.61	1.61	0	0	0
1428542437496944818	CPU_0	96.82	0	1.58	0	0	1.58	0	0	0	0
1428542438117841989	CPU_0	98.38	0	0	0	0	1.61	0	0	0	0
1428542438737908871	CPU_0	95.16	0	3.22	0	0	0	1.61	0	0	0
1428542439359979749	CPU_0	98.41	0	0	0	0	1.58	0	0	0	0
1428542439980448588	CPU_0	98.36	0	0	0	0	1.63	0	0	0	0
1428542440608187002	CPU_0	96.82	0	1.58	0	0	1.58	0	0	0	0
1428542441228917799	CPU_0	96.77	0	1.61	0	0	0	1.61	0	0	0
1428542441850241804	CPU_0	96.77	0	1.61	0	0	1.61	0	0	0	0
1428542442470775768	CPU_0	96.77	0	1.61	0	0	1.61	0	0	0	0
1428542443098353807	CPU_0	95.23	0	1.58	0	0	1.58	1.58	0	0	0
1428542443718507647	CPU_0	100.00	0	0	0	0	0	0	0	0	0
1428542444340304068	CPU_0	96.77	0	1.61	0	0	1.61	0	0	0	0
1428542444961238573	CPU_0	91.93	0	4.83	0	0	3.22	0	0	0	0
1428542445582412994	CPU_0	93.65	0	1.58	0	0	3.17	1.58	0	0	0
1428542446209480742	CPU_0	93.54	0	3.22	0	0	3.22	0	0	0	0
1428542446831759996	CPU_0	96.82	0	1.58	0	0	1.58	0	0	0	0
1428542447452718459	CPU_0	98.36	0	0	0	0	0	1.63	0	0	0
1428542448074262256	CPU_0	95.23	0	1.58	0	0	3.17	0	0	0	0
1428542448701531920	CPU_0	100.00	0	0	0	0	0	0	0	0	0
1428542449322976633	CPU_0	95.23	0	1.58	0	0	1.58	1.58	0	0	0
1428542449944378054	CPU_0	96.77	0	1.61	0	0	1.61	0	0	0	0
1428542450565883226	CPU_0	96.77	0	1.61	0	0	1.61	0	0	0	0
1428542451192822932	CPU_0	100.00	0	0	0	0	0	0	0	0	0
1428542451816000268	CPU_0	96.82	0	0	0	0	1.58	1.58	0	0	0
1428542452437206398	CPU_0	98.38	0	0	0	0	1.61	0	0	0	0
1428542453059064402	CPU_0	98.38	0	0	0	0	1.61	0	0	0	0
1428542453680114449	CPU_0	96.82	0	1.58	0	0	0	1.58	0	0	0
1428542454308666654	CPU_0	98.38	0	0	0	0	1.61	0	0	0	0
1428542454930181325	CPU_0	96.77	0	1.61	0	0	1.61	0	0	0	0
1428542455551495663	CPU_0	98.41	0	0	0	0	1.58	0	0	0	0
1428542456172944834	CPU_0	96.77	0	0	0	0	1.61	1.61	0	0	0
1428542456801556998	CPU_0	98.38	0	0	0	0	1.61	0	0	0	0
1428542457422922627	CPU_0	98.38	0	1.61	0	0	0	0	0	0	0
1428542458044461257	CPU_0	96.82	0	0	0	0	1.58	1.58	0	0	0
1428542458665913178	CPU_0	96.77	0	1.61	0	0	1.61	0	0	0	0
1428542459289900721	CPU_0	98.38	0	0	0	0	1.61	0	0	0	0
1428542459916363179	CPU_0	96.82	0	1.58	0	0	1.58	0	0	0	0
1428542460537480350	CPU_0	95.16	0	3.22	0	0	0	1.61	0	0	0
1428542461158753105	CPU_0	96.77	0	1.61	0	0	1.61	0	0	0	0
1428542461780681443	CPU_0	98.41	0	0	0	0	1.58	0	0	0	0
1428542462408431065	CPU_0	96.77	0	0	0	0	1.61	1.61	0	0	0
1428542463029705195	CPU_0	98.41	0	1.58	0	0	0	0	0	0	0
1428542463650981991	CPU_0	98.36	0	0	0	0	1.63	0	0	0	0
1428542464272211705	CPU_0	96.77	0	1.61	0	0	1.61	0	0	0	0
1428542464900416077	CPU_0	96.82	0	0	0	0	1.58	1.58	0	0	0
1428542465522142123	CPU_0	98.38	0	0	0	0	1.61	0	0	0	0
1428542466143695877	CPU_0	98.41	0	0	0	0	1.58	0	0	0	0
1428542466765287007	CPU_0	96.77	0	1.61	0	0	0	1.61	0	0	0
1428542467388664676	CPU_0	98.38	0	0	0	0	1.61	0	0	0	0
1428542468017453005	CPU_0	98.41	0	0	0	0	1.58	0	0	0	0
1428542468639458301	CPU_0	100.00	0	0	0	0	0	0	0	0	0
1428542469260628389	CPU_0	95.23	0	1.58	0	0	1.58	1.58	0	0	0
1428542469883886934	CPU_0	98.41	0	0	0	0	1.58	0	0	0	0
1428542470512174014	CPU_0	98.38	0	0	0	0	1.61	0	0	0	0
1428542471133522810	CPU_0	96.77	0	0	0	0	1.61	1.61	0	0	0
1428542471755310440	CPU_0	98.38	0	1.61	0	0	0	0	0	0	0
1428542472377383069	CPU_0	96.72	0	1.63	0	0	1.63	0	0	0	0
1428542473006967231	CPU_0	96.87	0	1.56	0	0	1.56	0	0	0	0
1428542473628171861	CPU_0	96.77	0	0	0	0	1.61	1.61	0	0	0
1428542474249641490	CPU_0	98.41	0	1.58	0	0	0	0	0	0	0
1428542474871755369	CPU_0	98.36	0	0	0	0	1.63	0	0	0	0
1428542475493198249	CPU_0	96.77	0	1.61	0	0	1.61	0	0	0	0
1428542476121223455	CPU_0	96.87	0	0	0	0	1.56	1.56	0	0	0
1428542476742745251	CPU_0	98.36	0	0	0	0	1.63	0	0	0	0
1428542477364490880	CPU_0	100.00	0	0	0	0	0	0	0	0	0
1428542477985667260	CPU_0	95.23	0	1.58	0	0	1.58	1.58	0	0	0
1428542478613374008	CPU_0	98.41	0	0	0	0	1.58	0	0	0	0
1428542479235056512	CPU_0	98.38	0	0	0	0	1.61	0	0	0	0
1428542479856717642	CPU_0	98.38	0	0	0	0	0	1.61	0	0	0
1428542480478126438	CPU_0	96.77	0	1.61	0	0	1.61	0	0	0	0
1428542481099871859	CPU_0	98.38	0	0	0	0	1.61	0	0	0	0
1428542481727344690	CPU_0	95.23	0	3.17	0	0	1.58	0	0	0	0
1428542482349120820	CPU_0	95.23	0	1.58	0	0	1.58	1.58	0	0	0
1428542482970775199	CPU_0	100.00	0	0	0	0	0	0	0	0	0
1428542483593009703	CPU_0	98.36	0	0	0	0	1.63	0	0	0	0
1428542484221200700	CPU_0	98.41	0	0	0	0	1.58	0	0	0	0
1428542484843690412	CPU_0	95.23	0	1.58	0	0	1.58	1.58	0	0	0
1428542485465585125	CPU_0	100.00	0	0	0	0	0	0	0	0	0
1428542486087207671	CPU_0	98.36	0	0	0	0	1.63	0	0	0	0
1428542486715950376	CPU_0	95.38	0	1.53	0	0	1.53	1.53	0	0	0
1428542487338177546	CPU_0	98.36	0	0	0	0	1.63	0	0	0	0
1428542487959877634	CPU_0	100.00	0	0	0	0	0	0	0	0	0
1428542488581672930	CPU_0	98.38	0	0	0	0	1.61	0	0	0	0
1428542489203870142	CPU_0	96.82	0	0	0	0	1.58	1.58	0	0	0
1428542489832662347	CPU_0	96.82	0	1.58	0	0	1.58	0	0	0	0
1428542490454687643	CPU_0	100.00	0	0	0	0	0	0	0	0	0
1428542491076353522	CPU_0	96.82	0	0	0	0	1.58	1.58	0	0	0
1428542491698936109	CPU_0	98.41	0	0	0	0	1.58	0	0	0	0
1428542492328210980	CPU_0	96.77	0	1.61	0	0	1.61	0	0	0	0
1428542492950937108	CPU_0	100.00	0	0	0	0	0	0	0	0	0
1428542493572874487	CPU_0	96.82	0	0	0	0	1.58	1.58	0	0	0
1428542494195689116	CPU_0	96.82	0	1.58	0	0	1.58	0	0	0	0
1428542494824760695	CPU_0	98.38	0	0	0	0	1.61	0	0	0	0
1428542495447434448	CPU_0	100.00	0	0	0	0	0	0	0	0	0
1428542496070001035	CPU_0	96.87	0	0	0	0	1.56	1.56	0	0	0
1428542496692492456	CPU_0	98.38	0	0	0	0	1.61	0	0	0	0
1428542497314811793	CPU_0	98.38	0	1.61	0	0	0	0	0	0	0
1428542497945534870	CPU_0	96.82	0	0	0	0	1.58	1.58	0	0	0
1428542498568163332	CPU_0	96.82	0	1.58	0	0	1.58	0	0	0	0
1428542499190731752	CPU_0	98.38	0	0	0	0	1.61	0	0	0	0
1428542499813789005	CPU_0	100.00	0	0	0	0	0	0	0	0	0
1428542500444363250	CPU_0	96.82	0	0	0	0	1.58	1.58	0	0	0
1428542501067021086	CPU_0	98.38	0	0	0	0	1.61	0	0	0	0
1428542501689923048	CPU_0	98.41	0	0	0	0	1.58	0	0	0	0
1428542502312293968	CPU_0	96.77	0	0	0	0	1.61	1.61	0	0	0
1428542502945188377	CPU_0	98.38	0	1.61	0	0	0	0	0	0	0
1428542503567950838	CPU_0	95.23	0	3.17	0	0	1.58	0	0	0	0
1428542504190437884	CPU_0	98.38	0	0	0	0	1.61	0	0	0	0
1428542504813199429	CPU_0	95.23	0	1.58	0	0	1.58	1.58	0	0	0
1428542505436942473	CPU_0	100.00	0	0	0	0	0	0	0	0	0
1428542506066181260	CPU_0	98.38	0	0	0	0	1.61	0	0	0	0
1428542506688920222	CPU_0	96.82	0	1.58	0	0	1.58	0	0	0	0
1428542507311526725	CPU_0	96.82	0	0	0	0	1.58	1.58	0	0	0
1428542507934984978	CPU_0	96.77	0	1.61	0	0	1.61	0	0	0	0
1428542508564648390	CPU_0	100.00	0	0	0	0	0	0	0	0	0
1428542509187333644	CPU_0	96.82	0	0	0	0	1.58	1.58	0	0	0
1428542509809638647	CPU_0	98.41	0	0	0	0	1.58	0	0	0	0
1428542510433277233	CPU_0	98.36	0	0	0	0	1.63	0	0	0	0
1428542511061571730	CPU_0	95.23	0	1.58	0	0	1.58	1.58	0	0	0
1428542511686924647	CPU_0	98.41	0	0	0	0	1.58	0	0	0	0
1428542512309640026	CPU_0	96.82	0	1.58	0	0	1.58	0	0	0	0
1428542512932848904	CPU_0	98.36	0	0	0	0	1.63	0	0	0	0
1428542513555569574	CPU_0	98.41	0	0	0	0	0	1.58	0	0	0
1428542514184380153	CPU_0	98.41	0	0	0	0	1.58	0	0	0	0
1428542514806926865	CPU_0	98.38	0	0	0	0	1.61	0	0	0	0
1428542515431036534	CPU_0	96.82	0	1.58	0	0	1.58	0	0	0	0
1428542516053884287	CPU_0	98.38	0	0	0	0	0	1.61	0	0	0
1428542516683280366	CPU_0	96.77	0	1.61	0	0	1.61	0	0	0	0
1428542517306004370	CPU_0	98.41	0	0	0	0	1.58	0	0	0	0
1428542517929458872	CPU_0	98.38	0	0	0	0	0	1.61	0	0	0
1428542518552145834	CPU_0	96.82	0	1.58	0	0	1.58	0	0	0	0
1428542519176880877	CPU_0	98.38	0	0	0	0	1.61	0	0	0	0
1428542519804451542	CPU_0	98.41	0	0	0	0	1.58	0	0	0	0
1428542520428101752	CPU_0	98.38	0	0	0	0	0	1.61	0	0	0
1428542521050500131	CPU_0	98.38	0	0	0	0	1.61	0	0	0	0
1428542521672770260	CPU_0	98.38	0	0	0	0	1.61	0	0	0	0
1428542522301358007	CPU_0	95.31	0	1.56	0	0	1.56	1.56	0	0	0
1428542522924211052	CPU_0	98.38	0	1.61	0	0	0	0	0	0	0
1428542523546413848	CPU_0	98.36	0	0	0	0	1.63	0	0	0	0
1428542524168827101	CPU_0	98.41	0	0	0	0	1.58	0	0	0	0
1428542524797892431	CPU_0	93.65	0	3.17	0	0	1.58	1.58	0	0	0
1428542525420834976	CPU_0	98.38	0	1.61	0	0	0	0	0	0	0
1428542526042942188	CPU_0	98.38	0	0	0	0	1.61	0	0	0	0
1428542526665846108	CPU_0	96.82	0	1.58	0	0	1.58	0	0	0	0
1428542527288075362	CPU_0	96.82	0	0	0	0	1.58	1.58	0	0	0
1428542527917234650	CPU_0	100.00	0	0	0	0	0	0	0	0	0
1428542528540074862	CPU_0	98.38	0	0	0	0	1.61	0	0	0	0
1428542529162943240	CPU_0	96.82	0	0	0	0	1.58	1.58	0	0	0
1428542529785634368	CPU_0	96.82	0	1.58	0	0	1.58	0	0	0	0
1428542530415867613	CPU_0	98.38	0	0	0	0	1.61	0	0	0	0
1428542531039232700	CPU_0	98.38	0	1.61	0	0	0	0	0	0	0
1428542531663105077	CPU_0	96.82	0	0	0	0	1.58	1.58	0	0	0
1428542532286737621	CPU_0	98.38	0	0	0	0	1.61	0	0	0	0
1428542532917594157	CPU_0	98.41	0	0	0	0	1.58	0	0	0	0
1428542533540438077	CPU_0	98.38	0	0	0	0	0	1.61	0	0	0
1428542534163264080	CPU_0	96.77	0	1.61	0	0	1.61	0	0	0	0
1428542534786611583	CPU_0	96.82	0	1.58	0	0	1.58	0	0	0	0
1428542535410781126	CPU_0	96.82	0	1.58	0	0	1.58	0	0	0	0
1428542536040117997	CPU_0	96.82	0	1.58	0	0	0	1.58	0	0	0
1428542536663845916	CPU_0	98.38	0	0	0	0	1.61	0	0	0	0
1428542537286481962	CPU_0	98.38	0	0	0	0	1.61	0	0	0	0
1428542537910776547	CPU_0	96.82	0	0	0	0	1.58	1.58	0	0	0
1428542538540251043	CPU_0	100.00	0	0	0	0	0	0	0	0	0
1428542539163096129	CPU_0	98.38	0	0	0	0	1.61	0	0	0	0
1428542539785648300	CPU_0	96.82	0	1.58	0	0	1.58	0	0	0	0
1428542540409120094	CPU_0	96.82	0	0	0	0	1.58	1.58	0	0	0
1428542541038199465	CPU_0	100.00	0	0	0	0	0	0	0	0	0
1428542541661534427	CPU_0	98.38	0	0	0	0	1.61	0	0	0	0
1428542542284218055	CPU_0	96.82	0	1.58	0	0	1.58	0	0	0	0
1428542542907519016	CPU_0	96.82	0	0	0	0	1.58	1.58	0	0	0
1428542543530609019	CPU_0	96.72	0	1.63	0	0	1.63	0	0	0	0
1428542544159247558	CPU_0	95.23	0	1.58	0	0	3.17	0	0	0	0
1428542544782401228	CPU_0	95.16	0	1.61	0	0	1.61	1.61	0	0	0
1428542545405918605	CPU_0	96.82	0	1.58	0	0	1.58	0	0	0	0
1428542546028979525	CPU_0	95.16	0	3.22	0	0	1.61	0	0	0	0
1428542546658689104	CPU_0	95.23	0	1.58	0	0	1.58	1.58	0	0	0
1428542547282061357	CPU_0	98.41	0	0	0	0	1.58	0	0	0	0
1428542547907195941	CPU_0	96.77	0	1.61	0	0	1.61	0	0	0	0
1428542548530980402	CPU_0	96.82	0	0	0	0	1.58	1.58	0	0	0
1428542549160585314	CPU_0	98.38	0	1.61	0	0	0	0	0	0	0
1428542549783658359	CPU_0	98.38	0	0	0	0	1.61	0	0	0	0
1428542550407326611	CPU_0	95.16	0	3.22	0	0	1.61	0	0	0	0
1428542551030317323	CPU_0	96.87	0	0	0	0	1.56	1.56	0	0	0
1428542551652938660	CPU_0	100.00	0	0	0	0	0	0	0	0	0
1428542552282118281	CPU_0	96.82	0	1.58	0	0	1.58	0	0	0	0
1428542552905919867	CPU_0	96.82	0	0	0	0	1.58	1.58	0	0	0
1428542553528990787	CPU_0	98.41	0	0	0	0	1.58	0	0	0	0
1428542554152117623	CPU_0	98.36	0	1.63	0	0	0	0	0	0	0
1428542554781887869	CPU_0	98.41	0	0	0	0	1.58	0	0	0	0
1428542555405712038	CPU_0	96.82	0	0	0	0	1.58	1.58	0	0	0
1428542556028900332	CPU_0	98.41	0	0	0	0	1.58	0	0	0	0
1428542556651821378	CPU_0	100.00	0	0	0	0	0	0	0	0	0
1428542557281712248	CPU_0	98.41	0	0	0	0	1.58	0	0	0	0
1428542557904916209	CPU_0	96.82	0	0	0	0	1.58	1.58	0	0	0
1428542558527714880	CPU_0	96.77	0	1.61	0	0	1.61	0	0	0	0
1428542559150469800	CPU_0	100.00	0	0	0	0	0	0	0	0	0
1428542559773843803	CPU_0	95.31	0	1.56	0	0	1.56	1.56	0	0	0
1428542560402324841	CPU_0	98.38	0	0	0	0	1.61	0	0	0	0
1428542561026059969	CPU_0	96.77	0	1.61	0	0	1.61	0	0	0	0
1428542561648811722	CPU_0	100.00	0	0	0	0	0	0	0	0	0
1428542562272117184	CPU_0	95.23	0	1.58	0	0	1.58	1.58	0	0	0
1428542562902391179	CPU_0	98.41	0	0	0	0	1.58	0	0	0	0
1428542563527052847	CPU_0	98.36	0	1.63	0	0	0	0	0	0	0
1428542564151085807	CPU_0	96.82	0	0	0	0	1.58	1.58	0	0	0
1428542564774336310	CPU_0	98.41	0	0	0	0	1.58	0	0	0	0
1428542565404328722	CPU_0	98.41	0	0	0	0	1.58	0	0	0	0
1428542566028106475	CPU_0	100.00	0	0	0	0	0	0	0	0	0
1428542566651882477	CPU_0	95.23	0	1.58	0	0	1.58	1.58	0	0	0
1428542567275644938	CPU_0	96.82	0	1.58	0	0	1.58	0	0	0	0
1428542567905406059	CPU_0	96.77	0	1.61	0	0	1.61	0	0	0	0
1428542568532025474	CPU_0	96.87	0	1.56	0	0	1.56	0	0	0	0
1428542569156102643	CPU_0	98.38	0	0	0	0	0	1.61	0	0	0
1428542569779315730	CPU_0	98.38	0	0	0	0	1.61	0	0	0	0
1428542570403033232	CPU_0	98.38	0	0	0	0	1.61	0	0	0	0
1428542571033055769	CPU_0	95.31	0	1.56	0	0	1.56	1.56	0	0	0
1428542571657162063	CPU_0	96.82	0	1.58	0	0	1.58	0	0	0	0
1428542572281138898	CPU_0	100.00	0	0	0	0	0	0	0	0	0
1428542572904913484	CPU_0	95.23	0	1.58	0	0	1.58	1.58	0	0	0
1428542573536099895	CPU_0	98.41	0	0	0	0	1.58	0	0	0	0
1428542574160074522	CPU_0	98.38	0	1.61	0	0	0	0	0	0	0
1428542574784006483	CPU_0	96.82	0	1.58	0	0	1.58	0	0	0	0
1428542575407961318	CPU_0	96.77	0	0	0	0	1.61	1.61	0	0	0
1428542576040170020	CPU_0	98.43	0	0	0	0	1.56	0	0	0	0
1428542576664527480	CPU_0	98.38	0	0	0	0	1.61	0	0	0	0
1428542577288952023	CPU_0	100.00	0	0	0	0	0	0	0	0	0
1428542577913308900	CPU_0	95.23	0	1.58	0	0	1.58	1.58	0	0	0
1428542578538794359	CPU_0	98.41	0	0	0	0	1.58	0	0	0	0
1428542579169482312	CPU_0	100.00	0	0	0	0	0	0	0	0	0
1428542579794382230	CPU_0	96.82	0	0	0	0	1.58	1.58	0	0	0
1428542580418838273	CPU_0	95.23	0	3.17	0	0	1.58	0	0	0	0
1428542581044085107	CPU_0	98.38	0	0	0	0	1.61	0	0	0	0
1428542581674536144	CPU_0	96.82	0	1.58	0	0	1.58	0	0	0	0
1428542582298459730	CPU_0	98.38	0	0	0	0	0	1.61	0	0	0
1428542582922417899	CPU_0	98.38	0	0	0	0	1.61	0	0	0	0
1428542583546964942	CPU_0	96.82	0	1.58	0	0	1.58	0	0	0	0
1428542584177389562	CPU_0	95.23	0	1.58	0	0	1.58	1.58	0	0	0
1428542584801492772	CPU_0	98.41	0	1.58	0	0	0	0	0	0	0
1428542585425657274	CPU_0	98.36	0	0	0	0	1.63	0	0	0	0
1428542586050657692	CPU_0	96.82	0	1.58	0	0	1.58	0	0	0	0
1428542586675775860	CPU_0	92.06	0	3.17	0	0	3.17	1.58	0	0	0
1428542587304780856	CPU_0	96.82	0	0	0	0	3.17	0	0	0	0
1428542587929230650	CPU_0	93.54	0	4.83	0	0	1.61	0	0	0	0
1428542588555116858	CPU_0	90.62	0	4.68	0	0	3.12	1.56	0	0	0
1428542589179476860	CPU_0	96.72	0	3.27	0	0	0	0	0	0	0
1428542589810692063	CPU_0	98.41	0	0	0	0	1.58	0	0	0	0
1428542590433581191	CPU_0	95.16	0	1.61	0	0	1.61	1.61	0	0	0
1428542591058375401	CPU_0	96.82	0	1.58	0	0	1.58	0	0	0	0
1428542591681617737	CPU_0	98.38	0	0	0	0	1.61	0	0	0	0
1428542592312262482	CPU_0	96.87	0	1.56	0	0	0	1.56	0	0	0
1428542592935816485	CPU_0	96.77	0	1.61	0	0	1.61	0	0	0	0
1428542593560767736	CPU_0	98.38	0	0	0	0	1.61	0	0	0	0
1428542594183957281	CPU_0	98.41	0	0	0	0	1.58	0	0	0	0
1428542594817359856	CPU_0	96.87	0	0	0	0	1.56	1.56	0	0	0
1428542595441504941	CPU_0	100.00	0	0	0	0	0	0	0	0	0
1428542596066867192	CPU_0	96.82	0	1.58	0	0	1.58	0	0	0	0
1428542596690356612	CPU_0	98.41	0	0	0	0	1.58	0	0	0	0
1428542597315046488	CPU_0	96.82	0	0	0	0	1.58	1.58	0	0	0
1428542597945108567	CPU_0	98.38	0	1.61	0	0	0	0	0	0	0
1428542598570325943	CPU_0	98.38	0	0	0	0	1.61	0	0	0	0
1428542599193394780	CPU_0	95.23	0	1.58	0	0	1.58	1.58	0	0	0
1428542599817723990	CPU_0	98.38	0	1.61	0	0	0	0	0	0	0
1428542600447437902	CPU_0	98.41	0	0	0	0	1.58	0	0	0	0
1428542601072451779	CPU_0	98.38	0	0	0	0	1.61	0	0	0	0
1428542601695648823	CPU_0	95.31	0	1.56	0	0	1.56	1.56	0	0	0
1428542602319638617	CPU_0	100.00	0	0	0	0	0	0	0	0	0
1428542602949152655	CPU_0	98.38	0	0	0	0	1.61	0	0	0	0
1428542603573888032	CPU_0	96.82	0	0	0	0	1.58	1.58	0	0	0
1428542604197226118	CPU_0	98.38	0	0	0	0	1.61	0	0	0	0
1428542604821345204	CPU_0	100.00	0	0	0	0	0	0	0	0	0
1428542605445208123	CPU_0	96.77	0	1.61	0	0	1.61	0	0	0	0
1428542606076353242	CPU_0	96.87	0	0	0	0	1.56	1.56	0	0	0
1428542606699723328	CPU_0	95.23	0	3.17	0	0	1.58	0	0	0	0
1428542607324026372	CPU_0	98.38	0	0	0	0	1.61	0	0	0	0
1428542607947491958	CPU_0	96.77	0	1.61	0	0	0	1.61	0	0	0
1428542608578949911	CPU_0	98.41	0	0	0	0	1.58	0	0	0	0
1428542609202528122	CPU_0	98.38	0	0	0	0	1.61	0	0	0	0
1428542609827430873	CPU_0	96.82	0	1.58	0	0	1.58	0	0	0	0
1428542610451057751	CPU_0	95.23	0	1.58	0	0	1.58	1.58	0	0	0
1428542611082675828	CPU_0	98.41	0	1.58	0	0	0	0	0	0	0
1428542611707300371	CPU_0	98.38	0	0	0	0	1.61	0	0	0	0
1428542612332444914	CPU_0	96.82	0	0	0	0	1.58	1.58	0	0	0
1428542612956119042	CPU_0	98.38	0	0	0	0	1.61	0	0	0	0
1428542613582266167	CPU_0	100.00	0	0	0	0	0	0	0	0	0
1428542614210965789	CPU_0	98.41	0	0	0	0	1.58	0	0	0	0
1428542614835811332	CPU_0	96.82	0	0	0	0	1.58	1.58	0	0	0
1428542615459659834	CPU_0	96.82	0	1.58	0	0	1.58	0	0	0	0
1428542616084929794	CPU_0	98.38	0	0	0	0	1.61	0	0	0	0
1428542616715707080	CPU_0	95.23	0	1.58	0	0	1.58	1.58	0	0	0
1428542617340171748	CPU_0	98.41	0	0	0	0	1.58	0	0	0	0
1428542617964142418	CPU_0	98.38	0	0	0	0	1.61	0	0	0	0
1428542618589606085	CPU_0	100.00	0	0	0	0	0	0	0	0	0
1428542619220099913	CPU_0	96.82	0	0	0	0	1.58	1.58	0	0	0
1428542619844606582	CPU_0	96.87	0	1.56	0	0	1.56	0	0	0	0
1428542620468735209	CPU_0	96.72	0	1.63	0	0	1.63	0	0	0	0
1428542621093809335	CPU_0	96.82	0	1.58	0	0	0	1.58	0	0	0
1428542621723300081	CPU_0	98.41	0	0	0	0	1.58	0	0	0	0
1428542622347881792	CPU_0	98.38	0	0	0	0	1.61	0	0	0	0
1428542622972109919	CPU_0	98.41	0	0	0	0	1.58	0	0	0	0
1428542623597000253	CPU_0	98.38	0	0	0	0	0	1.61	0	0	0
1428542624221220547	CPU_0	98.41	0	0	0	0	1.58	0	0	0	0
1428542624852585125	CPU_0	96.82	0	1.58	0	0	1.58	0	0	0	0
1428542625476259294	CPU_0	96.77	0	0	0	0	1.61	1.61	0	0	0
1428542626101317795	CPU_0	100.00	0	0	0	0	0	0	0	0	0
1428542626725379089	CPU_0	98.38	0	0	0	0	1.61	0	0	0	0
1428542627357446166	CPU_0	96.87	0	1.56	0	0	1.56	0	0	0	0
1428542627982078084	CPU_0	96.82	0	0	0	0	1.58	1.58	0	0	0
1428542628608083959	CPU_0	98.38	0	0	0	0	1.61	0	0	0	0
1428542629232382545	CPU_0	100.00	0	0	0	0	0	0	0	0	0
1428542629863999414	CPU_0	96.87	0	1.56	0	0	1.56	0	0	0	0
1428542630488585666	CPU_0	95.23	0	1.58	0	0	1.58	1.58	0	0	0
1428542631114549082	CPU_0	98.38	0	0	0	0	1.61	0	0	0	0
1428542631739026626	CPU_0	98.38	0	1.61	0	0	0	0	0	0	0
1428542632366418083	CPU_0	96.82	0	0	0	0	1.58	1.58	0	0	0
1428542632996322704	CPU_0	96.87	0	1.56	0	0	1.56	0	0	0	0
1428542633621808454	CPU_0	98.36	0	0	0	0	1.63	0	0	0	0
1428542634246658581	CPU_0	98.41	0	1.58	0	0	0	0	0	0	0
1428542634871168208	CPU_0	95.23	0	1.58	0	0	1.58	1.58	0	0	0
1428542635502560577	CPU_0	96.82	0	1.58	0	0	1.58	0	0	0	0
1428542636126939037	CPU_0	98.38	0	0	0	0	1.61	0	0	0	0
1428542636751103165	CPU_0	96.82	0	1.58	0	0	0	1.58	0	0	0
1428542637376250541	CPU_0	98.38	0	0	0	0	1.61	0	0	0	0
1428542638008162784	CPU_0	96.82	0	1.58	0	0	1.58	0	0	0	0
1428542638632718536	CPU_0	98.41	0	0	0	0	1.58	0	0	0	0
1428542639256876955	CPU_0	98.38	0	0	0	0	0	1.61	0	0	0
1428542639882405289	CPU_0	96.77	0	1.61	0	0	1.61	0	0	0	0
1428542640513207784	CPU_0	98.41	0	0	0	0	1.58	0	0	0	0
1428542641138198285	CPU_0	96.82	0	1.58	0	0	1.58	0	0	0	0
1428542641762830870	CPU_0	98.38	0	0	0	0	0	1.61	0	0	0
1428542642387622497	CPU_0	96.82	0	1.58	0	0	1.58	0	0	0	0
1428542643012641082	CPU_0	96.82	0	1.58	0	0	1.58	0	0	0	0
1428542643644753783	CPU_0	96.87	0	0	0	0	1.56	1.56	0	0	0
1428542644269540493	CPU_0	100.00	0	0	0	0	0	0	0	0	0
1428542644894663203	CPU_0	98.36	0	0	0	0	1.63	0	0	0	0
1428542645518982038	CPU_0	96.82	0	0	0	0	1.58	1.58	0	0	0
1428542646150540782	CPU_0	96.87	0	1.56	0	0	1.56	0	0	0	0
1428542646775259617	CPU_0	98.38	0	0	0	0	1.61	0	0	0	0
1428542647400629493	CPU_0	98.38	0	0	0	0	1.61	0	0	0	0
1428542648025388036	CPU_0	98.41	0	0	0	0	0	1.58	0	0	0
1428542648656731822	CPU_0	96.82	0	1.58	0	0	1.58	0	0	0	0
1428542649281271199	CPU_0	98.38	0	0	0	0	1.61	0	0	0	0
1428542649906975991	CPU_0	96.82	0	1.58	0	0	1.58	0	0	0	0
1428542650532715075	CPU_0	98.38	0	0	0	0	0	1.61	0	0	0
1428542651163426529	CPU_0	98.41	0	0	0	0	1.58	0	0	0	0
1428542651790884319	CPU_0	96.82	0	1.58	0	0	1.58	0	0	0	0
1428542652415916404	CPU_0	95.31	0	1.56	0	0	1.56	1.56	0	0	0
1428542653041685612	CPU_0	96.72	0	3.27	0	0	0	0	0	0	0
1428542653666305156	CPU_0	96.82	0	1.58	0	0	1.58	0	0	0	0
1428542654297839608	CPU_0	98.41	0	0	0	0	1.58	0	0	0	0
1428542654922957734	CPU_0	96.82	0	0	0	0	1.58	1.58	0	0	0
1428542655550469108	CPU_0	100.00	0	0	0	0	0	0	0	0	0
1428542656175469276	CPU_0	96.77	0	1.61	0	0	1.61	0	0	0	0
1428542656807148312	CPU_0	95.38	0	1.53	0	0	1.53	1.53	0	0	0
1428542657432041147	CPU_0	98.38	0	0	0	0	1.61	0	0	0	0
1428542658058070272	CPU_0	98.38	0	1.61	0	0	0	0	0	0	0
1428542658682378982	CPU_0	98.38	0	0	0	0	1.61	0	0	0	0
1428542659314431017	CPU_0	95.38	0	1.53	0	0	1.53	1.53	0	0	0
1428542659940246851	CPU_0	96.77	0	1.61	0	0	1.61	0	0	0	0
1428542660567842475	CPU_0	93.54	0	4.83	0	0	1.61	0	0	0	0
1428542661200787342	CPU_0	93.75	0	3.12	0	0	1.56	1.56	0	0	0
1428542661833873751	CPU_0	98.41	0	1.58	0	0	0	0	0	0	0
1428542662458796086	CPU_0	98.38	0	0	0	0	1.61	0	0	0	0
1428542663084642920	CPU_0	98.41	0	0	0	0	1.58	0	0	0	0
1428542663709037297	CPU_0	95.23	0	0	0	0	3.17	1.58	0	0	0
1428542664334166173	CPU_0	96.77	0	1.61	0	0	1.61	0	0	0	0
1428542664965560751	CPU_0	93.65	0	3.17	0	0	3.17	0	0	0	0
1428542665591955042	CPU_0	96.82	0	1.58	0	0	0	1.58	0	0	0
1428542666216921460	CPU_0	98.38	0	0	0	0	1.61	0	0	0	0
1428542666841778879	CPU_0	98.38	0	0	0	0	1.61	0	0	0	0
1428542667473311873	CPU_0	96.87	0	0	0	0	1.56	1.56	0	0	0
1428542668099469040	CPU_0	100.00	0	0	0	0	0	0	0	0	0
1428542668724961457	CPU_0	98.38	0	0	0	0	1.61	0	0	0	0
1428542669350265167	CPU_0	95.31	0	3.12	0	0	1.56	0	0	0	0
1428542669982307618	CPU_0	96.82	0	0	0	0	1.58	1.58	0	0	0
1428542670608421035	CPU_0	100.00	0	0	0	0	0	0	0	0	0
1428542671233855078	CPU_0	96.82	0	1.58	0	0	1.58	0	0	0	0
1428542671858994996	CPU_0	96.87	0	0	0	0	1.56	1.56	0	0	0
1428542672493694403	CPU_0	96.82	0	1.58	0	0	1.58	0	0	0	0
1428542673119396320	CPU_0	100.00	0	0	0	0	0	0	0	0	0
1428542673744395447	CPU_0	98.38	0	0	0	0	1.61	0	0	0	0
1428542674369308032	CPU_0	93.75	0	3.12	0	0	1.56	1.56	0	0	0
1428542674994735700	CPU_0	98.38	0	0	0	0	1.61	0	0	0	0
1428542675628228066	CPU_0	100.00	0	0	0	0	0	0	0	0	0
1428542676254531150	CPU_0	95.31	0	1.56	0	0	1.56	1.56	0	0	0
1428542676880375275	CPU_0	98.41	0	0	0	0	1.58	0	0	0	0
1428542677506697067	CPU_0	98.38	0	0	0	0	1.61	0	0	0	0
1428542678139384726	CPU_0	96.82	0	1.58	0	0	1.58	0	0	0	0
1428542678765496143	CPU_0	98.41	0	0	0	0	0	1.58	0	0	0
1428542679391170186	CPU_0	96.82	0	1.58	0	0	1.58	0	0	0	0
1428542680016683988	CPU_0	98.38	0	0	0	0	1.61	0	0	0	0
1428542680649437524	CPU_0	95.31	0	1.56	0	0	1.56	1.56	0	0	0
1428542681275250191	CPU_0	96.77	0	3.22	0	0	0	0	0	0	0
1428542681900627316	CPU_0	98.38	0	0	0	0	1.61	0	0	0	0
1428542682526774816	CPU_0	98.41	0	0	0	0	1.58	0	0	0	0
1428542683160708476	CPU_0	95.31	0	1.56	0	0	1.56	1.56	0	0	0
1428542683786839392	CPU_0	98.38	0	1.61	0	0	0	0	0	0	0
1428542684411526559	CPU_0	98.41	0	0	0	0	1.58	0	0	0	0
1428542685037199309	CPU_0	96.77	0	0	0	0	1.61	1.61	0	0	0
1428542685663094809	CPU_0	96.82	0	1.58	0	0	1.58	0	0	0	0
1428542686295322346	CPU_0	100.00	0	0	0	0	0	0	0	0	0
1428542686921249345	CPU_0	98.38	0	0	0	0	1.61	0	0	0	0
1428542687546954137	CPU_0	96.82	0	0	0	0	1.58	1.58	0	0	0
1428542688173133761	CPU_0	96.82	0	1.58	0	0	1.58	0	0	0	0
1428542688805582589	CPU_0	100.00	0	0	0	0	0	0	0	0	0
1428542689431510672	CPU_0	96.82	0	0	0	0	1.58	1.58	0	0	0
1428542690058085754	CPU_0	98.41	0	0	0	0	1.58	0	0	0	0
1428542690684562170	CPU_0	98.41	0	0	0	0	1.58	0	0	0	0
1428542691317693997	CPU_0	98.41	0	1.58	0	0	0	0	0	0	0
1428542691944162329	CPU_0	96.82	0	0	0	0	1.58	1.58	0	0	0
1428542692571093494	CPU_0	96.82	0	1.58	0	0	1.58	0	0	0	0
1428542693197873951	CPU_0	98.38	0	0	0	0	1.61	0	0	0	0
1428542693830653987	CPU_0	98.43	0	0	0	0	0	1.56	0	0	0
1428542694456452986	CPU_0	98.38	0	0	0	0	1.61	0	0	0	0
1428542695083322152	CPU_0	98.41	0	0	0	0	1.58	0	0	0	0
1428542695709199151	CPU_0	96.82	0	1.58	0	0	1.58	0	0	0	0
1428542696336743316	CPU_0	95.16	0	1.61	0	0	1.61	1.61	0	0	0
1428542696967190519	CPU_0	98.41	0	1.58	0	0	0	0	0	0	0
1428542697594140851	CPU_0	96.82	0	1.58	0	0	1.58	0	0	0	0
1428542698220331933	CPU_0	95.23	0	1.58	0	0	1.58	1.58	0	0	0
1428542698846047058	CPU_0	100.00	0	0	0	0	0	0	0	0	0
1428542699479145801	CPU_0	96.82	0	1.58	0	0	1.58	0	0	0	0
1428542700105815925	CPU_0	96.82	0	1.58	0	0	1.58	0	0	0	0
1428542700732298590	CPU_0	96.82	0	0	0	0	1.58	1.58	0	0	0
1428542701358437505	CPU_0	96.77	0	1.61	0	0	1.61	0	0	0	0
1428542701991756790	CPU_0	98.41	0	1.58	0	0	0	0	0	0	0
1428542702618972788	CPU_0	98.41	0	0	0	0	1.58	0	0	0	0
1428542703245657328	CPU_0	95.31	0	1.56	0	0	1.56	1.56	0	0	0
1428542703871470119	CPU_0	100.00	0	0	0	0	0	0	0	0	0
1428542704504882695	CPU_0	98.43	0	0	0	0	1.56	0	0	0	0
1428542705131616193	CPU_0	96.82	0	0	0	0	1.58	1.58	0	0	0
1428542705758149400	CPU_0	96.82	0	1.58	0	0	1.58	0	0	0	0
1428542706384196440	CPU_0	100.00	0	0	0	0	0	0	0	0	0
1428542707016396309	CPU_0	98.41	0	0	0	0	1.58	0	0	0	0
1428542707644146973	CPU_0	95.31	0	1.56	0	0	1.56	1.56	0	0	0
1428542708271185471	CPU_0	98.41	0	0	0	0	1.58	0	0	0	0
1428542708897338594	CPU_0	98.38	0	1.61	0	0	0	0	0	0	0
1428542709525055258	CPU_0	96.82	0	0	0	0	1.58	1.58	0	0	0
1428542710157897376	CPU_0	98.41	0	0	0	0	1.58	0	0	0	0
1428542710784930374	CPU_0	98.41	0	0	0	0	1.58	0	0	0	0
1428542711411405955	CPU_0	98.38	0	0	0	0	1.61	0	0	0	0
1428542712038302453	CPU_0	98.41	0	0	0	0	0	1.58	0	0	0
1428542712671481654	CPU_0	98.43	0	0	0	0	1.56	0	0	0	0
1428542713298371860	CPU_0	98.38	0	0	0	0	1.61	0	0	0	0
1428542713924552900	CPU_0	98.41	0	0	0	0	0	1.58	0	0	0
1428542714551206731	CPU_0	96.77	0	1.61	0	0	1.61	0	0	0	0
1428542715184723848	CPU_0	96.82	0	1.58	0	0	1.58	0	0	0	0
1428542715811149805	CPU_0	96.82	0	1.58	0	0	1.58	0	0	0	0
1428542716437063303	CPU_0	95.31	0	1.56	0	0	1.56	1.56	0	0	0
1428542717063511217	CPU_0	100.00	0	0	0	0	0	0	0	0	0
1428542717696830501	CPU_0	95.23	0	3.17	0	0	1.58	0	0	0	0
1428542718323929749	CPU_0	98.41	0	0	0	0	1.58	0	0	0	0
1428542718949987455	CPU_0	98.38	0	0	0	0	0	1.61	0	0	0
1428542719577073286	CPU_0	98.38	0	0	0	0	1.61	0	0	0	0
1428542720209677820	CPU_0	95.38	0	3.07	0	0	1.53	0	0	0	0
1428542720836702109	CPU_0	96.82	0	0	0	0	1.58	1.58	0	0	0
1428542721462423857	CPU_0	100.00	0	0	0	0	0	0	0	0	0
1428542722089746271	CPU_0	98.41	0	0	0	0	1.58	0	0	0	0
1428542722716840726	CPU_0	96.82	0	1.58	0	0	1.58	0	0	0	0
1428542723349469386	CPU_0	96.87	0	0	0	0	1.56	1.56	0	0	0
1428542723976077175	CPU_0	100.00	0	0	0	0	0	0	0	0	0
1428542724603368088	CPU_0	96.77	0	1.61	0	0	1.61	0	0	0	0
1428542725230405627	CPU_0	95.31	0	1.56	0	0	1.56	1.56	0	0	0
1428542725863889452	CPU_0	98.43	0	0	0	0	1.56	0	0	0	0
1428542726490157325	CPU_0	98.36	0	0	0	0	1.63	0	0	0	0
1428542727118555904	CPU_0	100.00	0	0	0	0	0	0	0	0	0
1428542727745283151	CPU_0	95.31	0	1.56	0	0	1.56	1.56	0	0	0
1428542728379050518	CPU_0	98.43	0	0	0	0	1.56	0	0	0	0
1428542729005222599	CPU_0	98.38	0	0	0	0	1.61	0	0	0	0
1428542729632583554	CPU_0	98.41	0	0	0	0	0	1.58	0	0	0
1428542730259225967	CPU_0	98.41	0	0	0	0	1.58	0	0	0	0
1428542730892721126	CPU_0	98.38	0	0	0	0	1.61	0	0	0	0
1428542731519748081	CPU_0	96.87	0	1.56	0	0	1.56	0	0	0	0
1428542732147253285	CPU_0	98.38	0	0	0	0	0	1.61	0	0	0
1428542732773755532	CPU_0	98.38	0	0	0	0	1.61	0	0	0	0
1428542733410842229	CPU_0	96.87	0	1.56	0	0	1.56	0	0	0	0
1428542734037980393	CPU_0	98.41	0	0	0	0	1.58	0	0	0	0
1428542734665618597	CPU_0	98.41	0	0	0	0	0	1.58	0	0	0
1428542735292395469	CPU_0	96.77	0	1.61	0	0	1.61	0	0	0	0
1428542735919323341	CPU_0	96.87	0	1.56	0	0	1.56	0	0	0	0
1428542736553015623	CPU_0	96.82	0	0	0	0	1.58	1.58	0	0	0
1428542737180617286	CPU_0	100.00	0	0	0	0	0	0	0	0	0
1428542737807759074	CPU_0	98.38	0	0	0	0	1.61	0	0	0	0
1428542738434567696	CPU_0	96.87	0	1.56	0	0	1.56	0	0	0	0
1428542739068426728	CPU_0	95.31	0	1.56	0	0	1.56	1.56	0	0	0
1428542739696027933	CPU_0	100.00	0	0	0	0	0	0	0	0	0
1428542740324975386	CPU_0	96.87	0	1.56	0	0	1.56	0	0	0	0
1428542740952378257	CPU_0	96.77	0	0	0	0	1.61	1.61	0	0	0
1428542741587257163	CPU_0	96.92	0	1.53	0	0	1.53	0	0	0	0
1428542742215477075	CPU_0	96.77	0	1.61	0	0	1.61	0	0	0	0
1428542742843839446	CPU_0	100.00	0	0	0	0	0	0	0	0	0
1428542743470918775	CPU_0	96.82	0	0	0	0	1.58	1.58	0	0	0
1428542744105514515	CPU_0	96.87	0	1.56	0	0	1.56	0	0	0	0
1428542744733129344	CPU_0	98.41	0	0	0	0	1.58	0	0	0	0
1428542745360943798	CPU_0	96.77	0	1.61	0	0	0	1.61	0	0	0
1428542745987868336	CPU_0	98.41	0	0	0	0	1.58	0	0	0	0
1428542746621724785	CPU_0	96.87	0	1.56	0	0	1.56	0	0	0	0
1428542747249576280	CPU_0	98.41	0	0	0	0	1.58	0	0	0	0
1428542747876916693	CPU_0	98.38	0	0	0	0	0	1.61	0	0	0
1428542748504248688	CPU_0	98.41	0	0	0	0	1.58	0	0	0	0
1428542749132492683	CPU_0	98.38	0	0	0	0	1.61	0	0	0	0
1428542749764715509	CPU_0	96.87	0	0	0	0	1.56	1.56	0	0	0
1428542750391860338	CPU_0	98.38	0	1.61	0	0	0	0	0	0	0
1428542751018704417	CPU_0	96.77	0	1.61	0	0	1.61	0	0	0	0
1428542751646722912	CPU_0	98.43	0	0	0	0	1.56	0	0	0	0
1428542752280210028	CPU_0	96.87	0	0	0	0	1.56	1.56	0	0	0
1428542752907277065	CPU_0	100.00	0	0	0	0	0	0	0	0	0
1428542753534532352	CPU_0	96.77	0	1.61	0	0	1.61	0	0	0	0
1428542754162547431	CPU_0	95.31	0	1.56	0	0	1.56	1.56	0	0	0
1428542754795814046	CPU_0	98.43	0	0	0	0	1.56	0	0	0	0
1428542755423356417	CPU_0	100.00	0	0	0	0	0	0	0	0	0
1428542756051290870	CPU_0	98.41	0	0	0	0	1.58	0	0	0	0
1428542756679504948	CPU_0	96.87	0	0	0	0	1.56	1.56	0	0	0
1428542757313252480	CPU_0	98.41	0	0	0	0	1.58	0	0	0	0
1428542757940179934	CPU_0	98.38	0	1.61	0	0	0	0	0	0	0
1428542758567489596	CPU_0	98.38	0	0	0	0	1.61	0	0	0	0
1428542759194924091	CPU_0	95.38	0	1.53	0	0	1.53	1.53	0	0	0
1428542759828509206	CPU_0	96.77	0	1.61	0	0	1.61	0	0	0	0
1428542760455122119	CPU_0	98.38	0	1.61	0	0	0	0	0	0	0
1428542761082138864	CPU_0	95.31	0	1.56	0	0	1.56	1.56	0	0	0
1428542761710253234	CPU_0	96.82	0	1.58	0	0	1.58	0	0	0	0
1428542762343512474	CPU_0	98.38	0	0	0	0	1.61	0	0	0	0
1428542762973216592	CPU_0	98.41	0	0	0	0	1.58	0	0	0	0
1428542763601482211	CPU_0	96.82	0	1.58	0	0	0	1.58	0	0	0
1428542764228828165	CPU_0	98.38	0	0	0	0	1.61	0	0	0	0
1428542764855887285	CPU_0	96.87	0	1.56	0	0	1.56	0	0	0	0
1428542765489200692	CPU_0	96.87	0	0	0	0	1.56	1.56	0	0	0
1428542766116133520	CPU_0	100.00	0	0	0	0	0	0	0	0	0
1428542766743973932	CPU_0	98.38	0	0	0	0	1.61	0	0	0	0
1428542767370732260	CPU_0	98.41	0	0	0	0	1.58	0	0	0	0
1428542768004256833	CPU_0	98.43	0	0	0	0	0	1.56	0	0	0
1428542768631390578	CPU_0	96.82	0	1.58	0	0	1.58	0	0	0	0
1428542769258925198	CPU_0	98.38	0	0	0	0	1.61	0	0	0	0
1428542769886811067	CPU_0	95.31	0	1.56	0	0	1.56	1.56	0	0	0
1428542770520929973	CPU_0	98.41	0	0	0	0	1.58	0	0	0	0
1428542771148511885	CPU_0	100.00	0	0	0	0	0	0	0	0	0
1428542771776993962	CPU_0	96.87	0	1.56	0	0	1.56	0	0	0	0
1428542772405271372	CPU_0	95.31	0	1.56	0	0	1.56	1.56	0	0	0
1428542773039890194	CPU_0	98.41	0	0	0	0	1.58	0	0	0	0
1428542773667620272	CPU_0	100.00	0	0	0	0	0	0	0	0	0
1428542774296903640	CPU_0	96.87	0	1.56	0	0	1.56	0	0	0	0
1428542774924229135	CPU_0	96.87	0	0	0	0	1.56	1.56	0	0	0
1428542775558367832	CPU_0	96.77	0	1.61	0	0	1.61	0	0	0	0
1428542776186391284	CPU_0	98.38	0	1.61	0	0	0	0	0	0	0
1428542776813885487	CPU_0	95.31	0	1.56	0	0	1.56	1.56	0	0	0
1428542777441185815	CPU_0	98.41	0	0	0	0	1.58	0	0	0	0
1428542778074360679	CPU_0	96.82	0	1.58	0	0	1.58	0	0	0	0
1428542778705284629	CPU_0	100.00	0	0	0	0	0	0	0	0	0
1428542779332331041	CPU_0	96.82	0	0	0	0	1.58	1.58	0	0	0
1428542779959831785	CPU_0	98.38	0	0	0	0	1.61	0	0	0	0
1428542780587565070	CPU_0	96.82	0	1.58	0	0	1.58	0	0	0	0
1428542781222497392	CPU_0	98.43	0	0	0	0	0	1.56	0	0	0
1428542781849849928	CPU_0	95.23	0	3.17	0	0	1.58	0	0	0	0
1428542782477440380	CPU_0	98.38	0	0	0	0	1.61	0	0	0	0
1428542783104742291	CPU_0	98.41	0	0	0	0	1.58	0	0	0	0
1428542783740111695	CPU_0	96.82	0	0	0	0	1.58	1.58	0	0	0
1428542784367371440	CPU_0	96.77	0	0	0	0	3.22	0	0	0	0
1428542784995796641	CPU_0	96.87	0	1.56	0	0	1.56	0	0	0	0
1428542785624371051	CPU_0	95.23	0	1.58	0	0	1.58	1.58	0	0	0
1428542786259436705	CPU_0	98.41	0	0	0	0	1.58	0	0	0	0
1428542786886966991	CPU_0	96.82	0	1.58	0	0	1.58	0	0	0	0
1428542787514812734	CPU_0	98.41	0	0	0	0	0	1.58	0	0	0
1428542788143320228	CPU_0	98.41	0	0	0	0	1.58	0	0	0	0
1428542788778864590	CPU_0	98.43	0	0	0	0	1.56	0	0	0	0
1428542789407170666	CPU_0	98.38	0	0	0	0	1.61	0	0	0	0
1428542790035960451	CPU_0	96.82	0	1.58	0	0	0	1.58	0	0	0
1428542790664070069	CPU_0	98.41	0	0	0	0	1.58	0	0	0	0
1428542791298741432	CPU_0	98.41	0	0	0	0	1.58	0	0	0	0
1428542791926618592	CPU_0	96.87	0	0	0	0	1.56	1.56	0	0	0
1428542792554656002	CPU_0	100.00	0	0	0	0	0	0	0	0	0
1428542793182363287	CPU_0	98.38	0	0	0	0	1.61	0	0	0	0
1428542793818999440	CPU_0	98.43	0	0	0	0	1.56	0	0	0	0
1428542794447439016	CPU_0	95.23	0	1.58	0	0	1.58	1.58	0	0	0
1428542795075699342	CPU_0	98.41	0	1.58	0	0	0	0	0	0	0
1428542795703908460	CPU_0	96.77	0	1.61	0	0	1.61	0	0	0	0
1428542796333655160	CPU_0	96.87	0	0	0	0	1.56	1.56	0	0	0
1428542796965730358	CPU_0	98.41	0	0	0	0	1.58	0	0	0	0
1428542797594413975	CPU_0	98.38	0	1.61	0	0	0	0	0	0	0
1428542798222101760	CPU_0	98.41	0	0	0	0	1.58	0	0	0	0
1428542798850555628	CPU_0	95.31	0	1.56	0	0	1.56	1.56	0	0	0
1428542799484709283	CPU_0	98.41	0	0	0	0	1.58	0	0	0	0
1428542800112879192	CPU_0	98.38	0	1.61	0	0	0	0	0	0	0
1428542800741818726	CPU_0	96.82	0	0	0	0	1.58	1.58	0	0	0
1428542801369705760	CPU_0	96.87	0	1.56	0	0	1.56	0	0	0	0
1428542802003601165	CPU_0	98.41	0	0	0	0	1.58	0	0	0	0
1428542802631762783	CPU_0	98.38	0	1.61	0	0	0	0	0	0	0
1428542803259563109	CPU_0	96.82	0	0	0	0	1.58	1.58	0	0	0
1428542803887597852	CPU_0	96.87	0	1.56	0	0	1.56	0	0	0	0
1428542804522171214	CPU_0	98.38	0	0	0	0	1.61	0	0	0	0
1428542805151165373	CPU_0	98.41	0	0	0	0	1.58	0	0	0	0
1428542805779998615	CPU_0	96.82	0	1.58	0	0	0	1.58	0	0	0
1428542806408472065	CPU_0	98.38	0	0	0	0	1.61	0	0	0	0
1428542807042490970	CPU_0	98.43	0	0	0	0	1.56	0	0	0	0
1428542807671149795	CPU_0	96.87	0	0	0	0	1.56	1.56	0	0	0
1428542808299612662	CPU_0	98.38	0	1.61	0	0	0	0	0	0	0
1428542808927957279	CPU_0	96.77	0	1.61	0	0	1.61	0	0	0	0
1428542809561850017	CPU_0	96.92	0	1.53	0	0	1.53	0	0	0	0
1428542810190058634	CPU_0	96.82	0	0	0	0	1.58	1.58	0	0	0
1428542810818429168	CPU_0	98.36	0	1.63	0	0	0	0	0	0	0
1428542811446455869	CPU_0	98.41	0	0	0	0	1.58	0	0	0	0
1428542812079665982	CPU_0	95.38	0	1.53	0	0	1.53	1.53	0	0	0
1428542812710601972	CPU_0	96.82	0	1.58	0	0	1.58	0	0	0	0
1428542813338997422	CPU_0	100.00	0	0	0	0	0	0	0	0	0
1428542813967299706	CPU_0	96.82	0	1.58	0	0	1.58	0	0	0	0
1428542814595321698	CPU_0	96.87	0	0	0	0	1.56	1.56	0	0	0
1428542815229986727	CPU_0	98.41	0	0	0	0	1.58	0	0	0	0
1428542815857471636	CPU_0	100.00	0	0	0	0	0	0	0	0	0
1428542816485816711	CPU_0	96.87	0	0	0	0	1.56	1.56	0	0	0
1428542817113995578	CPU_0	96.87	0	1.56	0	0	1.56	0	0	0	0
1428542817749368064	CPU_0	98.38	0	0	0	0	1.61	0	0	0	0
1428542818376977223	CPU_0	98.41	0	1.58	0	0	0	0	0	0	0
1428542819004915090	CPU_0	96.82	0	0	0	0	1.58	1.58	0	0	0
1428542819632502916	CPU_0	98.41	0	0	0	0	1.58	0	0	0	0
1428542820268044694	CPU_0	98.41	0	0	0	0	1.58	0	0	0	0
1428542820895918561	CPU_0	96.82	0	1.58	0	0	0	1.58	0	0	0
1428542821524856760	CPU_0	96.82	0	1.58	0	0	1.58	0	0	0	0
1428542822152083586	CPU_0	98.38	0	0	0	0	1.61	0	0	0	0
1428542822787329822	CPU_0	96.87	0	1.56	0	0	1.56	0	0	0	0
1428542823415359647	CPU_0	98.41	0	0	0	0	0	1.58	0	0	0
1428542824043255056	CPU_0	96.82	0	1.58	0	0	1.58	0	0	0	0
1428542824670779256	CPU_0	96.82	0	1.58	0	0	1.58	0	0	0	0
1428542825306396075	CPU_0	96.82	0	0	0	0	1.58	1.58	0	0	0
1428542825933951776	CPU_0	96.87	0	1.56	0	0	1.56	0	0	0	0
1428542826562320184	CPU_0	100.00	0	0	0	0	0	0	0	0	0
1428542827189860384	CPU_0	98.41	0	0	0	0	1.58	0	0	0	0
1428542827825506286	CPU_0	96.87	0	0	0	0	1.56	1.56	0	0	0
1428542828456244026	CPU_0	100.00	0	0	0	0	0	0	0	0	0
1428542829084974100	CPU_0	96.82	0	1.58	0	0	1.58	0	0	0	0
1428542829712917842	CPU_0	98.41	0	0	0	0	1.58	0	0	0	0
1428542830341860458	CPU_0	96.82	0	0	0	0	1.58	1.58	0	0	0
1428542830976167652	CPU_0	98.41	0	1.58	0	0	0	0	0	0	0
1428542831605512518	CPU_0	98.38	0	0	0	0	1.61	0	0	0	0
1428542832233516468	CPU_0	95.31	0	1.56	0	0	1.56	1.56	0	0	0
1428542832862403833	CPU_0	98.41	0	0	0	0	1.58	0	0	0	0
1428542833497235819	CPU_0	98.41	0	0	0	0	1.58	0	0	0	0
1428542834126226601	CPU_0	96.82	0	1.58	0	0	0	1.58	0	0	0
1428542834755510883	CPU_0	96.82	0	1.58	0	0	1.58	0	0	0	0
1428542835384293791	CPU_0	98.41	0	0	0	0	1.58	0	0	0	0
1428542836018895027	CPU_0	98.41	0	0	0	0	1.58	0	0	0	0
1428542836648302434	CPU_0	98.41	0	0	0	0	0	1.58	0	0	0
1428542837277112549	CPU_0	98.41	0	0	0	0	1.58	0	0	0	0
1428542837906478123	CPU_0	98.41	0	0	0	0	1.58	0	0	0	0
1428542838541872649	CPU_0	96.87	0	1.56	0	0	1.56	0	0	0	0
1428542839170570098	CPU_0	98.41	0	0	0	0	0	1.58	0	0	0
1428542839799421630	CPU_0	96.77	0	1.61	0	0	1.61	0	0	0	0
1428542840427667330	CPU_0	98.41	0	0	0	0	1.58	0	0	0	0
1428542841062351857	CPU_0	96.87	0	0	0	0	1.56	1.56	0	0	0
1428542841691512430	CPU_0	100.00	0	0	0	0	0	0	0	0	0
1428542842320396712	CPU_0	96.82	0	1.58	0	0	1.58	0	0	0	0
1428542842949587619	CPU_0	98.43	0	0	0	0	1.56	0	0	0	0
1428542843584322188	CPU_0	96.82	0	0	0	0	1.58	1.58	0	0	0
1428542844213436886	CPU_0	98.41	0	1.58	0	0	0	0	0	0	0
1428542844842781210	CPU_0	96.77	0	1.61	0	0	1.61	0	0	0	0
1428542845471364617	CPU_0	95.31	0	1.56	0	0	1.56	1.56	0	0	0
1428542846105844227	CPU_0	96.82	0	1.58	0	0	1.58	0	0	0	0
1428542846736942299	CPU_0	96.82	0	1.58	0	0	1.58	0	0	0	0
1428542847366233205	CPU_0	100.00	0	0	0	0	0	0	0	0	0
1428542847994956904	CPU_0	95.31	0	1.56	0	0	1.56	1.56	0	0	0
1428542848622826853	CPU_0	96.82	0	1.58	0	0	1.58	0	0	0	0
1428542849257077422	CPU_0	100.00	0	0	0	0	0	0	0	0	0
1428542849886022037	CPU_0	96.82	0	0	0	0	1.58	1.58	0	0	0
1428542850514411569	CPU_0	96.87	0	1.56	0	0	1.56	0	0	0	0
1428542851142167351	CPU_0	98.38	0	0	0	0	1.61	0	0	0	0
1428542851778262335	CPU_0	98.41	0	0	0	0	1.58	0	0	0	0
1428542852406821909	CPU_0	98.41	0	0	0	0	0	1.58	0	0	0
1428542853036303607	CPU_0	98.41	0	0	0	0	1.58	0	0	0	0
1428542853665435554	CPU_0	96.82	0	1.58	0	0	1.58	0	0	0	0
1428542854301886080	CPU_0	95.31	0	1.56	0	0	1.56	1.56	0	0	0
1428542854930780653	CPU_0	100.00	0	0	0	0	0	0	0	0	0
1428542855559488643	CPU_0	96.77	0	1.61	0	0	1.61	0	0	0	0
1428542856187824091	CPU_0	98.41	0	0	0	0	1.58	0	0	0	0
1428542856824440908	CPU_0	95.38	0	1.53	0	0	1.53	1.53	0	0	0
1428542857453680814	CPU_0	100.00	0	0	0	0	0	0	0	0	0
1428542858082219887	CPU_0	98.41	0	0	0	0	1.58	0	0	0	0
1428542858711044585	CPU_0	98.41	0	0	0	0	1.58	0	0	0	0
1428542859346682069	CPU_0	95.38	0	1.53	0	0	1.53	1.53	0	0	0
1428542859975226601	CPU_0	100.00	0	0	0	0	0	0	0	0	0
1428542860604030549	CPU_0	98.38	0	0	0	0	1.61	0	0	0	0
1428542861232181580	CPU_0	96.87	0	0	0	0	1.56	1.56	0	0	0
1428542861866913857	CPU_0	96.87	0	1.56	0	0	1.56	0	0	0	0
1428542862495632680	CPU_0	100.00	0	0	0	0	0	0	0	0	0
1428542863124018128	CPU_0	96.87	0	1.56	0	0	1.56	0	0	0	0
1428542863752715242	CPU_0	96.82	0	0	0	0	1.58	1.58	0	0	0
1428542864383721563	CPU_0	98.38	0	0	0	0	1.61	0	0	0	0
1428542865016632883	CPU_0	28.78	0	1.51	65.15	0	4.54	0	0	0	0
