#Timestamp	r011	r008	r001	r003	r017
1418759412779839729	203110	413553193	1494421	303520	203215
1418759413280163400	92015	437661989	699608	150456	92024
1418759413780379863	96391	437193476	717809	159696	96401
1418759414280599576	84395	439487091	677427	133072	84382
1418759414780811539	99915	437381376	709803	159111	99919
1418759415281034877	65511	447230602	419035	109288	65510
1418759415781249214	52008	445757539	522092	95271	52002
1418759416281452886	108093	435773957	787541	161973	108098
1418759416781657432	97951	437109529	706940	160912	97946
1418759417281863145	66714	441502767	645517	122157	66717
1418759417782068441	66941	447514731	415662	108288	66934
1418759418282301321	81074	441506619	593803	133685	81078
1418759418782511701	103686	431456998	912636	171277	103702
1418759419282740955	69028	441585183	645536	122095	69015
1418759419782982335	97386	437763026	693215	158724	97385
1418759420283217423	71428	446374194	428682	114527	71433
1418759420783441595	50215	446438049	513454	90805	50223
1418759421283662183	108630	435344835	801981	164542	108630
1418759421783885562	103201	436155333	772535	163508	103197
1418759422284109817	72662	440723493	658767	127186	72656
1418759422784375114	70072	447123778	414846	112773	70068
1418759423284599660	80449	441076313	621456	134604	80467
1418759423784821915	98486	436712778	711540	162645	98482
1418759424285046461	71508	441344849	638347	122870	71505
1418759424785269925	99484	437067551	711183	162864	99473
1418759425285903220	70042	446746975	441257	113842	70041
1418759425786137641	48467	446463506	506281	91260	48473
1418759426286353271	109812	435295864	755542	171975	109813
1418759426786740817	109544	435806352	783765	163324	109546
1418759427286959447	69155	439611654	717364	128151	69153
1418759427787178452	67778	447458747	408062	109612	67773
1418759428287400082	84117	441558403	609598	140818	84131
1418759428787621921	100314	436555798	715510	161216	100313
1418759429287854717	74916	440237322	699143	125543	74906
1418759429788073389	98510	437039763	711117	163131	98507
1418759430288305103	69597	447282962	404914	109731	69598
1418759430788537941	51950	445538012	534339	96193	51955
1418759431288753488	99893	436319640	750594	163713	99894
1418759431788977451	108606	435904586	771873	163508	108604
1418759432289196873	69440	441498688	630418	123765	69434
1418759432789477128	65921	448244675	382097	106484	65923
1418759433289703383	84783	439491715	680688	143058	84798
1418759433789925055	99420	437065273	699631	161179	99415
1418759434290165810	68421	441914275	654865	120150	68409
1418759434790383774	102816	435609030	749566	166811	102820
1418759435290605446	66175	447931338	397282	106410	66170
1418759435790824409	54774	444535086	559165	100650	54776
1418759436291036081	100570	436656046	725502	164322	100575
1418759436791252336	109365	435896631	784703	163761	109366
1418759437291706341	97136	436609860	750708	160589	97148
1418759437791937263	32298	454281862	259869	61979	32278
1418759438292154768	98280	437609707	682175	152605	98290
1418759438792373232	97225	437629515	688464	157926	97231
1418759439292597654	69725	441212820	667544	122889	69714
1418759439792815951	103633	435799929	755627	164281	103631
1418759440293037415	62738	449348766	358068	97541	62732
1418759440793415087	60987	443150656	595767	108381	60997
1418759441293623092	104375	433910554	826948	170181	104373
1418759441793836931	102261	436687227	735872	161629	102260
1418759442294055353	107341	435424977	795824	162287	107343
1418759442794336400	23892	455781504	221712	46586	23880
1418759443294558905	93986	436899615	738267	160611	94001
1418759443794772286	104046	434112631	800489	169192	104055
1418759444294994583	77628	440414768	650438	130908	77618
1418759444795211922	97353	437323034	708035	159886	97348
1418759445295444011	56840	449317901	368201	90489	56843
1418759445795656058	69142	441577702	635638	122098	69144
1418759446295864856	101399	436405364	735858	164167	101399
1418759446796081903	99081	436989969	716936	163742	99077
1418759447296653741	182622	418725336	1474944	242358	182623
1418759447796931038	2043130	212044509	789506	4685020	2043164
1418759448297196169	1294507	341031948	852442	2888142	1294500
1418759448797465716	2435937	179053428	631144	4902787	2435938
1418759449297730888	1272614	337658072	1213277	3398410	1272613
1418759449797978560	1996194	255692370	1062211	3672839	1996165
1418759450298262024	1706351	264530763	774797	4863061	1706381
1418759450798504363	1609169	316633646	885650	3105054	1609150
1418759451298773952	2278128	190124812	711198	4963136	2278146
1418759451799047541	1243290	342343583	1334111	3083267	1243289
1418759452299382755	2232624	214925777	824991	4530281	2232608
1418759452799622052	1460214	308955217	874546	4271356	1460229
1418759453299866933	1871419	280838525	727050	3617256	1871417
1418759453800128522	2065224	220335402	916839	4663099	2065227
1418759454300386070	1287854	341381956	1140886	2834670	1287857
1418759454800865116	2454933	180719645	398552	5086561	2454930
1418759455301110456	1231851	343769497	1040200	3594833	1231836
1418759455801339587	2038594	254805150	814236	3493503	2038584
1418759456301585092	1810040	252731742	830514	4761857	1810054
1418759456801818640	1612303	312673587	1017473	3163294	1612282
1418759457302077688	2249054	197216594	426792	5039072	2249076
1418759457802329569	1246354	343991871	785232	3227377	1246352
1418759458302570949	2282614	212225916	590347	4263091	2282616
1418759458802833955	1470125	300584460	1139202	4037265	1470129
1418759459303078961	1896113	272772843	1231070	3626546	1896111
1418759459803347301	2040457	234405557	434622	4960100	2040456
1418759460303599765	1302021	342361364	829453	2973616	1302018
1418759460803860688	2451008	175642297	662909	4877888	2451021
1418759461304126610	1181875	340002657	1511440	3279034	1181875
1418759461804442283	2084013	241346188	1221270	3820595	2083999
1418759462304692997	1711660	271812785	525735	4860690	1711658
1418759462804930170	1576993	324961292	780391	3028396	1576978
1418759463305183551	2305531	181041917	721451	5003607	2305562
1418759463805441641	1258383	341358433	1205651	3061356	1258380
1418759464305697313	2286233	203711295	803231	4498178	2286222
1418759464805975361	1447531	314129592	694437	4149164	1447539
1418759465306224867	1892268	274141515	794597	3606435	1892264
1418759465806495915	1989963	229503406	775134	4630092	1989979
1418759466306774338	1346550	337816016	1163496	2754439	1346541
1418759466807037177	2423425	179262156	481630	5145180	2423414
1418759467307297725	1292801	341573362	687197	3515372	1292810
1418759467807549523	2077814	248035057	594121	3666863	2077812
1418759468307979320	1681415	264469258	1126264	4611576	1681418
1418759468808224410	1696670	298823708	1256911	3322824	1696649
1418759469308511291	2183722	206281613	484177	4910716	2183745
1418759469808778798	1277134	344172143	693418	3200965	1277134
1418759470309027846	2321628	203923016	656147	4430304	2321619
1418759470809354310	1403318	311337534	1245538	3892070	1403321
1418759471309599691	1891620	266990316	1462255	3479402	1891620
1418759471809850989	1939148	240355372	473447	5007076	1939141
1418759472310111829	1360427	338475014	753560	2963372	1360439
1418759472810385085	2442077	177103638	621425	4978245	2442081
1418759473310643800	1189861	343254998	1363959	3323632	1189858
1418759473810889765	2126043	233975844	1129069	3878520	2126039
1418759474311141313	1654264	278401259	598110	4655740	1654247
1418759474811384361	1677092	310828287	796022	3261537	1677089
1418759475311650076	2244197	193424413	712726	4911261	2244226
1418759475811922124	1221483	344119176	1184988	3009874	1221480
1418759476312177006	2375639	190714034	799729	4650442	2375619
1418759476812448887	1361236	326603816	561563	3963026	1361258
1418759477312712436	1943235	269308976	805939	3544302	1943229
1418759477812988650	1953034	235128981	774018	4741971	1953041
1418759478313275449	1389409	334166964	1160945	2793061	1389409
1418759478813535122	2351906	172918192	894971	4902010	2351886
1418759479313777628	924537	249832381	826383	2012017	924552
1418759479814047427	2089582	217227982	1078668	4721157	2089587
1418759480314377266	1230770	344229175	1545315	2915783	1230765
1418759480814636148	2447024	177311927	590627	4942428	2447029
1418759481314970946	1269171	341986822	768753	3499270	1269141
1418759481815360369	1990014	262097454	652429	3597458	1990009
1418759481935256856	299404	75930569	667861	1052167	299401
