#Timestamp	CPU_ID	user%	nice%	sys%	idle%	iowait%	irq%	softiq%	steal%	guest%	guest_nice%
1428568750000690068	CPU_4	6.55	0	3.27	90.16	0	0	0	0	0	0
1428568750690139539	CPU_4	0	0	0	100.00	0	0	0	0	0	0
1428568751395379288	CPU_4	0	0	0	100.00	0	0	0	0	0	0
1428568752083317844	CPU_4	0	0	0	100.00	0	0	0	0	0	0
1428568752771803858	CPU_4	0	0	0	100.00	0	0	0	0	0	0
1428568753470433862	CPU_4	0	0	0	100.00	0	0	0	0	0	0
1428568754161610623	CPU_4	0	0	0	100.00	0	0	0	0	0	0
1428568754845485308	CPU_4	0	0	0	100.00	0	0	0	0	0	0
1428568755543275187	CPU_4	0	0	0	100.00	0	0	0	0	0	0
1428568756229248328	CPU_4	0	0	0	100.00	0	0	0	0	0	0
1428568756917976675	CPU_4	0	0	0	100.00	0	0	0	0	0	0
1428568757616540178	CPU_4	0	0	0	100.00	0	0	0	0	0	0
1428568758304189609	CPU_4	0	0	0	100.00	0	0	0	0	0	0
1428568758992523622	CPU_4	0	0	0	100.00	0	0	0	0	0	0
1428568759691303625	CPU_4	0	0	0	100.00	0	0	0	0	0	0
1428568760378893722	CPU_4	0	0	0	100.00	0	0	0	0	0	0
1428568761071913897	CPU_4	0	0	0	100.00	0	0	0	0	0	0
1428568761770458609	CPU_4	0	0	0	100.00	0	0	0	0	0	0
1428568762461437744	CPU_4	0	0	0	100.00	0	0	0	0	0	0
1428568763155619334	CPU_4	0	0	0	100.00	0	0	0	0	0	0
1428568763852262547	CPU_4	0	0	0	100.00	0	0	0	0	0	0
1428568764544490556	CPU_4	0	0	0	100.00	0	0	0	0	0	0
1428568765243432183	CPU_4	0	0	0	100.00	0	0	0	0	0	0
1428568765933355110	CPU_4	0	0	0	100.00	0	0	0	0	0	0
1428568766627846908	CPU_4	0	0	0	100.00	0	0	0	0	0	0
1428568767329752365	CPU_4	0	0	0	100.00	0	0	0	0	0	0
1428568768021641999	CPU_4	0	0	0	100.00	0	0	0	0	0	0
1428568768713034341	CPU_4	0	0	0	100.00	0	0	0	0	0	0
1428568769411897551	CPU_4	0	0	0	100.00	0	0	0	0	0	0
1428568770103411435	CPU_4	0	0	0	100.00	0	0	0	0	0	0
1428568770796469942	CPU_4	0	0	0	100.00	0	0	0	0	0	0
1428568771494966818	CPU_4	0	0	0	100.00	0	0	0	0	0	0
1428568772187255576	CPU_4	0	0	0	100.00	0	0	0	0	0	0
1428568772881060207	CPU_4	0	0	0	100.00	0	0	0	0	0	0
1428568773579212458	CPU_4	0	0	0	100.00	0	0	0	0	0	0
1428568774270189925	CPU_4	0	0	0	100.00	0	0	0	0	0	0
1428568774972172506	CPU_4	0	0	0	100.00	0	0	0	0	0	0
1428568775662843640	CPU_4	0	0	0	100.00	0	0	0	0	0	0
1428568776355337438	CPU_4	0	0	0	100.00	0	0	0	0	0	0
1428568777056788478	CPU_4	0	0	0	100.00	0	0	0	0	0	0
1428568777748565485	CPU_4	0	0	0	100.00	0	0	0	0	0	0
1428568778439987534	CPU_4	0	0	0	100.00	0	0	0	0	0	0
1428568779139853200	CPU_4	0	0	0	100.00	0	0	0	0	0	0
1428568779831058333	CPU_4	0	0	0	100.00	0	0	0	0	0	0
1428568780525119504	CPU_4	0	0	0	100.00	0	0	0	0	0	0
1428568781223944504	CPU_4	0	0	0	100.00	0	0	0	0	0	0
1428568781916644802	CPU_4	0	0	0	100.00	0	0	0	0	0	0
1428568782607406476	CPU_4	0	0	0	100.00	0	0	0	0	0	0
1428568783310819971	CPU_4	0	0	0	100.00	0	0	0	0	0	0
1428568784001095645	CPU_4	0	0	0	100.00	0	0	0	0	0	0
1428568784702359101	CPU_4	0	0	0	100.00	0	0	0	0	0	0
1428568785392912316	CPU_4	0	0	0	100.00	0	0	0	0	0	0
1428568786085745405	CPU_4	0	0	0	100.00	0	0	0	0	0	0
1428568786782495364	CPU_4	0	0	0	100.00	0	0	0	0	0	0
1428568787474028704	CPU_4	0	0	0	100.00	0	0	0	0	0	0
1428568788166211459	CPU_4	0	0	0	100.00	0	0	0	0	0	0
1428568788866483248	CPU_4	0	0	0	100.00	0	0	0	0	0	0
1428568789557614088	CPU_4	0	0	0	100.00	0	0	0	0	0	0
1428568790247521886	CPU_4	0	0	0	100.00	0	0	0	0	0	0
1428568790946566260	CPU_4	0	0	0	100.00	0	0	0	0	0	0
1428568791640025222	CPU_4	0	0	0	100.00	0	0	0	0	0	0
1428568792327840022	CPU_4	0	0	0	100.00	0	0	0	0	0	0
1428568793028447477	CPU_4	0	0	0	100.00	0	0	0	0	0	0
1428568793723841562	CPU_4	0	0	0	100.00	0	0	0	0	0	0
1428568794427924013	CPU_4	0	0	0	100.00	0	0	0	0	0	0
1428568795117992853	CPU_4	0	0	0	100.00	0	0	0	0	0	0
1428568795808704025	CPU_4	0	0	0	100.00	0	0	0	0	0	0
1428568796508125231	CPU_4	0	0	0	100.00	0	0	0	0	0	0
1428568797201621900	CPU_4	0	0	0	100.00	0	0	0	0	0	0
1428568797889805241	CPU_4	0	0	0	100.00	0	0	0	0	0	0
1428568798595347941	CPU_4	0	0	0	100.00	0	0	0	0	0	0
1428568799286148071	CPU_4	0	0	0	100.00	0	0	0	0	0	0
1428568799977287284	CPU_4	0	0	0	100.00	0	0	0	0	0	0
1428568800679588569	CPU_4	0	0	0	100.00	0	0	0	0	0	0
1428568801372680280	CPU_4	0	0	0	100.00	0	0	0	0	0	0
1428568802061345870	CPU_4	0	0	0	100.00	0	0	0	0	0	0
1428568802765720403	CPU_4	0	0	0	100.00	0	0	0	0	0	0
1428568803455244117	CPU_4	0	0	0	100.00	0	0	0	0	0	0
1428568804149612535	CPU_4	0	0	0	100.00	0	0	0	0	0	0
1428568804849061073	CPU_4	0	0	0	100.00	0	0	0	0	0	0
1428568805540546368	CPU_4	0	0	0	100.00	0	0	0	0	0	0
1428568806241874154	CPU_4	0	0	0	100.00	0	0	0	0	0	0
1428568806934954489	CPU_4	0	0	0	100.00	0	0	0	0	0	0
1428568807626103659	CPU_4	0	0	0	100.00	0	0	0	0	0	0
1428568808331201316	CPU_4	0	0	0	100.00	0	0	0	0	0	0
1428568809024756858	CPU_4	0	0	0	100.00	0	0	0	0	0	0
1428568809717052110	CPU_4	0	0	0	100.00	0	0	0	0	0	0
1428568810418246687	CPU_4	0	0	0	100.00	0	0	0	0	0	0
1428568811112511979	CPU_4	0	0	0	100.00	0	0	0	0	0	0
1428568811805174480	CPU_4	0	0	0	100.00	0	0	0	0	0	0
1428568812508453555	CPU_4	0	0	0	100.00	0	0	0	0	0	0
1428568813200971348	CPU_4	0	0	0	100.00	0	0	0	0	0	0
1428568813899761052	CPU_4	0	0	0	100.00	0	0	0	0	0	0
1428568814598301630	CPU_4	0	0	0	100.00	0	0	0	0	0	0
1428568815289677424	CPU_4	0	0	0	100.00	0	0	0	0	0	0
1428568815992137624	CPU_4	0	0	0	100.00	0	0	0	0	0	0
1428568816688999996	CPU_4	0	0	0	100.00	0	0	0	0	0	0
1428568817379331041	CPU_4	0	0	0	100.00	0	0	0	0	0	0
1428568818082119656	CPU_4	0	0	0	100.00	0	0	0	0	0	0
1428568818785034897	CPU_4	0	0	0	100.00	0	0	0	0	0	0
1428568819477182315	CPU_4	0	0	0	100.00	0	0	0	0	0	0
1428568820179838847	CPU_4	0	0	0	100.00	0	0	0	0	0	0
1428568820874600137	CPU_4	0	0	0	100.00	0	0	0	0	0	0
1428568821567268262	CPU_4	0	0	0	100.00	0	0	0	0	0	0
1428568822271646959	CPU_4	0	0	0	100.00	0	0	0	0	0	0
1428568822962223878	CPU_4	0	0	0	100.00	0	0	0	0	0	0
1428568823677995980	CPU_4	0	0	0	100.00	0	0	0	0	0	0
1428568824376179933	CPU_4	0	0	0	100.00	0	0	0	0	0	0
1428568825166617755	CPU_4	1.28	0	0	98.71	0	0	0	0	0	0
1428568825867482038	CPU_4	0	0	0	100.00	0	0	0	0	0	0
1428568826562708452	CPU_4	0	0	0	100.00	0	0	0	0	0	0
1428568827265652858	CPU_4	0	0	0	100.00	0	0	0	0	0	0
1428568827959320231	CPU_4	0	0	0	100.00	0	0	0	0	0	0
1428568828653213271	CPU_4	0	0	0	100.00	0	0	0	0	0	0
1428568829360312672	CPU_4	0	0	0	100.00	0	0	0	0	0	0
1428568830052016256	CPU_4	0	0	0	100.00	0	0	0	0	0	0
1428568830750900040	CPU_4	0	0	0	100.00	0	0	0	0	0	0
1428568831454099987	CPU_4	0	0	0	100.00	0	0	0	0	0	0
1428568832147504277	CPU_4	0	0	0	100.00	0	0	0	0	0	0
1428568832843086231	CPU_4	0	0	0	100.00	0	0	0	0	0	0
1428568833549871674	CPU_4	0	0	0	100.00	0	0	0	0	0	0
1428568834243567546	CPU_4	0	0	0	100.00	0	0	0	0	0	0
1428568834948023241	CPU_4	0	0	0	100.00	0	0	0	0	0	0
1428568835642410154	CPU_4	0	0	0	100.00	0	0	0	0	0	0
1428568836339117648	CPU_4	0	0	0	100.00	0	0	0	0	0	0
1428568837042989094	CPU_4	0	0	0	100.00	0	0	0	0	0	0
1428568837737491048	CPU_4	0	0	0	100.00	0	0	0	0	0	0
1428568838432046877	CPU_4	0	0	0	100.00	0	0	0	0	0	0
1428568839140627110	CPU_4	0	0	0	100.00	0	0	0	0	0	0
1428568839833162066	CPU_4	0	0	0	100.00	0	0	0	0	0	0
1428568840528242727	CPU_4	0	0	0	100.00	0	0	0	0	0	0
1428568841233401046	CPU_4	0	0	0	100.00	0	0	0	0	0	0
1428568841928118333	CPU_4	0	0	0	100.00	0	0	0	0	0	0
1428568842632123069	CPU_4	0	0	0	100.00	0	0	0	0	0	0
1428568843329354812	CPU_4	0	0	0	100.00	0	0	0	0	0	0
1428568844022239308	CPU_4	0	0	0	100.00	0	0	0	0	0	0
1428568844730068040	CPU_4	0	0	0	100.00	0	0	0	0	0	0
1428568845426193409	CPU_4	0	0	0	100.00	0	0	0	0	0	0
1428568846119902029	CPU_4	0	0	0	100.00	0	0	0	0	0	0
1428568846826014138	CPU_4	0	0	0	100.00	0	0	0	0	0	0
1428568847522168839	CPU_4	0	0	0	100.00	0	0	0	0	0	0
1428568848221411996	CPU_4	0	0	0	100.00	0	0	0	0	0	0
1428568848926805522	CPU_4	0	0	0	100.00	0	0	0	0	0	0
1428568849620554475	CPU_4	0	0	0	100.00	0	0	0	0	0	0
1428568850330458996	CPU_4	0	0	0	100.00	0	0	0	0	0	0
1428568851025409073	CPU_4	0	0	0	100.00	0	0	0	0	0	0
1428568851723218606	CPU_4	0	0	0	100.00	0	0	0	0	0	0
1428568852428741297	CPU_4	0	0	0	100.00	0	0	0	0	0	0
1428568853125187039	CPU_4	0	0	0	100.00	0	0	0	0	0	0
1428568853819464075	CPU_4	0	0	0	100.00	0	0	0	0	0	0
1428568854524783933	CPU_4	0	0	0	100.00	0	0	0	0	0	0
1428568855224047672	CPU_4	0	0	0	100.00	0	0	0	0	0	0
1428568855924433785	CPU_4	0	0	0	100.00	0	0	0	0	0	0
1428568856623783023	CPU_4	0	0	0	100.00	0	0	0	0	0	0
1428568857321229722	CPU_4	0	0	0	100.00	0	0	0	0	0	0
1428568858036935695	CPU_4	1.42	0	1.42	97.14	0	0	0	0	0	0
1428568858733857394	CPU_4	0	0	1.42	98.57	0	0	0	0	0	0
1428568859425712931	CPU_4	0	0	0	100.00	0	0	0	0	0	0
1428568860125562877	CPU_4	0	0	0	100.00	0	0	0	0	0	0
1428568860821546743	CPU_4	0	0	0	100.00	0	0	0	0	0	0
1428568861516656402	CPU_4	0	0	0	100.00	0	0	0	0	0	0
1428568862217615180	CPU_4	0	0	0	100.00	0	0	0	0	0	0
1428568862912338339	CPU_4	0	0	0	100.00	0	0	0	0	0	0
1428568863605232083	CPU_4	0	0	0	100.00	0	0	0	0	0	0
1428568864308858608	CPU_4	0	0	0	100.00	0	0	0	0	0	0
1428568865002017602	CPU_4	0	0	0	100.00	0	0	0	0	0	0
1428568865711707746	CPU_4	0	0	0	100.00	0	0	0	0	0	0
1428568866405267197	CPU_4	0	0	0	100.00	0	0	0	0	0	0
1428568867100482646	CPU_4	0	0	0	100.00	0	0	0	0	0	0
1428568867801929048	CPU_4	0	0	0	100.00	0	0	0	0	0	0
1428568868496700998	CPU_4	0	0	0	100.00	0	0	0	0	0	0
1428568869192025364	CPU_4	0	0	0	100.00	0	0	0	0	0	0
1428568869895228513	CPU_4	0	0	0	100.00	0	0	0	0	0	0
1428568870589643505	CPU_4	0	0	0	100.00	0	0	0	0	0	0
1428568871287087243	CPU_4	0	0	0	100.00	0	0	0	0	0	0
1428568871989207394	CPU_4	0	0	0	100.00	0	0	0	0	0	0
1428568872685137759	CPU_4	0	0	0	100.00	0	0	0	0	0	0
1428568873388981365	CPU_4	0	0	0	100.00	0	0	0	0	0	0
1428568874087726519	CPU_4	0	0	0	100.00	0	0	0	0	0	0
1428568874784365424	CPU_4	0	0	0	100.00	0	0	0	0	0	0
1428568875489936654	CPU_4	0	0	0	100.00	0	0	0	0	0	0
1428568876185230227	CPU_4	0	0	0	100.00	0	0	0	0	0	0
1428568876883483839	CPU_4	0	0	0	100.00	0	0	0	0	0	0
1428568877587065988	CPU_4	0	0	0	100.00	0	0	0	0	0	0
1428568878284643808	CPU_4	0	0	0	100.00	0	0	0	0	0	0
1428568878979746465	CPU_4	0	0	0	100.00	0	0	0	0	0	0
1428568879683804320	CPU_4	0	0	0	100.00	0	0	0	0	0	0
1428568880380074600	CPU_4	0	0	0	100.00	0	0	0	0	0	0
1428568881090390908	CPU_4	0	0	0	100.00	0	0	0	0	0	0
1428568881785979939	CPU_4	0	0	0	100.00	0	0	0	0	0	0
1428568882481894969	CPU_4	0	0	0	100.00	0	0	0	0	0	0
1428568883187122364	CPU_4	0	0	0	100.00	0	0	0	0	0	0
1428568883882617395	CPU_4	0	0	0	100.00	0	0	0	0	0	0
1428568884577775925	CPU_4	0	0	0	100.00	0	0	0	0	0	0
1428568885285282319	CPU_4	0	0	0	100.00	0	0	0	0	0	0
1428568885978425642	CPU_4	0	0	0	100.00	0	0	0	0	0	0
1428568886678051418	CPU_4	0	0	0	100.00	0	0	0	0	0	0
1428568887384718604	CPU_4	0	0	0	100.00	0	0	0	0	0	0
1428568888080296675	CPU_4	0	0	0	100.00	0	0	0	0	0	0
1428568888785961945	CPU_4	0	0	0	100.00	0	0	0	0	0	0
1428568889488913508	CPU_4	0	0	0	100.00	0	0	0	0	0	0
1428568890183104497	CPU_4	0	0	0	100.00	0	0	0	0	0	0
1428568890892479055	CPU_4	0	0	0	100.00	0	0	0	0	0	0
1428568891588896416	CPU_4	0	0	0	100.00	0	0	0	0	0	0
1428568892285976236	CPU_4	0	0	0	100.00	0	0	0	0	0	0
1428568892991482421	CPU_4	0	0	0	100.00	0	0	0	0	0	0
1428568893689847197	CPU_4	0	0	0	100.00	0	0	0	0	0	0
1428568894385817934	CPU_4	0	0	0	100.00	0	0	0	0	0	0
1428568895092204244	CPU_4	0	0	0	100.00	0	0	0	0	0	0
1428568895786341232	CPU_4	0	0	0	100.00	0	0	0	0	0	0
1428568896493991249	CPU_4	0	0	0	100.00	0	0	0	0	0	0
1428568897189245027	CPU_4	0	0	0	100.00	0	0	0	0	0	0
1428568897884676056	CPU_4	0	0	0	100.00	0	0	0	0	0	0
1428568898589493491	CPU_4	0	0	0	100.00	0	0	0	0	0	0
1428568899286103393	CPU_4	0	0	0	100.00	0	0	0	0	0	0
1428568899978235258	CPU_4	0	0	0	100.00	0	0	0	0	0	0
1428568900685391274	CPU_4	0	0	0	100.00	0	0	0	0	0	0
1428568901381378968	CPU_4	0	0	0	100.00	0	0	0	0	0	0
1428568902075688039	CPU_4	0	0	0	100.00	0	0	0	0	0	0
1428568902781540890	CPU_4	0	0	0	100.00	0	0	0	0	0	0
1428568903479487873	CPU_4	0	0	0	100.00	0	0	0	0	0	0
1428568904181648102	CPU_4	0	0	0	100.00	0	0	0	0	0	0
1428568904880611168	CPU_4	0	0	0	100.00	0	0	0	0	0	0
1428568905578020110	CPU_4	0	0	0	100.00	0	0	0	0	0	0
1428568906284114793	CPU_4	0	0	0	100.00	0	0	0	0	0	0
1428568906980777652	CPU_4	0	0	0	100.00	0	0	0	0	0	0
1428568907679343301	CPU_4	0	0	0	100.00	0	0	0	0	0	0
1428568908385637068	CPU_4	0	0	0	100.00	0	0	0	0	0	0
1428568909082161760	CPU_4	0	0	0	100.00	0	0	0	0	0	0
1428568909777513953	CPU_4	0	0	0	100.00	0	0	0	0	0	0
1428568910482944720	CPU_4	0	0	0	100.00	0	0	0	0	0	0
1428568911178543580	CPU_4	0	0	0	100.00	0	0	0	0	0	0
1428568911884546888	CPU_4	0	0	0	100.00	0	0	0	0	0	0
1428568912580600913	CPU_4	0	0	0	100.00	0	0	0	0	0	0
1428568913279553894	CPU_4	0	0	0	100.00	0	0	0	0	0	0
1428568913982572621	CPU_4	0	0	0	100.00	0	0	0	0	0	0
1428568914680752270	CPU_4	0	0	0	100.00	0	0	0	0	0	0
1428568915379116376	CPU_4	0	0	0	100.00	0	0	0	0	0	0
1428568916083487726	CPU_4	0	0	0	100.00	0	0	0	0	0	0
1428568916780935792	CPU_4	0	0	0	100.00	0	0	0	0	0	0
1428568917495588548	CPU_4	0	0	0	100.00	0	0	0	0	0	0
1428568918191325032	CPU_4	0	0	0	100.00	0	0	0	0	0	0
1428568918889911263	CPU_4	0	0	0	100.00	0	0	0	0	0	0
1428568919595813819	CPU_4	0	0	0	100.00	0	0	0	0	0	0
1428568920292998343	CPU_4	0	0	0	100.00	0	0	0	0	0	0
1428568920989990991	CPU_4	0	0	0	100.00	0	0	0	0	0	0
1428568921700583001	CPU_4	0	0	0	100.00	0	0	0	0	0	0
1428568922397030192	CPU_4	0	0	0	100.00	0	0	0	0	0	0
1428568923097021296	CPU_4	0	0	0	100.00	0	0	0	0	0	0
1428568923805038600	CPU_4	0	0	0	100.00	0	0	0	0	0	0
1428568924501054415	CPU_4	0	0	0	100.00	0	0	0	0	0	0
1428568925206788597	CPU_4	0	0	0	100.00	0	0	0	0	0	0
1428568925906589367	CPU_4	0	0	0	100.00	0	0	0	0	0	0
1428568926601825516	CPU_4	0	0	0	100.00	0	0	0	0	0	0
1428568927310348153	CPU_4	0	0	0	100.00	0	0	0	0	0	0
1428568928009553298	CPU_4	0	0	0	100.00	0	0	0	0	0	0
1428568928707751278	CPU_4	0	0	0	100.00	0	0	0	0	0	0
1428568929415010332	CPU_4	0	0	0	100.00	0	0	0	0	0	0
1428568930114009977	CPU_4	0	0	0	100.00	0	0	0	0	0	0
1428568930812990539	CPU_4	0	0	0	100.00	0	0	0	0	0	0
1428568931516222680	CPU_4	0	0	0	100.00	0	0	0	0	0	0
1428568932211684537	CPU_4	0	0	0	100.00	0	0	0	0	0	0
1428568932919531006	CPU_4	0	0	0	100.00	0	0	0	0	0	0
1428568933616308820	CPU_4	0	0	0	100.00	0	0	0	0	0	0
1428568934313536133	CPU_4	0	0	0	100.00	0	0	0	0	0	0
1428568935020889020	CPU_4	0	0	0	100.00	0	0	0	0	0	0
1428568935720610205	CPU_4	0	0	0	100.00	0	0	0	0	0	0
1428568936416476311	CPU_4	0	0	0	100.00	0	0	0	0	0	0
1428568937124984738	CPU_4	0	0	0	100.00	0	0	0	0	0	0
1428568937822627675	CPU_4	0	0	0	100.00	0	0	0	0	0	0
1428568938532825016	CPU_4	0	0	0	100.00	0	0	0	0	0	0
1428568939229771246	CPU_4	0	0	0	100.00	0	0	0	0	0	0
1428568939929344056	CPU_4	0	0	0	100.00	0	0	0	0	0	0
1428568940633227570	CPU_4	0	0	0	100.00	0	0	0	0	0	0
1428568941332635672	CPU_4	0	0	0	100.00	0	0	0	0	0	0
1428568942031124899	CPU_4	0	0	0	100.00	0	0	0	0	0	0
1428568942736677495	CPU_4	0	0	0	100.00	0	0	0	0	0	0
1428568943434708056	CPU_4	0	0	0	100.00	0	0	0	0	0	0
1428568944146369270	CPU_4	0	0	0	100.00	0	0	0	0	0	0
1428568944852133115	CPU_4	0	0	0	100.00	0	0	0	0	0	0
1428568945551614841	CPU_4	0	0	0	100.00	0	0	0	0	0	0
1428568946258080268	CPU_4	0	0	0	100.00	0	0	0	0	0	0
1428568946955799704	CPU_4	0	0	0	100.00	0	0	0	0	0	0
1428568947655519847	CPU_4	0	0	0	100.00	0	0	0	0	0	0
1428568948364568188	CPU_4	0	0	0	100.00	0	0	0	0	0	0
1428568949060858125	CPU_4	0	0	0	100.00	0	0	0	0	0	0
1428568949803560391	CPU_4	0	0	0	100.00	0	0	0	0	0	0
1428568950509271568	CPU_4	0	0	0	100.00	0	0	0	0	0	0
1428568951207074629	CPU_4	0	0	0	100.00	0	0	0	0	0	0
1428568951915001221	CPU_4	0	0	0	100.00	0	0	0	0	0	0
1428568952613202113	CPU_4	0	0	0	100.00	0	0	0	0	0	0
1428568953309298008	CPU_4	0	0	0	100.00	0	0	0	0	0	0
1428568954018466224	CPU_4	0	0	0	100.00	0	0	0	0	0	0
1428568954716072575	CPU_4	0	0	0	100.00	0	0	0	0	0	0
1428568955414469468	CPU_4	0	0	0	100.00	0	0	0	0	0	0
1428568956122115559	CPU_4	0	0	0	100.00	0	0	0	0	0	0
1428568956820926493	CPU_4	0	0	0	100.00	0	0	0	0	0	0
1428568957527075169	CPU_4	0	0	0	100.00	0	0	0	0	0	0
1428568958225667061	CPU_4	0	0	0	100.00	0	0	0	0	0	0
1428568958925088827	CPU_4	0	0	0	100.00	0	0	0	0	0	0
1428568959634214833	CPU_4	0	0	0	100.00	0	0	0	0	0	0
1428568960333227182	CPU_4	0	0	0	100.00	0	0	0	0	0	0
1428568961034615696	CPU_4	0	0	0	100.00	0	0	0	0	0	0
1428568961740790913	CPU_4	0	0	0	100.00	0	0	0	0	0	0
1428568962441429552	CPU_4	0	0	0	100.00	0	0	0	0	0	0
1428568963155331553	CPU_4	0	0	0	100.00	0	0	0	0	0	0
1428568963853507403	CPU_4	0	0	0	100.00	0	0	0	0	0	0
1428568964551565003	CPU_4	0	0	0	100.00	0	0	0	0	0	0
1428568965260007509	CPU_4	0	0	0	100.00	0	0	0	0	0	0
1428568965957728193	CPU_4	0	0	0	100.00	0	0	0	0	0	0
1428568966656533500	CPU_4	0	0	0	100.00	0	0	0	0	0	0
1428568967365796588	CPU_4	0	0	0	100.00	0	0	0	0	0	0
1428568968063585063	CPU_4	0	0	0	100.00	0	0	0	0	0	0
1428568968767042490	CPU_4	0	0	0	100.00	0	0	0	0	0	0
1428568969472010082	CPU_4	0	0	0	100.00	0	0	0	0	0	0
1428568970168803307	CPU_4	0	0	0	100.00	0	0	0	0	0	0
1428568970881710725	CPU_4	0	0	0	100.00	0	0	0	0	0	0
1428568971579615657	CPU_4	0	0	0	100.00	0	0	0	0	0	0
1428568972276316591	CPU_4	0	0	0	100.00	0	0	0	0	0	0
1428568972984936596	CPU_4	0	0	0	100.00	0	0	0	0	0	0
1428568973684866192	CPU_4	0	0	0	100.00	0	0	0	0	0	0
1428568974382498833	CPU_4	0	0	0	100.00	0	0	0	0	0	0
1428568975091340879	CPU_4	0	0	0	100.00	0	0	0	0	0	0
1428568975789902352	CPU_4	0	0	0	100.00	0	0	0	0	0	0
1428568976498024190	CPU_4	0	0	0	100.00	0	0	0	0	0	0
1428568977197820536	CPU_4	0	0	0	100.00	0	0	0	0	0	0
1428568977898959381	CPU_4	0	0	0	100.00	0	0	0	0	0	0
1428568978605110804	CPU_4	0	0	0	100.00	0	0	0	0	0	0
1428568979305292775	CPU_4	0	0	0	100.00	0	0	0	0	0	0
1428568980004065830	CPU_4	0	0	0	100.00	0	0	0	0	0	0
1428568980710172170	CPU_4	0	0	0	100.00	0	0	0	0	0	0
1428568981409882807	CPU_4	0	0	0	100.00	0	0	0	0	0	0
1428568982123966764	CPU_4	0	0	0	100.00	0	0	0	0	0	0
1428568982820287363	CPU_4	0	0	0	100.00	0	0	0	0	0	0
1428568983520237042	CPU_4	0	0	0	100.00	0	0	0	0	0	0
1428568984228270254	CPU_4	0	0	0	100.00	0	0	0	0	0	0
1428568984927523641	CPU_4	0	0	0	100.00	0	0	0	0	0	0
1428568985625900405	CPU_4	0	0	0	100.00	0	0	0	0	0	0
1428568986335288740	CPU_4	0	0	0	100.00	0	0	0	0	0	0
1428568987032684463	CPU_4	0	0	0	100.00	0	0	0	0	0	0
1428568987737909510	CPU_4	0	0	0	100.00	0	0	0	0	0	0
1428568988442174642	CPU_4	0	0	0	100.00	0	0	0	0	0	0
1428568989140628905	CPU_4	0	0	0	100.00	0	0	0	0	0	0
1428568989848591575	CPU_4	0	0	0	100.00	0	0	0	0	0	0
1428568990549833876	CPU_4	0	0	0	100.00	0	0	0	0	0	0
1428568991247278806	CPU_4	0	0	0	100.00	0	0	0	0	0	0
1428568991959628722	CPU_4	0	0	0	100.00	0	0	0	0	0	0
1428568992658543067	CPU_4	0	0	0	100.00	0	0	0	0	0	0
1428568993357127704	CPU_4	0	0	0	100.00	0	0	0	0	0	0
1428568994065263664	CPU_4	0	0	0	100.00	0	0	0	0	0	0
1428568994766218590	CPU_4	0	0	0	100.00	0	0	0	0	0	0
1428568995473042302	CPU_4	0	0	0	100.00	0	0	0	0	0	0
1428568996173389437	CPU_4	0	0	0	100.00	0	0	0	0	0	0
1428568996874253321	CPU_4	0	0	0	100.00	0	0	0	0	0	0
1428568997581734907	CPU_4	0	0	0	100.00	0	0	0	0	0	0
1428568998280734710	CPU_4	0	0	0	100.00	0	0	0	0	0	0
1428568998984006550	CPU_4	0	0	0	100.00	0	0	0	0	0	0
1428568999690438803	CPU_4	0	0	0	100.00	0	0	0	0	0	0
1428569000390301605	CPU_4	0	0	0	100.00	0	0	0	0	0	0
1428569001101718353	CPU_4	0	0	0	100.00	0	0	0	0	0	0
1428569001799960197	CPU_4	0	0	0	100.00	0	0	0	0	0	0
1428569002500222165	CPU_4	0	0	0	100.00	0	0	0	0	0	0
1428569003211450413	CPU_4	0	0	0	100.00	0	0	0	0	0	0
1428569003908759133	CPU_4	0	0	0	100.00	0	0	0	0	0	0
1428569004609993807	CPU_4	0	0	0	100.00	0	0	0	0	0	0
1428569005319871681	CPU_4	0	0	0	100.00	0	0	0	0	0	0
1428569006019369066	CPU_4	0	0	0	100.00	0	0	0	0	0	0
1428569006731237063	CPU_4	0	0	0	100.00	0	0	0	0	0	0
1428569007434430110	CPU_4	0	0	0	100.00	0	0	0	0	0	0
1428569008131734413	CPU_4	0	0	0	100.00	0	0	0	0	0	0
1428569008841167995	CPU_4	0	0	0	100.00	0	0	0	0	0	0
1428569009542336377	CPU_4	0	0	0	100.00	0	0	0	0	0	0
1428569010240703179	CPU_4	0	0	0	100.00	0	0	0	0	0	0
1428569010950985385	CPU_4	0	0	0	100.00	0	0	0	0	0	0
1428569011652421808	CPU_4	0	0	0	100.00	0	0	0	0	0	0
1428569012356687104	CPU_4	0	0	0	100.00	0	0	0	0	0	0
1428569013065875728	CPU_4	0	0	0	100.00	0	0	0	0	0	0
1428569013768777066	CPU_4	0	0	0	100.00	0	0	0	0	0	0
1428569014477347273	CPU_4	0	0	0	100.00	0	0	0	0	0	0
1428569015177652489	CPU_4	0	0	0	100.00	0	0	0	0	0	0
1428569015878972245	CPU_4	0	0	0	100.00	0	0	0	0	0	0
1428569016586830286	CPU_4	0	0	0	100.00	0	0	0	0	0	0
1428569017287657959	CPU_4	0	0	0	100.00	0	0	0	0	0	0
1428569017991184505	CPU_4	0	0	0	100.00	0	0	0	0	0	0
1428569018697124131	CPU_4	0	0	0	100.00	0	0	0	0	0	0
1428569019396353180	CPU_4	0	0	0	100.00	0	0	0	0	0	0
1428569020106827343	CPU_4	0	0	0	100.00	0	0	0	0	0	0
1428569020804355561	CPU_4	0	0	0	100.00	0	0	0	0	0	0
1428569021505188484	CPU_4	0	0	0	100.00	0	0	0	0	0	0
1428569022213718315	CPU_4	0	0	0	100.00	0	0	0	0	0	0
1428569022911705782	CPU_4	0	0	0	100.00	0	0	0	0	0	0
1428569023612119955	CPU_4	0	0	0	100.00	0	0	0	0	0	0
1428569024322314201	CPU_4	0	0	0	100.00	0	0	0	0	0	0
1428569025020989500	CPU_4	0	0	0	100.00	0	0	0	0	0	0
1428569025731510329	CPU_4	0	0	0	100.00	0	0	0	0	0	0
1428569026431075461	CPU_4	0	0	0	100.00	0	0	0	0	0	0
1428569027130545884	CPU_4	0	0	0	100.00	0	0	0	0	0	0
1428569027839709255	CPU_4	0	0	0	100.00	0	0	0	0	0	0
1428569028541336343	CPU_4	0	0	0	100.00	0	0	0	0	0	0
1428569029240175641	CPU_4	0	0	0	100.00	0	0	0	0	0	0
1428569029950064554	CPU_4	0	0	0	100.00	0	0	0	0	0	0
1428569030651329683	CPU_4	0	0	0	100.00	0	0	0	0	0	0
1428569031359189264	CPU_4	0	0	0	100.00	0	0	0	0	0	0
1428569032060804434	CPU_4	0	0	0	100.00	0	0	0	0	0	0
1428569032762344563	CPU_4	0	0	0	100.00	0	0	0	0	0	0
1428569033469406519	CPU_4	0	0	0	100.00	0	0	0	0	0	0
1428569034171906938	CPU_4	0	0	0	100.00	0	0	0	0	0	0
1428569034872920317	CPU_4	0	0	0	100.00	0	0	0	0	0	0
1428569035582184688	CPU_4	0	0	0	100.00	0	0	0	0	0	0
1428569036281710610	CPU_4	0	0	0	100.00	0	0	0	0	0	0
1428569036995647850	CPU_4	0	0	0	100.00	0	0	0	0	0	0
1428569037699598976	CPU_4	0	0	0	100.00	0	0	0	0	0	0
1428569038400923479	CPU_4	0	0	0	100.00	0	0	0	0	0	0
1428569039112823805	CPU_4	0	0	0	100.00	0	0	0	0	0	0
1428569039811430060	CPU_4	0	0	0	100.00	0	0	0	0	0	0
1428569040512226772	CPU_4	0	0	0	100.00	0	0	0	0	0	0
1428569041223572015	CPU_4	0	0	0	100.00	0	0	0	0	0	0
1428569041921167188	CPU_4	0	0	0	100.00	0	0	0	0	0	0
1428569042634905844	CPU_4	0	0	0	100.00	0	0	0	0	0	0
1428569043336239055	CPU_4	0	0	0	100.00	0	0	0	0	0	0
1428569044035952476	CPU_4	0	0	0	100.00	0	0	0	0	0	0
1428569044745085970	CPU_4	0	0	0	100.00	0	0	0	0	0	0
1428569045446363264	CPU_4	0	0	0	100.00	0	0	0	0	0	0
1428569046145428268	CPU_4	0	0	0	100.00	0	0	0	0	0	0
1428569046856733677	CPU_4	0	0	0	100.00	0	0	0	0	0	0
1428569047557304888	CPU_4	0	0	0	100.00	0	0	0	0	0	0
1428569048268147755	CPU_4	0	0	0	100.00	0	0	0	0	0	0
1428569048972967753	CPU_4	0	0	0	100.00	0	0	0	0	0	0
1428569049677475502	CPU_4	0	0	0	100.00	0	0	0	0	0	0
1428569050386180329	CPU_4	0	0	0	100.00	0	0	0	0	0	0
1428569051087963955	CPU_4	0	0	0	100.00	0	0	0	0	0	0
1428569051788784748	CPU_4	0	0	0	100.00	0	0	0	0	0	0
1428569052498577741	CPU_4	0	0	0	100.00	0	0	0	0	0	0
1428569053199707826	CPU_4	0	0	0	100.00	0	0	0	0	0	0
1428569053904799948	CPU_4	0	0	0	100.00	0	0	0	0	0	0
1428569054612209193	CPU_4	0	0	0	100.00	0	0	0	0	0	0
1428569055315242067	CPU_4	0	0	0	100.00	0	0	0	0	0	0
1428569056025383767	CPU_4	0	0	0	100.00	0	0	0	0	0	0
1428569056725417477	CPU_4	0	0	0	100.00	0	0	0	0	0	0
1428569057426619144	CPU_4	0	0	0	100.00	0	0	0	0	0	0
1428569058138019510	CPU_4	0	0	0	100.00	0	0	0	0	0	0
1428569058836627013	CPU_4	0	0	0	100.00	0	0	0	0	0	0
1428569059542188842	CPU_4	0	0	0	100.00	0	0	0	0	0	0
1428569060250298794	CPU_4	0	0	0	100.00	0	0	0	0	0	0
1428569060950346170	CPU_4	0	0	0	100.00	0	0	0	0	0	0
1428569061661066910	CPU_4	0	0	0	100.00	0	0	0	0	0	0
1428569062363041243	CPU_4	0	0	0	100.00	0	0	0	0	0	0
1428569063062573036	CPU_4	0	0	0	100.00	0	0	0	0	0	0
1428569063787642345	CPU_4	0	0	0	100.00	0	0	0	0	0	0
1428569064531751551	CPU_4	0	0	0	100.00	0	0	0	0	0	0
1428569065277077006	CPU_4	2.59	0	0	97.40	0	0	0	0	0	0
1428569065977093674	CPU_4	0	0	0	100.00	0	0	0	0	0	0
1428569066679920422	CPU_4	0	0	0	100.00	0	0	0	0	0	0
1428569067390448203	CPU_4	0	0	0	100.00	0	0	0	0	0	0
1428569068092663201	CPU_4	0	0	0	100.00	0	0	0	0	0	0
1428569068802911275	CPU_4	0	0	0	100.00	0	0	0	0	0	0
1428569069508850602	CPU_4	0	0	0	100.00	0	0	0	0	0	0
1428569070211215350	CPU_4	0	0	0	100.00	0	0	0	0	0	0
1428569070920608299	CPU_4	0	0	0	100.00	0	0	0	0	0	0
1428569071621682298	CPU_4	0	0	0	100.00	0	0	0	0	0	0
1428569072324960961	CPU_4	0	0	0	100.00	0	0	0	0	0	0
1428569073033148744	CPU_4	0	0	0	100.00	0	0	0	0	0	0
1428569073737077240	CPU_4	0	0	0	100.00	0	0	0	0	0	0
1428569074452238724	CPU_4	0	0	0	100.00	0	0	0	0	0	0
1428569075153439014	CPU_4	0	0	0	100.00	0	0	0	0	0	0
1428569075853292888	CPU_4	0	0	0	100.00	0	0	0	0	0	0
1428569076565043209	CPU_4	0	0	0	100.00	0	0	0	0	0	0
1428569077263518126	CPU_4	0	0	0	100.00	0	0	0	0	0	0
1428569077965588207	CPU_4	0	0	0	100.00	0	0	0	0	0	0
1428569078676449361	CPU_4	0	0	0	100.00	0	0	0	0	0	0
1428569079376640402	CPU_4	0	0	0	100.00	0	0	0	0	0	0
1428569080079226731	CPU_4	0	0	0	100.00	0	0	0	0	0	0
1428569080798526710	CPU_4	0	0	0	100.00	0	0	0	0	0	0
1428569081496455544	CPU_4	0	0	0	100.00	0	0	0	0	0	0
1428569082208096489	CPU_4	0	0	0	100.00	0	0	0	0	0	0
1428569082908376821	CPU_4	0	0	0	100.00	0	0	0	0	0	0
1428569083608779152	CPU_4	0	0	0	100.00	0	0	0	0	0	0
1428569084318091183	CPU_4	0	0	0	100.00	0	0	0	0	0	0
1428569085019332679	CPU_4	0	0	0	100.00	0	0	0	0	0	0
1428569085719454011	CPU_4	0	0	0	100.00	0	0	0	0	0	0
1428569086431270913	CPU_4	0	0	0	100.00	0	0	0	0	0	0
1428569087132101077	CPU_4	0	0	0	100.00	0	0	0	0	0	0
1428569087840898941	CPU_4	0	0	0	100.00	0	0	0	0	0	0
1428569088541295146	CPU_4	0	0	0	100.00	0	0	0	0	0	0
1428569089243824058	CPU_4	0	0	0	100.00	0	0	0	0	0	0
1428569089952106797	CPU_4	0	0	0	100.00	0	0	0	0	0	0
1428569090657967580	CPU_4	0	0	0	100.00	0	0	0	0	0	0
1428569091374905144	CPU_4	0	0	0	100.00	0	0	0	0	0	0
1428569092078121929	CPU_4	0	0	0	100.00	0	0	0	0	0	0
1428569092779818050	CPU_4	0	0	0	100.00	0	0	0	0	0	0
1428569093492580534	CPU_4	0	0	0	100.00	0	0	0	0	0	0
1428569094191866573	CPU_4	0	0	0	100.00	0	0	0	0	0	0
1428569094894192109	CPU_4	0	0	0	100.00	0	0	0	0	0	0
1428569095605246969	CPU_4	0	0	0	100.00	0	0	0	0	0	0
1428569096305569507	CPU_4	0	0	0	100.00	0	0	0	0	0	0
1428569097011621748	CPU_4	0	0	0	100.00	0	0	0	0	0	0
1428569097720041736	CPU_4	0	0	0	100.00	0	0	0	0	0	0
1428569098418860817	CPU_4	0	0	0	100.00	0	0	0	0	0	0
1428569099131213467	CPU_4	0	0	0	100.00	0	0	0	0	0	0
1428569099833172128	CPU_4	0	0	0	100.00	0	0	0	0	0	0
1428569100533509290	CPU_4	0	0	0	100.00	0	0	0	0	0	0
1428569101244373400	CPU_4	0	0	0	100.00	0	0	0	0	0	0
1428569101947112310	CPU_4	0	0	0	100.00	0	0	0	0	0	0
1428569102658064086	CPU_4	0	0	0	100.00	0	0	0	0	0	0
1428569103367171322	CPU_4	0	0	0	100.00	0	0	0	0	0	0
1428569104068944858	CPU_4	0	0	0	100.00	0	0	0	0	0	0
1428569104783241797	CPU_4	0	0	0	100.00	0	0	0	0	0	0
1428569105484413875	CPU_4	0	0	0	100.00	0	0	0	0	0	0
1428569106187953325	CPU_4	0	0	0	100.00	0	0	0	0	0	0
1428569106901938014	CPU_4	0	0	0	100.00	0	0	0	0	0	0
1428569107601980759	CPU_4	0	0	0	100.00	0	0	0	0	0	0
1428569108322654733	CPU_4	0	0	0	100.00	0	0	0	0	0	0
1428569109026071766	CPU_4	0	0	0	100.00	0	0	0	0	0	0
1428569109728468884	CPU_4	0	0	0	100.00	0	0	0	0	0	0
1428569110439921575	CPU_4	0	0	0	100.00	0	0	0	0	0	0
1428569111142297109	CPU_4	0	0	0	100.00	0	0	0	0	0	0
1428569111843500060	CPU_4	0	0	0	100.00	0	0	0	0	0	0
1428569112554782960	CPU_4	0	0	0	100.00	0	0	0	0	0	0
1428569113259900533	CPU_4	0	0	0	100.00	0	0	0	0	0	0
1428569113975373594	CPU_4	0	0	0	100.00	0	0	0	0	0	0
1428569114679238876	CPU_4	0	0	0	100.00	0	0	0	0	0	0
1428569115382104076	CPU_4	0	0	0	100.00	0	0	0	0	0	0
1428569116091498435	CPU_4	0	0	0	100.00	0	0	0	0	0	0
1428569116794488301	CPU_4	0	0	0	100.00	0	0	0	0	0	0
1428569117497968791	CPU_4	0	0	0	100.00	0	0	0	0	0	0
1428569118207447067	CPU_4	0	0	0	100.00	0	0	0	0	0	0
1428569118909994308	CPU_4	0	0	0	100.00	0	0	0	0	0	0
1428569119621068957	CPU_4	0	0	0	100.00	0	0	0	0	0	0
1428569120323194031	CPU_4	0	0	0	100.00	0	0	0	0	0	0
1428569121024984648	CPU_4	0	0	0	100.00	0	0	0	0	0	0
1428569121740190000	CPU_4	0	0	0	100.00	0	0	0	0	0	0
1428569122442613491	CPU_4	0	0	0	100.00	0	0	0	0	0	0
1428569123146794230	CPU_4	0	0	0	100.00	0	0	0	0	0	0
1428569123859044419	CPU_4	0	0	0	100.00	0	0	0	0	0	0
1428569124562027617	CPU_4	0	0	0	100.00	0	0	0	0	0	0
1428569125273149515	CPU_4	0	0	0	100.00	0	0	0	0	0	0
1428569125977614920	CPU_4	0	0	0	100.00	0	0	0	0	0	0
1428569126682388574	CPU_4	0	0	0	100.00	0	0	0	0	0	0
1428569127392832097	CPU_4	0	0	0	100.00	0	0	0	0	0	0
1428569128095342504	CPU_4	0	0	0	100.00	0	0	0	0	0	0
1428569128800125908	CPU_4	0	0	0	100.00	0	0	0	0	0	0
1428569129509725474	CPU_4	0	0	0	100.00	0	0	0	0	0	0
1428569130213050296	CPU_4	0	0	0	100.00	0	0	0	0	0	0
1428569130926505316	CPU_4	0	0	0	100.00	0	0	0	0	0	0
1428569131628248097	CPU_4	0	0	0	100.00	0	0	0	0	0	0
1428569132330310337	CPU_4	0	0	0	100.00	0	0	0	0	0	0
1428569133044844897	CPU_4	0	0	0	100.00	0	0	0	0	0	0
1428569133748272344	CPU_4	0	0	0	100.00	0	0	0	0	0	0
1428569134455542411	CPU_4	0	0	0	100.00	0	0	0	0	0	0
1428569135162058146	CPU_4	0	0	0	100.00	0	0	0	0	0	0
1428569135863321803	CPU_4	0	0	0	100.00	0	0	0	0	0	0
1428569136575254157	CPU_4	0	0	0	100.00	0	0	0	0	0	0
1428569137278837852	CPU_4	0	0	0	100.00	0	0	0	0	0	0
1428569137978108636	CPU_4	0	0	0	100.00	0	0	0	0	0	0
1428569138694346485	CPU_4	0	0	0	100.00	0	0	0	0	0	0
1428569139396984932	CPU_4	0	0	0	100.00	0	0	0	0	0	0
1428569140108017578	CPU_4	0	0	0	100.00	0	0	0	0	0	0
1428569140817267726	CPU_4	0	0	0	100.00	0	0	0	0	0	0
1428569141522624211	CPU_4	0	0	0	100.00	0	0	0	0	0	0
1428569142235760521	CPU_4	0	0	0	100.00	0	0	0	0	0	0
1428569142940438215	CPU_4	0	0	0	100.00	0	0	0	0	0	0
1428569143643204036	CPU_4	0	0	0	100.00	0	0	0	0	0	0
1428569144359406635	CPU_4	0	0	0	100.00	0	0	0	0	0	0
1428569145060669373	CPU_4	0	0	0	100.00	0	0	0	0	0	0
1428569145779134011	CPU_4	0	0	0	100.00	0	0	0	0	0	0
1428569146481671540	CPU_4	0	0	0	100.00	0	0	0	0	0	0
1428569147184628652	CPU_4	0	0	0	100.00	0	0	0	0	0	0
1428569147897719920	CPU_4	0	0	0	100.00	0	0	0	0	0	0
1428569148602446321	CPU_4	0	0	0	100.00	0	0	0	0	0	0
1428569149304209434	CPU_4	0	0	0	100.00	0	0	0	0	0	0
1428569150017233119	CPU_4	0	0	0	100.00	0	0	0	0	0	0
1428569150721895103	CPU_4	0	0	0	100.00	0	0	0	0	0	0
1428569151432642290	CPU_4	0	0	0	100.00	0	0	0	0	0	0
1428569152135619109	CPU_4	0	0	0	100.00	0	0	0	0	0	0
1428569152840019136	CPU_4	0	0	0	100.00	0	0	0	0	0	0
1428569153554113527	CPU_4	0	0	0	100.00	0	0	0	0	0	0
1428569154259766176	CPU_4	0	0	0	100.00	0	0	0	0	0	0
1428569154972716985	CPU_4	0	0	0	100.00	0	0	0	0	0	0
1428569155680128133	CPU_4	0	0	0	100.00	0	0	0	0	0	0
1428569156384508576	CPU_4	0	0	0	100.00	0	0	0	0	0	0
1428569157099098424	CPU_4	0	0	0	100.00	0	0	0	0	0	0
1428569157802704367	CPU_4	0	0	0	100.00	0	0	0	0	0	0
1428569158506721560	CPU_4	0	0	0	100.00	0	0	0	0	0	0
1428569159220181117	CPU_4	0	0	0	100.00	0	0	0	0	0	0
1428569159926306683	CPU_4	0	0	0	100.00	0	0	0	0	0	0
1428569160637585201	CPU_4	0	0	0	100.00	0	0	0	0	0	0
1428569161341685309	CPU_4	0	0	0	100.00	0	0	0	0	0	0
1428569162045282544	CPU_4	0	0	0	100.00	0	0	0	0	0	0
1428569162757107811	CPU_4	0	0	0	100.00	0	0	0	0	0	0
1428569163459905504	CPU_4	0	0	0	100.00	0	0	0	0	0	0
1428569164163026988	CPU_4	0	0	0	100.00	0	0	0	0	0	0
1428569164874866005	CPU_4	0	0	0	100.00	0	0	0	0	0	0
1428569165579964988	CPU_4	0	0	0	100.00	0	0	0	0	0	0
1428569166292985128	CPU_4	0	0	0	100.00	0	0	0	0	0	0
1428569166995149738	CPU_4	0	0	0	100.00	0	0	0	0	0	0
1428569167699077180	CPU_4	0	0	0	100.00	0	0	0	0	0	0
1428569168413906318	CPU_4	0	0	0	100.00	0	0	0	0	0	0
1428569169114293221	CPU_4	0	0	0	100.00	0	0	0	0	0	0
1428569169819045328	CPU_4	0	0	0	100.00	0	0	0	0	0	0
1428569170531493760	CPU_4	0	0	0	100.00	0	0	0	0	0	0
1428569171233132287	CPU_4	0	0	0	100.00	0	0	0	0	0	0
1428569171945977010	CPU_4	0	0	0	100.00	0	0	0	0	0	0
1428569172650260118	CPU_4	0	0	0	100.00	0	0	0	0	0	0
1428569173353436017	CPU_4	0	0	0	100.00	0	0	0	0	0	0
1428569174067377823	CPU_4	0	0	0	100.00	0	0	0	0	0	0
1428569174771323596	CPU_4	0	0	0	100.00	0	0	0	0	0	0
1428569175478092700	CPU_4	0	0	0	100.00	0	0	0	0	0	0
1428569176188380343	CPU_4	0	0	0	100.00	0	0	0	0	0	0
1428569176894443406	CPU_4	0	0	0	100.00	0	0	0	0	0	0
1428569177609331084	CPU_4	0	0	0	100.00	0	0	0	0	0	0
1428569178311895567	CPU_4	0	0	0	100.00	0	0	0	0	0	0
1428569179014742717	CPU_4	0	0	0	100.00	0	0	0	0	0	0
1428569179730560103	CPU_4	0	0	0	100.00	0	0	0	0	0	0
1428569180432023920	CPU_4	0	0	0	100.00	0	0	0	0	0	0
1428569181147642181	CPU_4	0	0	0	100.00	0	0	0	0	0	0
1428569181852392328	CPU_4	0	0	0	100.00	0	0	0	0	0	0
1428569182554342936	CPU_4	0	0	0	100.00	0	0	0	0	0	0
1428569183269760447	CPU_4	0	0	0	100.00	0	0	0	0	0	0
1428569183978955964	CPU_4	0	0	0	100.00	0	0	0	0	0	0
1428569184684234444	CPU_4	0	0	0	100.00	0	0	0	0	0	0
1428569185401591035	CPU_4	0	0	0	100.00	0	0	0	0	0	0
1428569186105201975	CPU_4	0	0	0	100.00	0	0	0	0	0	0
1428569186818354779	CPU_4	0	0	0	100.00	0	0	0	0	0	0
1428569187522449218	CPU_4	0	0	0	100.00	0	0	0	0	0	0
1428569188228189321	CPU_4	0	0	0	100.00	0	0	0	0	0	0
1428569188944253956	CPU_4	0	0	0	100.00	0	0	0	0	0	0
1428569189675206533	CPU_4	0	0	0	100.00	0	0	0	0	0	0
1428569190392243249	CPU_4	0	0	0	100.00	0	0	0	0	0	0
1428569191098214561	CPU_4	0	0	0	100.00	0	0	0	0	0	0
1428569191801166667	CPU_4	0	0	0	100.00	0	0	0	0	0	0
1428569192515144886	CPU_4	0	0	0	100.00	0	0	0	0	0	0
1428569193218897158	CPU_4	0	0	0	100.00	0	0	0	0	0	0
1428569193924452510	CPU_4	0	0	0	100.00	0	0	0	0	0	0
1428569194638361438	CPU_4	0	0	0	100.00	0	0	0	0	0	0
1428569195346816663	CPU_4	0	0	0	100.00	0	0	0	0	0	0
1428569196060588632	CPU_4	0	0	0	100.00	0	0	0	0	0	0
1428569196767801066	CPU_4	0	0	0	100.00	0	0	0	0	0	0
1428569197471707212	CPU_4	0	0	0	100.00	0	0	0	0	0	0
1428569198187418220	CPU_4	0	0	0	100.00	0	0	0	0	0	0
1428569198890916325	CPU_4	0	0	0	100.00	0	0	0	0	0	0
1428569199609335330	CPU_4	0	0	0	100.00	0	0	0	0	0	0
1428569200314246933	CPU_4	0	0	0	100.00	0	0	0	0	0	0
1428569201017131871	CPU_4	0	0	0	100.00	0	0	0	0	0	0
1428569201732628296	CPU_4	0	0	0	100.00	0	0	0	0	0	0
1428569202438580523	CPU_4	0	0	0	100.00	0	0	0	0	0	0
1428569203139952004	CPU_4	0	0	0	100.00	0	0	0	0	0	0
1428569203854560221	CPU_4	0	0	0	100.00	0	0	0	0	0	0
1428569204557972533	CPU_4	0	0	0	100.00	0	0	0	0	0	0
1428569205270350544	CPU_4	0	0	0	100.00	0	0	0	0	0	0
1428569205975359438	CPU_4	0	0	0	100.00	0	0	0	0	0	0
1428569206680287581	CPU_4	0	0	0	100.00	0	0	0	0	0	0
1428569207393873632	CPU_4	0	0	0	100.00	0	0	0	0	0	0
1428569208098106652	CPU_4	0	0	0	100.00	0	0	0	0	0	0
1428569208802589545	CPU_4	0	0	0	100.00	0	0	0	0	0	0
1428569209517233803	CPU_4	0	0	0	100.00	0	0	0	0	0	0
1428569210219875699	CPU_4	0	0	0	100.00	0	0	0	0	0	0
1428569210936702871	CPU_4	0	0	0	100.00	0	0	0	0	0	0
1428569211643529304	CPU_4	0	0	0	100.00	0	0	0	0	0	0
1428569212347089240	CPU_4	0	0	0	100.00	0	0	0	0	0	0
1428569213062367330	CPU_4	0	0	0	100.00	0	0	0	0	0	0
1428569213769201346	CPU_4	0	0	0	100.00	0	0	0	0	0	0
1428569214487361975	CPU_4	0	0	0	100.00	0	0	0	0	0	0
1428569215193597116	CPU_4	0	0	0	100.00	0	0	0	0	0	0
1428569215901504172	CPU_4	0	0	0	100.00	0	0	0	0	0	0
1428569216616648720	CPU_4	0	0	0	100.00	0	0	0	0	0	0
1428569217321516237	CPU_4	0	0	0	100.00	0	0	0	0	0	0
1428569218025857713	CPU_4	0	0	0	100.00	0	0	0	0	0	0
1428569218738103556	CPU_4	0	0	0	100.00	0	0	0	0	0	0
1428569219444128822	CPU_4	0	0	0	100.00	0	0	0	0	0	0
1428569220158312746	CPU_4	0	0	0	100.00	0	0	0	0	0	0
1428569220866523051	CPU_4	0	0	0	100.00	0	0	0	0	0	0
1428569221568126779	CPU_4	0	0	0	100.00	0	0	0	0	0	0
1428569222289016154	CPU_4	0	0	6.94	93.05	0	0	0	0	0	0
1428569222990919090	CPU_4	0	0	0	100.00	0	0	0	0	0	0
1428569223699387311	CPU_4	0	0	0	100.00	0	0	0	0	0	0
1428569224405507576	CPU_4	0	0	0	100.00	0	0	0	0	0	0
1428569225107831012	CPU_4	0	0	0	100.00	0	0	0	0	0	0
1428569225816701649	CPU_4	0	0	0	100.00	0	0	0	0	0	0
1428569226520667957	CPU_4	0	0	0	100.00	0	0	0	0	0	0
1428569227221495811	CPU_4	0	0	0	100.00	0	0	0	0	0	0
1428569227932435779	CPU_4	0	0	0	100.00	0	0	0	0	0	0
1428569228633737965	CPU_4	0	0	0	100.00	0	0	0	0	0	0
1428569229346412597	CPU_4	0	0	0	100.00	0	0	0	0	0	0
1428569230048047366	CPU_4	0	0	0	100.00	0	0	0	0	0	0
1428569230752362299	CPU_4	0	0	0	100.00	0	0	0	0	0	0
1428569231465590389	CPU_4	0	0	0	100.00	0	0	0	0	0	0
1428569232166446575	CPU_4	0	0	0	100.00	0	0	0	0	0	0
1428569232870752133	CPU_4	0	0	0	100.00	0	0	0	0	0	0
1428569233583794098	CPU_4	0	0	0	100.00	0	0	0	0	0	0
1428569234285032950	CPU_4	0	0	0	100.00	0	0	0	0	0	0
1428569235006059823	CPU_4	0	0	0	100.00	0	0	0	0	0	0
1428569235714713292	CPU_4	0	0	0	100.00	0	0	0	0	0	0
1428569236418972849	CPU_4	0	0	0	100.00	0	0	0	0	0	0
1428569237131193523	CPU_4	0	0	0	100.00	0	0	0	0	0	0
1428569237837384869	CPU_4	0	0	0	100.00	0	0	0	0	0	0
1428569238544754714	CPU_4	0	0	0	100.00	0	0	0	0	0	0
1428569239257434054	CPU_4	0	0	0	100.00	0	0	0	0	0	0
1428569239960917945	CPU_4	0	0	0	100.00	0	0	0	0	0	0
1428569240675745282	CPU_4	0	0	0	100.00	0	0	0	0	0	0
1428569241378111549	CPU_4	0	0	0	100.00	0	0	0	0	0	0
1428569242083557270	CPU_4	0	0	0	100.00	0	0	0	0	0	0
1428569242796267026	CPU_4	0	0	0	100.00	0	0	0	0	0	0
1428569243499639333	CPU_4	0	0	0	100.00	0	0	0	0	0	0
1428569244203994389	CPU_4	0	0	0	100.00	0	0	0	0	0	0
1428569244919363725	CPU_4	0	0	0	100.00	0	0	0	0	0	0
1428569245621278367	CPU_4	0	0	0	100.00	0	0	0	0	0	0
1428569246336349953	CPU_4	0	0	0	100.00	0	0	0	0	0	0
1428569247041204091	CPU_4	0	0	0	100.00	0	0	0	0	0	0
1428569247749110476	CPU_4	0	0	0	100.00	0	0	0	0	0	0
1428569248464332062	CPU_4	0	0	0	100.00	0	0	0	0	0	0
1428569249169774324	CPU_4	0	0	0	100.00	0	0	0	0	0	0
1428569249887086866	CPU_4	0	0	0	100.00	0	0	0	0	0	0
1428569250604001950	CPU_4	0	0	0	100.00	0	0	0	0	0	0
1428569251307856380	CPU_4	0	0	0	100.00	0	0	0	0	0	0
1428569252023398465	CPU_4	0	0	0	100.00	0	0	0	0	0	0
1428569252725883147	CPU_4	0	0	0	100.00	0	0	0	0	0	0
1428569253437943152	CPU_4	0	0	0	100.00	0	0	0	0	0	0
1428569254149511199	CPU_4	0	0	0	100.00	0	0	0	0	0	0
1428569254852438130	CPU_4	0	0	0	100.00	0	0	0	0	0	0
1428569255566707841	CPU_4	0	0	0	100.00	0	0	0	0	0	0
1428569256271338103	CPU_4	0	0	0	100.00	0	0	0	0	0	0
1428569256973478160	CPU_4	0	0	0	100.00	0	0	0	0	0	0
1428569257688182537	CPU_4	0	0	0	100.00	0	0	0	0	0	0
1428569258393930256	CPU_4	0	0	0	100.00	0	0	0	0	0	0
1428569259112340295	CPU_4	0	0	0	100.00	0	0	0	0	0	0
1428569259817036265	CPU_4	0	0	0	100.00	0	0	0	0	0	0
1428569260523111317	CPU_4	0	0	0	100.00	0	0	0	0	0	0
1428569261239015817	CPU_4	0	0	0	100.00	0	0	0	0	0	0
1428569261943871746	CPU_4	0	0	0	100.00	0	0	0	0	0	0
1428569262647054550	CPU_4	0	0	0	100.00	0	0	0	0	0	0
1428569263360897219	CPU_4	0	0	0	100.00	0	0	0	0	0	0
1428569264065395647	CPU_4	0	0	0	100.00	0	0	0	0	0	0
1428569264780421647	CPU_4	0	0	0	100.00	0	0	0	0	0	0
1428569265485897283	CPU_4	0	0	0	100.00	0	0	0	0	0	0
1428569266188304838	CPU_4	0	0	0	100.00	0	0	0	0	0	0
1428569266902091131	CPU_4	0	0	0	100.00	0	0	0	0	0	0
1428569267607486391	CPU_4	0	0	0	100.00	0	0	0	0	0	0
1428569268313403192	CPU_4	0	0	0	100.00	0	0	0	0	0	0
1428569269023294156	CPU_4	0	0	0	100.00	0	0	0	0	0	0
1428569269726783959	CPU_4	0	0	0	100.00	0	0	0	0	0	0
1428569270439987878	CPU_4	0	0	0	100.00	0	0	0	0	0	0
1428569271143188306	CPU_4	0	0	0	100.00	0	0	0	0	0	0
1428569271850614230	CPU_4	0	0	0	100.00	0	0	0	0	0	0
1428569272562833024	CPU_4	0	0	0	100.00	0	0	0	0	0	0
1428569273268574825	CPU_4	0	0	0	100.00	0	0	0	0	0	0
1428569273981785535	CPU_4	0	0	0	100.00	0	0	0	0	0	0
1428569274688925750	CPU_4	0	0	0	100.00	0	0	0	0	0	0
1428569275390969055	CPU_4	0	0	0	100.00	0	0	0	0	0	0
1428569276106278720	CPU_4	0	0	0	100.00	0	0	0	0	0	0
1428569276811563979	CPU_4	0	0	0	100.00	0	0	0	0	0	0
1428569277516138489	CPU_4	0	0	0	100.00	0	0	0	0	0	0
1428569278229370406	CPU_4	0	0	0	100.00	0	0	0	0	0	0
1428569278935198872	CPU_4	0	0	0	100.00	0	0	0	0	0	0
1428569279648996081	CPU_4	0	0	0	100.00	0	0	0	0	0	0
1428569280354214048	CPU_4	0	0	0	100.00	0	0	0	0	0	0
1428569281068837213	CPU_4	0	0	0	100.00	0	0	0	0	0	0
1428569281781605588	CPU_4	0	0	0	100.00	0	0	0	0	0	0
1428569282486529264	CPU_4	0	0	0	100.00	0	0	0	0	0	0
1428569283207632547	CPU_4	0	0	0	100.00	0	0	0	0	0	0
1428569283911605848	CPU_4	0	0	0	100.00	0	0	0	0	0	0
1428569284618169438	CPU_4	0	0	0	100.00	0	0	0	0	0	0
1428569285332553603	CPU_4	0	0	0	100.00	0	0	0	0	0	0
1428569286043958980	CPU_4	0	0	0	100.00	0	0	0	0	0	0
1428569286747035198	CPU_4	0	0	0	100.00	0	0	0	0	0	0
1428569287462656070	CPU_4	0	0	0	100.00	0	0	0	0	0	0
1428569288166821746	CPU_4	0	0	0	100.00	0	0	0	0	0	0
1428569288880422953	CPU_4	0	0	0	100.00	0	0	0	0	0	0
1428569289586186001	CPU_4	0	0	0	100.00	0	0	0	0	0	0
1428569290292308799	CPU_4	0	0	0	100.00	0	0	0	0	0	0
1428569291005055424	CPU_4	0	0	0	100.00	0	0	0	0	0	0
1428569291711683596	CPU_4	0	0	0	100.00	0	0	0	0	0	0
1428569292423296888	CPU_4	0	0	0	100.00	0	0	0	0	0	0
1428569293132912682	CPU_4	0	0	0	100.00	0	0	0	0	0	0
1428569293838321814	CPU_4	0	0	0	100.00	0	0	0	0	0	0
1428569294554407601	CPU_4	0	0	0	100.00	0	0	0	0	0	0
1428569295258802734	CPU_4	0	0	0	100.00	0	0	0	0	0	0
1428569295969898984	CPU_4	0	0	0	100.00	0	0	0	0	0	0
1428569296684144065	CPU_4	0	0	0	100.00	0	0	0	0	0	0
1428569297391197944	CPU_4	0	0	0	100.00	0	0	0	0	0	0
1428569298104304567	CPU_4	0	0	0	100.00	0	0	0	0	0	0
1428569298811462613	CPU_4	0	0	0	100.00	0	0	0	0	0	0
1428569299515990412	CPU_4	0	0	0	100.00	0	0	0	0	0	0
1428569300228813243	CPU_4	0	0	0	100.00	0	0	0	0	0	0
1428569300933121792	CPU_4	0	0	0	100.00	0	0	0	0	0	0
1428569301644024167	CPU_4	0	0	0	100.00	0	0	0	0	0	0
1428569302354790333	CPU_4	0	0	0	100.00	0	0	0	0	0	0
1428569303060809380	CPU_4	0	0	0	100.00	0	0	0	0	0	0
1428569303791325776	CPU_4	0	0	0	100.00	0	0	0	0	0	0
1428569304537571863	CPU_4	0	0	0	100.00	0	0	0	0	0	0
1428569305303977137	CPU_4	1.28	0	5.12	93.58	0	0	0	0	0	0
1428569306010019933	CPU_4	0	0	0	100.00	0	0	0	0	0	0
1428569306715047355	CPU_4	0	0	0	100.00	0	0	0	0	0	0
1428569307430085934	CPU_4	0	0	0	100.00	0	0	0	0	0	0
1428569308133532316	CPU_4	0	0	0	100.00	0	0	0	0	0	0
1428569308847709728	CPU_4	0	0	0	100.00	0	0	0	0	0	0
1428569309557826894	CPU_4	0	0	0	100.00	0	0	0	0	0	0
1428569310260992776	CPU_4	0	0	0	100.00	0	0	0	0	0	0
1428569310975934687	CPU_4	0	0	0	100.00	0	0	0	0	0	0
1428569311679274069	CPU_4	0	0	0	100.00	0	0	0	0	0	0
1428569312377577706	CPU_4	0	0	0	100.00	0	0	0	0	0	0
1428569313090208452	CPU_4	0	0	0	100.00	0	0	0	0	0	0
1428569313790968545	CPU_4	0	0	0	100.00	0	0	0	0	0	0
1428569314507839454	CPU_4	0	0	0	100.00	0	0	0	0	0	0
1428569315209998919	CPU_4	0	0	0	100.00	0	0	0	0	0	0
1428569315913809967	CPU_4	0	0	0	100.00	0	0	0	0	0	0
1428569316627924336	CPU_4	0	0	0	100.00	0	0	0	0	0	0
1428569317330413135	CPU_4	0	0	0	100.00	0	0	0	0	0	0
1428569318036012971	CPU_4	0	0	0	100.00	0	0	0	0	0	0
1428569318750489215	CPU_4	0	0	0	100.00	0	0	0	0	0	0
1428569319451778140	CPU_4	0	0	0	100.00	0	0	0	0	0	0
1428569320165481718	CPU_4	0	0	0	100.00	0	0	0	0	0	0
1428569320870634971	CPU_4	0	0	0	100.00	0	0	0	0	0	0
1428569321573447686	CPU_4	0	0	0	100.00	0	0	0	0	0	0
1428569322287123388	CPU_4	0	0	0	100.00	0	0	0	0	0	0
1428569322993236307	CPU_4	0	0	0	100.00	0	0	0	0	0	0
1428569323695895855	CPU_4	0	0	0	100.00	0	0	0	0	0	0
1428569324409453849	CPU_4	0	0	0	100.00	0	0	0	0	0	0
1428569325115058976	CPU_4	0	0	0	100.00	0	0	0	0	0	0
1428569325827154889	CPU_4	0	0	0	100.00	0	0	0	0	0	0
1428569326533439099	CPU_4	0	0	0	100.00	0	0	0	0	0	0
1428569327239125226	CPU_4	0	0	0	100.00	0	0	0	0	0	0
1428569327952655053	CPU_4	0	0	0	100.00	0	0	0	0	0	0
1428569328659705887	CPU_4	0	0	0	100.00	0	0	0	0	0	0
1428569329378578583	CPU_4	0	0	0	100.00	0	0	0	0	0	0
1428569330086119874	CPU_4	0	0	0	100.00	0	0	0	0	0	0
1428569330791462460	CPU_4	0	0	0	100.00	0	0	0	0	0	0
1428569331509773365	CPU_4	0	0	0	100.00	0	0	0	0	0	0
1428569332217173573	CPU_4	0	0	0	100.00	0	0	0	0	0	0
1428569332921784075	CPU_4	0	0	0	100.00	0	0	0	0	0	0
1428569333637269650	CPU_4	0	0	0	100.00	0	0	0	0	0	0
1428569334343747900	CPU_4	0	0	0	100.00	0	0	0	0	0	0
1428569335057404101	CPU_4	0	0	0	100.00	0	0	0	0	0	0
1428569335763428602	CPU_4	0	0	0	100.00	0	0	0	0	0	0
1428569336467913021	CPU_4	0	0	0	100.00	0	0	0	0	0	0
1428569337182638970	CPU_4	0	0	0	100.00	0	0	0	0	0	0
1428569337888092346	CPU_4	0	0	0	100.00	0	0	0	0	0	0
1428569338605201252	CPU_4	0	0	0	100.00	0	0	0	0	0	0
1428569339312672417	CPU_4	0	0	0	100.00	0	0	0	0	0	0
1428569340021893581	CPU_4	0	0	0	100.00	0	0	0	0	0	0
1428569340737835320	CPU_4	0	0	0	100.00	0	0	0	0	0	0
1428569341447243900	CPU_4	0	0	0	100.00	0	0	0	0	0	0
1428569342151482277	CPU_4	0	0	0	100.00	0	0	0	0	0	0
1428569342867286058	CPU_4	0	0	0	100.00	0	0	0	0	0	0
1428569343573390974	CPU_4	0	0	0	100.00	0	0	0	0	0	0
1428569344287147340	CPU_4	0	0	0	100.00	0	0	0	0	0	0
1428569344992553424	CPU_4	0	0	0	100.00	0	0	0	0	0	0
1428569345699173423	CPU_4	0	0	0	100.00	0	0	0	0	0	0
1428569346412714373	CPU_4	0	0	0	100.00	0	0	0	0	0	0
1428569347119658038	CPU_4	0	0	0	100.00	0	0	0	0	0	0
1428569347836943233	CPU_4	0	0	0	100.00	0	0	0	0	0	0
1428569348545704688	CPU_4	0	0	0	100.00	0	0	0	0	0	0
1428569349250293063	CPU_4	0	0	0	100.00	0	0	0	0	0	0
1428569349967020676	CPU_4	0	0	0	100.00	0	0	0	0	0	0
