#Timestamp	CPU_ID	user%	nice%	sys%	idle%	iowait%	irq%	softiq%	steal%	guest%	guest_nice%
1428501922797690383	CPU_4	85.00	0	5.00	8.33	0	1.66	0	0	0	0
1428501923480719158	CPU_4	100.00	0	0	0	0	0	0	0	0	0
1428501924167896766	CPU_4	100.00	0	0	0	0	0	0	0	0	0
1428501924865423214	CPU_4	97.18	0	0	0	0	1.40	1.40	0	0	0
1428501925554861519	CPU_4	100.00	0	0	0	0	0	0	0	0	0
1428501926261118341	CPU_4	100.00	0	0	0	0	0	0	0	0	0
1428501926951050344	CPU_4	98.57	0	0	0	0	1.42	0	0	0	0
1428501927642150840	CPU_4	100.00	0	0	0	0	0	0	0	0	0
1428501928342924344	CPU_4	98.59	0	0	0	0	0	1.40	0	0	0
1428501929035239373	CPU_4	98.57	0	0	0	0	1.42	0	0	0	0
1428501929727325310	CPU_4	100.00	0	0	0	0	0	0	0	0	0
1428501930426579834	CPU_4	100.00	0	0	0	0	0	0	0	0	0
1428501931115915466	CPU_4	98.55	0	0	0	0	1.44	0	0	0	0
1428501931834133708	CPU_4	98.61	0	0	0	0	0	1.38	0	0	0
1428501932534294630	CPU_4	98.59	0	0	0	0	1.40	0	0	0	0
1428501933222430616	CPU_4	100.00	0	0	0	0	0	0	0	0	0
1428501933915114685	CPU_4	100.00	0	0	0	0	0	0	0	0	0
1428501934617156590	CPU_4	98.57	0	0	0	0	1.42	0	0	0	0
1428501935307645268	CPU_4	100.00	0	0	0	0	0	0	0	0	0
1428501936013227209	CPU_4	98.57	0	0	0	0	0	1.42	0	0	0
1428501936702911081	CPU_4	98.57	0	0	0	0	1.42	0	0	0	0
1428501937395890869	CPU_4	100.00	0	0	0	0	0	0	0	0	0
1428501938096360827	CPU_4	100.00	0	0	0	0	0	0	0	0	0
1428501938787450516	CPU_4	98.55	0	0	0	0	1.44	0	0	0	0
1428501939480647285	CPU_4	98.57	0	0	0	0	0	1.42	0	0	0
1428501940182128684	CPU_4	100.00	0	0	0	0	0	0	0	0	0
1428501940872218647	CPU_4	98.55	0	0	0	0	1.44	0	0	0	0
1428501941565873190	CPU_4	100.00	0	0	0	0	0	0	0	0	0
1428501942284688172	CPU_4	100.00	0	0	0	0	0	0	0	0	0
1428501942975682910	CPU_4	97.14	0	0	0	0	1.42	1.42	0	0	0
1428501943669507435	CPU_4	100.00	0	0	0	0	0	0	0	0	0
1428501944372605173	CPU_4	100.00	0	0	0	0	0	0	0	0	0
1428501945064719311	CPU_4	98.55	0	0	0	0	1.44	0	0	0	0
1428501945769060787	CPU_4	100.00	0	0	0	0	0	0	0	0	0
1428501946460326495	CPU_4	98.57	0	0	0	0	0	1.42	0	0	0
1428501947153808283	CPU_4	98.57	0	0	0	0	1.42	0	0	0	0
1428501947857234700	CPU_4	100.00	0	0	0	0	0	0	0	0	0
1428501948547348805	CPU_4	100.00	0	0	0	0	0	0	0	0	0
1428501949241142242	CPU_4	98.57	0	0	0	0	1.42	0	0	0	0
1428501949944355892	CPU_4	100.00	0	0	0	0	0	0	0	0	0
1428501950636368398	CPU_4	98.55	0	0	0	0	0	1.44	0	0	0
1428501951330385068	CPU_4	98.57	0	0	0	0	1.42	0	0	0	0
1428501952034806743	CPU_4	100.00	0	0	0	0	0	0	0	0	0
1428501952725930731	CPU_4	98.55	0	0	0	0	1.44	0	0	0	0
1428501953430234476	CPU_4	100.00	0	0	0	0	0	0	0	0	0
1428501954126924084	CPU_4	98.57	0	0	0	0	0	1.42	0	0	0
1428501954820188683	CPU_4	98.57	0	0	0	0	1.42	0	0	0	0
1428501955524157910	CPU_4	100.00	0	0	0	0	0	0	0	0	0
1428501956215302662	CPU_4	100.00	0	0	0	0	0	0	0	0	0
1428501956910251996	CPU_4	98.57	0	0	0	0	1.42	0	0	0	0
1428501957629362052	CPU_4	98.61	0	0	0	0	0	1.38	0	0	0
1428501958321220371	CPU_4	100.00	0	0	0	0	0	0	0	0	0
1428501959017137022	CPU_4	98.57	0	0	0	0	1.42	0	0	0	0
1428501959721130881	CPU_4	100.00	0	0	0	0	0	0	0	0	0
1428501960412931516	CPU_4	100.00	0	0	0	0	0	0	0	0	0
1428501961117777908	CPU_4	97.18	0	0	0	0	1.40	1.40	0	0	0
1428501961815931870	CPU_4	100.00	0	0	0	0	0	0	0	0	0
1428501962509551990	CPU_4	100.00	0	0	0	0	0	0	0	0	0
1428501963212431571	CPU_4	98.57	0	0	0	0	1.42	0	0	0	0
1428501963910032101	CPU_4	100.00	0	0	0	0	0	0	0	0	0
1428501964602214285	CPU_4	98.57	0	0	0	0	0	1.42	0	0	0
1428501965305700433	CPU_4	98.59	0	0	0	0	1.40	0	0	0	0
1428501966000086278	CPU_4	100.00	0	0	0	0	0	0	0	0	0
1428501966694110822	CPU_4	100.00	0	0	0	0	0	0	0	0	0
1428501967402285832	CPU_4	98.59	0	0	0	0	1.40	0	0	0	0
1428501968094662491	CPU_4	100.00	0	0	0	0	0	0	0	0	0
1428501968788539270	CPU_4	98.57	0	0	0	0	0	1.42	0	0	0
1428501969493442427	CPU_4	98.59	0	0	0	0	1.40	0	0	0	0
1428501970185726195	CPU_4	100.00	0	0	0	0	0	0	0	0	0
1428501970890338258	CPU_4	100.00	0	0	0	0	0	0	0	0	0
1428501971584407348	CPU_4	98.57	0	0	0	0	1.42	0	0	0	0
1428501972276544100	CPU_4	98.55	0	0	0	0	0	1.44	0	0	0
1428501972981992731	CPU_4	100.00	0	0	0	0	0	0	0	0	0
1428501973677440390	CPU_4	98.55	0	0	0	0	1.44	0	0	0	0
1428501974370473000	CPU_4	100.00	0	0	0	0	0	0	0	0	0
1428501975074579823	CPU_4	98.59	0	0	0	0	1.40	0	0	0	0
1428501975774867677	CPU_4	98.59	0	0	0	0	0	1.40	0	0	0
1428501976468917398	CPU_4	100.00	0	0	0	0	0	0	0	0	0
1428501977172733454	CPU_4	98.59	0	0	0	0	1.40	0	0	0	0
1428501977867186998	CPU_4	100.00	0	0	0	0	0	0	0	0	0
1428501978603350646	CPU_4	100.00	0	0	0	0	0	0	0	0	0
1428501979298075888	CPU_4	97.14	0	0	0	0	1.42	1.42	0	0	0
1428501979996230336	CPU_4	100.00	0	0	0	0	0	0	0	0	0
1428501980698870404	CPU_4	100.00	0	0	0	0	0	0	0	0	0
1428501981395424840	CPU_4	98.55	0	0	0	0	1.44	0	0	0	0
1428501982091744396	CPU_4	100.00	0	0	0	0	0	0	0	0	0
1428501982796405284	CPU_4	98.57	0	0	0	0	0	1.42	0	0	0
1428501983492353620	CPU_4	98.57	0	0	0	0	1.42	0	0	0	0
1428501984191739328	CPU_4	100.00	0	0	0	0	0	0	0	0	0
1428501984901503996	CPU_4	100.00	0	0	0	0	0	0	0	0	0
1428501985597418108	CPU_4	98.57	0	0	0	0	1.42	0	0	0	0
1428501986300478970	CPU_4	98.59	0	0	0	0	0	1.40	0	0	0
1428501986998268699	CPU_4	100.00	0	0	0	0	0	0	0	0	0
1428501987697080130	CPU_4	98.57	0	0	0	0	1.42	0	0	0	0
1428501988427685950	CPU_4	100.00	0	0	0	0	0	0	0	0	0
1428501989123185746	CPU_4	100.00	0	0	0	0	0	0	0	0	0
1428501989820326953	CPU_4	98.57	0	0	0	0	1.42	0	0	0	0
1428501990524643409	CPU_4	98.57	0	0	0	0	0	1.42	0	0	0
1428501991220408356	CPU_4	100.00	0	0	0	0	0	0	0	0	0
1428501991926089470	CPU_4	98.57	0	0	0	0	1.42	0	0	0	0
1428501992620470989	CPU_4	100.00	0	0	0	0	0	0	0	0	0
1428501993316489130	CPU_4	98.57	0	0	0	0	1.42	0	0	0	0
1428501994023236313	CPU_4	98.61	0	0	0	0	0	1.38	0	0	0
1428501994717938651	CPU_4	100.00	0	0	0	0	0	0	0	0	0
1428501995415346027	CPU_4	98.55	0	0	0	0	1.44	0	0	0	0
1428501996120709028	CPU_4	100.00	0	0	0	0	0	0	0	0	0
1428501996814359976	CPU_4	100.00	0	0	0	0	0	0	0	0	0
1428501997511648837	CPU_4	97.14	0	0	0	0	1.42	1.42	0	0	0
1428501998218014531	CPU_4	100.00	0	0	0	0	0	0	0	0	0
1428501998914296300	CPU_4	100.00	0	0	0	0	0	0	0	0	0
1428501999652676331	CPU_4	98.64	0	0	0	0	1.35	0	0	0	0
1428502000349508047	CPU_4	100.00	0	0	0	0	0	0	0	0	0
1428502001046328885	CPU_4	98.55	0	0	0	0	0	1.44	0	0	0
1428502001753489429	CPU_4	98.61	0	0	0	0	1.38	0	0	0	0
1428502002450343215	CPU_4	100.00	0	0	0	0	0	0	0	0	0
1428502003144511495	CPU_4	100.00	0	0	0	0	0	0	0	0	0
1428502003851646192	CPU_4	98.59	0	0	0	0	1.40	0	0	0	0
1428502004549201880	CPU_4	98.57	0	0	0	0	0	1.42	0	0	0
1428502005253079816	CPU_4	100.00	0	0	0	0	0	0	0	0	0
1428502005955413705	CPU_4	98.59	0	0	0	0	1.40	0	0	0	0
1428502006654049754	CPU_4	100.00	0	0	0	0	0	0	0	0	0
1428502007357708926	CPU_4	100.00	0	0	0	0	0	0	0	0	0
1428502008054456091	CPU_4	97.18	0	0	0	0	1.40	1.40	0	0	0
1428502008752735584	CPU_4	100.00	0	0	0	0	0	0	0	0	0
1428502009475894373	CPU_4	100.00	0	0	0	0	0	0	0	0	0
1428502010171949565	CPU_4	98.57	0	0	0	0	1.42	0	0	0	0
1428502010870404961	CPU_4	100.00	0	0	0	0	0	0	0	0	0
1428502011574859687	CPU_4	97.22	0	0	0	0	1.38	1.38	0	0	0
1428502012271508449	CPU_4	100.00	0	0	0	0	0	0	0	0	0
1428502012979966752	CPU_4	100.00	0	0	0	0	0	0	0	0	0
1428502013673416669	CPU_4	98.55	0	0	0	0	1.44	0	0	0	0
1428502014370633292	CPU_4	100.00	0	0	0	0	0	0	0	0	0
1428502015076734663	CPU_4	100.00	0	0	0	0	0	0	0	0	0
1428502015775587652	CPU_4	97.18	0	0	0	0	1.40	1.40	0	0	0
1428502016473313802	CPU_4	100.00	0	0	0	0	0	0	0	0	0
1428502017179092160	CPU_4	100.00	0	0	0	0	0	0	0	0	0
1428502017877364844	CPU_4	98.57	0	0	0	0	1.42	0	0	0	0
1428502018580279482	CPU_4	100.00	0	0	0	0	0	0	0	0	0
1428502019279955615	CPU_4	98.59	0	0	0	0	0	1.40	0	0	0
1428502019978455245	CPU_4	98.57	0	0	0	0	1.42	0	0	0	0
1428502020703507749	CPU_4	100.00	0	0	0	0	0	0	0	0	0
1428502021398325284	CPU_4	100.00	0	0	0	0	0	0	0	0	0
1428502022096285900	CPU_4	98.57	0	0	0	0	1.42	0	0	0	0
1428502022803011554	CPU_4	98.59	0	0	0	0	0	1.40	0	0	0
1428502023499300701	CPU_4	100.00	0	0	0	0	0	0	0	0	0
1428502024195848761	CPU_4	98.57	0	0	0	0	1.42	0	0	0	0
1428502024902005860	CPU_4	100.00	0	0	0	0	0	0	0	0	0
1428502025599050702	CPU_4	100.00	0	0	0	0	0	0	0	0	0
1428502026305677209	CPU_4	97.22	0	0	0	0	1.38	1.38	0	0	0
1428502027004441378	CPU_4	100.00	0	0	0	0	0	0	0	0	0
1428502027699163998	CPU_4	100.00	0	0	0	0	0	0	0	0	0
1428502028406650283	CPU_4	98.57	0	0	0	0	1.42	0	0	0	0
1428502029106276813	CPU_4	100.00	0	0	0	0	0	0	0	0	0
1428502029802787630	CPU_4	97.18	0	0	0	0	1.40	1.40	0	0	0
1428502030509680526	CPU_4	100.00	0	0	0	0	0	0	0	0	0
1428502031207239002	CPU_4	100.00	0	0	0	0	0	0	0	0	0
1428502031907623556	CPU_4	98.57	0	0	0	0	1.42	0	0	0	0
1428502032612055939	CPU_4	100.00	0	0	0	0	0	0	0	0	0
1428502033309911443	CPU_4	98.57	0	0	0	0	0	1.42	0	0	0
1428502034016811153	CPU_4	98.59	0	0	0	0	1.40	0	0	0	0
1428502034715013272	CPU_4	100.00	0	0	0	0	0	0	0	0	0
1428502035415096847	CPU_4	100.00	0	0	0	0	0	0	0	0	0
1428502036121109252	CPU_4	98.59	0	0	0	0	1.40	0	0	0	0
1428502036820007359	CPU_4	100.00	0	0	0	0	0	0	0	0	0
1428502037520467712	CPU_4	98.59	0	0	0	0	0	1.40	0	0	0
1428502038225879021	CPU_4	98.59	0	0	0	0	1.40	0	0	0	0
1428502038924065533	CPU_4	100.00	0	0	0	0	0	0	0	0	0
1428502039634495999	CPU_4	100.00	0	0	0	0	0	0	0	0	0
1428502040330714211	CPU_4	98.57	0	0	0	0	1.42	0	0	0	0
1428502041029492086	CPU_4	98.57	0	0	0	0	0	1.42	0	0	0
1428502041742578748	CPU_4	100.00	0	0	0	0	0	0	0	0	0
1428502042438864780	CPU_4	98.57	0	0	0	0	1.42	0	0	0	0
1428502043138317434	CPU_4	100.00	0	0	0	0	0	0	0	0	0
1428502043849246167	CPU_4	98.59	0	0	0	0	1.40	0	0	0	0
1428502044546045437	CPU_4	98.59	0	0	0	0	0	1.40	0	0	0
1428502045260825579	CPU_4	100.00	0	0	0	0	0	0	0	0	0
1428502045965473384	CPU_4	98.57	0	0	0	0	1.42	0	0	0	0
1428502046662885474	CPU_4	100.00	0	0	0	0	0	0	0	0	0
1428502047370858520	CPU_4	100.00	0	0	0	0	0	0	0	0	0
1428502048071601938	CPU_4	97.18	0	0	0	0	1.40	1.40	0	0	0
1428502048768439016	CPU_4	100.00	0	0	0	0	0	0	0	0	0
1428502049475976561	CPU_4	100.00	0	0	0	0	0	0	0	0	0
1428502050174844076	CPU_4	98.57	0	0	0	0	1.42	0	0	0	0
1428502050877142794	CPU_4	100.00	0	0	0	0	0	0	0	0	0
1428502051579812334	CPU_4	98.61	0	0	0	0	0	1.38	0	0	0
1428502052279010435	CPU_4	98.57	0	0	0	0	1.42	0	0	0	0
1428502052987225105	CPU_4	100.00	0	0	0	0	0	0	0	0	0
1428502053689034193	CPU_4	100.00	0	0	0	0	0	0	0	0	0
1428502054386539588	CPU_4	98.57	0	0	0	0	1.42	0	0	0	0
1428502055095160435	CPU_4	98.59	0	0	0	0	0	1.40	0	0	0
1428502055792988810	CPU_4	100.00	0	0	0	0	0	0	0	0	0
1428502056489407753	CPU_4	98.57	0	0	0	0	1.42	0	0	0	0
1428502057198327486	CPU_4	100.00	0	0	0	0	0	0	0	0	0
1428502057897297503	CPU_4	98.57	0	0	0	0	1.42	0	0	0	0
1428502058604639957	CPU_4	98.61	0	0	0	0	0	1.38	0	0	0
1428502059302734407	CPU_4	100.00	0	0	0	0	0	0	0	0	0
1428502060002640732	CPU_4	98.57	0	0	0	0	1.42	0	0	0	0
1428502060708536690	CPU_4	100.00	0	0	0	0	0	0	0	0	0
1428502061405613147	CPU_4	100.00	0	0	0	0	0	0	0	0	0
1428502062104467603	CPU_4	97.18	0	0	0	0	1.40	1.40	0	0	0
1428502062809815155	CPU_4	100.00	0	0	0	0	0	0	0	0	0
1428502063507600292	CPU_4	100.00	0	0	0	0	0	0	0	0	0
1428502064221660150	CPU_4	98.59	0	0	0	0	1.40	0	0	0	0
1428502064942796567	CPU_4	100.00	0	0	0	0	0	0	0	0	0
1428502065643234974	CPU_4	97.18	0	1.40	0	0	0	1.40	0	0	0
1428502066347329305	CPU_4	98.59	0	0	0	0	1.40	0	0	0	0
1428502067042037133	CPU_4	100.00	0	0	0	0	0	0	0	0	0
1428502067740736005	CPU_4	100.00	0	0	0	0	0	0	0	0	0
1428502068446678103	CPU_4	97.22	0	0	0	0	1.38	1.38	0	0	0
1428502069141610485	CPU_4	100.00	0	0	0	0	0	0	0	0	0
1428502069837075317	CPU_4	100.00	0	0	0	0	0	0	0	0	0
1428502070544299473	CPU_4	98.59	0	0	0	0	1.40	0	0	0	0
1428502071239751327	CPU_4	100.00	0	0	0	0	0	0	0	0	0
1428502071951598275	CPU_4	100.00	0	0	0	0	0	0	0	0	0
1428502072649337074	CPU_4	97.18	0	0	0	0	1.40	1.40	0	0	0
1428502073345814944	CPU_4	100.00	0	0	0	0	0	0	0	0	0
1428502074058487407	CPU_4	98.59	0	1.40	0	0	0	0	0	0	0
1428502074758465853	CPU_4	98.59	0	0	0	0	1.40	0	0	0	0
1428502075453421438	CPU_4	98.55	0	0	0	0	0	1.44	0	0	0
1428502076168419212	CPU_4	98.61	0	0	0	0	1.38	0	0	0	0
1428502076868522881	CPU_4	100.00	0	0	0	0	0	0	0	0	0
1428502077577360986	CPU_4	100.00	0	0	0	0	0	0	0	0	0
1428502078278399764	CPU_4	97.18	0	0	0	0	1.40	1.40	0	0	0
1428502078983523173	CPU_4	100.00	0	0	0	0	0	0	0	0	0
1428502079688482360	CPU_4	100.00	0	0	0	0	0	0	0	0	0
1428502080388518605	CPU_4	97.18	0	0	0	0	1.40	1.40	0	0	0
1428502081088491843	CPU_4	100.00	0	0	0	0	0	0	0	0	0
1428502081798542395	CPU_4	100.00	0	0	0	0	0	0	0	0	0
1428502082493455510	CPU_4	97.18	0	0	0	0	1.40	1.40	0	0	0
1428502083198557528	CPU_4	100.00	0	0	0	0	0	0	0	0	0
1428502083903479452	CPU_4	98.57	0	0	0	0	1.42	0	0	0	0
1428502084603386348	CPU_4	100.00	0	0	0	0	0	0	0	0	0
1428502085313388229	CPU_4	98.59	0	0	0	0	0	1.40	0	0	0
1428502086013543818	CPU_4	98.57	0	0	0	0	1.42	0	0	0	0
1428502086718539328	CPU_4	100.00	0	0	0	0	0	0	0	0	0
1428502087423460538	CPU_4	98.59	0	0	0	0	0	1.40	0	0	0
1428502088123534557	CPU_4	98.59	0	0	0	0	1.40	0	0	0	0
1428502088819956053	CPU_4	100.00	0	0	0	0	0	0	0	0	0
1428502089523580272	CPU_4	100.00	0	0	0	0	0	0	0	0	0
1428502090217563702	CPU_4	97.14	0	0	0	0	1.42	1.42	0	0	0
1428502090917758143	CPU_4	100.00	0	0	0	0	0	0	0	0	0
1428502091617461863	CPU_4	100.00	0	0	0	0	0	0	0	0	0
1428502092311013181	CPU_4	98.57	0	0	0	0	1.42	0	0	0	0
1428502093019048455	CPU_4	100.00	0	0	0	0	0	0	0	0	0
1428502093722816536	CPU_4	97.18	0	0	0	0	1.40	1.40	0	0	0
1428502094426767152	CPU_4	100.00	0	0	0	0	0	0	0	0	0
1428502095138776828	CPU_4	100.00	0	0	0	0	0	0	0	0	0
1428502095836639906	CPU_4	98.57	0	0	0	0	1.42	0	0	0	0
1428502096538835113	CPU_4	98.59	0	0	0	0	0	1.40	0	0	0
1428502097248759754	CPU_4	100.00	0	0	0	0	0	0	0	0	0
1428502097947120351	CPU_4	98.57	0	0	0	0	1.42	0	0	0	0
1428502098651943331	CPU_4	100.00	0	0	0	0	0	0	0	0	0
1428502099348296985	CPU_4	98.57	0	0	0	0	0	1.42	0	0	0
1428502100048826979	CPU_4	98.57	0	0	0	0	1.42	0	0	0	0
1428502100754804854	CPU_4	100.00	0	0	0	0	0	0	0	0	0
1428502101452472611	CPU_4	100.00	0	0	0	0	0	0	0	0	0
1428502102155478044	CPU_4	97.18	0	1.40	0	0	1.40	0	0	0	0
1428502102868494748	CPU_4	98.61	0	0	0	0	0	1.38	0	0	0
1428502103573716377	CPU_4	100.00	0	0	0	0	0	0	0	0	0
1428502104289032154	CPU_4	98.61	0	0	0	0	1.38	0	0	0	0
1428502105048449100	CPU_4	98.68	0	0	0	0	0	1.31	0	0	0
1428502105743345587	CPU_4	98.57	0	0	0	0	1.42	0	0	0	0
1428502106453367570	CPU_4	100.00	0	0	0	0	0	0	0	0	0
1428502107153399058	CPU_4	100.00	0	0	0	0	0	0	0	0	0
1428502107855059958	CPU_4	97.18	0	0	0	0	1.40	1.40	0	0	0
1428502108568507175	CPU_4	100.00	0	0	0	0	0	0	0	0	0
1428502109263469246	CPU_4	100.00	0	0	0	0	0	0	0	0	0
1428502109978376536	CPU_4	97.22	0	0	0	0	1.38	1.38	0	0	0
1428502110678428146	CPU_4	100.00	0	0	0	0	0	0	0	0	0
1428502111373501442	CPU_4	100.00	0	0	0	0	0	0	0	0	0
1428502112083507150	CPU_4	97.22	0	0	0	0	1.38	1.38	0	0	0
1428502112788735375	CPU_4	100.00	0	0	0	0	0	0	0	0	0
1428502113483534812	CPU_4	98.55	0	0	0	0	1.44	0	0	0	0
1428502114193527536	CPU_4	100.00	0	0	0	0	0	0	0	0	0
1428502114898581112	CPU_4	98.59	0	0	0	0	0	1.40	0	0	0
1428502115610896532	CPU_4	98.59	0	0	0	0	1.40	0	0	0	0
1428502116308560237	CPU_4	100.00	0	0	0	0	0	0	0	0	0
1428502117008516524	CPU_4	98.59	0	0	0	0	0	1.40	0	0	0
1428502117714537984	CPU_4	98.59	0	0	0	0	1.40	0	0	0	0
1428502118411203661	CPU_4	100.00	0	0	0	0	0	0	0	0	0
1428502119108257332	CPU_4	100.00	0	0	0	0	0	0	0	0	0
1428502119813401183	CPU_4	98.59	0	0	0	0	1.40	0	0	0	0
1428502120510355545	CPU_4	98.57	0	0	0	0	0	1.42	0	0	0
1428502121218490639	CPU_4	100.00	0	0	0	0	0	0	0	0	0
1428502121923892467	CPU_4	98.59	0	0	0	0	1.40	0	0	0	0
1428502122624632231	CPU_4	100.00	0	0	0	0	0	0	0	0	0
1428502123334209429	CPU_4	97.22	0	0	0	0	1.38	1.38	0	0	0
1428502124033989260	CPU_4	100.00	0	0	0	0	0	0	0	0	0
1428502124737642091	CPU_4	100.00	0	0	0	0	0	0	0	0	0
1428502125450222231	CPU_4	97.26	0	1.36	0	0	1.36	0	0	0	0
1428502126183056127	CPU_4	97.22	0	1.38	0	0	0	1.38	0	0	0
1428502126985363325	CPU_4	98.76	0	1.23	0	0	0	0	0	0	0
1428502127677772801	CPU_4	98.57	0	0	0	0	1.42	0	0	0	0
1428502128371883900	CPU_4	100.00	0	0	0	0	0	0	0	0	0
1428502129078221192	CPU_4	97.22	0	0	0	0	1.38	1.38	0	0	0
1428502129772967568	CPU_4	100.00	0	0	0	0	0	0	0	0	0
1428502130471272196	CPU_4	100.00	0	0	0	0	0	0	0	0	0
1428502131177323130	CPU_4	98.59	0	0	0	0	1.40	0	0	0	0
1428502131875764452	CPU_4	100.00	0	0	0	0	0	0	0	0	0
1428502132580645282	CPU_4	98.59	0	0	0	0	0	1.40	0	0	0
1428502133277364584	CPU_4	98.57	0	0	0	0	1.42	0	0	0	0
1428502133973354462	CPU_4	100.00	0	0	0	0	0	0	0	0	0
1428502134680657858	CPU_4	100.00	0	0	0	0	0	0	0	0	0
1428502135375830341	CPU_4	98.57	0	0	0	0	1.42	0	0	0	0
1428502136073441367	CPU_4	98.59	0	0	0	0	0	1.40	0	0	0
1428502136786219629	CPU_4	100.00	0	0	0	0	0	0	0	0	0
1428502137481713216	CPU_4	98.57	0	0	0	0	1.42	0	0	0	0
1428502138191103206	CPU_4	100.00	0	0	0	0	0	0	0	0	0
1428502138929928345	CPU_4	98.64	0	1.35	0	0	0	0	0	0	0
1428502139626205660	CPU_4	97.18	0	0	0	0	1.40	1.40	0	0	0
1428502140330287155	CPU_4	100.00	0	0	0	0	0	0	0	0	0
1428502141025125787	CPU_4	100.00	0	0	0	0	0	0	0	0	0
1428502141728002054	CPU_4	98.57	0	0	0	0	1.42	0	0	0	0
1428502142432754528	CPU_4	100.00	0	0	0	0	0	0	0	0	0
1428502143129361725	CPU_4	98.59	0	0	0	0	0	1.40	0	0	0
1428502143835105437	CPU_4	98.57	0	0	0	0	1.42	0	0	0	0
1428502144536109545	CPU_4	100.00	0	0	0	0	0	0	0	0	0
1428502145233293930	CPU_4	98.57	0	0	0	0	1.42	0	0	0	0
1428502145940910500	CPU_4	100.00	0	0	0	0	0	0	0	0	0
1428502146637620950	CPU_4	98.55	0	0	0	0	0	1.44	0	0	0
1428502147336772443	CPU_4	98.59	0	0	0	0	1.40	0	0	0	0
1428502148039991272	CPU_4	100.00	0	0	0	0	0	0	0	0	0
1428502148738240330	CPU_4	100.00	0	0	0	0	0	0	0	0	0
1428502149435108961	CPU_4	98.57	0	0	0	0	1.42	0	0	0	0
1428502150140263815	CPU_4	98.59	0	0	0	0	0	1.40	0	0	0
1428502150836636640	CPU_4	100.00	0	0	0	0	0	0	0	0	0
1428502151549435369	CPU_4	98.61	0	0	0	0	1.38	0	0	0	0
1428502152244759345	CPU_4	100.00	0	0	0	0	0	0	0	0	0
1428502152941591025	CPU_4	100.00	0	0	0	0	0	0	0	0	0
1428502153646905799	CPU_4	98.59	0	0	0	0	1.40	0	0	0	0
1428502154343877632	CPU_4	98.57	0	0	0	0	0	1.42	0	0	0
1428502155040524500	CPU_4	100.00	0	0	0	0	0	0	0	0	0
1428502155750487013	CPU_4	98.59	0	0	0	0	1.40	0	0	0	0
1428502156446363197	CPU_4	100.00	0	0	0	0	0	0	0	0	0
1428502157144883297	CPU_4	100.00	0	0	0	0	0	0	0	0	0
1428502157852531118	CPU_4	97.18	0	0	0	0	1.40	1.40	0	0	0
1428502158548510698	CPU_4	100.00	0	0	0	0	0	0	0	0	0
1428502159256444964	CPU_4	100.00	0	0	0	0	0	0	0	0	0
1428502159955900414	CPU_4	98.57	0	0	0	0	1.42	0	0	0	0
1428502160652636016	CPU_4	100.00	0	0	0	0	0	0	0	0	0
1428502161362158306	CPU_4	98.59	0	0	0	0	0	1.40	0	0	0
1428502162061655361	CPU_4	98.57	0	0	0	0	1.42	0	0	0	0
1428502162759369152	CPU_4	100.00	0	0	0	0	0	0	0	0	0
1428502163467743919	CPU_4	98.61	0	0	0	0	1.38	0	0	0	0
1428502164169514582	CPU_4	100.00	0	0	0	0	0	0	0	0	0
1428502164877525627	CPU_4	98.57	0	0	0	0	0	1.42	0	0	0
1428502165577495729	CPU_4	98.59	0	0	0	0	1.40	0	0	0	0
1428502166282238087	CPU_4	100.00	0	0	0	0	0	0	0	0	0
1428502166989215526	CPU_4	100.00	0	0	0	0	0	0	0	0	0
1428502167688130314	CPU_4	98.59	0	0	0	0	1.40	0	0	0	0
1428502168390435562	CPU_4	98.57	0	0	0	0	0	1.42	0	0	0
1428502169097253314	CPU_4	100.00	0	0	0	0	0	0	0	0	0
1428502169808576816	CPU_4	98.61	0	0	0	0	1.38	0	0	0	0
1428502170516643097	CPU_4	100.00	0	0	0	0	0	0	0	0	0
1428502171215267311	CPU_4	100.00	0	0	0	0	0	0	0	0	0
1428502171920456199	CPU_4	97.18	0	0	0	0	1.40	1.40	0	0	0
1428502172629934545	CPU_4	100.00	0	0	0	0	0	0	0	0	0
1428502173328083988	CPU_4	100.00	0	0	0	0	0	0	0	0	0
1428502174027842721	CPU_4	98.57	0	0	0	0	1.42	0	0	0	0
1428502174737824715	CPU_4	100.00	0	0	0	0	0	0	0	0	0
1428502175435778638	CPU_4	98.57	0	0	0	0	0	1.42	0	0	0
1428502176147234248	CPU_4	98.61	0	0	0	0	1.38	0	0	0	0
1428502176848010539	CPU_4	100.00	0	0	0	0	0	0	0	0	0
1428502177546191984	CPU_4	100.00	0	0	0	0	0	0	0	0	0
1428502178257810116	CPU_4	98.61	0	0	0	0	1.38	0	0	0	0
1428502178957980054	CPU_4	98.57	0	0	0	0	0	1.42	0	0	0
1428502179659433235	CPU_4	98.57	0	0	0	0	1.42	0	0	0	0
1428502180369225219	CPU_4	100.00	0	0	0	0	0	0	0	0	0
1428502181070324306	CPU_4	100.00	0	0	0	0	0	0	0	0	0
1428502181777727813	CPU_4	98.59	0	0	0	0	1.40	0	0	0	0
1428502182481894225	CPU_4	100.00	0	0	0	0	0	0	0	0	0
1428502183182049374	CPU_4	98.57	0	0	0	0	0	1.42	0	0	0
1428502183891040824	CPU_4	98.59	0	0	0	0	1.40	0	0	0	0
1428502184592941337	CPU_4	100.00	0	0	0	0	0	0	0	0	0
1428502185294131177	CPU_4	100.00	0	0	0	0	0	0	0	0	0
1428502186001398981	CPU_4	98.59	0	0	0	0	1.40	0	0	0	0
1428502186701878847	CPU_4	98.57	0	0	0	0	0	1.42	0	0	0
1428502187408044926	CPU_4	100.00	0	0	0	0	0	0	0	0	0
1428502188113457041	CPU_4	98.59	0	0	0	0	1.40	0	0	0	0
1428502188814088890	CPU_4	100.00	0	0	0	0	0	0	0	0	0
1428502189524268707	CPU_4	100.00	0	0	0	0	0	0	0	0	0
1428502190223262666	CPU_4	97.18	0	0	0	0	1.40	1.40	0	0	0
1428502190925524709	CPU_4	100.00	0	0	0	0	0	0	0	0	0
1428502191636365842	CPU_4	100.00	0	0	0	0	0	0	0	0	0
1428502192336944285	CPU_4	98.57	0	0	0	0	1.42	0	0	0	0
1428502193036277971	CPU_4	100.00	0	0	0	0	0	0	0	0	0
1428502193746417667	CPU_4	98.59	0	0	0	0	0	1.40	0	0	0
1428502194443921503	CPU_4	98.59	0	0	0	0	1.40	0	0	0	0
1428502195153823855	CPU_4	100.00	0	0	0	0	0	0	0	0	0
1428502195854099309	CPU_4	100.00	0	0	0	0	0	0	0	0	0
1428502196553440171	CPU_4	98.57	0	0	0	0	1.42	0	0	0	0
1428502197265231508	CPU_4	98.59	0	0	0	0	0	1.40	0	0	0
1428502197967381656	CPU_4	98.59	0	0	0	0	1.40	0	0	0	0
1428502198664161870	CPU_4	100.00	0	0	0	0	0	0	0	0	0
1428502199376006605	CPU_4	100.00	0	0	0	0	0	0	0	0	0
1428502200075549023	CPU_4	98.57	0	0	0	0	1.42	0	0	0	0
1428502200784625532	CPU_4	98.61	0	0	0	0	0	1.38	0	0	0
1428502201484912646	CPU_4	100.00	0	0	0	0	0	0	0	0	0
1428502202187038383	CPU_4	98.59	0	0	0	0	1.40	0	0	0	0
1428502202895010291	CPU_4	100.00	0	0	0	0	0	0	0	0	0
1428502203597890099	CPU_4	100.00	0	0	0	0	0	0	0	0	0
1428502204300191027	CPU_4	97.18	0	0	0	0	1.40	1.40	0	0	0
1428502205008002709	CPU_4	100.00	0	0	0	0	0	0	0	0	0
1428502205708786704	CPU_4	100.00	0	0	0	0	0	0	0	0	0
1428502206419981837	CPU_4	98.59	0	0	0	0	1.40	0	0	0	0
1428502207118333027	CPU_4	100.00	0	0	0	0	0	0	0	0	0
1428502207820278050	CPU_4	100.00	0	0	0	0	0	0	0	0	0
1428502208532386749	CPU_4	97.22	0	0	0	0	1.38	1.38	0	0	0
1428502209231513423	CPU_4	100.00	0	0	0	0	0	0	0	0	0
1428502209932429969	CPU_4	100.00	0	0	0	0	0	0	0	0	0
1428502210642633314	CPU_4	98.61	0	0	0	0	1.38	0	0	0	0
1428502211342402722	CPU_4	100.00	0	0	0	0	0	0	0	0	0
1428502212052330724	CPU_4	98.61	0	0	0	0	0	1.38	0	0	0
1428502212752751162	CPU_4	98.59	0	0	0	0	1.40	0	0	0	0
1428502213451840676	CPU_4	100.00	0	0	0	0	0	0	0	0	0
1428502214161413035	CPU_4	98.61	0	0	0	0	1.38	0	0	0	0
1428502214863461959	CPU_4	100.00	0	0	0	0	0	0	0	0	0
1428502215562437040	CPU_4	98.57	0	0	0	0	0	1.42	0	0	0
1428502216274223593	CPU_4	98.61	0	0	0	0	1.38	0	0	0	0
1428502216976571085	CPU_4	100.00	0	0	0	0	0	0	0	0	0
1428502217685603538	CPU_4	100.00	0	0	0	0	0	0	0	0	0
1428502218388811645	CPU_4	98.59	0	0	0	0	1.40	0	0	0	0
1428502219090151077	CPU_4	98.57	0	0	0	0	0	1.42	0	0	0
1428502219799183472	CPU_4	100.00	0	0	0	0	0	0	0	0	0
1428502220501006851	CPU_4	98.57	0	0	0	0	1.42	0	0	0	0
1428502221201555974	CPU_4	100.00	0	0	0	0	0	0	0	0	0
1428502221911110146	CPU_4	100.00	0	0	0	0	0	0	0	0	0
1428502222612367258	CPU_4	97.18	0	0	0	0	1.40	1.40	0	0	0
1428502223323485504	CPU_4	100.00	0	0	0	0	0	0	0	0	0
1428502224027143568	CPU_4	100.00	0	0	0	0	0	0	0	0	0
1428502224733905379	CPU_4	98.59	0	0	0	0	1.40	0	0	0	0
1428502225445577567	CPU_4	100.00	0	0	0	0	0	0	0	0	0
1428502226146149444	CPU_4	98.57	0	0	0	0	0	1.42	0	0	0
1428502226848967818	CPU_4	98.59	0	0	0	0	1.40	0	0	0	0
1428502227560181197	CPU_4	100.00	0	0	0	0	0	0	0	0	0
1428502228261855517	CPU_4	98.57	0	0	0	0	1.42	0	0	0	0
1428502228974209930	CPU_4	100.00	0	0	0	0	0	0	0	0	0
1428502229701752898	CPU_4	98.63	0	0	0	0	0	1.36	0	0	0
1428502230405243412	CPU_4	98.59	0	0	0	0	1.40	0	0	0	0
1428502231113384553	CPU_4	100.00	0	0	0	0	0	0	0	0	0
1428502231815793514	CPU_4	100.00	0	0	0	0	0	0	0	0	0
1428502232530240985	CPU_4	98.59	0	0	0	0	1.40	0	0	0	0
1428502233231792642	CPU_4	98.59	0	0	0	0	0	1.40	0	0	0
1428502233934620630	CPU_4	100.00	0	0	0	0	0	0	0	0	0
1428502234648446626	CPU_4	98.61	0	0	0	0	1.38	0	0	0	0
1428502235348092848	CPU_4	100.00	0	0	0	0	0	0	0	0	0
1428502236050330070	CPU_4	100.00	0	0	0	0	0	0	0	0	0
1428502236760780837	CPU_4	97.22	0	0	0	0	1.38	1.38	0	0	0
1428502237461160295	CPU_4	100.00	0	0	0	0	0	0	0	0	0
1428502238163483960	CPU_4	100.00	0	0	0	0	0	0	0	0	0
1428502238874296046	CPU_4	98.59	0	0	0	0	1.40	0	0	0	0
1428502239574380737	CPU_4	100.00	0	0	0	0	0	0	0	0	0
1428502240286385981	CPU_4	98.59	0	0	0	0	0	1.40	0	0	0
1428502240989348627	CPU_4	98.59	0	0	0	0	1.40	0	0	0	0
1428502241689528511	CPU_4	100.00	0	0	0	0	0	0	0	0	0
1428502242402255865	CPU_4	98.59	0	0	0	0	1.40	0	0	0	0
1428502243105746829	CPU_4	100.00	0	0	0	0	0	0	0	0	0
1428502243813116208	CPU_4	98.59	0	0	0	0	0	1.40	0	0	0
1428502244520991790	CPU_4	98.59	0	0	0	0	1.40	0	0	0	0
1428502245223595196	CPU_4	100.00	0	0	0	0	0	0	0	0	0
1428502245934711482	CPU_4	100.00	0	0	0	0	0	0	0	0	0
1428502246636502469	CPU_4	98.57	0	0	0	0	1.42	0	0	0	0
1428502247340050491	CPU_4	100.00	0	0	0	0	0	0	0	0	0
1428502248053581264	CPU_4	98.59	0	0	0	0	0	1.40	0	0	0
1428502248755292318	CPU_4	98.59	0	0	0	0	1.40	0	0	0	0
1428502249473244866	CPU_4	100.00	0	0	0	0	0	0	0	0	0
1428502250177278581	CPU_4	100.00	0	0	0	0	0	0	0	0	0
1428502250879737019	CPU_4	98.59	0	0	0	0	1.40	0	0	0	0
1428502251592379735	CPU_4	98.59	0	0	0	0	0	1.40	0	0	0
1428502252295748384	CPU_4	100.00	0	0	0	0	0	0	0	0	0
1428502252998042042	CPU_4	98.59	0	0	0	0	1.40	0	0	0	0
1428502253709482736	CPU_4	100.00	0	0	0	0	0	0	0	0	0
1428502254414156057	CPU_4	100.00	0	0	0	0	0	0	0	0	0
1428502255126905751	CPU_4	97.22	0	0	0	0	1.38	1.38	0	0	0
1428502255829688965	CPU_4	100.00	0	0	0	0	0	0	0	0	0
1428502256533793927	CPU_4	98.57	0	0	0	0	1.42	0	0	0	0
1428502257244528812	CPU_4	100.00	0	0	0	0	0	0	0	0	0
1428502257947697661	CPU_4	100.00	0	0	0	0	0	0	0	0	0
1428502258651350554	CPU_4	97.18	0	0	0	0	1.40	1.40	0	0	0
1428502259362175159	CPU_4	100.00	0	0	0	0	0	0	0	0	0
1428502260065158021	CPU_4	100.00	0	0	0	0	0	0	0	0	0
1428502260776724173	CPU_4	98.59	0	0	0	0	1.40	0	0	0	0
1428502261478469218	CPU_4	100.00	0	0	0	0	0	0	0	0	0
1428502262181631091	CPU_4	98.57	0	0	0	0	0	1.42	0	0	0
1428502262894977411	CPU_4	98.61	0	0	0	0	1.38	0	0	0	0
1428502263596684802	CPU_4	100.00	0	0	0	0	0	0	0	0	0
1428502264299836480	CPU_4	100.00	0	0	0	0	0	0	0	0	0
1428502265012568857	CPU_4	98.61	0	0	0	0	1.38	0	0	0	0
1428502265714239260	CPU_4	98.57	0	0	0	0	0	1.42	0	0	0
1428502266427177645	CPU_4	100.00	0	0	0	0	0	0	0	0	0
1428502267130732002	CPU_4	98.59	0	0	0	0	1.40	0	0	0	0
1428502267833424703	CPU_4	100.00	0	0	0	0	0	0	0	0	0
1428502268546667890	CPU_4	100.00	0	0	0	0	0	0	0	0	0
1428502269250273385	CPU_4	97.18	0	0	0	0	1.40	1.40	0	0	0
1428502269956981116	CPU_4	100.00	0	0	0	0	0	0	0	0	0
1428502270669018572	CPU_4	98.61	0	0	0	0	1.38	0	0	0	0
1428502271372998328	CPU_4	100.00	0	0	0	0	0	0	0	0	0
1428502272085379622	CPU_4	100.00	0	0	0	0	0	0	0	0	0
1428502272787243731	CPU_4	97.18	0	0	0	0	1.40	1.40	0	0	0
1428502273491288831	CPU_4	100.00	0	0	0	0	0	0	0	0	0
1428502274204532758	CPU_4	100.00	0	0	0	0	0	0	0	0	0
1428502274906455919	CPU_4	98.57	0	0	0	0	1.42	0	0	0	0
1428502275625922779	CPU_4	100.00	0	0	0	0	0	0	0	0	0
1428502276332880253	CPU_4	98.61	0	0	0	0	0	1.38	0	0	0
1428502277035708879	CPU_4	98.59	0	0	0	0	1.40	0	0	0	0
1428502277748516913	CPU_4	100.00	0	0	0	0	0	0	0	0	0
1428502278454207532	CPU_4	100.00	0	0	0	0	0	0	0	0	0
1428502279155488511	CPU_4	98.57	0	0	0	0	1.42	0	0	0	0
1428502279870087880	CPU_4	98.61	0	0	0	0	0	1.38	0	0	0
1428502280573541440	CPU_4	98.59	0	0	0	0	1.40	0	0	0	0
1428502281292486709	CPU_4	100.00	0	0	0	0	0	0	0	0	0
1428502281997158477	CPU_4	100.00	0	0	0	0	0	0	0	0	0
1428502282700871256	CPU_4	98.59	0	0	0	0	1.40	0	0	0	0
1428502283416043975	CPU_4	98.61	0	0	0	0	0	1.38	0	0	0
1428502284118127853	CPU_4	100.00	0	0	0	0	0	0	0	0	0
1428502284822269057	CPU_4	98.57	0	0	0	0	1.42	0	0	0	0
1428502285537439330	CPU_4	100.00	0	0	0	0	0	0	0	0	0
1428502286239511719	CPU_4	100.00	0	0	0	0	0	0	0	0	0
1428502286954324834	CPU_4	97.26	0	0	0	0	1.36	1.36	0	0	0
1428502287658002765	CPU_4	100.00	0	0	0	0	0	0	0	0	0
1428502288360202458	CPU_4	100.00	0	0	0	0	0	0	0	0	0
1428502289073846966	CPU_4	98.59	0	0	0	0	1.40	0	0	0	0
1428502289777447159	CPU_4	100.00	0	0	0	0	0	0	0	0	0
1428502290482078058	CPU_4	98.59	0	0	0	0	0	1.40	0	0	0
1428502291195857078	CPU_4	98.61	0	0	0	0	1.38	0	0	0	0
1428502291900711441	CPU_4	100.00	0	0	0	0	0	0	0	0	0
1428502292613004811	CPU_4	98.59	0	0	0	0	1.40	0	0	0	0
1428502293316881937	CPU_4	100.00	0	0	0	0	0	0	0	0	0
1428502294021468772	CPU_4	98.59	0	0	0	0	0	1.40	0	0	0
1428502294733224781	CPU_4	98.61	0	0	0	0	1.38	0	0	0	0
1428502295438350413	CPU_4	100.00	0	0	0	0	0	0	0	0	0
1428502296157478097	CPU_4	100.00	0	0	0	0	0	0	0	0	0
1428502296862596028	CPU_4	98.59	0	0	0	0	1.40	0	0	0	0
1428502297567318173	CPU_4	98.59	0	0	0	0	0	1.40	0	0	0
1428502298280819775	CPU_4	100.00	0	0	0	0	0	0	0	0	0
1428502298988921784	CPU_4	98.59	0	0	0	0	1.40	0	0	0	0
1428502299692181616	CPU_4	100.00	0	0	0	0	0	0	0	0	0
1428502300405947977	CPU_4	100.00	0	0	0	0	0	0	0	0	0
1428502301110763932	CPU_4	97.18	0	0	0	0	1.40	1.40	0	0	0
1428502301824334720	CPU_4	100.00	0	0	0	0	0	0	0	0	0
1428502302532311749	CPU_4	100.00	0	0	0	0	0	0	0	0	0
1428502303236277012	CPU_4	98.57	0	0	0	0	1.42	0	0	0	0
1428502303949019731	CPU_4	100.00	0	0	0	0	0	0	0	0	0
1428502304653166043	CPU_4	97.22	0	0	0	0	1.38	1.38	0	0	0
1428502305360376591	CPU_4	100.00	0	0	0	0	0	0	0	0	0
1428502306074408065	CPU_4	100.00	0	0	0	0	0	0	0	0	0
1428502306780087171	CPU_4	98.59	0	0	0	0	1.40	0	0	0	0
1428502307497127220	CPU_4	100.00	0	0	0	0	0	0	0	0	0
1428502308201515340	CPU_4	98.59	0	0	0	0	0	1.40	0	0	0
1428502308905204468	CPU_4	98.59	0	0	0	0	1.40	0	0	0	0
1428502309620488121	CPU_4	100.00	0	0	0	0	0	0	0	0	0
1428502310326010705	CPU_4	100.00	0	0	0	0	0	0	0	0	0
1428502311037995924	CPU_4	98.61	0	0	0	0	1.38	0	0	0	0
1428502311744213970	CPU_4	98.57	0	0	0	0	0	1.42	0	0	0
1428502312449771148	CPU_4	100.00	0	0	0	0	0	0	0	0	0
1428502313160814175	CPU_4	98.59	0	0	0	0	1.40	0	0	0	0
1428502313864904660	CPU_4	100.00	0	0	0	0	0	0	0	0	0
1428502314571142554	CPU_4	100.00	0	0	0	0	0	0	0	0	0
1428502315283413087	CPU_4	97.26	0	0	0	0	1.36	1.36	0	0	0
1428502315988849575	CPU_4	100.00	0	0	0	0	0	0	0	0	0
1428502316703280604	CPU_4	98.61	0	0	0	0	1.38	0	0	0	0
1428502317405642116	CPU_4	100.00	0	0	0	0	0	0	0	0	0
1428502318110628326	CPU_4	100.00	0	0	0	0	0	0	0	0	0
1428502318824566118	CPU_4	97.26	0	0	0	0	1.36	1.36	0	0	0
1428502319528066052	CPU_4	100.00	0	0	0	0	0	0	0	0	0
1428502320244902794	CPU_4	100.00	0	0	0	0	0	0	0	0	0
1428502320950610599	CPU_4	98.59	0	0	0	0	1.40	0	0	0	0
1428502321659661098	CPU_4	100.00	0	0	0	0	0	0	0	0	0
1428502322373397701	CPU_4	98.61	0	0	0	0	0	1.38	0	0	0
1428502323081431463	CPU_4	98.59	0	0	0	0	1.40	0	0	0	0
1428502323789091522	CPU_4	100.00	0	0	0	0	0	0	0	0	0
1428502324503097468	CPU_4	100.00	0	0	0	0	0	0	0	0	0
1428502325207794091	CPU_4	98.57	0	0	0	0	1.42	0	0	0	0
1428502325920999882	CPU_4	98.61	0	0	0	0	0	1.38	0	0	0
1428502326624925184	CPU_4	98.59	0	0	0	0	1.40	0	0	0	0
1428502327329951358	CPU_4	100.00	0	0	0	0	0	0	0	0	0
1428502328046150768	CPU_4	100.00	0	0	0	0	0	0	0	0	0
1428502328747912592	CPU_4	98.59	0	0	0	0	1.40	0	0	0	0
1428502329452491404	CPU_4	98.57	0	0	0	0	0	1.42	0	0	0
1428502330167599332	CPU_4	100.00	0	0	0	0	0	0	0	0	0
1428502330869926579	CPU_4	98.59	0	0	0	0	1.40	0	0	0	0
1428502331584588350	CPU_4	100.00	0	0	0	0	0	0	0	0	0
1428502332288504680	CPU_4	100.00	0	0	0	0	0	0	0	0	0
1428502332991765974	CPU_4	97.18	0	0	0	0	1.40	1.40	0	0	0
1428502333705845176	CPU_4	100.00	0	0	0	0	0	0	0	0	0
1428502334410819470	CPU_4	100.00	0	0	0	0	0	0	0	0	0
1428502335130366524	CPU_4	98.59	0	0	0	0	1.40	0	0	0	0
1428502335835364367	CPU_4	100.00	0	0	0	0	0	0	0	0	0
1428502336542001537	CPU_4	98.59	0	0	0	0	0	1.40	0	0	0
1428502337257267042	CPU_4	98.61	0	0	0	0	1.38	0	0	0	0
1428502337961212899	CPU_4	100.00	0	0	0	0	0	0	0	0	0
1428502338669463573	CPU_4	98.59	0	0	0	0	1.40	0	0	0	0
1428502339385234752	CPU_4	100.00	0	0	0	0	0	0	0	0	0
1428502340089399577	CPU_4	98.59	0	0	0	0	0	1.40	0	0	0
1428502340805094015	CPU_4	98.61	0	0	0	0	1.38	0	0	0	0
1428502341512724872	CPU_4	100.00	0	0	0	0	0	0	0	0	0
1428502342216697417	CPU_4	100.00	0	0	0	0	0	0	0	0	0
1428502342931937992	CPU_4	98.61	0	0	0	0	1.38	0	0	0	0
1428502343647409695	CPU_4	98.59	0	0	0	0	0	1.40	0	0	0
1428502344375873001	CPU_4	100.00	0	0	0	0	0	0	0	0	0
1428502345150801993	CPU_4	98.71	0	0	0	0	1.28	0	0	0	0
1428502345855887967	CPU_4	100.00	0	0	0	0	0	0	0	0	0
1428502346574401961	CPU_4	100.00	0	0	0	0	0	0	0	0	0
1428502347281032601	CPU_4	97.18	0	0	0	0	1.40	1.40	0	0	0
1428502347993718797	CPU_4	100.00	0	0	0	0	0	0	0	0	0
1428502348705013213	CPU_4	100.00	0	0	0	0	0	0	0	0	0
1428502349411452698	CPU_4	98.59	0	0	0	0	1.40	0	0	0	0
1428502350125908687	CPU_4	100.00	0	0	0	0	0	0	0	0	0
1428502350831895223	CPU_4	97.18	0	0	0	0	1.40	1.40	0	0	0
1428502351543124777	CPU_4	100.00	0	0	0	0	0	0	0	0	0
1428502352253054925	CPU_4	100.00	0	0	0	0	0	0	0	0	0
1428502352959495177	CPU_4	98.59	0	0	0	0	1.40	0	0	0	0
1428502353678102955	CPU_4	100.00	0	0	0	0	0	0	0	0	0
1428502354386633037	CPU_4	98.57	0	0	0	0	0	1.42	0	0	0
1428502355091813972	CPU_4	98.59	0	0	0	0	1.40	0	0	0	0
1428502355807753524	CPU_4	100.00	0	0	0	0	0	0	0	0	0
1428502356514342667	CPU_4	100.00	0	0	0	0	0	0	0	0	0
1428502357227662322	CPU_4	98.59	0	0	0	0	1.40	0	0	0	0
1428502357934692470	CPU_4	98.59	0	0	0	0	0	1.40	0	0	0
1428502358643085615	CPU_4	100.00	0	0	0	0	0	0	0	0	0
1428502359358957268	CPU_4	98.61	0	0	0	0	1.38	0	0	0	0
1428502360067920916	CPU_4	100.00	0	0	0	0	0	0	0	0	0
1428502360779867053	CPU_4	100.00	0	0	0	0	0	0	0	0	0
1428502361489138541	CPU_4	97.22	0	0	0	0	1.38	1.38	0	0	0
1428502362195266130	CPU_4	100.00	0	0	0	0	0	0	0	0	0
1428502362911402548	CPU_4	100.00	0	0	0	0	0	0	0	0	0
1428502363620475922	CPU_4	98.59	0	0	0	0	1.40	0	0	0	0
1428502364327227227	CPU_4	100.00	0	0	0	0	0	0	0	0	0
1428502365044395400	CPU_4	97.26	0	0	0	0	1.36	1.36	0	0	0
1428502365752764079	CPU_4	100.00	0	0	0	0	0	0	0	0	0
1428502366466167361	CPU_4	100.00	0	0	0	0	0	0	0	0	0
1428502367172773097	CPU_4	98.59	0	0	0	0	1.40	0	0	0	0
1428502367878507256	CPU_4	100.00	0	0	0	0	0	0	0	0	0
1428502368595079659	CPU_4	98.59	0	0	0	0	0	1.40	0	0	0
1428502369300726117	CPU_4	98.59	0	0	0	0	1.40	0	0	0	0
1428502370012214425	CPU_4	100.00	0	0	0	0	0	0	0	0	0
1428502370722451368	CPU_4	100.00	0	0	0	0	0	0	0	0	0
1428502371428342836	CPU_4	98.61	0	0	0	0	1.38	0	0	0	0
1428502372144703755	CPU_4	98.59	0	0	0	0	0	1.40	0	0	0
1428502372852352054	CPU_4	100.00	0	0	0	0	0	0	0	0	0
1428502373558899820	CPU_4	98.59	0	0	0	0	1.40	0	0	0	0
1428502374273525383	CPU_4	100.00	0	0	0	0	0	0	0	0	0
1428502374983000682	CPU_4	100.00	0	0	0	0	0	0	0	0	0
1428502375697617794	CPU_4	97.26	0	0	0	0	1.36	1.36	0	0	0
1428502376403395285	CPU_4	100.00	0	0	0	0	0	0	0	0	0
1428502377112385805	CPU_4	100.00	0	0	0	0	0	0	0	0	0
1428502377826868178	CPU_4	98.59	0	0	0	0	1.40	0	0	0	0
1428502378534246879	CPU_4	100.00	0	0	0	0	0	0	0	0	0
1428502379254297981	CPU_4	97.22	0	0	0	0	1.38	1.38	0	0	0
1428502379966152250	CPU_4	100.00	0	0	0	0	0	0	0	0	0
1428502380677248944	CPU_4	100.00	0	0	0	0	0	0	0	0	0
1428502381393981697	CPU_4	98.61	0	0	0	0	1.38	0	0	0	0
1428502382102206868	CPU_4	100.00	0	0	0	0	0	0	0	0	0
1428502382808462803	CPU_4	98.59	0	0	0	0	0	1.40	0	0	0
1428502383523755532	CPU_4	98.61	0	0	0	0	1.38	0	0	0	0
1428502384231549757	CPU_4	100.00	0	0	0	0	0	0	0	0	0
1428502384946703158	CPU_4	100.00	0	0	0	0	0	0	0	0	0
1428502385654759639	CPU_4	98.59	0	0	0	0	1.40	0	0	0	0
1428502386361022090	CPU_4	98.59	0	0	0	0	0	1.40	0	0	0
1428502387075842503	CPU_4	100.00	0	0	0	0	0	0	0	0	0
1428502387783365996	CPU_4	98.61	0	0	0	0	1.38	0	0	0	0
1428502388500576196	CPU_4	100.00	0	0	0	0	0	0	0	0	0
1428502389209625063	CPU_4	100.00	0	0	0	0	0	0	0	0	0
1428502389915715072	CPU_4	97.22	0	0	0	0	1.38	1.38	0	0	0
1428502390632747908	CPU_4	100.00	0	0	0	0	0	0	0	0	0
1428502391339892502	CPU_4	98.59	0	0	0	0	1.40	0	0	0	0
1428502392045090150	CPU_4	100.00	0	0	0	0	0	0	0	0	0
1428502392763757238	CPU_4	100.00	0	0	0	0	0	0	0	0	0
1428502393471339256	CPU_4	97.18	0	0	0	0	1.40	1.40	0	0	0
1428502394187127155	CPU_4	100.00	0	0	0	0	0	0	0	0	0
1428502394894012641	CPU_4	100.00	0	0	0	0	0	0	0	0	0
1428502395605088944	CPU_4	98.59	0	0	0	0	1.40	0	0	0	0
1428502396320414397	CPU_4	100.00	0	0	0	0	0	0	0	0	0
1428502397028955343	CPU_4	98.59	0	0	0	0	0	1.40	0	0	0
1428502397745764337	CPU_4	98.61	0	0	0	0	1.38	0	0	0	0
1428502398455292076	CPU_4	100.00	0	0	0	0	0	0	0	0	0
1428502399161251461	CPU_4	100.00	0	0	0	0	0	0	0	0	0
1428502399879667581	CPU_4	98.63	0	0	0	0	1.36	0	0	0	0
1428502400586281969	CPU_4	98.57	0	0	0	0	0	1.42	0	0	0
1428502401294404603	CPU_4	100.00	0	0	0	0	0	0	0	0	0
1428502402008568044	CPU_4	98.61	0	0	0	0	1.38	0	0	0	0
1428502402718302427	CPU_4	100.00	0	0	0	0	0	0	0	0	0
1428502403432592292	CPU_4	100.00	0	0	0	0	0	0	0	0	0
1428502404140910728	CPU_4	97.22	0	0	0	0	1.38	1.38	0	0	0
1428502404849482042	CPU_4	100.00	0	0	0	0	0	0	0	0	0
1428502405567832356	CPU_4	98.61	0	0	0	0	1.38	0	0	0	0
1428502406274631684	CPU_4	100.00	0	0	0	0	0	0	0	0	0
1428502406992258923	CPU_4	100.00	0	0	0	0	0	0	0	0	0
1428502407704968731	CPU_4	97.26	0	0	0	0	1.36	1.36	0	0	0
1428502408411122655	CPU_4	100.00	0	0	0	0	0	0	0	0	0
1428502409128309614	CPU_4	100.00	0	0	0	0	0	0	0	0	0
1428502409835281082	CPU_4	98.57	0	0	0	0	1.42	0	0	0	0
1428502410557902022	CPU_4	100.00	0	0	0	0	0	0	0	0	0
1428502411266499531	CPU_4	98.59	0	0	0	0	0	1.40	0	0	0
1428502411973590132	CPU_4	98.61	0	0	0	0	1.38	0	0	0	0
1428502412697400952	CPU_4	100.00	0	0	0	0	0	0	0	0	0
1428502413402930609	CPU_4	100.00	0	0	0	0	0	0	0	0	0
1428502414111771169	CPU_4	98.61	0	0	0	0	1.38	0	0	0	0
1428502414831290476	CPU_4	98.61	0	0	0	0	0	1.38	0	0	0
1428502415536988933	CPU_4	100.00	0	0	0	0	0	0	0	0	0
1428502416257536241	CPU_4	98.63	0	0	0	0	1.36	0	0	0	0
1428502416964644197	CPU_4	100.00	0	0	0	0	0	0	0	0	0
1428502417670660204	CPU_4	100.00	0	0	0	0	0	0	0	0	0
1428502418387410539	CPU_4	97.26	0	0	0	0	1.36	1.36	0	0	0
1428502419096081539	CPU_4	100.00	0	0	0	0	0	0	0	0	0
1428502419815490034	CPU_4	98.63	0	0	0	0	1.36	0	0	0	0
1428502420521902843	CPU_4	100.00	0	0	0	0	0	0	0	0	0
1428502421233254589	CPU_4	100.00	0	0	0	0	0	0	0	0	0
1428502421950558353	CPU_4	97.22	0	0	0	0	1.38	1.38	0	0	0
1428502422658134374	CPU_4	100.00	0	0	0	0	0	0	0	0	0
1428502423396042634	CPU_4	100.00	0	0	0	0	0	0	0	0	0
1428502424109796673	CPU_4	98.61	0	0	0	0	1.38	0	0	0	0
1428502424955273992	CPU_4	100.00	0	0	0	0	0	0	0	0	0
1428502425665284639	CPU_4	98.59	0	0	0	0	0	1.40	0	0	0
1428502426374740916	CPU_4	98.61	0	0	0	0	1.38	0	0	0	0
1428502427092162618	CPU_4	100.00	0	0	0	0	0	0	0	0	0
1428502427801183279	CPU_4	98.61	0	0	0	0	1.38	0	0	0	0
1428502428525307915	CPU_4	100.00	0	0	0	0	0	0	0	0	0
1428502429231446553	CPU_4	98.59	0	0	0	0	0	1.40	0	0	0
1428502429940343014	CPU_4	98.59	0	0	0	0	1.40	0	0	0	0
1428502430659500391	CPU_4	100.00	0	0	0	0	0	0	0	0	0
1428502431365231955	CPU_4	100.00	0	0	0	0	0	0	0	0	0
1428502432073518720	CPU_4	98.59	0	0	0	0	1.40	0	0	0	0
1428502432794565388	CPU_4	98.63	0	0	0	0	0	1.36	0	0	0
1428502433501629165	CPU_4	100.00	0	0	0	0	0	0	0	0	0
1428502434220991472	CPU_4	98.61	0	0	0	0	1.38	0	0	0	0
1428502434930660242	CPU_4	100.00	0	0	0	0	0	0	0	0	0
1428502435639287853	CPU_4	100.00	0	0	0	0	0	0	0	0	0
1428502436357686215	CPU_4	97.26	0	0	0	0	1.36	1.36	0	0	0
1428502437065139671	CPU_4	100.00	0	0	0	0	0	0	0	0	0
1428502437785785362	CPU_4	100.00	0	0	0	0	0	0	0	0	0
1428502438492316078	CPU_4	98.59	0	0	0	0	1.40	0	0	0	0
1428502439202088365	CPU_4	100.00	0	0	0	0	0	0	0	0	0
1428502439919797870	CPU_4	98.63	0	0	0	0	0	1.36	0	0	0
1428502440625991888	CPU_4	98.59	0	0	0	0	1.40	0	0	0	0
1428502441350624160	CPU_4	100.00	0	0	0	0	0	0	0	0	0
1428502442058495092	CPU_4	98.61	0	0	0	0	1.38	0	0	0	0
1428502442775136239	CPU_4	100.00	0	0	0	0	0	0	0	0	0
1428502443491200932	CPU_4	98.61	0	0	0	0	0	1.38	0	0	0
1428502444201255114	CPU_4	98.59	0	0	0	0	1.40	0	0	0	0
1428502444917332980	CPU_4	100.00	0	0	0	0	0	0	0	0	0
1428502445628512121	CPU_4	100.00	0	0	0	0	0	0	0	0	0
1428502446337615399	CPU_4	98.59	0	0	0	0	1.40	0	0	0	0
1428502447060391993	CPU_4	98.63	0	0	0	0	0	1.36	0	0	0
1428502447776121415	CPU_4	100.00	0	0	0	0	0	0	0	0	0
1428502448484970869	CPU_4	98.59	0	0	0	0	1.40	0	0	0	0
1428502449203864990	CPU_4	100.00	0	0	0	0	0	0	0	0	0
1428502449913044282	CPU_4	100.00	0	0	0	0	0	0	0	0	0
1428502450630099501	CPU_4	97.26	0	0	0	0	1.36	1.36	0	0	0
1428502451339601172	CPU_4	100.00	0	0	0	0	0	0	0	0	0
1428502452049173095	CPU_4	100.00	0	0	0	0	0	0	0	0	0
1428502452766681154	CPU_4	98.61	0	0	0	0	1.38	0	0	0	0
1428502453476141167	CPU_4	100.00	0	0	0	0	0	0	0	0	0
1428502454193960521	CPU_4	97.26	0	0	0	0	1.36	1.36	0	0	0
1428502454907452939	CPU_4	100.00	0	0	0	0	0	0	0	0	0
1428502455618409621	CPU_4	100.00	0	0	0	0	0	0	0	0	0
1428502456339395679	CPU_4	98.63	0	0	0	0	1.36	0	0	0	0
1428502457047743419	CPU_4	100.00	0	0	0	0	0	0	0	0	0
1428502457769128398	CPU_4	98.63	0	0	0	0	0	1.36	0	0	0
1428502458478144683	CPU_4	98.59	0	0	0	0	1.40	0	0	0	0
1428502459187144012	CPU_4	100.00	0	0	0	0	0	0	0	0	0
1428502459905606011	CPU_4	100.00	0	0	0	0	0	0	0	0	0
1428502460614851679	CPU_4	98.59	0	0	0	0	1.40	0	0	0	0
1428502461334717887	CPU_4	98.59	0	0	0	0	0	1.40	0	0	0
1428502462045790051	CPU_4	100.00	0	0	0	0	0	0	0	0	0
1428502462756816803	CPU_4	98.59	0	0	0	0	1.40	0	0	0	0
1428502463475093693	CPU_4	100.00	0	0	0	0	0	0	0	0	0
1428502464187838984	CPU_4	100.00	0	0	0	0	0	0	0	0	0
1428502464934972671	CPU_4	97.33	0	0	0	0	1.33	1.33	0	0	0
1428502465643812860	CPU_4	100.00	0	0	0	0	0	0	0	0	0
1428502466353431965	CPU_4	98.59	0	0	0	0	1.40	0	0	0	0
1428502467072414324	CPU_4	100.00	0	0	0	0	0	0	0	0	0
1428502467785885251	CPU_4	98.59	0	0	0	0	0	1.40	0	0	0
1428502468495439490	CPU_4	98.61	0	0	0	0	1.38	0	0	0	0
1428502469214840064	CPU_4	100.00	0	0	0	0	0	0	0	0	0
1428502469924212600	CPU_4	100.00	0	0	0	0	0	0	0	0	0
1428502470643594680	CPU_4	98.61	0	0	0	0	1.38	0	0	0	0
1428502471353822218	CPU_4	98.59	0	0	0	0	0	1.40	0	0	0
1428502472064305716	CPU_4	100.00	0	0	0	0	0	0	0	0	0
1428502472783831137	CPU_4	98.63	0	0	0	0	1.36	0	0	0	0
1428502473492286275	CPU_4	100.00	0	0	0	0	0	0	0	0	0
1428502474211116704	CPU_4	100.00	0	0	0	0	0	0	0	0	0
1428502474920951882	CPU_4	97.22	0	0	0	0	1.38	1.38	0	0	0
1428502475631648394	CPU_4	100.00	0	0	0	0	0	0	0	0	0
1428502476352013991	CPU_4	100.00	0	0	0	0	0	0	0	0	0
1428502477061535721	CPU_4	98.59	0	0	0	0	1.40	0	0	0	0
1428502477783954316	CPU_4	100.00	0	0	0	0	0	0	0	0	0
1428502478493423843	CPU_4	97.22	0	0	0	0	1.38	1.38	0	0	0
1428502479203372662	CPU_4	100.00	0	0	0	0	0	0	0	0	0
1428502479921783157	CPU_4	100.00	0	0	0	0	0	0	0	0	0
1428502480633000102	CPU_4	98.59	0	0	0	0	1.40	0	0	0	0
1428502481355994916	CPU_4	100.00	0	0	0	0	0	0	0	0	0
1428502482063335798	CPU_4	98.59	0	0	0	0	0	1.40	0	0	0
1428502482780108061	CPU_4	98.61	0	0	0	0	1.38	0	0	0	0
1428502483501396891	CPU_4	100.00	0	0	0	0	0	0	0	0	0
1428502484211924810	CPU_4	100.00	0	0	0	0	0	0	0	0	0
1428502484928136416	CPU_4	98.61	0	0	0	0	1.38	0	0	0	0
1428502485645266022	CPU_4	98.61	0	0	0	0	0	1.38	0	0	0
1428502486355567617	CPU_4	100.00	0	0	0	0	0	0	0	0	0
1428502487077000668	CPU_4	98.63	0	0	0	0	1.36	0	0	0	0
1428502487788511930	CPU_4	100.00	0	0	0	0	0	0	0	0	0
1428502488499531238	CPU_4	100.00	0	0	0	0	0	0	0	0	0
1428502489220631924	CPU_4	97.26	0	0	0	0	1.36	1.36	0	0	0
1428502489929755037	CPU_4	100.00	0	0	0	0	0	0	0	0	0
1428502490649380609	CPU_4	98.61	0	0	0	0	1.38	0	0	0	0
1428502491360001013	CPU_4	100.00	0	0	0	0	0	0	0	0	0
1428502492067017934	CPU_4	100.00	0	0	0	0	0	0	0	0	0
1428502492787996842	CPU_4	97.26	0	0	0	0	1.36	1.36	0	0	0
1428502493496958345	CPU_4	100.00	0	0	0	0	0	0	0	0	0
1428502494217963174	CPU_4	100.00	0	0	0	0	0	0	0	0	0
1428502494928458883	CPU_4	98.61	0	0	0	0	1.38	0	0	0	0
1428502495639535302	CPU_4	100.00	0	0	0	0	0	0	0	0	0
1428502496360004850	CPU_4	98.61	0	0	0	0	0	1.38	0	0	0
1428502497069596987	CPU_4	98.59	0	0	0	0	1.40	0	0	0	0
1428502497794011691	CPU_4	100.00	0	0	0	0	0	0	0	0	0
1428502498503479376	CPU_4	100.00	0	0	0	0	0	0	0	0	0
1428502499214308433	CPU_4	98.59	0	0	0	0	1.40	0	0	0	0
1428502499934455079	CPU_4	98.61	0	0	0	0	0	1.38	0	0	0
1428502500644137938	CPU_4	100.00	0	0	0	0	0	0	0	0	0
1428502501370760521	CPU_4	98.63	0	0	0	0	1.36	0	0	0	0
1428502502078475726	CPU_4	100.00	0	0	0	0	0	0	0	0	0
1428502502791869411	CPU_4	98.61	0	0	0	0	1.38	0	0	0	0
1428502503511595489	CPU_4	98.61	0	0	0	0	0	1.38	0	0	0
1428502504220360656	CPU_4	100.00	0	0	0	0	0	0	0	0	0
1428502504933311308	CPU_4	98.59	0	0	0	0	1.40	0	0	0	0
1428502505655131094	CPU_4	100.00	0	0	0	0	0	0	0	0	0
1428502506368299042	CPU_4	100.00	0	0	0	0	0	0	0	0	0
1428502507087554843	CPU_4	97.26	0	0	0	0	1.36	1.36	0	0	0
1428502507800235090	CPU_4	100.00	0	0	0	0	0	0	0	0	0
1428502508510578350	CPU_4	100.00	0	0	0	0	0	0	0	0	0
1428502509229663951	CPU_4	98.61	0	0	0	0	1.38	0	0	0	0
1428502509940465421	CPU_4	100.00	0	0	0	0	0	0	0	0	0
1428502510659472820	CPU_4	98.63	0	0	0	0	0	1.36	0	0	0
1428502511372742370	CPU_4	98.59	0	0	0	0	1.40	0	0	0	0
1428502512081688064	CPU_4	100.00	0	0	0	0	0	0	0	0	0
1428502512802316047	CPU_4	100.00	0	0	0	0	0	0	0	0	0
1428502513512978823	CPU_4	98.61	0	0	0	0	1.38	0	0	0	0
1428502514231720235	CPU_4	98.61	0	0	0	0	0	1.38	0	0	0
1428502514947740452	CPU_4	100.00	0	0	0	0	0	0	0	0	0
1428502515660890559	CPU_4	98.61	0	0	0	0	1.38	0	0	0	0
1428502516384072670	CPU_4	100.00	0	0	0	0	0	0	0	0	0
1428502517094467667	CPU_4	98.61	0	0	0	0	1.38	0	0	0	0
1428502517819332193	CPU_4	98.63	0	0	0	0	0	1.36	0	0	0
1428502518530799775	CPU_4	100.00	0	0	0	0	0	0	0	0	0
1428502519239835078	CPU_4	98.59	0	0	0	0	1.40	0	0	0	0
1428502519964987818	CPU_4	100.00	0	0	0	0	0	0	0	0	0
1428502520675409704	CPU_4	100.00	0	0	0	0	0	0	0	0	0
1428502521403825769	CPU_4	97.26	0	0	0	0	1.36	1.36	0	0	0
1428502522112489208	CPU_4	100.00	0	0	0	0	0	0	0	0	0
1428502522827614207	CPU_4	26.76	0	1.40	71.83	0	0	0	0	0	0
