#Timestamp	CPU_ID	user%	nice%	sys%	idle%	iowait%	irq%	softiq%	steal%	guest%	guest_nice%
1428505536433060125	CPU_4	90.00	0	3.33	6.66	0	0	0	0	0	0
1428505537121857492	CPU_4	98.55	0	0	0	0	1.44	0	0	0	0
1428505537817837631	CPU_4	100.00	0	0	0	0	0	0	0	0	0
1428505538514199478	CPU_4	97.18	0	0	0	0	1.40	1.40	0	0	0
1428505539206776336	CPU_4	100.00	0	0	0	0	0	0	0	0	0
1428505539905568927	CPU_4	100.00	0	0	0	0	0	0	0	0	0
1428505540599501075	CPU_4	98.57	0	0	0	0	1.42	0	0	0	0
1428505541291570813	CPU_4	98.55	0	0	0	0	0	1.44	0	0	0
1428505541996163348	CPU_4	98.59	0	0	0	0	1.40	0	0	0	0
1428505542688114504	CPU_4	100.00	0	0	0	0	0	0	0	0	0
1428505543379399413	CPU_4	98.55	0	0	0	0	1.44	0	0	0	0
1428505544110753708	CPU_4	98.64	0	0	0	0	0	1.35	0	0	0
1428505544803406739	CPU_4	100.00	0	0	0	0	0	0	0	0	0
1428505545494494317	CPU_4	98.55	0	0	0	0	1.44	0	0	0	0
1428505546196582406	CPU_4	100.00	0	0	0	0	0	0	0	0	0
1428505546890196979	CPU_4	98.57	0	0	0	0	1.42	0	0	0	0
1428505547592509736	CPU_4	98.57	0	0	0	0	0	1.42	0	0	0
1428505548284843897	CPU_4	98.57	0	0	0	0	1.42	0	0	0	0
1428505548978526805	CPU_4	100.00	0	0	0	0	0	0	0	0	0
1428505549680145566	CPU_4	100.00	0	0	0	0	0	0	0	0	0
1428505550373989558	CPU_4	97.14	0	0	0	0	1.42	1.42	0	0	0
1428505551069313630	CPU_4	100.00	0	0	0	0	0	0	0	0	0
1428505551772160474	CPU_4	98.57	0	0	0	0	1.42	0	0	0	0
1428505552467800630	CPU_4	100.00	0	0	0	0	0	0	0	0	0
1428505553162255832	CPU_4	97.14	0	0	0	0	1.42	1.42	0	0	0
1428505553865395344	CPU_4	100.00	0	0	0	0	0	0	0	0	0
1428505554589417881	CPU_4	98.61	0	0	0	0	1.38	0	0	0	0
1428505555293480016	CPU_4	100.00	0	0	0	0	0	0	0	0	0
1428505555987018890	CPU_4	100.00	0	0	0	0	0	0	0	0	0
1428505556682212678	CPU_4	97.18	0	0	0	0	1.40	1.40	0	0	0
1428505557386430899	CPU_4	100.00	0	0	0	0	0	0	0	0	0
1428505558080746731	CPU_4	98.55	0	0	0	0	1.44	0	0	0	0
1428505558775946479	CPU_4	100.00	0	0	0	0	0	0	0	0	0
1428505559480402160	CPU_4	97.22	0	0	0	0	1.38	1.38	0	0	0
1428505560175416952	CPU_4	100.00	0	0	0	0	0	0	0	0	0
1428505560870587868	CPU_4	100.00	0	0	0	0	0	0	0	0	0
1428505561578944249	CPU_4	98.59	0	0	0	0	1.40	0	0	0	0
1428505562273512961	CPU_4	98.57	0	0	0	0	0	1.42	0	0	0
1428505562979388141	CPU_4	98.59	0	0	0	0	1.40	0	0	0	0
1428505563672618942	CPU_4	100.00	0	0	0	0	0	0	0	0	0
1428505564367149697	CPU_4	98.57	0	0	0	0	1.42	0	0	0	0
1428505565101610050	CPU_4	100.00	0	0	0	0	0	0	0	0	0
1428505565793821481	CPU_4	98.57	0	0	0	0	0	1.42	0	0	0
1428505566489656443	CPU_4	98.57	0	0	0	0	1.42	0	0	0	0
1428505567195092755	CPU_4	100.00	0	0	0	0	0	0	0	0	0
1428505567889130099	CPU_4	98.57	0	0	0	0	1.42	0	0	0	0
1428505568662497805	CPU_4	98.63	0	0	0	0	0	1.36	0	0	0
1428505569359185393	CPU_4	98.66	0	0	0	0	1.33	0	0	0	0
1428505570070495650	CPU_4	100.00	0	0	0	0	0	0	0	0	0
1428505570773357348	CPU_4	100.00	0	0	0	0	0	0	0	0	0
1428505571468780317	CPU_4	97.18	0	0	0	0	1.40	1.40	0	0	0
1428505572166729071	CPU_4	100.00	0	0	0	0	0	0	0	0	0
1428505572870873643	CPU_4	98.57	0	0	0	0	1.42	0	0	0	0
1428505573567912110	CPU_4	100.00	0	0	0	0	0	0	0	0	0
1428505574262186335	CPU_4	98.55	0	0	0	0	1.44	0	0	0	0
1428505574969648316	CPU_4	98.59	0	0	0	0	0	1.40	0	0	0
1428505575667497241	CPU_4	100.00	0	0	0	0	0	0	0	0	0
1428505576372883855	CPU_4	98.59	0	0	0	0	1.40	0	0	0	0
1428505577069942909	CPU_4	100.00	0	0	0	0	0	0	0	0	0
1428505577766775422	CPU_4	97.14	0	0	0	0	1.42	1.42	0	0	0
1428505578471253665	CPU_4	100.00	0	0	0	0	0	0	0	0	0
1428505579167110308	CPU_4	98.57	0	0	0	0	1.42	0	0	0	0
1428505579863492617	CPU_4	100.00	0	0	0	0	0	0	0	0	0
1428505580599227359	CPU_4	97.33	0	0	0	0	1.33	1.33	0	0	0
1428505581295092420	CPU_4	100.00	0	0	0	0	0	0	0	0	0
1428505582007950519	CPU_4	100.00	0	0	0	0	0	0	0	0	0
1428505582704049248	CPU_4	98.57	0	0	0	0	1.42	0	0	0	0
1428505583400299769	CPU_4	100.00	0	0	0	0	0	0	0	0	0
1428505584117068567	CPU_4	97.22	0	0	0	0	1.38	1.38	0	0	0
1428505584819680531	CPU_4	100.00	0	0	0	0	0	0	0	0	0
1428505585516297678	CPU_4	98.57	0	0	0	0	1.42	0	0	0	0
1428505586223229173	CPU_4	100.00	0	0	0	0	0	0	0	0	0
1428505586918218659	CPU_4	98.55	0	0	0	0	0	1.44	0	0	0
1428505587615872889	CPU_4	98.57	0	0	0	0	1.42	0	0	0	0
1428505588321749306	CPU_4	100.00	0	0	0	0	0	0	0	0	0
1428505589017520792	CPU_4	98.57	0	0	0	0	1.42	0	0	0	0
1428505589749108597	CPU_4	98.63	0	0	0	0	0	1.36	0	0	0
1428505590446191540	CPU_4	98.57	0	0	0	0	1.42	0	0	0	0
1428505591173070234	CPU_4	100.00	0	0	0	0	0	0	0	0	0
1428505591877862949	CPU_4	100.00	0	0	0	0	0	0	0	0	0
1428505592575778392	CPU_4	97.14	0	0	0	0	1.42	1.42	0	0	0
1428505593283798557	CPU_4	100.00	0	0	0	0	0	0	0	0	0
1428505593983511872	CPU_4	98.59	0	0	0	0	1.40	0	0	0	0
1428505594684784516	CPU_4	100.00	0	0	0	0	0	0	0	0	0
1428505595394372096	CPU_4	98.61	0	0	0	0	1.38	0	0	0	0
1428505596091328295	CPU_4	98.55	0	0	0	0	0	1.44	0	0	0
1428505596789256867	CPU_4	100.00	0	0	0	0	0	0	0	0	0
1428505597498827741	CPU_4	98.59	0	0	0	0	1.40	0	0	0	0
1428505598194194738	CPU_4	100.00	0	0	0	0	0	0	0	0	0
1428505598892606686	CPU_4	97.18	0	0	0	0	1.40	1.40	0	0	0
1428505599604827221	CPU_4	100.00	0	0	0	0	0	0	0	0	0
1428505600301833133	CPU_4	98.55	0	0	0	0	1.44	0	0	0	0
1428505601009783181	CPU_4	100.00	0	0	0	0	0	0	0	0	0
1428505601735438182	CPU_4	97.26	0	0	0	0	1.36	1.36	0	0	0
1428505602431010142	CPU_4	100.00	0	0	0	0	0	0	0	0	0
1428505603139944773	CPU_4	100.00	0	0	0	0	0	0	0	0	0
1428505603838596392	CPU_4	98.57	0	0	0	0	1.42	0	0	0	0
1428505604535675808	CPU_4	100.00	0	0	0	0	0	0	0	0	0
1428505605242876113	CPU_4	97.22	0	0	0	0	1.38	1.38	0	0	0
1428505605942877938	CPU_4	100.00	0	0	0	0	0	0	0	0	0
1428505606649032748	CPU_4	98.59	0	0	0	0	1.40	0	0	0	0
1428505607346855039	CPU_4	100.00	0	0	0	0	0	0	0	0	0
1428505608045192413	CPU_4	98.57	0	0	0	0	0	1.42	0	0	0
1428505608752752179	CPU_4	98.59	0	0	0	0	1.40	0	0	0	0
1428505609450866805	CPU_4	100.00	0	0	0	0	0	0	0	0	0
1428505610149335556	CPU_4	98.57	0	0	0	0	1.42	0	0	0	0
1428505610857860738	CPU_4	98.59	0	0	0	0	0	1.40	0	0	0
1428505611556463948	CPU_4	98.57	0	0	0	0	1.42	0	0	0	0
1428505612285363492	CPU_4	100.00	0	0	0	0	0	0	0	0	0
1428505612982057459	CPU_4	100.00	0	0	0	0	0	0	0	0	0
1428505613681226586	CPU_4	98.57	0	0	0	0	1.42	0	0	0	0
1428505614391513267	CPU_4	98.59	0	0	0	0	0	1.40	0	0	0
1428505615088366527	CPU_4	98.59	0	0	0	0	1.40	0	0	0	0
1428505615786388285	CPU_4	100.00	0	0	0	0	0	0	0	0	0
1428505616495928553	CPU_4	98.61	0	0	0	0	1.38	0	0	0	0
1428505617193835145	CPU_4	98.57	0	0	0	0	0	1.42	0	0	0
1428505617896367184	CPU_4	100.00	0	0	0	0	0	0	0	0	0
1428505618602058757	CPU_4	98.59	0	0	0	0	1.40	0	0	0	0
1428505619297838691	CPU_4	100.00	0	0	0	0	0	0	0	0	0
1428505620006132216	CPU_4	97.18	0	0	0	0	1.40	1.40	0	0	0
1428505620710955793	CPU_4	100.00	0	0	0	0	0	0	0	0	0
1428505621408000017	CPU_4	98.59	0	0	0	0	1.40	0	0	0	0
1428505622116456544	CPU_4	100.00	0	0	0	0	0	0	0	0	0
1428505622817203843	CPU_4	98.59	0	0	0	0	1.40	0	0	0	0
1428505623513828195	CPU_4	98.57	0	0	0	0	0	1.42	0	0	0
1428505624222801514	CPU_4	100.00	0	0	0	0	0	0	0	0	0
1428505624919475826	CPU_4	98.57	0	0	0	0	1.42	0	0	0	0
1428505625628458563	CPU_4	100.00	0	0	0	0	0	0	0	0	0
1428505626327216704	CPU_4	97.14	0	0	0	0	1.42	1.42	0	0	0
1428505627023218603	CPU_4	100.00	0	0	0	0	0	0	0	0	0
1428505627732345300	CPU_4	98.57	0	0	0	0	1.42	0	0	0	0
1428505628430633444	CPU_4	100.00	0	0	0	0	0	0	0	0	0
1428505629128314715	CPU_4	100.00	0	0	0	0	0	0	0	0	0
1428505629835171463	CPU_4	97.18	0	0	0	0	1.40	1.40	0	0	0
1428505630534405648	CPU_4	100.00	0	0	0	0	0	0	0	0	0
1428505631248534627	CPU_4	98.59	0	0	0	0	1.40	0	0	0	0
1428505631948163854	CPU_4	100.00	0	0	0	0	0	0	0	0	0
1428505632647583832	CPU_4	97.14	0	0	0	0	1.42	1.42	0	0	0
1428505633385028791	CPU_4	100.00	0	0	0	0	0	0	0	0	0
1428505634110814200	CPU_4	100.00	0	0	0	0	0	0	0	0	0
1428505634816116164	CPU_4	98.57	0	0	0	0	1.42	0	0	0	0
1428505635519342760	CPU_4	98.59	0	0	0	0	0	1.40	0	0	0
1428505636217138621	CPU_4	98.57	0	0	0	0	1.42	0	0	0	0
1428505636926807576	CPU_4	100.00	0	0	0	0	0	0	0	0	0
1428505637626429350	CPU_4	98.59	0	0	0	0	1.40	0	0	0	0
1428505638323990964	CPU_4	100.00	0	0	0	0	0	0	0	0	0
1428505639032070008	CPU_4	98.59	0	0	0	0	0	1.40	0	0	0
1428505639732639907	CPU_4	98.59	0	0	0	0	1.40	0	0	0	0
1428505640428317111	CPU_4	100.00	0	0	0	0	0	0	0	0	0
1428505641138875400	CPU_4	98.59	0	0	0	0	1.40	0	0	0	0
1428505641837377973	CPU_4	98.57	0	0	0	0	0	1.42	0	0	0
1428505642544443982	CPU_4	98.59	0	0	0	0	1.40	0	0	0	0
1428505643244292094	CPU_4	100.00	0	0	0	0	0	0	0	0	0
1428505643944378706	CPU_4	100.00	0	0	0	0	0	0	0	0	0
1428505644652104090	CPU_4	97.22	0	0	0	0	1.38	1.38	0	0	0
1428505645351714330	CPU_4	100.00	0	0	0	0	0	0	0	0	0
1428505646052517151	CPU_4	98.57	0	0	0	0	1.42	0	0	0	0
1428505646760696327	CPU_4	100.00	0	0	0	0	0	0	0	0	0
1428505647460019403	CPU_4	97.18	0	0	0	0	1.40	1.40	0	0	0
1428505648173460733	CPU_4	100.00	0	0	0	0	0	0	0	0	0
1428505648873470975	CPU_4	98.57	0	0	0	0	1.42	0	0	0	0
1428505649574423674	CPU_4	100.00	0	0	0	0	0	0	0	0	0
1428505650283589059	CPU_4	100.00	0	0	0	0	0	0	0	0	0
1428505650982519806	CPU_4	97.18	0	0	0	0	1.40	1.40	0	0	0
1428505651683315632	CPU_4	100.00	0	0	0	0	0	0	0	0	0
1428505652392286020	CPU_4	98.57	0	0	0	0	1.42	0	0	0	0
1428505653099462580	CPU_4	100.00	0	0	0	0	0	0	0	0	0
1428505653832405154	CPU_4	97.22	0	0	0	0	1.38	1.38	0	0	0
1428505654543142123	CPU_4	100.00	0	0	0	0	0	0	0	0	0
1428505655242244790	CPU_4	100.00	0	0	0	0	0	0	0	0	0
1428505655952002470	CPU_4	98.59	0	0	0	0	1.40	0	0	0	0
1428505656653497882	CPU_4	98.59	0	0	0	0	0	1.40	0	0	0
1428505657350658223	CPU_4	98.57	0	0	0	0	1.42	0	0	0	0
1428505658060950071	CPU_4	100.00	0	0	0	0	0	0	0	0	0
1428505658760226032	CPU_4	98.57	0	0	0	0	1.42	0	0	0	0
1428505659470745173	CPU_4	100.00	0	0	0	0	0	0	0	0	0
1428505660171211757	CPU_4	98.57	0	0	0	0	0	1.42	0	0	0
1428505660873839753	CPU_4	98.59	0	0	0	0	1.40	0	0	0	0
1428505661581306820	CPU_4	100.00	0	0	0	0	0	0	0	0	0
1428505662282874653	CPU_4	98.59	0	0	0	0	1.40	0	0	0	0
1428505662984381321	CPU_4	98.57	0	0	0	0	0	1.42	0	0	0
1428505663692740513	CPU_4	98.59	0	0	0	0	1.40	0	0	0	0
1428505664392378103	CPU_4	100.00	0	0	0	0	0	0	0	0	0
1428505665105936407	CPU_4	100.00	0	0	0	0	0	0	0	0	0
1428505665805557540	CPU_4	97.18	0	0	0	0	1.40	1.40	0	0	0
1428505666506227338	CPU_4	100.00	0	0	0	0	0	0	0	0	0
1428505667217592483	CPU_4	98.59	0	0	0	0	1.40	0	0	0	0
1428505667917086327	CPU_4	100.00	0	0	0	0	0	0	0	0	0
1428505668617723919	CPU_4	98.59	0	0	0	0	1.40	0	0	0	0
1428505669329288982	CPU_4	98.59	0	0	0	0	0	1.40	0	0	0
1428505670028146163	CPU_4	98.59	0	0	0	0	1.40	0	0	0	0
1428505670733034703	CPU_4	100.00	0	0	0	0	0	0	0	0	0
1428505671440788695	CPU_4	100.00	0	0	0	0	0	0	0	0	0
1428505672139977502	CPU_4	97.18	0	0	0	0	1.40	1.40	0	0	0
1428505672854999601	CPU_4	100.00	0	0	0	0	0	0	0	0	0
1428505673555186323	CPU_4	98.57	0	0	0	0	1.42	0	0	0	0
1428505674296801186	CPU_4	100.00	0	0	0	0	0	0	0	0	0
1428505675007632006	CPU_4	97.22	0	0	0	0	1.38	1.38	0	0	0
1428505675708562561	CPU_4	100.00	0	0	0	0	0	0	0	0	0
1428505676418219844	CPU_4	100.00	0	0	0	0	0	0	0	0	0
1428505677116979656	CPU_4	98.57	0	0	0	0	1.42	0	0	0	0
1428505677818260088	CPU_4	98.57	0	0	0	0	0	1.42	0	0	0
1428505678527655957	CPU_4	98.59	0	0	0	0	1.40	0	0	0	0
1428505679255845609	CPU_4	100.00	0	0	0	0	0	0	0	0	0
1428505679956464211	CPU_4	98.59	0	0	0	0	1.40	0	0	0	0
1428505680670826860	CPU_4	100.00	0	0	0	0	0	0	0	0	0
1428505681369314135	CPU_4	97.18	0	0	0	0	1.40	1.40	0	0	0
1428505682081370417	CPU_4	100.00	0	0	0	0	0	0	0	0	0
1428505682783215101	CPU_4	100.00	0	0	0	0	0	0	0	0	0
1428505683482174835	CPU_4	98.57	0	0	0	0	1.42	0	0	0	0
1428505684192935372	CPU_4	98.61	0	0	0	0	0	1.38	0	0	0
1428505684896233096	CPU_4	98.57	0	0	0	0	1.42	0	0	0	0
1428505685597944908	CPU_4	100.00	0	0	0	0	0	0	0	0	0
1428505686337374454	CPU_4	98.66	0	0	0	0	1.33	0	0	0	0
1428505687039594807	CPU_4	98.59	0	0	0	0	0	1.40	0	0	0
1428505687751811885	CPU_4	100.00	0	0	0	0	0	0	0	0	0
1428505688451485872	CPU_4	98.57	0	0	0	0	1.42	0	0	0	0
1428505689153376603	CPU_4	100.00	0	0	0	0	0	0	0	0	0
1428505689865710182	CPU_4	97.22	0	0	0	0	1.38	1.38	0	0	0
1428505690565669586	CPU_4	100.00	0	0	0	0	0	0	0	0	0
1428505691302941476	CPU_4	98.64	0	0	0	0	1.35	0	0	0	0
1428505692006102831	CPU_4	100.00	0	0	0	0	0	0	0	0	0
1428505692706848652	CPU_4	100.00	0	0	0	0	0	0	0	0	0
1428505693418062320	CPU_4	97.26	0	0	0	0	1.36	1.36	0	0	0
1428505694120317638	CPU_4	100.00	0	0	0	0	0	0	0	0	0
1428505694821113794	CPU_4	98.57	0	0	0	0	1.42	0	0	0	0
1428505695532448089	CPU_4	100.00	0	0	0	0	0	0	0	0	0
1428505696235010408	CPU_4	97.18	0	0	0	0	1.40	1.40	0	0	0
1428505696946739036	CPU_4	100.00	0	0	0	0	0	0	0	0	0
1428505697648834358	CPU_4	100.00	0	0	0	0	0	0	0	0	0
1428505698351159679	CPU_4	98.57	0	0	0	0	1.42	0	0	0	0
1428505699062669101	CPU_4	98.59	0	0	0	0	0	1.40	0	0	0
1428505699764728758	CPU_4	98.59	0	0	0	0	1.40	0	0	0	0
1428505700465845084	CPU_4	100.00	0	0	0	0	0	0	0	0	0
1428505701177423383	CPU_4	98.61	0	0	0	0	1.38	0	0	0	0
1428505701893323755	CPU_4	100.00	0	0	0	0	0	0	0	0	0
1428505702604889472	CPU_4	97.22	0	0	0	0	1.38	1.38	0	0	0
1428505703308927918	CPU_4	100.00	0	0	0	0	0	0	0	0	0
1428505704014051278	CPU_4	100.00	0	0	0	0	0	0	0	0	0
1428505704731752565	CPU_4	98.61	0	0	0	0	1.38	0	0	0	0
1428505705434274641	CPU_4	98.59	0	0	0	0	0	1.40	0	0	0
1428505706146698526	CPU_4	98.59	0	0	0	0	1.40	0	0	0	0
1428505706850493350	CPU_4	100.00	0	0	0	0	0	0	0	0	0
1428505707552363139	CPU_4	98.57	0	0	0	0	1.42	0	0	0	0
1428505708262936822	CPU_4	98.61	0	0	0	0	0	1.38	0	0	0
1428505708967711728	CPU_4	98.57	0	0	0	0	1.42	0	0	0	0
1428505709696573865	CPU_4	100.00	0	0	0	0	0	0	0	0	0
1428505710410227666	CPU_4	100.00	0	0	0	0	0	0	0	0	0
1428505711111109294	CPU_4	97.18	0	0	0	0	1.40	1.40	0	0	0
1428505711813472876	CPU_4	100.00	0	0	0	0	0	0	0	0	0
1428505712526553889	CPU_4	98.59	0	0	0	0	1.40	0	0	0	0
1428505713227227019	CPU_4	100.00	0	0	0	0	0	0	0	0	0
1428505713938989953	CPU_4	98.61	0	0	0	0	1.38	0	0	0	0
1428505714642490243	CPU_4	98.57	0	0	0	0	0	1.42	0	0	0
1428505715343101500	CPU_4	100.00	0	0	0	0	0	0	0	0	0
1428505716055116602	CPU_4	98.59	0	0	0	0	1.40	0	0	0	0
1428505716759484891	CPU_4	100.00	0	0	0	0	0	0	0	0	0
1428505717478126561	CPU_4	97.22	0	0	0	0	1.38	1.38	0	0	0
1428505718186410425	CPU_4	100.00	0	0	0	0	0	0	0	0	0
1428505718889385261	CPU_4	98.57	0	0	0	0	1.42	0	0	0	0
1428505719600870534	CPU_4	98.59	0	1.40	0	0	0	0	0	0	0
1428505720303209832	CPU_4	97.22	0	0	0	0	1.38	1.38	0	0	0
1428505721005815046	CPU_4	100.00	0	0	0	0	0	0	0	0	0
1428505721715502742	CPU_4	100.00	0	0	0	0	0	0	0	0	0
1428505722416971294	CPU_4	98.57	0	0	0	0	1.42	0	0	0	0
1428505723119937175	CPU_4	98.59	0	0	0	0	0	1.40	0	0	0
1428505723826932422	CPU_4	98.59	0	0	0	0	1.40	0	0	0	0
1428505724527429394	CPU_4	100.00	0	0	0	0	0	0	0	0	0
1428505725238777589	CPU_4	98.61	0	0	0	0	1.38	0	0	0	0
1428505725937674525	CPU_4	98.55	0	0	0	0	0	1.44	0	0	0
1428505726639483038	CPU_4	100.00	0	0	0	0	0	0	0	0	0
1428505727350648235	CPU_4	98.59	0	0	0	0	1.40	0	0	0	0
1428505728049558631	CPU_4	100.00	0	0	0	0	0	0	0	0	0
1428505728751561228	CPU_4	98.59	0	0	0	0	1.40	0	0	0	0
1428505729461657429	CPU_4	98.59	0	0	0	0	0	1.40	0	0	0
1428505730161454491	CPU_4	98.57	0	0	0	0	1.42	0	0	0	0
1428505730873528730	CPU_4	100.00	0	0	0	0	0	0	0	0	0
1428505731574614374	CPU_4	98.57	0	0	0	0	1.42	0	0	0	0
1428505732292749015	CPU_4	98.61	0	0	0	0	0	1.38	0	0	0
1428505733004770131	CPU_4	100.00	0	0	0	0	0	0	0	0	0
1428505733706715440	CPU_4	98.57	0	0	0	0	1.42	0	0	0	0
1428505734406528130	CPU_4	100.00	0	0	0	0	0	0	0	0	0
1428505735118937164	CPU_4	97.22	0	0	0	0	1.38	1.38	0	0	0
1428505735820962516	CPU_4	100.00	0	0	0	0	0	0	0	0	0
1428505736533331926	CPU_4	98.59	0	0	0	0	1.40	0	0	0	0
1428505737233785783	CPU_4	100.00	0	0	0	0	0	0	0	0	0
1428505737965303978	CPU_4	97.29	0	0	0	0	1.35	1.35	0	0	0
1428505738676708392	CPU_4	100.00	0	0	0	0	0	0	0	0	0
1428505739406668383	CPU_4	100.00	0	0	0	0	0	0	0	0	0
1428505740117665757	CPU_4	98.59	0	0	0	0	1.40	0	0	0	0
1428505740820696236	CPU_4	100.00	0	0	0	0	0	0	0	0	0
1428505741520704056	CPU_4	97.18	0	0	0	0	1.40	1.40	0	0	0
1428505742232217348	CPU_4	100.00	0	0	0	0	0	0	0	0	0
1428505742934993120	CPU_4	98.57	0	0	0	0	1.42	0	0	0	0
1428505743637712352	CPU_4	100.00	0	0	0	0	0	0	0	0	0
1428505744449823886	CPU_4	97.56	0	0	0	0	1.21	1.21	0	0	0
1428505745150967539	CPU_4	100.00	0	0	0	0	0	0	0	0	0
1428505745863267623	CPU_4	100.00	0	0	0	0	0	0	0	0	0
1428505746567590436	CPU_4	98.57	0	0	0	0	1.42	0	0	0	0
1428505747277537611	CPU_4	98.59	0	0	0	0	0	1.40	0	0	0
1428505747979853347	CPU_4	98.59	0	0	0	0	1.40	0	0	0	0
1428505748682809665	CPU_4	100.00	0	0	0	0	0	0	0	0	0
1428505749408506675	CPU_4	98.64	0	0	0	0	1.35	0	0	0	0
1428505750111313620	CPU_4	98.57	0	0	0	0	0	1.42	0	0	0
1428505750814728147	CPU_4	98.59	0	0	0	0	1.40	0	0	0	0
1428505751523490536	CPU_4	100.00	0	0	0	0	0	0	0	0	0
1428505752225203694	CPU_4	100.00	0	0	0	0	0	0	0	0	0
1428505752937622741	CPU_4	97.22	0	0	0	0	1.38	1.38	0	0	0
1428505753637473071	CPU_4	100.00	0	0	0	0	0	0	0	0	0
1428505754396819041	CPU_4	98.68	0	0	0	0	1.31	0	0	0	0
1428505755108763341	CPU_4	100.00	0	0	0	0	0	0	0	0	0
1428505755811511956	CPU_4	98.59	0	0	0	0	1.40	0	0	0	0
1428505756521951553	CPU_4	98.59	0	0	0	0	0	1.40	0	0	0
1428505757225117752	CPU_4	100.00	0	0	0	0	0	0	0	0	0
1428505757929590949	CPU_4	98.59	0	0	0	0	1.40	0	0	0	0
1428505758665943939	CPU_4	100.00	0	0	0	0	0	0	0	0	0
1428505759368798557	CPU_4	97.18	0	0	0	0	1.40	1.40	0	0	0
1428505760079653156	CPU_4	100.00	0	0	0	0	0	0	0	0	0
1428505760783911188	CPU_4	98.59	0	0	0	0	1.40	0	0	0	0
1428505761486290184	CPU_4	100.00	0	0	0	0	0	0	0	0	0
1428505762197981699	CPU_4	97.22	0	0	0	0	1.38	1.38	0	0	0
1428505762898512076	CPU_4	100.00	0	0	0	0	0	0	0	0	0
1428505763600759740	CPU_4	100.00	0	0	0	0	0	0	0	0	0
1428505764312280549	CPU_4	98.61	0	0	0	0	1.38	0	0	0	0
1428505765013564842	CPU_4	98.57	0	0	0	0	0	1.42	0	0	0
1428505765721780743	CPU_4	98.59	0	0	0	0	1.40	0	0	0	0
1428505766430004561	CPU_4	100.00	0	0	0	0	0	0	0	0	0
1428505767133593350	CPU_4	98.59	0	0	0	0	1.40	0	0	0	0
1428505767845653492	CPU_4	98.59	0	0	0	0	0	1.40	0	0	0
1428505768547610787	CPU_4	98.59	0	0	0	0	1.40	0	0	0	0
1428505769253390363	CPU_4	100.00	0	0	0	0	0	0	0	0	0
1428505769964876842	CPU_4	100.00	0	0	0	0	0	0	0	0	0
1428505770667786510	CPU_4	98.57	0	0	0	0	1.42	0	0	0	0
1428505771387603469	CPU_4	98.61	0	0	0	0	0	1.38	0	0	0
1428505772089086975	CPU_4	98.59	0	0	0	0	1.40	0	0	0	0
1428505772791794687	CPU_4	100.00	0	0	0	0	0	0	0	0	0
1428505773504636957	CPU_4	98.61	0	0	0	0	1.38	0	0	0	0
1428505774205250217	CPU_4	98.57	0	0	0	0	0	1.42	0	0	0
1428505774909040761	CPU_4	98.59	0	0	0	0	1.40	0	0	0	0
1428505775622835739	CPU_4	100.00	0	0	0	0	0	0	0	0	0
1428505776324664914	CPU_4	100.00	0	0	0	0	0	0	0	0	0
1428505777037976560	CPU_4	97.22	0	0	0	0	1.38	1.38	0	0	0
1428505777741473149	CPU_4	100.00	0	0	0	0	0	0	0	0	0
1428505778444534322	CPU_4	98.57	0	0	0	0	1.42	0	0	0	0
1428505779159080842	CPU_4	100.00	0	0	0	0	0	0	0	0	0
1428505779862101308	CPU_4	97.18	0	0	0	0	1.40	1.40	0	0	0
1428505780565467107	CPU_4	100.00	0	0	0	0	0	0	0	0	0
1428505781279820212	CPU_4	98.61	0	0	0	0	1.38	0	0	0	0
1428505781984968716	CPU_4	100.00	0	0	0	0	0	0	0	0	0
1428505782697641660	CPU_4	100.00	0	0	0	0	0	0	0	0	0
1428505783401997376	CPU_4	97.18	0	0	0	0	1.40	1.40	0	0	0
1428505784116342400	CPU_4	100.00	0	0	0	0	0	0	0	0	0
1428505784831589130	CPU_4	98.61	0	0	0	0	1.38	0	0	0	0
1428505785534107727	CPU_4	100.00	0	0	0	0	0	0	0	0	0
1428505786250492247	CPU_4	97.22	0	0	0	0	1.38	1.38	0	0	0
1428505786956842460	CPU_4	100.00	0	0	0	0	0	0	0	0	0
1428505787658866142	CPU_4	100.00	0	0	0	0	0	0	0	0	0
1428505788371590382	CPU_4	98.61	0	0	0	0	1.38	0	0	0	0
1428505789076709183	CPU_4	98.57	0	0	0	0	0	1.42	0	0	0
1428505789809902871	CPU_4	98.64	0	0	0	0	1.35	0	0	0	0
1428505790523373152	CPU_4	100.00	0	0	0	0	0	0	0	0	0
1428505791228263372	CPU_4	98.59	0	0	0	0	1.40	0	0	0	0
1428505791944180231	CPU_4	98.59	0	0	0	0	0	1.40	0	0	0
1428505792645810501	CPU_4	98.59	0	0	0	0	1.40	0	0	0	0
1428505793349787725	CPU_4	100.00	0	0	0	0	0	0	0	0	0
1428505794065947251	CPU_4	100.00	0	0	0	0	0	0	0	0	0
1428505794768537562	CPU_4	97.18	0	0	0	0	1.40	1.40	0	0	0
1428505795478128565	CPU_4	100.00	0	0	0	0	0	0	0	0	0
1428505796184125618	CPU_4	98.61	0	0	0	0	1.38	0	0	0	0
1428505796881984276	CPU_4	100.00	0	0	0	0	0	0	0	0	0
1428505797592506861	CPU_4	98.61	0	0	0	0	1.38	0	0	0	0
1428505798293155596	CPU_4	98.57	0	0	0	0	0	1.42	0	0	0
1428505798992603877	CPU_4	100.00	0	0	0	0	0	0	0	0	0
1428505799702709964	CPU_4	98.59	0	0	0	0	1.40	0	0	0	0
1428505800403416784	CPU_4	100.00	0	0	0	0	0	0	0	0	0
1428505801103968063	CPU_4	97.18	0	0	0	0	1.40	1.40	0	0	0
1428505801814719317	CPU_4	100.00	0	0	0	0	0	0	0	0	0
1428505802517458925	CPU_4	98.57	0	0	0	0	1.42	0	0	0	0
1428505803227430682	CPU_4	100.00	0	0	0	0	0	0	0	0	0
1428505803930819705	CPU_4	97.18	0	0	0	0	1.40	1.40	0	0	0
1428505804633023149	CPU_4	100.00	0	0	0	0	0	0	0	0	0
1428505805344222446	CPU_4	100.00	0	0	0	0	0	0	0	0	0
1428505806047049806	CPU_4	98.57	0	0	0	0	1.42	0	0	0	0
1428505806752077161	CPU_4	100.00	0	0	0	0	0	0	0	0	0
1428505807461058049	CPU_4	97.22	0	0	0	0	1.38	1.38	0	0	0
1428505808163210453	CPU_4	100.00	0	0	0	0	0	0	0	0	0
1428505808887463887	CPU_4	98.59	0	0	0	0	1.40	0	0	0	0
1428505809591909162	CPU_4	100.00	0	0	0	0	0	0	0	0	0
1428505810294269109	CPU_4	98.57	0	0	0	0	0	1.42	0	0	0
1428505811022882241	CPU_4	98.63	0	0	0	0	1.36	0	0	0	0
1428505811727771809	CPU_4	100.00	0	0	0	0	0	0	0	0	0
1428505812440249774	CPU_4	98.61	0	0	0	0	1.38	0	0	0	0
1428505813143103389	CPU_4	98.57	0	0	0	0	0	1.42	0	0	0
1428505813847681416	CPU_4	98.59	0	0	0	0	1.40	0	0	0	0
1428505814667720864	CPU_4	100.00	0	0	0	0	0	0	0	0	0
1428505815370513022	CPU_4	98.59	0	0	0	0	1.40	0	0	0	0
1428505816113995245	CPU_4	98.64	0	0	0	0	0	1.35	0	0	0
1428505816816706821	CPU_4	100.00	0	0	0	0	0	0	0	0	0
1428505817519714647	CPU_4	98.59	0	0	0	0	1.40	0	0	0	0
1428505818232168741	CPU_4	100.00	0	0	0	0	0	0	0	0	0
1428505818936421815	CPU_4	97.22	0	0	0	0	1.38	1.38	0	0	0
1428505819639547725	CPU_4	100.00	0	0	0	0	0	0	0	0	0
1428505820352943110	CPU_4	98.59	0	0	0	0	1.40	0	0	0	0
1428505821056968394	CPU_4	100.00	0	0	0	0	0	0	0	0	0
1428505821773105564	CPU_4	98.61	0	0	0	0	1.38	0	0	0	0
1428505822475111979	CPU_4	98.59	0	0	0	0	0	1.40	0	0	0
1428505823179366681	CPU_4	100.00	0	0	0	0	0	0	0	0	0
1428505823896526392	CPU_4	98.59	0	0	0	0	1.40	0	0	0	0
1428505824604830167	CPU_4	100.00	0	0	0	0	0	0	0	0	0
1428505825319134637	CPU_4	97.22	0	0	0	0	1.38	1.38	0	0	0
1428505826024942878	CPU_4	100.00	0	0	0	0	0	0	0	0	0
1428505826726447422	CPU_4	98.57	0	0	0	0	1.42	0	0	0	0
1428505827440941559	CPU_4	100.00	0	0	0	0	0	0	0	0	0
1428505828144642765	CPU_4	97.22	0	0	0	0	1.38	1.38	0	0	0
1428505828847565390	CPU_4	100.00	0	0	0	0	0	0	0	0	0
1428505829561140155	CPU_4	100.00	0	0	0	0	0	0	0	0	0
1428505830266411817	CPU_4	98.59	0	0	0	0	1.40	0	0	0	0
1428505830979843084	CPU_4	98.61	0	0	0	0	0	1.38	0	0	0
1428505831685597954	CPU_4	98.59	0	0	0	0	1.40	0	0	0	0
1428505832387874833	CPU_4	100.00	0	0	0	0	0	0	0	0	0
1428505833105879048	CPU_4	98.61	0	0	0	0	1.38	0	0	0	0
1428505833807208555	CPU_4	98.57	0	0	0	0	0	1.42	0	0	0
1428505834517430041	CPU_4	100.00	0	0	0	0	0	0	0	0	0
1428505835226990029	CPU_4	98.61	0	0	0	0	1.38	0	0	0	0
1428505835929000119	CPU_4	100.00	0	0	0	0	0	0	0	0	0
1428505836642825139	CPU_4	98.61	0	0	0	0	1.38	0	0	0	0
1428505837348083472	CPU_4	98.59	0	0	0	0	0	1.40	0	0	0
1428505838050689104	CPU_4	98.57	0	0	0	0	1.42	0	0	0	0
1428505838764633374	CPU_4	100.00	0	0	0	0	0	0	0	0	0
1428505839468055547	CPU_4	100.00	0	0	0	0	0	0	0	0	0
1428505840185226227	CPU_4	97.26	0	0	0	0	1.36	1.36	0	0	0
1428505840888898441	CPU_4	100.00	0	0	0	0	0	0	0	0	0
1428505841594334110	CPU_4	98.57	0	0	0	0	1.42	0	0	0	0
1428505842318285400	CPU_4	100.00	0	0	0	0	0	0	0	0	0
1428505843022954488	CPU_4	97.18	0	0	0	0	1.40	1.40	0	0	0
1428505843727018870	CPU_4	100.00	0	0	0	0	0	0	0	0	0
1428505844440156147	CPU_4	98.61	0	0	0	0	1.38	0	0	0	0
1428505845144705945	CPU_4	100.00	0	0	0	0	0	0	0	0	0
1428505845858209846	CPU_4	98.61	0	0	0	0	0	1.38	0	0	0
1428505846565205848	CPU_4	98.59	0	0	0	0	1.40	0	0	0	0
1428505847268201651	CPU_4	100.00	0	0	0	0	0	0	0	0	0
1428505847982044886	CPU_4	98.59	0	0	0	0	1.40	0	0	0	0
1428505848687022936	CPU_4	100.00	0	0	0	0	0	0	0	0	0
1428505849390290365	CPU_4	97.18	0	0	0	0	1.40	1.40	0	0	0
1428505850105144265	CPU_4	100.00	0	0	0	0	0	0	0	0	0
1428505850809608734	CPU_4	100.00	0	0	0	0	0	0	0	0	0
1428505851522907098	CPU_4	98.61	0	0	0	0	1.38	0	0	0	0
1428505852227119360	CPU_4	98.57	0	0	0	0	0	1.42	0	0	0
1428505852931516122	CPU_4	98.59	0	0	0	0	1.40	0	0	0	0
1428505853644201655	CPU_4	100.00	0	0	0	0	0	0	0	0	0
1428505854348244127	CPU_4	98.59	0	0	0	0	1.40	0	0	0	0
1428505855070951762	CPU_4	98.59	0	0	0	0	0	1.40	0	0	0
1428505855773010156	CPU_4	98.61	0	0	0	0	1.38	0	0	0	0
1428505856476778213	CPU_4	100.00	0	0	0	0	0	0	0	0	0
1428505857189851248	CPU_4	100.00	0	0	0	0	0	0	0	0	0
1428505857894591428	CPU_4	97.22	0	0	0	0	1.38	1.38	0	0	0
1428505858598837069	CPU_4	100.00	0	0	0	0	0	0	0	0	0
1428505859313539060	CPU_4	98.59	0	0	0	0	1.40	0	0	0	0
1428505860020230070	CPU_4	100.00	0	0	0	0	0	0	0	0	0
1428505860733240191	CPU_4	98.61	0	0	0	0	1.38	0	0	0	0
1428505861439094371	CPU_4	98.59	0	0	0	0	0	1.40	0	0	0
1428505862143950845	CPU_4	100.00	0	0	0	0	0	0	0	0	0
1428505862855989261	CPU_4	98.59	0	0	0	0	1.40	0	0	0	0
1428505863561635985	CPU_4	100.00	0	0	0	0	0	0	0	0	0
1428505864266985168	CPU_4	97.22	0	0	0	0	1.38	1.38	0	0	0
1428505864979515000	CPU_4	100.00	0	0	0	0	0	0	0	0	0
1428505865684508810	CPU_4	98.57	0	0	0	0	1.42	0	0	0	0
1428505866399833262	CPU_4	100.00	0	0	0	0	0	0	0	0	0
1428505867104568656	CPU_4	97.22	0	0	0	0	1.38	1.38	0	0	0
1428505867810357382	CPU_4	100.00	0	0	0	0	0	0	0	0	0
1428505868525098295	CPU_4	100.00	0	0	0	0	0	0	0	0	0
1428505869230270315	CPU_4	98.59	0	0	0	0	1.40	0	0	0	0
1428505869950770589	CPU_4	98.61	0	0	0	0	0	1.38	0	0	0
1428505870656555734	CPU_4	98.59	0	0	0	0	1.40	0	0	0	0
1428505871364736164	CPU_4	100.00	0	0	0	0	0	0	0	0	0
1428505872077308834	CPU_4	98.59	0	0	0	0	1.40	0	0	0	0
1428505872782199732	CPU_4	100.00	0	0	0	0	0	0	0	0	0
1428505873487430504	CPU_4	98.59	0	0	0	0	0	1.40	0	0	0
1428505874203944916	CPU_4	98.63	0	0	0	0	1.36	0	0	0	0
1428505874909215522	CPU_4	100.00	0	0	0	0	0	0	0	0	0
1428505875626828099	CPU_4	98.61	0	0	0	0	1.38	0	0	0	0
1428505876329169713	CPU_4	98.59	0	0	0	0	0	1.40	0	0	0
1428505877033757739	CPU_4	98.59	0	0	0	0	1.40	0	0	0	0
1428505877749532197	CPU_4	100.00	0	0	0	0	0	0	0	0	0
1428505878452108354	CPU_4	98.59	0	0	0	0	1.40	0	0	0	0
1428505879161783035	CPU_4	98.59	0	0	0	0	0	1.40	0	0	0
1428505879873221129	CPU_4	100.00	0	0	0	0	0	0	0	0	0
1428505880577193284	CPU_4	98.57	0	0	0	0	1.42	0	0	0	0
1428505881290873124	CPU_4	100.00	0	0	0	0	0	0	0	0	0
1428505881995626236	CPU_4	97.22	0	0	0	0	1.38	1.38	0	0	0
1428505882703031300	CPU_4	100.00	0	0	0	0	0	0	0	0	0
1428505883417382556	CPU_4	98.59	0	0	0	0	1.40	0	0	0	0
1428505884123478541	CPU_4	100.00	0	0	0	0	0	0	0	0	0
1428505884839011045	CPU_4	97.22	0	0	0	0	1.38	1.38	0	0	0
1428505885543097077	CPU_4	100.00	0	0	0	0	0	0	0	0	0
1428505886250094811	CPU_4	100.00	0	0	0	0	0	0	0	0	0
1428505886964950734	CPU_4	98.59	0	0	0	0	1.40	0	0	0	0
1428505887671143971	CPU_4	100.00	0	0	0	0	0	0	0	0	0
1428505888376775751	CPU_4	97.22	0	0	0	0	1.38	1.38	0	0	0
1428505889094867293	CPU_4	100.00	0	0	0	0	0	0	0	0	0
1428505889797480623	CPU_4	98.57	0	0	0	0	1.42	0	0	0	0
1428505890512895589	CPU_4	100.00	0	0	0	0	0	0	0	0	0
1428505891218595287	CPU_4	97.22	0	0	0	0	1.38	1.38	0	0	0
1428505891924081028	CPU_4	100.00	0	0	0	0	0	0	0	0	0
1428505892645535272	CPU_4	100.00	0	0	0	0	0	0	0	0	0
1428505893350975472	CPU_4	98.59	0	0	0	0	1.40	0	0	0	0
1428505894069113600	CPU_4	98.61	0	0	0	0	0	1.38	0	0	0
1428505894773358804	CPU_4	98.59	0	0	0	0	1.40	0	0	0	0
1428505895479153547	CPU_4	100.00	0	0	0	0	0	0	0	0	0
1428505896193540977	CPU_4	98.61	0	0	0	0	1.38	0	0	0	0
1428505896896504226	CPU_4	98.57	0	0	0	0	0	1.42	0	0	0
1428505897601596222	CPU_4	100.00	0	0	0	0	0	0	0	0	0
1428505898316356069	CPU_4	98.59	0	0	0	0	1.40	0	0	0	0
1428505899019357570	CPU_4	100.00	0	0	0	0	0	0	0	0	0
1428505899736995786	CPU_4	98.61	0	0	0	0	1.38	0	0	0	0
1428505900442185574	CPU_4	98.59	0	0	0	0	0	1.40	0	0	0
1428505901145166951	CPU_4	98.59	0	0	0	0	1.40	0	0	0	0
1428505901859460385	CPU_4	100.00	0	0	0	0	0	0	0	0	0
1428505902564506383	CPU_4	98.59	0	0	0	0	1.40	0	0	0	0
1428505903273496663	CPU_4	98.59	0	0	0	0	0	1.40	0	0	0
1428505903986336852	CPU_4	100.00	0	0	0	0	0	0	0	0	0
1428505904692969347	CPU_4	98.59	0	0	0	0	1.40	0	0	0	0
1428505905410069026	CPU_4	100.00	0	0	0	0	0	0	0	0	0
1428505906115412650	CPU_4	97.22	0	0	0	0	1.38	1.38	0	0	0
1428505906820429692	CPU_4	100.00	0	0	0	0	0	0	0	0	0
1428505907537869205	CPU_4	98.59	0	0	0	0	1.40	0	0	0	0
1428505908242768957	CPU_4	100.00	0	0	0	0	0	0	0	0	0
1428505908959210806	CPU_4	97.26	0	0	0	0	1.36	1.36	0	0	0
1428505909667146218	CPU_4	100.00	0	0	0	0	0	0	0	0	0
1428505910372792844	CPU_4	100.00	0	0	0	0	0	0	0	0	0
1428505911088498112	CPU_4	98.63	0	0	0	0	1.36	0	0	0	0
1428505911796572650	CPU_4	98.57	0	0	0	0	0	1.42	0	0	0
1428505912501627862	CPU_4	98.59	0	0	0	0	1.40	0	0	0	0
1428505913217062549	CPU_4	100.00	0	0	0	0	0	0	0	0	0
1428505913922792177	CPU_4	98.59	0	0	0	0	1.40	0	0	0	0
1428505914642413438	CPU_4	100.00	0	0	0	0	0	0	0	0	0
1428505915346331071	CPU_4	97.22	0	0	0	0	1.38	1.38	0	0	0
1428505916052539366	CPU_4	100.00	0	0	0	0	0	0	0	0	0
1428505916768434387	CPU_4	100.00	0	0	0	0	0	0	0	0	0
1428505917477106885	CPU_4	98.59	0	0	0	0	1.40	0	0	0	0
1428505918192661908	CPU_4	98.61	0	0	0	0	0	1.38	0	0	0
1428505918898981287	CPU_4	98.59	0	0	0	0	1.40	0	0	0	0
1428505919605771249	CPU_4	100.00	0	0	0	0	0	0	0	0	0
1428505920322600562	CPU_4	98.61	0	0	0	0	1.38	0	0	0	0
1428505921030058272	CPU_4	98.59	0	0	0	0	0	1.40	0	0	0
1428505921747920667	CPU_4	98.59	0	0	0	0	1.40	0	0	0	0
1428505922457382166	CPU_4	100.00	0	0	0	0	0	0	0	0	0
1428505923166489540	CPU_4	100.00	0	0	0	0	0	0	0	0	0
1428505923882039775	CPU_4	97.22	0	0	0	0	1.38	1.38	0	0	0
1428505924586342412	CPU_4	100.00	0	0	0	0	0	0	0	0	0
1428505925294012541	CPU_4	98.59	0	0	0	0	1.40	0	0	0	0
1428505926010166692	CPU_4	100.00	0	0	0	0	0	0	0	0	0
1428505926715851494	CPU_4	97.22	0	0	0	0	1.38	1.38	0	0	0
1428505927432365853	CPU_4	100.00	0	0	0	0	0	0	0	0	0
1428505928139326194	CPU_4	98.59	0	0	0	0	1.40	0	0	0	0
1428505928844579748	CPU_4	100.00	0	0	0	0	0	0	0	0	0
1428505929561732107	CPU_4	100.00	0	0	0	0	0	0	0	0	0
1428505930269075990	CPU_4	97.22	0	0	0	0	1.38	1.38	0	0	0
1428505930983488731	CPU_4	100.00	0	0	0	0	0	0	0	0	0
1428505931696893558	CPU_4	98.61	0	0	0	0	1.38	0	0	0	0
1428505932403086612	CPU_4	100.00	0	0	0	0	0	0	0	0	0
1428505933121221345	CPU_4	97.22	0	0	0	0	1.38	1.38	0	0	0
1428505933826835651	CPU_4	100.00	0	0	0	0	0	0	0	0	0
1428505934533904203	CPU_4	100.00	0	0	0	0	0	0	0	0	0
1428505935250953815	CPU_4	98.61	0	0	0	0	1.38	0	0	0	0
1428505935956086207	CPU_4	98.57	0	0	0	0	0	1.42	0	0	0
1428505936673226903	CPU_4	98.63	0	0	0	0	1.36	0	0	0	0
1428505937380298623	CPU_4	100.00	0	0	0	0	0	0	0	0	0
1428505938085207516	CPU_4	98.59	0	0	0	0	1.40	0	0	0	0
1428505938803363878	CPU_4	98.61	0	0	0	0	0	1.38	0	0	0
1428505939512529011	CPU_4	98.59	0	0	0	0	1.40	0	0	0	0
1428505940233870782	CPU_4	100.00	0	0	0	0	0	0	0	0	0
1428505940943048083	CPU_4	100.00	0	0	0	0	0	0	0	0	0
1428505941651589803	CPU_4	97.18	0	0	0	0	1.40	1.40	0	0	0
1428505942371178038	CPU_4	100.00	0	0	0	0	0	0	0	0	0
1428505943075819475	CPU_4	98.57	0	0	0	0	1.42	0	0	0	0
1428505943797199374	CPU_4	100.00	0	0	0	0	0	0	0	0	0
1428505944518592022	CPU_4	98.63	0	0	0	0	1.36	0	0	0	0
1428505945227778700	CPU_4	98.57	0	0	0	0	0	1.42	0	0	0
1428505945944821776	CPU_4	98.63	0	0	0	0	1.36	0	0	0	0
1428505946652667250	CPU_4	100.00	0	0	0	0	0	0	0	0	0
1428505947362648594	CPU_4	100.00	0	0	0	0	0	0	0	0	0
1428505948077147719	CPU_4	97.26	0	0	0	0	1.36	1.36	0	0	0
1428505948784986152	CPU_4	100.00	0	0	0	0	0	0	0	0	0
1428505949501313107	CPU_4	98.61	0	0	0	0	1.38	0	0	0	0
1428505950207160337	CPU_4	100.00	0	0	0	0	0	0	0	0	0
1428505950913558650	CPU_4	97.22	0	0	0	0	1.38	1.38	0	0	0
1428505951632748349	CPU_4	100.00	0	0	0	0	0	0	0	0	0
1428505952339134079	CPU_4	98.59	0	0	0	0	1.40	0	0	0	0
1428505953046339891	CPU_4	100.00	0	0	0	0	0	0	0	0	0
1428505953766266756	CPU_4	98.61	0	0	0	0	0	1.38	0	0	0
1428505954476385479	CPU_4	98.61	0	0	0	0	1.38	0	0	0	0
1428505955192259188	CPU_4	100.00	0	0	0	0	0	0	0	0	0
1428505955898931669	CPU_4	98.61	0	0	0	0	1.38	0	0	0	0
1428505956606268357	CPU_4	98.57	0	0	0	0	0	1.42	0	0	0
1428505957322554566	CPU_4	98.61	0	0	0	0	1.38	0	0	0	0
1428505958033392872	CPU_4	100.00	0	0	0	0	0	0	0	0	0
1428505958751915910	CPU_4	100.00	0	0	0	0	0	0	0	0	0
1428505959457485354	CPU_4	98.59	0	0	0	0	1.40	0	0	0	0
1428505960165439418	CPU_4	98.59	0	0	0	0	0	1.40	0	0	0
1428505960884522664	CPU_4	98.63	0	0	0	0	1.36	0	0	0	0
1428505961595640346	CPU_4	100.00	0	0	0	0	0	0	0	0	0
1428505962315499882	CPU_4	98.61	0	0	0	0	1.38	0	0	0	0
1428505963024365570	CPU_4	98.59	0	0	0	0	0	1.40	0	0	0
1428505963734914129	CPU_4	98.61	0	0	0	0	1.38	0	0	0	0
1428505964451272175	CPU_4	100.00	0	0	0	0	0	0	0	0	0
1428505965158264202	CPU_4	100.00	0	0	0	0	0	0	0	0	0
1428505965867289224	CPU_4	97.22	0	0	0	0	1.38	1.38	0	0	0
1428505966582382941	CPU_4	100.00	0	0	0	0	0	0	0	0	0
1428505967291031590	CPU_4	98.59	0	0	0	0	1.40	0	0	0	0
1428505968008814176	CPU_4	100.00	0	0	0	0	0	0	0	0	0
1428505968719244697	CPU_4	97.22	0	0	0	0	1.38	1.38	0	0	0
1428505969426666183	CPU_4	100.00	0	0	0	0	0	0	0	0	0
1428505970144570603	CPU_4	100.00	0	0	0	0	0	0	0	0	0
1428505970855311416	CPU_4	98.59	0	0	0	0	1.40	0	0	0	0
1428505971571569840	CPU_4	98.61	0	0	0	0	0	1.38	0	0	0
1428505972280019534	CPU_4	98.59	0	0	0	0	1.40	0	0	0	0
1428505972988301353	CPU_4	100.00	0	0	0	0	0	0	0	0	0
1428505973705595527	CPU_4	98.59	0	0	0	0	1.40	0	0	0	0
1428505974414615803	CPU_4	100.00	0	0	0	0	0	0	0	0	0
1428505975127006739	CPU_4	97.18	0	0	0	0	1.40	1.40	0	0	0
1428505975845011578	CPU_4	100.00	0	0	0	0	0	0	0	0	0
1428505976551783445	CPU_4	100.00	0	0	0	0	0	0	0	0	0
1428505977270355825	CPU_4	98.63	0	0	0	0	1.36	0	0	0	0
1428505977978485606	CPU_4	98.59	0	0	0	0	0	1.40	0	0	0
1428505978684682266	CPU_4	98.59	0	0	0	0	1.40	0	0	0	0
1428505979405075310	CPU_4	100.00	0	0	0	0	0	0	0	0	0
1428505980112930676	CPU_4	98.59	0	0	0	0	1.40	0	0	0	0
1428505980829428021	CPU_4	98.61	0	0	0	0	0	1.38	0	0	0
1428505981537107055	CPU_4	100.00	0	0	0	0	0	0	0	0	0
1428505982246124293	CPU_4	98.59	0	0	0	0	1.40	0	0	0	0
1428505982965009593	CPU_4	100.00	0	0	0	0	0	0	0	0	0
1428505983675770620	CPU_4	97.22	0	0	0	0	1.38	1.38	0	0	0
1428505984396149541	CPU_4	100.00	0	0	0	0	0	0	0	0	0
1428505985106408945	CPU_4	98.59	0	0	0	0	1.40	0	0	0	0
1428505985812946525	CPU_4	100.00	0	0	0	0	0	0	0	0	0
1428505986531312327	CPU_4	97.26	0	0	0	0	1.36	1.36	0	0	0
1428505987238371365	CPU_4	100.00	0	0	0	0	0	0	0	0	0
1428505987951022848	CPU_4	100.00	0	0	0	0	0	0	0	0	0
1428505988663242540	CPU_4	98.61	0	0	0	0	1.38	0	0	0	0
1428505989372504490	CPU_4	100.00	0	0	0	0	0	0	0	0	0
1428505990091422668	CPU_4	97.26	0	0	0	0	1.36	1.36	0	0	0
1428505990798288750	CPU_4	100.00	0	0	0	0	0	0	0	0	0
1428505991506404162	CPU_4	98.57	0	0	0	0	1.42	0	0	0	0
1428505992225035174	CPU_4	100.00	0	0	0	0	0	0	0	0	0
1428505992932877713	CPU_4	97.18	0	0	0	0	1.40	1.40	0	0	0
1428505993653432180	CPU_4	100.00	0	0	0	0	0	0	0	0	0
1428505994363784297	CPU_4	100.00	0	0	0	0	0	0	0	0	0
1428505995071097837	CPU_4	98.59	0	0	0	0	1.40	0	0	0	0
1428505995793299677	CPU_4	98.61	0	0	0	0	0	1.38	0	0	0
1428505996502374839	CPU_4	98.59	0	0	0	0	1.40	0	0	0	0
1428505997222973183	CPU_4	100.00	0	0	0	0	0	0	0	0	0
1428505997931048598	CPU_4	98.59	0	0	0	0	1.40	0	0	0	0
1428505998639909428	CPU_4	98.59	0	0	0	0	0	1.40	0	0	0
1428505999359135943	CPU_4	98.61	0	0	0	0	1.38	0	0	0	0
1428506000066889777	CPU_4	100.00	0	0	0	0	0	0	0	0	0
1428506000789854075	CPU_4	100.00	0	0	0	0	0	0	0	0	0
1428506001502015607	CPU_4	97.22	0	0	0	0	1.38	1.38	0	0	0
1428506002209650734	CPU_4	100.00	0	0	0	0	0	0	0	0	0
1428506002928403251	CPU_4	98.61	0	0	0	0	1.38	0	0	0	0
1428506003636652336	CPU_4	100.00	0	0	0	0	0	0	0	0	0
1428506004349017161	CPU_4	98.61	0	0	0	0	1.38	0	0	0	0
1428506005064860353	CPU_4	98.59	0	0	0	0	0	1.40	0	0	0
1428506005775185016	CPU_4	100.00	0	0	0	0	0	0	0	0	0
1428506006494296576	CPU_4	98.61	0	0	0	0	1.38	0	0	0	0
1428506007200557000	CPU_4	100.00	0	0	0	0	0	0	0	0	0
1428506007911730330	CPU_4	97.22	0	0	0	0	1.38	1.38	0	0	0
1428506008630071351	CPU_4	100.00	0	0	0	0	0	0	0	0	0
1428506009339499852	CPU_4	98.59	0	0	0	0	1.40	0	0	0	0
1428506010060458326	CPU_4	100.00	0	0	0	0	0	0	0	0	0
1428506010770609909	CPU_4	97.22	0	0	0	0	1.38	1.38	0	0	0
1428506011480466743	CPU_4	100.00	0	0	0	0	0	0	0	0	0
1428506012199399014	CPU_4	98.61	0	0	0	0	1.38	0	0	0	0
1428506012908976891	CPU_4	100.00	0	0	0	0	0	0	0	0	0
1428506013626335417	CPU_4	98.59	0	0	0	0	0	1.40	0	0	0
1428506014338981829	CPU_4	98.61	0	0	0	0	1.38	0	0	0	0
1428506015049012081	CPU_4	100.00	0	0	0	0	0	0	0	0	0
1428506015769905433	CPU_4	98.63	0	0	0	0	1.36	0	0	0	0
1428506016481839973	CPU_4	98.59	0	0	0	0	0	1.40	0	0	0
1428506017190022897	CPU_4	98.59	0	0	0	0	1.40	0	0	0	0
1428506017910873167	CPU_4	100.00	0	0	0	0	0	0	0	0	0
1428506018620307713	CPU_4	98.59	0	0	0	0	1.40	0	0	0	0
1428506019338247699	CPU_4	100.00	0	0	0	0	0	0	0	0	0
1428506020047690454	CPU_4	98.57	0	0	0	0	0	1.42	0	0	0
1428506020757813834	CPU_4	98.61	0	0	0	0	1.38	0	0	0	0
1428506021478146565	CPU_4	100.00	0	0	0	0	0	0	0	0	0
1428506022186528990	CPU_4	98.59	0	0	0	0	1.40	0	0	0	0
1428506022906461514	CPU_4	98.61	0	0	0	0	0	1.38	0	0	0
1428506023615679356	CPU_4	98.61	0	0	0	0	1.38	0	0	0	0
1428506024329631936	CPU_4	100.00	0	0	0	0	0	0	0	0	0
1428506025049141045	CPU_4	100.00	0	0	0	0	0	0	0	0	0
1428506025764515540	CPU_4	97.26	0	0	0	0	1.36	1.36	0	0	0
1428506026484614523	CPU_4	100.00	0	0	0	0	0	0	0	0	0
1428506027193982366	CPU_4	98.59	0	0	0	0	1.40	0	0	0	0
1428506027906040244	CPU_4	100.00	0	0	0	0	0	0	0	0	0
1428506028625057689	CPU_4	97.26	0	0	0	0	1.36	1.36	0	0	0
1428506029337914399	CPU_4	100.00	0	0	0	0	0	0	0	0	0
1428506030057416636	CPU_4	98.61	0	0	0	0	1.38	0	0	0	0
1428506030772169176	CPU_4	100.00	0	0	0	0	0	0	0	0	0
1428506031480585022	CPU_4	98.61	0	0	0	0	0	1.38	0	0	0
1428506032200772717	CPU_4	98.61	0	0	0	0	1.38	0	0	0	0
1428506032911210142	CPU_4	100.00	0	0	0	0	0	0	0	0	0
1428506033622442983	CPU_4	98.59	0	0	0	0	1.40	0	0	0	0
1428506034342720303	CPU_4	100.00	0	0	0	0	0	0	0	0	0
1428506035051730400	CPU_4	97.22	0	0	0	0	1.38	1.38	0	0	0
1428506035771050806	CPU_4	100.00	0	0	0	0	0	0	0	0	0
1428506036479389947	CPU_4	98.59	0	0	0	0	1.40	0	0	0	0
1428506037188899127	CPU_4	100.00	0	0	0	0	0	0	0	0	0
1428506037909738739	CPU_4	98.61	0	0	0	0	0	1.38	0	0	0
1428506038617803173	CPU_4	98.59	0	0	0	0	1.40	0	0	0	0
1428506039339662241	CPU_4	100.00	0	0	0	0	0	0	0	0	0
1428506040051260293	CPU_4	98.61	0	0	0	0	1.38	0	0	0	0
1428506040760854932	CPU_4	98.59	0	0	0	0	0	1.40	0	0	0
1428506041481135964	CPU_4	98.61	0	0	0	0	1.38	0	0	0	0
1428506042191038728	CPU_4	100.00	0	0	0	0	0	0	0	0	0
1428506042912147758	CPU_4	100.00	0	0	0	0	0	0	0	0	0
1428506043621293317	CPU_4	97.22	0	0	0	0	1.38	1.38	0	0	0
1428506044330731125	CPU_4	100.00	0	0	0	0	0	0	0	0	0
1428506045051700198	CPU_4	98.61	0	0	0	0	1.38	0	0	0	0
1428506045764723540	CPU_4	100.00	0	0	0	0	0	0	0	0	0
1428506046488270191	CPU_4	97.22	0	0	0	0	1.38	1.38	0	0	0
1428506047198907498	CPU_4	100.00	0	0	0	0	0	0	0	0	0
1428506047911103968	CPU_4	98.59	0	0	0	0	1.40	0	0	0	0
1428506048630215214	CPU_4	100.00	0	0	0	0	0	0	0	0	0
1428506049340167856	CPU_4	100.00	0	0	0	0	0	0	0	0	0
1428506050053435533	CPU_4	97.26	0	0	0	0	1.36	1.36	0	0	0
1428506050774857316	CPU_4	100.00	0	0	0	0	0	0	0	0	0
1428506051485948790	CPU_4	98.59	0	0	0	0	1.40	0	0	0	0
1428506052206607867	CPU_4	100.00	0	0	0	0	0	0	0	0	0
1428506052917797341	CPU_4	97.22	0	0	0	0	1.38	1.38	0	0	0
1428506053627309861	CPU_4	100.00	0	0	0	0	0	0	0	0	0
1428506054347925731	CPU_4	98.61	0	0	0	0	1.38	0	0	0	0
1428506055061164743	CPU_4	100.00	0	0	0	0	0	0	0	0	0
1428506055782585320	CPU_4	98.61	0	0	0	0	0	1.38	0	0	0
1428506056491229552	CPU_4	98.59	0	0	0	0	1.40	0	0	0	0
1428506057202161987	CPU_4	100.00	0	0	0	0	0	0	0	0	0
1428506057923383774	CPU_4	98.63	0	0	0	0	1.36	0	0	0	0
1428506058632641588	CPU_4	98.59	0	0	0	0	0	1.40	0	0	0
1428506059352343504	CPU_4	98.61	0	0	0	0	1.38	0	0	0	0
1428506060068875677	CPU_4	100.00	0	0	0	0	0	0	0	0	0
1428506060777290370	CPU_4	98.59	0	0	0	0	1.40	0	0	0	0
1428506061497918118	CPU_4	98.63	0	0	0	0	0	1.36	0	0	0
1428506062208468472	CPU_4	100.00	0	0	0	0	0	0	0	0	0
1428506062930271968	CPU_4	98.61	0	0	0	0	1.38	0	0	0	0
1428506063646394436	CPU_4	100.00	0	0	0	0	0	0	0	0	0
1428506064362403112	CPU_4	97.22	0	0	0	0	1.38	1.38	0	0	0
1428506065167900998	CPU_4	100.00	0	0	0	0	0	0	0	0	0
1428506065882033221	CPU_4	98.61	0	0	0	0	1.38	0	0	0	0
1428506066604219676	CPU_4	100.00	0	0	0	0	0	0	0	0	0
1428506067317144527	CPU_4	97.26	0	0	0	0	1.36	1.36	0	0	0
1428506068035460492	CPU_4	100.00	0	0	0	0	0	0	0	0	0
1428506068751647044	CPU_4	100.00	0	0	0	0	0	0	0	0	0
1428506069462428693	CPU_4	98.59	0	0	0	0	1.40	0	0	0	0
1428506070180583826	CPU_4	100.00	0	0	0	0	0	0	0	0	0
1428506070892887555	CPU_4	97.22	0	0	0	0	1.38	1.38	0	0	0
1428506071603398747	CPU_4	100.00	0	0	0	0	0	0	0	0	0
1428506072323565500	CPU_4	98.61	0	0	0	0	1.38	0	0	0	0
1428506073036402729	CPU_4	100.00	0	0	0	0	0	0	0	0	0
1428506073758232480	CPU_4	97.26	0	0	0	0	1.36	1.36	0	0	0
1428506074470127378	CPU_4	100.00	0	0	0	0	0	0	0	0	0
1428506075181226279	CPU_4	100.00	0	0	0	0	0	0	0	0	0
1428506075903150113	CPU_4	98.63	0	0	0	0	1.36	0	0	0	0
1428506076614383930	CPU_4	98.59	0	0	0	0	0	1.40	0	0	0
1428506077335197351	CPU_4	98.63	0	0	0	0	1.36	0	0	0	0
1428506078047083334	CPU_4	100.00	0	0	0	0	0	0	0	0	0
1428506078757699404	CPU_4	98.59	0	0	0	0	1.40	0	0	0	0
1428506079477970785	CPU_4	98.61	0	0	0	0	0	1.38	0	0	0
1428506080188540980	CPU_4	98.61	0	0	0	0	1.38	0	0	0	0
1428506080909180778	CPU_4	100.00	0	0	0	0	0	0	0	0	0
1428506081618110186	CPU_4	100.00	0	0	0	0	0	0	0	0	0
1428506082328920507	CPU_4	97.22	0	0	0	0	1.38	1.38	0	0	0
1428506083053506088	CPU_4	100.00	0	0	0	0	0	0	0	0	0
1428506083765265782	CPU_4	98.59	0	0	0	0	1.40	0	0	0	0
1428506084486916454	CPU_4	100.00	0	0	0	0	0	0	0	0	0
1428506085198012067	CPU_4	98.59	0	0	0	0	1.40	0	0	0	0
1428506085910968259	CPU_4	98.61	0	0	0	0	0	1.38	0	0	0
1428506086631025685	CPU_4	100.00	0	0	0	0	0	0	0	0	0
1428506087342648298	CPU_4	98.59	0	0	0	0	1.40	0	0	0	0
1428506088072608618	CPU_4	100.00	0	0	0	0	0	0	0	0	0
1428506088787766765	CPU_4	97.26	0	0	0	0	1.36	1.36	0	0	0
1428506089498270423	CPU_4	100.00	0	0	0	0	0	0	0	0	0
1428506090219578556	CPU_4	98.61	0	0	0	0	1.38	0	0	0	0
1428506090932523167	CPU_4	100.00	0	0	0	0	0	0	0	0	0
1428506091644919154	CPU_4	97.26	0	0	0	0	1.36	1.36	0	0	0
1428506092365919622	CPU_4	100.00	0	0	0	0	0	0	0	0	0
1428506093080723313	CPU_4	100.00	0	0	0	0	0	0	0	0	0
1428506093801263116	CPU_4	98.63	0	0	0	0	1.36	0	0	0	0
1428506094511435985	CPU_4	98.59	0	0	0	0	0	1.40	0	0	0
1428506095222764226	CPU_4	98.59	0	0	0	0	1.40	0	0	0	0
1428506095946436231	CPU_4	100.00	0	0	0	0	0	0	0	0	0
1428506096655257979	CPU_4	98.59	0	0	0	0	1.40	0	0	0	0
1428506097377920612	CPU_4	98.61	0	0	0	0	0	1.38	0	0	0
1428506098090639268	CPU_4	98.61	0	0	0	0	1.38	0	0	0	0
1428506098803381966	CPU_4	100.00	0	0	0	0	0	0	0	0	0
1428506099523125648	CPU_4	100.00	0	0	0	0	0	0	0	0	0
1428506100234664307	CPU_4	97.22	0	0	0	0	1.38	1.38	0	0	0
1428506100956279861	CPU_4	100.00	0	0	0	0	0	0	0	0	0
1428506101670520681	CPU_4	98.61	0	0	0	0	1.38	0	0	0	0
1428506102381779092	CPU_4	100.00	0	0	0	0	0	0	0	0	0
1428506103104645560	CPU_4	98.63	0	0	0	0	1.36	0	0	0	0
1428506103818268800	CPU_4	98.61	0	0	0	0	0	1.38	0	0	0
1428506104539975021	CPU_4	98.61	0	0	0	0	1.38	0	0	0	0
1428506105252277180	CPU_4	100.00	0	0	0	0	0	0	0	0	0
1428506105967404917	CPU_4	100.00	0	0	0	0	0	0	0	0	0
1428506106689190556	CPU_4	97.26	0	0	0	0	1.36	1.36	0	0	0
1428506107401185967	CPU_4	100.00	0	0	0	0	0	0	0	0	0
1428506108125064143	CPU_4	98.61	0	0	0	0	1.38	0	0	0	0
1428506108837465929	CPU_4	100.00	0	0	0	0	0	0	0	0	0
1428506109550246214	CPU_4	97.22	0	0	0	0	1.38	1.38	0	0	0
1428506110272643103	CPU_4	100.00	0	0	0	0	0	0	0	0	0
1428506110985513138	CPU_4	98.59	0	0	0	0	1.40	0	0	0	0
1428506111707610903	CPU_4	100.00	0	0	0	0	0	0	0	0	0
1428506112419623691	CPU_4	98.61	0	0	0	0	0	1.38	0	0	0
1428506113132877852	CPU_4	98.59	0	0	0	0	1.40	0	0	0	0
1428506113857496903	CPU_4	100.00	0	0	0	0	0	0	0	0	0
1428506114570179857	CPU_4	98.61	0	0	0	0	1.38	0	0	0	0
1428506115295582741	CPU_4	98.61	0	0	0	0	0	1.38	0	0	0
1428506116011701563	CPU_4	98.61	0	0	0	0	1.38	0	0	0	0
1428506116725956139	CPU_4	100.00	0	0	0	0	0	0	0	0	0
1428506117447301033	CPU_4	98.61	0	0	0	0	1.38	0	0	0	0
1428506118160459320	CPU_4	98.61	0	0	0	0	0	1.38	0	0	0
1428506118886045580	CPU_4	100.00	0	0	0	0	0	0	0	0	0
1428506119597335497	CPU_4	98.59	0	0	0	0	1.40	0	0	0	0
1428506120310335119	CPU_4	100.00	0	0	0	0	0	0	0	0	0
1428506121033199719	CPU_4	98.63	0	0	0	0	1.36	0	0	0	0
1428506121750704707	CPU_4	98.61	0	0	0	0	0	1.38	0	0	0
1428506122475357720	CPU_4	98.63	0	0	0	0	1.36	0	0	0	0
1428506123189379049	CPU_4	100.00	0	0	0	0	0	0	0	0	0
1428506123905351916	CPU_4	98.61	0	0	0	0	1.38	0	0	0	0
1428506124625426898	CPU_4	98.63	0	0	0	0	0	1.36	0	0	0
1428506125338867896	CPU_4	100.00	0	0	0	0	0	0	0	0	0
1428506126068329608	CPU_4	98.63	0	0	0	0	1.36	0	0	0	0
1428506126781415066	CPU_4	100.00	0	0	0	0	0	0	0	0	0
1428506127491615780	CPU_4	97.22	0	0	0	0	1.38	1.38	0	0	0
1428506128214730299	CPU_4	100.00	0	0	0	0	0	0	0	0	0
1428506128928069007	CPU_4	98.59	0	0	0	0	1.40	0	0	0	0
1428506129650702777	CPU_4	100.00	0	0	0	0	0	0	0	0	0
1428506130367848352	CPU_4	97.26	0	0	0	0	1.36	1.36	0	0	0
1428506131080012689	CPU_4	100.00	0	0	0	0	0	0	0	0	0
1428506131802161128	CPU_4	100.00	0	0	0	0	0	0	0	0	0
1428506132511873553	CPU_4	98.61	0	0	0	0	1.38	0	0	0	0
1428506133223378559	CPU_4	98.59	0	0	0	0	0	1.40	0	0	0
1428506133945415165	CPU_4	98.63	0	0	0	0	1.36	0	0	0	0
1428506134659000375	CPU_4	100.00	0	0	0	0	0	0	0	0	0
1428506135380207067	CPU_4	98.63	0	0	0	0	1.36	0	0	0	0
1428506136094020193	CPU_4	78.87	0	0	19.71	0	0	1.40	0	0	0
