#Timestamp	CPU_ID	user%	nice%	sys%	idle%	iowait%	irq%	softiq%	steal%	guest%	guest_nice%
1428573568136176144	CPU_4	13.33	0	6.66	80.00	0	0	0	0	0	0
1428573568830955539	CPU_4	0	0	0	100.00	0	0	0	0	0	0
1428573569537932041	CPU_4	0	0	0	100.00	0	0	0	0	0	0
1428573570232253645	CPU_4	0	0	0	100.00	0	0	0	0	0	0
1428573570930918285	CPU_4	0	0	0	100.00	0	0	0	0	0	0
1428573571638545452	CPU_4	0	0	0	100.00	0	0	0	0	0	0
1428573572335296386	CPU_4	0	0	0	100.00	0	0	0	0	0	0
1428573573046286131	CPU_4	0	0	0	100.00	0	0	0	0	0	0
1428573573774635475	CPU_4	0	0	0	100.00	0	0	0	0	0	0
1428573574470559368	CPU_4	0	0	0	100.00	0	0	0	0	0	0
1428573575179987574	CPU_4	0	0	0	100.00	0	0	0	0	0	0
1428573575878320172	CPU_4	0	0	0	100.00	0	0	0	0	0	0
1428573576577300727	CPU_4	0	0	0	100.00	0	0	0	0	0	0
1428573577285648310	CPU_4	0	0	0	100.00	0	0	0	0	0	0
1428573577985086989	CPU_4	0	0	0	100.00	0	0	0	0	0	0
1428573578686471958	CPU_4	0	0	0	100.00	0	0	0	0	0	0
1428573579395595497	CPU_4	0	0	0	100.00	0	0	0	0	0	0
1428573580094258678	CPU_4	0	0	0	100.00	0	0	0	0	0	0
1428573580811585747	CPU_4	0	0	0	100.00	0	0	0	0	0	0
1428573581512102091	CPU_4	0	0	0	100.00	0	0	0	0	0	0
1428573582213268559	CPU_4	0	0	0	100.00	0	0	0	0	0	0
1428573582920853601	CPU_4	0	0	0	100.00	0	0	0	0	0	0
1428573583621984486	CPU_4	0	0	0	100.00	0	0	0	0	0	0
1428573584323505829	CPU_4	0	0	0	100.00	0	0	0	0	0	0
1428573585032541577	CPU_4	0	0	0	100.00	0	0	0	0	0	0
1428573585736476916	CPU_4	0	0	0	100.00	0	0	0	0	0	0
1428573586442283877	CPU_4	0	0	0	100.00	0	0	0	0	0	0
1428573587145843508	CPU_4	0	0	0	100.00	0	0	0	0	0	0
1428573587847121809	CPU_4	0	0	0	100.00	0	0	0	0	0	0
1428573588557816513	CPU_4	0	0	0	100.00	0	0	0	0	0	0
1428573589259860354	CPU_4	0	0	0	100.00	0	0	0	0	0	0
1428573589960978322	CPU_4	0	0	0	100.00	0	0	0	0	0	0
1428573590673391273	CPU_4	0	0	0	100.00	0	0	0	0	0	0
1428573591372759244	CPU_4	0	0	0	100.00	0	0	0	0	0	0
1428573592074899460	CPU_4	0	0	0	100.00	0	0	0	0	0	0
1428573592784330916	CPU_4	0	0	0	100.00	0	0	0	0	0	0
1428573593485404800	CPU_4	0	0	0	100.00	0	0	0	0	0	0
1428573594195695213	CPU_4	0	0	0	100.00	0	0	0	0	0	0
1428573594897260013	CPU_4	0	0	0	100.00	0	0	0	0	0	0
1428573595597594982	CPU_4	0	0	0	100.00	0	0	0	0	0	0
1428573596309750933	CPU_4	0	0	0	100.00	0	0	0	0	0	0
1428573597009985069	CPU_4	0	0	0	100.00	0	0	0	0	0	0
1428573597717167902	CPU_4	0	0	0	100.00	0	0	0	0	0	0
1428573598424807777	CPU_4	0	0	0	100.00	0	0	0	0	0	0
1428573599127034868	CPU_4	0	0	0	100.00	0	0	0	0	0	0
1428573599841566398	CPU_4	0	0	0	100.00	0	0	0	0	0	0
1428573600541411826	CPU_4	0	0	0	100.00	0	0	0	0	0	0
1428573601241486421	CPU_4	0	0	0	100.00	0	0	0	0	0	0
1428573601954863703	CPU_4	0	0	0	100.00	0	0	0	0	0	0
1428573602653537841	CPU_4	0	0	0	100.00	0	0	0	0	0	0
1428573603355340974	CPU_4	0	0	0	100.00	0	0	0	0	0	0
1428573604066807134	CPU_4	0	0	0	100.00	0	0	0	0	0	0
1428573604766698520	CPU_4	0	0	0	100.00	0	0	0	0	0	0
1428573605475132268	CPU_4	0	0	0	100.00	0	0	0	0	0	0
1428573606177617608	CPU_4	0	0	0	100.00	0	0	0	0	0	0
1428573606875627331	CPU_4	0	0	0	100.00	0	0	0	0	0	0
1428573607591674900	CPU_4	0	0	0	100.00	0	0	0	0	0	0
1428573608291605661	CPU_4	0	0	0	100.00	0	0	0	0	0	0
1428573608990801048	CPU_4	0	0	0	100.00	0	0	0	0	0	0
1428573609702741457	CPU_4	0	0	0	100.00	0	0	0	0	0	0
1428573610403918841	CPU_4	0	0	0	100.00	0	0	0	0	0	0
1428573611110187883	CPU_4	0	0	0	100.00	0	0	0	0	0	0
1428573611811138101	CPU_4	0	0	0	100.00	0	0	0	0	0	0
1428573612511411444	CPU_4	0	0	0	100.00	0	0	0	0	0	0
1428573613221334898	CPU_4	0	0	0	100.00	0	0	0	0	0	0
1428573613919173162	CPU_4	0	0	0	100.00	0	0	0	0	0	0
1428573614621543044	CPU_4	0	0	0	100.00	0	0	0	0	0	0
1428573615328272502	CPU_4	0	0	0	100.00	0	0	0	0	0	0
1428573616029769177	CPU_4	0	0	0	100.00	0	0	0	0	0	0
1428573616743306625	CPU_4	0	0	0	100.00	0	0	0	0	0	0
1428573617442899636	CPU_4	0	0	0	100.00	0	0	0	0	0	0
1428573618143121313	CPU_4	0	0	0	100.00	0	0	0	0	0	0
1428573618855569970	CPU_4	0	0	0	100.00	0	0	0	0	0	0
1428573619552540902	CPU_4	0	0	0	100.00	0	0	0	0	0	0
1428573620254581534	CPU_4	0	0	0	100.00	0	0	0	0	0	0
1428573620964360613	CPU_4	0	0	0	100.00	0	0	0	0	0	0
1428573621666735911	CPU_4	0	0	0	100.00	0	0	0	0	0	0
1428573622384826268	CPU_4	0	0	0	100.00	0	0	0	0	0	0
1428573623091907768	CPU_4	0	0	0	100.00	0	0	0	0	0	0
1428573623799637308	CPU_4	0	0	0	100.00	0	0	0	0	0	0
1428573624549228867	CPU_4	0	0	0	100.00	0	0	0	0	0	0
1428573625258247988	CPU_4	2.73	0	0	97.26	0	0	0	0	0	0
1428573625965438487	CPU_4	0	0	0	100.00	0	0	0	0	0	0
1428573626674196775	CPU_4	0	0	0	100.00	0	0	0	0	0	0
1428573627377359155	CPU_4	0	0	0	100.00	0	0	0	0	0	0
1428573628088033940	CPU_4	0	0	0	100.00	0	0	0	0	0	0
1428573628788489116	CPU_4	0	0	0	100.00	0	0	0	0	0	0
1428573629489872791	CPU_4	0	0	0	100.00	0	0	0	0	0	0
1428573630200307576	CPU_4	0	0	0	100.00	0	0	0	0	0	0
1428573630899518379	CPU_4	0	0	0	100.00	0	0	0	0	0	0
1428573631602444009	CPU_4	0	0	0	100.00	0	0	0	0	0	0
1428573632311525172	CPU_4	0	0	0	100.00	0	0	0	0	0	0
1428573633011170599	CPU_4	0	0	0	100.00	0	0	0	0	0	0
1428573633724948837	CPU_4	0	0	0	100.00	0	0	0	0	0	0
1428573634426559345	CPU_4	0	0	0	100.00	0	0	0	0	0	0
1428573635124500149	CPU_4	0	0	0	100.00	0	0	0	0	0	0
1428573635837681222	CPU_4	0	0	0	100.00	0	0	0	0	0	0
1428573636538344189	CPU_4	0	0	0	100.00	0	0	0	0	0	0
1428573637238990030	CPU_4	0	0	0	100.00	0	0	0	0	0	0
1428573637950544397	CPU_4	0	0	0	100.00	0	0	0	0	0	0
1428573638653269944	CPU_4	0	0	0	100.00	0	0	0	0	0	0
1428573639362989106	CPU_4	0	0	0	100.00	0	0	0	0	0	0
1428573640065091653	CPU_4	0	0	0	100.00	0	0	0	0	0	0
1428573640771046487	CPU_4	0	0	0	100.00	0	0	0	0	0	0
1428573641482176854	CPU_4	0	0	0	100.00	0	0	0	0	0	0
1428573642183993361	CPU_4	0	0	0	100.00	0	0	0	0	0	0
1428573642887471782	CPU_4	0	0	0	100.00	0	0	0	0	0	0
1428573643597718984	CPU_4	0	0	0	100.00	0	0	0	0	0	0
1428573644303008026	CPU_4	0	0	0	100.00	0	0	0	0	0	0
1428573645014646893	CPU_4	0	0	0	100.00	0	0	0	0	0	0
1428573645717887814	CPU_4	0	0	0	100.00	0	0	0	0	0	0
1428573646422833065	CPU_4	0	0	0	100.00	0	0	0	0	0	0
1428573647135602263	CPU_4	0	0	0	100.00	0	0	0	0	0	0
1428573647837933144	CPU_4	0	0	0	100.00	0	0	0	0	0	0
1428573648547428430	CPU_4	0	0	0	100.00	0	0	0	0	0	0
1428573649255808551	CPU_4	0	0	0	100.00	0	0	0	0	0	0
1428573649962571425	CPU_4	0	0	0	100.00	0	0	0	0	0	0
1428573650673919458	CPU_4	0	0	0	100.00	0	0	0	0	0	0
1428573651377927461	CPU_4	0	0	0	100.00	0	0	0	0	0	0
1428573652083071754	CPU_4	0	0	0	100.00	0	0	0	0	0	0
1428573652798178115	CPU_4	0	0	0	100.00	0	0	0	0	0	0
1428573653501799868	CPU_4	0	0	0	100.00	0	0	0	0	0	0
1428573654216092105	CPU_4	0	0	0	100.00	0	0	0	0	0	0
1428573654917244820	CPU_4	0	0	0	100.00	0	0	0	0	0	0
1428573655622892445	CPU_4	0	0	0	100.00	0	0	0	0	0	0
1428573656335886643	CPU_4	0	0	0	100.00	0	0	0	0	0	0
1428573657036590275	CPU_4	0	0	0	100.00	0	0	0	0	0	0
1428573657741658776	CPU_4	0	0	0	100.00	0	0	0	0	0	0
1428573658455860263	CPU_4	0	0	0	100.00	0	0	0	0	0	0
1428573659155371564	CPU_4	0	0	0	100.00	0	0	0	0	0	0
1428573659871872048	CPU_4	0	0	0	100.00	0	0	0	0	0	0
1428573660574445177	CPU_4	0	0	0	100.00	0	0	0	0	0	0
1428573661281166384	CPU_4	0	0	0	100.00	0	0	0	0	0	0
1428573661992838291	CPU_4	0	0	0	100.00	0	0	0	0	0	0
1428573662696079670	CPU_4	0	0	0	100.00	0	0	0	0	0	0
1428573663396868760	CPU_4	0	0	0	100.00	0	0	0	0	0	0
1428573664110215040	CPU_4	0	0	0	100.00	0	0	0	0	0	0
1428573664814669042	CPU_4	0	0	0	100.00	0	0	0	0	0	0
1428573665529168278	CPU_4	0	0	0	100.00	0	0	0	0	0	0
1428573666230337118	CPU_4	0	0	0	100.00	0	0	0	0	0	0
1428573666934981411	CPU_4	0	0	0	100.00	0	0	0	0	0	0
1428573667647725524	CPU_4	0	0	0	100.00	0	0	0	0	0	0
1428573668349020156	CPU_4	0	0	0	100.00	0	0	0	0	0	0
1428573669051001786	CPU_4	0	0	0	100.00	0	0	0	0	0	0
1428573669766426229	CPU_4	0	0	0	100.00	0	0	0	0	0	0
1428573670466229571	CPU_4	0	0	0	100.00	0	0	0	0	0	0
1428573671178005686	CPU_4	0	0	0	100.00	0	0	0	0	0	0
1428573671882175688	CPU_4	0	0	0	100.00	0	0	0	0	0	0
1428573672583406069	CPU_4	0	0	0	100.00	0	0	0	0	0	0
1428573673297769763	CPU_4	0	0	0	100.00	0	0	0	0	0	0
1428573674000899267	CPU_4	0	0	0	100.00	0	0	0	0	0	0
1428573674701938648	CPU_4	0	0	0	100.00	0	0	0	0	0	0
1428573675415732218	CPU_4	0	0	0	100.00	0	0	0	0	0	0
1428573676117502057	CPU_4	0	0	0	100.00	0	0	0	0	0	0
1428573676829678130	CPU_4	0	0	0	100.00	0	0	0	0	0	0
1428573677531859759	CPU_4	0	0	0	100.00	0	0	0	0	0	0
1428573678238204299	CPU_4	0	0	0	100.00	0	0	0	0	0	0
1428573678949937581	CPU_4	0	0	0	100.00	0	0	0	0	0	0
1428573679653443541	CPU_4	0	0	0	100.00	0	0	0	0	0	0
1428573680357623168	CPU_4	0	0	0	100.00	0	0	0	0	0	0
1428573681068901283	CPU_4	0	0	0	100.00	0	0	0	0	0	0
1428573681771572787	CPU_4	0	0	0	100.00	0	0	0	0	0	0
1428573682485062399	CPU_4	0	0	0	100.00	0	0	0	0	0	0
1428573683185739989	CPU_4	0	0	0	100.00	0	0	0	0	0	0
1428573683890120657	CPU_4	0	0	0	100.00	0	0	0	0	0	0
1428573684602426312	CPU_4	0	0	0	100.00	0	0	0	0	0	0
1428573685305271065	CPU_4	0	0	0	100.00	0	0	0	0	0	0
1428573686008774151	CPU_4	0	0	0	100.00	0	0	0	0	0	0
1428573686722140430	CPU_4	0	0	0	100.00	0	0	0	0	0	0
1428573687426909888	CPU_4	0	0	0	100.00	0	0	0	0	0	0
1428573688140825333	CPU_4	0	0	0	100.00	0	0	0	0	0	0
1428573688847205539	CPU_4	0	0	0	100.00	0	0	0	0	0	0
1428573689552312955	CPU_4	0	0	0	100.00	0	0	0	0	0	0
1428573690264427944	CPU_4	0	0	0	100.00	0	0	0	0	0	0
1428573690970213734	CPU_4	0	0	0	100.00	0	0	0	0	0	0
1428573691688033589	CPU_4	0	0	0	100.00	0	0	0	0	0	0
1428573692392310298	CPU_4	0	0	0	100.00	0	0	0	0	0	0
1428573693097635047	CPU_4	0	0	0	100.00	0	0	0	0	0	0
1428573693811562408	CPU_4	0	0	0	100.00	0	0	0	0	0	0
1428573694523352022	CPU_4	0	0	0	100.00	0	0	0	0	0	0
1428573695229232395	CPU_4	0	0	0	100.00	0	0	0	0	0	0
1428573695943801339	CPU_4	0	0	0	100.00	0	0	0	0	0	0
1428573696646569258	CPU_4	0	0	0	100.00	0	0	0	0	0	0
1428573697361541117	CPU_4	0	0	0	100.00	0	0	0	0	0	0
1428573698067190949	CPU_4	0	0	0	100.00	0	0	0	0	0	0
1428573698773805488	CPU_4	0	0	0	100.00	0	0	0	0	0	0
1428573699487091933	CPU_4	0	0	0	100.00	0	0	0	0	0	0
1428573700192090515	CPU_4	0	0	0	100.00	0	0	0	0	0	0
1428573700899716219	CPU_4	0	0	0	100.00	0	0	0	0	0	0
1428573701612027874	CPU_4	0	0	0	100.00	0	0	0	0	0	0
1428573702317657664	CPU_4	0	0	0	100.00	0	0	0	0	0	0
1428573703032462315	CPU_4	0	0	0	100.00	0	0	0	0	0	0
1428573703736668607	CPU_4	0	0	0	100.00	0	0	0	0	0	0
1428573704440794815	CPU_4	0	0	0	100.00	0	0	0	0	0	0
1428573705154961134	CPU_4	0	0	0	100.00	0	0	0	0	0	0
1428573705857601387	CPU_4	0	0	0	100.00	0	0	0	0	0	0
1428573706573120828	CPU_4	0	0	0	100.00	0	0	0	0	0	0
1428573707281332989	CPU_4	0	0	0	100.00	0	0	0	0	0	0
1428573707986207238	CPU_4	0	0	0	100.00	0	0	0	0	0	0
1428573708701910720	CPU_4	0	0	0	100.00	0	0	0	0	0	0
1428573709407962468	CPU_4	0	0	0	100.00	0	0	0	0	0	0
1428573710111467011	CPU_4	0	0	0	100.00	0	0	0	0	0	0
1428573710825369496	CPU_4	0	0	0	100.00	0	0	0	0	0	0
1428573711530287995	CPU_4	0	0	0	100.00	0	0	0	0	0	0
1428573712245304895	CPU_4	0	0	0	100.00	0	0	0	0	0	0
1428573712949061396	CPU_4	0	0	0	100.00	0	0	0	0	0	0
1428573713653577896	CPU_4	0	0	0	100.00	0	0	0	0	0	0
1428573714366384466	CPU_4	0	0	0	100.00	0	0	0	0	0	0
1428573715069812467	CPU_4	0	0	0	100.00	0	0	0	0	0	0
1428573715773273801	CPU_4	0	0	0	100.00	0	0	0	0	0	0
1428573716488947867	CPU_4	0	0	0	100.00	0	0	0	0	0	0
1428573717190647871	CPU_4	0	0	0	100.00	0	0	0	0	0	0
1428573717906201728	CPU_4	0	0	0	100.00	0	0	0	0	0	0
1428573718609184938	CPU_4	0	0	0	100.00	0	0	0	0	0	0
1428573719311433274	CPU_4	0	0	0	100.00	0	0	0	0	0	0
1428573720026047258	CPU_4	0	0	0	100.00	0	0	0	0	0	0
1428573720731790422	CPU_4	0	0	0	100.00	0	0	0	0	0	0
1428573721434248091	CPU_4	0	0	0	100.00	0	0	0	0	0	0
1428573722148214576	CPU_4	0	0	0	100.00	0	0	0	0	0	0
1428573722852650825	CPU_4	0	0	0	100.00	0	0	0	0	0	0
1428573723567172767	CPU_4	0	0	0	100.00	0	0	0	0	0	0
1428573724270301769	CPU_4	0	0	0	100.00	0	0	0	0	0	0
1428573724976309515	CPU_4	0	0	0	100.00	0	0	0	0	0	0
1428573725692264914	CPU_4	0	0	0	100.00	0	0	0	0	0	0
1428573726397403662	CPU_4	0	0	0	100.00	0	0	0	0	0	0
1428573727112047603	CPU_4	0	0	0	100.00	0	0	0	0	0	0
1428573727821274554	CPU_4	0	0	0	100.00	0	0	0	0	0	0
1428573728524039430	CPU_4	0	0	0	100.00	0	0	0	0	0	0
1428573729241324326	CPU_4	0	0	0	100.00	0	0	0	0	0	0
1428573729946100825	CPU_4	0	0	0	100.00	0	0	0	0	0	0
1428573730649519534	CPU_4	0	0	0	100.00	0	0	0	0	0	0
1428573731364040517	CPU_4	0	0	0	100.00	0	0	0	0	0	0
1428573732069930181	CPU_4	0	0	0	100.00	0	0	0	0	0	0
1428573732787905075	CPU_4	0	0	0	100.00	0	0	0	0	0	0
1428573733493811447	CPU_4	0	0	0	100.00	0	0	0	0	0	0
1428573734199061945	CPU_4	0	0	0	100.00	0	0	0	0	0	0
1428573734917550088	CPU_4	0	0	0	100.00	0	0	0	0	0	0
1428573735622915044	CPU_4	0	0	0	100.00	0	0	0	0	0	0
1428573736329147998	CPU_4	0	0	0	100.00	0	0	0	0	0	0
1428573737046250728	CPU_4	0	0	0	100.00	0	0	0	0	0	0
1428573737750959768	CPU_4	0	0	0	100.00	0	0	0	0	0	0
1428573738469238828	CPU_4	0	0	0	100.00	0	0	0	0	0	0
1428573739174604742	CPU_4	0	0	0	100.00	0	0	0	0	0	0
1428573739878338200	CPU_4	0	0	0	100.00	0	0	0	0	0	0
1428573740595334805	CPU_4	0	0	0	100.00	0	0	0	0	0	0
1428573741301143093	CPU_4	0	0	0	100.00	0	0	0	0	0	0
1428573742012191123	CPU_4	0	0	0	100.00	0	0	0	0	0	0
1428573742723381194	CPU_4	0	0	0	100.00	0	0	0	0	0	0
1428573743430809772	CPU_4	0	0	0	100.00	0	0	0	0	0	0
1428573744155738114	CPU_4	0	0	0	100.00	0	0	0	0	0	0
1428573744863248607	CPU_4	0	0	0	100.00	0	0	0	0	0	0
1428573745569835852	CPU_4	0	0	0	100.00	0	0	0	0	0	0
1428573746286340790	CPU_4	0	0	0	100.00	0	0	0	0	0	0
1428573746993773743	CPU_4	0	0	0	100.00	0	0	0	0	0	0
1428573747709931431	CPU_4	0	0	0	100.00	0	0	0	0	0	0
1428573748420495462	CPU_4	0	0	0	100.00	0	0	0	0	0	0
1428573749126078500	CPU_4	0	0	0	100.00	0	0	0	0	0	0
1428573749839649901	CPU_4	0	0	0	100.00	0	0	0	0	0	0
1428573750546497812	CPU_4	0	0	0	100.00	0	0	0	0	0	0
1428573751251428393	CPU_4	0	0	0	100.00	0	0	0	0	0	0
1428573751966456750	CPU_4	0	0	0	100.00	0	0	0	0	0	0
1428573752670287582	CPU_4	0	0	0	100.00	0	0	0	0	0	0
1428573753386488645	CPU_4	0	0	0	100.00	0	0	0	0	0	0
1428573754090989560	CPU_4	0	0	0	100.00	0	0	0	0	0	0
1428573754797227055	CPU_4	0	0	0	100.00	0	0	0	0	0	0
1428573755514301242	CPU_4	0	0	0	100.00	0	0	0	0	0	0
1428573756217844242	CPU_4	0	0	0	100.00	0	0	0	0	0	0
1428573756933523055	CPU_4	0	0	0	100.00	0	0	0	0	0	0
1428573757641469340	CPU_4	0	0	0	100.00	0	0	0	0	0	0
1428573758344251632	CPU_4	0	0	0	100.00	0	0	0	0	0	0
1428573759061886901	CPU_4	0	0	0	100.00	0	0	0	0	0	0
1428573759769373353	CPU_4	0	0	0	100.00	0	0	0	0	0	0
1428573760475240181	CPU_4	0	0	0	100.00	0	0	0	0	0	0
1428573761189494164	CPU_4	0	0	0	100.00	0	0	0	0	0	0
1428573761894550744	CPU_4	0	0	0	100.00	0	0	0	0	0	0
1428573762611083265	CPU_4	0	0	0	100.00	0	0	0	0	0	0
1428573763317309093	CPU_4	0	0	0	100.00	0	0	0	0	0	0
1428573764082008415	CPU_4	1.31	0	7.89	90.78	0	0	0	0	0	0
1428573764796952896	CPU_4	0	0	0	100.00	0	0	0	0	0	0
1428573765500393646	CPU_4	0	0	0	100.00	0	0	0	0	0	0
1428573766215212752	CPU_4	0	0	0	100.00	0	0	0	0	0	0
1428573766918902418	CPU_4	0	0	0	100.00	0	0	0	0	0	0
1428573767624012414	CPU_4	0	0	0	100.00	0	0	0	0	0	0
1428573768337967689	CPU_4	0	0	0	100.00	0	0	0	0	0	0
1428573769044957766	CPU_4	0	0	0	100.00	0	0	0	0	0	0
1428573769763179742	CPU_4	0	0	0	100.00	0	0	0	0	0	0
1428573770468348196	CPU_4	0	0	0	100.00	0	0	0	0	0	0
1428573771174608024	CPU_4	0	0	0	100.00	0	0	0	0	0	0
1428573771889793672	CPU_4	0	0	0	100.00	0	0	0	0	0	0
1428573772593490837	CPU_4	0	0	0	100.00	0	0	0	0	0	0
1428573773298383209	CPU_4	0	0	0	100.00	0	0	0	0	0	0
1428573774014087730	CPU_4	0	0	0	100.00	0	0	0	0	0	0
1428573774723929511	CPU_4	0	0	0	100.00	0	0	0	0	0	0
1428573775437883785	CPU_4	0	0	0	100.00	0	0	0	0	0	0
1428573776146392609	CPU_4	0	0	0	100.00	0	0	0	0	0	0
1428573776849720650	CPU_4	0	0	0	100.00	0	0	0	0	0	0
1428573777566222087	CPU_4	0	0	0	100.00	0	0	0	0	0	0
1428573778271461333	CPU_4	0	0	0	100.00	0	0	0	0	0	0
1428573778979366491	CPU_4	0	0	0	100.00	0	0	0	0	0	0
1428573779694111139	CPU_4	0	0	0	100.00	0	0	0	0	0	0
1428573780401044799	CPU_4	0	0	0	100.00	0	0	0	0	0	0
1428573781118849192	CPU_4	0	0	0	100.00	0	0	0	0	0	0
1428573781823236939	CPU_4	0	0	0	100.00	0	0	0	0	0	0
1428573782530838181	CPU_4	0	0	0	100.00	0	0	0	0	0	0
1428573783247440493	CPU_4	0	0	0	100.00	0	0	0	0	0	0
1428573783951536032	CPU_4	0	0	0	100.00	0	0	0	0	0	0
1428573784674563917	CPU_4	0	0	0	100.00	0	0	0	0	0	0
1428573785381442576	CPU_4	0	0	0	100.00	0	0	0	0	0	0
1428573786091984897	CPU_4	0	0	0	100.00	0	0	0	0	0	0
1428573786808388750	CPU_4	0	0	0	100.00	0	0	0	0	0	0
1428573787516366033	CPU_4	0	0	0	100.00	0	0	0	0	0	0
1428573788225428106	CPU_4	0	0	0	100.00	0	0	0	0	0	0
1428573788941713585	CPU_4	0	0	0	100.00	0	0	0	0	0	0
1428573789651946781	CPU_4	0	0	0	100.00	0	0	0	0	0	0
1428573790368928633	CPU_4	0	0	0	100.00	0	0	0	0	0	0
1428573791075139669	CPU_4	0	0	0	100.00	0	0	0	0	0	0
1428573791784916532	CPU_4	0	0	0	100.00	0	0	0	0	0	0
1428573792501547260	CPU_4	0	0	0	100.00	0	0	0	0	0	0
1428573793208189003	CPU_4	0	0	0	100.00	0	0	0	0	0	0
1428573793925299647	CPU_4	0	0	0	100.00	0	0	0	0	0	0
1428573794634082553	CPU_4	0	0	0	100.00	0	0	0	0	0	0
1428573795342504293	CPU_4	0	0	0	100.00	0	0	0	0	0	0
1428573796058007814	CPU_4	0	0	0	100.00	0	0	0	0	0	0
1428573796765017182	CPU_4	0	0	0	100.00	0	0	0	0	0	0
1428573797474323046	CPU_4	0	0	0	100.00	0	0	0	0	0	0
1428573798187704528	CPU_4	0	0	0	100.00	0	0	0	0	0	0
1428573798896651226	CPU_4	0	0	0	100.00	0	0	0	0	0	0
1428573799614108286	CPU_4	0	0	0	100.00	0	0	0	0	0	0
1428573800319620739	CPU_4	0	0	0	100.00	0	0	0	0	0	0
1428573801025677774	CPU_4	0	0	0	100.00	0	0	0	0	0	0
1428573801745255372	CPU_4	0	0	0	100.00	0	0	0	0	0	0
1428573802451191366	CPU_4	0	0	0	100.00	0	0	0	0	0	0
1428573803169393132	CPU_4	0	0	0	100.00	0	0	0	0	0	0
1428573803875511209	CPU_4	0	0	0	100.00	0	0	0	0	0	0
1428573804584800031	CPU_4	0	0	0	100.00	0	0	0	0	0	0
1428573805298012764	CPU_4	0	0	0	100.00	0	0	0	0	0	0
1428573806005517005	CPU_4	0	0	0	100.00	0	0	0	0	0	0
1428573806714194578	CPU_4	0	0	0	100.00	0	0	0	0	0	0
1428573807428326267	CPU_4	0	0	0	100.00	0	0	0	0	0	0
1428573808135226968	CPU_4	0	0	0	100.00	0	0	0	0	0	0
1428573808852354819	CPU_4	0	0	0	100.00	0	0	0	0	0	0
1428573809556370732	CPU_4	0	0	0	100.00	0	0	0	0	0	0
1428573810263143474	CPU_4	0	0	0	100.00	0	0	0	0	0	0
1428573810979381994	CPU_4	0	0	0	100.00	0	0	0	0	0	0
1428573811686411569	CPU_4	0	0	0	100.00	0	0	0	0	0	0
1428573812401228049	CPU_4	0	0	0	100.00	0	0	0	0	0	0
1428573813110103871	CPU_4	0	0	0	100.00	0	0	0	0	0	0
1428573813818273819	CPU_4	0	0	0	100.00	0	0	0	0	0	0
1428573814542399743	CPU_4	0	0	0	100.00	0	0	0	0	0	0
1428573815250534400	CPU_4	0	0	0	100.00	0	0	0	0	0	0
1428573815960662553	CPU_4	0	0	0	100.00	0	0	0	0	0	0
1428573816673395703	CPU_4	0	0	0	100.00	0	0	0	0	0	0
1428573817381458443	CPU_4	0	0	0	100.00	0	0	0	0	0	0
1428573818100379249	CPU_4	0	0	0	100.00	0	0	0	0	0	0
1428573818805972451	CPU_4	0	0	0	100.00	0	0	0	0	0	0
1428573819512442110	CPU_4	0	0	0	100.00	0	0	0	0	0	0
1428573820230479460	CPU_4	0	0	0	100.00	0	0	0	0	0	0
1428573820938735241	CPU_4	0	0	0	100.00	0	0	0	0	0	0
1428573821654293803	CPU_4	0	0	0	100.00	0	0	0	0	0	0
1428573822360722795	CPU_4	0	0	0	100.00	0	0	0	0	0	0
1428573823068131869	CPU_4	0	0	0	100.00	0	0	0	0	0	0
1428573823783323890	CPU_4	0	0	0	100.00	0	0	0	0	0	0
1428573824490267964	CPU_4	0	0	0	100.00	0	0	0	0	0	0
1428573825204454320	CPU_4	0	0	0	100.00	0	0	0	0	0	0
1428573825915071222	CPU_4	0	0	0	100.00	0	0	0	0	0	0
1428573826624770251	CPU_4	0	0	0	100.00	0	0	0	0	0	0
1428573827342780683	CPU_4	0	0	0	100.00	0	0	0	0	0	0
1428573828050945839	CPU_4	0	0	0	100.00	0	0	0	0	0	0
1428573828759135162	CPU_4	0	0	0	100.00	0	0	0	0	0	0
1428573829476432971	CPU_4	0	0	0	100.00	0	0	0	0	0	0
1428573830185323167	CPU_4	0	0	0	100.00	0	0	0	0	0	0
1428573830901181770	CPU_4	0	0	0	100.00	0	0	0	0	0	0
1428573831613001170	CPU_4	0	0	0	100.00	0	0	0	0	0	0
1428573832320789077	CPU_4	0	0	0	100.00	0	0	0	0	0	0
1428573833037219970	CPU_4	0	0	0	100.00	0	0	0	0	0	0
1428573833748773579	CPU_4	0	0	0	100.00	0	0	0	0	0	0
1428573834473470792	CPU_4	0	0	0	100.00	0	0	0	0	0	0
1428573835185968567	CPU_4	0	0	0	100.00	0	0	0	0	0	0
1428573835893279890	CPU_4	0	0	0	100.00	0	0	0	0	0	0
1428573836612548154	CPU_4	0	0	0	100.00	0	0	0	0	0	0
1428573837323038723	CPU_4	0	0	0	100.00	0	0	0	0	0	0
1428573838029625006	CPU_4	0	0	0	100.00	0	0	0	0	0	0
1428573838751371599	CPU_4	0	0	0	100.00	0	0	0	0	0	0
1428573839460276670	CPU_4	0	0	0	100.00	0	0	0	0	0	0
1428573840178837393	CPU_4	0	0	0	100.00	0	0	0	0	0	0
1428573840887881672	CPU_4	0	0	0	100.00	0	0	0	0	0	0
1428573841600294821	CPU_4	0	0	0	100.00	0	0	0	0	0	0
1428573842319627710	CPU_4	0	0	0	100.00	0	0	0	0	0	0
1428573843027161824	CPU_4	0	0	0	100.00	0	0	0	0	0	0
1428573843749836582	CPU_4	0	0	0	100.00	0	0	0	0	0	0
1428573844458326654	CPU_4	0	0	0	100.00	0	0	0	0	0	0
1428573845165707061	CPU_4	0	0	0	100.00	0	0	0	0	0	0
1428573845884758074	CPU_4	0	0	0	100.00	0	0	0	0	0	0
1428573846592428189	CPU_4	0	0	0	100.00	0	0	0	0	0	0
1428573847317553068	CPU_4	0	0	0	100.00	0	0	0	0	0	0
1428573848024621808	CPU_4	0	0	0	100.00	0	0	0	0	0	0
1428573848736384250	CPU_4	0	0	0	100.00	0	0	0	0	0	0
1428573849455732554	CPU_4	0	0	0	100.00	0	0	0	0	0	0
1428573850162326712	CPU_4	0	0	0	100.00	0	0	0	0	0	0
1428573850870310993	CPU_4	0	0	0	100.00	0	0	0	0	0	0
1428573851588840632	CPU_4	0	0	0	100.00	0	0	0	0	0	0
1428573852294725790	CPU_4	0	0	0	100.00	0	0	0	0	0	0
1428573853012781305	CPU_4	0	0	0	100.00	0	0	0	0	0	0
1428573853724820079	CPU_4	0	0	0	100.00	0	0	0	0	0	0
1428573854437305311	CPU_4	0	0	0	100.00	0	0	0	0	0	0
1428573855153988245	CPU_4	0	0	0	100.00	0	0	0	0	0	0
1428573855862652399	CPU_4	0	0	0	100.00	0	0	0	0	0	0
1428573856580430414	CPU_4	0	0	0	100.00	0	0	0	0	0	0
1428573857288840652	CPU_4	0	0	0	100.00	0	0	0	0	0	0
1428573857996077017	CPU_4	0	0	0	100.00	0	0	0	0	0	0
1428573858715552737	CPU_4	0	0	0	100.00	0	0	0	0	0	0
1428573859421126396	CPU_4	0	0	0	100.00	0	0	0	0	0	0
1428573860131655964	CPU_4	0	0	0	100.00	0	0	0	0	0	0
1428573860848463147	CPU_4	0	0	0	100.00	0	0	0	0	0	0
1428573861557441176	CPU_4	0	0	0	100.00	0	0	0	0	0	0
1428573862275743982	CPU_4	0	0	0	100.00	0	0	0	0	0	0
1428573862984495552	CPU_4	0	0	0	100.00	0	0	0	0	0	0
1428573863704834521	CPU_4	0	0	0	100.00	0	0	0	0	0	0
1428573864425997281	CPU_4	0	0	0	100.00	0	0	0	0	0	0
1428573865203310412	CPU_4	2.59	0	0	97.40	0	0	0	0	0	0
1428573865922165675	CPU_4	0	0	0	100.00	0	0	0	0	0	0
1428573866630404871	CPU_4	0	0	0	100.00	0	0	0	0	0	0
1428573867348884385	CPU_4	0	0	0	100.00	0	0	0	0	0	0
1428573868056835290	CPU_4	0	0	0	100.00	0	0	0	0	0	0
1428573868765563068	CPU_4	0	0	0	100.00	0	0	0	0	0	0
1428573869484814706	CPU_4	0	0	0	100.00	0	0	0	0	0	0
1428573870191705279	CPU_4	0	0	0	100.00	0	0	0	0	0	0
1428573870899821308	CPU_4	0	0	0	100.00	0	0	0	0	0	0
1428573871617454282	CPU_4	0	0	0	100.00	0	0	0	0	0	0
1428573872324617979	CPU_4	0	0	0	100.00	0	0	0	0	0	0
1428573873043828741	CPU_4	0	0	0	100.00	0	0	0	0	0	0
1428573873755226724	CPU_4	0	0	0	100.00	0	0	0	0	0	0
1428573874463424670	CPU_4	0	0	0	100.00	0	0	0	0	0	0
1428573875182505349	CPU_4	0	0	0	100.00	0	0	0	0	0	0
1428573875891580752	CPU_4	0	0	0	100.00	0	0	0	0	0	0
1428573876611689096	CPU_4	0	0	0	100.00	0	0	0	0	0	0
1428573877321082290	CPU_4	0	0	0	100.00	0	0	0	0	0	0
1428573878029904860	CPU_4	0	0	0	100.00	0	0	0	0	0	0
1428573878753031741	CPU_4	0	0	0	100.00	0	0	0	0	0	0
1428573879460258313	CPU_4	0	0	0	100.00	0	0	0	0	0	0
1428573880185407941	CPU_4	0	0	0	100.00	0	0	0	0	0	0
1428573880895137676	CPU_4	0	0	0	100.00	0	0	0	0	0	0
1428573881603554621	CPU_4	0	0	0	100.00	0	0	0	0	0	0
1428573882323881381	CPU_4	0	0	0	100.00	0	0	0	0	0	0
1428573883033484575	CPU_4	0	0	0	100.00	0	0	0	0	0	0
1428573883746711304	CPU_4	0	0	0	100.00	0	0	0	0	0	0
1428573884462709779	CPU_4	0	0	0	100.00	0	0	0	0	0	0
1428573885172230931	CPU_4	0	0	0	100.00	0	0	0	0	0	0
1428573885894861229	CPU_4	0	0	0	100.00	0	0	0	0	0	0
1428573886602221801	CPU_4	0	0	0	100.00	0	0	0	0	0	0
1428573887313976533	CPU_4	0	0	0	100.00	0	0	0	0	0	0
1428573888033527960	CPU_4	0	0	0	100.00	0	0	0	0	0	0
1428573888750290517	CPU_4	0	0	0	100.00	0	0	0	0	0	0
1428573889469346071	CPU_4	0	0	0	100.00	0	0	0	0	0	0
1428573890179568888	CPU_4	0	0	0	100.00	0	0	0	0	0	0
1428573890893076284	CPU_4	0	0	0	100.00	0	0	0	0	0	0
1428573891610868297	CPU_4	0	0	0	100.00	0	0	0	0	0	0
1428573892321338281	CPU_4	0	0	0	100.00	0	0	0	0	0	0
1428573893040796500	CPU_4	0	0	0	100.00	0	0	0	0	0	0
1428573893753599938	CPU_4	0	0	0	100.00	0	0	0	0	0	0
1428573894462280841	CPU_4	0	0	0	100.00	0	0	0	0	0	0
1428573895180809770	CPU_4	0	0	0	100.00	0	0	0	0	0	0
1428573895890739213	CPU_4	0	0	0	100.00	0	0	0	0	0	0
1428573896608029227	CPU_4	0	0	0	100.00	0	0	0	0	0	0
1428573897319530708	CPU_4	0	0	0	100.00	0	0	0	0	0	0
1428573898029281818	CPU_4	0	0	0	100.00	0	0	0	0	0	0
1428573898749630286	CPU_4	0	0	0	100.00	0	0	0	0	0	0
1428573899460161185	CPU_4	0	0	0	100.00	0	0	0	0	0	0
1428573900183222482	CPU_4	0	0	0	100.00	0	0	0	0	0	0
1428573900894247923	CPU_4	0	0	0	100.00	0	0	0	0	0	0
1428573901605945987	CPU_4	0	0	0	100.00	0	0	0	0	0	0
1428573902325985872	CPU_4	0	0	0	100.00	0	0	0	0	0	0
1428573903036413897	CPU_4	0	0	0	100.00	0	0	0	0	0	0
1428573903746663755	CPU_4	0	0	0	100.00	0	0	0	0	0	0
1428573904465226642	CPU_4	0	0	0	100.00	0	0	0	0	0	0
1428573905174725751	CPU_4	0	0	0	100.00	0	0	0	0	0	0
1428573905897123507	CPU_4	0	0	0	100.00	0	0	0	0	0	0
1428573906606783908	CPU_4	0	0	0	100.00	0	0	0	0	0	0
1428573907316817433	CPU_4	0	0	0	100.00	0	0	0	0	0	0
1428573908035993444	CPU_4	0	0	0	100.00	0	0	0	0	0	0
1428573908745030054	CPU_4	0	0	0	100.00	0	0	0	0	0	0
1428573909464400065	CPU_4	0	0	0	100.00	0	0	0	0	0	0
1428573910173252467	CPU_4	0	0	0	100.00	0	0	0	0	0	0
1428573910881272787	CPU_4	0	0	0	100.00	0	0	0	0	0	0
1428573911600725880	CPU_4	0	0	0	100.00	0	0	0	0	0	0
1428573912309902157	CPU_4	0	0	0	100.00	0	0	0	0	0	0
1428573913035198616	CPU_4	0	0	0	100.00	0	0	0	0	0	0
1428573913744059101	CPU_4	0	0	0	100.00	0	0	0	0	0	0
1428573914454528792	CPU_4	0	0	0	100.00	0	0	0	0	0	0
1428573915174517385	CPU_4	0	0	0	100.00	0	0	0	0	0	0
1428573915883343662	CPU_4	0	0	0	100.00	0	0	0	0	0	0
1428573916592901729	CPU_4	0	0	0	100.00	0	0	0	0	0	0
1428573917316258858	CPU_4	0	0	0	100.00	0	0	0	0	0	0
1428573918027751922	CPU_4	0	0	0	100.00	0	0	0	0	0	0
1428573918746832099	CPU_4	0	0	0	100.00	0	0	0	0	0	0
1428573919458532747	CPU_4	0	0	0	100.00	0	0	0	0	0	0
1428573920168783021	CPU_4	0	0	0	100.00	0	0	0	0	0	0
1428573920887370407	CPU_4	0	0	0	100.00	0	0	0	0	0	0
1428573921600046928	CPU_4	0	0	0	100.00	0	0	0	0	0	0
1428573922323468098	CPU_4	0	0	0	100.00	0	0	0	0	0	0
1428573923035501495	CPU_4	0	0	0	100.00	0	0	0	0	0	0
1428573923748875097	CPU_4	0	0	0	100.00	0	0	0	0	0	0
1428573924469702355	CPU_4	0	0	0	100.00	0	0	0	0	0	0
1428573925180263337	CPU_4	0	0	0	100.00	0	0	0	0	0	0
1428573925900031472	CPU_4	0	0	0	100.00	0	0	0	0	0	0
1428573926611689327	CPU_4	0	0	0	100.00	0	0	0	0	0	0
1428573927324910180	CPU_4	0	0	0	100.00	0	0	0	0	0	0
1428573928046708769	CPU_4	0	0	0	100.00	0	0	0	0	0	0
1428573928756479669	CPU_4	0	0	0	100.00	0	0	0	0	0	0
1428573929475520679	CPU_4	0	0	0	100.00	0	0	0	0	0	0
1428573930191087903	CPU_4	0	0	0	100.00	0	0	0	0	0	0
1428573930900670928	CPU_4	0	0	0	100.00	0	0	0	0	0	0
1428573931621759018	CPU_4	0	0	0	100.00	0	0	0	0	0	0
1428573932333397707	CPU_4	0	0	0	100.00	0	0	0	0	0	0
1428573933042002067	CPU_4	0	0	0	100.00	0	0	0	0	0	0
1428573933765216779	CPU_4	0	0	0	100.00	0	0	0	0	0	0
1428573934476977425	CPU_4	0	0	0	100.00	0	0	0	0	0	0
1428573935197390433	CPU_4	0	0	0	100.00	0	0	0	0	0	0
1428573935906672917	CPU_4	0	0	0	100.00	0	0	0	0	0	0
1428573936617793647	CPU_4	0	0	0	100.00	0	0	0	0	0	0
1428573937340650776	CPU_4	0	0	0	100.00	0	0	0	0	0	0
1428573938049649135	CPU_4	0	0	0	100.00	0	0	0	0	0	0
1428573938770391809	CPU_4	0	0	0	100.00	0	0	0	0	0	0
1428573939483091829	CPU_4	0	0	0	100.00	0	0	0	0	0	0
1428573940196258057	CPU_4	0	0	0	100.00	0	0	0	0	0	0
1428573940917184314	CPU_4	0	0	0	100.00	0	0	0	0	0	0
1428573941627742128	CPU_4	0	0	0	100.00	0	0	0	0	0	0
1428573942349314426	CPU_4	0	0	0	100.00	0	0	0	0	0	0
1428573943061271155	CPU_4	0	0	0	100.00	0	0	0	0	0	0
1428573943773058051	CPU_4	0	0	0	100.00	0	0	0	0	0	0
1428573944495067973	CPU_4	0	0	0	100.00	0	0	0	0	0	0
1428573945209225698	CPU_4	0	0	0	100.00	0	0	0	0	0	0
1428573945929572873	CPU_4	0	0	0	100.00	0	0	0	0	0	0
1428573946640740145	CPU_4	0	0	0	100.00	0	0	0	0	0	0
1428573947352295916	CPU_4	0	0	0	100.00	0	0	0	0	0	0
1428573948071107051	CPU_4	0	0	0	100.00	0	0	0	0	0	0
1428573948782456697	CPU_4	0	0	0	100.00	0	0	0	0	0	0
1428573949510822526	CPU_4	0	0	0	100.00	0	0	0	0	0	0
1428573950223035046	CPU_4	0	0	0	100.00	0	0	0	0	0	0
1428573950934421859	CPU_4	0	0	0	100.00	0	0	0	0	0	0
1428573951658143486	CPU_4	0	0	0	100.00	0	0	0	0	0	0
1428573952369325466	CPU_4	0	0	0	100.00	0	0	0	0	0	0
1428573953083189234	CPU_4	0	0	0	100.00	0	0	0	0	0	0
1428573953803422658	CPU_4	0	0	0	100.00	0	0	0	0	0	0
1428573954516646135	CPU_4	0	0	0	100.00	0	0	0	0	0	0
1428573955238913514	CPU_4	0	0	0	100.00	0	0	0	0	0	0
1428573955949285912	CPU_4	0	0	0	100.00	0	0	0	0	0	0
1428573956660011976	CPU_4	0	0	0	100.00	0	0	0	0	0	0
1428573957382500063	CPU_4	0	0	0	100.00	0	0	0	0	0	0
1428573958091147880	CPU_4	0	0	0	100.00	0	0	0	0	0	0
1428573958818903709	CPU_4	0	0	0	100.00	0	0	0	0	0	0
1428573959531246312	CPU_4	0	0	0	100.00	0	0	0	0	0	0
1428573960244340372	CPU_4	0	0	0	100.00	0	0	0	0	0	0
1428573960965500670	CPU_4	0	0	0	100.00	0	0	0	0	0	0
1428573961680873601	CPU_4	0	0	0	100.00	0	0	0	0	0	0
1428573962402932730	CPU_4	0	0	0	100.00	0	0	0	0	0	0
1428573963112540004	CPU_4	0	0	0	100.00	0	0	0	0	0	0
1428573963826636854	CPU_4	0	0	0	100.00	0	0	0	0	0	0
1428573964549120566	CPU_4	0	0	0	100.00	0	0	0	0	0	0
1428573965262041876	CPU_4	0	0	0	100.00	0	0	0	0	0	0
1428573965982717258	CPU_4	0	0	0	100.00	0	0	0	0	0	0
1428573966694419195	CPU_4	0	0	0	100.00	0	0	0	0	0	0
1428573967407267671	CPU_4	0	0	0	100.00	0	0	0	0	0	0
1428573968126892429	CPU_4	0	0	0	100.00	0	0	0	0	0	0
1428573968839790948	CPU_4	0	0	0	100.00	0	0	0	0	0	0
1428573969562612659	CPU_4	0	0	0	100.00	0	0	0	0	0	0
1428573970275845427	CPU_4	0	0	0	100.00	0	0	0	0	0	0
1428573970988016905	CPU_4	0	0	0	100.00	0	0	0	0	0	0
1428573971710385450	CPU_4	0	0	0	100.00	0	0	0	0	0	0
1428573972422825052	CPU_4	0	0	0	100.00	0	0	0	0	0	0
1428573973148348592	CPU_4	0	0	0	100.00	0	0	0	0	0	0
1428573973861668027	CPU_4	0	0	0	100.00	0	0	0	0	0	0
1428573974572844839	CPU_4	0	0	0	100.00	0	0	0	0	0	0
1428573975294845926	CPU_4	0	0	0	100.00	0	0	0	0	0	0
1428573976004967240	CPU_4	0	0	0	100.00	0	0	0	0	0	0
1428573976717404218	CPU_4	0	0	0	100.00	0	0	0	0	0	0
1428573977439051430	CPU_4	0	0	0	100.00	0	0	0	0	0	0
1428573978147794288	CPU_4	0	0	0	100.00	0	0	0	0	0	0
1428573978871786414	CPU_4	0	0	0	100.00	0	0	0	0	0	0
1428573979586520679	CPU_4	0	0	0	100.00	0	0	0	0	0	0
1428573980300736403	CPU_4	0	0	0	100.00	0	0	0	0	0	0
1428573981021314909	CPU_4	0	0	0	100.00	0	0	0	0	0	0
1428573981735888425	CPU_4	0	0	0	100.00	0	0	0	0	0	0
1428573982459241301	CPU_4	0	0	0	100.00	0	0	0	0	0	0
1428573983172977401	CPU_4	0	0	0	100.00	0	0	0	0	0	0
1428573983894510447	CPU_4	0	0	0	100.00	0	0	0	0	0	0
1428573984623908648	CPU_4	0	0	0	100.00	0	0	0	0	0	0
1428573985337089665	CPU_4	0	0	0	100.00	0	0	0	0	0	0
1428573986058268378	CPU_4	0	0	0	100.00	0	0	0	0	0	0
1428573986770577438	CPU_4	0	0	0	100.00	0	0	0	0	0	0
1428573987483494581	CPU_4	0	0	0	100.00	0	0	0	0	0	0
1428573988207256415	CPU_4	0	0	0	100.00	0	0	0	0	0	0
1428573988920651890	CPU_4	0	0	0	100.00	0	0	0	0	0	0
1428573989675481301	CPU_4	0	0	0	100.00	0	0	0	0	0	0
1428573990386895488	CPU_4	0	0	0	100.00	0	0	0	0	0	0
1428573991101305253	CPU_4	0	0	0	100.00	0	0	0	0	0	0
1428573991821619884	CPU_4	0	0	0	100.00	0	0	0	0	0	0
1428573992534698234	CPU_4	0	0	0	100.00	0	0	0	0	0	0
1428573993256528238	CPU_4	0	0	0	100.00	0	0	0	0	0	0
1428573993971881210	CPU_4	0	0	0	100.00	0	0	0	0	0	0
1428573994685108685	CPU_4	0	0	0	100.00	0	0	0	0	0	0
1428573995409393393	CPU_4	0	0	0	100.00	0	0	0	0	0	0
1428573996123040284	CPU_4	0	0	0	100.00	0	0	0	0	0	0
1428573996843545456	CPU_4	0	0	0	100.00	0	0	0	0	0	0
1428573997557654138	CPU_4	0	0	0	100.00	0	0	0	0	0	0
1428573998269027700	CPU_4	0	0	0	100.00	0	0	0	0	0	0
1428573998989786080	CPU_4	0	0	0	100.00	0	0	0	0	0	0
1428573999708532380	CPU_4	0	0	0	100.00	0	0	0	0	0	0
1428574000435296208	CPU_4	0	0	0	100.00	0	0	0	0	0	0
1428574001147955268	CPU_4	0	0	0	100.00	0	0	0	0	0	0
1428574001857926998	CPU_4	0	0	0	100.00	0	0	0	0	0	0
1428574002581302165	CPU_4	0	0	0	100.00	0	0	0	0	0	0
1428574003293920516	CPU_4	0	0	0	100.00	0	0	0	0	0	0
1428574004014827562	CPU_4	0	0	0	100.00	0	0	0	0	0	0
1428574004727883787	CPU_4	0	0	0	100.00	0	0	0	0	0	0
1428574005443112259	CPU_4	0	0	0	100.00	0	0	0	0	0	0
1428574006165728719	CPU_4	0	0	0	100.00	0	0	0	0	0	0
1428574006875270783	CPU_4	0	0	0	100.00	0	0	0	0	0	0
1428574007599563532	CPU_4	0	0	0	100.00	0	0	0	0	0	0
1428574008312154216	CPU_4	0	0	0	100.00	0	0	0	0	0	0
1428574009025373066	CPU_4	0	0	0	100.00	0	0	0	0	0	0
1428574009748536567	CPU_4	0	0	0	100.00	0	0	0	0	0	0
1428574010461586792	CPU_4	0	0	0	100.00	0	0	0	0	0	0
1428574011183492919	CPU_4	0	0	0	100.00	0	0	0	0	0	0
1428574011893907232	CPU_4	0	0	0	100.00	0	0	0	0	0	0
1428574012607841955	CPU_4	0	0	0	100.00	0	0	0	0	0	0
1428574013329965457	CPU_4	0	0	0	100.00	0	0	0	0	0	0
1428574014042782058	CPU_4	0	0	0	100.00	0	0	0	0	0	0
1428574014765345059	CPU_4	0	0	0	100.00	0	0	0	0	0	0
1428574015478575034	CPU_4	0	0	0	100.00	0	0	0	0	0	0
1428574016191100384	CPU_4	0	0	0	100.00	0	0	0	0	0	0
1428574016912012805	CPU_4	0	0	0	100.00	0	0	0	0	0	0
1428574017629531523	CPU_4	0	0	0	100.00	0	0	0	0	0	0
1428574018352256607	CPU_4	0	0	0	100.00	0	0	0	0	0	0
1428574019065090915	CPU_4	0	0	0	100.00	0	0	0	0	0	0
1428574019779378057	CPU_4	0	0	0	100.00	0	0	0	0	0	0
1428574020503931537	CPU_4	0	0	0	100.00	0	0	0	0	0	0
1428574021215794031	CPU_4	0	0	0	100.00	0	0	0	0	0	0
1428574021935228556	CPU_4	0	0	0	100.00	0	0	0	0	0	0
1428574022648568173	CPU_4	0	0	0	100.00	0	0	0	0	0	0
1428574023361366583	CPU_4	0	0	0	100.00	0	0	0	0	0	0
1428574024089942886	CPU_4	0	0	0	100.00	0	0	0	0	0	0
1428574024799783467	CPU_4	0	0	0	100.00	0	0	0	0	0	0
1428574025522490820	CPU_4	0	0	0	100.00	0	0	0	0	0	0
1428574026238397892	CPU_4	0	0	0	100.00	0	0	0	0	0	0
1428574026949263387	CPU_4	0	0	0	100.00	0	0	0	0	0	0
1428574027673846696	CPU_4	0	0	0	100.00	0	0	0	0	0	0
1428574028386282565	CPU_4	0	0	0	100.00	0	0	0	0	0	0
1428574029121434066	CPU_4	0	0	0	100.00	0	0	0	0	0	0
1428574029832137104	CPU_4	0	0	0	100.00	0	0	0	0	0	0
1428574030545526554	CPU_4	0	0	0	100.00	0	0	0	0	0	0
1428574031268591323	CPU_4	0	0	0	100.00	0	0	0	0	0	0
1428574031980706359	CPU_4	0	0	0	100.00	0	0	0	0	0	0
1428574032711480283	CPU_4	0	0	0	100.00	0	0	0	0	0	0
1428574033423731193	CPU_4	0	0	0	100.00	0	0	0	0	0	0
1428574034138034184	CPU_4	0	0	0	100.00	0	0	0	0	0	0
1428574034859704288	CPU_4	0	0	0	100.00	0	0	0	0	0	0
1428574035573890445	CPU_4	0	0	0	100.00	0	0	0	0	0	0
1428574036292698554	CPU_4	0	0	0	100.00	0	0	0	0	0	0
1428574037009890790	CPU_4	0	0	0	100.00	0	0	0	0	0	0
1428574037720926577	CPU_4	0	0	0	100.00	0	0	0	0	0	0
1428574038439644102	CPU_4	0	0	0	100.00	0	0	0	0	0	0
1428574039151147222	CPU_4	0	0	0	100.00	0	0	0	0	0	0
1428574039859908720	CPU_4	0	0	0	100.00	0	0	0	0	0	0
1428574040580704284	CPU_4	0	0	0	100.00	0	0	0	0	0	0
1428574041289898407	CPU_4	0	0	0	100.00	0	0	0	0	0	0
1428574042011609261	CPU_4	0	0	0	100.00	0	0	0	0	0	0
1428574042722270590	CPU_4	0	0	0	100.00	0	0	0	0	0	0
1428574043433008293	CPU_4	0	0	0	100.00	0	0	0	0	0	0
1428574044157432560	CPU_4	0	0	0	100.00	0	0	0	0	0	0
1428574044866658974	CPU_4	0	0	0	100.00	0	0	0	0	0	0
1428574045587524746	CPU_4	0	0	0	100.00	0	0	0	0	0	0
1428574046299152199	CPU_4	0	0	0	100.00	0	0	0	0	0	0
1428574047008840029	CPU_4	0	0	0	100.00	0	0	0	0	0	0
1428574047731369423	CPU_4	0	0	0	100.00	0	0	0	0	0	0
1428574048441403461	CPU_4	0	0	0	100.00	0	0	0	0	0	0
1428574049165968394	CPU_4	0	0	0	100.00	0	0	0	0	0	0
1428574049875594099	CPU_4	0	0	0	100.00	0	0	0	0	0	0
1428574050589093007	CPU_4	0	0	0	100.00	0	0	0	0	0	0
1428574051309959779	CPU_4	0	0	0	100.00	0	0	0	0	0	0
1428574052021087982	CPU_4	0	0	0	100.00	0	0	0	0	0	0
1428574052743972417	CPU_4	0	0	0	100.00	0	0	0	0	0	0
1428574053455649077	CPU_4	0	0	0	100.00	0	0	0	0	0	0
1428574054171929022	CPU_4	0	0	0	100.00	0	0	0	0	0	0
1428574054891729462	CPU_4	0	0	0	100.00	0	0	0	0	0	0
1428574055604744246	CPU_4	0	0	0	100.00	0	0	0	0	0	0
1428574056334248838	CPU_4	0	0	0	100.00	0	0	0	0	0	0
1428574057045167332	CPU_4	0	0	0	100.00	0	0	0	0	0	0
1428574057758466782	CPU_4	0	0	0	100.00	0	0	0	0	0	0
1428574058480069261	CPU_4	0	0	0	100.00	0	0	0	0	0	0
1428574059194575833	CPU_4	0	0	0	100.00	0	0	0	0	0	0
1428574059906751534	CPU_4	0	0	0	100.00	0	0	0	0	0	0
1428574060627673014	CPU_4	0	0	0	100.00	0	0	0	0	0	0
1428574061339971423	CPU_4	0	0	0	100.00	0	0	0	0	0	0
1428574062060191945	CPU_4	0	0	0	100.00	0	0	0	0	0	0
1428574062775712183	CPU_4	0	0	0	100.00	0	0	0	0	0	0
1428574063490358172	CPU_4	0	0	0	100.00	0	0	0	0	0	0
1428574064217691267	CPU_4	0	0	0	100.00	0	0	0	0	0	0
1428574064927558596	CPU_4	0	0	0	100.00	0	0	0	0	0	0
1428574065653244944	CPU_4	0	0	0	100.00	0	0	0	0	0	0
1428574066366133269	CPU_4	0	0	0	100.00	0	0	0	0	0	0
1428574067076684472	CPU_4	0	0	0	100.00	0	0	0	0	0	0
1428574067799161241	CPU_4	0	0	0	100.00	0	0	0	0	0	0
1428574068510914900	CPU_4	0	0	0	100.00	0	0	0	0	0	0
1428574069235108583	CPU_4	0	0	0	100.00	0	0	0	0	0	0
1428574069944644496	CPU_4	0	0	0	100.00	0	0	0	0	0	0
1428574070657809695	CPU_4	0	0	0	100.00	0	0	0	0	0	0
1428574071379888965	CPU_4	0	0	0	100.00	0	0	0	0	0	0
1428574072091347750	CPU_4	0	0	0	100.00	0	0	0	0	0	0
1428574072813208519	CPU_4	0	0	0	100.00	0	0	0	0	0	0
1428574073527008384	CPU_4	0	0	0	100.00	0	0	0	0	0	0
1428574074241511914	CPU_4	0	0	0	100.00	0	0	0	0	0	0
1428574074961597437	CPU_4	0	0	0	100.00	0	0	0	0	0	0
1428574075675186468	CPU_4	0	0	0	100.00	0	0	0	0	0	0
1428574076397173113	CPU_4	0	0	0	100.00	0	0	0	0	0	0
1428574077110378603	CPU_4	0	0	0	100.00	0	0	0	0	0	0
1428574077823721510	CPU_4	0	0	0	100.00	0	0	0	0	0	0
1428574078548872150	CPU_4	0	0	0	100.00	0	0	0	0	0	0
1428574079262699723	CPU_4	0	0	0	100.00	0	0	0	0	0	0
1428574079983130119	CPU_4	0	0	0	100.00	0	0	0	0	0	0
1428574080697382775	CPU_4	0	0	0	100.00	0	0	0	0	0	0
1428574081409833183	CPU_4	0	0	0	100.00	0	0	0	0	0	0
1428574082135545863	CPU_4	0	0	0	100.00	0	0	0	0	0	0
1428574082846650065	CPU_4	0	0	0	100.00	0	0	0	0	0	0
1428574083570118373	CPU_4	0	0	0	100.00	0	0	0	0	0	0
1428574084282061907	CPU_4	0	0	0	100.00	0	0	0	0	0	0
1428574084992742737	CPU_4	0	0	0	100.00	0	0	0	0	0	0
1428574085716265043	CPU_4	0	0	0	100.00	0	0	0	0	0	0
1428574086429631283	CPU_4	0	0	0	100.00	0	0	0	0	0	0
1428574087162715077	CPU_4	0	0	0	100.00	0	0	0	0	0	0
1428574087876204150	CPU_4	0	0	0	100.00	0	0	0	0	0	0
1428574088589966848	CPU_4	0	0	0	100.00	0	0	0	0	0	0
1428574089313351282	CPU_4	0	0	0	100.00	0	0	0	0	0	0
1428574090023566734	CPU_4	0	0	0	100.00	0	0	0	0	0	0
1428574090739182721	CPU_4	0	0	0	100.00	0	0	0	0	0	0
1428574091459993700	CPU_4	0	0	0	100.00	0	0	0	0	0	0
1428574092175309395	CPU_4	0	0	0	100.00	0	0	0	0	0	0
1428574092895252208	CPU_4	0	0	0	100.00	0	0	0	0	0	0
1428574093609264697	CPU_4	0	0	0	100.00	0	0	0	0	0	0
1428574094323461519	CPU_4	0	0	0	100.00	0	0	0	0	0	0
1428574095042929042	CPU_4	0	0	0	100.00	0	0	0	0	0	0
1428574095758569861	CPU_4	0	0	0	100.00	0	0	0	0	0	0
1428574096480305172	CPU_4	0	0	0	100.00	0	0	0	0	0	0
1428574097194342452	CPU_4	0	0	0	100.00	0	0	0	0	0	0
1428574097907934858	CPU_4	0	0	0	100.00	0	0	0	0	0	0
1428574098632284540	CPU_4	0	0	0	100.00	0	0	0	0	0	0
1428574099347253277	CPU_4	0	0	0	100.00	0	0	0	0	0	0
1428574100071065376	CPU_4	0	0	0	100.00	0	0	0	0	0	0
1428574100789042567	CPU_4	0	0	0	100.00	0	0	0	0	0	0
1428574101502978723	CPU_4	0	0	0	100.00	0	0	0	0	0	0
1428574102226980488	CPU_4	0	0	0	100.00	0	0	0	0	0	0
1428574102939716937	CPU_4	0	0	0	100.00	0	0	0	0	0	0
1428574103676014976	CPU_4	0	0	0	100.00	0	0	0	0	0	0
1428574104394807499	CPU_4	0	0	0	100.00	0	0	0	0	0	0
1428574105203732597	CPU_4	3.75	0	0	96.25	0	0	0	0	0	0
1428574105919879874	CPU_4	0	0	0	100.00	0	0	0	0	0	0
1428574106633591030	CPU_4	0	0	0	100.00	0	0	0	0	0	0
1428574107357651378	CPU_4	0	0	0	100.00	0	0	0	0	0	0
1428574108071590658	CPU_4	0	0	0	100.00	0	0	0	0	0	0
1428574108797479004	CPU_4	0	0	0	100.00	0	0	0	0	0	0
1428574109508947538	CPU_4	0	0	0	100.00	0	0	0	0	0	0
1428574110223897608	CPU_4	0	0	0	100.00	0	0	0	0	0	0
1428574110948773622	CPU_4	0	0	0	100.00	0	0	0	0	0	0
1428574111661256820	CPU_4	0	0	0	100.00	0	0	0	0	0	0
1428574112385637377	CPU_4	0	0	0	100.00	0	0	0	0	0	0
1428574113099630657	CPU_4	0	0	0	100.00	0	0	0	0	0	0
1428574113813743353	CPU_4	0	0	0	100.00	0	0	0	0	0	0
1428574114537457202	CPU_4	0	0	0	100.00	0	0	0	0	0	0
1428574115251816231	CPU_4	0	0	0	100.00	0	0	0	0	0	0
1428574115979875406	CPU_4	0	0	0	100.00	0	0	0	0	0	0
1428574116695297559	CPU_4	0	0	0	100.00	0	0	0	0	0	0
1428574117409125797	CPU_4	0	0	0	100.00	0	0	0	0	0	0
1428574118134100394	CPU_4	0	0	0	100.00	0	0	0	0	0	0
1428574118848930214	CPU_4	0	0	0	100.00	0	0	0	0	0	0
1428574119569165110	CPU_4	0	0	0	100.00	0	0	0	0	0	0
1428574120286436884	CPU_4	0	0	0	100.00	0	0	0	0	0	0
1428574121000078165	CPU_4	0	0	0	100.00	0	0	0	0	0	0
1428574121726477259	CPU_4	0	0	0	100.00	0	0	0	0	0	0
1428574122437019127	CPU_4	0	0	0	100.00	0	0	0	0	0	0
1428574123162382640	CPU_4	0	0	0	100.00	0	0	0	0	0	0
1428574123877812334	CPU_4	0	0	0	100.00	0	0	0	0	0	0
1428574124590408949	CPU_4	0	0	0	100.00	0	0	0	0	0	0
1428574125317020043	CPU_4	0	0	0	100.00	0	0	0	0	0	0
1428574126031609196	CPU_4	0	0	0	100.00	0	0	0	0	0	0
1428574126757945083	CPU_4	0	0	0	100.00	0	0	0	0	0	0
1428574127470051823	CPU_4	0	0	0	100.00	0	0	0	0	0	0
1428574128184265727	CPU_4	0	0	0	100.00	0	0	0	0	0	0
1428574128909712031	CPU_4	0	0	0	100.00	0	0	0	0	0	0
1428574129625745307	CPU_4	0	0	0	100.00	0	0	0	0	0	0
1428574130349182573	CPU_4	0	0	0	100.00	0	0	0	0	0	0
1428574131061800187	CPU_4	0	0	0	100.00	0	0	0	0	0	0
1428574131777940589	CPU_4	0	0	0	100.00	0	0	0	0	0	0
1428574132500256314	CPU_4	0	0	0	100.00	0	0	0	0	0	0
1428574133214458759	CPU_4	0	0	0	100.00	0	0	0	0	0	0
1428574133939001439	CPU_4	0	0	0	100.00	0	0	0	0	0	0
1428574134654054050	CPU_4	0	0	0	100.00	0	0	0	0	0	0
1428574135366836581	CPU_4	0	0	0	100.00	0	0	0	0	0	0
1428574136103135286	CPU_4	0	0	0	100.00	0	0	0	0	0	0
1428574136816844440	CPU_4	0	0	0	100.00	0	0	0	0	0	0
1428574137542177827	CPU_4	0	0	0	100.00	0	0	0	0	0	0
1428574138255627232	CPU_4	0	0	0	100.00	0	0	0	0	0	0
1428574138968900179	CPU_4	0	0	0	100.00	0	0	0	0	0	0
1428574139694542691	CPU_4	0	0	0	100.00	0	0	0	0	0	0
1428574140406577639	CPU_4	0	0	0	100.00	0	0	0	0	0	0
1428574141132483359	CPU_4	0	0	0	100.00	0	0	0	0	0	0
1428574141847693886	CPU_4	0	0	0	100.00	0	0	0	0	0	0
1428574142563924411	CPU_4	0	0	0	100.00	0	0	0	0	0	0
1428574143286811427	CPU_4	0	0	0	100.00	0	0	0	0	0	0
1428574144002635620	CPU_4	0	0	0	100.00	0	0	0	0	0	0
1428574144727022883	CPU_4	0	0	0	100.00	0	0	0	0	0	0
1428574145439148332	CPU_4	0	0	0	100.00	0	0	0	0	0	0
1428574146155995356	CPU_4	0	0	0	100.00	0	0	0	0	0	0
1428574146881898534	CPU_4	0	0	0	100.00	0	0	0	0	0	0
1428574147597203269	CPU_4	0	0	0	100.00	0	0	0	0	0	0
1428574148320017910	CPU_4	0	0	0	100.00	0	0	0	0	0	0
1428574149035125853	CPU_4	0	0	0	100.00	0	0	0	0	0	0
1428574149753252751	CPU_4	0	0	0	100.00	0	0	0	0	0	0
1428574150480071094	CPU_4	0	0	0	100.00	0	0	0	0	0	0
1428574151193763581	CPU_4	0	0	0	100.00	0	0	0	0	0	0
1428574151918497260	CPU_4	0	0	0	100.00	0	0	0	0	0	0
1428574152634732661	CPU_4	0	0	0	100.00	0	0	0	0	0	0
1428574153347605066	CPU_4	0	0	0	100.00	0	0	0	0	0	0
1428574154074881533	CPU_4	0	0	0	100.00	0	0	0	0	0	0
1428574154790438351	CPU_4	0	0	0	100.00	0	0	0	0	0	0
1428574155515397113	CPU_4	0	0	0	100.00	0	0	0	0	0	0
1428574156229030100	CPU_4	0	0	0	100.00	0	0	0	0	0	0
1428574156944249502	CPU_4	0	0	0	100.00	0	0	0	0	0	0
1428574157669569222	CPU_4	0	0	0	100.00	0	0	0	0	0	0
1428574158387636703	CPU_4	0	0	0	100.00	0	0	0	0	0	0
1428574159109765635	CPU_4	0	0	0	100.00	0	0	0	0	0	0
1428574159825045912	CPU_4	0	0	0	100.00	0	0	0	0	0	0
1428574160539970855	CPU_4	0	0	0	100.00	0	0	0	0	0	0
1428574161264772368	CPU_4	0	0	0	100.00	0	0	0	0	0	0
1428574161980375144	CPU_4	0	0	0	100.00	0	0	0	0	0	0
1428574162705625238	CPU_4	0	0	0	100.00	0	0	0	0	0	0
1428574163421511389	CPU_4	0	0	0	100.00	0	0	0	0	0	0
1428574164136607749	CPU_4	0	0	0	100.00	0	0	0	0	0	0
1428574164863444049	CPU_4	0	0	0	100.00	0	0	0	0	0	0
1428574165580055907	CPU_4	0	0	0	100.00	0	0	0	0	0	0
1428574166308404914	CPU_4	0	0	0	100.00	0	0	0	0	0	0
1428574167025284354	CPU_4	0	0	0	100.00	0	0	0	0	0	0
1428574167743571293	CPU_4	0	0	1.38	98.61	0	0	0	0	0	0
1428574168467410139	CPU_4	0	0	0	100.00	0	0	0	0	0	0
