#Timestamp	CPU_ID	user%	nice%	sys%	idle%	iowait%	irq%	softiq%	steal%	guest%	guest_nice%
1428601275677892635	CPU_0	10.90	0	3.63	85.45	0	0	0	0	0	0
1428601276291333196	CPU_0	0	0	0	100.00	0	0	0	0	0	0
1428601276906528714	CPU_0	0	0	0	98.36	1.63	0	0	0	0	0
1428601277520168691	CPU_0	0	0	0	100.00	0	0	0	0	0	0
1428601278141074537	CPU_0	0	0	1.58	98.41	0	0	0	0	0	0
1428601278756490513	CPU_0	0	0	0	100.00	0	0	0	0	0	0
1428601279371995655	CPU_0	0	0	0	98.36	0	1.63	0	0	0	0
1428601279986841923	CPU_0	0	0	0	93.84	0	6.15	0	0	0	0
1428601280602375357	CPU_0	0	0	0	100.00	0	0	0	0	0	0
1428601281224383493	CPU_0	0	0	0	100.00	0	0	0	0	0	0
1428601281839897302	CPU_0	0	0	0	100.00	0	0	0	0	0	0
1428601282455131861	CPU_0	0	0	1.58	96.82	0	0	1.58	0	0	0
1428601283070690295	CPU_0	0	0	0	100.00	0	0	0	0	0	0
1428601283686948228	CPU_0	0	0	0	100.00	0	0	0	0	0	0
1428601284308418322	CPU_0	0	0	0	100.00	0	0	0	0	0	0
1428601284923981131	CPU_0	0	0	1.63	98.36	0	0	0	0	0	0
1428601285539313232	CPU_0	0	0	0	100.00	0	0	0	0	0	0
1428601286154675332	CPU_0	0	0	0	100.00	0	0	0	0	0	0
1428601286776867801	CPU_0	0	0	1.63	98.36	0	0	0	0	0	0
1428601287393115817	CPU_0	0	0	0	100.00	0	0	0	0	0	0
1428601288009274334	CPU_0	1.63	0	0	98.36	0	0	0	0	0	0
1428601288625149267	CPU_0	0	0	1.63	98.36	0	0	0	0	0	0
1428601289241693574	CPU_0	0	0	0	100.00	0	0	0	0	0	0
1428601289863750085	CPU_0	0	0	0	100.00	0	0	0	0	0	0
1428601290479972101	CPU_0	0	0	0	98.36	0	1.63	0	0	0	0
1428601291096108992	CPU_0	0	0	1.61	98.38	0	0	0	0	0	0
1428601291712627550	CPU_0	0	0	0	100.00	0	0	0	0	0	0
1428601292334488477	CPU_0	0	0	1.58	96.82	0	0	1.58	0	0	0
1428601292953508990	CPU_0	0	0	0	98.38	0	1.61	0	0	0	0
1428601293569270756	CPU_0	0	0	0	100.00	0	0	0	0	0	0
1428601294186160855	CPU_0	0	0	0	100.00	0	0	0	0	0	0
1428601294802316204	CPU_0	0	0	0	98.38	0	1.61	0	0	0	0
1428601295425103422	CPU_0	0	0	0	100.00	0	0	0	0	0	0
1428601296041301188	CPU_0	0	0	0	100.00	0	0	0	0	0	0
1428601296657629245	CPU_0	0	0	0	100.00	0	0	0	0	0	0
1428601297274854510	CPU_0	0	0	1.49	91.04	0	7.46	0	0	0	0
1428601297891134234	CPU_0	0	0	0	100.00	0	0	0	0	0	0
1428601298513343161	CPU_0	0	0	0	100.00	0	0	0	0	0	0
1428601299129943843	CPU_0	0	0	1.63	98.36	0	0	0	0	0	0
1428601299747376732	CPU_0	0	0	0	100.00	0	0	0	0	0	0
1428601300364006331	CPU_0	0	0	1.63	98.36	0	0	0	0	0	0
1428601300986908631	CPU_0	0	0	0	100.00	0	0	0	0	0	0
1428601301603769563	CPU_0	0	0	0	100.00	0	0	0	0	0	0
1428601302221423119	CPU_0	0	0	1.61	96.77	1.61	0	0	0	0	0
1428601302837961884	CPU_0	0	0	0	98.38	0	0	1.61	0	0	0
1428601303455546065	CPU_0	0	0	1.61	98.38	0	0	0	0	0	0
1428601304078378074	CPU_0	0	0	0	100.00	0	0	0	0	0	0
1428601304696084796	CPU_0	0	0	0	100.00	0	0	0	0	0	0
1428601305312875019	CPU_0	0	0	1.61	98.38	0	0	0	0	0	0
1428601305929616617	CPU_0	0	0	0	100.00	0	0	0	0	0	0
1428601306552130418	CPU_0	1.61	0	0	98.38	0	0	0	0	0	0
1428601307169481891	CPU_0	0	0	0	100.00	0	0	0	0	0	0
1428601307787394696	CPU_0	5.08	0	1.69	93.22	0	0	0	0	0	0
1428601308403152878	CPU_0	0	0	0	100.00	0	0	0	0	0	0
1428601309017454812	CPU_0	0	0	0	98.36	0	1.63	0	0	0	0
1428601309684562027	CPU_0	0	0	0	100.00	0	0	0	0	0	0
1428601310300746584	CPU_0	0	0	0	98.38	0	1.61	0	0	0	0
1428601310915636892	CPU_0	0	0	1.61	98.38	0	0	0	0	0	0
1428601311531035908	CPU_0	1.63	0	0	98.36	0	0	0	0	0	0
1428601312152862126	CPU_0	0	0	1.61	96.77	1.61	0	0	0	0	0
1428601312769741473	CPU_0	0	0	0	95.31	0	3.12	1.56	0	0	0
1428601313385540780	CPU_0	0	0	0	100.00	0	0	0	0	0	0
1428601314001477754	CPU_0	0	0	1.63	98.36	0	0	0	0	0	0
1428601314618312560	CPU_0	0	0	0	100.00	0	0	0	0	0	0
1428601315241726235	CPU_0	0	0	0	100.00	0	0	0	0	0	0
1428601315858221457	CPU_0	0	0	0	100.00	0	0	0	0	0	0
1428601316474174056	CPU_0	0	0	0	100.00	0	0	0	0	0	0
1428601317090685904	CPU_0	0	0	1.47	88.23	0	1.47	8.82	0	0	0
1428601317713989662	CPU_0	0	0	0	100.00	0	0	0	0	0	0
1428601318330464551	CPU_0	0	0	1.63	98.36	0	0	0	0	0	0
1428601318946528066	CPU_0	0	0	0	100.00	0	0	0	0	0	0
1428601319562805122	CPU_0	0	0	0	95.31	0	4.68	0	0	0	0
1428601320178856054	CPU_0	0	0	1.63	98.36	0	0	0	0	0	0
1428601320801945103	CPU_0	0	0	0	100.00	0	0	0	0	0	0
1428601321417864910	CPU_0	0	0	1.63	98.36	0	0	0	0	0	0
1428601322034546007	CPU_0	0	0	0	100.00	0	0	0	0	0	0
1428601322651562521	CPU_0	0	0	0	100.00	0	0	0	0	0	0
1428601323275025070	CPU_0	0	0	1.61	98.38	0	0	0	0	0	0
1428601323893989749	CPU_0	0	0	0	100.00	0	0	0	0	0	0
1428601324510805679	CPU_0	0	0	0	100.00	0	0	0	0	0	0
1428601325127745526	CPU_0	0	0	0	100.00	0	0	0	0	0	0
1428601325745227414	CPU_0	0	0	0	100.00	0	0	0	0	0	0
1428601326367865756	CPU_0	0	0	1.61	98.38	0	0	0	0	0	0
1428601326985105811	CPU_0	0	0	0	98.38	0	1.61	0	0	0	0
1428601327602247741	CPU_0	0	0	0	100.00	0	0	0	0	0	0
1428601328219789629	CPU_0	0	0	0	100.00	0	0	0	0	0	0
1428601328837328350	CPU_0	0	0	1.63	98.36	0	0	0	0	0	0
1428601329460782357	CPU_0	0	0	0	98.41	0	1.58	0	0	0	0
1428601330077992995	CPU_0	0	0	1.61	98.38	0	0	0	0	0	0
1428601330695171550	CPU_0	0	0	0	100.00	0	0	0	0	0	0
1428601331312794146	CPU_0	0	0	1.61	98.38	0	0	0	0	0	0
1428601331936213403	CPU_0	0	0	0	96.82	0	3.17	0	0	0	0
1428601332553820874	CPU_0	0	0	1.61	98.38	0	0	0	0	0	0
1428601333170943054	CPU_0	0	0	0	100.00	0	0	0	0	0	0
1428601333788734983	CPU_0	0	0	0	100.00	0	0	0	0	0	0
1428601334406198079	CPU_0	0	0	0	100.00	0	0	0	0	0	0
1428601335030102044	CPU_0	0	0	1.58	98.41	0	0	0	0	0	0
1428601335647344223	CPU_0	0	0	0	100.00	0	0	0	0	0	0
1428601336265441735	CPU_0	0	0	0	100.00	0	0	0	0	0	0
1428601336882629790	CPU_0	0	0	0	98.38	0	1.61	0	0	0	0
1428601337506092005	CPU_0	0	0	0	100.00	0	0	0	0	0	0
1428601338123271560	CPU_0	0	0	1.47	89.70	0	8.82	0	0	0	0
1428601338740999738	CPU_0	0	0	0	100.00	0	0	0	0	0	0
1428601339358450459	CPU_0	0	0	0	100.00	0	0	0	0	0	0
1428601339976001847	CPU_0	0	0	0	100.00	0	0	0	0	0	0
1428601340600069894	CPU_0	0	0	1.58	98.41	0	0	0	0	0	0
1428601341217858198	CPU_0	0	0	1.63	98.36	0	0	0	0	0	0
1428601341836401126	CPU_0	0	0	0	98.38	1.61	0	0	0	0	0
1428601342454703263	CPU_0	0	0	1.61	98.38	0	0	0	0	0	0
1428601343078892893	CPU_0	0	0	0	100.00	0	0	0	0	0	0
1428601343697106946	CPU_0	1.66	0	0	98.33	0	0	0	0	0	0
1428601344315965541	CPU_0	0	0	1.69	98.30	0	0	0	0	0	0
1428601344934582468	CPU_0	11.66	0	0	88.33	0	0	0	0	0	0
1428601345552876980	CPU_0	0	0	0	100.00	0	0	0	0	0	0
1428601346177178568	CPU_0	0	0	0	100.00	0	0	0	0	0	0
1428601346796129579	CPU_0	0	0	1.66	98.33	0	0	0	0	0	0
1428601347414761548	CPU_0	0	0	0	96.82	0	3.17	0	0	0	0
1428601348033040185	CPU_0	0	0	1.61	98.38	0	0	0	0	0	0
1428601348657493940	CPU_0	0	0	0	100.00	0	0	0	0	0	0
1428601349276886825	CPU_0	3.27	0	1.63	95.08	0	0	0	0	0	0
1428601349895157628	CPU_0	0	0	0	100.00	0	0	0	0	0	0
1428601350513697014	CPU_0	0	0	1.61	98.38	0	0	0	0	0	0
1428601351132507274	CPU_0	0	0	0	100.00	0	0	0	0	0	0
1428601351758227945	CPU_0	0	0	0	100.00	0	0	0	0	0	0
1428601352377295122	CPU_0	0	0	0	96.82	1.58	1.58	0	0	0	0
1428601352996174715	CPU_0	0	0	1.61	98.38	0	0	0	0	0	0
1428601353614909309	CPU_0	0	0	0	100.00	0	0	0	0	0	0
1428601354240019022	CPU_0	0	0	0	100.00	0	0	0	0	0	0
1428601354859643490	CPU_0	0	0	0	98.36	0	1.63	0	0	0	0
1428601355478221375	CPU_0	0	0	0	100.00	0	0	0	0	0	0
1428601356096238386	CPU_0	0	0	0	100.00	0	0	0	0	0	0
1428601356714939897	CPU_0	0	0	0	100.00	0	0	0	0	0	0
1428601357340373817	CPU_0	0	0	1.56	96.87	0	1.56	0	0	0	0
1428601357958843161	CPU_0	0	0	0	100.00	0	0	0	0	0	0
1428601358577233505	CPU_0	0	0	0	100.00	0	0	0	0	0	0
1428601359195640432	CPU_0	0	0	0	100.00	0	0	0	0	0	0
1428601359820693895	CPU_0	0	0	1.58	96.82	0	1.58	0	0	0	0
1428601360439413613	CPU_0	0	0	0	100.00	0	0	0	0	0	0
1428601361057374624	CPU_0	0	0	0	100.00	0	0	0	0	0	0
1428601361676276718	CPU_0	0	0	0	100.00	0	0	0	0	0	0
1428601362295662560	CPU_0	0	0	0	98.38	0	1.61	0	0	0	0
1428601362920455940	CPU_0	0	0	0	100.00	0	0	0	0	0	0
1428601363539010116	CPU_0	0	0	1.61	98.38	0	0	0	0	0	0
1428601364157311752	CPU_0	0	0	0	100.00	0	0	0	0	0	0
1428601364776616053	CPU_0	0	0	0	98.38	0	1.61	0	0	0	0
1428601365401086182	CPU_0	0	0	0	100.00	0	0	0	0	0	0
1428601366019685151	CPU_0	0	0	1.58	96.82	0	1.58	0	0	0	0
1428601366638762869	CPU_0	1.61	0	0	98.38	0	0	0	0	0	0
1428601367258585877	CPU_0	0	0	1.63	98.36	0	0	0	0	0	0
1428601367877591637	CPU_0	0	0	0	100.00	0	0	0	0	0	0
1428601368502626057	CPU_0	0	0	0	92.53	0	7.46	0	0	0	0
1428601369121228026	CPU_0	0	0	0	100.00	0	0	0	0	0	0
1428601369740021202	CPU_0	0	0	1.61	98.38	0	0	0	0	0	0
1428601370359010003	CPU_0	0	0	0	100.00	0	0	0	0	0	0
1428601370983448340	CPU_0	0	0	0	100.00	0	0	0	0	0	0
1428601371601544976	CPU_0	0	0	0	100.00	0	0	0	0	0	0
1428601372220024777	CPU_0	0	0	0	100.00	0	0	0	0	0	0
1428601372838940662	CPU_0	0	0	0	100.00	0	0	0	0	0	0
1428601373457433088	CPU_0	0	0	0	100.00	0	0	0	0	0	0
1428601374082057884	CPU_0	0	0	0	100.00	0	0	0	0	0	0
1428601374700995476	CPU_0	0	0	0	100.00	0	0	0	0	0	0
1428601375319752527	CPU_0	0	0	1.61	98.38	0	0	0	0	0	0
1428601375939324328	CPU_0	0	0	0	100.00	0	0	0	0	0	0
1428601376563927456	CPU_0	0	0	0	100.00	0	0	0	0	0	0
1428601377182919382	CPU_0	0	0	0	100.00	0	0	0	0	0	0
1428601377801968100	CPU_0	0	0	1.61	98.38	0	0	0	0	0	0
1428601378421267567	CPU_0	0	0	0	100.00	0	0	0	0	0	0
1428601379039767076	CPU_0	0	0	0	100.00	0	0	0	0	0	0
1428601379665567745	CPU_0	0	0	0	100.00	0	0	0	0	0	0
1428601380284036546	CPU_0	0	0	1.61	98.38	0	0	0	0	0	0
1428601380904007721	CPU_0	0	0	0	98.38	0	1.61	0	0	0	0
1428601381523347855	CPU_0	0	0	0	100.00	0	0	0	0	0	0
1428601382148374982	CPU_0	0	0	0	98.38	1.61	0	0	0	0	0
1428601382768228240	CPU_0	0	0	0	98.38	0	0	1.61	0	0	0
1428601383389152872	CPU_0	0	0	1.58	96.82	0	1.58	0	0	0	0
1428601384008774089	CPU_0	0	0	0	100.00	0	0	0	0	0	0
1428601384628322097	CPU_0	0	0	0	100.00	0	0	0	0	0	0
1428601385253987308	CPU_0	0	0	0	96.82	0	3.17	0	0	0	0
1428601385874162107	CPU_0	0	0	1.61	98.38	0	0	0	0	0	0
1428601386492563158	CPU_0	0	0	0	100.00	0	0	0	0	0	0
1428601387111973958	CPU_0	0	0	0	100.00	0	0	0	0	0	0
1428601387737284627	CPU_0	0	0	0	100.00	0	0	0	0	0	0
1428601388357704842	CPU_0	0	0	0	98.38	0	0	1.61	0	0	0
1428601388976557226	CPU_0	0	0	1.61	98.38	0	0	0	0	0	0
1428601389596267109	CPU_0	0	0	0	100.00	0	0	0	0	0	0
1428601390215440325	CPU_0	0	0	0	93.84	0	6.15	0	0	0	0
1428601390841976118	CPU_0	0	0	0	100.00	0	0	0	0	0	0
1428601391460672627	CPU_0	0	0	0	100.00	0	0	0	0	0	0
1428601392080164927	CPU_0	0	0	1.61	98.38	0	0	0	0	0	0
1428601392698818310	CPU_0	0	0	0	100.00	0	0	0	0	0	0
1428601393324974478	CPU_0	0	0	1.58	98.41	0	0	0	0	0	0
1428601393944009195	CPU_0	0	0	0	100.00	0	0	0	0	0	0
1428601394563493119	CPU_0	0	0	0	100.00	0	0	0	0	0	0
1428601395182408419	CPU_0	0	0	0	100.00	0	0	0	0	0	0
1428601395801946927	CPU_0	0	0	0	100.00	0	0	0	0	0	0
1428601396427338887	CPU_0	0	0	0	100.00	0	0	0	0	0	0
1428601397047233061	CPU_0	0	0	0	98.38	1.61	0	0	0	0	0
1428601397665966611	CPU_0	0	0	0	100.00	0	0	0	0	0	0
1428601398286222785	CPU_0	0	0	0	100.00	0	0	0	0	0	0
1428601398912669952	CPU_0	0	0	1.42	88.57	0	1.42	8.57	0	0	0
1428601399532716792	CPU_0	0	0	0	100.00	0	0	0	0	0	0
1428601400152302133	CPU_0	0	0	0	100.00	0	0	0	0	0	0
1428601400772023516	CPU_0	0	0	0	100.00	0	0	0	0	0	0
1428601401391646898	CPU_0	0	0	1.58	96.82	0	1.58	0	0	0	0
1428601402017485816	CPU_0	0	0	0	100.00	0	0	0	0	0	0
1428601402636827073	CPU_0	0	0	0	100.00	0	0	0	0	0	0
1428601403256252456	CPU_0	0	0	0	100.00	0	0	0	0	0	0
1428601403876475921	CPU_0	0	0	1.58	98.41	0	0	0	0	0	0
1428601404502737880	CPU_0	0	0	0	100.00	0	0	0	0	0	0
1428601405121931512	CPU_0	0	0	0	98.38	0	1.61	0	0	0	0
1428601405741449853	CPU_0	0	0	0	100.00	0	0	0	0	0	0
1428601406361329526	CPU_0	0	0	0	100.00	0	0	0	0	0	0
1428601406986774944	CPU_0	0	0	0	100.00	0	0	0	0	0	0
1428601407608692699	CPU_0	0	0	0	98.38	0	1.61	0	0	0	0
1428601408228239539	CPU_0	1.61	0	1.61	96.77	0	0	0	0	0	0
1428601408848854545	CPU_0	0	0	0	100.00	0	0	0	0	0	0
1428601409468559677	CPU_0	0	0	0	98.38	0	1.61	0	0	0	0
1428601410094052803	CPU_0	1.61	0	0	98.38	0	0	0	0	0	0
1428601410713195477	CPU_0	0	0	0	100.00	0	0	0	0	0	0
1428601411332581776	CPU_0	0	0	1.61	98.38	0	0	0	0	0	0
1428601411952098950	CPU_0	0	0	0	93.75	1.56	4.68	0	0	0	0
1428601412579076824	CPU_0	0	0	0	100.00	0	0	0	0	0	0
1428601413199337289	CPU_0	0	0	0	100.00	0	0	0	0	0	0
1428601413818187838	CPU_0	0	0	0	100.00	0	0	0	0	0	0
1428601414439077427	CPU_0	0	0	0	100.00	0	0	0	0	0	0
1428601415058429642	CPU_0	0	0	1.63	98.36	0	0	0	0	0	0
1428601415684389101	CPU_0	0	0	0	100.00	0	0	0	0	0	0
1428601416303272691	CPU_0	0	0	0	100.00	0	0	0	0	0	0
1428601416922660115	CPU_0	0	0	0	98.33	1.66	0	0	0	0	0
1428601417541621081	CPU_0	0	0	0	100.00	0	0	0	0	0	0
1428601418167018540	CPU_0	0	0	0	98.38	0	1.61	0	0	0	0
1428601418786217880	CPU_0	0	0	0	100.00	0	0	0	0	0	0
1428601419406417094	CPU_0	0	0	0	98.33	0	1.66	0	0	0	0
1428601420025420476	CPU_0	0	0	1.61	98.38	0	0	0	0	0	0
1428601420645572941	CPU_0	0	0	0	100.00	0	0	0	0	0	0
1428601421270924525	CPU_0	0	0	0	98.38	0	1.61	0	0	0	0
1428601421891144780	CPU_0	0	0	1.61	98.38	0	0	0	0	0	0
1428601422510165787	CPU_0	0	0	0	100.00	0	0	0	0	0	0
1428601423130365418	CPU_0	0	0	0	100.00	0	0	0	0	0	0
1428601423755925377	CPU_0	0	0	0	98.41	0	1.58	0	0	0	0
1428601424376745048	CPU_0	0	0	0	100.00	0	0	0	0	0	0
1428601424996404221	CPU_0	0	0	0	100.00	0	0	0	0	0	0
1428601425616811893	CPU_0	0	0	1.61	98.38	0	0	0	0	0	0
1428601426235950442	CPU_0	0	0	0	98.38	0	1.61	0	0	0	0
1428601426863060149	CPU_0	0	0	0	100.00	0	0	0	0	0	0
1428601427482452530	CPU_0	0	0	0	100.00	0	0	0	0	0	0
1428601428102327452	CPU_0	0	0	1.61	98.38	0	0	0	0	0	0
1428601428721987250	CPU_0	0	0	0	98.38	0	1.61	0	0	0	0
1428601429348759999	CPU_0	0	0	1.58	98.41	0	0	0	0	0	0
1428601429969408212	CPU_0	0	0	0	100.00	0	0	0	0	0	0
1428601430590483092	CPU_0	0	0	0	100.00	0	0	0	0	0	0
1428601431210574306	CPU_0	0	0	0	98.38	0	1.61	0	0	0	0
1428601431831479685	CPU_0	0	0	1.58	98.41	0	0	0	0	0	0
1428601432458259934	CPU_0	0	0	0	100.00	0	0	0	0	0	0
1428601433078734439	CPU_0	0	0	0	98.38	0	1.61	0	0	0	0
1428601433698705528	CPU_0	0	0	0	100.00	0	0	0	0	0	0
1428601434319044699	CPU_0	0	0	1.61	98.38	0	0	0	0	0	0
1428601434945727031	CPU_0	0	0	0	100.00	0	0	0	0	0	0
1428601435566016286	CPU_0	0	0	1.58	96.82	0	1.58	0	0	0	0
1428601436185543709	CPU_0	0	0	0	100.00	0	0	0	0	0	0
1428601436806005964	CPU_0	0	0	0	100.00	0	0	0	0	0	0
1428601437432566546	CPU_0	0	0	0	100.00	0	0	0	0	0	0
1428601438055638215	CPU_0	0	0	0	98.38	0	1.61	0	0	0	0
1428601438675855678	CPU_0	0	0	1.58	98.41	0	0	0	0	0	0
1428601439296372682	CPU_0	0	0	0	95.31	0	4.68	0	0	0	0
1428601439917536478	CPU_0	0	0	1.61	98.38	0	0	0	0	0	0
1428601440544247935	CPU_0	0	0	0	100.00	0	0	0	0	0	0
1428601441164276398	CPU_0	0	0	0	100.00	0	0	0	0	0	0
1428601441784587986	CPU_0	0	0	0	100.00	0	0	0	0	0	0
1428601442405653324	CPU_0	0	0	1.58	96.82	1.58	0	0	0	0	0
1428601443031941281	CPU_0	0	0	0	100.00	0	0	0	0	0	0
1428601443652030952	CPU_0	0	0	1.61	98.38	0	0	0	0	0	0
1428601444272761331	CPU_0	0	0	0	100.00	0	0	0	0	0	0
1428601444893571919	CPU_0	0	0	0	100.00	0	0	0	0	0	0
1428601445513579465	CPU_0	0	0	0	100.00	0	0	0	0	0	0
1428601446140591880	CPU_0	0	0	1.61	98.38	0	0	0	0	0	0
1428601446761850633	CPU_0	0	0	0	100.00	0	0	0	0	0	0
1428601447382738012	CPU_0	0	0	0	98.36	0	1.63	0	0	0	0
1428601448003463391	CPU_0	0	0	0	100.00	0	0	0	0	0	0
1428601448630500306	CPU_0	0	0	0	100.00	0	0	0	0	0	0
1428601449251071351	CPU_0	0	0	0	100.00	0	0	0	0	0	0
1428601449871238814	CPU_0	0	0	1.58	96.82	0	1.58	0	0	0	0
1428601450491735360	CPU_0	0	0	0	100.00	0	0	0	0	0	0
1428601451112010156	CPU_0	0	0	0	100.00	0	0	0	0	0	0
1428601451738792237	CPU_0	0	0	1.58	98.41	0	0	0	0	0	0
1428601452358866491	CPU_0	0	0	0	96.77	1.61	1.61	0	0	0	0
1428601452979633704	CPU_0	0	0	0	100.00	0	0	0	0	0	0
1428601453599980291	CPU_0	0	0	0	100.00	0	0	0	0	0	0
1428601454227143622	CPU_0	0	0	1.58	98.41	0	0	0	0	0	0
1428601454847509876	CPU_0	0	0	0	98.38	0	1.61	0	0	0	0
1428601455468888504	CPU_0	0	0	0	100.00	0	0	0	0	0	0
1428601456089107091	CPU_0	0	0	0	100.00	0	0	0	0	0	0
1428601456711685218	CPU_0	0	0	1.58	96.82	0	1.58	0	0	0	0
1428601457336026676	CPU_0	0	0	0	100.00	0	0	0	0	0	0
1428601457957722595	CPU_0	0	0	0	100.00	0	0	0	0	0	0
1428601458577882850	CPU_0	0	0	1.61	98.38	0	0	0	0	0	0
1428601459198012062	CPU_0	0	0	1.58	96.82	0	1.58	0	0	0	0
1428601459824446310	CPU_0	0	0	0	100.00	0	0	0	0	0	0
1428601460446238062	CPU_0	0	0	0	95.38	0	0	4.61	0	0	0
1428601461067334982	CPU_0	0	0	0	100.00	0	0	0	0	0	0
1428601461688199860	CPU_0	0	0	0	98.38	0	1.61	0	0	0	0
1428601462315389023	CPU_0	0	0	0	100.00	0	0	0	0	0	0
1428601462937505400	CPU_0	0	0	0	100.00	0	0	0	0	0	0
1428601463558587653	CPU_0	1.58	0	3.17	93.65	0	1.58	0	0	0	0
1428601464180281864	CPU_0	0	0	0	98.36	0	1.63	0	0	0	0
1428601464801040159	CPU_0	8.19	0	0	90.16	0	1.63	0	0	0	0
1428601465429001946	CPU_0	0	0	0	100.00	0	0	0	0	0	0
1428601466049508491	CPU_0	0	0	0	96.87	0	3.12	0	0	0	0
1428601466670972744	CPU_0	0	0	1.61	98.38	0	0	0	0	0	0
1428601467291773080	CPU_0	0	0	0	100.00	0	0	0	0	0	0
1428601467919223743	CPU_0	0	0	1.58	98.41	0	0	0	0	0	0
1428601468540217704	CPU_0	0	0	0	100.00	0	0	0	0	0	0
1428601469161241790	CPU_0	3.22	0	1.61	95.16	0	0	0	0	0	0
1428601469781955460	CPU_0	0	0	0	100.00	0	0	0	0	0	0
1428601470403290879	CPU_0	0	0	0	100.00	0	0	0	0	0	0
1428601471030240001	CPU_0	0	0	0	100.00	0	0	0	0	0	0
1428601471651226753	CPU_0	0	0	0	98.41	0	1.58	0	0	0	0
1428601472272164256	CPU_0	0	0	0	98.36	1.63	0	0	0	0	0
1428601472892545634	CPU_0	0	0	0	100.00	0	0	0	0	0	0
1428601473520457588	CPU_0	0	0	1.58	98.41	0	0	0	0	0	0
1428601474141716299	CPU_0	0	0	0	98.38	0	1.61	0	0	0	0
1428601474762363510	CPU_0	0	0	0	100.00	0	0	0	0	0	0
1428601475383029971	CPU_0	0	0	0	100.00	0	0	0	0	0	0
1428601476010321509	CPU_0	0	0	1.58	98.41	0	0	0	0	0	0
1428601476631537386	CPU_0	0	0	0	98.38	0	1.61	0	0	0	0
1428601477252422597	CPU_0	0	0	0	96.77	1.61	1.61	0	0	0	0
1428601477874075348	CPU_0	0	0	0	100.00	0	0	0	0	0	0
1428601478496067225	CPU_0	0	0	0	100.00	0	0	0	0	0	0
1428601479123848595	CPU_0	0	0	0	100.00	0	0	0	0	0	0
1428601479744961347	CPU_0	0	0	0	95.31	0	4.68	0	0	0	0
1428601480365939599	CPU_0	0	0	0	100.00	0	0	0	0	0	0
1428601480987487226	CPU_0	0	0	1.61	98.38	0	0	0	0	0	0
1428601481615255263	CPU_0	0	0	0	100.00	0	0	0	0	0	0
1428601482236643223	CPU_0	0	0	0	100.00	0	0	0	0	0	0
1428601482857725225	CPU_0	0	0	0	100.00	0	0	0	0	0	0
1428601483479620310	CPU_0	0	0	0	100.00	0	0	0	0	0	0
1428601484101701311	CPU_0	0	0	1.61	98.38	0	0	0	0	0	0
1428601484727135058	CPU_0	0	0	0	100.00	0	0	0	0	0	0
1428601485348000519	CPU_0	0	0	0	100.00	0	0	0	0	0	0
1428601485969058395	CPU_0	0	0	0	100.00	0	0	0	0	0	0
1428601486589808148	CPU_0	0	0	1.58	98.41	0	0	0	0	0	0
1428601487216409269	CPU_0	0	0	0	100.00	0	0	0	0	0	0
1428601487837058979	CPU_0	0	0	0	98.38	0	1.61	0	0	0	0
1428601488458378231	CPU_0	0	0	1.58	98.41	0	0	0	0	0	0
1428601489079131025	CPU_0	0	0	0	98.36	0	1.63	0	0	0	0
1428601489705708312	CPU_0	0	0	0	100.00	0	0	0	0	0	0
1428601490326358481	CPU_0	0	0	0	100.00	0	0	0	0	0	0
1428601490948405690	CPU_0	0	0	0	100.00	0	0	0	0	0	0
1428601491569414650	CPU_0	0	0	1.61	98.38	0	0	0	0	0	0
1428601492190300027	CPU_0	0	0	0	100.00	0	0	0	0	0	0
1428601492817199023	CPU_0	0	0	0	98.41	0	1.58	0	0	0	0
1428601493438252566	CPU_0	0	0	0	100.00	0	0	0	0	0	0
1428601494059763817	CPU_0	0	0	0	100.00	0	0	0	0	0	0
1428601494680651944	CPU_0	0	0	1.61	98.38	0	0	0	0	0	0
1428601495308147022	CPU_0	0	0	0	95.38	0	1.53	3.07	0	0	0
1428601495929260982	CPU_0	0	0	0	100.00	0	0	0	0	0	0
1428601496551468898	CPU_0	0	0	1.58	98.41	0	0	0	0	0	0
1428601497172848941	CPU_0	0	0	0	95.23	0	4.76	0	0	0	0
1428601497794480400	CPU_0	0	0	1.58	98.41	0	0	0	0	0	0
1428601498420597563	CPU_0	0	0	0	100.00	0	0	0	0	0	0
1428601499043043563	CPU_0	0	0	0	100.00	0	0	0	0	0	0
1428601499664036064	CPU_0	0	0	1.61	98.38	0	0	0	0	0	0
1428601500285191024	CPU_0	0	0	0	100.00	0	0	0	0	0	0
1428601500912763810	CPU_0	0	0	0	100.00	0	0	0	0	0	0
1428601501535161393	CPU_0	0	0	1.61	98.38	0	0	0	0	0	0
1428601502156308019	CPU_0	0	0	0	100.00	0	0	0	0	0	0
1428601502777928853	CPU_0	0	0	0	100.00	0	0	0	0	0	0
1428601503405356848	CPU_0	0	0	1.53	95.38	0	3.07	0	0	0	0
1428601504027397014	CPU_0	0	0	1.61	98.38	0	0	0	0	0	0
1428601504648402474	CPU_0	0	0	0	100.00	0	0	0	0	0	0
1428601505270263641	CPU_0	0	0	0	100.00	0	0	0	0	0	0
1428601505891028809	CPU_0	0	0	0	100.00	0	0	0	0	0	0
1428601506519991427	CPU_0	0	0	1.58	98.41	0	0	0	0	0	0
1428601507140664178	CPU_0	0	0	0	98.36	1.63	0	0	0	0	0
1428601507762996886	CPU_0	0	0	0	100.00	0	0	0	0	0	0
1428601508384075303	CPU_0	0	0	0	100.00	0	0	0	0	0	0
1428601509012962088	CPU_0	0	0	1.58	98.41	0	0	0	0	0	0
1428601509634734963	CPU_0	0	0	0	98.36	0	1.63	0	0	0	0
1428601510256517213	CPU_0	0	0	1.61	98.38	0	0	0	0	0	0
1428601510878146338	CPU_0	0	0	0	100.00	0	0	0	0	0	0
1428601511506736456	CPU_0	0	0	0	98.38	0	1.61	0	0	0	0
1428601512130638287	CPU_0	0	0	0	100.00	0	0	0	0	0	0
1428601512752104246	CPU_0	0	0	0	100.00	0	0	0	0	0	0
1428601513373022830	CPU_0	0	0	0	98.38	0	1.61	0	0	0	0
1428601513995513204	CPU_0	0	0	0	100.00	0	0	0	0	0	0
1428601514622990031	CPU_0	0	0	0	95.38	0	4.61	0	0	0	0
1428601515244667490	CPU_0	0	0	0	100.00	0	0	0	0	0	0
1428601515865397365	CPU_0	0	0	0	98.41	0	0	1.58	0	0	0
1428601516487853114	CPU_0	0	0	0	100.00	0	0	0	0	0	0
1428601517115255650	CPU_0	0	0	1.61	98.38	0	0	0	0	0	0
1428601517736347567	CPU_0	0	0	0	100.00	0	0	0	0	0	0
1428601518357924984	CPU_0	0	0	0	100.00	0	0	0	0	0	0
1428601518979973816	CPU_0	0	0	0	100.00	0	0	0	0	0	0
1428601519601596483	CPU_0	0	0	0	100.00	0	0	0	0	0	0
1428601520229188601	CPU_0	0	0	0	100.00	0	0	0	0	0	0
1428601520850565685	CPU_0	0	0	0	95.31	0	0	4.68	0	0	0
1428601521472904975	CPU_0	0	0	0	100.00	0	0	0	0	0	0
1428601522094793016	CPU_0	0	0	3.17	96.82	0	0	0	0	0	0
1428601522722595510	CPU_0	0	0	0	98.41	0	1.58	0	0	0	0
1428601523344370509	CPU_0	0	0	0	100.00	0	0	0	0	0	0
1428601523966012092	CPU_0	0	0	1.58	98.41	0	0	0	0	0	0
1428601524588015466	CPU_0	0	0	0	100.00	0	0	0	0	0	0
1428601525216901041	CPU_0	0	0	1.56	96.87	0	1.56	0	0	0	0
1428601525839301873	CPU_0	0	0	0	100.00	0	0	0	0	0	0
1428601526461620039	CPU_0	0	0	0	100.00	0	0	0	0	0	0
1428601527084486370	CPU_0	0	0	0	100.00	0	0	0	0	0	0
1428601527706144536	CPU_0	0	0	0	98.38	0	1.61	0	0	0	0
1428601528334550279	CPU_0	1.61	0	1.61	96.77	0	0	0	0	0	0
1428601528956642444	CPU_0	0	0	0	100.00	0	0	0	0	0	0
1428601529579430234	CPU_0	0	0	0	100.00	0	0	0	0	0	0
1428601530201494483	CPU_0	0	0	0	98.38	0	1.61	0	0	0	0
1428601530829374934	CPU_0	0	0	1.58	98.41	0	0	0	0	0	0
1428601531451293975	CPU_0	0	0	1.58	96.82	0	1.58	0	0	0	0
1428601532073456098	CPU_0	0	0	0	100.00	0	0	0	0	0	0
1428601532695613763	CPU_0	0	0	0	100.00	0	0	0	0	0	0
1428601533322918007	CPU_0	0	0	0	100.00	0	0	0	0	0	0
1428601533947665461	CPU_0	0	0	0	100.00	0	0	0	0	0	0
1428601534569314710	CPU_0	0	0	0	98.38	0	1.61	0	0	0	0
1428601535191085292	CPU_0	0	0	0	100.00	0	0	0	0	0	0
1428601535811935084	CPU_0	0	0	0	100.00	0	0	0	0	0	0
1428601536440253159	CPU_0	0	0	0	100.00	0	0	0	0	0	0
1428601537061836283	CPU_0	0	0	0	96.82	1.58	1.58	0	0	0	0
1428601537684345823	CPU_0	0	0	1.61	98.38	0	0	0	0	0	0
1428601538305721447	CPU_0	0	0	0	100.00	0	0	0	0	0	0
1428601538934205814	CPU_0	0	0	0	100.00	0	0	0	0	0	0
1428601539557247936	CPU_0	0	0	0	98.38	0	1.61	0	0	0	0
1428601540179285101	CPU_0	0	0	0	100.00	0	0	0	0	0	0
1428601540801480099	CPU_0	0	0	0	98.38	0	1.61	0	0	0	0
1428601541423916555	CPU_0	0	0	1.61	98.38	0	0	0	0	0	0
1428601542052842130	CPU_0	0	0	0	100.00	0	0	0	0	0	0
1428601542675675461	CPU_0	0	0	1.58	96.82	0	1.58	0	0	0	0
1428601543297426293	CPU_0	0	0	0	100.00	0	0	0	0	0	0
1428601543920079624	CPU_0	0	0	1.58	98.41	0	0	0	0	0	0
1428601544549116073	CPU_0	0	0	0	100.00	0	0	0	0	0	0
1428601545172050029	CPU_0	0	0	0	100.00	0	0	0	0	0	0
1428601545793579819	CPU_0	0	0	0	96.87	0	3.12	0	0	0	0
1428601546415997650	CPU_0	0	0	1.61	98.38	0	0	0	0	0	0
1428601547044249683	CPU_0	0	0	0	100.00	0	0	0	0	0	0
1428601547666877639	CPU_0	0	0	0	100.00	0	0	0	0	0	0
1428601548288447679	CPU_0	0	0	0	100.00	0	0	0	0	0	0
1428601548910906135	CPU_0	0	0	0	100.00	0	0	0	0	0	0
1428601549533556799	CPU_0	0	0	1.61	98.38	0	0	0	0	0	0
1428601550162474123	CPU_0	0	0	0	100.00	0	0	0	0	0	0
1428601550784710079	CPU_0	0	0	1.58	96.82	0	1.58	0	0	0	0
1428601551407356785	CPU_0	0	0	0	98.38	0	0	1.61	0	0	0
1428601552030473990	CPU_0	0	0	0	100.00	0	0	0	0	0	0
1428601552659203856	CPU_0	0	0	0	98.41	0	1.58	0	0	0	0
1428601553281104395	CPU_0	0	0	1.58	98.41	0	0	0	0	0	0
1428601553903520643	CPU_0	0	0	0	96.82	0	3.17	0	0	0	0
1428601554525687182	CPU_0	0	0	1.61	98.38	0	0	0	0	0	0
1428601555153891548	CPU_0	0	0	0	100.00	0	0	0	0	0	0
1428601555775566130	CPU_0	0	0	0	100.00	0	0	0	0	0	0
1428601556397942210	CPU_0	0	0	0	100.00	0	0	0	0	0	0
1428601557020143791	CPU_0	0	0	0	100.00	0	0	0	0	0	0
1428601557643900453	CPU_0	0	0	0	98.36	1.63	0	0	0	0	0
1428601558272572194	CPU_0	0	0	1.58	98.41	0	0	0	0	0	0
1428601558895602024	CPU_0	0	0	0	100.00	0	0	0	0	0	0
1428601559517264647	CPU_0	0	0	0	100.00	0	0	0	0	0	0
1428601560140681601	CPU_0	0	0	0	98.38	0	1.61	0	0	0	0
1428601560769202759	CPU_0	0	0	0	100.00	0	0	0	0	0	0
1428601561391555631	CPU_0	0	0	1.61	98.38	0	0	0	0	0	0
1428601562013404878	CPU_0	0	0	1.58	96.82	0	1.58	0	0	0	0
1428601562636158542	CPU_0	0	0	0	100.00	0	0	0	0	0	0
1428601563263443742	CPU_0	0	0	1.58	98.41	0	0	0	0	0	0
1428601563889224819	CPU_0	0	0	0	100.00	0	0	0	0	0	0
1428601564510419400	CPU_0	0	0	0	98.38	0	1.61	0	0	0	0
1428601565133513896	CPU_0	0	0	0	100.00	0	0	0	0	0	0
1428601565755262935	CPU_0	0	0	1.61	98.38	0	0	0	0	0	0
1428601566384596092	CPU_0	0	0	0	96.87	0	3.12	0	0	0	0
1428601567006254423	CPU_0	0	0	0	98.38	0	0	1.61	0	0	0
1428601567629818001	CPU_0	0	0	0	100.00	0	0	0	0	0	0
1428601568250758958	CPU_0	0	0	0	100.00	0	0	0	0	0	0
1428601568879944823	CPU_0	0	0	1.58	98.41	0	0	0	0	0	0
1428601569501971070	CPU_0	0	0	0	100.00	0	0	0	0	0	0
1428601570125575190	CPU_0	0	0	0	100.00	0	0	0	0	0	0
1428601570747499145	CPU_0	0	0	0	100.00	0	0	0	0	0	0
1428601571370507141	CPU_0	0	0	1.56	96.87	0	1.56	0	0	0	0
1428601571997910924	CPU_0	0	0	0	100.00	0	0	0	0	0	0
1428601572621019170	CPU_0	0	0	0	98.38	0	0	1.61	0	0	0
1428601573242140501	CPU_0	0	0	0	100.00	0	0	0	0	0	0
1428601573865764121	CPU_0	0	0	0	98.38	0	1.61	0	0	0	0
1428601574493167613	CPU_0	0	0	0	100.00	0	0	0	0	0	0
1428601575116796275	CPU_0	0	0	0	100.00	0	0	0	0	0	0
1428601575737782481	CPU_0	0	0	0	98.38	0	1.61	0	0	0	0
1428601576360147560	CPU_0	0	0	0	100.00	0	0	0	0	0	0
1428601576987747051	CPU_0	0	0	0	100.00	0	0	0	0	0	0
1428601577611549421	CPU_0	0	0	0	98.36	1.63	0	0	0	0	0
1428601578233950626	CPU_0	0	0	0	95.38	0	4.61	0	0	0	0
1428601578856605955	CPU_0	0	0	1.61	98.38	0	0	0	0	0	0
1428601579478682368	CPU_0	0	0	0	100.00	0	0	0	0	0	0
1428601580109073398	CPU_0	0	0	0	100.00	0	0	0	0	0	0
1428601580731203978	CPU_0	0	0	0	100.00	0	0	0	0	0	0
1428601581354234890	CPU_0	0	0	0	100.00	0	0	0	0	0	0
1428601581976229511	CPU_0	0	0	0	100.00	0	0	0	0	0	0
1428601582606173333	CPU_0	0	0	1.61	98.38	0	0	0	0	0	0
1428601583228221829	CPU_0	0	0	3.17	96.82	0	0	0	0	0	0
1428601583851385783	CPU_0	0	0	3.27	95.08	0	1.63	0	0	0	0
1428601584473468487	CPU_0	0	0	0	96.77	0	3.22	0	0	0	0
1428601585103242351	CPU_0	11.11	0	1.58	87.30	0	0	0	0	0	0
1428601585725552972	CPU_0	0	0	0	100.00	0	0	0	0	0	0
1428601586348035217	CPU_0	0	0	0	100.00	0	0	0	0	0	0
1428601586970443130	CPU_0	0	0	0	98.38	0	0	1.61	0	0	0
1428601587593680458	CPU_0	0	0	0	96.82	1.58	1.58	0	0	0	0
1428601588222005865	CPU_0	0	0	0	100.00	0	0	0	0	0	0
1428601588844783068	CPU_0	0	0	0	100.00	0	0	0	0	0	0
1428601589467510272	CPU_0	3.17	0	1.58	93.65	0	1.58	0	0	0	0
1428601590091751766	CPU_0	1.61	0	0	98.38	0	0	0	0	0	0
1428601590721061963	CPU_0	0	0	0	98.41	0	1.58	0	0	0	0
1428601591344640790	CPU_0	0	0	0	100.00	0	0	0	0	0	0
1428601591967346661	CPU_0	0	0	1.53	93.84	0	0	4.61	0	0	0
1428601592591705571	CPU_0	0	0	0	100.00	0	0	0	0	0	0
1428601593221982767	CPU_0	0	0	0	100.00	0	0	0	0	0	0
1428601593845625344	CPU_0	0	0	0	98.38	0	1.61	0	0	0	0
1428601594467984840	CPU_0	0	0	0	100.00	0	0	0	0	0	0
1428601595091198876	CPU_0	0	0	0	100.00	0	0	0	0	0	0
1428601595713844080	CPU_0	0	0	0	98.38	0	1.61	0	0	0	0
1428601596343325818	CPU_0	0	0	0	100.00	0	0	0	0	0	0
1428601596965728480	CPU_0	0	0	0	100.00	0	0	0	0	0	0
1428601597589363516	CPU_0	0	0	0	100.00	0	0	0	0	0	0
1428601598211731303	CPU_0	0	0	1.56	96.87	0	1.56	0	0	0	0
1428601598841437499	CPU_0	0	0	0	100.00	0	0	0	0	0	0
1428601599464120160	CPU_0	0	0	0	100.00	0	0	0	0	0	0
1428601600087623780	CPU_0	0	0	0	100.00	0	0	0	0	0	0
1428601600710569066	CPU_0	0	0	1.56	96.87	0	1.56	0	0	0	0
1428601601341322177	CPU_0	0	0	0	98.41	0	1.58	0	0	0	0
1428601601964218380	CPU_0	0	0	0	100.00	0	0	0	0	0	0
1428601602588776207	CPU_0	0	0	0	100.00	0	0	0	0	0	0
1428601603211543826	CPU_0	0	0	0	100.00	0	0	0	0	0	0
1428601603834674446	CPU_0	0	0	1.61	98.38	0	0	0	0	0	0
1428601604464001309	CPU_0	0	0	1.58	98.41	0	0	0	0	0	0
1428601605087562927	CPU_0	0	0	0	98.38	0	1.61	0	0	0	0
1428601605711654504	CPU_0	0	0	0	100.00	0	0	0	0	0	0
1428601606335305998	CPU_0	0	0	0	100.00	0	0	0	0	0	0
1428601606964592652	CPU_0	0	0	0	100.00	0	0	0	0	0	0
1428601607587524938	CPU_0	0	0	1.58	96.82	0	1.58	0	0	0	0
1428601608211561140	CPU_0	0	0	0	100.00	0	0	0	0	0	0
1428601608834758467	CPU_0	0	0	1.61	98.38	0	0	0	0	0	0
1428601609463595247	CPU_0	0	0	0	100.00	0	0	0	0	0	0
1428601610086096950	CPU_0	0	0	0	98.38	0	1.61	0	0	0	0
1428601610709590610	CPU_0	0	0	0	100.00	0	0	0	0	0	0
1428601611332291605	CPU_0	0	0	1.63	98.36	0	0	0	0	0	0
1428601611954789141	CPU_0	0	0	0	98.38	0	1.61	0	0	0	0
1428601612584240253	CPU_0	0	0	0	98.41	1.58	0	0	0	0	0
1428601613207611122	CPU_0	0	0	1.53	93.84	0	4.61	0	0	0	0
1428601613830432283	CPU_0	0	0	0	100.00	0	0	0	0	0	0
1428601614452643152	CPU_0	0	0	0	100.00	0	0	0	0	0	0
1428601615081851182	CPU_0	0	0	0	100.00	0	0	0	0	0	0
1428601615704668134	CPU_0	0	0	0	100.00	0	0	0	0	0	0
1428601616327135045	CPU_0	0	0	1.61	98.38	0	0	0	0	0	0
1428601616948979499	CPU_0	0	0	0	100.00	0	0	0	0	0	0
1428601617582595815	CPU_0	0	0	1.61	98.38	0	0	0	0	0	0
1428601618206411891	CPU_0	0	0	0	100.00	0	0	0	0	0	0
1428601618829417177	CPU_0	0	0	1.61	98.38	0	0	0	0	0	0
1428601619452017629	CPU_0	0	0	0	100.00	0	0	0	0	0	0
1428601620075225914	CPU_0	0	0	0	100.00	0	0	0	0	0	0
1428601620705684984	CPU_0	0	0	0	100.00	0	0	0	0	0	0
1428601621328537769	CPU_0	0	0	0	100.00	0	0	0	0	0	0
1428601621951942887	CPU_0	1.56	0	1.56	95.31	0	1.56	0	0	0	0
1428601622575311380	CPU_0	0	0	0	98.36	1.63	0	0	0	0	0
1428601623205164367	CPU_0	0	0	0	100.00	0	0	0	0	0	0
1428601623827490028	CPU_0	0	0	1.58	96.82	0	1.58	0	0	0	0
1428601624449833397	CPU_0	0	0	0	100.00	0	0	0	0	0	0
1428601625072257266	CPU_0	0	0	0	100.00	0	0	0	0	0	0
1428601625704840791	CPU_0	0	0	0	100.00	0	0	0	0	0	0
1428601626327153327	CPU_0	0	0	1.49	91.04	0	7.46	0	0	0	0
1428601626949858196	CPU_0	0	0	0	100.00	0	0	0	0	0	0
1428601627572138190	CPU_0	0	0	0	100.00	0	0	0	0	0	0
1428601628195924016	CPU_0	0	0	0	98.41	0	0	1.58	0	0	0
1428601628825024169	CPU_0	0	0	0	100.00	0	0	0	0	0	0
1428601629447974038	CPU_0	0	0	1.61	98.38	0	0	0	0	0	0
1428601630070714031	CPU_0	0	0	0	100.00	0	0	0	0	0	0
1428601630694810357	CPU_0	0	0	0	100.00	0	0	0	0	0	0
1428601631324344635	CPU_0	0	0	0	100.00	0	0	0	0	0	0
1428601631947457128	CPU_0	0	0	0	100.00	0	0	0	0	0	0
1428601632570412704	CPU_0	0	0	1.61	98.38	0	0	0	0	0	0
1428601633194884279	CPU_0	0	0	0	100.00	0	0	0	0	0	0
1428601633827457387	CPU_0	0	0	0	100.00	0	0	0	0	0	0
1428601634450789464	CPU_0	0	0	0	100.00	0	0	0	0	0	0
1428601635074057581	CPU_0	0	0	0	100.00	0	0	0	0	0	0
1428601635697952740	CPU_0	0	0	1.61	98.38	0	0	0	0	0	0
1428601636321598232	CPU_0	0	0	0	100.00	0	0	0	0	0	0
1428601636951282593	CPU_0	0	0	1.58	98.41	0	0	0	0	0	0
1428601637575441918	CPU_0	0	0	0	98.38	0	1.61	0	0	0	0
1428601638200054701	CPU_0	0	0	1.58	96.82	0	0	1.58	0	0	0
1428601638824491776	CPU_0	0	0	0	100.00	0	0	0	0	0	0
1428601639454429803	CPU_0	0	0	0	100.00	0	0	0	0	0	0
1428601640077998254	CPU_0	0	0	0	96.82	0	3.17	0	0	0	0
1428601640702034662	CPU_0	0	0	0	100.00	0	0	0	0	0	0
1428601641325628696	CPU_0	0	0	1.61	98.38	0	0	0	0	0	0
1428601641954567266	CPU_0	0	0	0	100.00	0	0	0	0	0	0
1428601642578479508	CPU_0	0	0	0	100.00	0	0	0	0	0	0
1428601643202334916	CPU_0	0	0	0	100.00	0	0	0	0	0	0
1428601643826183741	CPU_0	0	0	1.61	98.38	0	0	0	0	0	0
1428601644449475400	CPU_0	0	0	0	100.00	0	0	0	0	0	0
1428601645079178844	CPU_0	0	0	0	98.38	0	1.61	0	0	0	0
1428601645703677335	CPU_0	0	0	0	100.00	0	0	0	0	0	0
1428601646327161369	CPU_0	0	0	1.58	98.41	0	0	0	0	0	0
1428601646950172028	CPU_0	0	0	0	100.00	0	0	0	0	0	0
1428601647580404013	CPU_0	0	0	0	98.38	0	1.61	0	0	0	0
1428601648204085255	CPU_0	1.61	0	0	98.38	0	0	0	0	0	0
1428601648827867413	CPU_0	0	0	0	98.38	0	0	1.61	0	0	0
1428601649451171322	CPU_0	0	0	0	98.41	0	1.58	0	0	0	0
1428601650080598474	CPU_0	0	0	1.58	98.41	0	0	0	0	0	0
1428601650704169299	CPU_0	0	0	0	96.82	0	3.17	0	0	0	0
1428601651327451416	CPU_0	0	0	0	100.00	0	0	0	0	0	0
1428601651950472950	CPU_0	0	0	0	100.00	0	0	0	0	0	0
1428601652576227523	CPU_0	0	0	0	98.38	1.61	0	0	0	0	0
1428601653204719467	CPU_0	0	0	0	100.00	0	0	0	0	0	0
1428601653829521249	CPU_0	0	0	1.51	92.42	0	0	6.06	0	0	0
1428601654452531533	CPU_0	0	0	0	100.00	0	0	0	0	0	0
1428601655076561274	CPU_0	0	0	1.61	98.38	0	0	0	0	0	0
1428601655706302884	CPU_0	0	0	0	100.00	0	0	0	0	0	0
1428601656329858501	CPU_0	0	0	0	98.41	0	1.58	0	0	0	0
1428601656952980868	CPU_0	0	0	0	100.00	0	0	0	0	0	0
1428601657576892109	CPU_0	0	0	0	100.00	0	0	0	0	0	0
1428601658207529635	CPU_0	0	0	1.56	96.87	0	1.56	0	0	0	0
1428601658831577500	CPU_0	0	0	0	100.00	0	0	0	0	0	0
1428601659455452991	CPU_0	0	0	0	100.00	0	0	0	0	0	0
1428601660079625399	CPU_0	0	0	0	100.00	0	0	0	0	0	0
1428601660710263758	CPU_0	0	0	0	98.41	0	1.58	0	0	0	0
1428601661334412248	CPU_0	0	0	0	100.00	0	0	0	0	0	0
1428601661957898281	CPU_0	0	0	0	100.00	0	0	0	0	0	0
1428601662581904355	CPU_0	0	0	0	98.41	1.58	0	0	0	0	0
1428601663206603095	CPU_0	0	0	0	98.38	0	1.61	0	0	0	0
1428601663837007038	CPU_0	0	0	0	100.00	0	0	0	0	0	0
1428601664461083403	CPU_0	0	0	1.58	98.41	0	0	0	0	0	0
1428601665085141602	CPU_0	0	0	1.58	96.82	0	1.58	0	0	0	0
1428601665710089175	CPU_0	0	0	0	100.00	0	0	0	0	0	0
1428601666340486284	CPU_0	0	0	0	100.00	0	0	0	0	0	0
1428601666964347692	CPU_0	0	0	0	100.00	0	0	0	0	0	0
1428601667588072391	CPU_0	0	0	0	98.38	0	1.61	0	0	0	0
1428601668212547589	CPU_0	0	0	0	100.00	0	0	0	0	0	0
1428601668843200989	CPU_0	0	0	0	98.41	0	1.58	0	0	0	0
1428601669467479938	CPU_0	0	0	1.61	98.38	0	0	0	0	0	0
1428601670092152928	CPU_0	0	0	0	100.00	0	0	0	0	0	0
1428601670717717125	CPU_0	0	0	1.61	98.38	0	0	0	0	0	0
1428601671348115150	CPU_0	0	0	0	100.00	0	0	0	0	0	0
1428601671974612680	CPU_0	0	0	1.58	98.41	0	0	0	0	0	0
1428601672598875628	CPU_0	1.58	0	0	96.82	0	1.58	0	0	0	0
1428601673223250993	CPU_0	0	0	0	100.00	0	0	0	0	0	0
1428601673847235525	CPU_0	0	0	0	100.00	0	0	0	0	0	0
1428601674477211092	CPU_0	0	0	0	100.00	0	0	0	0	0	0
1428601675101332540	CPU_0	0	0	0	98.41	0	1.58	0	0	0	0
1428601675725101947	CPU_0	0	0	0	100.00	0	0	0	0	0	0
1428601676349174562	CPU_0	0	0	0	95.38	0	4.61	0	0	0	0
1428601676979522213	CPU_0	0	0	0	100.00	0	0	0	0	0	0
1428601677603754536	CPU_0	0	0	0	100.00	0	0	0	0	0	0
1428601678227987567	CPU_0	0	0	1.61	98.38	0	0	0	0	0	0
1428601678852430182	CPU_0	0	0	0	100.00	0	0	0	0	0	0
1428601679482407582	CPU_0	0	0	0	100.00	0	0	0	0	0	0
1428601680106550530	CPU_0	0	0	0	100.00	0	0	0	0	0	0
1428601680731794352	CPU_0	0	0	0	100.00	0	0	0	0	0	0
1428601681356144467	CPU_0	0	0	0	100.00	0	0	0	0	0	0
1428601681980151665	CPU_0	0	0	1.61	98.38	0	0	0	0	0	0
1428601682610021607	CPU_0	0	0	1.61	98.38	0	0	0	0	0	0
1428601683235086138	CPU_0	0	0	0	100.00	0	0	0	0	0	0
1428601683859788710	CPU_0	0	0	0	98.38	0	1.61	0	0	0	0
1428601684483675408	CPU_0	0	0	0	100.00	0	0	0	0	0	0
1428601685114231558	CPU_0	0	0	1.58	98.41	0	0	0	0	0	0
1428601685740043337	CPU_0	0	0	0	100.00	0	0	0	0	0	0
1428601686364654160	CPU_0	0	0	0	93.93	0	6.06	0	0	0	0
1428601686989237024	CPU_0	0	0	1.58	98.41	0	0	0	0	0	0
1428601687619711590	CPU_0	1.58	0	0	96.82	1.58	0	0	0	0	0
1428601688244949870	CPU_0	0	0	0	100.00	0	0	0	0	0	0
1428601688869221859	CPU_0	0	0	0	100.00	0	0	0	0	0	0
1428601689493250599	CPU_0	0	0	1.61	98.38	0	0	0	0	0	0
1428601690119293961	CPU_0	0	0	0	100.00	0	0	0	0	0	0
1428601690749233819	CPU_0	0	0	1.58	98.41	0	0	0	0	0	0
1428601691373135309	CPU_0	0	0	0	100.00	0	0	0	0	0	0
1428601691997501340	CPU_0	0	0	0	100.00	0	0	0	0	0	0
1428601692621895495	CPU_0	0	0	1.61	98.38	0	0	0	0	0	0
1428601693252753561	CPU_0	0	0	0	100.00	0	0	0	0	0	0
1428601693877339425	CPU_0	0	0	0	100.00	0	0	0	0	0	0
1428601694502017330	CPU_0	0	0	0	96.82	0	3.17	0	0	0	0
1428601695126079527	CPU_0	0	0	0	100.00	0	0	0	0	0	0
1428601695757504676	CPU_0	0	0	0	98.41	0	0	1.58	0	0	0
1428601696381856040	CPU_0	0	0	0	100.00	0	0	0	0	0	0
1428601697006119653	CPU_0	0	0	0	100.00	0	0	0	0	0	0
1428601697630901517	CPU_0	0	0	1.58	96.82	1.58	0	0	0	0	0
1428601698261922749	CPU_0	0	0	0	100.00	0	0	0	0	0	0
1428601698886853528	CPU_0	0	0	0	100.00	0	0	0	0	0	0
1428601699511765892	CPU_0	0	0	0	100.00	0	0	0	0	0	0
1428601700136392297	CPU_0	0	0	0	100.00	0	0	0	0	0	0
1428601700761794826	CPU_0	0	0	0	98.38	0	1.61	0	0	0	0
1428601701392681808	CPU_0	0	0	1.58	98.41	0	0	0	0	0	0
1428601702018052754	CPU_0	0	0	0	100.00	0	0	0	0	0	0
1428601702643273658	CPU_0	0	0	1.58	96.82	0	1.58	0	0	0	0
1428601703269019145	CPU_0	1.61	0	1.61	96.77	0	0	0	0	0	0
1428601703900743834	CPU_0	0	0	1.61	96.77	0	1.61	0	0	0	0
1428601704525885697	CPU_0	4.76	0	1.58	88.88	0	1.58	3.17	0	0	0
1428601705150689643	CPU_0	1.58	0	1.58	95.23	0	1.58	0	0	0	0
1428601705776273381	CPU_0	0	0	0	100.00	0	0	0	0	0	0
1428601706407495570	CPU_0	0	0	1.58	98.41	0	0	0	0	0	0
1428601707032514016	CPU_0	0	0	0	100.00	0	0	0	0	0	0
1428601707657303754	CPU_0	0	0	0	98.38	0	1.61	0	0	0	0
1428601708282872324	CPU_0	0	0	0	93.93	0	6.06	0	0	0	0
1428601708916507678	CPU_0	0	0	0	100.00	0	0	0	0	0	0
1428601709541693041	CPU_0	1.58	0	3.17	95.23	0	0	0	0	0	0
1428601710166179945	CPU_0	0	0	0	100.00	0	0	0	0	0	0
1428601710791804057	CPU_0	0	0	0	100.00	0	0	0	0	0	0
1428601711416345170	CPU_0	0	0	0	100.00	0	0	0	0	0	0
1428601712048139901	CPU_0	0	0	1.58	98.41	0	0	0	0	0	0
1428601712672880513	CPU_0	0	0	0	100.00	0	0	0	0	0	0
1428601713298968833	CPU_0	0	0	0	100.00	0	0	0	0	0	0
1428601713923728612	CPU_0	0	0	0	100.00	0	0	0	0	0	0
1428601714555024802	CPU_0	0	0	0	100.00	0	0	0	0	0	0
1428601715179507956	CPU_0	0	0	0	100.00	0	0	0	0	0	0
1428601715805328776	CPU_0	0	0	1.61	98.38	0	0	0	0	0	0
1428601716430151055	CPU_0	0	0	0	100.00	0	0	0	0	0	0
1428601717061535661	CPU_0	0	0	1.58	98.41	0	0	0	0	0	0
1428601717687250731	CPU_0	0	0	0	100.00	0	0	0	0	0	0
1428601718313560008	CPU_0	0	0	0	98.38	0	1.61	0	0	0	0
1428601718939274369	CPU_0	0	0	0	100.00	0	0	0	0	0	0
1428601719570557142	CPU_0	0	0	0	98.41	0	1.58	0	0	0	0
1428601720198513626	CPU_0	0	0	0	100.00	0	0	0	0	0	0
1428601720824454112	CPU_0	0	0	0	100.00	0	0	0	0	0	0
1428601721449732349	CPU_0	0	0	0	100.00	0	0	0	0	0	0
1428601722074866752	CPU_0	0	0	0	100.00	0	0	0	0	0	0
1428601722706421899	CPU_0	0	0	0	96.87	1.56	1.56	0	0	0	0
1428601723332604552	CPU_0	0	0	1.61	98.38	0	0	0	0	0	0
1428601723957956955	CPU_0	0	0	0	100.00	0	0	0	0	0	0
1428601724583598858	CPU_0	0	0	0	100.00	0	0	0	0	0	0
1428601725215172338	CPU_0	0	0	0	100.00	0	0	0	0	0	0
1428601725841469948	CPU_0	0	0	0	98.38	0	1.61	0	0	0	0
1428601726466765018	CPU_0	0	0	0	95.38	0	4.61	0	0	0	0
1428601727092480796	CPU_0	0	0	3.17	96.82	0	0	0	0	0	0
1428601727724121818	CPU_0	0	0	0	100.00	0	0	0	0	0	0
1428601728350356428	CPU_0	0	0	0	100.00	0	0	0	0	0	0
1428601728975745331	CPU_0	0	0	1.61	98.38	0	0	0	0	0	0
1428601729601334109	CPU_0	0	0	0	98.41	0	0	1.58	0	0	0
1428601730236815626	CPU_0	0	0	0	100.00	0	0	0	0	0	0
1428601730863658736	CPU_0	0	0	0	100.00	0	0	0	0	0	0
1428601731489104139	CPU_0	0	0	0	100.00	0	0	0	0	0	0
1428601732114696583	CPU_0	0	0	0	100.00	0	0	0	0	0	0
1428601732740660235	CPU_0	0	0	0	98.38	1.61	0	0	0	0	0
1428601733372370007	CPU_0	0	0	1.58	98.41	0	0	0	0	0	0
1428601733998519284	CPU_0	0	0	0	100.00	0	0	0	0	0	0
1428601734624565061	CPU_0	0	0	0	100.00	0	0	0	0	0	0
1428601735251509337	CPU_0	0	0	1.56	95.31	0	1.56	1.56	0	0	0
1428601735883756858	CPU_0	0	0	0	100.00	0	0	0	0	0	0
1428601736510050718	CPU_0	0	0	0	100.00	0	0	0	0	0	0
1428601737136294203	CPU_0	0	0	1.58	96.82	0	1.58	0	0	0	0
1428601737763392687	CPU_0	0	0	0	100.00	0	0	0	0	0	0
1428601738395083250	CPU_0	0	0	0	100.00	0	0	0	0	0	0
1428601739021097526	CPU_0	0	0	0	98.38	0	1.61	0	0	0	0
1428601739646600262	CPU_0	0	0	0	100.00	0	0	0	0	0	0
1428601740273022289	CPU_0	0	0	0	100.00	0	0	0	0	0	0
1428601740904606476	CPU_0	0	0	0	100.00	0	0	0	0	0	0
1428601741530591086	CPU_0	0	0	1.61	98.38	0	0	0	0	0	0
1428601742156011822	CPU_0	0	0	0	95.38	0	4.61	0	0	0	0
1428601742782225099	CPU_0	0	0	1.61	98.38	0	0	0	0	0	0
1428601743407469459	CPU_0	0	0	0	100.00	0	0	0	0	0	0
1428601744039356980	CPU_0	0	0	0	100.00	0	0	0	0	0	0
1428601744665271132	CPU_0	0	0	0	100.00	0	0	0	0	0	0
1428601745291817325	CPU_0	0	0	0	100.00	0	0	0	0	0	0
1428601745917220435	CPU_0	0	0	0	100.00	0	0	0	0	0	0
1428601746548974456	CPU_0	0	0	1.58	98.41	0	0	0	0	0	0
1428601747174618858	CPU_0	0	0	0	100.00	0	0	0	0	0	0
1428601747801016550	CPU_0	0	0	1.49	91.04	0	7.46	0	0	0	0
1428601748426522911	CPU_0	0	0	0	100.00	0	0	0	0	0	0
1428601749058707848	CPU_0	0	0	0	100.00	0	0	0	0	0	0
1428601749685329248	CPU_0	0	0	0	100.00	0	0	0	0	0	0
1428601750311954941	CPU_0	0	0	1.58	96.82	0	0	1.58	0	0	0
1428601750938419217	CPU_0	0	0	0	100.00	0	0	0	0	0	0
1428601751571308444	CPU_0	0	0	0	100.00	0	0	0	0	0	0
1428601752197464720	CPU_0	0	0	0	100.00	0	0	0	0	0	0
1428601752824542996	CPU_0	0	0	0	98.38	1.61	0	0	0	0	0
1428601753451115396	CPU_0	0	0	0	100.00	0	0	0	0	0	0
1428601754083068833	CPU_0	0	0	0	100.00	0	0	0	0	0	0
1428601754711846648	CPU_0	0	0	0	100.00	0	0	0	0	0	0
1428601755338319757	CPU_0	0	0	0	100.00	0	0	0	0	0	0
1428601755964688866	CPU_0	6.45	0	3.22	90.32	0	0	0	0	0	0
1428601756589577227	CPU_0	0	0	0	100.00	0	0	0	0	0	0
1428601757221145830	CPU_0	0	0	0	100.00	0	0	0	0	0	0
1428601757846590732	CPU_0	0	0	0	100.00	0	0	0	0	0	0
1428601758472102134	CPU_0	0	0	1.61	98.38	0	0	0	0	0	0
1428601759097288369	CPU_0	0	0	0	100.00	0	0	0	0	0	0
1428601759729119847	CPU_0	0	0	0	100.00	0	0	0	0	0	0
1428601760355746956	CPU_0	0	0	0	96.82	0	1.58	1.58	0	0	0
1428601760981326149	CPU_0	0	0	0	100.00	0	0	0	0	0	0
1428601761606547300	CPU_0	0	0	0	100.00	0	0	0	0	0	0
1428601762238438154	CPU_0	0	0	1.53	95.38	0	3.07	0	0	0	0
1428601762865157095	CPU_0	0	0	0	98.38	1.61	0	0	0	0	0
1428601763490457663	CPU_0	0	0	0	100.00	0	0	0	0	0	0
1428601764117254772	CPU_0	0	0	1.58	98.41	0	0	0	0	0	0
1428601764748880125	CPU_0	0	0	0	100.00	0	0	0	0	0	0
1428601765378227314	CPU_0	0	0	0	100.00	0	0	0	0	0	0
1428601766004750464	CPU_0	0	0	0	100.00	0	0	0	0	0	0
1428601766632730238	CPU_0	1.61	0	0	98.38	0	0	0	0	0	0
1428601767258963888	CPU_0	0	0	1.56	96.87	0	1.56	0	0	0	0
1428601767891993323	CPU_0	0	0	0	100.00	0	0	0	0	0	0
1428601768518417265	CPU_0	1.63	0	0	98.36	0	0	0	0	0	0
1428601769144917873	CPU_0	0	0	0	100.00	0	0	0	0	0	0
1428601769771217190	CPU_0	0	0	0	98.41	0	1.58	0	0	0	0
1428601770404627708	CPU_0	0	0	1.56	95.31	0	1.56	1.56	0	0	0
1428601771030653692	CPU_0	0	0	0	100.00	0	0	0	0	0	0
1428601771657023759	CPU_0	0	0	1.58	98.41	0	0	0	0	0	0
1428601772282747201	CPU_0	0	0	0	100.00	0	0	0	0	0	0
1428601772916086511	CPU_0	0	0	0	100.00	0	0	0	0	0	0
1428601773541864828	CPU_0	0	0	0	100.00	0	0	0	0	0	0
1428601774167655145	CPU_0	0	0	0	98.41	0	1.58	0	0	0	0
1428601774793810504	CPU_0	0	0	0	100.00	0	0	0	0	0	0
1428601775426339230	CPU_0	0	0	0	96.92	0	1.53	1.53	0	0	0
1428601776051857548	CPU_0	0	0	0	100.00	0	0	0	0	0	0
1428601776677883031	CPU_0	0	0	1.58	98.41	0	0	0	0	0	0
1428601777305033805	CPU_0	0	0	0	100.00	0	0	0	0	0	0
1428601777931933538	CPU_0	0	0	0	100.00	0	0	0	0	0	0
1428601778562735433	CPU_0	0	0	0	100.00	0	0	0	0	0	0
1428601779188415750	CPU_0	0	0	1.53	95.38	0	3.07	0	0	0	0
1428601779815306774	CPU_0	0	0	0	100.00	0	0	0	0	0	0
1428601780441270216	CPU_0	0	0	0	100.00	0	0	0	0	0	0
1428601781074411484	CPU_0	0	0	0	100.00	0	0	0	0	0	0
1428601781700653217	CPU_0	0	0	1.58	98.41	0	0	0	0	0	0
1428601782327883032	CPU_0	0	0	1.61	98.38	0	0	0	0	0	0
1428601782954357640	CPU_0	0	0	0	100.00	0	0	0	0	0	0
1428601783587408616	CPU_0	0	0	0	100.00	0	0	0	0	0	0
1428601784213299558	CPU_0	0	0	1.56	96.87	0	1.56	0	0	0	0
1428601784840695290	CPU_0	0	0	0	100.00	0	0	0	0	0	0
1428601785466841398	CPU_0	0	0	1.61	98.38	0	0	0	0	0	0
1428601786100287915	CPU_0	0	0	0	100.00	0	0	0	0	0	0
1428601786726687564	CPU_0	0	0	1.56	96.87	0	1.56	0	0	0	0
1428601787354519837	CPU_0	0	0	0	98.38	1.61	0	0	0	0	0
1428601787980580112	CPU_0	0	0	1.58	98.41	0	0	0	0	0	0
1428601788613652087	CPU_0	0	0	0	98.41	0	1.58	0	0	0	0
1428601789239579237	CPU_0	0	0	0	100.00	0	0	0	0	0	0
1428601789868204717	CPU_0	0	0	0	100.00	0	0	0	0	0	0
1428601790494258867	CPU_0	0	0	1.56	96.87	0	0	1.56	0	0	0
1428601791121636848	CPU_0	0	0	0	98.38	0	1.61	0	0	0	0
1428601791754139575	CPU_0	0	0	0	100.00	0	0	0	0	0	0
1428601792382452722	CPU_0	0	0	1.61	98.38	0	0	0	0	0	0
1428601793008439788	CPU_0	0	0	0	98.38	0	1.61	0	0	0	0
1428601793636449477	CPU_0	0	0	0	100.00	0	0	0	0	0	0
1428601794268704620	CPU_0	0	0	1.58	98.41	0	0	0	0	0	0
1428601794897309808	CPU_0	0	0	0	100.00	0	0	0	0	0	0
1428601795523936499	CPU_0	0	0	0	98.38	0	1.61	0	0	0	0
1428601796152027271	CPU_0	0	0	0	100.00	0	0	0	0	0	0
1428601796785258330	CPU_0	0	0	0	100.00	0	0	0	0	0	0
1428601797413444852	CPU_0	0	0	1.56	95.31	1.56	1.56	0	0	0	0
1428601798039894459	CPU_0	0	0	0	100.00	0	0	0	0	0	0
1428601798668071314	CPU_0	0	0	1.49	92.53	0	5.97	0	0	0	0
1428601799300959165	CPU_0	0	0	0	100.00	0	0	0	0	0	0
1428601799929795353	CPU_0	0	0	0	100.00	0	0	0	0	0	0
1428601800556248043	CPU_0	0	0	0	100.00	0	0	0	0	0	0
1428601801183974024	CPU_0	1.58	0	0	96.82	0	0	1.58	0	0	0
1428601801816152708	CPU_0	0	0	0	100.00	0	0	0	0	0	0
1428601802444860271	CPU_0	0	0	1.58	98.41	0	0	0	0	0	0
1428601803070943170	CPU_0	0	0	0	100.00	0	0	0	0	0	0
1428601803698329568	CPU_0	0	0	1.58	98.41	0	0	0	0	0	0
1428601804325617215	CPU_0	0	0	0	100.00	0	0	0	0	0	0
1428601804957584983	CPU_0	0	0	0	100.00	0	0	0	0	0	0
1428601805583681799	CPU_0	0	0	0	98.38	0	0	1.61	0	0	0
1428601806210204364	CPU_0	0	0	0	100.00	0	0	0	0	0	0
1428601806835961346	CPU_0	0	0	0	100.00	0	0	0	0	0	0
1428601807470202111	CPU_0	0	0	1.58	98.41	0	0	0	0	0	0
1428601808096170927	CPU_0	0	0	0	92.53	0	7.46	0	0	0	0
1428601808722925950	CPU_0	0	0	1.58	98.41	0	0	0	0	0	0
1428601809349505265	CPU_0	0	0	0	100.00	0	0	0	0	0	0
1428601809983097239	CPU_0	0	0	0	100.00	0	0	0	0	0	0
1428601810609339013	CPU_0	0	0	0	100.00	0	0	0	0	0	0
1428601811236751243	CPU_0	0	0	1.58	98.41	0	0	0	0	0	0
1428601811864123515	CPU_0	0	0	0	100.00	0	0	0	0	0	0
1428601812497701031	CPU_0	0	0	0	100.00	0	0	0	0	0	0
1428601813123711346	CPU_0	0	0	0	100.00	0	0	0	0	0	0
1428601813751159119	CPU_0	0	0	0	100.00	0	0	0	0	0	0
1428601814379347682	CPU_0	0	0	1.58	98.41	0	0	0	0	0	0
1428601815012731322	CPU_0	0	0	0	100.00	0	0	0	0	0	0
1428601815639603637	CPU_0	0	0	0	100.00	0	0	0	0	0	0
1428601816266171410	CPU_0	0	0	0	95.38	0	0	4.61	0	0	0
1428601816892962766	CPU_0	0	0	0	100.00	0	0	0	0	0	0
1428601817521046454	CPU_0	0	0	0	100.00	0	0	0	0	0	0
1428601818152106722	CPU_0	0	0	1.58	98.41	0	0	0	0	0	0
1428601818778835869	CPU_0	0	0	0	100.00	0	0	0	0	0	0
1428601819406138391	CPU_0	0	0	0	100.00	0	0	0	0	0	0
1428601820033127497	CPU_0	0	0	0	100.00	0	0	0	0	0	0
1428601820666569846	CPU_0	0	0	1.47	91.17	0	7.35	0	0	0	0
1428601821293868909	CPU_0	0	0	0	100.00	0	0	0	0	0	0
1428601821921156056	CPU_0	0	0	0	100.00	0	0	0	0	0	0
1428601822547953662	CPU_0	0	0	0	98.38	1.61	0	0	0	0	0
1428601823181853927	CPU_0	1.58	0	1.58	96.82	0	0	0	0	0	0
1428601823810188531	CPU_0	0	0	0	100.00	0	0	0	0	0	0
1428601824438306219	CPU_0	0	0	1.63	98.36	0	0	0	0	0	0
1428601825067006281	CPU_0	11.29	0	3.22	85.48	0	0	0	0	0	0
1428601825701249670	CPU_0	0	0	0	100.00	0	0	0	0	0	0
1428601826329048983	CPU_0	0	0	0	100.00	0	0	0	0	0	0
1428601826957192296	CPU_0	0	0	1.58	98.41	0	0	0	0	0	0
1428601827583976109	CPU_0	0	0	0	100.00	0	0	0	0	0	0
1428601828217198375	CPU_0	0	0	1.51	93.93	0	4.54	0	0	0	0
1428601828844860563	CPU_0	0	0	0	100.00	0	0	0	0	0	0
1428601829472270709	CPU_0	0	0	0	100.00	0	0	0	0	0	0
1428601830100573105	CPU_0	0	0	0	100.00	0	0	0	0	0	0
1428601830730151041	CPU_0	0	0	0	100.00	0	0	0	0	0	0
1428601831362727682	CPU_0	0	0	0	100.00	0	0	0	0	0	0
1428601831990466244	CPU_0	0	0	1.58	98.41	0	0	0	0	0	0
1428601832618350932	CPU_0	0	0	0	98.36	1.63	0	0	0	0	0
1428601833245506578	CPU_0	0	0	1.58	98.41	0	0	0	0	0	0
1428601833880519300	CPU_0	0	0	0	100.00	0	0	0	0	0	0
1428601834508089529	CPU_0	0	0	0	100.00	0	0	0	0	0	0
1428601835135645717	CPU_0	0	0	0	98.41	0	1.58	0	0	0	0
1428601835762783905	CPU_0	0	0	0	100.00	0	0	0	0	0	0
1428601836397131252	CPU_0	0	0	0	100.00	0	0	0	0	0	0
1428601837024176941	CPU_0	0	0	0	100.00	0	0	0	0	0	0
1428601837652029003	CPU_0	0	0	1.56	96.87	0	1.56	0	0	0	0
1428601838279100149	CPU_0	0	0	0	100.00	0	0	0	0	0	0
1428601838913997621	CPU_0	0	0	0	95.38	0	4.61	0	0	0	0
1428601839541157726	CPU_0	0	0	0	100.00	0	0	0	0	0	0
1428601840168166289	CPU_0	0	0	1.61	98.38	0	0	0	0	0	0
1428601840796030101	CPU_0	0	0	0	100.00	0	0	0	0	0	0
1428601841430322198	CPU_0	0	0	0	100.00	0	0	0	0	0	0
1428601842058075052	CPU_0	0	0	1.61	98.38	0	0	0	0	0	0
1428601842686080114	CPU_0	0	0	0	100.00	0	0	0	0	0	0
1428601843313141093	CPU_0	0	0	0	100.00	0	0	0	0	0	0
1428601843947267982	CPU_0	0	0	1.58	98.41	0	0	0	0	0	0
1428601844574848461	CPU_0	0	0	0	100.00	0	0	0	0	0	0
1428601845201994815	CPU_0	0	0	0	100.00	0	0	0	0	0	0
1428601845829049628	CPU_0	0	0	1.58	98.41	0	0	0	0	0	0
1428601846458719646	CPU_0	0	0	0	100.00	0	0	0	0	0	0
1428601847090960704	CPU_0	0	0	0	100.00	0	0	0	0	0	0
1428601847718991765	CPU_0	0	0	0	98.41	0	1.58	0	0	0	0
1428601848346217328	CPU_0	0	0	0	92.42	0	7.57	0	0	0	0
1428601848974738264	CPU_0	0	0	1.58	98.41	0	0	0	0	0	0
1428601849608439778	CPU_0	0	0	0	100.00	0	0	0	0	0	0
1428601850236549673	CPU_0	0	0	0	100.00	0	0	0	0	0	0
1428601850864344526	CPU_0	0	0	0	100.00	0	0	0	0	0	0
1428601851492656254	CPU_0	0	0	0	98.38	0	0	1.61	0	0	0
1428601852126615310	CPU_0	0	0	0	100.00	0	0	0	0	0	0
1428601852754866079	CPU_0	0	0	0	100.00	0	0	0	0	0	0
1428601853382706557	CPU_0	0	0	1.58	98.41	0	0	0	0	0	0
1428601854011574368	CPU_0	0	0	0	100.00	0	0	0	0	0	0
1428601854646120173	CPU_0	0	0	0	100.00	0	0	0	0	0	0
1428601855273665609	CPU_0	1.58	0	1.58	96.82	0	0	0	0	0	0
1428601855901704337	CPU_0	0	0	0	100.00	0	0	0	0	0	0
1428601856530376898	CPU_0	0	0	0	100.00	0	0	0	0	0	0
1428601857164862828	CPU_0	0	0	0	100.00	0	0	0	0	0	0
1428601857792274098	CPU_0	0	0	0	100.00	0	0	0	0	0	0
1428601858420662325	CPU_0	0	0	0	100.00	0	0	0	0	0	0
1428601859048991678	CPU_0	0	0	1.58	98.41	0	0	0	0	0	0
1428601859683592232	CPU_0	0	0	0	100.00	0	0	0	0	0	0
1428601860311392627	CPU_0	0	0	1.61	98.38	0	0	0	0	0	0
1428601860939949521	CPU_0	0	0	0	100.00	0	0	0	0	0	0
1428601861568241957	CPU_0	0	0	0	95.38	0	1.53	3.07	0	0	0
1428601862201878678	CPU_0	0	0	0	100.00	0	0	0	0	0	0
1428601862833229069	CPU_0	0	0	1.56	96.87	0	1.56	0	0	0	0
1428601863462146963	CPU_0	0	0	0	100.00	0	0	0	0	0	0
1428601864090524565	CPU_0	0	0	0	100.00	0	0	0	0	0	0
1428601864718385418	CPU_0	0	0	1.58	98.41	0	0	0	0	0	0
1428601865353059347	CPU_0	0	0	0	100.00	0	0	0	0	0	0
1428601865981115699	CPU_0	0	0	0	100.00	0	0	0	0	0	0
1428601866608934094	CPU_0	0	0	0	98.41	0	1.58	0	0	0	0
1428601867236524780	CPU_0	0	0	1.58	98.41	0	0	0	0	0	0
1428601867870626418	CPU_0	0	0	0	98.38	1.61	0	0	0	0	0
1428601868499230603	CPU_0	0	0	0	92.53	0	7.46	0	0	0	0
1428601869126629373	CPU_0	0	0	1.58	98.41	0	0	0	0	0	0
1428601869753965934	CPU_0	0	0	0	100.00	0	0	0	0	0	0
1428601870387671989	CPU_0	0	0	0	100.00	0	0	0	0	0	0
1428601871015509883	CPU_0	0	0	0	100.00	0	0	0	0	0	0
1428601871642591028	CPU_0	0	0	0	100.00	0	0	0	0	0	0
1428601872270363839	CPU_0	0	0	1.58	98.41	0	0	0	0	0	0
1428601872903931894	CPU_0	0	0	0	100.00	0	0	0	0	0	0
1428601873532161787	CPU_0	0	0	1.58	98.41	0	0	0	0	0	0
1428601874159411640	CPU_0	0	0	0	100.00	0	0	0	0	0	0
1428601874786352660	CPU_0	0	0	0	100.00	0	0	0	0	0	0
1428601875420219798	CPU_0	0	0	0	100.00	0	0	0	0	0	0
1428601876045389986	CPU_0	0	0	1.63	98.36	0	0	0	0	0	0
