#Timestamp	CPU_ID	user%	nice%	sys%	idle%	iowait%	irq%	softiq%	steal%	guest%	guest_nice%
1428610910676287616	CPU_0	12.50	0	3.57	82.14	0	1.78	0	0	0	0
1428610911289630686	CPU_0	0	0	0	100.00	0	0	0	0	0	0
1428610911904021253	CPU_0	0	0	1.61	98.38	0	0	0	0	0	0
1428610912517268698	CPU_0	0	0	0	98.36	0	1.63	0	0	0	0
1428610913137907837	CPU_0	0	0	0	100.00	0	0	0	0	0	0
1428610913752579820	CPU_0	0	0	0	100.00	0	0	0	0	0	0
1428610914367718512	CPU_0	0	0	0	100.00	0	0	0	0	0	0
1428610914982123621	CPU_0	0	0	0	98.36	0	1.63	0	0	0	0
1428610915597571562	CPU_0	0	0	1.63	96.72	1.63	0	0	0	0	0
1428610916219676657	CPU_0	0	0	0	100.00	0	0	0	0	0	0
1428610916834754640	CPU_0	0	0	1.61	96.77	0	1.61	0	0	0	0
1428610917450078123	CPU_0	0	0	0	100.00	0	0	0	0	0	0
1428610918065374189	CPU_0	0	0	0	98.38	0	0	1.61	0	0	0
1428610918681461087	CPU_0	0	0	0	98.36	0	1.63	0	0	0	0
1428610919302286477	CPU_0	0	0	0	100.00	0	0	0	0	0	0
1428610919918830083	CPU_0	0	0	1.61	98.38	0	0	0	0	0	0
1428610920532310569	CPU_0	0	0	0	98.33	0	1.66	0	0	0	0
1428610921145712514	CPU_0	1.61	0	1.61	96.77	0	0	0	0	0	0
1428610921766675528	CPU_0	0	0	0	100.00	0	0	0	0	0	0
1428610922381944887	CPU_0	0	0	1.61	98.38	0	0	0	0	0	0
1428610922996701079	CPU_0	0	0	0	98.36	0	1.63	0	0	0	0
1428610923611070898	CPU_0	0	0	0	100.00	0	0	0	0	0	0
1428610924227108797	CPU_0	0	0	0	100.00	0	0	0	0	0	0
1428610924849011560	CPU_0	0	0	1.49	91.04	0	7.46	0	0	0	0
1428610925464389793	CPU_0	0	0	0	100.00	0	0	0	0	0	0
1428610926080236276	CPU_0	0	0	0	98.36	0	0	1.63	0	0	0
1428610926696339799	CPU_0	0	0	0	100.00	0	0	0	0	0	0
1428610927319054603	CPU_0	0	0	0	100.00	0	0	0	0	0	0
1428610927935018877	CPU_0	0	0	0	100.00	0	0	0	0	0	0
1428610928550903526	CPU_0	0	0	0	100.00	0	0	0	0	0	0
1428610929166356510	CPU_0	0	0	1.63	98.36	0	0	0	0	0	0
1428610929782880075	CPU_0	0	0	1.61	98.38	0	0	0	0	0	0
1428610930405441170	CPU_0	0	0	0	100.00	0	0	0	0	0	0
1428610931021406653	CPU_0	0	0	0	100.00	0	0	0	0	0	0
1428610931637045720	CPU_0	0	0	1.63	98.36	0	0	0	0	0	0
1428610932253356869	CPU_0	0	0	0	100.00	0	0	0	0	0	0
1428610932869686435	CPU_0	0	0	0	100.00	0	0	0	0	0	0
1428610933491479448	CPU_0	0	0	1.61	98.38	0	0	0	0	0	0
1428610934107668889	CPU_0	0	0	1.63	98.36	0	0	0	0	0	0
1428610934724691829	CPU_0	0	0	0	95.31	0	0	4.68	0	0	0
1428610935341296144	CPU_0	0	0	0	98.33	0	1.66	0	0	0	0
1428610935964234365	CPU_0	0	0	0	100.00	0	0	0	0	0	0
1428610936581064055	CPU_0	0	0	0	96.77	0	3.22	0	0	0	0
1428610937198744951	CPU_0	0	0	0	100.00	0	0	0	0	0	0
1428610937815557725	CPU_0	0	0	1.61	98.38	0	0	0	0	0	0
1428610938433165205	CPU_0	0	0	0	100.00	0	0	0	0	0	0
1428610939056675508	CPU_0	0	0	0	100.00	0	0	0	0	0	0
1428610939674266780	CPU_0	0	0	1.61	98.38	0	0	0	0	0	0
1428610940292221969	CPU_0	0	0	0	98.36	1.63	0	0	0	0	0
1428610940909521991	CPU_0	0	0	0	98.36	0	1.63	0	0	0	0
1428610941532615045	CPU_0	0	0	0	100.00	0	0	0	0	0	0
1428610942150202401	CPU_0	1.63	0	1.63	95.08	0	1.63	0	0	0	0
1428610942768344464	CPU_0	0	0	1.66	96.66	0	1.66	0	0	0	0
1428610943385672445	CPU_0	3.27	0	1.63	91.80	0	3.27	0	0	0	0
1428610944002970094	CPU_0	16.12	0	4.83	79.03	0	0	0	0	0	0
1428610944628271519	CPU_0	0	0	3.27	95.08	0	1.63	0	0	0	0
1428610945246539582	CPU_0	0	0	0	100.00	0	0	0	0	0	0
1428610945864573687	CPU_0	0	0	0	98.33	0	1.66	0	0	0	0
1428610946481586169	CPU_0	0	0	1.61	98.38	0	0	0	0	0	0
1428610947105497139	CPU_0	0	0	0	98.38	0	1.61	0	0	0	0
1428610947724372367	CPU_0	0	0	1.49	89.55	0	8.95	0	0	0	0
1428610948342178973	CPU_0	4.91	0	0	95.08	0	0	0	0	0	0
1428610948959413080	CPU_0	0	0	0	100.00	0	0	0	0	0	0
1428610949577238020	CPU_0	0	0	0	100.00	0	0	0	0	0	0
1428610950202277821	CPU_0	0	0	0	100.00	0	0	0	0	0	0
1428610950820068885	CPU_0	0	0	1.61	98.38	0	0	0	0	0	0
1428610951437883700	CPU_0	0	0	1.63	98.36	0	0	0	0	0	0
1428610952055534598	CPU_0	0	0	0	91.04	0	0	8.95	0	0	0
1428610952679348985	CPU_0	0	0	1.61	98.38	0	0	0	0	0	0
1428610953297620298	CPU_0	0	0	0	100.00	0	0	0	0	0	0
1428610953915909487	CPU_0	0	0	0	100.00	0	0	0	0	0	0
1428610954534314426	CPU_0	0	0	0	100.00	0	0	0	0	0	0
1428610955152565448	CPU_0	0	0	1.61	98.38	0	0	0	0	0	0
1428610955777696041	CPU_0	0	0	0	100.00	0	0	0	0	0	0
1428610956395257315	CPU_0	0	0	0	100.00	0	0	0	0	0	0
1428610957013328004	CPU_0	0	0	0	100.00	0	0	0	0	0	0
1428610957631671068	CPU_0	0	0	0	100.00	0	0	0	0	0	0
1428610958255876246	CPU_0	0	0	0	100.00	0	0	0	0	0	0
1428610958873489562	CPU_0	0	0	0	100.00	0	0	0	0	0	0
1428610959491491585	CPU_0	0	0	1.61	98.38	0	0	0	0	0	0
1428610960109324109	CPU_0	0	0	0	100.00	0	0	0	0	0	0
1428610960728127547	CPU_0	0	0	0	100.00	0	0	0	0	0	0
1428610961351777977	CPU_0	0	0	0	98.38	0	1.61	0	0	0	0
1428610961969768792	CPU_0	0	0	0	100.00	0	0	0	0	0	0
1428610962587595315	CPU_0	0	0	1.63	98.36	0	0	0	0	0	0
1428610963205945880	CPU_0	0	0	0	98.38	0	1.61	0	0	0	0
1428610963830226850	CPU_0	0	0	1.61	98.38	0	0	0	0	0	0
1428610964448284832	CPU_0	0	0	0	100.00	0	0	0	0	0	0
1428610965066223106	CPU_0	0	0	0	100.00	0	0	0	0	0	0
1428610965684536254	CPU_0	0	0	1.61	96.77	0	1.61	0	0	0	0
1428610966302839402	CPU_0	0	0	0	100.00	0	0	0	0	0	0
1428610966927654622	CPU_0	0	0	0	100.00	0	0	0	0	0	0
1428610967545784770	CPU_0	0	0	0	98.38	0	1.61	0	0	0	0
1428610968164018794	CPU_0	0	0	1.63	98.36	0	0	0	0	0	0
1428610968782446442	CPU_0	0	0	0	100.00	0	0	0	0	0	0
1428610969406776954	CPU_0	0	0	1.58	96.82	0	1.58	0	0	0	0
1428610970025290769	CPU_0	0	0	0	100.00	0	0	0	0	0	0
1428610970644940623	CPU_0	0	0	0	100.00	0	0	0	0	0	0
1428610971262953689	CPU_0	0	0	0	98.36	0	1.63	0	0	0	0
1428610971881481296	CPU_0	0	0	0	100.00	0	0	0	0	0	0
1428610972505646892	CPU_0	0	0	1.61	98.38	0	0	0	0	0	0
1428610973124229707	CPU_0	0	0	0	100.00	0	0	0	0	0	0
1428610973742507564	CPU_0	0	0	0	98.38	0	1.61	0	0	0	0
1428610974361121796	CPU_0	0	0	1.63	98.36	0	0	0	0	0	0
1428610974984911976	CPU_0	0	0	0	100.00	0	0	0	0	0	0
1428610975603880082	CPU_0	0	0	0	96.77	1.61	1.61	0	0	0	0
1428610976222232314	CPU_0	0	0	0	96.77	0	3.22	0	0	0	0
1428610976841648711	CPU_0	0	0	0	100.00	0	0	0	0	0	0
1428610977459879194	CPU_0	0	0	0	100.00	0	0	0	0	0	0
1428610978085404705	CPU_0	0	0	0	100.00	0	0	0	0	0	0
1428610978703676021	CPU_0	0	0	0	100.00	0	0	0	0	0	0
1428610979323544167	CPU_0	0	0	0	100.00	0	0	0	0	0	0
1428610979943283772	CPU_0	0	0	0	100.00	0	0	0	0	0	0
1428610980567927327	CPU_0	0	0	0	100.00	0	0	0	0	0	0
1428610981186872058	CPU_0	0	0	1.66	95.00	0	3.33	0	0	0	0
1428610981806765288	CPU_0	0	0	0	91.04	0	8.95	0	0	0	0
1428610982425539187	CPU_0	0	0	1.61	98.38	0	0	0	0	0	0
1428610983044243252	CPU_0	0	0	1.61	98.38	0	0	0	0	0	0
1428610983669216140	CPU_0	0	0	0	100.00	0	0	0	0	0	0
1428610984288482788	CPU_0	0	0	0	100.00	0	0	0	0	0	0
1428610984907271895	CPU_0	0	0	1.63	98.36	0	0	0	0	0	0
1428610985526847167	CPU_0	0	0	0	100.00	0	0	0	0	0	0
1428610986152345929	CPU_0	0	0	1.61	98.38	0	0	0	0	0	0
1428610986772176076	CPU_0	0	0	1.61	98.38	0	0	0	0	0	0
1428610987391570891	CPU_0	0	0	0	100.00	0	0	0	0	0	0
1428610988010500248	CPU_0	0	0	0	100.00	0	0	0	0	0	0
1428610988629488439	CPU_0	0	0	0	100.00	0	0	0	0	0	0
1428610989254961575	CPU_0	0	0	1.61	98.38	0	0	0	0	0	0
1428610989874416015	CPU_0	0	0	0	100.00	0	0	0	0	0	0
1428610990493533581	CPU_0	0	0	1.61	98.38	0	0	0	0	0	0
1428610991112264980	CPU_0	0	0	0	100.00	0	0	0	0	0	0
1428610991737287910	CPU_0	0	0	1.61	98.38	0	0	0	0	0	0
1428610992357129391	CPU_0	0	0	0	100.00	0	0	0	0	0	0
1428610992975671124	CPU_0	0	0	0	100.00	0	0	0	0	0	0
1428610993595015439	CPU_0	0	0	0	100.00	0	0	0	0	0	0
1428610994213898547	CPU_0	0	0	1.61	98.38	0	0	0	0	0	0
1428610994840302599	CPU_0	0	0	0	100.00	0	0	0	0	0	0
1428610995458563000	CPU_0	0	0	1.61	96.77	0	1.61	0	0	0	0
1428610996077696358	CPU_0	0	0	0	100.00	0	0	0	0	0	0
1428610996696467424	CPU_0	0	0	1.63	98.36	0	0	0	0	0	0
1428610997322490394	CPU_0	0	0	0	89.70	0	10.29	0	0	0	0
1428610997941361794	CPU_0	0	0	0	100.00	0	0	0	0	0	0
1428610998559539904	CPU_0	1.61	0	0	98.38	0	0	0	0	0	0
1428610999178080304	CPU_0	0	0	0	100.00	0	0	0	0	0	0
1428610999797550661	CPU_0	0	0	0	100.00	0	0	0	0	0	0
1428611000422476300	CPU_0	0	0	1.61	98.38	0	0	0	0	0	0
1428611001041243451	CPU_0	0	0	0	100.00	0	0	0	0	0	0
1428611001660775766	CPU_0	0	0	0	100.00	0	0	0	0	0	0
1428611002280567373	CPU_0	0	0	0	100.00	0	0	0	0	0	0
1428611002906088719	CPU_0	0	0	1.61	98.38	0	0	0	0	0	0
1428611003525034870	CPU_0	0	0	0	100.00	0	0	0	0	0	0
1428611004144114853	CPU_0	0	0	0	100.00	0	0	0	0	0	0
1428611004762834004	CPU_0	0	0	1.61	98.38	0	0	0	0	0	0
1428611005382005487	CPU_0	0	0	3.22	96.77	0	0	0	0	0	0
1428611006006852793	CPU_0	0	0	0	100.00	0	0	0	0	0	0
1428611006625392361	CPU_0	0	0	0	98.33	0	0	1.66	0	0	0
1428611007244311428	CPU_0	0	0	0	100.00	0	0	0	0	0	0
1428611007863801911	CPU_0	0	0	0	100.00	0	0	0	0	0	0
1428611008488405093	CPU_0	0	0	1.58	98.41	0	0	0	0	0	0
1428611009106863244	CPU_0	0	0	0	100.00	0	0	0	0	0	0
1428611009726105103	CPU_0	0	0	1.61	98.38	0	0	0	0	0	0
1428611010345016712	CPU_0	0	0	0	100.00	0	0	0	0	0	0
1428611010963546239	CPU_0	0	0	0	100.00	0	0	0	0	0	0
1428611011588345170	CPU_0	0	0	0	96.82	0	3.17	0	0	0	0
1428611012207312530	CPU_0	0	0	0	100.00	0	0	0	0	0	0
1428611012826290639	CPU_0	0	0	0	100.00	0	0	0	0	0	0
1428611013444897791	CPU_0	0	0	1.63	98.36	0	0	0	0	0	0
1428611014069450973	CPU_0	0	0	0	100.00	0	0	0	0	0	0
1428611014688784373	CPU_0	0	0	1.61	98.38	0	0	0	0	0	0
1428611015308044691	CPU_0	0	0	0	92.18	1.56	4.68	1.56	0	0	0
1428611015927619466	CPU_0	0	0	1.61	98.38	0	0	0	0	0	0
1428611016546311534	CPU_0	0	0	0	100.00	0	0	0	0	0	0
1428611017171751757	CPU_0	0	0	0	100.00	0	0	0	0	0	0
1428611017791998781	CPU_0	0	0	1.61	98.38	0	0	0	0	0	0
1428611018411543390	CPU_0	0	0	0	100.00	0	0	0	0	0	0
1428611019030698541	CPU_0	0	0	0	100.00	0	0	0	0	0	0
1428611019656523263	CPU_0	0	0	0	100.00	0	0	0	0	0	0
1428611020275819831	CPU_0	0	0	0	100.00	0	0	0	0	0	0
1428611020896440479	CPU_0	0	0	0	96.82	0	3.17	0	0	0	0
1428611021515574089	CPU_0	0	0	0	100.00	0	0	0	0	0	0
1428611022134773199	CPU_0	1.63	0	0	98.36	0	0	0	0	0	0
1428611022760686379	CPU_0	0	0	1.56	96.87	0	0	1.56	0	0	0
1428611023380701029	CPU_0	0	0	1.61	98.38	0	0	0	0	0	0
1428611024000312596	CPU_0	0	0	0	100.00	0	0	0	0	0	0
1428611024619858872	CPU_0	0	0	0	100.00	0	0	0	0	0	0
1428611025245306096	CPU_0	0	0	0	98.38	0	1.61	0	0	0	0
1428611025865246371	CPU_0	0	0	0	100.00	0	0	0	0	0	0
1428611026484242815	CPU_0	0	0	0	100.00	0	0	0	0	0	0
1428611027103583383	CPU_0	0	0	1.58	95.23	0	1.58	1.58	0	0	0
1428611027722794493	CPU_0	0	0	0	100.00	0	0	0	0	0	0
1428611028349053840	CPU_0	0	0	1.58	98.41	0	0	0	0	0	0
1428611028968371617	CPU_0	0	0	0	100.00	0	0	0	0	0	0
1428611029588223517	CPU_0	0	0	0	98.38	0	1.61	0	0	0	0
1428611030207745294	CPU_0	0	0	1.61	98.38	0	0	0	0	0	0
1428611030834625265	CPU_0	0	0	0	100.00	0	0	0	0	0	0
1428611031453859209	CPU_0	0	0	0	95.31	0	4.68	0	0	0	0
1428611032073758735	CPU_0	0	0	1.61	98.38	0	0	0	0	0	0
1428611032693005803	CPU_0	0	0	0	100.00	0	0	0	0	0	0
1428611033313811828	CPU_0	0	0	0	100.00	0	0	0	0	0	0
1428611033939942759	CPU_0	0	0	0	100.00	0	0	0	0	0	0
1428611034560058118	CPU_0	0	0	0	100.00	0	0	0	0	0	0
1428611035179566395	CPU_0	0	0	1.61	98.38	0	0	0	0	0	0
1428611035799646504	CPU_0	0	0	0	98.38	0	0	1.61	0	0	0
1428611036426287809	CPU_0	0	0	0	100.00	0	0	0	0	0	0
1428611037045855003	CPU_0	0	0	0	100.00	0	0	0	0	0	0
1428611037665344905	CPU_0	0	0	1.61	96.77	0	1.61	0	0	0	0
1428611038284232267	CPU_0	0	0	0	100.00	0	0	0	0	0	0
1428611038905004083	CPU_0	0	0	0	98.38	0	1.61	0	0	0	0
1428611039529415393	CPU_0	0	0	0	100.00	0	0	0	0	0	0
1428611040148409963	CPU_0	0	0	0	100.00	0	0	0	0	0	0
1428611040767750782	CPU_0	0	0	1.58	96.82	1.58	0	0	0	0	0
1428611041388016350	CPU_0	0	0	0	100.00	0	0	0	0	0	0
1428611042014288032	CPU_0	0	0	1.49	91.04	0	7.46	0	0	0	0
1428611042634035642	CPU_0	0	0	0	100.00	0	0	0	0	0	0
1428611043253906835	CPU_0	0	0	1.63	98.36	0	0	0	0	0	0
1428611043874078945	CPU_0	0	0	0	100.00	0	0	0	0	0	0
1428611044503425788	CPU_0	0	0	1.58	98.41	0	0	0	0	0	0
1428611045122661108	CPU_0	0	0	1.61	98.38	0	0	0	0	0	0
1428611045742323635	CPU_0	0	0	0	100.00	0	0	0	0	0	0
1428611046362004454	CPU_0	0	0	0	100.00	0	0	0	0	0	0
1428611046981962106	CPU_0	0	0	0	100.00	0	0	0	0	0	0
1428611047607860873	CPU_0	0	0	0	100.00	0	0	0	0	0	0
1428611048227302651	CPU_0	0	0	1.61	98.38	0	0	0	0	0	0
1428611048847087095	CPU_0	0	0	0	98.38	0	0	1.61	0	0	0
1428611049467585954	CPU_0	0	0	1.61	98.38	0	0	0	0	0	0
1428611050093089638	CPU_0	0	0	0	100.00	0	0	0	0	0	0
1428611050713423456	CPU_0	0	0	0	95.23	0	4.76	0	0	0	0
1428611051333429359	CPU_0	0	0	1.63	98.36	0	0	0	0	0	0
1428611051953395178	CPU_0	0	0	0	100.00	0	0	0	0	0	0
1428611052573032539	CPU_0	0	0	0	100.00	0	0	0	0	0	0
1428611053199306888	CPU_0	0	0	1.58	98.41	0	0	0	0	0	0
1428611053818551126	CPU_0	0	0	0	100.00	0	0	0	0	0	0
1428611054439308319	CPU_0	0	0	1.58	98.41	0	0	0	0	0	0
1428611055058811639	CPU_0	0	0	0	100.00	0	0	0	0	0	0
1428611055685276321	CPU_0	0	0	0	100.00	0	0	0	0	0	0
1428611056304943308	CPU_0	0	0	0	100.00	0	0	0	0	0	0
1428611056926131875	CPU_0	0	0	0	98.38	0	0	1.61	0	0	0
1428611057545462696	CPU_0	0	0	0	98.38	0	1.61	0	0	0	0
1428611058165627890	CPU_0	0	0	0	100.00	0	0	0	0	0	0
1428611058791547074	CPU_0	0	0	0	89.70	0	10.29	0	0	0	0
1428611059412911266	CPU_0	0	0	0	100.00	0	0	0	0	0	0
1428611060032332170	CPU_0	0	0	1.61	98.38	0	0	0	0	0	0
1428611060652564573	CPU_0	0	0	1.63	98.36	0	0	0	0	0	0
1428611061278876798	CPU_0	0	0	0	100.00	0	0	0	0	0	0
1428611061900249865	CPU_0	0	0	0	100.00	0	0	0	0	0	0
1428611062519880311	CPU_0	0	0	1.61	98.38	0	0	0	0	0	0
1428611063139895714	CPU_0	0	0	1.63	98.36	0	0	0	0	0	0
1428611063761014657	CPU_0	0	0	0	100.00	0	0	0	0	0	0
1428611064387397882	CPU_0	0	0	0	92.18	0	0	7.81	0	0	0
1428611065008068284	CPU_0	8.33	0	3.33	88.33	0	0	0	0	0	0
1428611065629551185	CPU_0	0	0	0	100.00	0	0	0	0	0	0
1428611066249881588	CPU_0	0	0	0	100.00	0	0	0	0	0	0
1428611066878081268	CPU_0	0	0	1.61	98.38	0	0	0	0	0	0
1428611067498222255	CPU_0	0	0	0	95.31	0	4.68	0	0	0	0
1428611068118475950	CPU_0	0	0	1.61	98.38	0	0	0	0	0	0
1428611068737989813	CPU_0	0	0	1.61	98.38	0	0	0	0	0	0
1428611069365173662	CPU_0	6.55	0	0	93.44	0	0	0	0	0	0
1428611069984755316	CPU_0	0	0	0	100.00	0	0	0	0	0	0
1428611070605042595	CPU_0	0	0	1.58	96.82	1.58	0	0	0	0	0
1428611071225642914	CPU_0	0	0	1.63	98.36	0	0	0	0	0	0
1428611071845660068	CPU_0	0	0	0	100.00	0	0	0	0	0	0
1428611072473808166	CPU_0	0	0	0	100.00	0	0	0	0	0	0
1428611073094214902	CPU_0	1.61	0	0	98.38	0	0	0	0	0	0
1428611073714317390	CPU_0	0	0	1.63	98.36	0	0	0	0	0	0
1428611074334646252	CPU_0	0	0	0	93.84	0	6.15	0	0	0	0
1428611074961970309	CPU_0	0	0	0	100.00	0	0	0	0	0	0
1428611075582149672	CPU_0	0	0	0	100.00	0	0	0	0	0	0
1428611076202496617	CPU_0	0	0	0	100.00	0	0	0	0	0	0
1428611076822344189	CPU_0	0	0	1.61	98.38	0	0	0	0	0	0
1428611077443496883	CPU_0	0	0	0	100.00	0	0	0	0	0	0
1428611078069929025	CPU_0	0	0	0	100.00	0	0	0	0	0	0
1428611078690284721	CPU_0	0	0	0	100.00	0	0	0	0	0	0
1428611079310302417	CPU_0	0	0	0	100.00	0	0	0	0	0	0
1428611079931438862	CPU_0	0	0	0	100.00	0	0	0	0	0	0
1428611080557792588	CPU_0	0	0	0	100.00	0	0	0	0	0	0
1428611081179092407	CPU_0	0	0	0	100.00	0	0	0	0	0	0
1428611081799744977	CPU_0	0	0	0	100.00	0	0	0	0	0	0
1428611082421466421	CPU_0	0	0	0	98.38	0	1.61	0	0	0	0
1428611083042369116	CPU_0	0	0	0	98.36	0	1.63	0	0	0	0
1428611083667504678	CPU_0	0	0	1.58	98.41	0	0	0	0	0	0
1428611084287750833	CPU_0	0	0	1.61	98.38	0	0	0	0	0	0
1428611084909084110	CPU_0	0	0	1.61	98.38	0	0	0	0	0	0
1428611085529095099	CPU_0	0	0	0	100.00	0	0	0	0	0	0
1428611086156038116	CPU_0	0	0	0	98.38	0	1.61	0	0	0	0
1428611086776526896	CPU_0	0	0	0	100.00	0	0	0	0	0	0
1428611087397217008	CPU_0	0	0	0	100.00	0	0	0	0	0	0
1428611088017263080	CPU_0	0	0	0	96.82	0	3.17	0	0	0	0
1428611088643333766	CPU_0	0	0	1.61	98.38	0	0	0	0	0	0
1428611089263803838	CPU_0	0	0	1.61	98.38	0	0	0	0	0	0
1428611089884588575	CPU_0	0	0	0	100.00	0	0	0	0	0	0
1428611090504748814	CPU_0	0	0	0	100.00	0	0	0	0	0	0
1428611091124724261	CPU_0	0	0	0	100.00	0	0	0	0	0	0
1428611091751255238	CPU_0	0	0	1.58	98.41	0	0	0	0	0	0
1428611092371357769	CPU_0	0	0	0	98.38	0	1.61	0	0	0	0
1428611092992076340	CPU_0	0	0	1.61	98.38	0	0	0	0	0	0
1428611093612599620	CPU_0	0	0	0	100.00	0	0	0	0	0	0
1428611094239547346	CPU_0	0	0	0	98.38	0	1.61	0	0	0	0
1428611094859359586	CPU_0	0	0	0	100.00	0	0	0	0	0	0
1428611095480920447	CPU_0	0	0	0	100.00	0	0	0	0	0	0
1428611096101520269	CPU_0	0	0	1.58	96.82	0	1.58	0	0	0	0
1428611096722513757	CPU_0	0	0	0	100.00	0	0	0	0	0	0
1428611097350429440	CPU_0	0	0	0	100.00	0	0	0	0	0	0
1428611097972039218	CPU_0	0	0	0	98.38	0	1.61	0	0	0	0
1428611098592721790	CPU_0	0	0	1.58	98.41	0	0	0	0	0	0
1428611099214585734	CPU_0	0	0	0	100.00	0	0	0	0	0	0
1428611099841417462	CPU_0	0	0	0	100.00	0	0	0	0	0	0
1428611100462905032	CPU_0	0	0	0	96.82	1.58	1.58	0	0	0	0
1428611101083839687	CPU_0	0	0	0	100.00	0	0	0	0	0	0
1428611101705227507	CPU_0	0	0	0	100.00	0	0	0	0	0	0
1428611102333677857	CPU_0	0	0	1.56	96.87	0	1.56	0	0	0	0
1428611102955165177	CPU_0	0	0	0	100.00	0	0	0	0	0	0
1428611103576218499	CPU_0	0	0	0	100.00	0	0	0	0	0	0
1428611104197357737	CPU_0	0	0	1.58	96.82	0	1.58	0	0	0	0
1428611104818188350	CPU_0	0	0	0	100.00	0	0	0	0	0	0
1428611105445768952	CPU_0	0	0	1.56	95.31	0	1.56	1.56	0	0	0
1428611106066668232	CPU_0	0	0	1.61	98.38	0	0	0	0	0	0
1428611106688159761	CPU_0	0	0	1.61	98.38	0	0	0	0	0	0
1428611107308841584	CPU_0	0	0	0	100.00	0	0	0	0	0	0
1428611107936453602	CPU_0	0	0	0	100.00	0	0	0	0	0	0
1428611108557216383	CPU_0	0	0	0	98.38	0	1.61	0	0	0	0
1428611109178762829	CPU_0	0	0	1.47	88.23	0	10.29	0	0	0	0
1428611109799481859	CPU_0	0	0	0	100.00	0	0	0	0	0	0
1428611110420703848	CPU_0	0	0	1.61	98.38	0	0	0	0	0	0
1428611111048195075	CPU_0	0	0	0	100.00	0	0	0	0	0	0
1428611111669260314	CPU_0	0	0	0	100.00	0	0	0	0	0	0
1428611112290336761	CPU_0	0	0	0	100.00	0	0	0	0	0	0
1428611112912251665	CPU_0	0	0	0	100.00	0	0	0	0	0	0
1428611113539977725	CPU_0	0	0	0	95.31	0	0	4.68	0	0	0
1428611114161660546	CPU_0	0	0	1.61	98.38	0	0	0	0	0	0
1428611114782703202	CPU_0	0	0	0	100.00	0	0	0	0	0	0
1428611115403471108	CPU_0	0	0	1.61	98.38	0	0	0	0	0	0
1428611116034398204	CPU_0	0	0	1.61	98.38	0	0	0	0	0	0
1428611116655708443	CPU_0	0	0	0	100.00	0	0	0	0	0	0
1428611117276076933	CPU_0	0	0	0	100.00	0	0	0	0	0	0
1428611117896866131	CPU_0	0	0	1.61	98.38	0	0	0	0	0	0
1428611118518093204	CPU_0	0	0	0	100.00	0	0	0	0	0	0
1428611119145650598	CPU_0	0	0	0	100.00	0	0	0	0	0	0
1428611119766083963	CPU_0	0	0	1.61	98.38	0	0	0	0	0	0
1428611120386647704	CPU_0	0	0	0	100.00	0	0	0	0	0	0
1428611121008593733	CPU_0	0	0	0	100.00	0	0	0	0	0	0
1428611121636083836	CPU_0	0	0	1.61	98.38	0	0	0	0	0	0
1428611122256806868	CPU_0	0	0	0	100.00	0	0	0	0	0	0
1428611122877465150	CPU_0	0	0	0	98.38	0	1.61	0	0	0	0
1428611123499032389	CPU_0	0	0	0	100.00	0	0	0	0	0	0
1428611124119941337	CPU_0	0	0	1.61	98.38	0	0	0	0	0	0
1428611124746833942	CPU_0	0	0	0	100.00	0	0	0	0	0	0
1428611125367398516	CPU_0	0	0	0	98.38	0	1.61	0	0	0	0
1428611125988235631	CPU_0	0	0	0	100.00	0	0	0	0	0	0
1428611126609789620	CPU_0	0	0	3.27	96.72	0	0	0	0	0	0
1428611127236697683	CPU_0	0	0	0	95.31	0	4.68	0	0	0	0
1428611127858218547	CPU_0	0	0	1.61	98.38	0	0	0	0	0	0
1428611128479465912	CPU_0	0	0	1.61	98.38	0	0	0	0	0	0
1428611129101995483	CPU_0	0	0	0	100.00	0	0	0	0	0	0
1428611129724126013	CPU_0	0	0	0	100.00	0	0	0	0	0	0
1428611130350407577	CPU_0	0	0	0	100.00	0	0	0	0	0	0
1428611130971639234	CPU_0	0	0	0	100.00	0	0	0	0	0	0
1428611131593663056	CPU_0	0	0	1.61	98.38	0	0	0	0	0	0
1428611132214903587	CPU_0	0	0	0	100.00	0	0	0	0	0	0
1428611132843419939	CPU_0	0	0	1.58	98.41	0	0	0	0	0	0
1428611133464990429	CPU_0	0	0	0	98.38	0	1.61	0	0	0	0
1428611134086828502	CPU_0	0	0	0	91.04	0	0	8.95	0	0	0
1428611134708285075	CPU_0	0	0	0	100.00	0	0	0	0	0	0
1428611135336189303	CPU_0	0	0	0	98.41	0	1.58	0	0	0	0
1428611135958080792	CPU_0	0	0	0	98.38	1.61	0	0	0	0	0
1428611136580796238	CPU_0	6.34	0	6.34	85.71	0	1.58	0	0	0	0
1428611137201662813	CPU_0	0	0	0	100.00	0	0	0	0	0	0
1428611137822654554	CPU_0	0	0	1.58	98.41	0	0	0	0	0	0
1428611138449800284	CPU_0	0	0	0	100.00	0	0	0	0	0	0
1428611139071055400	CPU_0	0	0	1.58	96.82	0	1.58	0	0	0	0
1428611139691983891	CPU_0	0	0	0	100.00	0	0	0	0	0	0
1428611140313021757	CPU_0	0	0	0	100.00	0	0	0	0	0	0
1428611140940535237	CPU_0	0	0	0	96.82	0	3.17	0	0	0	0
1428611141563203017	CPU_0	0	0	0	100.00	0	0	0	0	0	0
1428611142184662799	CPU_0	0	0	1.61	98.38	0	0	0	0	0	0
1428611142806653413	CPU_0	0	0	0	100.00	0	0	0	0	0	0
1428611143428866694	CPU_0	0	0	0	100.00	0	0	0	0	0	0
1428611144056919756	CPU_0	0	0	1.61	98.38	0	0	0	0	0	0
1428611144679541162	CPU_0	0	0	0	100.00	0	0	0	0	0	0
1428611145302096401	CPU_0	0	0	0	98.36	0	1.63	0	0	0	0
1428611145924259723	CPU_0	0	0	1.61	98.38	0	0	0	0	0	0
1428611146554217824	CPU_0	0	0	0	100.00	0	0	0	0	0	0
1428611147176211189	CPU_0	0	0	1.61	96.77	0	1.61	0	0	0	0
1428611147798311054	CPU_0	0	0	0	100.00	0	0	0	0	0	0
1428611148419382087	CPU_0	0	0	0	100.00	0	0	0	0	0	0
1428611149049056313	CPU_0	0	0	1.53	95.38	0	3.07	0	0	0	0
1428611149671173637	CPU_0	0	0	0	100.00	0	0	0	0	0	0
1428611150293164335	CPU_0	0	0	0	100.00	0	0	0	0	0	0
1428611150914439369	CPU_0	0	0	0	100.00	0	0	0	0	0	0
1428611151537920065	CPU_0	1.61	0	0	98.38	0	0	0	0	0	0
1428611152165832961	CPU_0	0	0	0	100.00	0	0	0	0	0	0
1428611152788004159	CPU_0	0	0	0	100.00	0	0	0	0	0	0
1428611153409485859	CPU_0	0	0	1.58	96.82	0	1.58	0	0	0	0
1428611154033230930	CPU_0	0	0	0	100.00	0	0	0	0	0	0
1428611154661541201	CPU_0	0	0	1.58	98.41	0	0	0	0	0	0
1428611155283402733	CPU_0	0	0	0	98.38	0	1.61	0	0	0	0
1428611155904853308	CPU_0	0	0	0	100.00	0	0	0	0	0	0
1428611156527801839	CPU_0	0	0	0	100.00	0	0	0	0	0	0
1428611157155711486	CPU_0	0	0	0	98.41	0	1.58	0	0	0	0
1428611157778006976	CPU_0	0	0	1.61	98.38	0	0	0	0	0	0
1428611158399224177	CPU_0	0	0	1.61	98.38	0	0	0	0	0	0
1428611159022711790	CPU_0	0	0	0	98.38	0	1.61	0	0	0	0
1428611159644156949	CPU_0	0	0	0	100.00	0	0	0	0	0	0
1428611160272482012	CPU_0	0	0	0	100.00	0	0	0	0	0	0
1428611160894843377	CPU_0	0	0	0	100.00	0	0	0	0	0	0
1428611161518326366	CPU_0	0	0	0	96.77	0	3.22	0	0	0	0
1428611162139863816	CPU_0	0	0	0	100.00	0	0	0	0	0	0
1428611162768476503	CPU_0	0	0	1.61	98.38	0	0	0	0	0	0
1428611163390395037	CPU_0	0	0	0	100.00	0	0	0	0	0	0
1428611164013793150	CPU_0	0	0	1.58	98.41	0	0	0	0	0	0
1428611164635448768	CPU_0	0	0	1.61	98.38	0	0	0	0	0	0
1428611165265380870	CPU_0	0	0	1.58	96.82	0	1.58	0	0	0	0
1428611165886856695	CPU_0	0	0	0	98.38	1.61	0	0	0	0	0
1428611166510027893	CPU_0	0	0	0	100.00	0	0	0	0	0	0
1428611167131166095	CPU_0	0	0	0	100.00	0	0	0	0	0	0
1428611167753657336	CPU_0	0	0	0	98.38	0	1.61	0	0	0	0
1428611168381523067	CPU_0	0	0	0	100.00	0	0	0	0	0	0
1428611169004341349	CPU_0	0	0	0	100.00	0	0	0	0	0	0
1428611169625693592	CPU_0	0	0	0	98.36	0	1.63	0	0	0	0
1428611170247969041	CPU_0	0	0	0	100.00	0	0	0	0	0	0
1428611170875537690	CPU_0	0	0	1.58	98.41	0	0	0	0	0	0
1428611171498665971	CPU_0	0	0	1.61	96.77	0	1.61	0	0	0	0
1428611172120547297	CPU_0	0	0	0	100.00	0	0	0	0	0	0
1428611172743369038	CPU_0	0	0	0	98.38	0	1.61	0	0	0	0
1428611173367228985	CPU_0	0	0	0	100.00	0	0	0	0	0	0
1428611173995235758	CPU_0	0	0	0	100.00	0	0	0	0	0	0
1428611174617382666	CPU_0	0	0	1.61	98.38	0	0	0	0	0	0
1428611175240141074	CPU_0	0	0	1.61	98.38	0	0	0	0	0	0
1428611175862486941	CPU_0	0	0	0	98.38	0	1.61	0	0	0	0
1428611176492376835	CPU_0	0	0	1.61	98.38	0	0	0	0	0	0
1428611177115435868	CPU_0	0	0	0	98.41	0	1.58	0	0	0	0
1428611177738509566	CPU_0	0	0	0	100.00	0	0	0	0	0	0
1428611178361350224	CPU_0	0	0	0	100.00	0	0	0	0	0	0
1428611178990584912	CPU_0	0	0	0	100.00	0	0	0	0	0	0
1428611179613948652	CPU_0	0	0	0	100.00	0	0	0	0	0	0
1428611180237266851	CPU_0	0	0	0	98.41	0	1.58	0	0	0	0
1428611180860014426	CPU_0	0	0	0	100.00	0	0	0	0	0	0
1428611181482902083	CPU_0	0	0	0	100.00	0	0	0	0	0	0
1428611182111827939	CPU_0	0	0	0	98.41	0	1.58	0	0	0	0
1428611182734850013	CPU_0	0	0	0	100.00	0	0	0	0	0	0
1428611183357820921	CPU_0	1.61	0	1.61	95.16	0	1.61	0	0	0	0
1428611183980948745	CPU_0	0	0	0	98.33	0	1.66	0	0	0	0
1428611184612089763	CPU_0	11.11	0	3.17	82.53	0	3.17	0	0	0	0
1428611185235821045	CPU_0	0	0	0	100.00	0	0	0	0	0	0
1428611185859251202	CPU_0	0	0	1.61	98.38	0	0	0	0	0	0
1428611186482728151	CPU_0	0	0	0	93.84	0	4.61	1.53	0	0	0
1428611187112990713	CPU_0	0	0	0	100.00	0	0	0	0	0	0
1428611187736479162	CPU_0	0	0	0	100.00	0	0	0	0	0	0
1428611188359513153	CPU_0	0	0	1.63	98.36	0	0	0	0	0	0
1428611188982977811	CPU_0	0	0	0	100.00	0	0	0	0	0	0
1428611189608876297	CPU_0	4.91	0	1.63	93.44	0	0	0	0	0	0
1428611190236828321	CPU_0	0	0	0	100.00	0	0	0	0	0	0
1428611190859655564	CPU_0	0	0	0	96.82	1.58	0	1.58	0	0	0
1428611191483781303	CPU_0	0	0	1.63	98.36	0	0	0	0	0	0
1428611192107387002	CPU_0	0	0	0	100.00	0	0	0	0	0	0
1428611192737752564	CPU_0	0	0	0	100.00	0	0	0	0	0	0
1428611193361728596	CPU_0	0	0	1.58	96.82	0	1.58	0	0	0	0
1428611193984981879	CPU_0	0	0	1.58	96.82	0	1.58	0	0	0	0
1428611194608843620	CPU_0	0	0	0	100.00	0	0	0	0	0	0
1428611195238508767	CPU_0	0	0	0	100.00	0	0	0	0	0	0
1428611195861680550	CPU_0	0	0	0	100.00	0	0	0	0	0	0
1428611196484907834	CPU_0	0	0	1.61	98.38	0	0	0	0	0	0
1428611197109183032	CPU_0	0	0	0	98.41	0	1.58	0	0	0	0
1428611197738019389	CPU_0	0	0	1.61	98.38	0	0	0	0	0	0
1428611198364227000	CPU_0	0	0	0	100.00	0	0	0	0	0	0
1428611198987204576	CPU_0	0	0	0	100.00	0	0	0	0	0	0
1428611199611404775	CPU_0	0	0	0	98.38	0	1.61	0	0	0	0
1428611200233895976	CPU_0	0	0	0	100.00	0	0	0	0	0	0
1428611200863866456	CPU_0	0	0	1.58	98.41	0	0	0	0	0	0
1428611201486504700	CPU_0	0	0	1.58	96.82	0	1.58	0	0	0	0
1428611202110717774	CPU_0	0	0	1.61	98.38	0	0	0	0	0	0
1428611202733020893	CPU_0	0	0	0	100.00	0	0	0	0	0	0
1428611203362651873	CPU_0	0	0	0	96.82	0	1.58	1.58	0	0	0
1428611203985276575	CPU_0	0	0	0	100.00	0	0	0	0	0	0
1428611204608927650	CPU_0	0	0	0	100.00	0	0	0	0	0	0
1428611205231414436	CPU_0	0	0	1.63	98.36	0	0	0	0	0	0
1428611205860416335	CPU_0	0	0	1.56	96.87	0	1.56	0	0	0	0
1428611206486214698	CPU_0	0	0	0	100.00	0	0	0	0	0	0
1428611207110102606	CPU_0	0	0	0	100.00	0	0	0	0	0	0
1428611207733776764	CPU_0	0	0	0	98.38	0	1.61	0	0	0	0
1428611208356948674	CPU_0	0	0	0	100.00	0	0	0	0	0	0
1428611208987437653	CPU_0	0	0	0	100.00	0	0	0	0	0	0
1428611209611452103	CPU_0	0	0	0	100.00	0	0	0	0	0	0
1428611210234845429	CPU_0	0	0	1.58	96.82	0	1.58	0	0	0	0
1428611210857829173	CPU_0	0	0	0	100.00	0	0	0	0	0	0
1428611211487922987	CPU_0	0	0	0	98.38	0	0	1.61	0	0	0
1428611212112606810	CPU_0	0	0	0	98.41	0	1.58	0	0	0	0
1428611212736103970	CPU_0	0	0	0	100.00	0	0	0	0	0	0
1428611213359367296	CPU_0	0	0	0	98.38	0	1.61	0	0	0	0
1428611213993137770	CPU_0	0	0	1.58	98.41	0	0	0	0	0	0
1428611214617011221	CPU_0	0	0	0	100.00	0	0	0	0	0	0
1428611215241491962	CPU_0	0	0	1.61	98.38	0	0	0	0	0	0
1428611215864725539	CPU_0	0	0	0	98.38	0	0	1.61	0	0	0
1428611216488718447	CPU_0	0	0	0	98.38	0	1.61	0	0	0	0
1428611217119685135	CPU_0	0	0	0	100.00	0	0	0	0	0	0
1428611217743719252	CPU_0	0	0	0	100.00	0	0	0	0	0	0
1428611218367246912	CPU_0	0	0	1.58	96.82	0	1.58	0	0	0	0
1428611218991336321	CPU_0	0	0	1.58	98.41	0	0	0	0	0	0
1428611219622498300	CPU_0	0	0	1.58	98.41	0	0	0	0	0	0
1428611220246004210	CPU_0	0	0	0	98.38	0	1.61	0	0	0	0
1428611220869708953	CPU_0	0	0	0	100.00	0	0	0	0	0	0
1428611221493335196	CPU_0	0	0	0	96.77	0	3.22	0	0	0	0
1428611222123919635	CPU_0	0	0	1.58	98.41	0	0	0	0	0	0
1428611222747436753	CPU_0	0	0	0	100.00	0	0	0	0	0	0
1428611223370658456	CPU_0	0	0	0	100.00	0	0	0	0	0	0
1428611223994540449	CPU_0	0	0	1.56	96.87	0	0	1.56	0	0	0
1428611224619129149	CPU_0	0	0	0	100.00	0	0	0	0	0	0
1428611225249999129	CPU_0	0	0	0	100.00	0	0	0	0	0	0
1428611225873775455	CPU_0	0	0	1.61	98.38	0	0	0	0	0	0
1428611226497168324	CPU_0	0	0	0	96.82	0	3.17	0	0	0	0
1428611227121441775	CPU_0	0	0	0	100.00	0	0	0	0	0	0
1428611227752025631	CPU_0	0	0	1.58	98.41	0	0	0	0	0	0
1428611228375784666	CPU_0	0	0	0	100.00	0	0	0	0	0	0
1428611229000304075	CPU_0	0	0	1.58	98.41	0	0	0	0	0	0
1428611229624535526	CPU_0	0	0	0	100.00	0	0	0	0	0	0
1428611230254541675	CPU_0	0	0	0	100.00	0	0	0	0	0	0
1428611230878420335	CPU_0	0	0	1.58	95.23	1.58	1.58	0	0	0	0
1428611231501871455	CPU_0	0	0	0	100.00	0	0	0	0	0	0
1428611232126466947	CPU_0	0	0	0	96.82	0	0	3.17	0	0	0
1428611232750490024	CPU_0	0	0	1.58	96.82	0	1.58	0	0	0	0
1428611233379200675	CPU_0	0	0	0	100.00	0	0	0	0	0	0
1428611234002462878	CPU_0	0	0	0	100.00	0	0	0	0	0	0
1428611234626944788	CPU_0	0	0	1.61	98.38	0	0	0	0	0	0
1428611235250136366	CPU_0	0	0	0	98.41	0	1.58	0	0	0	0
1428611235880447056	CPU_0	0	0	0	100.00	0	0	0	0	0	0
1428611236503785260	CPU_0	0	0	0	100.00	0	0	0	0	0	0
1428611237127943086	CPU_0	0	0	1.56	96.87	0	1.56	0	0	0	0
1428611237751341206	CPU_0	0	0	1.61	98.38	0	0	0	0	0	0
1428611238381069315	CPU_0	0	0	0	100.00	0	0	0	0	0	0
1428611239004716226	CPU_0	0	0	0	98.38	0	1.61	0	0	0	0
1428611239629007761	CPU_0	0	0	0	100.00	0	0	0	0	0	0
1428611240252562089	CPU_0	0	0	0	98.41	0	1.58	0	0	0	0
1428611240879074162	CPU_0	0	0	1.61	98.38	0	0	0	0	0	0
1428611241508101564	CPU_0	0	0	1.61	98.38	0	0	0	0	0	0
1428611242133041181	CPU_0	0	0	0	100.00	0	0	0	0	0	0
1428611242756894592	CPU_0	0	0	0	100.00	0	0	0	0	0	0
1428611243380220838	CPU_0	0	0	0	98.38	0	1.61	0	0	0	0
1428611244010506196	CPU_0	0	0	0	100.00	0	0	0	0	0	0
1428611244634670981	CPU_0	0	0	0	100.00	0	0	0	0	0	0
1428611245258062435	CPU_0	0	0	0	100.00	0	0	0	0	0	0
1428611245881433722	CPU_0	0	0	3.17	95.23	0	1.58	0	0	0	0
1428611246511599456	CPU_0	0	0	0	100.00	0	0	0	0	0	0
1428611247135917491	CPU_0	1.58	0	0	95.23	0	3.17	0	0	0	0
1428611247760007444	CPU_0	0	0	0	100.00	0	0	0	0	0	0
1428611248384107105	CPU_0	0	0	0	100.00	0	0	0	0	0	0
1428611249015492670	CPU_0	0	0	0	100.00	0	0	0	0	0	0
1428611249639978706	CPU_0	0	0	1.63	98.36	0	0	0	0	0	0
1428611250263731701	CPU_0	0	0	1.58	98.41	0	0	0	0	0	0
1428611250887077030	CPU_0	0	0	1.63	98.36	0	0	0	0	0	0
1428611251510814817	CPU_0	0	0	0	98.38	0	1.61	0	0	0	0
1428611252141385425	CPU_0	0	0	0	100.00	0	0	0	0	0	0
1428611252765980378	CPU_0	0	0	0	98.41	0	0	1.58	0	0	0
1428611253389314707	CPU_0	0	0	1.58	96.82	0	1.58	0	0	0	0
1428611254013177744	CPU_0	0	0	0	100.00	0	0	0	0	0	0
1428611254644288518	CPU_0	0	0	1.58	98.41	0	0	0	0	0	0
1428611255268322263	CPU_0	0	0	1.61	98.38	0	0	0	0	0	0
1428611255891922593	CPU_0	0	0	0	96.82	1.58	1.58	0	0	0	0
1428611256516388379	CPU_0	0	0	0	100.00	0	0	0	0	0	0
1428611257147871069	CPU_0	0	0	0	100.00	0	0	0	0	0	0
1428611257772616980	CPU_0	0	0	1.58	96.82	0	1.58	0	0	0	0
1428611258396443600	CPU_0	0	0	0	100.00	0	0	0	0	0	0
1428611259021346511	CPU_0	0	0	1.58	96.82	0	1.58	0	0	0	0
1428611259645644673	CPU_0	0	0	0	100.00	0	0	0	0	0	0
1428611260276337531	CPU_0	0	0	1.58	98.41	0	0	0	0	0	0
1428611260899992486	CPU_0	0	0	0	100.00	0	0	0	0	0	0
1428611261524416647	CPU_0	0	0	0	96.82	0	1.58	1.58	0	0	0
1428611262148454810	CPU_0	0	0	1.61	98.38	0	0	0	0	0	0
1428611262779303626	CPU_0	0	0	0	100.00	0	0	0	0	0	0
1428611263403417164	CPU_0	0	0	0	98.41	0	1.58	0	0	0	0
1428611264027471201	CPU_0	0	0	1.61	98.38	0	0	0	0	0	0
1428611264652345404	CPU_0	0	0	0	100.00	0	0	0	0	0	0
1428611265283686137	CPU_0	0	0	1.58	98.41	0	0	0	0	0	0
1428611265907311258	CPU_0	0	0	1.58	96.82	0	1.58	0	0	0	0
1428611266531518129	CPU_0	0	0	0	98.38	0	1.61	0	0	0	0
1428611267155953000	CPU_0	0	0	0	100.00	0	0	0	0	0	0
1428611267791273975	CPU_0	0	0	1.58	98.41	0	0	0	0	0	0
1428611268415202180	CPU_0	0	0	0	100.00	0	0	0	0	0	0
1428611269039495884	CPU_0	0	0	0	96.82	0	0	3.17	0	0	0
1428611269663907546	CPU_0	0	0	0	98.38	0	1.61	0	0	0	0
1428611270288010918	CPU_0	0	0	1.58	98.41	0	0	0	0	0	0
1428611270918143153	CPU_0	0	0	0	100.00	0	0	0	0	0	0
1428611271542616482	CPU_0	0	0	0	98.38	0	1.61	0	0	0	0
1428611272167925726	CPU_0	0	0	0	100.00	0	0	0	0	0	0
1428611272792650347	CPU_0	0	0	1.61	98.38	0	0	0	0	0	0
1428611273423761830	CPU_0	0	0	0	92.53	0	7.46	0	0	0	0
1428611274047611077	CPU_0	0	0	0	100.00	0	0	0	0	0	0
1428611274673018947	CPU_0	0	0	0	100.00	0	0	0	0	0	0
1428611275296726486	CPU_0	0	0	0	100.00	0	0	0	0	0	0
1428611275926917971	CPU_0	0	0	3.12	96.87	0	0	0	0	0	0
1428611276551297093	CPU_0	0	0	0	100.00	0	0	0	0	0	0
1428611277175433589	CPU_0	0	0	1.61	98.38	0	0	0	0	0	0
1428611277798822796	CPU_0	0	0	1.61	98.38	0	0	0	0	0	0
1428611278422553168	CPU_0	0	0	0	100.00	0	0	0	0	0	0
1428611279053146529	CPU_0	0	0	0	100.00	0	0	0	0	0	0
1428611279677854191	CPU_0	0	0	0	100.00	0	0	0	0	0	0
1428611280301786855	CPU_0	0	0	0	100.00	0	0	0	0	0	0
1428611280924872854	CPU_0	0	0	1.61	98.38	0	0	0	0	0	0
1428611281555426965	CPU_0	1.61	0	0	98.38	0	0	0	0	0	0
1428611282179931711	CPU_0	0	0	0	100.00	0	0	0	0	0	0
1428611282803847625	CPU_0	0	0	0	100.00	0	0	0	0	0	0
1428611283427495457	CPU_0	0	0	0	98.38	0	1.61	0	0	0	0
1428611284057907526	CPU_0	0	0	1.58	98.41	0	0	0	0	0	0
1428611284682805105	CPU_0	0	0	1.51	92.42	0	6.06	0	0	0	0
1428611285306447020	CPU_0	0	0	1.53	95.38	0	0	3.07	0	0	0
1428611285930616268	CPU_0	0	0	1.63	98.36	0	0	0	0	0	0
1428611286556023763	CPU_0	0	0	0	100.00	0	0	0	0	0	0
1428611287185587167	CPU_0	0	0	0	100.00	0	0	0	0	0	0
1428611287809760331	CPU_0	0	0	0	100.00	0	0	0	0	0	0
1428611288433831454	CPU_0	0	0	0	100.00	0	0	0	0	0	0
1428611289058209701	CPU_0	0	0	0	100.00	0	0	0	0	0	0
1428611289690191435	CPU_0	0	0	1.61	98.38	0	0	0	0	0	0
1428611290314913515	CPU_0	0	0	0	100.00	0	0	0	0	0	0
1428611290938915222	CPU_0	0	0	1.61	96.77	1.61	0	0	0	0	0
1428611291563336844	CPU_0	0	0	0	100.00	0	0	0	0	0	0
1428611292194066497	CPU_0	0	0	0	100.00	0	0	0	0	0	0
1428611292818801535	CPU_0	0	0	0	100.00	0	0	0	0	0	0
1428611293442803450	CPU_0	0	0	1.61	98.38	0	0	0	0	0	0
1428611294067656739	CPU_0	0	0	0	98.41	0	1.58	0	0	0	0
1428611294698756516	CPU_0	0	0	1.58	98.41	0	0	0	0	0	0
1428611295323550263	CPU_0	0	0	0	98.38	0	1.61	0	0	0	0
1428611295947743261	CPU_0	0	0	1.61	98.38	0	0	0	0	0	0
1428611296572550008	CPU_0	0	0	0	100.00	0	0	0	0	0	0
1428611297197403713	CPU_0	0	0	0	98.41	0	0	1.58	0	0	0
1428611297829061282	CPU_0	0	0	0	98.41	0	1.58	0	0	0	0
1428611298453189613	CPU_0	0	0	1.61	98.38	0	0	0	0	0	0
1428611299078266152	CPU_0	0	0	0	100.00	0	0	0	0	0	0
1428611299703131566	CPU_0	0	0	0	100.00	0	0	0	0	0	0
1428611300334656009	CPU_0	0	0	0	96.87	0	3.12	0	0	0	0
1428611300959310549	CPU_0	0	0	1.61	98.38	0	0	0	0	0	0
1428611301584388962	CPU_0	0	0	0	100.00	0	0	0	0	0	0
1428611302209343585	CPU_0	0	0	0	100.00	0	0	0	0	0	0
1428611302840847278	CPU_0	0	0	1.58	98.41	0	0	0	0	0	0
1428611303465209568	CPU_0	1.56	0	3.12	92.18	0	3.12	0	0	0	0
1428611304091073481	CPU_0	0	0	1.69	98.30	0	0	0	0	0	0
1428611304716635436	CPU_0	11.47	0	0	86.88	0	1.63	0	0	0	0
1428611305345017219	CPU_0	0	0	0	98.41	0	1.58	0	0	0	0
1428611305975046665	CPU_0	0	0	0	98.36	1.63	0	0	0	0	0
1428611306600439287	CPU_0	0	0	0	98.41	0	1.58	0	0	0	0
1428611307225567993	CPU_0	0	0	0	100.00	0	0	0	0	0	0
1428611307851162323	CPU_0	0	0	0	100.00	0	0	0	0	0	0
1428611308481975768	CPU_0	0	0	1.56	96.87	0	0	1.56	0	0	0
1428611309107315974	CPU_0	3.22	0	0	95.16	0	1.61	0	0	0	0
1428611309732597846	CPU_0	3.17	0	1.58	95.23	0	0	0	0	0	0
1428611310357894510	CPU_0	0	0	0	100.00	0	0	0	0	0	0
1428611310989059913	CPU_0	0	0	0	98.38	0	1.61	0	0	0	0
1428611311614528827	CPU_0	0	0	1.58	98.41	0	0	0	0	0	0
1428611312239667992	CPU_0	0	0	0	100.00	0	0	0	0	0	0
1428611312864672531	CPU_0	0	0	0	93.93	0	6.06	0	0	0	0
1428611313494303604	CPU_0	0	0	0	100.00	0	0	0	0	0	0
1428611314119633269	CPU_0	0	0	0	100.00	0	0	0	0	0	0
1428611314744670808	CPU_0	0	0	0	100.00	0	0	0	0	0	0
1428611315369731806	CPU_0	0	0	0	100.00	0	0	0	0	0	0
1428611315993677057	CPU_0	0	0	1.63	98.36	0	0	0	0	0	0
1428611316625050294	CPU_0	0	0	0	98.41	0	0	1.58	0	0	0
1428611317250315083	CPU_0	0	0	0	100.00	0	0	0	0	0	0
1428611317875049582	CPU_0	0	0	0	100.00	0	0	0	0	0	0
1428611318499030624	CPU_0	0	0	0	100.00	0	0	0	0	0	0
1428611319130501194	CPU_0	0	0	0	100.00	0	0	0	0	0	0
1428611319756725316	CPU_0	0	0	1.61	98.38	0	0	0	0	0	0
1428611320381428315	CPU_0	0	0	1.51	93.93	0	4.54	0	0	0	0
1428611321006959271	CPU_0	0	0	0	95.31	0	0	4.68	0	0	0
1428611321639241048	CPU_0	0	0	0	100.00	0	0	0	0	0	0
1428611322265647794	CPU_0	0	0	0	100.00	0	0	0	0	0	0
1428611322890921668	CPU_0	0	0	0	100.00	0	0	0	0	0	0
1428611323515829417	CPU_0	0	0	1.61	98.38	0	0	0	0	0	0
1428611324151265313	CPU_0	0	0	0	100.00	0	0	0	0	0	0
1428611324777054811	CPU_0	0	0	0	100.00	0	0	0	0	0	0
1428611325401885810	CPU_0	0	0	1.61	98.38	0	0	0	0	0	0
1428611326027226726	CPU_0	0	0	0	98.38	1.61	0	0	0	0	0
1428611326652485183	CPU_0	0	0	0	100.00	0	0	0	0	0	0
1428611327284127836	CPU_0	0	0	0	100.00	0	0	0	0	0	0
1428611327909164461	CPU_0	0	0	0	98.38	0	1.61	0	0	0	0
1428611328533986419	CPU_0	0	0	1.61	98.38	0	0	0	0	0	0
1428611329158329544	CPU_0	0	0	0	98.41	0	1.58	0	0	0	0
1428611329789778782	CPU_0	0	0	0	100.00	0	0	0	0	0	0
1428611330414457115	CPU_0	0	0	0	100.00	0	0	0	0	0	0
1428611331039343448	CPU_0	0	0	0	100.00	0	0	0	0	0	0
1428611331663938240	CPU_0	0	0	0	93.84	0	6.15	0	0	0	0
1428611332295645894	CPU_0	0	0	0	100.00	0	0	0	0	0	0
1428611332921019602	CPU_0	0	0	1.61	98.38	0	0	0	0	0	0
1428611333545853060	CPU_0	0	0	0	100.00	0	0	0	0	0	0
1428611334171124601	CPU_0	0	0	1.61	98.38	0	0	0	0	0	0
1428611334796700058	CPU_0	0	0	0	100.00	0	0	0	0	0	0
1428611335427279714	CPU_0	0	0	0	100.00	0	0	0	0	0	0
1428611336052472172	CPU_0	0	0	1.63	98.36	0	0	0	0	0	0
1428611336677626089	CPU_0	0	0	0	100.00	0	0	0	0	0	0
1428611337304234461	CPU_0	0	0	0	100.00	0	0	0	0	0	0
1428611337936319823	CPU_0	0	0	1.61	98.38	0	0	0	0	0	0
1428611338561458989	CPU_0	0	0	0	100.00	0	0	0	0	0	0
1428611339187464363	CPU_0	0	0	0	100.00	0	0	0	0	0	0
1428611339813550403	CPU_0	0	0	0	93.84	0	6.15	0	0	0	0
1428611340445397849	CPU_0	1.58	0	0	98.41	0	0	0	0	0	0
1428611341070910098	CPU_0	0	0	3.17	96.82	0	0	0	0	0	0
1428611341696356389	CPU_0	0	0	0	100.00	0	0	0	0	0	0
1428611342322244347	CPU_0	0	0	1.58	98.41	0	0	0	0	0	0
1428611342953578044	CPU_0	0	0	0	100.00	0	0	0	0	0	0
1428611343578592836	CPU_0	0	0	0	100.00	0	0	0	0	0	0
1428611344204388835	CPU_0	0	0	0	100.00	0	0	0	0	0	0
1428611344830492250	CPU_0	0	0	0	100.00	0	0	0	0	0	0
1428611345457291665	CPU_0	0	0	1.61	98.38	0	0	0	0	0	0
1428611346087503614	CPU_0	0	0	1.58	98.41	0	0	0	0	0	0
1428611346714494861	CPU_0	0	0	1.61	98.38	0	0	0	0	0	0
1428611347339903861	CPU_0	0	0	0	98.41	0	1.58	0	0	0	0
1428611347965526361	CPU_0	0	0	0	100.00	0	0	0	0	0	0
1428611348596811809	CPU_0	0	0	0	98.41	0	1.58	0	0	0	0
1428611349223402515	CPU_0	0	0	0	100.00	0	0	0	0	0	0
1428611349848272767	CPU_0	0	0	0	98.41	0	0	1.58	0	0	0
1428611350473757183	CPU_0	0	0	0	100.00	0	0	0	0	0	0
1428611351105773547	CPU_0	0	0	1.58	98.41	0	0	0	0	0	0
1428611351732363628	CPU_0	0	0	0	98.38	0	1.61	0	0	0	0
1428611352357748087	CPU_0	0	0	0	100.00	0	0	0	0	0	0
1428611352984297044	CPU_0	0	0	0	100.00	0	0	0	0	0	0
1428611353616771157	CPU_0	0	0	0	91.17	0	7.35	1.47	0	0	0
1428611354243258239	CPU_0	0	0	0	100.00	0	0	0	0	0	0
1428611354868752031	CPU_0	0	0	0	100.00	0	0	0	0	0	0
1428611355494058032	CPU_0	0	0	1.58	98.41	0	0	0	0	0	0
1428611356121657695	CPU_0	0	0	1.61	96.77	1.61	0	0	0	0	0
1428611356752600853	CPU_0	0	0	0	100.00	0	0	0	0	0	0
1428611357378343478	CPU_0	0	0	0	100.00	0	0	0	0	0	0
1428611358003870437	CPU_0	0	0	0	100.00	0	0	0	0	0	0
1428611358629613479	CPU_0	0	0	0	100.00	0	0	0	0	0	0
1428611359262440217	CPU_0	0	0	0	100.00	0	0	0	0	0	0
1428611359888108967	CPU_0	0	0	1.61	98.38	0	0	0	0	0	0
1428611360513587968	CPU_0	0	0	0	100.00	0	0	0	0	0	0
1428611361139495927	CPU_0	0	0	1.63	98.36	0	0	0	0	0	0
1428611361772678997	CPU_0	0	0	0	100.00	0	0	0	0	0	0
1428611362397895332	CPU_0	0	0	0	100.00	0	0	0	0	0	0
1428611363023805708	CPU_0	0	0	0	100.00	0	0	0	0	0	0
1428611363650127707	CPU_0	0	0	0	93.93	0	6.06	0	0	0	0
1428611364283019362	CPU_0	0	0	1.58	98.41	0	0	0	0	0	0
1428611364909246779	CPU_0	0	0	0	100.00	0	0	0	0	0	0
1428611365534371447	CPU_0	0	0	1.56	95.31	0	0	3.12	0	0	0
1428611366160105032	CPU_0	0	0	0	100.00	0	0	0	0	0	0
1428611366788244653	CPU_0	1.61	0	1.61	96.77	0	0	0	0	0	0
1428611367418793521	CPU_0	0	0	0	100.00	0	0	0	0	0	0
1428611368044775771	CPU_0	0	0	0	100.00	0	0	0	0	0	0
1428611368669987773	CPU_0	0	0	1.61	98.38	0	0	0	0	0	0
1428611369297113439	CPU_0	0	0	0	100.00	0	0	0	0	0	0
1428611369929799719	CPU_0	0	0	0	100.00	0	0	0	0	0	0
1428611370555644637	CPU_0	0	0	0	100.00	0	0	0	0	0	0
1428611371181452722	CPU_0	0	0	1.63	98.36	0	0	0	0	0	0
1428611371807998596	CPU_0	0	0	0	98.38	0	1.61	0	0	0	0
1428611372440076503	CPU_0	0	0	0	100.00	0	0	0	0	0	0
1428611373066861836	CPU_0	0	0	0	100.00	0	0	0	0	0	0
1428611373692800212	CPU_0	0	0	0	96.82	0	3.17	0	0	0	0
1428611374319703337	CPU_0	0	0	1.61	98.38	0	0	0	0	0	0
1428611374952177743	CPU_0	0	0	0	100.00	0	0	0	0	0	0
1428611375578842326	CPU_0	0	0	0	100.00	0	0	0	0	0	0
1428611376204976369	CPU_0	0	0	0	100.00	0	0	0	0	0	0
1428611376831804036	CPU_0	0	0	0	100.00	0	0	0	0	0	0
1428611377464372192	CPU_0	0	0	1.58	98.41	0	0	0	0	0	0
1428611378090267735	CPU_0	1.58	0	0	96.82	0	1.58	0	0	0	0
1428611378717649734	CPU_0	0	0	1.58	98.41	0	0	0	0	0	0
1428611379345289524	CPU_0	0	0	0	100.00	0	0	0	0	0	0
1428611379971730067	CPU_0	0	0	0	98.41	0	1.58	0	0	0	0
1428611380604363640	CPU_0	0	0	0	100.00	0	0	0	0	0	0
1428611381231224182	CPU_0	0	0	1.61	98.38	0	0	0	0	0	0
1428611381858393681	CPU_0	0	0	0	96.87	0	1.56	1.56	0	0	0
1428611382485387389	CPU_0	0	0	1.61	98.38	0	0	0	0	0	0
1428611383118006629	CPU_0	0	0	0	100.00	0	0	0	0	0	0
1428611383744518130	CPU_0	0	0	0	96.87	0	3.12	0	0	0	0
1428611384371717963	CPU_0	0	0	0	100.00	0	0	0	0	0	0
1428611384997772549	CPU_0	0	0	0	100.00	0	0	0	0	0	0
1428611385631304870	CPU_0	0	0	1.58	98.41	0	0	0	0	0	0
1428611386258230912	CPU_0	0	0	1.58	96.82	1.58	0	0	0	0	0
1428611386886054495	CPU_0	0	0	1.51	93.93	0	4.54	0	0	0	0
1428611387512887162	CPU_0	0	0	0	100.00	0	0	0	0	0	0
1428611388145992693	CPU_0	0	0	0	100.00	0	0	0	0	0	0
1428611388772962402	CPU_0	0	0	0	100.00	0	0	0	0	0	0
1428611389400120610	CPU_0	0	0	0	100.00	0	0	0	0	0	0
1428611390026177904	CPU_0	0	0	0	96.82	0	0	3.17	0	0	0
1428611390662592346	CPU_0	0	0	0	100.00	0	0	0	0	0	0
1428611391289384139	CPU_0	0	0	1.61	98.38	0	0	0	0	0	0
1428611391916146474	CPU_0	0	0	0	100.00	0	0	0	0	0	0
1428611392542697184	CPU_0	0	0	1.61	98.38	0	0	0	0	0	0
1428611393169008144	CPU_0	0	0	0	100.00	0	0	0	0	0	0
1428611393801425552	CPU_0	0	0	0	98.41	0	1.58	0	0	0	0
1428611394427108972	CPU_0	0	0	0	100.00	0	0	0	0	0	0
1428611395052915641	CPU_0	0	0	0	100.00	0	0	0	0	0	0
1428611395679336852	CPU_0	0	0	1.58	96.82	0	1.58	0	0	0	0
1428611396312234717	CPU_0	0	0	1.58	98.41	0	0	0	0	0	0
1428611396938101845	CPU_0	0	0	0	100.00	0	0	0	0	0	0
1428611397564222973	CPU_0	0	0	0	98.41	0	1.58	0	0	0	0
1428611398190404851	CPU_0	0	0	0	100.00	0	0	0	0	0	0
1428611398823892590	CPU_0	0	0	1.56	98.43	0	0	0	0	0	0
1428611399450592759	CPU_0	0	0	0	100.00	0	0	0	0	0	0
1428611400076402429	CPU_0	0	0	0	98.38	0	1.61	0	0	0	0
1428611400702678473	CPU_0	0	0	1.58	98.41	0	0	0	0	0	0
1428611401336871295	CPU_0	0	0	0	100.00	0	0	0	0	0	0
1428611401963215215	CPU_0	0	0	0	98.38	0	1.61	0	0	0	0
1428611402589672884	CPU_0	0	0	0	100.00	0	0	0	0	0	0
1428611403215686221	CPU_0	0	0	0	98.41	0	1.58	0	0	0	0
1428611403843319304	CPU_0	0	0	0	100.00	0	0	0	0	0	0
1428611404474094466	CPU_0	0	0	0	98.41	0	1.58	0	0	0	0
1428611405099856512	CPU_0	0	0	1.58	98.41	0	0	0	0	0	0
1428611405725799682	CPU_0	0	0	0	100.00	0	0	0	0	0	0
1428611406352179435	CPU_0	0	0	1.53	93.84	0	0	4.61	0	0	0
1428611406984912135	CPU_0	0	0	0	100.00	0	0	0	0	0	0
1428611407611274971	CPU_0	0	0	0	98.41	0	1.58	0	0	0	0
1428611408237593224	CPU_0	0	0	0	92.42	0	7.57	0	0	0	0
1428611408864732018	CPU_0	0	0	0	100.00	0	0	0	0	0	0
1428611409498077009	CPU_0	0	0	0	100.00	0	0	0	0	0	0
1428611410124372220	CPU_0	0	0	1.61	98.38	0	0	0	0	0	0
1428611410750999973	CPU_0	0	0	1.58	98.41	0	0	0	0	0	0
1428611411377912684	CPU_0	0	0	1.61	98.38	0	0	0	0	0	0
1428611412011261675	CPU_0	0	0	0	100.00	0	0	0	0	0	0
1428611412637261012	CPU_0	0	0	0	100.00	0	0	0	0	0	0
1428611413263325641	CPU_0	0	0	0	100.00	0	0	0	0	0	0
1428611413890684226	CPU_0	0	0	1.61	98.38	0	0	0	0	0	0
1428611414523544552	CPU_0	0	0	0	100.00	0	0	0	0	0	0
1428611415149637223	CPU_0	0	0	1.61	98.38	0	0	0	0	0	0
1428611415775964726	CPU_0	0	0	0	100.00	0	0	0	0	0	0
1428611416402773604	CPU_0	0	0	0	98.41	1.58	0	0	0	0	0
1428611417030621731	CPU_0	0	0	0	100.00	0	0	0	0	0	0
1428611417663945347	CPU_0	0	0	1.56	98.43	0	0	0	0	0	0
1428611418292338222	CPU_0	0	0	1.61	98.38	0	0	0	0	0	0
1428611418919391683	CPU_0	0	0	1.58	98.41	0	0	0	0	0	0
1428611419547659226	CPU_0	0	0	0	98.41	0	1.58	0	0	0	0
1428611420180978717	CPU_0	0	0	0	100.00	0	0	0	0	0	0
1428611420808502094	CPU_0	0	0	0	100.00	0	0	0	0	0	0
1428611421436391096	CPU_0	0	0	0	100.00	0	0	0	0	0	0
1428611422063986889	CPU_0	0	0	0	98.36	0	1.63	0	0	0	0
1428611422697560381	CPU_0	0	0	1.58	98.41	0	0	0	0	0	0
1428611423325564840	CPU_0	1.56	0	1.56	95.31	0	1.56	0	0	0	0
1428611423952781802	CPU_0	0	0	0	95.08	0	4.91	0	0	0	0
1428611424580398179	CPU_0	11.66	0	1.66	86.66	0	0	0	0	0	0
1428611425213817546	CPU_0	0	0	0	100.00	0	0	0	0	0	0
1428611425841259590	CPU_0	0	0	1.58	96.82	0	1.58	0	0	0	0
1428611426467962635	CPU_0	0	0	0	100.00	0	0	0	0	0	0
1428611427095108680	CPU_0	0	0	1.58	98.41	0	0	0	0	0	0
1428611427729078713	CPU_0	0	0	0	100.00	0	0	0	0	0	0
1428611428356938798	CPU_0	0	0	0	98.41	0	1.58	0	0	0	0
1428611428984425134	CPU_0	0	0	1.58	96.82	0	1.58	0	0	0	0
1428611429612569969	CPU_0	4.83	0	1.61	93.54	0	0	0	0	0	0
1428611430241873511	CPU_0	0	0	0	98.41	0	0	1.58	0	0	0
1428611430874071588	CPU_0	0	0	0	100.00	0	0	0	0	0	0
1428611431501708216	CPU_0	0	0	0	100.00	0	0	0	0	0	0
1428611432128465845	CPU_0	0	0	1.61	96.77	0	1.61	0	0	0	0
1428611432756312264	CPU_0	0	0	0	100.00	0	0	0	0	0	0
1428611433391175088	CPU_0	0	0	0	100.00	0	0	0	0	0	0
1428611434019135548	CPU_0	0	0	0	98.38	0	1.61	0	0	0	0
1428611434646935509	CPU_0	0	0	0	100.00	0	0	0	0	0	0
1428611435274183680	CPU_0	0	0	1.61	98.38	0	0	0	0	0	0
1428611435909085295	CPU_0	0	0	1.56	96.87	0	1.56	0	0	0	0
1428611436535856716	CPU_0	0	0	0	100.00	0	0	0	0	0	0
1428611437163288594	CPU_0	0	0	1.58	96.82	0	1.58	0	0	0	0
1428611437790831973	CPU_0	0	0	0	98.41	0	0	1.58	0	0	0
1428611438424976673	CPU_0	0	0	0	100.00	0	0	0	0	0	0
1428611439052058760	CPU_0	0	0	0	100.00	0	0	0	0	0	0
1428611439679777555	CPU_0	0	0	1.56	96.87	0	1.56	0	0	0	0
1428611440306902726	CPU_0	0	0	0	100.00	0	0	0	0	0	0
1428611440941798133	CPU_0	0	0	1.58	98.41	0	0	0	0	0	0
1428611441568783429	CPU_0	0	0	0	91.17	0	1.47	7.35	0	0	0
1428611442196029517	CPU_0	0	0	0	100.00	0	0	0	0	0	0
1428611442822821938	CPU_0	0	0	0	100.00	0	0	0	0	0	0
1428611443460168716	CPU_0	0	0	1.56	96.87	0	1.56	0	0	0	0
1428611444087059471	CPU_0	0	0	0	100.00	0	0	0	0	0	0
1428611444714113434	CPU_0	0	0	0	100.00	0	0	0	0	0	0
1428611445341098148	CPU_0	0	0	0	100.00	0	0	0	0	0	0
1428611445968318111	CPU_0	0	0	3.07	93.84	1.53	1.53	0	0	0	0
1428611446602206937	CPU_0	0	0	0	100.00	0	0	0	0	0	0
1428611447229473524	CPU_0	0	0	0	100.00	0	0	0	0	0	0
1428611447857345195	CPU_0	0	0	0	98.41	0	1.58	0	0	0	0
1428611448483789159	CPU_0	0	0	0	100.00	0	0	0	0	0	0
1428611449117919777	CPU_0	0	0	0	100.00	0	0	0	0	0	0
1428611449745456989	CPU_0	0	0	0	98.38	0	1.61	0	0	0	0
1428611450373799117	CPU_0	0	0	1.58	98.41	0	0	0	0	0	0
1428611451001260455	CPU_0	0	0	0	100.00	0	0	0	0	0	0
1428611451635362156	CPU_0	0	0	0	98.41	0	1.58	0	0	0	0
1428611452262228537	CPU_0	0	0	1.58	96.82	0	1.58	0	0	0	0
1428611452890158790	CPU_0	0	0	0	100.00	0	0	0	0	0	0
1428611453517399420	CPU_0	0	0	1.58	98.41	0	0	0	0	0	0
1428611454151588288	CPU_0	0	0	0	100.00	0	0	0	0	0	0
1428611454778404419	CPU_0	0	0	0	100.00	0	0	0	0	0	0
1428611455406360965	CPU_0	0	0	0	95.38	0	4.61	0	0	0	0
1428611456032760846	CPU_0	0	0	0	100.00	0	0	0	0	0	0
1428611456666204174	CPU_0	0	0	0	100.00	0	0	0	0	0	0
1428611457293170180	CPU_0	0	0	1.58	98.41	0	0	0	0	0	0
1428611457921449142	CPU_0	0	0	0	100.00	0	0	0	0	0	0
1428611458548233273	CPU_0	0	0	0	100.00	0	0	0	0	0	0
1428611459176397319	CPU_0	0	0	0	100.00	0	0	0	0	0	0
1428611459808768648	CPU_0	0	0	1.58	98.41	0	0	0	0	0	0
1428611460436592695	CPU_0	0	0	0	100.00	0	0	0	0	0	0
1428611461063593742	CPU_0	0	0	0	100.00	0	0	0	0	0	0
1428611461691050498	CPU_0	0	0	1.58	96.82	0	1.58	0	0	0	0
1428611462324996617	CPU_0	0	0	0	100.00	0	0	0	0	0	0
1428611462953093288	CPU_0	0	0	0	100.00	0	0	0	0	0	0
1428611463579748003	CPU_0	0	0	0	98.38	0	1.61	0	0	0	0
1428611464206217218	CPU_0	0	0	1.58	98.41	0	0	0	0	0	0
1428611464839496422	CPU_0	0	0	0	100.00	0	0	0	0	0	0
1428611465466915136	CPU_0	0	0	1.44	89.85	0	8.69	0	0	0	0
1428611466094167684	CPU_0	0	0	1.61	98.38	0	0	0	0	0	0
1428611466721347440	CPU_0	0	0	0	100.00	0	0	0	0	0	0
1428611467355134601	CPU_0	0	0	0	100.00	0	0	0	0	0	0
1428611467983382189	CPU_0	0	0	1.61	98.38	0	0	0	0	0	0
1428611468610027821	CPU_0	0	0	0	100.00	0	0	0	0	0	0
1428611469237008911	CPU_0	0	0	0	100.00	0	0	0	0	0	0
1428611469870043116	CPU_0	0	0	0	100.00	0	0	0	0	0	0
1428611470497869454	CPU_0	0	0	0	100.00	0	0	0	0	0	0
1428611471124612628	CPU_0	0	0	1.61	98.38	0	0	0	0	0	0
1428611471752132343	CPU_0	0	0	1.61	98.38	0	0	0	0	0	0
1428611472380846264	CPU_0	0	0	0	100.00	0	0	0	0	0	0
1428611473013904343	CPU_0	0	0	0	100.00	0	0	0	0	0	0
1428611473640855183	CPU_0	0	0	0	100.00	0	0	0	0	0	0
1428611474268428981	CPU_0	0	0	0	100.00	0	0	0	0	0	0
1428611474896120362	CPU_0	0	0	0	100.00	0	0	0	0	0	0
1428611475529768607	CPU_0	0	0	1.58	98.41	0	0	0	0	0	0
1428611476156759823	CPU_0	0	0	1.58	96.82	1.58	0	0	0	0	0
1428611476783221998	CPU_0	0	0	1.58	98.41	0	0	0	0	0	0
1428611477411562128	CPU_0	0	0	0	98.41	0	1.58	0	0	0	0
1428611478045119707	CPU_0	0	0	0	100.00	0	0	0	0	0	0
1428611478672823421	CPU_0	0	0	0	100.00	0	0	0	0	0	0
1428611479300187428	CPU_0	0	0	0	100.00	0	0	0	0	0	0
1428611479928843266	CPU_0	0	0	1.56	96.87	0	1.56	0	0	0	0
1428611480563053219	CPU_0	0	0	0	100.00	0	0	0	0	0	0
1428611481190817267	CPU_0	0	0	0	100.00	0	0	0	0	0	0
1428611481819331939	CPU_0	0	0	0	98.41	0	1.58	0	0	0	0
1428611482449053483	CPU_0	0	0	0	100.00	0	0	0	0	0	0
1428611483083355437	CPU_0	0	0	0	100.00	0	0	0	0	0	0
1428611483711242568	CPU_0	0	0	0	96.87	0	3.12	0	0	0	0
1428611484338884950	CPU_0	0	0	1.61	98.38	0	0	0	0	0	0
1428611484967471205	CPU_0	0	0	0	100.00	0	0	0	0	0	0
1428611485601943199	CPU_0	0	0	0	100.00	0	0	0	0	0	0
1428611486229230124	CPU_0	0	0	3.17	96.82	0	0	0	0	0	0
1428611486856316048	CPU_0	0	0	1.61	98.38	0	0	0	0	0	0
1428611487484950012	CPU_0	0	0	0	98.38	0	0	1.61	0	0	0
1428611488118564091	CPU_0	0	0	1.56	96.87	0	1.56	0	0	0	0
1428611488748709302	CPU_0	0	0	0	100.00	0	0	0	0	0	0
1428611489376175227	CPU_0	0	0	0	100.00	0	0	0	0	0	0
1428611490004639816	CPU_0	0	0	0	98.41	0	1.58	0	0	0	0
1428611490632289031	CPU_0	0	0	0	100.00	0	0	0	0	0	0
1428611491266528360	CPU_0	0	0	0	98.41	0	0	1.58	0	0	0
1428611491894105159	CPU_0	0	0	0	98.41	0	1.58	0	0	0	0
1428611492523167956	CPU_0	0	0	0	100.00	0	0	0	0	0	0
1428611493150714130	CPU_0	0	0	3.17	96.82	0	0	0	0	0	0
1428611493784892626	CPU_0	0	0	1.56	98.43	0	0	0	0	0	0
1428611494413383298	CPU_0	0	0	0	98.38	0	1.61	0	0	0	0
1428611495041491305	CPU_0	0	0	1.49	92.53	0	5.97	0	0	0	0
1428611495669311937	CPU_0	0	0	0	100.00	0	0	0	0	0	0
1428611496303541517	CPU_0	0	0	0	100.00	0	0	0	0	0	0
1428611496931480899	CPU_0	0	0	0	100.00	0	0	0	0	0	0
1428611497559676572	CPU_0	0	0	1.58	98.41	0	0	0	0	0	0
1428611498188217037	CPU_0	0	0	0	100.00	0	0	0	0	0	0
1428611498822886907	CPU_0	0	0	0	100.00	0	0	0	0	0	0
1428611499452077371	CPU_0	0	0	0	100.00	0	0	0	0	0	0
1428611500079789712	CPU_0	0	0	0	100.00	0	0	0	0	0	0
1428611500707926927	CPU_0	0	0	0	100.00	0	0	0	0	0	0
1428611501341997757	CPU_0	0	0	1.58	98.41	0	0	0	0	0	0
1428611501970263931	CPU_0	0	0	1.58	98.41	0	0	0	0	0	0
1428611502598810438	CPU_0	1.58	0	0	98.41	0	0	0	0	0	0
1428611503227337361	CPU_0	0	0	1.58	96.82	0	0	1.58	0	0	0
1428611503861053192	CPU_0	0	0	0	98.43	0	1.56	0	0	0	0
1428611504489795365	CPU_0	0	0	0	100.00	0	0	0	0	0	0
1428611505117407248	CPU_0	0	0	0	100.00	0	0	0	0	0	0
1428611505745674714	CPU_0	0	0	0	98.38	0	1.61	0	0	0	0
1428611506375732051	CPU_0	0	0	3.07	95.38	1.53	0	0	0	0	0
1428611507009304632	CPU_0	0	0	0	98.41	0	0	1.58	0	0	0
1428611507637888848	CPU_0	0	0	0	98.38	0	1.61	0	0	0	0
1428611508266050939	CPU_0	0	0	0	100.00	0	0	0	0	0	0
1428611508893760822	CPU_0	0	0	0	100.00	0	0	0	0	0	0
1428611509528957901	CPU_0	0	0	0	91.30	0	8.69	0	0	0	0
1428611510156447618	CPU_0	0	0	0	100.00	0	0	0	0	0	0
1428611510797090104	CPU_0	0	0	1.58	98.41	0	0	0	0	0	0
