#Timestamp	CPU_ID	user%	nice%	sys%	idle%	iowait%	irq%	softiq%	steal%	guest%	guest_nice%
1428565738683280502	CPU_4	3.38	0	3.38	93.22	0	0	0	0	0	0
1428565739366355017	CPU_4	0	0	0	100.00	0	0	0	0	0	0
1428565740063956800	CPU_4	0	0	0	100.00	0	0	0	0	0	0
1428565740747190398	CPU_4	0	0	0	100.00	0	0	0	0	0	0
1428565741433948490	CPU_4	0	0	0	100.00	0	0	0	0	0	0
1428565742127902988	CPU_4	0	0	0	100.00	0	0	0	0	0	0
1428565742815701036	CPU_4	0	0	0	100.00	0	0	0	0	0	0
1428565743507942286	CPU_4	0	0	0	100.00	0	0	0	0	0	0
1428565744204206738	CPU_4	0	0	0	100.00	0	0	0	0	0	0
1428565744890903247	CPU_4	0	0	0	100.00	0	0	0	0	0	0
1428565745579848710	CPU_4	0	0	0	100.00	0	0	0	0	0	0
1428565746275552162	CPU_4	0	0	0	100.00	0	0	0	0	0	0
1428565746963117128	CPU_4	0	0	0	100.00	0	0	0	0	0	0
1428565747647772306	CPU_4	0	0	0	100.00	0	0	0	0	0	0
1428565748346819836	CPU_4	0	0	0	100.00	0	0	0	0	0	0
1428565749036112007	CPU_4	0	0	0	100.00	0	0	0	0	0	0
1428565749724746595	CPU_4	0	0	0	100.00	0	0	0	0	0	0
1428565750422166878	CPU_4	0	0	0	100.00	0	0	0	0	0	0
1428565751163541547	CPU_4	1.35	0	2.70	95.94	0	0	0	0	0	0
1428565751859276582	CPU_4	0	0	0	100.00	0	0	0	0	0	0
1428565752546484714	CPU_4	0	0	0	100.00	0	0	0	0	0	0
1428565753234832970	CPU_4	0	0	0	100.00	0	0	0	0	0	0
1428565753928826591	CPU_4	0	0	0	100.00	0	0	0	0	0	0
1428565754617465345	CPU_4	0	0	0	100.00	0	0	0	0	0	0
1428565755304859727	CPU_4	0	0	0	100.00	0	0	0	0	0	0
1428565756002134009	CPU_4	0	0	0	100.00	0	0	0	0	0	0
1428565756691751220	CPU_4	0	0	0	100.00	0	0	0	0	0	0
1428565757377206813	CPU_4	0	0	0	100.00	0	0	0	0	0	0
1428565758075414219	CPU_4	0	0	0	100.00	0	0	0	0	0	0
1428565758766098720	CPU_4	0	0	0	100.00	0	0	0	0	0	0
1428565759452557978	CPU_4	0	0	0	100.00	0	0	0	0	0	0
1428565760150011968	CPU_4	0	0	0	100.00	0	0	0	0	0	0
1428565760836874058	CPU_4	0	0	0	100.00	0	0	0	0	0	0
1428565761524946313	CPU_4	0	0	0	100.00	0	0	0	0	0	0
1428565762223247301	CPU_4	0	0	0	100.00	0	0	0	0	0	0
1428565762910556974	CPU_4	0	0	0	100.00	0	0	0	0	0	0
1428565763609145295	CPU_4	0	0	0	100.00	0	0	0	0	0	0
1428565764305718244	CPU_4	0	0	0	100.00	0	0	0	0	0	0
1428565764994081040	CPU_4	0	0	0	100.00	0	0	0	0	0	0
1428565765693387027	CPU_4	0	0	0	100.00	0	0	0	0	0	0
1428565766381430448	CPU_4	0	0	0	100.00	0	0	0	0	0	0
1428565767072709906	CPU_4	0	0	0	100.00	0	0	0	0	0	0
1428565767775842719	CPU_4	0	0	0	100.00	0	0	0	0	0	0
1428565768462883558	CPU_4	0	0	0	100.00	0	0	0	0	0	0
1428565769155085806	CPU_4	0	0	0	100.00	0	0	0	0	0	0
1428565769855172207	CPU_4	0	0	0	100.00	0	0	0	0	0	0
1428565770543716836	CPU_4	0	0	0	100.00	0	0	0	0	0	0
1428565771233980211	CPU_4	0	0	0	100.00	0	0	0	0	0	0
1428565771932693865	CPU_4	0	0	0	100.00	0	0	0	0	0	0
1428565772622037783	CPU_4	0	0	0	100.00	0	0	0	0	0	0
1428565773314097823	CPU_4	0	0	0	100.00	0	0	0	0	0	0
1428565774011761228	CPU_4	0	0	0	100.00	0	0	0	0	0	0
1428565774703267184	CPU_4	0	0	0	100.00	0	0	0	0	0	0
1428565775408970492	CPU_4	0	0	0	100.00	0	0	0	0	0	0
1428565776097246538	CPU_4	0	0	0	100.00	0	0	0	0	0	0
1428565776788692869	CPU_4	0	0	0	100.00	0	0	0	0	0	0
1428565777490814766	CPU_4	0	0	0	100.00	0	0	0	0	0	0
1428565778179198436	CPU_4	0	0	0	100.00	0	0	0	0	0	0
1428565778871269725	CPU_4	0	0	0	100.00	0	0	0	0	0	0
1428565779568870546	CPU_4	0	0	0	100.00	0	0	0	0	0	0
1428565780261408667	CPU_4	0	0	0	100.00	0	0	0	0	0	0
1428565780951370959	CPU_4	0	0	0	100.00	0	0	0	0	0	0
1428565781649478654	CPU_4	0	0	0	100.00	0	0	0	0	0	0
1428565782340461111	CPU_4	0	0	0	100.00	0	0	0	0	0	0
1428565783033463398	CPU_4	0	0	0	100.00	0	0	0	0	0	0
1428565783736278085	CPU_4	0	0	0	100.00	0	0	0	0	0	0
1428565784426957542	CPU_4	0	0	0	100.00	0	0	0	0	0	0
1428565785118316081	CPU_4	0	0	0	100.00	0	0	0	0	0	0
1428565785817677983	CPU_4	0	0	0	100.00	0	0	0	0	0	0
1428565786507348691	CPU_4	0	0	0	100.00	0	0	0	0	0	0
1428565787206607926	CPU_4	0	0	0	100.00	0	0	0	0	0	0
1428565787897592715	CPU_4	0	0	0	100.00	0	0	0	0	0	0
1428565788589233212	CPU_4	0	0	0	100.00	0	0	0	0	0	0
1428565789286982407	CPU_4	0	0	0	100.00	0	0	0	0	0	0
1428565789977603655	CPU_4	0	0	0	100.00	0	0	0	0	0	0
1428565790665424992	CPU_4	0	0	0	100.00	0	0	0	0	0	0
1428565791366473431	CPU_4	0	0	0	100.00	0	0	0	0	0	0
1428565792055088891	CPU_4	0	0	0	100.00	0	0	0	0	0	0
1428565792743929017	CPU_4	0	0	0	100.00	0	0	0	0	0	0
1428565793442509544	CPU_4	0	0	0	100.00	0	0	0	0	0	0
1428565794133230167	CPU_4	0	0	0	100.00	0	0	0	0	0	0
1428565794821864001	CPU_4	0	0	0	100.00	0	0	0	0	0	0
1428565795521438318	CPU_4	0	0	0	100.00	0	0	0	0	0	0
1428565796210092485	CPU_4	0	0	0	100.00	0	0	0	0	0	0
1428565796905882683	CPU_4	0	0	0	100.00	0	0	0	0	0	0
1428565797603183545	CPU_4	0	0	0	100.00	0	0	0	0	0	0
1428565798292413753	CPU_4	0	0	0	100.00	0	0	0	0	0	0
1428565798991325279	CPU_4	0	0	0	100.00	0	0	0	0	0	0
1428565799681979443	CPU_4	0	0	0	100.00	0	0	0	0	0	0
1428565800370214277	CPU_4	0	0	0	100.00	0	0	0	0	0	0
1428565801079968369	CPU_4	0	0	0	100.00	0	0	0	0	0	0
1428565801772298363	CPU_4	0	0	0	100.00	0	0	0	0	0	0
1428565802461078738	CPU_4	0	0	0	100.00	0	0	0	0	0	0
1428565803160313638	CPU_4	0	0	0	100.00	0	0	0	0	0	0
1428565803850768969	CPU_4	0	0	0	100.00	0	0	0	0	0	0
1428565804540172968	CPU_4	0	0	0	100.00	0	0	0	0	0	0
1428565805242036405	CPU_4	0	0	0	100.00	0	0	0	0	0	0
1428565805931135238	CPU_4	0	0	0	100.00	0	0	0	0	0	0
1428565806622995691	CPU_4	0	0	0	100.00	0	0	0	0	0	0
1428565807322947589	CPU_4	0	0	0	100.00	0	0	0	0	0	0
1428565808012307546	CPU_4	0	0	0	100.00	0	0	0	0	0	0
1428565808711839654	CPU_4	0	0	0	100.00	0	0	0	0	0	0
1428565809402668108	CPU_4	0	0	0	100.00	0	0	0	0	0	0
1428565810092425440	CPU_4	0	0	0	100.00	0	0	0	0	0	0
1428565810794395709	CPU_4	0	0	0	100.00	0	0	0	0	0	0
1428565811482200419	CPU_4	0	0	0	100.00	0	0	0	0	0	0
1428565812174204288	CPU_4	0	0	0	100.00	0	0	0	0	0	0
1428565812875772391	CPU_4	0	0	0	100.00	0	0	0	0	0	0
1428565813566217513	CPU_4	0	0	0	100.00	0	0	0	0	0	0
1428565814256867217	CPU_4	0	0	0	100.00	0	0	0	0	0	0
1428565814960700192	CPU_4	0	0	0	100.00	0	0	0	0	0	0
1428565815652343270	CPU_4	0	0	0	100.00	0	0	0	0	0	0
1428565816346553593	CPU_4	0	0	0	100.00	0	0	0	0	0	0
1428565817044471369	CPU_4	0	0	0	100.00	0	0	0	0	0	0
1428565817736945195	CPU_4	0	0	0	100.00	0	0	0	0	0	0
1428565818441084377	CPU_4	0	0	0	100.00	0	0	0	0	0	0
1428565819131505998	CPU_4	0	0	0	100.00	0	0	0	0	0	0
1428565819823179159	CPU_4	0	0	0	100.00	0	0	0	0	0	0
1428565820524614887	CPU_4	0	0	0	100.00	0	0	0	0	0	0
1428565821215479799	CPU_4	0	0	0	100.00	0	0	0	0	0	0
1428565821912471992	CPU_4	0	0	0	100.00	0	0	0	0	0	0
1428565822615412926	CPU_4	0	0	0	100.00	0	0	0	0	0	0
1428565823307927085	CPU_4	0	0	0	100.00	0	0	0	0	0	0
1428565824004025363	CPU_4	0	0	0	100.00	0	0	0	0	0	0
1428565824710497957	CPU_4	0	0	0	100.00	0	0	0	0	0	0
1428565825402323867	CPU_4	0	0	0	100.00	0	0	0	0	0	0
1428565826095201234	CPU_4	0	0	0	100.00	0	0	0	0	0	0
1428565826793718258	CPU_4	0	0	0	100.00	0	0	0	0	0	0
1428565827487786331	CPU_4	0	0	0	100.00	0	0	0	0	0	0
1428565828187084645	CPU_4	0	0	0	100.00	0	0	0	0	0	0
1428565828878079139	CPU_4	0	0	0	100.00	0	0	0	0	0	0
1428565829569537883	CPU_4	0	0	0	100.00	0	0	0	0	0	0
1428565830272088525	CPU_4	0	0	0	100.00	0	0	0	0	0	0
1428565830962475853	CPU_4	0	0	0	100.00	0	0	0	0	0	0
1428565831653480305	CPU_4	0	0	0	100.00	0	0	0	0	0	0
1428565832354698866	CPU_4	0	0	0	100.00	0	0	0	0	0	0
1428565833046842941	CPU_4	0	0	0	100.00	0	0	0	0	0	0
1428565833740263848	CPU_4	0	0	0	100.00	0	0	0	0	0	0
1428565834440476244	CPU_4	0	0	0	100.00	0	0	0	0	0	0
1428565835131394779	CPU_4	0	0	0	100.00	0	0	0	0	0	0
1428565835824570311	CPU_4	0	0	0	100.00	0	0	0	0	0	0
1428565836521621628	CPU_4	0	0	0	100.00	0	0	0	0	0	0
1428565837214852868	CPU_4	0	0	0	100.00	0	0	0	0	0	0
1428565837920091338	CPU_4	0	0	0	100.00	0	0	0	0	0	0
1428565838610766832	CPU_4	0	0	0	100.00	0	0	0	0	0	0
1428565839302044950	CPU_4	0	0	0	100.00	0	0	0	0	0	0
1428565840001842096	CPU_4	0	0	0	100.00	0	0	0	0	0	0
1428565840694316712	CPU_4	0	0	0	100.00	0	0	0	0	0	0
1428565841388831283	CPU_4	0	0	0	100.00	0	0	0	0	0	0
1428565842087039097	CPU_4	0	0	0	100.00	0	0	0	0	0	0
1428565842779163255	CPU_4	0	0	0	100.00	0	0	0	0	0	0
1428565843470763789	CPU_4	0	0	0	100.00	0	0	0	0	0	0
1428565844170466059	CPU_4	0	0	0	100.00	0	0	0	0	0	0
1428565844862565259	CPU_4	0	0	0	100.00	0	0	0	0	0	0
1428565845553894668	CPU_4	0	0	0	100.00	0	0	0	0	0	0
1428565846253213939	CPU_4	0	0	0	100.00	0	0	0	0	0	0
1428565846946440011	CPU_4	0	0	0	100.00	0	0	0	0	0	0
1428565847644896825	CPU_4	0	0	0	100.00	0	0	0	0	0	0
1428565848341654808	CPU_4	0	0	0	100.00	0	0	0	0	0	0
1428565849032292385	CPU_4	0	0	0	100.00	0	0	0	0	0	0
1428565849731610864	CPU_4	0	0	0	100.00	0	0	0	0	0	0
1428565850423320021	CPU_4	0	0	0	100.00	0	0	0	0	0	0
1428565851116393844	CPU_4	0	0	0	100.00	0	0	0	0	0	0
1428565851815500781	CPU_4	0	0	0	100.00	0	0	0	0	0	0
1428565852508697937	CPU_4	0	0	0	100.00	0	0	0	0	0	0
1428565853201329468	CPU_4	0	0	0	100.00	0	0	0	0	0	0
1428565853906471562	CPU_4	0	0	0	100.00	0	0	0	0	0	0
1428565854598358344	CPU_4	0	0	0	100.00	0	0	0	0	0	0
1428565855290313793	CPU_4	0	0	0	100.00	0	0	0	0	0	0
1428565855991425393	CPU_4	0	0	0	100.00	0	0	0	0	0	0
1428565856684125299	CPU_4	0	0	0	100.00	0	0	0	0	0	0
1428565857385883815	CPU_4	0	0	0	100.00	0	0	0	0	0	0
1428565858083457004	CPU_4	0	0	0	100.00	0	0	0	0	0	0
1428565858775627661	CPU_4	0	0	0	100.00	0	0	0	0	0	0
1428565859477140010	CPU_4	0	0	0	100.00	0	0	0	0	0	0
1428565860169578124	CPU_4	0	0	0	100.00	0	0	0	0	0	0
1428565860866295982	CPU_4	0	0	0	100.00	0	0	0	0	0	0
1428565861565891334	CPU_4	0	0	0	100.00	0	0	0	0	0	0
1428565862259922529	CPU_4	0	0	0	100.00	0	0	0	0	0	0
1428565862951570936	CPU_4	0	0	0	100.00	0	0	0	0	0	0
1428565863659370149	CPU_4	0	0	0	100.00	0	0	0	0	0	0
1428565864351391347	CPU_4	0	0	0	100.00	0	0	0	0	0	0
1428565865043506795	CPU_4	0	0	0	100.00	0	0	0	0	0	0
1428565865750319510	CPU_4	0	0	0	100.00	0	0	0	0	0	0
1428565866445528536	CPU_4	0	0	0	100.00	0	0	0	0	0	0
1428565867145419888	CPU_4	0	0	0	100.00	0	0	0	0	0	0
1428565867839348207	CPU_4	0	0	0	100.00	0	0	0	0	0	0
1428565868532659569	CPU_4	0	0	0	100.00	0	0	0	0	0	0
1428565869233340002	CPU_4	0	0	0	100.00	0	0	0	0	0	0
1428565869926174323	CPU_4	0	0	0	100.00	0	0	0	0	0	0
1428565870619202186	CPU_4	0	0	0	100.00	0	0	0	0	0	0
1428565871321893949	CPU_4	0	0	0	100.00	0	0	0	0	0	0
1428565872016365101	CPU_4	0	0	0	100.00	0	0	0	0	0	0
1428565872706046177	CPU_4	0	0	0	100.00	0	0	0	0	0	0
1428565873410136812	CPU_4	0	0	0	100.00	0	0	0	0	0	0
1428565874101944968	CPU_4	0	0	0	100.00	0	0	0	0	0	0
1428565874795719579	CPU_4	0	0	0	100.00	0	0	0	0	0	0
1428565875496077595	CPU_4	0	0	0	100.00	0	0	0	0	0	0
1428565876190206997	CPU_4	0	0	0	100.00	0	0	0	0	0	0
1428565876889997015	CPU_4	0	0	0	100.00	0	0	0	0	0	0
1428565877583095335	CPU_4	0	0	0	100.00	0	0	0	0	0	0
1428565878276383654	CPU_4	0	0	0	100.00	0	0	0	0	0	0
1428565878977692419	CPU_4	0	0	0	100.00	0	0	0	0	0	0
1428565879669396449	CPU_4	0	0	0	100.00	0	0	0	0	0	0
1428565880360871105	CPU_4	0	0	0	100.00	0	0	0	0	0	0
1428565881061919537	CPU_4	0	0	0	100.00	0	0	0	0	0	0
1428565881756911478	CPU_4	0	0	0	100.00	0	0	0	0	0	0
1428565882447451219	CPU_4	0	0	0	100.00	0	0	0	0	0	0
1428565883150280272	CPU_4	0	0	0	100.00	0	0	0	0	0	0
1428565883841691928	CPU_4	0	0	0	100.00	0	0	0	0	0	0
1428565884550670096	CPU_4	0	0	0	100.00	0	0	0	0	0	0
1428565885242531751	CPU_4	0	0	0	100.00	0	0	0	0	0	0
1428565885938292357	CPU_4	0	0	0	100.00	0	0	0	0	0	0
1428565886637210125	CPU_4	0	0	0	100.00	0	0	0	0	0	0
1428565887330978902	CPU_4	0	0	0	100.00	0	0	0	0	0	0
1428565888021665100	CPU_4	0	0	0	100.00	0	0	0	0	0	0
1428565888724532194	CPU_4	0	0	0	100.00	0	0	0	0	0	0
1428565889417012514	CPU_4	0	0	0	100.00	0	0	0	0	0	0
1428565890107118755	CPU_4	0	0	0	100.00	0	0	0	0	0	0
1428565890808577393	CPU_4	0	0	0	100.00	0	0	0	0	0	0
1428565891503406043	CPU_4	0	0	0	100.00	0	0	0	0	0	0
1428565892192783201	CPU_4	0	0	0	100.00	0	0	0	0	0	0
1428565892895230379	CPU_4	0	0	0	100.00	0	0	0	0	0	0
1428565893589915653	CPU_4	0	0	0	100.00	0	0	0	0	0	0
1428565894296427200	CPU_4	0	0	0	100.00	0	0	0	0	0	0
1428565894988874020	CPU_4	0	0	0	100.00	0	0	0	0	0	0
1428565895681760672	CPU_4	0	0	0	100.00	0	0	0	0	0	0
1428565896382989810	CPU_4	0	0	0	100.00	0	0	0	0	0	0
1428565897076524503	CPU_4	0	0	0	100.00	0	0	0	0	0	0
1428565897766710742	CPU_4	0	0	0	100.00	0	0	0	0	0	0
1428565898469842627	CPU_4	0	0	0	100.00	0	0	0	0	0	0
1428565899162119947	CPU_4	0	0	0	100.00	0	0	0	0	0	0
1428565899853539351	CPU_4	0	0	0	100.00	0	0	0	0	0	0
1428565900556040237	CPU_4	0	0	0	100.00	0	0	0	0	0	0
1428565901249840220	CPU_4	0	0	0	100.00	0	0	0	0	0	0
1428565901940856917	CPU_4	0	0	0	100.00	0	0	0	0	0	0
1428565902644562509	CPU_4	0	0	0	100.00	0	0	0	0	0	0
1428565903338058534	CPU_4	0	0	0	100.00	0	0	0	0	0	0
1428565904041787959	CPU_4	0	0	0	100.00	0	0	0	0	0	0
1428565904735526109	CPU_4	0	0	0	100.00	0	0	0	0	0	0
1428565905429181134	CPU_4	0	0	0	100.00	0	0	0	0	0	0
1428565906132078686	CPU_4	0	0	0	100.00	0	0	0	0	0	0
1428565906826671209	CPU_4	0	0	0	100.00	0	0	0	0	0	0
1428565907520070318	CPU_4	0	0	0	100.00	0	0	0	0	0	0
1428565908224518491	CPU_4	0	0	0	100.00	0	0	0	0	0	0
1428565908917182976	CPU_4	0	0	0	100.00	0	0	0	0	0	0
1428565909610480418	CPU_4	0	0	0	100.00	0	0	0	0	0	0
1428565910312845137	CPU_4	0	0	0	100.00	0	0	0	0	0	0
1428565911009525531	CPU_4	0	0	0	100.00	0	0	0	0	0	0
1428565911712901415	CPU_4	0	0	0	100.00	0	0	0	0	0	0
1428565912407460604	CPU_4	0	0	0	100.00	0	0	0	0	0	0
1428565913103001834	CPU_4	0	0	0	100.00	0	0	0	0	0	0
1428565913806338051	CPU_4	0	0	0	100.00	0	0	0	0	0	0
1428565914500330074	CPU_4	0	0	0	100.00	0	0	0	0	0	0
1428565915192871517	CPU_4	0	0	0	100.00	0	0	0	0	0	0
1428565915901672349	CPU_4	0	0	0	100.00	0	0	0	0	0	0
1428565916597032371	CPU_4	0	0	0	100.00	0	0	0	0	0	0
1428565917288521190	CPU_4	0	0	0	100.00	0	0	0	0	0	0
1428565917992606363	CPU_4	0	0	0	100.00	0	0	0	0	0	0
1428565918686402137	CPU_4	0	0	0	100.00	0	0	0	0	0	0
1428565919388363605	CPU_4	0	0	0	100.00	0	0	0	0	0	0
1428565920082405212	CPU_4	0	0	0	100.00	0	0	0	0	0	0
1428565920776151819	CPU_4	0	0	0	100.00	0	0	0	0	0	0
1428565921478319745	CPU_4	0	0	0	100.00	0	0	0	0	0	0
1428565922172319185	CPU_4	0	0	0	100.00	0	0	0	0	0	0
1428565922866185500	CPU_4	0	0	0	100.00	0	0	0	0	0	0
1428565923569300716	CPU_4	0	0	0	100.00	0	0	0	0	0	0
1428565924262470323	CPU_4	0	0	0	100.00	0	0	0	0	0	0
1428565924954530724	CPU_4	0	0	0	100.00	0	0	0	0	0	0
1428565925657255608	CPU_4	0	0	0	100.00	0	0	0	0	0	0
1428565926350914006	CPU_4	0	0	0	100.00	0	0	0	0	0	0
1428565927051454393	CPU_4	0	0	0	100.00	0	0	0	0	0	0
1428565927750003783	CPU_4	0	0	0	100.00	0	0	0	0	0	0
1428565928441758809	CPU_4	0	0	0	100.00	0	0	0	0	0	0
1428565929143581235	CPU_4	0	0	0	100.00	0	0	0	0	0	0
1428565929837091092	CPU_4	0	0	0	100.00	0	0	0	0	0	0
1428565930533520985	CPU_4	0	0	0	100.00	0	0	0	0	0	0
1428565931234684204	CPU_4	0	0	0	100.00	0	0	0	0	0	0
1428565931928099560	CPU_4	0	0	0	100.00	0	0	0	0	0	0
1428565932621730875	CPU_4	0	0	0	100.00	0	0	0	0	0	0
1428565933325742172	CPU_4	0	0	0	100.00	0	0	0	0	0	0
1428565934019251861	CPU_4	0	0	0	100.00	0	0	0	0	0	0
1428565934711935427	CPU_4	0	0	0	100.00	0	0	0	0	0	0
1428565935413700644	CPU_4	0	0	0	100.00	0	0	0	0	0	0
1428565936108696748	CPU_4	0	0	0	100.00	0	0	0	0	0	0
1428565936808287052	CPU_4	0	0	0	100.00	0	0	0	0	0	0
1428565937503781030	CPU_4	0	0	0	100.00	0	0	0	0	0	0
1428565938195668722	CPU_4	0	0	0	100.00	0	0	0	0	0	0
1428565938897148897	CPU_4	0	0	0	100.00	0	0	0	0	0	0
1428565939591667126	CPU_4	0	0	0	100.00	0	0	0	0	0	0
1428565940286872729	CPU_4	0	0	0	100.00	0	0	0	0	0	0
1428565940987060324	CPU_4	0	0	0	100.00	0	0	0	0	0	0
1428565941684648923	CPU_4	0	0	0	100.00	0	0	0	0	0	0
1428565942376128656	CPU_4	0	0	0	100.00	0	0	0	0	0	0
1428565943086112776	CPU_4	0	0	0	100.00	0	0	0	0	0	0
1428565943788434284	CPU_4	0	0	0	100.00	0	0	0	0	0	0
1428565944537354547	CPU_4	0	0	0	100.00	0	0	0	0	0	0
1428565945228859073	CPU_4	0	0	0	100.00	0	0	0	0	0	0
1428565945922741219	CPU_4	0	0	0	100.00	0	0	0	0	0	0
1428565946627672638	CPU_4	0	0	0	100.00	0	0	0	0	0	0
1428565947321100743	CPU_4	0	0	0	100.00	0	0	0	0	0	0
1428565948015337722	CPU_4	0	0	0	100.00	0	0	0	0	0	0
1428565948720596183	CPU_4	0	0	0	100.00	0	0	0	0	0	0
1428565949414237371	CPU_4	0	0	0	100.00	0	0	0	0	0	0
1428565950119984664	CPU_4	0	0	0	100.00	0	0	0	0	0	0
1428565950811909854	CPU_4	0	0	0	100.00	0	0	0	0	0	0
1428565951508009788	CPU_4	0	0	0	100.00	0	0	0	0	0	0
1428565952212304916	CPU_4	0	0	0	100.00	0	0	0	0	0	0
1428565952906089020	CPU_4	0	0	0	100.00	0	0	0	0	0	0
1428565953604552450	CPU_4	0	0	0	100.00	0	0	0	0	0	0
1428565954309061078	CPU_4	0	0	0	100.00	0	0	0	0	0	0
1428565955001379184	CPU_4	0	0	0	100.00	0	0	0	0	0	0
1428565955698802616	CPU_4	0	0	0	100.00	0	0	0	0	0	0
1428565956401853246	CPU_4	0	0	0	100.00	0	0	0	0	0	0
1428565957095905724	CPU_4	0	0	0	100.00	0	0	0	0	0	0
1428565957804619928	CPU_4	0	0	0	100.00	0	0	0	0	0	0
1428565958500939194	CPU_4	0	0	0	100.00	0	0	0	0	0	0
1428565959194119590	CPU_4	0	0	0	100.00	0	0	0	0	0	0
1428565959898941175	CPU_4	0	0	0	100.00	0	0	0	0	0	0
1428565960595174483	CPU_4	0	0	0	100.00	0	0	0	0	0	0
1428565961290008710	CPU_4	0	0	0	100.00	0	0	0	0	0	0
1428565961992742465	CPU_4	0	0	0	100.00	0	0	0	0	0	0
1428565962686936609	CPU_4	0	0	0	100.00	0	0	0	0	0	0
1428565963381016087	CPU_4	0	0	0	100.00	0	0	0	0	0	0
1428565964086270171	CPU_4	0	0	0	100.00	0	0	0	0	0	0
1428565964777596528	CPU_4	0	0	0	100.00	0	0	0	0	0	0
1428565965482281822	CPU_4	0	0	0	100.00	0	0	0	0	0	0
1428565966181231041	CPU_4	0	0	0	100.00	0	0	0	0	0	0
1428565966875218185	CPU_4	0	0	0	100.00	0	0	0	0	0	0
1428565967580001353	CPU_4	0	0	0	100.00	0	0	0	0	0	0
1428565968274763538	CPU_4	0	0	0	100.00	0	0	0	0	0	0
1428565968966955976	CPU_4	0	0	0	100.00	0	0	0	0	0	0
1428565969673045559	CPU_4	0	0	0	100.00	0	0	0	0	0	0
1428565970368595367	CPU_4	0	0	0	100.00	0	0	0	0	0	0
1428565971062533344	CPU_4	0	0	0	100.00	0	0	0	0	0	0
1428565971767878761	CPU_4	0	0	0	100.00	0	0	0	0	0	0
1428565972462807611	CPU_4	0	0	0	100.00	0	0	0	0	0	0
1428565973157880587	CPU_4	0	0	0	100.00	0	0	0	0	0	0
1428565973860312466	CPU_4	0	0	0	100.00	0	0	0	0	0	0
1428565974551538073	CPU_4	0	0	0	100.00	0	0	0	0	0	0
1428565975257355947	CPU_4	0	0	0	100.00	0	0	0	0	0	0
1428565975950509383	CPU_4	0	0	0	100.00	0	0	0	0	0	0
1428565976644218569	CPU_4	0	0	0	100.00	0	0	0	0	0	0
1428565977347243739	CPU_4	0	0	0	100.00	0	0	0	0	0	0
1428565978042064714	CPU_4	0	0	0	100.00	0	0	0	0	0	0
1428565978737834104	CPU_4	0	0	0	100.00	0	0	0	0	0	0
1428565979442357563	CPU_4	0	0	0	100.00	0	0	0	0	0	0
1428565980136873539	CPU_4	0	0	0	100.00	0	0	0	0	0	0
1428565980830884724	CPU_4	0	0	0	100.00	0	0	0	0	0	0
1428565981532810229	CPU_4	0	0	0	100.00	0	0	0	0	0	0
1428565982229859991	CPU_4	0	0	0	100.00	0	0	0	0	0	0
1428565982937285445	CPU_4	0	0	0	100.00	0	0	0	0	0	0
1428565983636443788	CPU_4	0	0	0	100.00	0	0	0	0	0	0
1428565984329415766	CPU_4	0	0	0	100.00	0	0	0	0	0	0
1428565985032787601	CPU_4	0	0	0	100.00	0	0	0	0	0	0
1428565985729618656	CPU_4	0	0	0	100.00	0	0	0	0	0	0
1428565986423370090	CPU_4	0	0	0	100.00	0	0	0	0	0	0
1428565987126535259	CPU_4	0	0	0	100.00	0	0	0	0	0	0
1428565987821617983	CPU_4	0	0	0	100.00	0	0	0	0	0	0
1428565988513907212	CPU_4	0	0	0	100.00	0	0	0	0	0	0
1428565989227826280	CPU_4	0	0	0	100.00	0	0	0	0	0	0
1428565989922389213	CPU_4	0	0	0	100.00	0	0	0	0	0	0
1428565990626188630	CPU_4	0	0	0	100.00	0	0	0	0	0	0
1428565991325930596	CPU_4	0	0	0	100.00	0	0	0	0	0	0
1428565992021773610	CPU_4	0	0	0	100.00	0	0	0	0	0	0
1428565992723966197	CPU_4	0	0	0	100.00	0	0	0	0	0	0
1428565993419296920	CPU_4	0	0	0	100.00	0	0	0	0	0	0
1428565994116686640	CPU_4	0	0	0	100.00	0	0	0	0	0	0
1428565994820373224	CPU_4	0	0	0	100.00	0	0	0	0	0	0
1428565995514961906	CPU_4	0	0	0	100.00	0	0	0	0	0	0
1428565996212659334	CPU_4	0	0	0	100.00	0	0	0	0	0	0
1428565996916276376	CPU_4	0	0	0	100.00	0	0	0	0	0	0
1428565997615009010	CPU_4	0	0	0	100.00	0	0	0	0	0	0
1428565998327701412	CPU_4	0	0	0	100.00	0	0	0	0	0	0
1428565999022393303	CPU_4	0	0	0	100.00	0	0	0	0	0	0
1428565999722320017	CPU_4	0	0	0	100.00	0	0	0	0	0	0
1428566000428429722	CPU_4	0	0	0	100.00	0	0	0	0	0	0
1428566001124817943	CPU_4	0	0	0	100.00	0	0	0	0	0	0
1428566001821348705	CPU_4	0	0	0	100.00	0	0	0	0	0	0
1428566002523956540	CPU_4	0	0	0	100.00	0	0	0	0	0	0
1428566003222806257	CPU_4	0	0	0	100.00	0	0	0	0	0	0
1428566003918050687	CPU_4	0	0	0	100.00	0	0	0	0	0	0
1428566004622749727	CPU_4	0	0	0	100.00	0	0	0	0	0	0
1428566005317571659	CPU_4	0	0	0	100.00	0	0	0	0	0	0
1428566006029537145	CPU_4	0	0	0	100.00	0	0	0	0	0	0
1428566006725813448	CPU_4	0	0	0	100.00	0	0	0	0	0	0
1428566007422497876	CPU_4	0	0	0	100.00	0	0	0	0	0	0
1428566008126805417	CPU_4	0	0	0	100.00	0	0	0	0	0	0
1428566008822664013	CPU_4	0	0	0	100.00	0	0	0	0	0	0
1428566009517039778	CPU_4	0	0	0	100.00	0	0	0	0	0	0
1428566010225190770	CPU_4	0	0	0	100.00	0	0	0	0	0	0
1428566010917647079	CPU_4	0	0	0	100.00	0	0	0	0	0	0
1428566011613798925	CPU_4	0	0	0	100.00	0	0	0	0	0	0
1428566012320191253	CPU_4	0	0	0	100.00	0	0	0	0	0	0
1428566013014477768	CPU_4	0	0	0	100.00	0	0	0	0	0	0
1428566013725279172	CPU_4	0	0	0	100.00	0	0	0	0	0	0
1428566014422466390	CPU_4	0	0	0	100.00	0	0	0	0	0	0
1428566015115876156	CPU_4	0	0	0	100.00	0	0	0	0	0	0
1428566015822617608	CPU_4	0	0	0	100.00	0	0	0	0	0	0
1428566016517061331	CPU_4	0	0	0	100.00	0	0	0	0	0	0
1428566017214107799	CPU_4	0	0	0	100.00	0	0	0	0	0	0
1428566017917656798	CPU_4	0	0	0	100.00	0	0	0	0	0	0
1428566018612094313	CPU_4	0	0	0	100.00	0	0	0	0	0	0
1428566019320679803	CPU_4	0	0	0	100.00	0	0	0	0	0	0
1428566020025323009	CPU_4	0	0	0	100.00	0	0	0	0	0	0
1428566020720668354	CPU_4	0	0	0	100.00	0	0	0	0	0	0
1428566021425611476	CPU_4	0	0	0	100.00	0	0	0	0	0	0
1428566022120481614	CPU_4	0	0	0	100.00	0	0	0	0	0	0
1428566022815826960	CPU_4	0	0	0	100.00	0	0	0	0	0	0
1428566023519573749	CPU_4	0	0	0	100.00	0	0	0	0	0	0
1428566024217050341	CPU_4	0	0	0	100.00	0	0	0	0	0	0
1428566024909721691	CPU_4	0	0	0	100.00	0	0	0	0	0	0
1428566025617842890	CPU_4	0	0	0	100.00	0	0	0	0	0	0
1428566026313300194	CPU_4	0	0	0	100.00	0	0	0	0	0	0
1428566027014107530	CPU_4	0	0	0	100.00	0	0	0	0	0	0
1428566027715430157	CPU_4	0	0	0	100.00	0	0	0	0	0	0
1428566028413299790	CPU_4	0	0	0	100.00	0	0	0	0	0	0
1428566029115512873	CPU_4	0	0	0	100.00	0	0	0	0	0	0
1428566029812168425	CPU_4	0	0	0	100.00	0	0	0	0	0	0
1428566030507573144	CPU_4	0	0	0	100.00	0	0	0	0	0	0
1428566031215946551	CPU_4	0	0	0	100.00	0	0	0	0	0	0
1428566031911439979	CPU_4	0	0	0	100.00	0	0	0	0	0	0
1428566032605651617	CPU_4	0	0	0	100.00	0	0	0	0	0	0
1428566033310392780	CPU_4	0	0	0	100.00	0	0	0	0	0	0
1428566034007481830	CPU_4	0	0	0	100.00	0	0	0	0	0	0
1428566034719201147	CPU_4	0	0	0	100.00	0	0	0	0	0	0
1428566035415790031	CPU_4	0	0	0	100.00	0	0	0	0	0	0
1428566036111905666	CPU_4	0	0	0	100.00	0	0	0	0	0	0
1428566036816540579	CPU_4	0	0	0	100.00	0	0	0	0	0	0
1428566037512163839	CPU_4	0	0	0	100.00	0	0	0	0	0	0
1428566038209409930	CPU_4	0	0	0	100.00	0	0	0	0	0	0
1428566038913101552	CPU_4	0	0	0	100.00	0	0	0	0	0	0
1428566039610151352	CPU_4	0	0	0	100.00	0	0	0	0	0	0
1428566040306075862	CPU_4	0	0	0	100.00	0	0	0	0	0	0
1428566041011142648	CPU_4	0	0	0	100.00	0	0	0	0	0	0
1428566041712150816	CPU_4	0	0	0	100.00	0	0	0	0	0	0
1428566042421548887	CPU_4	0	0	0	100.00	0	0	0	0	0	0
1428566043116046149	CPU_4	0	0	0	100.00	0	0	0	0	0	0
1428566043816783609	CPU_4	0	0	0	100.00	0	0	0	0	0	0
1428566044522668560	CPU_4	0	0	0	100.00	0	0	0	0	0	0
1428566045221015649	CPU_4	0	0	0	100.00	0	0	0	0	0	0
1428566045917051158	CPU_4	0	0	0	100.00	0	0	0	0	0	0
1428566046623941441	CPU_4	0	0	0	100.00	0	0	0	0	0	0
1428566047318540702	CPU_4	0	0	0	100.00	0	0	0	0	0	0
1428566048017043832	CPU_4	0	0	0	100.00	0	0	0	0	0	0
1428566048728477440	CPU_4	0	0	0	100.00	0	0	0	0	0	0
1428566049423446534	CPU_4	0	0	0	100.00	0	0	0	0	0	0
1428566050130316701	CPU_4	0	0	0	100.00	0	0	0	0	0	0
1428566050830096202	CPU_4	0	0	0	100.00	0	0	0	0	0	0
1428566051524280377	CPU_4	0	0	0	100.00	0	0	0	0	0	0
1428566052234387822	CPU_4	0	0	0	100.00	0	0	0	0	0	0
1428566052930382828	CPU_4	0	0	0	100.00	0	0	0	0	0	0
1428566053628104664	CPU_4	0	0	0	100.00	0	0	0	0	0	0
1428566054338790983	CPU_4	0	0	0	100.00	0	0	0	0	0	0
1428566055035593238	CPU_4	0	0	0	100.00	0	0	0	0	0	0
1428566055747682805	CPU_4	0	0	0	100.00	0	0	0	0	0	0
1428566056444657809	CPU_4	0	0	0	100.00	0	0	0	0	0	0
1428566057138513358	CPU_4	0	0	0	100.00	0	0	0	0	0	0
1428566057846218223	CPU_4	0	0	0	100.00	0	0	0	0	0	0
1428566058541949395	CPU_4	0	0	0	100.00	0	0	0	0	0	0
1428566059238377441	CPU_4	0	0	0	100.00	0	0	0	0	0	0
1428566059946700179	CPU_4	0	0	0	100.00	0	0	0	0	0	0
1428566060643334308	CPU_4	0	0	0	100.00	0	0	0	0	0	0
1428566061338304480	CPU_4	0	0	0	100.00	0	0	0	0	0	0
1428566062044686346	CPU_4	0	0	0	100.00	0	0	0	0	0	0
1428566062742311848	CPU_4	0	0	0	100.00	0	0	0	0	0	0
1428566063446266342	CPU_4	0	0	0	100.00	0	0	0	0	0	0
1428566064146599548	CPU_4	0	0	0	100.00	0	0	0	0	0	0
1428566064850515167	CPU_4	0	0	0	100.00	0	0	0	0	0	0
1428566065553132662	CPU_4	0	0	0	100.00	0	0	0	0	0	0
1428566066250598456	CPU_4	0	0	0	100.00	0	0	0	0	0	0
1428566066947437542	CPU_4	0	0	0	100.00	0	0	0	0	0	0
1428566067654747988	CPU_4	0	0	0	100.00	0	0	0	0	0	0
1428566068350020660	CPU_4	0	0	0	100.00	0	0	0	0	0	0
1428566069056111816	CPU_4	0	0	0	100.00	0	0	0	0	0	0
1428566069783213819	CPU_4	0	0	0	100.00	0	0	0	0	0	0
1428566070480612237	CPU_4	0	0	0	100.00	0	0	0	0	0	0
1428566071185290937	CPU_4	0	0	0	100.00	0	0	0	0	0	0
1428566071882324231	CPU_4	0	0	0	100.00	0	0	0	0	0	0
1428566072578443401	CPU_4	0	0	0	100.00	0	0	0	0	0	0
1428566073289541133	CPU_4	0	0	0	100.00	0	0	0	0	0	0
1428566073983064764	CPU_4	0	0	0	100.00	0	0	0	0	0	0
1428566074681135848	CPU_4	0	0	0	100.00	0	0	0	0	0	0
1428566075384885257	CPU_4	0	0	0	100.00	0	0	0	0	0	0
1428566076079705720	CPU_4	0	0	0	100.00	0	0	0	0	0	0
1428566076784824126	CPU_4	0	0	0	100.00	0	0	0	0	0	0
1428566077483758792	CPU_4	0	0	0	100.00	0	0	0	0	0	0
1428566078178162005	CPU_4	0	0	0	100.00	0	0	0	0	0	0
1428566078885349408	CPU_4	0	0	0	100.00	0	0	0	0	0	0
1428566079581343411	CPU_4	0	0	0	100.00	0	0	0	0	0	0
1428566080280045118	CPU_4	0	0	0	100.00	0	0	0	0	0	0
1428566080986252522	CPU_4	0	0	0	100.00	0	0	0	0	0	0
1428566081682462191	CPU_4	0	0	0	100.00	0	0	0	0	0	0
1428566082382867270	CPU_4	0	0	0	100.00	0	0	0	0	0	0
1428566083087388510	CPU_4	0	0	0	100.00	0	0	0	0	0	0
1428566083783114763	CPU_4	0	0	0	100.00	0	0	0	0	0	0
1428566084490172291	CPU_4	0	0	0	100.00	0	0	0	0	0	0
1428566085186839458	CPU_4	0	0	0	100.00	0	0	0	0	0	0
1428566085884333041	CPU_4	0	0	0	100.00	0	0	0	0	0	0
1428566086590699361	CPU_4	0	0	0	100.00	0	0	0	0	0	0
1428566087289287151	CPU_4	0	0	0	100.00	0	0	0	0	0	0
1428566087985636110	CPU_4	0	0	0	100.00	0	0	0	0	0	0
1428566088695687217	CPU_4	0	0	0	100.00	0	0	0	0	0	0
1428566089397140919	CPU_4	0	0	0	100.00	0	0	0	0	0	0
1428566090104212155	CPU_4	0	0	0	100.00	0	0	0	0	0	0
1428566090802589652	CPU_4	0	0	0	100.00	0	0	0	0	0	0
1428566091501587857	CPU_4	0	0	0	100.00	0	0	0	0	0	0
1428566092205893055	CPU_4	0	0	0	100.00	0	0	0	0	0	0
1428566092905364551	CPU_4	0	0	0	100.00	0	0	0	0	0	0
1428566093607618459	CPU_4	0	0	0	100.00	0	0	0	0	0	0
1428566094316262026	CPU_4	0	0	0	100.00	0	0	0	0	0	0
1428566095014143690	CPU_4	0	0	0	100.00	0	0	0	0	0	0
1428566095721517258	CPU_4	0	0	0	100.00	0	0	0	0	0	0
1428566096421234420	CPU_4	0	0	0	100.00	0	0	0	0	0	0
1428566097119524458	CPU_4	0	0	0	100.00	0	0	0	0	0	0
1428566097827257775	CPU_4	0	0	0	100.00	0	0	0	0	0	0
1428566098524679315	CPU_4	0	0	0	100.00	0	0	0	0	0	0
1428566099223509394	CPU_4	0	0	0	100.00	0	0	0	0	0	0
1428566099935333247	CPU_4	0	0	0	100.00	0	0	0	0	0	0
1428566100630252165	CPU_4	0	0	0	100.00	0	0	0	0	0	0
1428566101329994451	CPU_4	0	0	0	100.00	0	0	0	0	0	0
1428566102037876642	CPU_4	0	0	0	100.00	0	0	0	0	0	0
1428566102734175266	CPU_4	0	0	0	100.00	0	0	0	0	0	0
1428566103440661001	CPU_4	0	0	0	100.00	0	0	0	0	0	0
1428566104140776870	CPU_4	0	0	0	100.00	0	0	0	0	0	0
1428566104836328369	CPU_4	0	0	0	100.00	0	0	0	0	0	0
1428566105543044562	CPU_4	0	0	0	100.00	0	0	0	0	0	0
1428566106242231973	CPU_4	0	0	0	100.00	0	0	0	0	0	0
1428566106941138551	CPU_4	0	0	0	100.00	0	0	0	0	0	0
1428566107646720204	CPU_4	0	0	0	100.00	0	0	0	0	0	0
1428566108346045864	CPU_4	0	0	0	100.00	0	0	0	0	0	0
1428566109054447804	CPU_4	0	0	0	100.00	0	0	0	0	0	0
1428566109763110535	CPU_4	0	0	0	100.00	0	0	0	0	0	0
1428566110462377904	CPU_4	0	0	0	100.00	0	0	0	0	0	0
1428566111167443098	CPU_4	0	0	0	100.00	0	0	0	0	0	0
1428566111865438760	CPU_4	0	0	0	100.00	0	0	0	0	0	0
1428566112564694712	CPU_4	0	0	0	100.00	0	0	0	0	0	0
1428566113269547573	CPU_4	0	0	0	100.00	0	0	0	0	0	0
1428566113969163274	CPU_4	0	0	0	100.00	0	0	0	0	0	0
1428566114664707898	CPU_4	0	0	0	100.00	0	0	0	0	0	0
1428566115372180796	CPU_4	0	0	0	100.00	0	0	0	0	0	0
1428566116069887166	CPU_4	0	0	0	100.00	0	0	0	0	0	0
1428566116776070025	CPU_4	0	0	0	100.00	0	0	0	0	0	0
1428566117473366646	CPU_4	0	0	0	100.00	0	0	0	0	0	0
1428566118172165347	CPU_4	0	0	0	100.00	0	0	0	0	0	0
1428566118876306250	CPU_4	0	0	0	100.00	0	0	0	0	0	0
1428566119574056912	CPU_4	0	0	0	100.00	0	0	0	0	0	0
1428566120270345325	CPU_4	0	0	0	100.00	0	0	0	0	0	0
1428566120976505016	CPU_4	0	0	0	100.00	0	0	0	0	0	0
1428566121676111592	CPU_4	0	0	0	100.00	0	0	0	0	0	0
1428566122378077955	CPU_4	0	0	0	100.00	0	0	0	0	0	0
1428566123080589318	CPU_4	0	0	0	100.00	0	0	0	0	0	0
1428566123778301437	CPU_4	0	0	0	100.00	0	0	0	0	0	0
1428566124490405328	CPU_4	0	0	0	100.00	0	0	0	0	0	0
1428566125187032449	CPU_4	0	0	0	100.00	0	0	0	0	0	0
1428566125885063734	CPU_4	0	0	0	100.00	0	0	0	0	0	0
1428566126593894963	CPU_4	0	0	0	100.00	0	0	0	0	0	0
1428566127289539584	CPU_4	0	0	0	100.00	0	0	0	0	0	0
1428566127993184903	CPU_4	0	0	0	100.00	0	0	0	0	0	0
1428566128700119926	CPU_4	0	0	0	100.00	0	0	0	0	0	0
1428566129398104127	CPU_4	0	0	0	100.00	0	0	0	0	0	0
1428566130106724147	CPU_4	0	0	0	100.00	0	0	0	0	0	0
1428566130805549431	CPU_4	0	0	0	100.00	0	0	0	0	0	0
1428566131502496675	CPU_4	0	0	0	100.00	0	0	0	0	0	0
1428566132211184653	CPU_4	0	0	0	100.00	0	0	0	0	0	0
1428566132909117396	CPU_4	0	0	0	100.00	0	0	0	0	0	0
1428566133606355557	CPU_4	0	0	0	100.00	0	0	0	0	0	0
1428566134314065452	CPU_4	0	0	0	100.00	0	0	0	0	0	0
1428566135016455772	CPU_4	0	0	0	100.00	0	0	0	0	0	0
1428566135721840004	CPU_4	0	0	0	100.00	0	0	0	0	0	0
1428566136425447072	CPU_4	0	0	0	100.00	0	0	0	0	0	0
1428566137124209522	CPU_4	0	0	0	100.00	0	0	0	0	0	0
1428566137831721750	CPU_4	0	0	0	100.00	0	0	0	0	0	0
1428566138531052366	CPU_4	0	0	0	100.00	0	0	0	0	0	0
1428566139230632230	CPU_4	0	0	0	100.00	0	0	0	0	0	0
1428566139937534043	CPU_4	0	0	0	100.00	0	0	0	0	0	0
1428566140637164074	CPU_4	0	0	0	100.00	0	0	0	0	0	0
1428566141337044063	CPU_4	0	0	0	100.00	0	0	0	0	0	0
1428566142045319374	CPU_4	0	0	0	100.00	0	0	0	0	0	0
1428566142743505365	CPU_4	0	0	0	100.00	0	0	0	0	0	0
1428566143453269799	CPU_4	0	0	0	100.00	0	0	0	0	0	0
1428566144151027165	CPU_4	0	0	0	100.00	0	0	0	0	0	0
1428566144851574736	CPU_4	0	0	0	100.00	0	0	0	0	0	0
1428566145561390503	CPU_4	0	0	0	100.00	0	0	0	0	0	0
1428566146259620410	CPU_4	0	0	0	100.00	0	0	0	0	0	0
1428566146958212275	CPU_4	0	0	0	100.00	0	0	0	0	0	0
1428566147668181791	CPU_4	0	0	0	100.00	0	0	0	0	0	0
1428566148363689702	CPU_4	0	0	0	100.00	0	0	0	0	0	0
1428566149075805548	CPU_4	0	0	0	100.00	0	0	0	0	0	0
1428566149775388995	CPU_4	0	0	0	100.00	0	0	0	0	0	0
1428566150473975776	CPU_4	0	0	0	100.00	0	0	0	0	0	0
1428566151183241543	CPU_4	0	0	0	100.00	0	0	0	0	0	0
1428566151885918235	CPU_4	0	0	0	100.00	0	0	0	0	0	0
1428566152582150394	CPU_4	0	0	0	100.00	0	0	0	0	0	0
1428566153290869703	CPU_4	0	0	0	100.00	0	0	0	0	0	0
1428566153990895732	CPU_4	0	0	0	100.00	0	0	0	0	0	0
1428566154694051756	CPU_4	0	0	0	100.00	0	0	0	0	0	0
1428566155397413072	CPU_4	0	0	0	100.00	0	0	0	0	0	0
1428566156097593350	CPU_4	0	0	0	100.00	0	0	0	0	0	0
1428566156803544079	CPU_4	0	0	0	100.00	0	0	0	0	0	0
1428566157505080397	CPU_4	0	0	0	100.00	0	0	0	0	0	0
1428566158202504721	CPU_4	0	0	0	100.00	0	0	0	0	0	0
1428566158916418480	CPU_4	0	0	0	100.00	0	0	0	0	0	0
1428566159614565760	CPU_4	0	0	0	100.00	0	0	0	0	0	0
1428566160313444415	CPU_4	0	0	0	100.00	0	0	0	0	0	0
1428566161021522682	CPU_4	0	0	0	100.00	0	0	0	0	0	0
1428566161724682830	CPU_4	0	0	0	100.00	0	0	0	0	0	0
1428566162434327220	CPU_4	0	0	0	100.00	0	0	0	0	0	0
1428566163141504488	CPU_4	0	0	0	100.00	0	0	0	0	0	0
1428566163839390935	CPU_4	0	0	0	100.00	0	0	0	0	0	0
1428566164551168363	CPU_4	0	0	0	100.00	0	0	0	0	0	0
1428566165247652562	CPU_4	0	0	0	100.00	0	0	0	0	0	0
1428566165948561005	CPU_4	0	0	0	100.00	0	0	0	0	0	0
1428566166657174562	CPU_4	0	0	0	100.00	0	0	0	0	0	0
1428566167355000300	CPU_4	0	0	0	100.00	0	0	0	0	0	0
1428566168064141690	CPU_4	0	0	0	100.00	0	0	0	0	0	0
1428566168764897091	CPU_4	0	0	0	100.00	0	0	0	0	0	0
1428566169461331248	CPU_4	0	0	0	100.00	0	0	0	0	0	0
1428566170170449595	CPU_4	0	0	0	100.00	0	0	0	0	0	0
1428566170869597831	CPU_4	0	0	0	100.00	0	0	0	0	0	0
1428566171570464732	CPU_4	0	0	0	100.00	0	0	0	0	0	0
1428566172280382661	CPU_4	0	0	0	100.00	0	0	0	0	0	0
1428566172980670271	CPU_4	0	0	0	100.00	0	0	0	0	0	0
1428566173694129362	CPU_4	0	0	0	100.00	0	0	0	0	0	0
1428566174394657012	CPU_4	0	0	0	100.00	0	0	0	0	0	0
1428566175095816954	CPU_4	0	0	0	100.00	0	0	0	0	0	0
1428566175803787261	CPU_4	0	0	0	100.00	0	0	0	0	0	0
1428566176503813162	CPU_4	0	0	0	100.00	0	0	0	0	0	0
1428566177203831646	CPU_4	0	0	0	100.00	0	0	0	0	0	0
1428566177913998491	CPU_4	0	0	0	100.00	0	0	0	0	0	0
1428566178615604806	CPU_4	0	0	0	100.00	0	0	0	0	0	0
1428566179325862317	CPU_4	0	0	0	100.00	0	0	0	0	0	0
1428566180030781211	CPU_4	0	0	0	100.00	0	0	0	0	0	0
1428566180730828403	CPU_4	0	0	0	100.00	0	0	0	0	0	0
1428566181443144995	CPU_4	0	0	0	100.00	0	0	0	0	0	0
1428566182141862106	CPU_4	0	0	0	100.00	0	0	0	0	0	0
1428566182842559755	CPU_4	0	0	0	100.00	0	0	0	0	0	0
1428566183553105390	CPU_4	0	0	0	100.00	0	0	0	0	0	0
1428566184263772776	CPU_4	0	0	0	100.00	0	0	0	0	0	0
1428566184978247280	CPU_4	0	0	0	100.00	0	0	0	0	0	0
1428566185684214255	CPU_4	0	0	0	100.00	0	0	0	0	0	0
1428566186381426284	CPU_4	0	0	0	100.00	0	0	0	0	0	0
1428566187094337416	CPU_4	0	0	0	100.00	0	0	0	0	0	0
1428566187793946899	CPU_4	0	0	0	100.00	0	0	0	0	0	0
1428566188493910632	CPU_4	0	0	0	100.00	0	0	0	0	0	0
1428566189201742437	CPU_4	0	0	0	100.00	0	0	0	0	0	0
1428566189902897918	CPU_4	0	0	0	100.00	0	0	0	0	0	0
1428566190601879861	CPU_4	0	0	0	100.00	0	0	0	0	0	0
1428566191312631287	CPU_4	0	0	0	100.00	0	0	0	0	0	0
1428566192012668769	CPU_4	0	0	0	100.00	0	0	0	0	0	0
1428566192727937897	CPU_4	0	0	0	100.00	0	0	0	0	0	0
1428566193427348380	CPU_4	0	0	0	100.00	0	0	0	0	0	0
1428566194130190858	CPU_4	1.40	0	2.81	95.77	0	0	0	0	0	0
1428566194835675791	CPU_4	0	0	0	100.00	0	0	0	0	0	0
1428566195534804899	CPU_4	0	0	0	100.00	0	0	0	0	0	0
1428566196233567716	CPU_4	0	0	0	100.00	0	0	0	0	0	0
1428566196940365147	CPU_4	0	0	0	100.00	0	0	0	0	0	0
1428566197638941505	CPU_4	0	0	0	100.00	0	0	0	0	0	0
1428566198338142155	CPU_4	0	0	0	100.00	0	0	0	0	0	0
1428566199045720167	CPU_4	0	0	0	100.00	0	0	0	0	0	0
1428566199747716521	CPU_4	0	0	0	100.00	0	0	0	0	0	0
1428566200455801533	CPU_4	0	0	0	100.00	0	0	0	0	0	0
1428566201154551724	CPU_4	0	0	0	100.00	0	0	0	0	0	0
1428566201854573622	CPU_4	0	0	0	100.00	0	0	0	0	0	0
1428566202564684381	CPU_4	0	0	0	100.00	0	0	0	0	0	0
1428566203262180449	CPU_4	0	0	0	100.00	0	0	0	0	0	0
1428566203964528051	CPU_4	0	0	0	100.00	0	0	0	0	0	0
1428566204680344302	CPU_4	0	0	0	100.00	0	0	0	0	0	0
1428566205378950493	CPU_4	0	0	0	100.00	0	0	0	0	0	0
1428566206088107211	CPU_4	0	0	0	100.00	0	0	0	0	0	0
1428566206787841733	CPU_4	0	0	0	100.00	0	0	0	0	0	0
1428566207483141304	CPU_4	0	0	0	100.00	0	0	0	0	0	0
1428566208188541401	CPU_4	0	0	0	100.00	0	0	0	0	0	0
1428566208884810179	CPU_4	0	0	0	100.00	0	0	0	0	0	0
1428566209579495375	CPU_4	0	0	0	100.00	0	0	0	0	0	0
1428566210286081762	CPU_4	0	0	0	100.00	0	0	0	0	0	0
1428566210985209327	CPU_4	0	0	0	100.00	0	0	0	0	0	0
1428566211692778421	CPU_4	0	0	0	100.00	0	0	0	0	0	0
1428566212395835647	CPU_4	0	0	0	100.00	0	0	0	0	0	0
1428566213095885751	CPU_4	0	0	0	100.00	0	0	0	0	0	0
1428566213801562473	CPU_4	0	0	0	100.00	0	0	0	0	0	0
1428566214499988288	CPU_4	0	0	0	100.00	0	0	0	0	0	0
1428566215199797685	CPU_4	0	0	0	100.00	0	0	0	0	0	0
1428566215906535738	CPU_4	0	0	0	100.00	0	0	0	0	0	0
1428566216606977758	CPU_4	0	0	0	100.00	0	0	0	0	0	0
1428566217306220947	CPU_4	0	0	0	100.00	0	0	0	0	0	0
1428566218015067664	CPU_4	0	0	0	100.00	0	0	0	0	0	0
1428566218713849478	CPU_4	0	0	0	100.00	0	0	0	0	0	0
1428566219424346234	CPU_4	0	0	0	100.00	0	0	0	0	0	0
1428566220121359967	CPU_4	0	0	0	100.00	0	0	0	0	0	0
1428566220821117029	CPU_4	0	0	0	100.00	0	0	0	0	0	0
1428566221531707035	CPU_4	0	0	0	100.00	0	0	0	0	0	0
1428566222232110430	CPU_4	0	0	0	100.00	0	0	0	0	0	0
1428566222930953785	CPU_4	0	0	0	100.00	0	0	0	0	0	0
1428566223643524787	CPU_4	0	0	0	100.00	0	0	0	0	0	0
1428566224343153266	CPU_4	0	0	0	100.00	0	0	0	0	0	0
1428566225056961850	CPU_4	0	0	0	100.00	0	0	0	0	0	0
1428566225758414368	CPU_4	0	0	0	100.00	0	0	0	0	0	0
1428566226457424514	CPU_4	0	0	0	100.00	0	0	0	0	0	0
1428566227166232980	CPU_4	0	0	0	100.00	0	0	0	0	0	0
1428566227869734411	CPU_4	0	0	0	100.00	0	0	0	0	0	0
1428566228568198975	CPU_4	0	0	0	100.00	0	0	0	0	0	0
1428566229278353021	CPU_4	0	0	0	100.00	0	0	0	0	0	0
1428566229981067412	CPU_4	0	0	0	100.00	0	0	0	0	0	0
1428566230690291627	CPU_4	0	0	0	100.00	0	0	0	0	0	0
1428566231390279562	CPU_4	0	0	0	100.00	0	0	0	0	0	0
1428566232094265201	CPU_4	0	0	0	100.00	0	0	0	0	0	0
1428566232800892377	CPU_4	0	0	0	100.00	0	0	0	0	0	0
1428566233501766645	CPU_4	0	0	0	100.00	0	0	0	0	0	0
1428566234205310950	CPU_4	0	0	0	100.00	0	0	0	0	0	0
1428566234914024873	CPU_4	0	0	0	100.00	0	0	0	0	0	0
1428566235616137681	CPU_4	0	0	0	100.00	0	0	0	0	0	0
1428566236327897141	CPU_4	0	0	0	100.00	0	0	0	0	0	0
1428566237025657996	CPU_4	0	0	0	100.00	0	0	0	0	0	0
1428566237727575303	CPU_4	0	0	0	100.00	0	0	0	0	0	0
1428566238436278809	CPU_4	0	0	0	100.00	0	0	0	0	0	0
1428566239136246703	CPU_4	0	0	0	100.00	0	0	0	0	0	0
1428566239836457887	CPU_4	0	0	0	100.00	0	0	0	0	0	0
1428566240547163307	CPU_4	0	0	0	100.00	0	0	0	0	0	0
1428566241244526370	CPU_4	0	0	0	100.00	0	0	0	0	0	0
1428566241957334870	CPU_4	0	0	0	100.00	0	0	0	0	0	0
1428566242657971345	CPU_4	0	0	0	100.00	0	0	0	0	0	0
1428566243356567865	CPU_4	0	0	0	100.00	0	0	0	0	0	0
1428566244067023618	CPU_4	0	0	0	100.00	0	0	0	0	0	0
1428566244768465800	CPU_4	0	0	0	100.00	0	0	0	0	0	0
1428566245466637695	CPU_4	0	0	0	100.00	0	0	0	0	0	0
1428566246178990986	CPU_4	0	0	0	100.00	0	0	0	0	0	0
1428566246879352878	CPU_4	0	0	0	100.00	0	0	0	0	0	0
1428566247592994459	CPU_4	0	0	0	100.00	0	0	0	0	0	0
1428566248293812559	CPU_4	0	0	0	100.00	0	0	0	0	0	0
1428566248995167449	CPU_4	0	0	0	100.00	0	0	0	0	0	0
1428566249702921371	CPU_4	0	0	0	100.00	0	0	0	0	0	0
1428566250405334135	CPU_4	0	0	0	100.00	0	0	0	0	0	0
1428566251107530065	CPU_4	0	0	0	100.00	0	0	0	0	0	0
1428566251815206696	CPU_4	0	0	0	100.00	0	0	0	0	0	0
1428566252515328587	CPU_4	0	0	0	100.00	0	0	0	0	0	0
1428566253222408677	CPU_4	0	0	0	100.00	0	0	0	0	0	0
1428566253924770023	CPU_4	0	0	0	100.00	0	0	0	0	0	0
1428566254626210329	CPU_4	0	0	0	100.00	0	0	0	0	0	0
1428566255336335123	CPU_4	0	0	0	100.00	0	0	0	0	0	0
1428566256035515765	CPU_4	0	0	0	100.00	0	0	0	0	0	0
1428566256736619113	CPU_4	0	0	0	100.00	0	0	0	0	0	0
1428566257447448655	CPU_4	0	0	0	100.00	0	0	0	0	0	0
1428566258146753880	CPU_4	0	0	0	100.00	0	0	0	0	0	0
1428566258850037224	CPU_4	0	0	0	100.00	0	0	0	0	0	0
1428566259558162187	CPU_4	0	0	0	100.00	0	0	0	0	0	0
1428566260257920370	CPU_4	0	0	0	100.00	0	0	0	0	0	0
1428566260967895288	CPU_4	0	0	0	100.00	0	0	0	0	0	0
1428566261670232508	CPU_4	0	0	0	100.00	0	0	0	0	0	0
1428566262369985440	CPU_4	0	0	0	100.00	0	0	0	0	0	0
1428566263081493898	CPU_4	0	0	0	100.00	0	0	0	0	0	0
1428566263782725453	CPU_4	0	0	0	100.00	0	0	0	0	0	0
1428566264484619965	CPU_4	0	0	0	100.00	0	0	0	0	0	0
1428566265194408425	CPU_4	0	0	0	100.00	0	0	0	0	0	0
1428566265896180104	CPU_4	0	0	0	100.00	0	0	0	0	0	0
1428566266605628147	CPU_4	0	0	0	100.00	0	0	0	0	0	0
1428566267307827075	CPU_4	0	0	0	100.00	0	0	0	0	0	0
1428566268008700880	CPU_4	0	0	0	100.00	0	0	0	0	0	0
1428566268718497214	CPU_4	0	0	0	100.00	0	0	0	0	0	0
1428566269419212477	CPU_4	0	0	0	100.00	0	0	0	0	0	0
1428566270123931735	CPU_4	0	0	0	100.00	0	0	0	0	0	0
1428566270830789740	CPU_4	0	0	0	100.00	0	0	0	0	0	0
1428566271533235667	CPU_4	0	0	0	100.00	0	0	0	0	0	0
1428566272246171038	CPU_4	0	0	0	100.00	0	0	0	0	0	0
1428566272947871383	CPU_4	0	0	0	100.00	0	0	0	0	0	0
1428566273649675769	CPU_4	0	0	0	100.00	0	0	0	0	0	0
1428566274362538056	CPU_4	0	0	0	100.00	0	0	0	0	0	0
1428566275061588655	CPU_4	0	0	0	100.00	0	0	0	0	0	0
1428566275770245656	CPU_4	0	0	0	100.00	0	0	0	0	0	0
1428566276476867202	CPU_4	0	0	0	100.00	0	0	0	0	0	0
1428566277178445797	CPU_4	0	0	0	100.00	0	0	0	0	0	0
1428566277888835379	CPU_4	0	0	0	100.00	0	0	0	0	0	0
1428566278591821054	CPU_4	0	0	0	100.00	0	0	0	0	0	0
1428566279292481775	CPU_4	0	0	0	100.00	0	0	0	0	0	0
1428566280003854730	CPU_4	0	0	0	100.00	0	0	0	0	0	0
1428566280706783031	CPU_4	0	0	0	100.00	0	0	0	0	0	0
1428566281412545994	CPU_4	0	0	0	100.00	0	0	0	0	0	0
1428566282122102327	CPU_4	0	0	0	100.00	0	0	0	0	0	0
1428566282825121960	CPU_4	0	0	0	100.00	0	0	0	0	0	0
1428566283538724245	CPU_4	0	0	0	100.00	0	0	0	0	0	0
1428566284240879796	CPU_4	0	0	0	100.00	0	0	0	0	0	0
1428566284943591430	CPU_4	0	0	0	100.00	0	0	0	0	0	0
1428566285657544840	CPU_4	0	0	0	100.00	0	0	0	0	0	0
1428566286359583682	CPU_4	0	0	0	100.00	0	0	0	0	0	0
1428566287077071586	CPU_4	0	0	0	100.00	0	0	0	0	0	0
1428566287780711885	CPU_4	0	0	0	100.00	0	0	0	0	0	0
1428566288481628604	CPU_4	0	0	0	100.00	0	0	0	0	0	0
1428566289195047847	CPU_4	0	0	0	100.00	0	0	0	0	0	0
1428566289898040230	CPU_4	0	0	0	100.00	0	0	0	0	0	0
1428566290599412156	CPU_4	0	0	0	100.00	0	0	0	0	0	0
1428566291311083943	CPU_4	0	0	0	100.00	0	0	0	0	0	0
1428566292013189160	CPU_4	0	0	0	100.00	0	0	0	0	0	0
1428566292727852276	CPU_4	0	0	0	100.00	0	0	0	0	0	0
1428566293430322576	CPU_4	0	0	0	100.00	0	0	0	0	0	0
1428566294132170543	CPU_4	0	0	0	100.00	0	0	0	0	0	0
1428566294844227620	CPU_4	0	0	0	100.00	0	0	0	0	0	0
1428566295547365877	CPU_4	0	0	0	100.00	0	0	0	0	0	0
1428566296250873091	CPU_4	0	0	0	100.00	0	0	0	0	0	0
1428566296960650130	CPU_4	0	0	0	100.00	0	0	0	0	0	0
1428566297663193638	CPU_4	0	0	0	100.00	0	0	0	0	0	0
1428566298379170751	CPU_4	0	0	0	100.00	0	0	0	0	0	0
1428566299078870720	CPU_4	0	0	0	100.00	0	0	0	0	0	0
1428566299787362761	CPU_4	0	0	0	100.00	0	0	0	0	0	0
1428566300499698337	CPU_4	0	0	0	100.00	0	0	0	0	0	0
1428566301203516551	CPU_4	0	0	0	100.00	0	0	0	0	0	0
1428566301905459767	CPU_4	0	0	0	100.00	0	0	0	0	0	0
1428566302617669468	CPU_4	0	0	0	100.00	0	0	0	0	0	0
1428566303321626223	CPU_4	0	0	0	100.00	0	0	0	0	0	0
1428566304037448710	CPU_4	0	0	0	100.00	0	0	0	0	0	0
1428566304745329459	CPU_4	1.42	0	0	98.57	0	0	0	0	0	0
1428566305449389838	CPU_4	0	0	0	100.00	0	0	0	0	0	0
1428566306160077500	CPU_4	0	0	0	100.00	0	0	0	0	0	0
1428566306863892463	CPU_4	0	0	0	100.00	0	0	0	0	0	0
1428566307566758343	CPU_4	0	0	0	100.00	0	0	0	0	0	0
1428566308278336628	CPU_4	0	0	0	100.00	0	0	0	0	0	0
1428566308981851633	CPU_4	0	0	0	100.00	0	0	0	0	0	0
1428566309722086210	CPU_4	0	0	0	100.00	0	0	0	0	0	0
1428566310424326716	CPU_4	0	0	0	100.00	0	0	0	0	0	0
1428566311127965012	CPU_4	0	0	0	100.00	0	0	0	0	0	0
1428566311841149044	CPU_4	0	0	0	100.00	0	0	0	0	0	0
1428566312545170631	CPU_4	0	0	0	100.00	0	0	0	0	0	0
1428566313252993212	CPU_4	0	0	0	100.00	0	0	0	0	0	0
1428566313963048332	CPU_4	0	0	0	100.00	0	0	0	0	0	0
1428566314667074752	CPU_4	0	0	0	100.00	0	0	0	0	0	0
1428566315379828326	CPU_4	0	0	0	100.00	0	0	0	0	0	0
1428566316082686372	CPU_4	0	0	0	100.00	0	0	0	0	0	0
1428566316789236329	CPU_4	0	0	0	100.00	0	0	0	0	0	0
1428566317499301407	CPU_4	0	0	0	100.00	0	0	0	0	0	0
1428566318204092075	CPU_4	0	0	0	100.00	0	0	0	0	0	0
1428566318925279137	CPU_4	0	0	0	100.00	0	0	0	0	0	0
1428566319626571768	CPU_4	0	0	0	100.00	0	0	0	0	0	0
1428566320330766937	CPU_4	0	0	0	100.00	0	0	0	0	0	0
1428566321044979967	CPU_4	0	0	0	100.00	0	0	0	0	0	0
1428566321747353180	CPU_4	0	0	0	100.00	0	0	0	0	0	0
1428566322452162139	CPU_4	0	0	0	100.00	0	0	0	0	0	0
1428566323164966962	CPU_4	0	0	0	100.00	0	0	0	0	0	0
1428566323868595548	CPU_4	0	0	0	100.00	0	0	0	0	0	0
1428566324583275743	CPU_4	0	0	0	100.00	0	0	0	0	0	0
1428566325289479367	CPU_4	0	0	0	100.00	0	0	0	0	0	0
1428566325991523705	CPU_4	0	0	0	100.00	0	0	0	0	0	0
1428566326706851607	CPU_4	0	0	0	100.00	0	0	0	0	0	0
1428566327411443858	CPU_4	0	0	0	100.00	0	0	0	0	0	0
1428566328115594567	CPU_4	0	0	0	100.00	0	0	0	0	0	0
1428566328830270178	CPU_4	0	0	0	100.00	0	0	0	0	0	0
1428566329536149010	CPU_4	0	0	0	100.00	0	0	0	0	0	0
1428566330252270369	CPU_4	0	0	0	100.00	0	0	0	0	0	0
1428566330955619538	CPU_4	0	0	0	100.00	0	0	0	0	0	0
1428566331661814120	CPU_4	0	0	0	100.00	0	0	0	0	0	0
1428566332377703979	CPU_4	0	0	0	100.00	0	0	0	0	0	0
1428566333080880689	CPU_4	0	0	0	100.00	0	0	0	0	0	0
1428566333803560080	CPU_4	0	0	0	100.00	0	0	0	0	0	0
1428566334509205328	CPU_4	0	0	0	100.00	0	0	0	0	0	0
1428566335212865454	CPU_4	0	0	0	100.00	0	0	0	0	0	0
1428566335926455775	CPU_4	0	0	0	100.00	0	0	0	0	0	0
1428566336631403440	CPU_4	0	0	0	100.00	0	0	0	0	0	0
1428566337335420774	CPU_4	0	0	0	100.00	0	0	0	0	0	0
1428566338049812676	CPU_4	0	0	0	100.00	0	0	0	0	0	0
1428566338769199446	CPU_4	0	0	0	100.00	0	0	0	0	0	0
