#Timestamp	CPU_ID	user%	nice%	sys%	idle%	iowait%	irq%	softiq%	steal%	guest%	guest_nice%
1428595251719019594	CPU_4	11.47	0	6.55	81.96	0	0	0	0	0	0
1428595252411078236	CPU_4	0	0	0	100.00	0	0	0	0	0	0
1428595253118485107	CPU_4	0	0	0	100.00	0	0	0	0	0	0
1428595253811365249	CPU_4	0	0	0	100.00	0	0	0	0	0	0
1428595254506665304	CPU_4	0	0	0	100.00	0	0	0	0	0	0
1428595255209119598	CPU_4	0	0	0	100.00	0	0	0	0	0	0
1428595255900500867	CPU_4	0	0	0	100.00	0	0	0	0	0	0
1428595256592219219	CPU_4	0	0	0	100.00	0	0	0	0	0	0
1428595257293451057	CPU_4	0	0	0	100.00	0	0	0	0	0	0
1428595257984702118	CPU_4	0	0	0	100.00	0	0	0	0	0	0
1428595258675260804	CPU_4	0	0	0	100.00	0	0	0	0	0	0
1428595259378118057	CPU_4	0	0	0	100.00	0	0	0	0	0	0
1428595260072235613	CPU_4	0	0	0	100.00	0	0	0	0	0	0
1428595260765822337	CPU_4	0	0	0	100.00	0	0	0	0	0	0
1428595261469153006	CPU_4	0	0	0	100.00	0	0	0	0	0	0
1428595262163445104	CPU_4	0	0	0	100.00	0	0	0	0	0	0
1428595262869180228	CPU_4	0	0	0	100.00	0	0	0	0	0	0
1428595263562661535	CPU_4	0	0	0	100.00	0	0	0	0	0	0
1428595264257268008	CPU_4	0	0	0	100.00	0	0	0	0	0	0
1428595264961091009	CPU_4	0	0	0	100.00	0	0	0	0	0	0
1428595265656405023	CPU_4	0	0	0	100.00	0	0	0	0	0	0
1428595266353501200	CPU_4	0	0	0	100.00	0	0	0	0	0	0
1428595267060127948	CPU_4	0	0	0	100.00	0	0	0	0	0	0
1428595267756698376	CPU_4	0	0	0	100.00	0	0	0	0	0	0
1428595268453057346	CPU_4	0	0	0	100.00	0	0	0	0	0	0
1428595269156803098	CPU_4	0	0	0	100.00	0	0	0	0	0	0
1428595269852994402	CPU_4	0	0	0	100.00	0	0	0	0	0	0
1428595270563997601	CPU_4	0	0	0	100.00	0	0	0	0	0	0
1428595271261615653	CPU_4	0	0	0	100.00	0	0	0	0	0	0
1428595271956734667	CPU_4	0	0	0	100.00	0	0	0	0	0	0
1428595272659293920	CPU_4	0	0	0	100.00	0	0	0	0	0	0
1428595273354880142	CPU_4	0	0	0	100.00	0	0	0	0	0	0
1428595274051807362	CPU_4	0	0	0	100.00	0	0	0	0	0	0
1428595274755661988	CPU_4	0	0	0	100.00	0	0	0	0	0	0
1428595275452011417	CPU_4	0	0	0	100.00	0	0	0	0	0	0
1428595276148468137	CPU_4	0	0	0	100.00	0	0	0	0	0	0
1428595276853875053	CPU_4	0	0	0	100.00	0	0	0	0	0	0
1428595277549723400	CPU_4	0	0	0	100.00	0	0	0	0	0	0
1428595278262433139	CPU_4	0	0	0	100.00	0	0	0	0	0	0
1428595278956918195	CPU_4	0	0	0	100.00	0	0	0	0	0	0
1428595279653061750	CPU_4	0	0	0	100.00	0	0	0	0	0	0
1428595280357982458	CPU_4	0	0	0	100.00	0	0	0	0	0	0
1428595281052534015	CPU_4	0	0	0	100.00	0	0	0	0	0	0
1428595281753703937	CPU_4	0	0	0	100.00	0	0	0	0	0	0
1428595282468143965	CPU_4	0	0	0	100.00	0	0	0	0	0	0
1428595283160892358	CPU_4	0	0	0	100.00	0	0	0	0	0	0
1428595283857643578	CPU_4	0	0	0	100.00	0	0	0	0	0	0
1428595284562996786	CPU_4	0	0	0	100.00	0	0	0	0	0	0
1428595285258013050	CPU_4	0	0	0	100.00	0	0	0	0	0	0
1428595285964655131	CPU_4	0	0	0	100.00	0	0	0	0	0	0
1428595286662631475	CPU_4	0	0	0	100.00	0	0	0	0	0	0
1428595287356789115	CPU_4	0	0	0	100.00	0	0	0	0	0	0
1428595288061809740	CPU_4	0	0	0	100.00	0	0	0	0	0	0
1428595288753546343	CPU_4	0	0	0	100.00	0	0	0	0	0	0
1428595289449981105	CPU_4	0	0	0	100.00	0	0	0	0	0	0
1428595290155272230	CPU_4	0	0	0	100.00	0	0	0	0	0	0
1428595290850942702	CPU_4	0	0	0	100.00	0	0	0	0	0	0
1428595291544215802	CPU_4	0	0	0	100.00	0	0	0	0	0	0
1428595292253037256	CPU_4	0	0	0	100.00	0	0	0	0	0	0
1428595292946589439	CPU_4	0	0	0	100.00	0	0	0	0	0	0
1428595293662981715	CPU_4	0	0	0	100.00	0	0	0	0	0	0
1428595294357829229	CPU_4	0	0	0	100.00	0	0	0	0	0	0
1428595295051156121	CPU_4	0	0	0	100.00	0	0	0	0	0	0
1428595295754564166	CPU_4	0	0	0	100.00	0	0	0	0	0	0
1428595296451672719	CPU_4	0	0	0	100.00	0	0	0	0	0	0
1428595297143314905	CPU_4	0	0	0	100.00	0	0	0	0	0	0
1428595297849480362	CPU_4	0	0	0	100.00	0	0	0	0	0	0
1428595298544889960	CPU_4	0	0	0	100.00	0	0	0	0	0	0
1428595299239477142	CPU_4	0	0	0	100.00	0	0	0	0	0	0
1428595299943597893	CPU_4	0	0	0	100.00	0	0	0	0	0	0
1428595300641979653	CPU_4	0	0	0	100.00	0	0	0	0	0	0
1428595301346484196	CPU_4	0	0	0	100.00	0	0	0	0	0	0
1428595302047811077	CPU_4	0	0	0	100.00	0	0	0	0	0	0
1428595302741972718	CPU_4	0	0	0	100.00	0	0	0	0	0	0
1428595303448766174	CPU_4	0	0	0	100.00	0	0	0	0	0	0
1428595304144704104	CPU_4	0	0	0	100.00	0	0	0	0	0	0
1428595304840921576	CPU_4	0	0	0	100.00	0	0	0	0	0	0
1428595305545126786	CPU_4	0	0	0	100.00	0	0	0	0	0	0
1428595306242258590	CPU_4	0	0	0	100.00	0	0	0	0	0	0
1428595306936907980	CPU_4	0	0	0	100.00	0	0	0	0	0	0
1428595307646191433	CPU_4	0	0	0	100.00	0	0	0	0	0	0
1428595308342851529	CPU_4	0	0	0	100.00	0	0	0	0	0	0
1428595309039901791	CPU_4	0	0	0	100.00	0	0	0	0	0	0
1428595309743517710	CPU_4	0	0	0	100.00	0	0	0	0	0	0
1428595310442284011	CPU_4	0	0	0	100.00	0	0	0	0	0	0
1428595311146015222	CPU_4	0	0	0	100.00	0	0	0	0	0	0
1428595311843823900	CPU_4	0	0	0	100.00	0	0	0	0	0	0
1428595312541998077	CPU_4	0	0	0	100.00	0	0	0	0	0	0
1428595313247478619	CPU_4	0	0	0	100.00	0	0	0	0	0	0
1428595313944514715	CPU_4	0	0	0	100.00	0	0	0	0	0	0
1428595314643199099	CPU_4	0	0	0	100.00	0	0	0	0	0	0
1428595315348411183	CPU_4	0	0	0	100.00	0	0	0	0	0	0
1428595316045625404	CPU_4	0	0	0	100.00	0	0	0	0	0	0
1428595316757264145	CPU_4	0	0	0	100.00	0	0	0	0	0	0
1428595317457828861	CPU_4	0	0	0	100.00	0	0	0	0	0	0
1428595318154289666	CPU_4	0	0	0	100.00	0	0	0	0	0	0
1428595318864503867	CPU_4	0	0	0	100.00	0	0	0	0	0	0
1428595319559493424	CPU_4	0	0	0	100.00	0	0	0	0	0	0
1428595320259151475	CPU_4	0	0	0	100.00	0	0	0	0	0	0
1428595320968375595	CPU_4	0	0	0	100.00	0	0	0	0	0	0
1428595321669811934	CPU_4	0	0	0	100.00	0	0	0	0	0	0
1428595322370626066	CPU_4	0	0	0	100.00	0	0	0	0	0	0
1428595323081983850	CPU_4	0	0	0	100.00	0	0	0	0	0	0
1428595323776840782	CPU_4	0	0	0	100.00	0	0	0	0	0	0
1428595324485799444	CPU_4	0	0	0	100.00	0	0	0	0	0	0
1428595325183860622	CPU_4	0	0	0	100.00	0	0	0	0	0	0
1428595325881334550	CPU_4	0	0	0	100.00	0	0	0	0	0	0
1428595326588277340	CPU_4	0	0	0	100.00	0	0	0	0	0	0
1428595327287417975	CPU_4	0	0	0	100.00	0	0	0	0	0	0
1428595327984589446	CPU_4	0	0	0	100.00	0	0	0	0	0	0
1428595328698925059	CPU_4	0	0	0	100.00	0	0	0	0	0	0
1428595329396170279	CPU_4	0	0	0	100.00	0	0	0	0	0	0
1428595330104221735	CPU_4	0	0	0	100.00	0	0	0	0	0	0
1428595330799745583	CPU_4	0	0	0	100.00	0	0	0	0	0	0
1428595331497243469	CPU_4	0	0	0	100.00	0	0	0	0	0	0
1428595332204429593	CPU_4	0	0	0	100.00	0	0	0	0	0	0
1428595332903144520	CPU_4	0	0	0	100.00	0	0	0	0	0	0
1428595333597405495	CPU_4	0	0	0	100.00	0	0	0	0	0	0
1428595334305810283	CPU_4	0	0	0	100.00	0	0	0	0	0	0
1428595335002778879	CPU_4	0	0	0	100.00	0	0	0	0	0	0
1428595335705489550	CPU_4	0	0	0	100.00	0	0	0	0	0	0
1428595336407460931	CPU_4	0	0	0	100.00	0	0	0	0	0	0
1428595337105627234	CPU_4	0	0	0	100.00	0	0	0	0	0	0
1428595337809141696	CPU_4	0	0	0	100.00	0	0	0	0	0	0
1428595338508128081	CPU_4	0	0	0	100.00	0	0	0	0	0	0
1428595339203348304	CPU_4	0	0	0	100.00	0	0	0	0	0	0
1428595339912876841	CPU_4	0	0	0	100.00	0	0	0	0	0	0
1428595340609068772	CPU_4	0	0	0	100.00	0	0	0	0	0	0
1428595341306395576	CPU_4	0	0	0	100.00	0	0	0	0	0	0
1428595342011346119	CPU_4	0	0	0	100.00	0	0	0	0	0	0
1428595342708562757	CPU_4	0	0	0	100.00	0	0	0	0	0	0
1428595343422513787	CPU_4	0	0	0	100.00	0	0	0	0	0	0
1428595344122793921	CPU_4	0	0	0	100.00	0	0	0	0	0	0
1428595344823524387	CPU_4	0	0	0	100.00	0	0	0	0	0	0
1428595345531602259	CPU_4	0	0	0	100.00	0	0	0	0	0	0
1428595346225337860	CPU_4	0	0	0	100.00	0	0	0	0	0	0
1428595346925879535	CPU_4	0	0	0	100.00	0	0	0	0	0	0
1428595347636691736	CPU_4	0	0	0	100.00	0	0	0	0	0	0
1428595348333903458	CPU_4	0	0	0	100.00	0	0	0	0	0	0
1428595349032088677	CPU_4	0	0	0	100.00	0	0	0	0	0	0
1428595349771751463	CPU_4	0	0	0	100.00	0	0	0	0	0	0
1428595350467078520	CPU_4	0	0	0	100.00	0	0	0	0	0	0
1428595351174594227	CPU_4	0	0	0	100.00	0	0	0	0	0	0
1428595351871502615	CPU_4	0	0	0	100.00	0	0	0	0	0	0
1428595352571706416	CPU_4	0	0	0	100.00	0	0	0	0	0	0
1428595353277781499	CPU_4	0	0	0	100.00	0	0	0	0	0	0
1428595353977345550	CPU_4	0	0	0	100.00	0	0	0	0	0	0
1428595354676025811	CPU_4	0	0	0	100.00	0	0	0	0	0	0
1428595355384060267	CPU_4	0	0	0	100.00	0	0	0	0	0	0
1428595356081592363	CPU_4	0	0	0	100.00	0	0	0	0	0	0
1428595356788026946	CPU_4	0	0	0	100.00	0	0	0	0	0	0
1428595357487316915	CPU_4	0	0	0	100.00	0	0	0	0	0	0
1428595358186813133	CPU_4	0	0	0	100.00	0	0	0	0	0	0
1428595358892565384	CPU_4	0	0	0	100.00	0	0	0	0	0	0
1428595359592164685	CPU_4	0	0	0	100.00	0	0	0	0	0	0
1428595360293437692	CPU_4	0	0	0	100.00	0	0	0	0	0	0
1428595361001985898	CPU_4	0	0	0	100.00	0	0	0	0	0	0
1428595361701130116	CPU_4	0	0	0	100.00	0	0	0	0	0	0
1428595362411787402	CPU_4	0	0	0	100.00	0	0	0	0	0	0
1428595363109129665	CPU_4	0	0	0	100.00	0	0	0	0	0	0
1428595363809608423	CPU_4	0	0	0	100.00	0	0	0	0	0	0
1428595364518207462	CPU_4	0	0	0	100.00	0	0	0	0	0	0
1428595365215864308	CPU_4	0	0	0	100.00	0	0	0	0	0	0
1428595365915507276	CPU_4	0	0	0	100.00	0	0	0	0	0	0
1428595366624724772	CPU_4	0	0	0	100.00	0	0	0	0	0	0
1428595367321170703	CPU_4	0	0	0	100.00	0	0	0	0	0	0
1428595368039877478	CPU_4	0	0	0	100.00	0	0	0	0	0	0
1428595368738284198	CPU_4	0	0	0	100.00	0	0	0	0	0	0
1428595369437367333	CPU_4	0	0	0	100.00	0	0	0	0	0	0
1428595370145003248	CPU_4	0	0	0	100.00	0	0	0	0	0	0
1428595370844834383	CPU_4	0	0	0	100.00	0	0	0	0	0	0
1428595371543181020	CPU_4	0	0	0	100.00	0	0	0	0	0	0
1428595372252765849	CPU_4	0	0	0	100.00	0	0	0	0	0	0
1428595372952954358	CPU_4	0	0	0	100.00	0	0	0	0	0	0
1428595373651089703	CPU_4	0	0	0	100.00	0	0	0	0	0	0
1428595374360172533	CPU_4	0	0	0	100.00	0	0	0	0	0	0
1428595375062341956	CPU_4	0	0	0	100.00	0	0	0	0	0	0
1428595375768004666	CPU_4	0	0	0	100.00	0	0	0	0	0	0
1428595376469790673	CPU_4	0	0	0	100.00	0	0	0	0	0	0
1428595377170028807	CPU_4	0	0	0	100.00	0	0	0	0	0	0
1428595377877767098	CPU_4	0	0	0	100.00	0	0	0	0	0	0
1428595378576406526	CPU_4	0	0	0	100.00	0	0	0	0	0	0
1428595379277573075	CPU_4	0	0	0	100.00	0	0	0	0	0	0
1428595379983968243	CPU_4	0	0	0	100.00	0	0	0	0	0	0
1428595380683380795	CPU_4	0	0	0	100.00	0	0	0	0	0	0
1428595381394833080	CPU_4	0	0	0	100.00	0	0	0	0	0	0
1428595382092445384	CPU_4	0	0	0	100.00	0	0	0	0	0	0
1428595382789887939	CPU_4	0	0	0	100.00	0	0	0	0	0	0
1428595383500854475	CPU_4	0	0	0	100.00	0	0	0	0	0	0
1428595384195723284	CPU_4	0	0	0	100.00	0	0	0	0	0	0
1428595384894766045	CPU_4	0	0	0	100.00	0	0	0	0	0	0
1428595385603444709	CPU_4	0	0	0	100.00	0	0	0	0	0	0
1428595386301374847	CPU_4	0	0	0	100.00	0	0	0	0	0	0
1428595387003010396	CPU_4	0	0	0	100.00	0	0	0	0	0	0
1428595387712435892	CPU_4	0	0	0	100.00	0	0	0	0	0	0
1428595388408978490	CPU_4	0	0	0	100.00	0	0	0	0	0	0
1428595389118535111	CPU_4	0	0	0	100.00	0	0	0	0	0	0
1428595389815100251	CPU_4	0	0	0	100.00	0	0	0	0	0	0
1428595390516229176	CPU_4	0	0	0	100.00	0	0	0	0	0	0
1428595391222733802	CPU_4	0	0	0	100.00	0	0	0	0	0	0
1428595391921945479	CPU_4	0	0	0	100.00	0	0	0	0	0	0
1428595392621983573	CPU_4	0	0	0	100.00	0	0	0	0	0	0
1428595393331470652	CPU_4	0	0	0	100.00	0	0	0	0	0	0
1428595394028370917	CPU_4	0	0	0	100.00	0	0	0	0	0	0
1428595394738191329	CPU_4	0	0	0	100.00	0	0	0	0	0	0
1428595395434889052	CPU_4	0	0	0	100.00	0	0	0	0	0	0
1428595396132776399	CPU_4	0	0	0	100.00	0	0	0	0	0	0
1428595396842765686	CPU_4	0	0	0	100.00	0	0	0	0	0	0
1428595397543300945	CPU_4	0	0	0	100.00	0	0	0	0	0	0
1428595398238911462	CPU_4	0	0	0	100.00	0	0	0	0	0	0
1428595398947835917	CPU_4	0	0	0	100.00	0	0	0	0	0	0
1428595399646821554	CPU_4	0	0	0	100.00	0	0	0	0	0	0
1428595400351186349	CPU_4	0	0	0	100.00	0	0	0	0	0	0
1428595401055178562	CPU_4	0	0	0	100.00	0	0	0	0	0	0
1428595401757128570	CPU_4	0	0	0	100.00	0	0	0	0	0	0
1428595402469744354	CPU_4	0	0	0	100.00	0	0	0	0	0	0
1428595403170101113	CPU_4	0	0	0	100.00	0	0	0	0	0	0
1428595403870809497	CPU_4	0	0	0	100.00	0	0	0	0	0	0
1428595404579555120	CPU_4	0	0	0	100.00	0	0	0	0	0	0
1428595405277959549	CPU_4	0	0	0	100.00	0	0	0	0	0	0
1428595405979787015	CPU_4	0	0	0	100.00	0	0	0	0	0	0
1428595406686895932	CPU_4	0	0	0	100.00	0	0	0	0	0	0
1428595407387528691	CPU_4	0	0	0	100.00	0	0	0	0	0	0
1428595408098114145	CPU_4	0	0	0	100.00	0	0	0	0	0	0
1428595408797007240	CPU_4	0	0	0	100.00	0	0	0	0	0	0
1428595409497664291	CPU_4	0	0	0	100.00	0	0	0	0	0	0
1428595410207564663	CPU_4	0	0	0	100.00	0	0	0	0	0	0
1428595410905871675	CPU_4	0	0	0	100.00	0	0	0	0	0	0
1428595411607607433	CPU_4	0	0	0	100.00	0	0	0	0	0	0
1428595412318577136	CPU_4	0	0	0	100.00	0	0	0	0	0	0
1428595413018274189	CPU_4	0	0	0	100.00	0	0	0	0	0	0
1428595413727814227	CPU_4	0	0	0	100.00	0	0	0	0	0	0
1428595414430180818	CPU_4	0	0	0	100.00	0	0	0	0	0	0
1428595415130060537	CPU_4	0	0	0	100.00	0	0	0	0	0	0
1428595415841069282	CPU_4	0	0	0	100.00	0	0	0	0	0	0
1428595416541955208	CPU_4	0	0	0	100.00	0	0	0	0	0	0
1428595417241329136	CPU_4	0	0	0	100.00	0	0	0	0	0	0
1428595417950842341	CPU_4	0	0	0	100.00	0	0	0	0	0	0
1428595418652828974	CPU_4	0	0	0	100.00	0	0	0	0	0	0
1428595419361673930	CPU_4	0	0	0	100.00	0	0	0	0	0	0
1428595420064307437	CPU_4	0	0	0	100.00	0	0	0	0	0	0
1428595420764522322	CPU_4	0	0	0	100.00	0	0	0	0	0	0
1428595421474437610	CPU_4	0	0	0	100.00	0	0	0	0	0	0
1428595422174497413	CPU_4	0	0	0	100.00	0	0	0	0	0	0
1428595422876607629	CPU_4	0	0	0	100.00	0	0	0	0	0	0
1428595423586020001	CPU_4	0	0	0	100.00	0	0	0	0	0	0
1428595424286800052	CPU_4	0	0	0	100.00	0	0	0	0	0	0
1428595424995652884	CPU_4	0	0	0	100.00	0	0	0	0	0	0
1428595425699031514	CPU_4	0	0	0	100.00	0	0	0	0	0	0
1428595426398518401	CPU_4	0	0	0	100.00	0	0	0	0	0	0
1428595427108910855	CPU_4	0	0	0	100.00	0	0	0	0	0	0
1428595427813569193	CPU_4	0	0	0	100.00	0	0	0	0	0	0
1428595428514945493	CPU_4	0	0	0	100.00	0	0	0	0	0	0
1428595429223468242	CPU_4	0	0	0	100.00	0	0	0	0	0	0
1428595429925892291	CPU_4	0	0	0	100.00	0	0	0	0	0	0
1428595430636902495	CPU_4	0	0	0	100.00	0	0	0	0	0	0
1428595431337403130	CPU_4	0	0	0	100.00	0	0	0	0	0	0
1428595432037007516	CPU_4	0	0	0	100.00	0	0	0	0	0	0
1428595432745009724	CPU_4	0	0	0	100.00	0	0	0	0	0	0
1428595433442019114	CPU_4	0	0	0	100.00	0	0	0	0	0	0
1428595434143455790	CPU_4	0	0	0	100.00	0	0	0	0	0	0
1428595434849407292	CPU_4	0	0	0	100.00	0	0	0	0	0	0
1428595435549479428	CPU_4	0	0	0	100.00	0	0	0	0	0	0
1428595436251058145	CPU_4	0	0	0	100.00	0	0	0	0	0	0
1428595436959205603	CPU_4	0	0	0	100.00	0	0	0	0	0	0
1428595437657213283	CPU_4	0	0	0	100.00	0	0	0	0	0	0
1428595438368231487	CPU_4	0	0	0	100.00	0	0	0	0	0	0
1428595439065756543	CPU_4	0	0	0	100.00	0	0	0	0	0	0
1428595439766687553	CPU_4	0	0	0	100.00	0	0	0	0	0	0
1428595440476380592	CPU_4	0	0	0	100.00	0	0	0	0	0	0
1428595441176465145	CPU_4	0	0	0	100.00	0	0	0	0	0	0
1428595441875119116	CPU_4	0	0	0	100.00	0	0	0	0	0	0
1428595442589190690	CPU_4	0	0	0	100.00	0	0	0	0	0	0
1428595443285856373	CPU_4	0	0	0	100.00	0	0	0	0	0	0
1428595443998327575	CPU_4	0	0	0	100.00	0	0	0	0	0	0
1428595444700862166	CPU_4	0	0	0	100.00	0	0	0	0	0	0
1428595445399972386	CPU_4	0	0	0	100.00	0	0	0	0	0	0
1428595446109469551	CPU_4	0	0	0	100.00	0	0	0	0	0	0
1428595446811978600	CPU_4	0	0	0	100.00	0	0	0	0	0	0
1428595447510738363	CPU_4	0	0	0	100.00	0	0	0	0	0	0
1428595448222601316	CPU_4	0	0	0	100.00	0	0	0	0	0	0
1428595448924055075	CPU_4	0	0	0	100.00	0	0	0	0	0	0
1428595449635004904	CPU_4	0	0	0	100.00	0	0	0	0	0	0
1428595450335367498	CPU_4	0	0	0	100.00	0	0	0	0	0	0
1428595451037983131	CPU_4	0	0	0	100.00	0	0	0	0	0	0
1428595451746599880	CPU_4	0	0	0	100.00	0	0	0	0	0	0
1428595452447832890	CPU_4	0	0	0	100.00	0	0	0	0	0	0
1428595453150860230	CPU_4	0	0	0	100.00	0	0	0	0	0	0
1428595453860817811	CPU_4	0	0	0	100.00	0	0	0	0	0	0
1428595454563388360	CPU_4	0	0	0	100.00	0	0	0	0	0	0
1428595455274087231	CPU_4	0	0	0	100.00	0	0	0	0	0	0
1428595455973227244	CPU_4	0	0	0	100.00	0	0	0	0	0	0
1428595456679774413	CPU_4	0	0	0	100.00	0	0	0	0	0	0
1428595457390060285	CPU_4	0	0	0	100.00	0	0	0	0	0	0
1428595458091300336	CPU_4	0	0	0	100.00	0	0	0	0	0	0
1428595458792541846	CPU_4	0	0	0	100.00	0	0	0	0	0	0
1428595459504248299	CPU_4	0	0	0	100.00	0	0	0	0	0	0
1428595460203548895	CPU_4	0	0	0	100.00	0	0	0	0	0	0
1428595460914668141	CPU_4	0	0	0	100.00	0	0	0	0	0	0
1428595461619453104	CPU_4	0	0	0	100.00	0	0	0	0	0	0
1428595462320134115	CPU_4	0	0	0	100.00	0	0	0	0	0	0
1428595463030927819	CPU_4	0	0	0	100.00	0	0	0	0	0	0
1428595463744697395	CPU_4	0	0	0	100.00	0	0	0	0	0	0
1428595464448775151	CPU_4	0	0	0	100.00	0	0	0	0	0	0
1428595465232159295	CPU_4	0	0	0	100.00	0	0	0	0	0	0
1428595465933791762	CPU_4	0	0	0	100.00	0	0	0	0	0	0
1428595466649041461	CPU_4	0	0	0	100.00	0	0	0	0	0	0
1428595467348483098	CPU_4	0	0	0	100.00	0	0	0	0	0	0
1428595468051474314	CPU_4	0	0	0	100.00	0	0	0	0	0	0
1428595468762597852	CPU_4	0	0	0	100.00	0	0	0	0	0	0
1428595469464509444	CPU_4	0	0	0	100.00	0	0	0	0	0	0
1428595470177701520	CPU_4	0	0	0	100.00	0	0	0	0	0	0
1428595470880269820	CPU_4	0	0	0	100.00	0	0	0	0	0	0
1428595471578376876	CPU_4	0	0	0	100.00	0	0	0	0	0	0
1428595472290099747	CPU_4	0	0	0	100.00	0	0	0	0	0	0
1428595472990000842	CPU_4	0	0	0	100.00	0	0	0	0	0	0
1428595473693174891	CPU_4	0	0	0	100.00	0	0	0	0	0	0
1428595474401956099	CPU_4	0	0	0	100.00	0	0	0	0	0	0
1428595475103774358	CPU_4	0	0	0	100.00	0	0	0	0	0	0
1428595475812427399	CPU_4	0	0	0	100.00	0	0	0	0	0	0
1428595476517926945	CPU_4	0	0	0	100.00	0	0	0	0	0	0
1428595477217588499	CPU_4	0	0	0	100.00	0	0	0	0	0	0
1428595477929079495	CPU_4	0	0	0	100.00	0	0	0	0	0	0
1428595478630497922	CPU_4	0	0	0	100.00	0	0	0	0	0	0
1428595479332522639	CPU_4	0	0	0	100.00	0	0	0	0	0	0
1428595480038146143	CPU_4	0	0	0	100.00	0	0	0	0	0	0
1428595480744195438	CPU_4	0	0	0	100.00	0	0	0	0	0	0
1428595481448282195	CPU_4	0	0	0	100.00	0	0	0	0	0	0
1428595482154305573	CPU_4	0	0	0	100.00	0	0	0	0	0	0
1428595482853969961	CPU_4	0	0	0	100.00	0	0	0	0	0	0
1428595483564259166	CPU_4	0	0	0	100.00	0	0	0	0	0	0
1428595484264385220	CPU_4	0	0	0	100.00	0	0	0	0	0	0
1428595484965911438	CPU_4	0	0	0	100.00	0	0	0	0	0	0
1428595485678178266	CPU_4	0	0	0	100.00	0	0	0	0	0	0
1428595486378077695	CPU_4	0	0	0	100.00	0	0	0	0	0	0
1428595487078700165	CPU_4	0	0	0	100.00	0	0	0	0	0	0
1428595487790639202	CPU_4	0	0	0	100.00	0	0	0	0	0	0
1428595488489318258	CPU_4	0	0	0	100.00	0	0	0	0	0	0
1428595489201490669	CPU_4	0	0	0	100.00	0	0	0	0	0	0
1428595489901328890	CPU_4	0	0	0	100.00	0	0	0	0	0	0
1428595490604892022	CPU_4	0	0	0	100.00	0	0	0	0	0	0
1428595491316350935	CPU_4	0	0	0	100.00	0	0	0	0	0	0
1428595492017000822	CPU_4	0	0	0	100.00	0	0	0	0	0	0
1428595492722264326	CPU_4	0	0	0	100.00	0	0	0	0	0	0
1428595493430483910	CPU_4	0	0	0	100.00	0	0	0	0	0	0
1428595494131092964	CPU_4	0	0	0	100.00	0	0	0	0	0	0
1428595494844506832	CPU_4	0	0	0	100.00	0	0	0	0	0	0
1428595495543502304	CPU_4	0	0	0	100.00	0	0	0	0	0	0
1428595496250202015	CPU_4	0	0	0	100.00	0	0	0	0	0	0
1428595496960728971	CPU_4	0	0	0	100.00	0	0	0	0	0	0
1428595497663777979	CPU_4	0	0	0	100.00	0	0	0	0	0	0
1428595498369760525	CPU_4	0	0	0	100.00	0	0	0	0	0	0
1428595499076729611	CPU_4	0	0	0	100.00	0	0	0	0	0	0
1428595499777038123	CPU_4	0	0	0	100.00	0	0	0	0	0	0
1428595500488354661	CPU_4	0	0	0	98.61	0	1.38	0	0	0	0
1428595501191969752	CPU_4	0	0	0	100.00	0	0	0	0	0	0
1428595501892003639	CPU_4	0	0	0	100.00	0	0	0	0	0	0
1428595502602950970	CPU_4	0	0	0	100.00	0	0	0	0	0	0
1428595503306689685	CPU_4	0	0	0	100.00	0	0	0	0	0	0
1428595504007871571	CPU_4	0	0	0	100.00	0	0	0	0	0	0
1428595504720695274	CPU_4	0	0	0	100.00	0	0	0	0	0	0
1428595505421202994	CPU_4	0	0	0	100.00	0	0	0	0	0	0
1428595506135429445	CPU_4	0	0	0	100.00	0	0	0	0	0	0
1428595506840402076	CPU_4	0	0	0	100.00	0	0	0	0	0	0
1428595507543410167	CPU_4	0	0	0	100.00	0	0	0	0	0	0
1428595508253417708	CPU_4	0	0	0	100.00	0	0	0	0	0	0
1428595508957131007	CPU_4	0	0	0	100.00	0	0	0	0	0	0
1428595509673104705	CPU_4	0	0	0	100.00	0	0	0	0	0	0
1428595510379345709	CPU_4	0	0	0	100.00	0	0	0	0	0	0
1428595511084216673	CPU_4	0	0	0	100.00	0	0	0	0	0	0
1428595511798385374	CPU_4	0	0	0	100.00	0	0	0	0	0	0
1428595512500072010	CPU_4	0	0	0	100.00	0	0	0	0	0	0
1428595513206013889	CPU_4	0	0	0	100.00	0	0	0	0	0	0
1428595513916206929	CPU_4	0	0	0	100.00	0	0	0	0	0	0
1428595514621298560	CPU_4	0	0	0	100.00	0	0	0	0	0	0
1428595515339152548	CPU_4	0	0	0	98.63	0	1.36	0	0	0	0
1428595516044022345	CPU_4	0	0	0	100.00	0	0	0	0	0	0
1428595516749104684	CPU_4	0	0	0	100.00	0	0	0	0	0	0
1428595517463388802	CPU_4	0	0	0	100.00	0	0	0	0	0	0
1428595518167320934	CPU_4	0	0	0	100.00	0	0	0	0	0	0
1428595518873290605	CPU_4	0	0	0	100.00	0	0	0	0	0	0
1428595519584335519	CPU_4	0	0	0	100.00	0	0	0	0	0	0
1428595520289076484	CPU_4	0	0	0	100.00	0	0	0	0	0	0
1428595521002078229	CPU_4	0	0	0	100.00	0	0	0	0	0	0
1428595521708305733	CPU_4	0	0	0	100.00	0	0	0	0	0	0
1428595522411416492	CPU_4	0	0	0	100.00	0	0	0	0	0	0
1428595523125587818	CPU_4	0	0	0	100.00	0	0	0	0	0	0
1428595523827280204	CPU_4	0	0	0	100.00	0	0	0	0	0	0
1428595524532666292	CPU_4	0	0	0	100.00	0	0	0	0	0	0
1428595525246121411	CPU_4	0	0	0	100.00	0	0	0	0	0	0
1428595525948071630	CPU_4	0	0	0	100.00	0	0	0	0	0	0
1428595526660956500	CPU_4	0	0	0	100.00	0	0	0	0	0	0
1428595527366060339	CPU_4	0	0	0	100.00	0	0	0	0	0	0
1428595528069680931	CPU_4	0	0	0	100.00	0	0	0	0	0	0
1428595528785310338	CPU_4	0	0	0	100.00	0	0	0	0	0	0
1428595529488109223	CPU_4	0	0	0	100.00	0	0	0	0	0	0
1428595530208525874	CPU_4	0	0	0	98.61	0	1.38	0	0	0	0
1428595530910902883	CPU_4	0	0	0	100.00	0	0	0	0	0	0
1428595531615817473	CPU_4	0	0	0	100.00	0	0	0	0	0	0
1428595532330007216	CPU_4	0	0	0	100.00	0	0	0	0	0	0
1428595533036699553	CPU_4	0	0	0	100.00	0	0	0	0	0	0
1428595533743003433	CPU_4	0	0	0	100.00	0	0	0	0	0	0
1428595534456464594	CPU_4	0	0	0	100.00	0	0	0	0	0	0
1428595535159026312	CPU_4	2.89	0	2.89	94.20	0	0	0	0	0	0
1428595535870904142	CPU_4	0	0	0	100.00	0	0	0	0	0	0
1428595536571967612	CPU_4	0	0	0	100.00	0	0	0	0	0	0
1428595537272738457	CPU_4	0	0	0	100.00	0	0	0	0	0	0
1428595537984016455	CPU_4	0	0	0	100.00	0	0	0	0	0	0
1428595538686719548	CPU_4	0	0	0	100.00	0	0	0	0	0	0
1428595539387216936	CPU_4	0	0	0	100.00	0	0	0	0	0	0
1428595540099013849	CPU_4	0	0	0	100.00	0	0	0	0	0	0
1428595540802551982	CPU_4	0	0	0	100.00	0	0	0	0	0	0
1428595541511902524	CPU_4	0	0	0	100.00	0	0	0	0	0	0
1428595542213979785	CPU_4	0	0	0	100.00	0	0	0	0	0	0
1428595542917250460	CPU_4	0	0	0	98.61	0	1.38	0	0	0	0
1428595543631462037	CPU_4	0	0	0	100.00	0	0	0	0	0	0
1428595544335556337	CPU_4	0	0	0	100.00	0	0	0	0	0	0
1428595545037489139	CPU_4	0	0	0	100.00	0	0	0	0	0	0
1428595545759254247	CPU_4	0	0	0	100.00	0	0	0	0	0	0
1428595546459019052	CPU_4	0	0	0	100.00	0	0	0	0	0	0
1428595547171769256	CPU_4	0	0	0	100.00	0	0	0	0	0	0
1428595547876438513	CPU_4	0	0	0	100.00	0	0	0	0	0	0
1428595548577975858	CPU_4	0	0	0	100.00	0	0	0	0	0	0
1428595549290677146	CPU_4	0	0	0	42.26	0	57.73	0	0	0	0
1428595549994349196	CPU_4	0	0	0	100.00	0	0	0	0	0	0
1428595550696246998	CPU_4	0	0	0	100.00	0	0	0	0	0	0
1428595551409133702	CPU_4	0	0	0	100.00	0	0	0	0	0	0
1428595552112595003	CPU_4	0	0	0	100.00	0	0	0	0	0	0
1428595552825193207	CPU_4	0	0	0	100.00	0	0	0	0	0	0
1428595553529312090	CPU_4	0	0	0	100.00	0	0	0	0	0	0
1428595554232896557	CPU_4	0	0	0	100.00	0	0	0	0	0	0
1428595554946067260	CPU_4	0	0	0	100.00	0	0	0	0	0	0
1428595555651176600	CPU_4	0	0	0	100.00	0	0	0	0	0	0
1428595556361917807	CPU_4	0	0	0	100.00	0	0	0	0	0	0
1428595557067990063	CPU_4	0	0	0	100.00	0	0	0	0	0	0
1428595557775817940	CPU_4	0	0	0	100.00	0	0	0	0	0	0
1428595558489763101	CPU_4	0	0	0	100.00	0	0	0	0	0	0
1428595559191441071	CPU_4	0	0	0	100.00	0	0	0	0	0	0
1428595559895906870	CPU_4	0	0	0	100.00	0	0	0	0	0	0
1428595560610232072	CPU_4	0	0	0	100.00	0	0	0	0	0	0
1428595561317253243	CPU_4	0	0	0	100.00	0	0	0	0	0	0
1428595562031293154	CPU_4	0	0	0	100.00	0	0	0	0	0	0
1428595562735027329	CPU_4	0	0	0	100.00	0	0	0	0	0	0
1428595563442334916	CPU_4	0	0	0	100.00	0	0	0	0	0	0
1428595564154721871	CPU_4	0	0	0	100.00	0	0	0	0	0	0
1428595564861083251	CPU_4	0	0	0	100.00	0	0	0	0	0	0
1428595565565208842	CPU_4	0	0	0	100.00	0	0	0	0	0	0
1428595566279530920	CPU_4	0	0	0	100.00	0	0	0	0	0	0
1428595566984780593	CPU_4	0	0	0	100.00	0	0	0	0	0	0
1428595567699290545	CPU_4	0	0	0	100.00	0	0	0	0	0	0
1428595568401980680	CPU_4	0	0	0	100.00	0	0	0	0	0	0
1428595569106688438	CPU_4	0	0	0	100.00	0	0	0	0	0	0
1428595569821663056	CPU_4	0	0	0	100.00	0	0	0	0	0	0
1428595570524358858	CPU_4	0	0	0	100.00	0	0	0	0	0	0
1428595571236318313	CPU_4	0	0	0	100.00	0	0	0	0	0	0
1428595571947099771	CPU_4	0	0	0	100.00	0	0	0	0	0	0
1428595572655894772	CPU_4	0	0	0	100.00	0	0	0	0	0	0
1428595573371194348	CPU_4	0	0	0	100.00	0	0	0	0	0	0
1428595574074890232	CPU_4	0	0	0	100.00	0	0	0	0	0	0
1428595574784872816	CPU_4	0	0	0	100.00	0	0	0	0	0	0
1428595575497163521	CPU_4	0	0	0	100.00	0	0	0	0	0	0
1428595576201617821	CPU_4	0	0	0	100.00	0	0	0	0	0	0
1428595576916894855	CPU_4	0	0	0	100.00	0	0	0	0	0	0
1428595577619464532	CPU_4	0	0	0	100.00	0	0	0	0	0	0
1428595578324745956	CPU_4	0	0	0	100.00	0	0	0	0	0	0
1428595579038475701	CPU_4	0	0	0	100.00	0	0	0	0	0	0
1428595579740426754	CPU_4	0	0	0	100.00	0	0	0	0	0	0
1428595580445820553	CPU_4	0	0	0	100.00	0	0	0	0	0	0
1428595581160393546	CPU_4	0	0	0	100.00	0	0	0	0	0	0
1428595581863267098	CPU_4	0	0	0	100.00	0	0	0	0	0	0
1428595582577561426	CPU_4	0	0	0	100.00	0	0	0	0	0	0
1428595583282602017	CPU_4	0	0	0	100.00	0	0	0	0	0	0
1428595583991242519	CPU_4	0	0	0	100.00	0	0	0	0	0	0
1428595584710115789	CPU_4	2.77	0	0	97.22	0	0	0	0	0	0
1428595585415623962	CPU_4	0	0	0	100.00	0	0	0	0	0	0
1428595586140254612	CPU_4	0	0	0	100.00	0	0	0	0	0	0
1428595586846433432	CPU_4	0	0	0	100.00	0	0	0	0	0	0
1428595587550420847	CPU_4	0	0	0	100.00	0	0	0	0	0	0
1428595588263366428	CPU_4	0	0	0	100.00	0	0	0	0	0	0
1428595588968201297	CPU_4	0	0	0	100.00	0	0	0	0	0	0
1428595589701013203	CPU_4	0	0	0	100.00	0	0	0	0	0	0
1428595590417207353	CPU_4	0	0	0	100.00	0	0	0	0	0	0
1428595591121599934	CPU_4	0	0	0	100.00	0	0	0	0	0	0
1428595591836102760	CPU_4	0	0	0	100.00	0	0	0	0	0	0
1428595592541098422	CPU_4	0	0	0	100.00	0	0	0	0	0	0
1428595593246390500	CPU_4	0	0	0	100.00	0	0	0	0	0	0
1428595593960104873	CPU_4	0	0	0	100.00	0	0	0	0	0	0
1428595594664886913	CPU_4	0	0	0	100.00	0	0	0	0	0	0
1428595595379833447	CPU_4	0	0	0	100.00	0	0	0	0	0	0
1428595596082857162	CPU_4	0	0	0	100.00	0	0	0	0	0	0
1428595596788592115	CPU_4	0	0	0	100.00	0	0	0	0	0	0
1428595597504443771	CPU_4	0	0	0	100.00	0	0	0	0	0	0
1428595598207802444	CPU_4	0	0	0	100.00	0	0	0	0	0	0
1428595598915069475	CPU_4	0	0	0	100.00	0	0	0	0	0	0
1428595599633399079	CPU_4	0	0	0	100.00	0	0	0	0	0	0
1428595600341996104	CPU_4	0	0	0	100.00	0	0	0	0	0	0
1428595601059270214	CPU_4	0	0	0	100.00	0	0	0	0	0	0
1428595601764818421	CPU_4	0	0	0	100.00	0	0	0	0	0	0
1428595602471041792	CPU_4	0	0	0	100.00	0	0	0	0	0	0
1428595603189754813	CPU_4	0	0	0	100.00	0	0	0	0	0	0
1428595603897185387	CPU_4	0	0	0	100.00	0	0	0	0	0	0
1428595604613813794	CPU_4	0	0	0	100.00	0	0	0	0	0	0
1428595605316884556	CPU_4	0	0	0	100.00	0	0	0	0	0	0
1428595606024875962	CPU_4	0	0	0	100.00	0	0	0	0	0	0
1428595606742097200	CPU_4	0	0	0	100.00	0	0	0	0	0	0
1428595607448039450	CPU_4	0	0	0	100.00	0	0	0	0	0	0
1428595608154440782	CPU_4	0	0	0	100.00	0	0	0	0	0	0
1428595608870940816	CPU_4	0	0	0	100.00	0	0	0	0	0	0
1428595609575723948	CPU_4	0	0	0	100.00	0	0	0	0	0	0
1428595610291720694	CPU_4	0	0	0	100.00	0	0	0	0	0	0
1428595610998899482	CPU_4	0	0	0	100.00	0	0	0	0	0	0
1428595611707088016	CPU_4	0	0	0	100.00	0	0	0	0	0	0
1428595612423962551	CPU_4	0	0	0	100.00	0	0	0	0	0	0
1428595613130736592	CPU_4	0	0	0	100.00	0	0	0	0	0	0
1428595613849511785	CPU_4	0	0	0	100.00	0	0	0	0	0	0
1428595614554986458	CPU_4	0	0	0	100.00	0	0	0	0	0	0
1428595615260826796	CPU_4	0	0	0	100.00	0	0	0	0	0	0
1428595615977595751	CPU_4	0	0	0	100.00	0	0	0	0	0	0
1428595616680367187	CPU_4	0	0	0	100.00	0	0	0	0	0	0
1428595617387923060	CPU_4	0	0	0	100.00	0	0	0	0	0	0
1428595618106172426	CPU_4	0	0	0	100.00	0	0	0	0	0	0
1428595618810807105	CPU_4	0	0	0	100.00	0	0	0	0	0	0
1428595619527875351	CPU_4	0	0	0	100.00	0	0	0	0	0	0
1428595620235195727	CPU_4	0	0	0	100.00	0	0	0	0	0	0
1428595620944290720	CPU_4	0	0	0	100.00	0	0	0	0	0	0
1428595621663999622	CPU_4	0	0	0	100.00	0	0	0	0	0	0
1428595622371196542	CPU_4	0	0	0	100.00	0	0	0	0	0	0
1428595623091493150	CPU_4	0	0	0	100.00	0	0	0	0	0	0
1428595623795886458	CPU_4	0	0	0	100.00	0	0	0	0	0	0
1428595624502976671	CPU_4	0	0	0	100.00	0	0	0	0	0	0
1428595625217928306	CPU_4	0	0	0	100.00	0	0	0	0	0	0
1428595625924871603	CPU_4	0	0	0	100.00	0	0	0	0	0	0
1428595626631652735	CPU_4	0	0	0	100.00	0	0	0	0	0	0
1428595627347045203	CPU_4	0	0	0	100.00	0	0	0	0	0	0
1428595628052822757	CPU_4	0	0	0	100.00	0	0	0	0	0	0
1428595628769425928	CPU_4	0	0	0	100.00	0	0	0	0	0	0
1428595629476332894	CPU_4	0	0	0	100.00	0	0	0	0	0	0
1428595630184571854	CPU_4	0	0	0	100.00	0	0	0	0	0	0
1428595630899961324	CPU_4	0	0	0	100.00	0	0	0	0	0	0
1428595631606482877	CPU_4	0	0	0	100.00	0	0	0	0	0	0
1428595632322502802	CPU_4	0	0	0	100.00	0	0	0	0	0	0
1428595633029066022	CPU_4	0	0	0	100.00	0	0	0	0	0	0
1428595633739902306	CPU_4	0	0	0	100.00	0	0	0	0	0	0
1428595634456585688	CPU_4	0	0	0	100.00	0	0	0	0	0	0
1428595635161158918	CPU_4	0	0	0	100.00	0	0	0	0	0	0
1428595635867001935	CPU_4	0	0	0	100.00	0	0	0	0	0	0
1428595636582980280	CPU_4	0	0	0	100.00	0	0	0	0	0	0
1428595637287261471	CPU_4	0	0	0	100.00	0	0	0	0	0	0
1428595638007141216	CPU_4	0	0	0	100.00	0	0	0	0	0	0
1428595638713207191	CPU_4	0	0	0	100.00	0	0	0	0	0	0
1428595639422682360	CPU_4	0	0	0	100.00	0	0	0	0	0	0
1428595640136467633	CPU_4	0	0	0	100.00	0	0	0	0	0	0
1428595640842853192	CPU_4	0	0	0	100.00	0	0	0	0	0	0
1428595641558794623	CPU_4	0	0	0	100.00	0	0	0	0	0	0
1428595642263152234	CPU_4	0	0	0	100.00	0	0	0	0	0	0
1428595642974544104	CPU_4	0	0	0	100.00	0	0	0	0	0	0
1428595643691453573	CPU_4	0	0	0	100.00	0	0	0	0	0	0
1428595644396882847	CPU_4	0	0	0	100.00	0	0	0	0	0	0
1428595645106562351	CPU_4	0	0	0	100.00	0	0	0	0	0	0
1428595645821718080	CPU_4	0	0	0	100.00	0	0	0	0	0	0
1428595646530068841	CPU_4	0	0	0	100.00	0	0	0	0	0	0
1428595647246716856	CPU_4	0	0	0	100.00	0	0	0	0	0	0
1428595647954261246	CPU_4	0	0	0	100.00	0	0	0	0	0	0
1428595648663106881	CPU_4	0	0	0	100.00	0	0	0	0	0	0
1428595649378368028	CPU_4	0	0	0	100.00	0	0	0	0	0	0
1428595650086753916	CPU_4	0	0	0	100.00	0	0	0	0	0	0
1428595650802936394	CPU_4	0	0	0	100.00	0	0	0	0	0	0
1428595651509950580	CPU_4	0	0	0	100.00	0	0	0	0	0	0
1428595652218038721	CPU_4	0	0	0	100.00	0	0	0	0	0	0
1428595652946444309	CPU_4	0	0	0	100.00	0	0	0	0	0	0
1428595653655938819	CPU_4	0	0	0	100.00	0	0	0	0	0	0
1428595654373065669	CPU_4	0	0	0	100.00	0	0	0	0	0	0
1428595655084110672	CPU_4	0	0	0	100.00	0	0	0	0	0	0
1428595655791750484	CPU_4	0	0	0	100.00	0	0	0	0	0	0
1428595656507575049	CPU_4	0	0	0	100.00	0	0	0	0	0	0
1428595657215493443	CPU_4	0	0	0	100.00	0	0	0	0	0	0
1428595657923384213	CPU_4	0	0	0	100.00	0	0	0	0	0	0
1428595658639423070	CPU_4	0	0	0	100.00	0	0	0	0	0	0
1428595659346950051	CPU_4	0	0	0	100.00	0	0	0	0	0	0
1428595660065293690	CPU_4	0	0	0	100.00	0	0	0	0	0	0
1428595660770255600	CPU_4	0	0	0	100.00	0	0	0	0	0	0
1428595661479682656	CPU_4	0	0	0	100.00	0	0	0	0	0	0
1428595662197302175	CPU_4	0	0	0	100.00	0	0	0	0	0	0
1428595662907993934	CPU_4	0	0	0	100.00	0	0	0	0	0	0
1428595663624766083	CPU_4	0	0	0	100.00	0	0	0	0	0	0
1428595664333421311	CPU_4	0	0	0	100.00	0	0	0	0	0	0
1428595665042824203	CPU_4	0	0	0	100.00	0	0	0	0	0	0
1428595665761158429	CPU_4	0	0	0	100.00	0	0	0	0	0	0
1428595666470152573	CPU_4	0	0	0	100.00	0	0	0	0	0	0
1428595667183111450	CPU_4	0	0	0	100.00	0	0	0	0	0	0
1428595667896788073	CPU_4	0	0	0	100.00	0	0	0	0	0	0
1428595668606139842	CPU_4	0	0	0	100.00	0	0	0	0	0	0
1428595669323129535	CPU_4	0	0	0	100.00	0	0	0	0	0	0
1428595670034652711	CPU_4	0	0	0	100.00	0	0	0	0	0	0
1428595670739680376	CPU_4	0	0	0	100.00	0	0	0	0	0	0
1428595671459234808	CPU_4	0	0	0	100.00	0	0	0	0	0	0
1428595672166109590	CPU_4	0	0	0	100.00	0	0	0	0	0	0
1428595672881960540	CPU_4	0	0	0	100.00	0	0	0	0	0	0
1428595673590240609	CPU_4	0	0	0	100.00	0	0	0	0	0	0
1428595674298456886	CPU_4	0	0	0	100.00	0	0	0	0	0	0
1428595675017490281	CPU_4	0	0	0	100.00	0	0	0	0	0	0
1428595675725269311	CPU_4	0	0	0	100.00	0	0	0	0	0	0
1428595676443299836	CPU_4	0	0	0	100.00	0	0	0	0	0	0
1428595677155515055	CPU_4	0	0	0	100.00	0	0	0	0	0	0
1428595677861598511	CPU_4	0	0	0	100.00	0	0	0	0	0	0
1428595678579630912	CPU_4	0	0	0	100.00	0	0	0	0	0	0
1428595679286830906	CPU_4	0	0	0	100.00	0	0	0	0	0	0
1428595679996815761	CPU_4	0	0	0	100.00	0	0	0	0	0	0
1428595680715594785	CPU_4	0	0	0	100.00	0	0	0	0	0	0
1428595681423874525	CPU_4	0	0	0	100.00	0	0	0	0	0	0
1428595682140338394	CPU_4	0	0	0	100.00	0	0	0	0	0	0
1428595682847364390	CPU_4	0	0	0	100.00	0	0	0	0	0	0
1428595683556920125	CPU_4	0	0	0	100.00	0	0	0	0	0	0
1428595684275654901	CPU_4	0	0	0	100.00	0	0	0	0	0	0
1428595684983768477	CPU_4	0	0	0	100.00	0	0	0	0	0	0
1428595685700988594	CPU_4	0	0	0	100.00	0	0	0	0	0	0
1428595686409605127	CPU_4	0	0	0	100.00	0	0	0	0	0	0
1428595687118548950	CPU_4	0	0	0	100.00	0	0	0	0	0	0
1428595687836284941	CPU_4	0	0	0	100.00	0	0	0	0	0	0
1428595688546453801	CPU_4	0	0	0	100.00	0	0	0	0	0	0
1428595689260277853	CPU_4	0	0	0	100.00	0	0	0	0	0	0
1428595689973771156	CPU_4	0	0	0	100.00	0	0	0	0	0	0
1428595690685751717	CPU_4	0	0	0	100.00	0	0	0	0	0	0
1428595691405624659	CPU_4	0	0	0	100.00	0	0	0	0	0	0
1428595692113103408	CPU_4	0	0	0	100.00	0	0	0	0	0	0
1428595692821437196	CPU_4	0	0	0	100.00	0	0	0	0	0	0
1428595693541575888	CPU_4	0	0	0	100.00	0	0	0	0	0	0
1428595694247989726	CPU_4	0	0	0	100.00	0	0	0	0	0	0
1428595694966814133	CPU_4	0	0	0	100.00	0	0	0	0	0	0
1428595695678542240	CPU_4	0	0	0	100.00	0	0	0	0	0	0
1428595696385089704	CPU_4	0	0	0	100.00	0	0	0	0	0	0
1428595697104279903	CPU_4	0	0	0	100.00	0	0	0	0	0	0
1428595697812945858	CPU_4	0	0	0	100.00	0	0	0	0	0	0
1428595698534129298	CPU_4	0	0	0	100.00	0	0	0	0	0	0
1428595699241737259	CPU_4	0	0	0	100.00	0	0	0	0	0	0
1428595699951474919	CPU_4	0	0	0	100.00	0	0	0	0	0	0
1428595700670860951	CPU_4	0	0	0	100.00	0	0	0	0	0	0
1428595701377548668	CPU_4	0	0	0	100.00	0	0	0	0	0	0
1428595702089984692	CPU_4	0	0	0	100.00	0	0	0	0	0	0
1428595702805251494	CPU_4	0	0	0	100.00	0	0	0	0	0	0
1428595703512618167	CPU_4	0	0	0	100.00	0	0	0	0	0	0
1428595704238426006	CPU_4	0	0	0	100.00	0	0	0	0	0	0
1428595704952248817	CPU_4	0	0	0	100.00	0	0	0	0	0	0
1428595705662797184	CPU_4	0	0	0	100.00	0	0	0	0	0	0
1428595706388364234	CPU_4	0	0	0	100.00	0	0	0	0	0	0
1428595707099111935	CPU_4	0	0	0	100.00	0	0	0	0	0	0
1428595707817572559	CPU_4	0	0	0	100.00	0	0	0	0	0	0
1428595708525373024	CPU_4	0	0	0	100.00	0	0	0	0	0	0
1428595709235029190	CPU_4	0	0	0	100.00	0	0	0	0	0	0
1428595709953899980	CPU_4	0	0	0	100.00	0	0	0	0	0	0
1428595710665216014	CPU_4	0	0	0	100.00	0	0	0	0	0	0
1428595711382161398	CPU_4	0	0	0	100.00	0	0	0	0	0	0
1428595712093116100	CPU_4	0	0	0	100.00	0	0	0	0	0	0
1428595712802079938	CPU_4	0	0	0	100.00	0	0	0	0	0	0
1428595713518518908	CPU_4	0	0	0	100.00	0	0	0	0	0	0
1428595714229151114	CPU_4	0	0	0	100.00	0	0	0	0	0	0
1428595714953324507	CPU_4	0	0	0	100.00	0	0	0	0	0	0
1428595715665144958	CPU_4	0	0	0	100.00	0	0	0	0	0	0
1428595716371723892	CPU_4	0	0	0	100.00	0	0	0	0	0	0
1428595717106035658	CPU_4	0	0	0	100.00	0	0	0	0	0	0
1428595717815017623	CPU_4	0	0	0	100.00	0	0	0	0	0	0
1428595718525273666	CPU_4	0	0	0	100.00	0	0	0	0	0	0
1428595719244515793	CPU_4	0	0	0	100.00	0	0	0	0	0	0
1428595719953981215	CPU_4	0	0	0	100.00	0	0	0	0	0	0
1428595720673567717	CPU_4	0	0	0	100.00	0	0	0	0	0	0
1428595721382155478	CPU_4	0	0	0	100.00	0	0	0	0	0	0
1428595722103497847	CPU_4	0	0	0	100.00	0	0	0	0	0	0
1428595722822774809	CPU_4	0	0	0	100.00	0	0	0	0	0	0
1428595723530170285	CPU_4	0	0	0	100.00	0	0	0	0	0	0
1428595724249798080	CPU_4	0	0	0	100.00	0	0	0	0	0	0
1428595724958368218	CPU_4	0	0	0	100.00	0	0	0	0	0	0
1428595725669203845	CPU_4	0	0	0	100.00	0	0	0	0	0	0
1428595726387905688	CPU_4	0	0	0	100.00	0	0	0	0	0	0
1428595727100288184	CPU_4	0	0	0	100.00	0	0	0	0	0	0
1428595727819521400	CPU_4	0	0	0	100.00	0	0	0	0	0	0
1428595728526126132	CPU_4	0	0	0	100.00	0	0	0	0	0	0
1428595729237621633	CPU_4	0	0	0	100.00	0	0	0	0	0	0
1428595729956232520	CPU_4	0	0	0	100.00	0	0	0	0	0	0
1428595730664797077	CPU_4	0	0	0	100.00	0	0	0	0	0	0
1428595731389699227	CPU_4	0	0	0	100.00	0	0	0	0	0	0
1428595732102358559	CPU_4	0	0	0	100.00	0	0	0	0	0	0
1428595732811731489	CPU_4	0	0	0	100.00	0	0	0	0	0	0
1428595733529913087	CPU_4	0	0	0	100.00	0	0	0	0	0	0
1428595734239811932	CPU_4	0	0	0	100.00	0	0	0	0	0	0
1428595734949564570	CPU_4	0	0	0	100.00	0	0	0	0	0	0
1428595735668843915	CPU_4	0	0	0	100.00	0	0	0	0	0	0
1428595736377716224	CPU_4	0	0	0	100.00	0	0	0	0	0	0
1428595737099673391	CPU_4	0	0	0	100.00	0	0	0	0	0	0
1428595737807984204	CPU_4	0	0	0	100.00	0	0	0	0	0	0
1428595738516856848	CPU_4	0	0	0	100.00	0	0	0	0	0	0
1428595739238746933	CPU_4	0	0	0	100.00	0	0	0	0	0	0
1428595739950212982	CPU_4	0	0	0	100.00	0	0	0	0	0	0
1428595740669280122	CPU_4	0	0	0	100.00	0	0	0	0	0	0
1428595741379094514	CPU_4	0	0	0	100.00	0	0	0	0	0	0
1428595742092288848	CPU_4	0	0	0	100.00	0	0	0	0	0	0
1428595742811063783	CPU_4	0	0	0	100.00	0	0	0	0	0	0
1428595743521906087	CPU_4	0	0	0	100.00	0	0	0	0	0	0
1428595744242478681	CPU_4	0	0	0	100.00	0	0	0	0	0	0
1428595744953802317	CPU_4	0	0	0	100.00	0	0	0	0	0	0
1428595745663143713	CPU_4	0	0	0	100.00	0	0	0	0	0	0
1428595746382268356	CPU_4	0	0	0	100.00	0	0	0	0	0	0
1428595747091717752	CPU_4	0	0	0	100.00	0	0	0	0	0	0
1428595747809539569	CPU_4	0	0	0	100.00	0	0	0	0	0	0
1428595748524045859	CPU_4	0	0	0	100.00	0	0	0	0	0	0
1428595749235184874	CPU_4	0	0	0	100.00	0	0	0	0	0	0
1428595749954238019	CPU_4	0	0	0	100.00	0	0	0	0	0	0
1428595750664539538	CPU_4	0	0	0	100.00	0	0	0	0	0	0
1428595751376103469	CPU_4	0	0	0	100.00	0	0	0	0	0	0
1428595752094979241	CPU_4	0	0	0	100.00	0	0	0	0	0	0
1428595752806226799	CPU_4	0	0	0	100.00	0	0	0	0	0	0
1428595753526324067	CPU_4	0	0	0	100.00	0	0	0	0	0	0
1428595754238272581	CPU_4	0	0	0	100.00	0	0	0	0	0	0
1428595754947289400	CPU_4	0	0	0	100.00	0	0	0	0	0	0
1428595755674533219	CPU_4	0	0	0	100.00	0	0	0	0	0	0
1428595756383993121	CPU_4	0	0	0	100.00	0	0	0	0	0	0
1428595757104709304	CPU_4	0	0	0	100.00	0	0	0	0	0	0
1428595757813800541	CPU_4	0	0	0	100.00	0	0	0	0	0	0
1428595758524140648	CPU_4	0	0	0	100.00	0	0	0	0	0	0
1428595759244723167	CPU_4	0	0	0	100.00	0	0	0	0	0	0
1428595759952917367	CPU_4	0	0	0	100.00	0	0	0	0	0	0
1428595760673431846	CPU_4	0	0	0	100.00	0	0	0	0	0	0
1428595761384888407	CPU_4	0	0	0	100.00	0	0	0	0	0	0
1428595762094100271	CPU_4	0	0	0	100.00	0	0	0	0	0	0
1428595762815385039	CPU_4	0	0	0	100.00	0	0	0	0	0	0
1428595763525067276	CPU_4	0	0	0	100.00	0	0	0	0	0	0
1428595764251776812	CPU_4	0	0	0	100.00	0	0	0	0	0	0
1428595764958579230	CPU_4	0	0	0	100.00	0	0	0	0	0	0
1428595765669647545	CPU_4	0	0	0	100.00	0	0	0	0	0	0
1428595766389516030	CPU_4	0	0	0	100.00	0	0	0	0	0	0
1428595767099244561	CPU_4	0	0	0	100.00	0	0	0	0	0	0
1428595767810340669	CPU_4	0	0	0	100.00	0	0	0	0	0	0
1428595768532560144	CPU_4	0	0	0	100.00	0	0	0	0	0	0
1428595769244123793	CPU_4	0	0	0	100.00	0	0	0	0	0	0
1428595769961429958	CPU_4	0	0	0	100.00	0	0	0	0	0	0
1428595770672309652	CPU_4	0	0	0	100.00	0	0	0	0	0	0
1428595771386254458	CPU_4	0	0	0	100.00	0	0	0	0	0	0
1428595772104702744	CPU_4	0	0	0	100.00	0	0	0	0	0	0
1428595772815260982	CPU_4	0	0	0	100.00	0	0	0	0	0	0
1428595773538470914	CPU_4	0	0	0	100.00	0	0	0	0	0	0
1428595774253051260	CPU_4	0	0	0	100.00	0	0	0	0	0	0
1428595774961723467	CPU_4	0	0	0	100.00	0	0	0	0	0	0
1428595775682457203	CPU_4	0	0	0	100.00	0	0	0	0	0	0
1428595776392173322	CPU_4	0	0	0	100.00	0	0	0	0	0	0
1428595777109449949	CPU_4	0	0	0	100.00	0	0	0	0	0	0
1428595777821614975	CPU_4	0	0	0	100.00	0	0	0	0	0	0
1428595778537950691	CPU_4	0	0	0	100.00	0	0	0	0	0	0
1428595779261109126	CPU_4	0	0	0	100.00	0	0	0	0	0	0
1428595779970217083	CPU_4	0	0	0	100.00	0	0	0	0	0	0
1428595780691966609	CPU_4	0	0	0	100.00	0	0	0	0	0	0
1428595781402752185	CPU_4	0	0	0	100.00	0	0	0	0	0	0
1428595782111375896	CPU_4	0	0	0	100.00	0	0	0	0	0	0
1428595782832616216	CPU_4	0	0	0	100.00	0	0	0	0	0	0
1428595783543903999	CPU_4	0	0	0	100.00	0	0	0	0	0	0
1428595784266453023	CPU_4	0	0	0	100.00	0	0	0	0	0	0
1428595784980806543	CPU_4	0	0	0	100.00	0	0	0	0	0	0
1428595785692201202	CPU_4	0	0	0	100.00	0	0	0	0	0	0
1428595786413454483	CPU_4	0	0	0	100.00	0	0	0	0	0	0
1428595787122226613	CPU_4	0	0	0	100.00	0	0	0	0	0	0
1428595787833736147	CPU_4	0	0	0	100.00	0	0	0	0	0	0
1428595788553208104	CPU_4	0	0	0	100.00	0	0	0	0	0	0
1428595789264860972	CPU_4	0	0	0	100.00	0	0	0	0	0	0
1428595789985244842	CPU_4	0	0	0	100.00	0	0	0	0	0	0
1428595790697889790	CPU_4	0	0	0	100.00	0	0	0	0	0	0
1428595791410075281	CPU_4	0	0	0	100.00	0	0	0	0	0	0
1428595792129885322	CPU_4	0	0	0	100.00	0	0	0	0	0	0
1428595792841725816	CPU_4	0	0	0	100.00	0	0	0	0	0	0
1428595793563968680	CPU_4	0	0	0	100.00	0	0	0	0	0	0
1428595794280015406	CPU_4	0	0	0	100.00	0	0	0	0	0	0
1428595794991338820	CPU_4	0	0	0	100.00	0	0	0	0	0	0
1428595795712344441	CPU_4	0	0	0	100.00	0	0	0	0	0	0
1428595796423942563	CPU_4	0	0	0	100.00	0	0	0	0	0	0
1428595797142301779	CPU_4	0	0	0	100.00	0	0	0	0	0	0
1428595797855054647	CPU_4	0	0	0	100.00	0	0	0	0	0	0
1428595798565640525	CPU_4	0	0	0	100.00	0	0	0	0	0	0
1428595799287976892	CPU_4	0	0	0	100.00	0	0	0	0	0	0
1428595799999700932	CPU_4	0	0	0	100.00	0	0	0	0	0	0
1428595800721896675	CPU_4	0	0	0	100.00	0	0	0	0	0	0
1428595801434201088	CPU_4	0	0	0	100.00	0	0	0	0	0	0
1428595802143782639	CPU_4	0	0	0	100.00	0	0	0	0	0	0
1428595802866034508	CPU_4	0	0	0	100.00	0	0	0	0	0	0
1428595803580256831	CPU_4	0	0	0	100.00	0	0	0	0	0	0
1428595804301899870	CPU_4	0	0	0	100.00	0	0	0	0	0	0
1428595805013199623	CPU_4	0	0	0	100.00	0	0	0	0	0	0
1428595805726516909	CPU_4	0	0	0	100.00	0	0	0	0	0	0
1428595806448966988	CPU_4	0	0	0	100.00	0	0	0	0	0	0
1428595807158080252	CPU_4	0	0	0	100.00	0	0	0	0	0	0
1428595807883359819	CPU_4	0	0	0	100.00	0	0	0	0	0	0
1428595808598952013	CPU_4	0	0	0	100.00	0	0	0	0	0	0
1428595809310040186	CPU_4	0	0	0	100.00	0	0	0	0	0	0
1428595810034008634	CPU_4	0	0	0	100.00	0	0	0	0	0	0
1428595810747959129	CPU_4	0	0	0	100.00	0	0	0	0	0	0
1428595811468459677	CPU_4	0	0	0	100.00	0	0	0	0	0	0
1428595812183451459	CPU_4	0	0	0	100.00	0	0	0	0	0	0
1428595812897714870	CPU_4	0	0	0	100.00	0	0	0	0	0	0
1428595813622892649	CPU_4	0	0	0	100.00	0	0	0	0	0	0
1428595814335677192	CPU_4	0	0	0	100.00	0	0	0	0	0	0
1428595815057266988	CPU_4	0	0	0	100.00	0	0	0	0	0	0
1428595815770668445	CPU_4	0	0	0	100.00	0	0	0	0	0	0
1428595816481680956	CPU_4	0	0	0	100.00	0	0	0	0	0	0
1428595817201197929	CPU_4	0	0	0	100.00	0	0	0	0	0	0
1428595817914858220	CPU_4	0	0	0	100.00	0	0	0	0	0	0
1428595818626705187	CPU_4	0	0	0	100.00	0	0	0	0	0	0
1428595819349104856	CPU_4	0	0	0	100.00	0	0	0	0	0	0
1428595820060162743	CPU_4	0	0	0	100.00	0	0	0	0	0	0
1428595820782691121	CPU_4	0	0	0	100.00	0	0	0	0	0	0
1428595821494811672	CPU_4	0	0	0	100.00	0	0	0	0	0	0
1428595822203953194	CPU_4	0	0	0	100.00	0	0	0	0	0	0
1428595822926095616	CPU_4	0	0	0	100.00	0	0	0	0	0	0
1428595823645086803	CPU_4	0	0	0	100.00	0	0	0	0	0	0
1428595824377117016	CPU_4	0	0	0	100.00	0	0	0	0	0	0
1428595825167468591	CPU_4	0	0	1.26	98.73	0	0	0	0	0	0
1428595825888309105	CPU_4	0	0	0	100.00	0	0	0	0	0	0
1428595826600790864	CPU_4	0	0	0	100.00	0	0	0	0	0	0
1428595827315219532	CPU_4	0	0	0	100.00	0	0	0	0	0	0
1428595828035054176	CPU_4	0	0	0	100.00	0	0	0	0	0	0
1428595828748072852	CPU_4	0	0	0	100.00	0	0	0	0	0	0
1428595829472047019	CPU_4	0	0	0	100.00	0	0	0	0	0	0
1428595830185682734	CPU_4	0	0	0	100.00	0	0	0	0	0	0
1428595830896995335	CPU_4	0	0	0	100.00	0	0	0	0	0	0
1428595831620134008	CPU_4	0	0	0	100.00	0	0	0	0	0	0
1428595832333990556	CPU_4	0	0	0	100.00	0	0	0	0	0	0
1428595833058849055	CPU_4	0	0	0	100.00	0	0	0	0	0	0
1428595833772126107	CPU_4	0	0	0	100.00	0	0	0	0	0	0
1428595834484845078	CPU_4	0	0	0	100.00	0	0	0	0	0	0
1428595835207067591	CPU_4	0	0	0	100.00	0	0	0	0	0	0
1428595835920675600	CPU_4	0	0	0	100.00	0	0	0	0	0	0
1428595836642740572	CPU_4	0	0	0	100.00	0	0	0	0	0	0
1428595837360136941	CPU_4	0	0	0	100.00	0	0	0	0	0	0
1428595838070930048	CPU_4	0	0	0	100.00	0	0	0	0	0	0
1428595838793050604	CPU_4	0	0	0	100.00	0	0	0	0	0	0
1428595839509787768	CPU_4	0	0	0	100.00	0	0	0	0	0	0
1428595840222719117	CPU_4	0	0	0	100.00	0	0	0	0	0	0
1428595840947463163	CPU_4	0	0	0	100.00	0	0	0	0	0	0
1428595841660774344	CPU_4	0	0	0	100.00	0	0	0	0	0	0
1428595842383271609	CPU_4	0	0	0	100.00	0	0	0	0	0	0
1428595843096089626	CPU_4	0	0	0	100.00	0	0	0	0	0	0
1428595843810452095	CPU_4	0	0	0	100.00	0	0	0	0	0	0
1428595844530710538	CPU_4	0	0	0	100.00	0	0	0	0	0	0
1428595845243856846	CPU_4	0	0	0	100.00	0	0	0	0	0	0
1428595845965642533	CPU_4	0	0	0	100.00	0	0	0	0	0	0
1428595846678500552	CPU_4	0	0	0	100.00	0	0	0	0	0	0
1428595847391765278	CPU_4	0	0	0	100.00	0	0	0	0	0	0
1428595848116857451	CPU_4	0	0	0	100.00	0	0	0	0	0	0
1428595848830174178	CPU_4	0	0	0	100.00	0	0	0	0	0	0
1428595849554869104	CPU_4	0	0	0	100.00	0	0	0	0	0	0
1428595850266810754	CPU_4	0	0	0	100.00	0	0	0	0	0	0
1428595850979752983	CPU_4	0	0	0	100.00	0	0	0	0	0	0
1428595851706128861	CPU_4	0	0	0	100.00	0	0	0	0	0	0
