#Timestamp	CPU_ID	user%	nice%	sys%	idle%	iowait%	irq%	softiq%	steal%	guest%	guest_nice%
1428521196840240677	CPU_4	82.53	0	12.69	1.58	0	1.58	1.58	0	0	0
1428521197543881973	CPU_4	98.57	0	0	0	0	1.42	0	0	0	0
1428521198259065448	CPU_4	98.61	0	0	0	0	0	1.38	0	0	0
1428521198962027329	CPU_4	98.55	0	0	0	0	1.44	0	0	0	0
1428521199671846777	CPU_4	97.22	0	0	0	0	1.38	1.38	0	0	0
1428521200388034750	CPU_4	98.59	0	0	0	0	1.40	0	0	0	0
1428521201093600375	CPU_4	97.22	0	0	0	0	1.38	1.38	0	0	0
1428521201802417116	CPU_4	98.57	0	0	0	0	1.42	0	0	0	0
1428521202520493085	CPU_4	98.61	0	0	0	0	1.38	0	0	0	0
1428521203226199876	CPU_4	98.57	0	0	0	0	0	1.42	0	0	0
1428521203944817302	CPU_4	98.61	0	0	0	0	1.38	0	0	0	0
1428521204650951092	CPU_4	97.18	0	0	0	0	1.40	1.40	0	0	0
1428521205362321619	CPU_4	98.59	0	0	0	0	1.40	0	0	0	0
1428521206077572179	CPU_4	97.22	0	0	0	0	1.38	1.38	0	0	0
1428521206786738086	CPU_4	98.57	0	0	0	0	1.42	0	0	0	0
1428521207504952097	CPU_4	97.26	0	0	0	0	1.36	1.36	0	0	0
1428521208211788552	CPU_4	100.00	0	0	0	0	0	0	0	0	0
1428521208920327378	CPU_4	98.57	0	0	0	0	1.42	0	0	0	0
1428521209640475884	CPU_4	97.26	0	0	0	0	1.36	1.36	0	0	0
1428521210346320550	CPU_4	98.57	0	0	0	0	1.42	0	0	0	0
1428521211056350373	CPU_4	97.22	0	0	0	0	1.38	1.38	0	0	0
1428521211776311546	CPU_4	98.59	0	0	0	0	1.40	0	0	0	0
1428521212486441952	CPU_4	98.59	0	0	0	0	0	1.40	0	0	0
1428521213204045631	CPU_4	98.61	0	0	0	0	1.38	0	0	0	0
1428521213914446911	CPU_4	97.18	0	0	0	0	1.40	1.40	0	0	0
1428521214623415361	CPU_4	98.59	0	0	0	0	1.40	0	0	0	0
1428521215341243956	CPU_4	97.22	0	0	0	0	1.38	1.38	0	0	0
1428521216050802281	CPU_4	98.59	0	0	0	0	1.40	0	0	0	0
1428521216774145862	CPU_4	98.61	0	0	0	0	1.38	0	0	0	0
1428521217487206844	CPU_4	98.59	0	0	0	0	0	1.40	0	0	0
1428521218194190217	CPU_4	98.59	0	0	0	0	1.40	0	0	0	0
1428521218915282804	CPU_4	97.22	0	0	0	0	1.38	1.38	0	0	0
1428521219627645913	CPU_4	98.59	0	0	0	0	1.40	0	0	0	0
1428521220346834047	CPU_4	97.26	0	0	0	0	1.36	1.36	0	0	0
1428521221061150651	CPU_4	98.59	0	0	0	0	1.40	0	0	0	0
1428521221772727970	CPU_4	98.59	0	0	0	0	0	1.40	0	0	0
1428521222496620801	CPU_4	98.61	0	0	0	0	1.38	0	0	0	0
1428521223206804957	CPU_4	97.18	0	0	0	0	1.40	1.40	0	0	0
1428521223930693830	CPU_4	98.63	0	0	0	0	1.36	0	0	0	0
1428521224641293777	CPU_4	98.59	0	0	0	0	1.40	0	0	0	0
1428521225350386644	CPU_4	97.18	0	0	0	0	1.40	1.40	0	0	0
1428521226071434899	CPU_4	98.61	0	0	0	0	1.38	0	0	0	0
1428521226781933097	CPU_4	98.59	0	0	0	0	0	1.40	0	0	0
1428521227493419125	CPU_4	98.57	0	0	0	0	1.42	0	0	0	0
1428521228211546720	CPU_4	97.26	0	0	0	0	1.36	1.36	0	0	0
1428521228923373498	CPU_4	98.59	0	0	0	0	1.40	0	0	0	0
1428521229650986153	CPU_4	97.26	0	0	0	0	1.36	1.36	0	0	0
1428521230359647605	CPU_4	98.59	0	0	0	0	1.40	0	0	0	0
1428521231070812343	CPU_4	98.59	0	0	0	0	1.40	0	0	0	0
1428521231793233178	CPU_4	98.61	0	0	0	0	0	1.38	0	0	0
1428521232502470712	CPU_4	98.57	0	0	0	0	1.42	0	0	0	0
1428521233226273836	CPU_4	97.26	0	0	0	0	1.36	1.36	0	0	0
1428521233939012403	CPU_4	98.61	0	0	0	0	1.38	0	0	0	0
1428521234651881553	CPU_4	97.18	0	0	0	0	1.40	1.40	0	0	0
1428521235370896397	CPU_4	98.61	0	0	0	0	1.38	0	0	0	0
1428521236082598675	CPU_4	97.18	0	0	0	0	1.40	1.40	0	0	0
1428521236806515465	CPU_4	100.00	0	0	0	0	0	0	0	0	0
1428521237516103082	CPU_4	97.18	0	0	0	0	1.40	1.40	0	0	0
1428521238230609021	CPU_4	98.61	0	0	0	0	1.38	0	0	0	0
1428521238954878976	CPU_4	98.61	0	0	0	0	1.38	0	0	0	0
1428521239669868914	CPU_4	97.22	0	0	0	0	1.38	1.38	0	0	0
1428521240389586464	CPU_4	98.61	0	0	0	0	1.38	0	0	0	0
1428521241102651823	CPU_4	97.18	0	0	0	0	1.40	1.40	0	0	0
1428521241815254224	CPU_4	100.00	0	0	0	0	0	0	0	0	0
1428521242536477813	CPU_4	97.22	0	0	0	0	1.38	1.38	0	0	0
1428521243247775343	CPU_4	98.59	0	0	0	0	1.40	0	0	0	0
1428521243970476720	CPU_4	97.26	0	0	0	0	1.36	1.36	0	0	0
1428521244682265790	CPU_4	98.59	0	0	0	0	1.40	0	0	0	0
1428521245391975907	CPU_4	98.59	0	0	0	0	1.40	0	0	0	0
1428521246113797245	CPU_4	98.61	0	0	0	0	0	1.38	0	0	0
1428521246833961503	CPU_4	98.61	0	0	0	0	1.38	0	0	0	0
1428521247554761635	CPU_4	97.22	0	0	0	0	1.38	1.38	0	0	0
1428521248265905082	CPU_4	98.59	0	0	0	0	1.40	0	0	0	0
1428521248978305693	CPU_4	97.22	0	0	0	0	1.38	1.38	0	0	0
1428521249701795859	CPU_4	98.61	0	0	0	0	1.38	0	0	0	0
1428521250411019603	CPU_4	97.18	0	0	0	0	1.40	1.40	0	0	0
1428521251136527348	CPU_4	100.00	0	0	0	0	0	0	0	0	0
1428521251857188981	CPU_4	97.26	0	0	0	0	1.36	1.36	0	0	0
1428521252569900508	CPU_4	98.59	0	0	0	0	1.40	0	0	0	0
1428521253292395136	CPU_4	98.63	0	0	0	0	1.36	0	0	0	0
1428521254005913077	CPU_4	97.22	0	0	0	0	1.38	1.38	0	0	0
1428521254720457892	CPU_4	98.59	0	0	0	0	1.40	0	0	0	0
1428521255439345154	CPU_4	97.22	0	0	0	0	1.38	1.38	0	0	0
1428521256154461675	CPU_4	100.00	0	0	0	0	0	0	0	0	0
1428521256877964175	CPU_4	97.22	0	0	0	0	1.38	1.38	0	0	0
1428521257593930570	CPU_4	98.59	0	0	0	0	1.40	0	0	0	0
1428521258305075309	CPU_4	97.26	0	0	0	0	1.36	1.36	0	0	0
1428521259032662842	CPU_4	98.61	0	0	0	0	1.38	0	0	0	0
1428521259747405572	CPU_4	97.22	0	0	0	0	1.38	1.38	0	0	0
1428521260469060536	CPU_4	100.00	0	0	0	0	0	0	0	0	0
1428521261182530853	CPU_4	98.59	0	0	0	0	1.40	0	0	0	0
1428521261896942252	CPU_4	97.22	0	0	0	0	1.38	1.38	0	0	0
1428521262622363873	CPU_4	98.61	0	0	0	0	1.38	0	0	0	0
1428521263333211114	CPU_4	97.22	0	0	0	0	1.38	1.38	0	0	0
1428521264065165969	CPU_4	98.63	0	0	0	0	1.36	0	0	0	0
1428521264777734330	CPU_4	97.22	0	0	0	0	1.38	1.38	0	0	0
1428521265490766649	CPU_4	100.00	0	0	0	0	0	0	0	0	0
1428521266213016070	CPU_4	97.26	0	0	0	0	1.36	1.36	0	0	0
1428521266926725179	CPU_4	98.59	0	0	0	0	1.40	0	0	0	0
1428521267650627721	CPU_4	97.26	0	0	0	0	1.36	1.36	0	0	0
1428521268362768875	CPU_4	98.59	0	0	0	0	1.40	0	0	0	0
1428521269077943439	CPU_4	98.59	0	0	0	0	1.40	0	0	0	0
1428521269803041811	CPU_4	97.26	0	0	0	0	1.36	1.36	0	0	0
1428521270515282424	CPU_4	100.00	0	0	0	0	0	0	0	0	0
1428521271239892339	CPU_4	97.26	0	0	0	0	1.36	1.36	0	0	0
1428521271951636453	CPU_4	98.57	0	0	0	0	1.42	0	0	0	0
1428521272665325896	CPU_4	97.26	0	0	0	0	1.36	1.36	0	0	0
1428521273385793989	CPU_4	98.59	0	0	0	0	1.40	0	0	0	0
1428521274100145805	CPU_4	97.22	0	0	0	0	1.38	1.38	0	0	0
1428521274822485184	CPU_4	100.00	0	0	0	0	0	0	0	0	0
1428521275537824748	CPU_4	97.22	0	0	0	0	1.38	1.38	0	0	0
1428521276249118780	CPU_4	98.59	0	0	0	0	1.40	0	0	0	0
1428521276973467821	CPU_4	98.63	0	0	0	0	1.36	0	0	0	0
1428521277691887003	CPU_4	97.22	0	0	0	0	1.38	1.38	0	0	0
1428521278413317510	CPU_4	98.61	0	0	0	0	1.38	0	0	0	0
1428521279128323574	CPU_4	97.22	0	0	0	0	1.38	1.38	0	0	0
1428521279844378387	CPU_4	100.00	0	0	0	0	0	0	0	0	0
1428521280567779347	CPU_4	97.22	0	0	0	0	1.38	1.38	0	0	0
1428521281279423087	CPU_4	98.59	0	0	0	0	1.40	0	0	0	0
1428521282003245797	CPU_4	97.26	0	0	0	0	1.36	1.36	0	0	0
1428521282717769738	CPU_4	98.59	0	0	0	0	1.40	0	0	0	0
1428521283427737899	CPU_4	97.22	0	0	0	0	1.38	1.38	0	0	0
1428521284152816939	CPU_4	98.61	0	0	0	0	1.38	0	0	0	0
1428521284868718252	CPU_4	95.83	0	2.77	0	0	0	1.38	0	0	0
1428521285597420200	CPU_4	98.61	0	0	0	0	1.38	0	0	0	0
1428521286307421778	CPU_4	98.59	0	0	0	0	1.40	0	0	0	0
1428521287023111299	CPU_4	97.22	0	0	0	0	1.38	1.38	0	0	0
1428521287743311102	CPU_4	98.61	0	0	0	0	1.38	0	0	0	0
1428521288452459640	CPU_4	97.18	0	0	0	0	1.40	1.40	0	0	0
1428521289169072493	CPU_4	98.59	0	0	0	0	1.40	0	0	0	0
1428521289885263306	CPU_4	98.61	0	0	0	0	0	1.38	0	0	0
1428521290596505505	CPU_4	98.59	0	0	0	0	1.40	0	0	0	0
1428521291315761352	CPU_4	97.22	0	0	0	0	1.38	1.38	0	0	0
1428521292027674300	CPU_4	98.59	0	0	0	0	1.40	0	0	0	0
1428521292739803706	CPU_4	97.22	0	0	0	0	1.38	1.38	0	0	0
1428521293459716260	CPU_4	98.61	0	0	0	0	1.38	0	0	0	0
1428521294173313996	CPU_4	98.59	0	0	0	0	1.40	0	0	0	0
1428521294894913920	CPU_4	98.61	0	0	0	0	0	1.38	0	0	0
1428521295616385720	CPU_4	98.61	0	0	0	0	1.38	0	0	0	0
1428521296325691425	CPU_4	97.18	0	0	0	0	1.40	1.40	0	0	0
1428521297050685133	CPU_4	98.63	0	0	0	0	1.36	0	0	0	0
1428521297762586623	CPU_4	97.18	0	0	0	0	1.40	1.40	0	0	0
1428521298486918416	CPU_4	98.61	0	0	0	0	1.38	0	0	0	0
1428521299202126023	CPU_4	98.61	0	0	0	0	0	1.38	0	0	0
1428521299917222381	CPU_4	98.59	0	0	0	0	1.40	0	0	0	0
1428521300644276126	CPU_4	97.26	0	0	0	0	1.36	1.36	0	0	0
1428521301355026577	CPU_4	98.59	0	0	0	0	1.40	0	0	0	0
1428521302079683245	CPU_4	98.63	0	0	0	0	1.36	0	0	0	0
1428521302793183773	CPU_4	97.18	0	0	0	0	1.40	1.40	0	0	0
1428521303507691549	CPU_4	98.59	0	0	0	0	1.40	0	0	0	0
1428521304235726791	CPU_4	98.63	0	0	0	0	0	1.36	0	0	0
1428521304953572017	CPU_4	98.61	0	0	0	0	1.38	0	0	0	0
1428521305681096886	CPU_4	97.26	0	0	0	0	1.36	1.36	0	0	0
1428521306392660586	CPU_4	98.57	0	0	0	0	1.42	0	0	0	0
1428521307106770363	CPU_4	97.26	0	0	0	0	1.36	1.36	0	0	0
1428521307831309240	CPU_4	98.61	0	0	0	0	1.38	0	0	0	0
1428521308546217390	CPU_4	97.22	0	0	0	0	1.38	1.38	0	0	0
1428521309267041942	CPU_4	100.00	0	0	0	0	0	0	0	0	0
1428521309981604135	CPU_4	98.59	0	0	0	0	1.40	0	0	0	0
1428521310697906449	CPU_4	97.22	0	0	0	0	1.38	1.38	0	0	0
1428521311425576318	CPU_4	98.63	0	0	0	0	1.36	0	0	0	0
1428521312137820850	CPU_4	97.22	0	0	0	0	1.38	1.38	0	0	0
1428521312861909227	CPU_4	98.61	0	0	0	0	1.38	0	0	0	0
1428521313575676047	CPU_4	97.22	0	0	0	0	1.38	1.38	0	0	0
1428521314290547906	CPU_4	100.00	0	0	0	0	0	0	0	0	0
1428521315014423618	CPU_4	97.26	0	0	0	0	1.36	1.36	0	0	0
1428521315729533893	CPU_4	98.59	0	0	0	0	1.40	0	0	0	0
1428521316453255147	CPU_4	97.26	0	0	0	0	1.36	1.36	0	0	0
1428521317165406847	CPU_4	98.61	0	0	0	0	1.38	0	0	0	0
1428521317880905579	CPU_4	98.59	0	0	0	0	1.40	0	0	0	0
1428521318605727914	CPU_4	97.26	0	0	0	0	1.36	1.36	0	0	0
1428521319319317193	CPU_4	100.00	0	0	0	0	0	0	0	0	0
1428521320044871985	CPU_4	97.26	0	0	0	0	1.36	1.36	0	0	0
1428521320757937724	CPU_4	98.59	0	0	0	0	1.40	0	0	0	0
1428521321471313587	CPU_4	97.22	0	0	0	0	1.38	1.38	0	0	0
1428521322193579428	CPU_4	98.61	0	0	0	0	1.38	0	0	0	0
1428521322907671831	CPU_4	97.22	0	0	0	0	1.38	1.38	0	0	0
1428521323631873293	CPU_4	98.61	0	0	0	0	1.38	0	0	0	0
1428521324346934194	CPU_4	98.59	0	0	0	0	0	1.40	0	0	0
1428521325057943188	CPU_4	98.59	0	0	0	0	1.40	0	0	0	0
1428521325784634560	CPU_4	98.63	0	0	0	0	1.36	0	0	0	0
1428521326499869294	CPU_4	97.22	0	0	0	0	1.38	1.38	0	0	0
1428521327228031454	CPU_4	98.61	0	0	0	0	1.38	0	0	0	0
1428521327943093772	CPU_4	97.22	0	0	0	0	1.38	1.38	0	0	0
1428521328657760216	CPU_4	98.59	0	0	0	0	1.40	0	0	0	0
1428521329380168766	CPU_4	97.26	0	0	0	0	1.36	1.36	0	0	0
1428521330093232922	CPU_4	100.00	0	0	0	0	0	0	0	0	0
1428521330820965459	CPU_4	97.26	0	0	0	0	1.36	1.36	0	0	0
1428521331535599278	CPU_4	98.61	0	0	0	0	1.38	0	0	0	0
1428521332248950267	CPU_4	97.22	0	0	0	0	1.38	1.38	0	0	0
1428521332972782980	CPU_4	98.61	0	0	0	0	1.38	0	0	0	0
1428521333687284049	CPU_4	98.59	0	0	0	0	1.40	0	0	0	0
1428521334402912116	CPU_4	97.22	0	0	0	0	1.38	1.38	0	0	0
1428521335123219921	CPU_4	100.00	0	0	0	0	0	0	0	0	0
1428521335836689785	CPU_4	97.22	0	0	0	0	1.38	1.38	0	0	0
1428521336560241874	CPU_4	98.61	0	0	0	0	1.38	0	0	0	0
1428521337277845561	CPU_4	97.22	0	0	0	0	1.38	1.38	0	0	0
1428521337991195217	CPU_4	98.61	0	0	0	0	1.38	0	0	0	0
1428521338720239751	CPU_4	97.26	0	0	0	0	1.36	1.36	0	0	0
1428521339434108531	CPU_4	98.59	0	0	0	0	1.40	0	0	0	0
1428521340157579829	CPU_4	97.26	0	0	0	0	1.36	1.36	0	0	0
1428521340871171984	CPU_4	100.00	0	0	0	0	0	0	0	0	0
1428521341595620655	CPU_4	97.26	0	0	0	0	1.36	1.36	0	0	0
1428521342318189788	CPU_4	98.61	0	0	0	0	1.38	0	0	0	0
1428521343031776236	CPU_4	98.61	0	0	0	0	1.38	0	0	0	0
1428521343756641489	CPU_4	97.26	0	0	0	0	1.36	1.36	0	0	0
1428521344470815101	CPU_4	98.59	0	0	0	0	1.40	0	0	0	0
1428521345189754161	CPU_4	97.22	0	0	0	0	1.38	1.38	0	0	0
1428521345909813092	CPU_4	100.00	0	0	0	0	0	0	0	0	0
1428521346627212572	CPU_4	97.22	0	0	0	0	1.38	1.38	0	0	0
1428521347352851490	CPU_4	98.61	0	0	0	0	1.38	0	0	0	0
1428521348067612601	CPU_4	97.22	0	0	0	0	1.38	1.38	0	0	0
1428521348790207694	CPU_4	98.61	0	0	0	0	1.38	0	0	0	0
1428521349509438752	CPU_4	97.26	0	0	0	0	1.36	1.36	0	0	0
1428521350225415319	CPU_4	98.59	0	0	0	0	1.40	0	0	0	0
1428521350949330617	CPU_4	98.63	0	0	0	0	1.36	0	0	0	0
1428521351665338684	CPU_4	98.59	0	0	0	0	0	1.40	0	0	0
1428521352388512483	CPU_4	98.61	0	0	0	0	1.38	0	0	0	0
1428521353109780287	CPU_4	97.22	0	0	0	0	1.38	1.38	0	0	0
1428521353823553110	CPU_4	98.61	0	0	0	0	1.38	0	0	0	0
1428521354550441692	CPU_4	97.26	0	0	0	0	1.36	1.36	0	0	0
1428521355265856427	CPU_4	98.59	0	0	0	0	1.40	0	0	0	0
1428521355990373682	CPU_4	97.26	0	0	0	0	1.36	1.36	0	0	0
1428521356711024779	CPU_4	98.61	0	0	0	0	1.38	0	0	0	0
1428521357430105381	CPU_4	98.61	0	0	0	0	0	1.38	0	0	0
1428521358156682172	CPU_4	98.61	0	0	0	0	1.38	0	0	0	0
1428521358868943832	CPU_4	97.22	0	0	0	0	1.38	1.38	0	0	0
1428521359588437016	CPU_4	98.61	0	0	0	0	1.38	0	0	0	0
1428521360312467272	CPU_4	98.61	0	0	0	0	1.38	0	0	0	0
1428521361031141374	CPU_4	97.22	0	0	0	0	1.38	1.38	0	0	0
1428521361755513546	CPU_4	98.61	0	0	0	0	1.38	0	0	0	0
1428521362470582116	CPU_4	98.61	0	0	0	0	0	1.38	0	0	0
1428521363188414680	CPU_4	98.59	0	0	0	0	1.40	0	0	0	0
1428521363911213731	CPU_4	97.26	0	0	0	0	1.36	1.36	0	0	0
1428521364627150882	CPU_4	98.59	0	0	0	0	1.40	0	0	0	0
1428521365354547213	CPU_4	97.29	0	0	0	0	1.35	1.35	0	0	0
1428521366071261071	CPU_4	98.59	0	0	0	0	1.40	0	0	0	0
1428521366814046323	CPU_4	97.33	0	0	0	0	1.33	1.33	0	0	0
1428521367529831308	CPU_4	98.59	0	0	0	0	1.40	0	0	0	0
1428521368246218917	CPU_4	100.00	0	0	0	0	0	0	0	0	0
1428521368972391710	CPU_4	97.26	0	0	0	0	1.36	1.36	0	0	0
1428521369687494364	CPU_4	98.59	0	0	0	0	1.40	0	0	0	0
1428521370419884100	CPU_4	97.26	0	0	0	0	1.36	1.36	0	0	0
1428521371136236709	CPU_4	98.61	0	0	0	0	1.38	0	0	0	0
1428521371854606813	CPU_4	97.26	0	0	0	0	1.36	1.36	0	0	0
1428521372578027196	CPU_4	98.59	0	0	0	0	1.40	0	0	0	0
1428521373294309681	CPU_4	97.26	0	0	0	0	1.36	1.36	0	0	0
1428521374022479677	CPU_4	100.00	0	0	0	0	0	0	0	0	0
1428521374740964323	CPU_4	97.26	0	0	0	0	1.36	1.36	0	0	0
1428521375453569192	CPU_4	98.59	0	0	0	0	1.40	0	0	0	0
1428521376181117898	CPU_4	97.26	0	0	0	0	1.36	1.36	0	0	0
1428521376897110800	CPU_4	98.61	0	0	0	0	1.38	0	0	0	0
1428521377623926551	CPU_4	98.61	0	0	0	0	1.38	0	0	0	0
1428521378342595529	CPU_4	97.22	0	0	0	0	1.38	1.38	0	0	0
1428521379057849642	CPU_4	100.00	0	0	0	0	0	0	0	0	0
1428521379787147053	CPU_4	97.26	0	0	0	0	1.36	1.36	0	0	0
1428521380500571420	CPU_4	98.59	0	0	0	0	1.40	0	0	0	0
1428521381227439545	CPU_4	97.26	0	0	0	0	1.36	1.36	0	0	0
1428521381943549447	CPU_4	98.61	0	0	0	0	1.38	0	0	0	0
1428521382661545136	CPU_4	97.22	0	0	0	0	1.38	1.38	0	0	0
1428521383388556470	CPU_4	98.63	0	0	0	0	1.36	0	0	0	0
1428521384105823744	CPU_4	97.22	0	0	0	0	1.38	1.38	0	0	0
1428521384833416493	CPU_4	100.00	0	0	0	0	0	0	0	0	0
1428521385549195062	CPU_4	98.61	0	0	0	0	1.38	0	0	0	0
1428521386265831047	CPU_4	97.22	0	0	0	0	1.38	1.38	0	0	0
1428521386992189424	CPU_4	98.61	0	0	0	0	1.38	0	0	0	0
1428521387710170405	CPU_4	97.26	0	0	0	0	1.36	1.36	0	0	0
1428521388435317202	CPU_4	98.61	0	0	0	0	1.38	0	0	0	0
1428521389151068313	CPU_4	97.22	0	0	0	0	1.38	1.38	0	0	0
1428521389868169755	CPU_4	100.00	0	0	0	0	0	0	0	0	0
1428521390594302049	CPU_4	97.26	0	0	0	0	1.36	1.36	0	0	0
1428521391310654618	CPU_4	98.59	0	0	0	0	1.40	0	0	0	0
1428521392037903118	CPU_4	97.26	0	0	0	0	1.36	1.36	0	0	0
1428521392755950183	CPU_4	98.61	0	0	0	0	1.38	0	0	0	0
1428521393471877419	CPU_4	97.22	0	0	0	0	1.38	1.38	0	0	0
1428521394200910665	CPU_4	98.63	0	0	0	0	1.36	0	0	0	0
1428521394917926066	CPU_4	98.59	0	0	0	0	1.40	0	0	0	0
1428521395644705151	CPU_4	98.63	0	0	0	0	0	1.36	0	0	0
1428521396359336766	CPU_4	98.59	0	0	0	0	1.40	0	0	0	0
1428521397076423166	CPU_4	97.22	0	0	0	0	1.38	1.38	0	0	0
1428521397805250288	CPU_4	98.63	0	0	0	0	1.36	0	0	0	0
1428521398521631065	CPU_4	97.22	0	0	0	0	1.38	1.38	0	0	0
1428521399250172938	CPU_4	98.63	0	0	0	0	1.36	0	0	0	0
1428521399966733340	CPU_4	97.22	0	0	0	0	1.38	1.38	0	0	0
1428521400683220784	CPU_4	98.59	0	0	0	0	1.40	0	0	0	0
1428521401411062533	CPU_4	98.63	0	0	0	0	0	1.36	0	0	0
1428521402126155689	CPU_4	98.59	0	0	0	0	1.40	0	0	0	0
1428521402854189938	CPU_4	97.26	0	0	0	0	1.36	1.36	0	0	0
1428521403572128003	CPU_4	98.59	0	0	0	0	1.40	0	0	0	0
1428521404294413308	CPU_4	98.63	0	0	0	0	1.36	0	0	0	0
1428521405019988688	CPU_4	97.26	0	0	0	0	1.36	1.36	0	0	0
1428521405737625963	CPU_4	98.59	0	0	0	0	1.40	0	0	0	0
1428521406464586381	CPU_4	97.29	0	0	0	0	1.35	1.35	0	0	0
1428521407177853542	CPU_4	100.00	0	0	0	0	0	0	0	0	0
1428521407895188651	CPU_4	97.22	0	0	0	0	1.38	1.38	0	0	0
1428521408621930237	CPU_4	98.61	0	0	0	0	1.38	0	0	0	0
1428521409342410171	CPU_4	97.26	0	0	0	0	1.36	1.36	0	0	0
1428521410067222179	CPU_4	98.61	0	0	0	0	1.38	0	0	0	0
1428521410785083912	CPU_4	97.26	0	0	0	0	1.36	1.36	0	0	0
1428521411501353982	CPU_4	98.59	0	0	0	0	1.40	0	0	0	0
1428521412230013396	CPU_4	97.26	0	0	0	0	1.36	1.36	0	0	0
1428521412945106636	CPU_4	100.00	0	0	0	0	0	0	0	0	0
1428521413671821556	CPU_4	98.61	0	0	0	0	1.38	0	0	0	0
1428521414389399290	CPU_4	97.26	0	0	0	0	1.36	1.36	0	0	0
1428521415106736691	CPU_4	98.59	0	0	0	0	1.40	0	0	0	0
1428521415832699196	CPU_4	97.26	0	0	0	0	1.36	1.36	0	0	0
1428521416549784597	CPU_4	98.61	0	0	0	0	1.38	0	0	0	0
1428521417277549806	CPU_4	97.26	0	0	0	0	1.36	1.36	0	0	0
1428521417992231256	CPU_4	100.00	0	0	0	0	0	0	0	0	0
1428521418712268275	CPU_4	97.22	0	0	0	0	1.38	1.38	0	0	0
1428521419439068778	CPU_4	98.63	0	0	0	0	1.36	0	0	0	0
1428521420156053597	CPU_4	97.22	0	0	0	0	1.38	1.38	0	0	0
1428521420882187144	CPU_4	98.63	0	0	0	0	1.36	0	0	0	0
1428521421601010333	CPU_4	97.22	0	0	0	0	1.38	1.38	0	0	0
1428521422332947991	CPU_4	98.61	0	0	0	0	1.38	0	0	0	0
1428521423050906766	CPU_4	98.63	0	0	0	0	1.36	0	0	0	0
1428521423782737507	CPU_4	98.63	0	0	0	0	0	1.36	0	0	0
1428521424552553612	CPU_4	98.66	0	0	0	0	1.33	0	0	0	0
1428521425281248653	CPU_4	97.33	0	0	0	0	1.33	1.33	0	0	0
1428521426010044985	CPU_4	98.61	0	0	0	0	1.38	0	0	0	0
1428521426731148377	CPU_4	97.26	0	0	0	0	1.36	1.36	0	0	0
1428521427446303993	CPU_4	98.59	0	0	0	0	1.40	0	0	0	0
1428521428173558579	CPU_4	97.29	0	0	0	0	1.35	1.35	0	0	0
1428521428891021647	CPU_4	98.59	0	0	0	0	1.40	0	0	0	0
1428521429641728050	CPU_4	98.66	0	0	0	0	0	1.33	0	0	0
1428521430357426623	CPU_4	98.59	0	0	0	0	1.40	0	0	0	0
1428521431091442567	CPU_4	97.29	0	0	0	0	1.35	1.35	0	0	0
1428521431808938552	CPU_4	98.59	0	0	0	0	1.40	0	0	0	0
1428521432529237281	CPU_4	98.61	0	0	0	0	1.38	0	0	0	0
1428521433253355374	CPU_4	97.26	0	0	0	0	1.36	1.36	0	0	0
1428521433971802566	CPU_4	98.61	0	0	0	0	1.38	0	0	0	0
1428521434699577192	CPU_4	98.63	0	0	0	0	0	1.36	0	0	0
1428521435427583735	CPU_4	98.61	0	0	0	0	1.38	0	0	0	0
1428521436143940432	CPU_4	97.22	0	0	0	0	1.38	1.38	0	0	0
1428521436873036305	CPU_4	98.61	0	0	0	0	1.38	0	0	0	0
1428521437591424413	CPU_4	97.26	0	0	0	0	1.36	1.36	0	0	0
1428521438320866911	CPU_4	98.63	0	0	0	0	1.36	0	0	0	0
1428521439038474771	CPU_4	97.22	0	0	0	0	1.38	1.38	0	0	0
1428521439757785127	CPU_4	98.59	0	0	0	0	1.40	0	0	0	0
1428521440497593767	CPU_4	98.64	0	0	0	0	0	1.35	0	0	0
1428521441215859792	CPU_4	98.61	0	0	0	0	1.38	0	0	0	0
1428521441945008874	CPU_4	98.63	0	0	0	0	1.36	0	0	0	0
1428521442663844023	CPU_4	97.26	0	0	0	0	1.36	1.36	0	0	0
1428521443382260632	CPU_4	98.59	0	0	0	0	1.40	0	0	0	0
1428521444109748593	CPU_4	97.26	0	0	0	0	1.36	1.36	0	0	0
1428521444826923413	CPU_4	98.59	0	0	0	0	1.40	0	0	0	0
1428521445555974704	CPU_4	98.63	0	0	0	0	0	1.36	0	0	0
1428521446275577351	CPU_4	98.61	0	0	0	0	1.38	0	0	0	0
1428521446992813421	CPU_4	97.22	0	0	0	0	1.38	1.38	0	0	0
1428521447720664882	CPU_4	98.61	0	0	0	0	1.38	0	0	0	0
1428521448438435409	CPU_4	97.26	0	0	0	0	1.36	1.36	0	0	0
1428521449164782790	CPU_4	98.61	0	0	0	0	1.38	0	0	0	0
1428521449882407984	CPU_4	97.22	0	0	0	0	1.38	1.38	0	0	0
1428521450600773260	CPU_4	98.61	0	0	0	0	1.38	0	0	0	0
1428521451330753341	CPU_4	100.00	0	0	0	0	0	0	0	0	0
1428521452050534488	CPU_4	97.26	0	0	0	0	1.36	1.36	0	0	0
1428521452777623034	CPU_4	98.61	0	0	0	0	1.38	0	0	0	0
1428521453496107018	CPU_4	97.26	0	0	0	0	1.36	1.36	0	0	0
1428521454230319839	CPU_4	98.61	0	0	0	0	1.38	0	0	0	0
1428521454950364944	CPU_4	97.26	0	0	0	0	1.36	1.36	0	0	0
1428521455666239601	CPU_4	98.59	0	0	0	0	1.40	0	0	0	0
1428521456399318425	CPU_4	98.64	0	0	0	0	0	1.35	0	0	0
1428521457118012617	CPU_4	98.59	0	0	0	0	1.40	0	0	0	0
1428521457853523684	CPU_4	97.26	0	0	0	0	1.36	1.36	0	0	0
1428521458570331631	CPU_4	98.63	0	0	0	0	1.36	0	0	0	0
1428521459289385072	CPU_4	98.61	0	0	0	0	1.38	0	0	0	0
1428521460019470903	CPU_4	97.26	0	0	0	0	1.36	1.36	0	0	0
1428521460740879214	CPU_4	98.61	0	0	0	0	1.38	0	0	0	0
1428521461472707249	CPU_4	98.63	0	0	0	0	0	1.36	0	0	0
1428521462190373110	CPU_4	98.59	0	0	0	0	1.40	0	0	0	0
1428521462909956717	CPU_4	97.26	0	0	0	0	1.36	1.36	0	0	0
1428521463639356175	CPU_4	98.61	0	0	0	0	1.38	0	0	0	0
1428521464359413364	CPU_4	97.26	0	0	0	0	1.36	1.36	0	0	0
1428521465085939454	CPU_4	98.61	0	0	0	0	1.38	0	0	0	0
1428521465804223689	CPU_4	97.26	0	0	0	0	1.36	1.36	0	0	0
1428521466523867380	CPU_4	100.00	0	0	0	0	0	0	0	0	0
1428521467253801170	CPU_4	97.26	0	0	0	0	1.36	1.36	0	0	0
1428521467972746195	CPU_4	98.61	0	0	0	0	1.38	0	0	0	0
1428521468700764573	CPU_4	98.61	0	0	0	0	1.38	0	0	0	0
1428521469416454940	CPU_4	97.26	0	0	0	0	1.36	1.36	0	0	0
1428521470133191221	CPU_4	98.59	0	0	0	0	1.40	0	0	0	0
1428521470862752846	CPU_4	97.26	0	0	0	0	1.36	1.36	0	0	0
1428521471581225331	CPU_4	100.00	0	0	0	0	0	0	0	0	0
1428521472308802919	CPU_4	97.29	0	0	0	0	1.35	1.35	0	0	0
1428521473026336073	CPU_4	98.59	0	0	0	0	1.40	0	0	0	0
1428521473744974516	CPU_4	97.26	0	0	0	0	1.36	1.36	0	0	0
1428521474477803258	CPU_4	98.61	0	0	0	0	1.38	0	0	0	0
1428521475194929330	CPU_4	97.26	0	0	0	0	1.36	1.36	0	0	0
1428521475924496913	CPU_4	98.61	0	0	0	0	1.38	0	0	0	0
1428521476642704816	CPU_4	100.00	0	0	0	0	0	0	0	0	0
1428521477370882986	CPU_4	97.26	0	0	0	0	1.36	1.36	0	0	0
1428521478095722915	CPU_4	98.63	0	0	0	0	1.36	0	0	0	0
1428521478813205778	CPU_4	97.22	0	0	0	0	1.38	1.38	0	0	0
1428521479543516609	CPU_4	98.63	0	0	0	0	1.36	0	0	0	0
1428521480261049056	CPU_4	97.22	0	0	0	0	1.38	1.38	0	0	0
1428521480995370377	CPU_4	98.63	0	0	0	0	1.36	0	0	0	0
1428521481716152691	CPU_4	98.61	0	0	0	0	0	1.38	0	0	0
1428521482437010254	CPU_4	98.61	0	0	0	0	1.38	0	0	0	0
1428521483163554929	CPU_4	97.26	0	0	0	0	1.36	1.36	0	0	0
1428521483883001037	CPU_4	98.59	0	0	0	0	1.40	0	0	0	0
1428521484612792204	CPU_4	98.64	0	0	0	0	1.35	0	0	0	0
1428521485330748316	CPU_4	97.22	0	0	0	0	1.38	1.38	0	0	0
1428521486049099886	CPU_4	98.61	0	0	0	0	1.38	0	0	0	0
1428521486778124721	CPU_4	97.26	0	0	0	0	1.36	1.36	0	0	0
1428521487497685329	CPU_4	100.00	0	0	0	0	0	0	0	0	0
1428521488225553126	CPU_4	97.26	0	0	0	0	1.36	1.36	0	0	0
1428521488943550738	CPU_4	98.61	0	0	0	0	1.38	0	0	0	0
1428521489670885953	CPU_4	97.26	0	0	0	0	1.36	1.36	0	0	0
1428521490407041854	CPU_4	98.63	0	0	0	0	1.36	0	0	0	0
1428521491125495007	CPU_4	97.26	0	0	0	0	1.36	1.36	0	0	0
1428521491853849094	CPU_4	98.61	0	0	0	0	1.38	0	0	0	0
1428521492576244113	CPU_4	98.61	0	0	0	0	0	1.38	0	0	0
1428521493295428473	CPU_4	98.61	0	0	0	0	1.38	0	0	0	0
1428521494025920138	CPU_4	98.63	0	0	0	0	1.36	0	0	0	0
1428521494742788545	CPU_4	97.22	0	0	0	0	1.38	1.38	0	0	0
1428521495473707627	CPU_4	98.63	0	0	0	0	1.36	0	0	0	0
1428521496193921151	CPU_4	97.26	0	0	0	0	1.36	1.36	0	0	0
1428521496923376485	CPU_4	98.61	0	0	0	0	1.38	0	0	0	0
1428521497648094207	CPU_4	98.61	0	0	0	0	0	1.38	0	0	0
1428521498369925144	CPU_4	98.61	0	0	0	0	1.38	0	0	0	0
1428521499101215724	CPU_4	97.29	0	0	0	0	1.35	1.35	0	0	0
1428521499820760459	CPU_4	98.59	0	0	0	0	1.40	0	0	0	0
1428521500549300504	CPU_4	97.29	0	0	0	0	1.35	1.35	0	0	0
1428521501268198865	CPU_4	98.59	0	0	0	0	1.40	0	0	0	0
1428521501989072888	CPU_4	97.26	0	0	0	0	1.36	1.36	0	0	0
1428521502721214258	CPU_4	100.00	0	0	0	0	0	0	0	0	0
1428521503439414496	CPU_4	98.59	0	0	0	0	1.40	0	0	0	0
1428521504169528496	CPU_4	97.29	0	0	0	0	1.35	1.35	0	0	0
1428521504889631146	CPU_4	98.59	0	0	0	0	1.40	0	0	0	0
1428521505614364410	CPU_4	97.26	0	0	0	0	1.36	1.36	0	0	0
1428521506343706371	CPU_4	98.63	0	0	0	0	1.36	0	0	0	0
1428521507064391853	CPU_4	97.26	0	0	0	0	1.36	1.36	0	0	0
1428521507794063063	CPU_4	98.61	0	0	0	0	1.38	0	0	0	0
1428521508517639704	CPU_4	98.61	0	0	0	0	0	1.38	0	0	0
1428521509238121145	CPU_4	98.61	0	0	0	0	1.38	0	0	0	0
1428521509969258977	CPU_4	97.29	0	0	0	0	1.35	1.35	0	0	0
1428521510688172838	CPU_4	98.59	0	0	0	0	1.40	0	0	0	0
1428521511420260126	CPU_4	97.29	0	0	0	0	1.35	1.35	0	0	0
1428521512139023446	CPU_4	98.61	0	0	0	0	1.38	0	0	0	0
1428521512880118420	CPU_4	98.63	0	0	0	0	1.36	0	0	0	0
1428521513601128027	CPU_4	98.63	0	0	0	0	0	1.36	0	0	0
1428521514322437549	CPU_4	98.59	0	0	0	0	1.40	0	0	0	0
1428521515052296342	CPU_4	97.29	0	0	0	0	1.35	1.35	0	0	0
1428521515772674951	CPU_4	98.59	0	0	0	0	1.40	0	0	0	0
1428521516505335029	CPU_4	97.33	0	0	0	0	1.33	1.33	0	0	0
1428521517226546635	CPU_4	98.59	0	0	0	0	1.40	0	0	0	0
1428521517947730158	CPU_4	97.26	0	0	0	0	1.36	1.36	0	0	0
1428521518678973740	CPU_4	100.00	0	0	0	0	0	0	0	0	0
1428521519398455267	CPU_4	97.22	0	0	0	0	1.38	1.38	0	0	0
1428521520132352509	CPU_4	98.63	0	0	0	0	1.36	0	0	0	0
1428521520849975583	CPU_4	98.61	0	0	0	0	1.38	0	0	0	0
1428521521571024690	CPU_4	97.26	0	0	0	0	1.36	1.36	0	0	0
1428521522301173275	CPU_4	98.63	0	0	0	0	1.36	0	0	0	0
1428521523024011919	CPU_4	97.22	0	0	0	0	1.38	1.38	0	0	0
1428521523758208494	CPU_4	98.63	0	0	0	0	1.36	0	0	0	0
1428521524480978513	CPU_4	98.63	0	0	0	0	0	1.36	0	0	0
1428521525200193000	CPU_4	98.59	0	0	0	0	1.40	0	0	0	0
1428521525932424413	CPU_4	97.29	0	0	0	0	1.35	1.35	0	0	0
1428521526651714150	CPU_4	98.59	0	0	0	0	1.40	0	0	0	0
1428521527382647691	CPU_4	97.29	0	0	0	0	1.35	1.35	0	0	0
1428521528103064425	CPU_4	98.61	0	0	0	0	1.38	0	0	0	0
1428521528844872982	CPU_4	98.64	0	0	0	0	1.35	0	0	0	0
1428521529563056388	CPU_4	97.22	0	0	0	0	1.38	1.38	0	0	0
1428521530283226956	CPU_4	100.00	0	0	0	0	0	0	0	0	0
1428521531014454580	CPU_4	97.29	0	0	0	0	1.35	1.35	0	0	0
1428521531736790393	CPU_4	98.61	0	0	0	0	1.38	0	0	0	0
1428521532465463732	CPU_4	97.29	0	0	0	0	1.35	1.35	0	0	0
1428521533187754212	CPU_4	98.59	0	0	0	0	1.40	0	0	0	0
1428521533911735562	CPU_4	97.26	0	0	0	0	1.36	1.36	0	0	0
1428521534645843805	CPU_4	98.63	0	0	0	0	1.36	0	0	0	0
1428521535364325252	CPU_4	98.61	0	0	0	0	0	1.38	0	0	0
1428521536095773751	CPU_4	98.63	0	0	0	0	1.36	0	0	0	0
1428521536816061986	CPU_4	97.22	0	0	0	0	1.38	1.38	0	0	0
1428521537539013798	CPU_4	98.61	0	0	0	0	1.38	0	0	0	0
1428521538267552346	CPU_4	98.63	0	0	0	0	1.36	0	0	0	0
1428521538989627659	CPU_4	97.26	0	0	0	0	1.36	1.36	0	0	0
1428521539722276906	CPU_4	98.63	0	0	0	0	1.36	0	0	0	0
1428521540444549719	CPU_4	97.22	0	0	0	0	1.38	1.38	0	0	0
1428521541170306108	CPU_4	100.00	0	0	0	0	0	0	0	0	0
1428521541896683411	CPU_4	97.26	0	0	0	0	1.36	1.36	0	0	0
1428521542619094016	CPU_4	98.61	0	0	0	0	1.38	0	0	0	0
1428521543350128100	CPU_4	97.29	0	0	0	0	1.35	1.35	0	0	0
1428521544076633486	CPU_4	98.61	0	0	0	0	1.38	0	0	0	0
1428521544814927678	CPU_4	97.33	0	0	0	0	1.33	1.33	0	0	0
1428521545536813242	CPU_4	98.59	0	0	0	0	1.40	0	0	0	0
1428521546257506935	CPU_4	98.61	0	0	0	0	0	1.38	0	0	0
1428521546986497899	CPU_4	98.63	0	0	0	0	1.36	0	0	0	0
1428521547709254754	CPU_4	98.61	0	0	0	0	1.38	0	0	0	0
1428521548442171166	CPU_4	97.29	0	0	0	0	1.35	1.35	0	0	0
1428521549162956734	CPU_4	98.61	0	0	0	0	1.38	0	0	0	0
1428521549881438974	CPU_4	97.22	0	0	0	0	1.38	1.38	0	0	0
1428521550614837719	CPU_4	98.63	0	0	0	0	1.36	0	0	0	0
1428521551335049622	CPU_4	97.26	0	0	0	0	1.36	1.36	0	0	0
1428521552067519703	CPU_4	100.00	0	0	0	0	0	0	0	0	0
1428521552786675483	CPU_4	97.22	0	0	0	0	1.38	1.38	0	0	0
1428521553512783371	CPU_4	98.61	0	0	0	0	1.38	0	0	0	0
1428521554238975301	CPU_4	97.26	0	0	0	0	1.36	1.36	0	0	0
1428521554963232235	CPU_4	98.63	0	0	0	0	1.36	0	0	0	0
1428521555692350616	CPU_4	97.26	0	0	0	0	1.36	1.36	0	0	0
1428521556412084479	CPU_4	98.61	0	0	0	0	1.38	0	0	0	0
1428521557144386769	CPU_4	100.00	0	0	0	0	0	0	0	0	0
1428521557865390836	CPU_4	97.22	0	0	0	0	1.38	1.38	0	0	0
1428521558587177235	CPU_4	98.61	0	0	0	0	1.38	0	0	0	0
1428521559317209781	CPU_4	97.26	0	0	0	0	1.36	1.36	0	0	0
1428521560039947095	CPU_4	98.63	0	0	0	0	1.36	0	0	0	0
1428521560770857805	CPU_4	97.26	0	0	0	0	1.36	1.36	0	0	0
1428521561489637795	CPU_4	98.61	0	0	0	0	1.38	0	0	0	0
1428521562210861862	CPU_4	97.22	0	0	0	0	1.38	1.38	0	0	0
1428521562941683406	CPU_4	100.00	0	0	0	0	0	0	0	0	0
1428521563664307595	CPU_4	97.26	0	0	0	0	1.36	1.36	0	0	0
1428521564394075475	CPU_4	98.63	0	0	0	0	1.36	0	0	0	0
1428521565114510545	CPU_4	97.22	0	0	0	0	1.38	1.38	0	0	0
1428521565836714277	CPU_4	98.61	0	0	0	0	1.38	0	0	0	0
1428521566571245520	CPU_4	98.64	0	0	0	0	1.35	0	0	0	0
1428521567290363051	CPU_4	97.22	0	0	0	0	1.38	1.38	0	0	0
1428521568020873471	CPU_4	98.63	0	0	0	0	1.36	0	0	0	0
1428521568743430286	CPU_4	98.61	0	0	0	0	0	1.38	0	0	0
1428521569479019235	CPU_4	98.63	0	0	0	0	1.36	0	0	0	0
1428521570200918760	CPU_4	97.26	0	0	0	0	1.36	1.36	0	0	0
1428521570922552577	CPU_4	98.59	0	0	0	0	1.40	0	0	0	0
1428521571657937402	CPU_4	97.33	0	0	0	0	1.33	1.33	0	0	0
1428521572379293178	CPU_4	98.61	0	0	0	0	1.38	0	0	0	0
1428521573110195847	CPU_4	97.26	0	0	0	0	1.36	1.36	0	0	0
1428521573831720248	CPU_4	98.61	0	0	0	0	1.38	0	0	0	0
1428521574555591268	CPU_4	98.61	0	0	0	0	0	1.38	0	0	0
1428521575286318313	CPU_4	98.63	0	0	0	0	1.36	0	0	0	0
1428521576008869419	CPU_4	98.61	0	0	0	0	1.38	0	0	0	0
1428521576742694623	CPU_4	97.29	0	0	0	0	1.35	1.35	0	0	0
1428521577463993066	CPU_4	98.61	0	0	0	0	1.38	0	0	0	0
1428521578187822503	CPU_4	97.26	0	0	0	0	1.36	1.36	0	0	0
1428521578915539181	CPU_4	98.61	0	0	0	0	1.38	0	0	0	0
1428521579638355121	CPU_4	97.26	0	0	0	0	1.36	1.36	0	0	0
1428521580371597493	CPU_4	100.00	0	0	0	0	0	0	0	0	0
1428521581098201798	CPU_4	97.26	0	0	0	0	1.36	1.36	0	0	0
1428521581829475259	CPU_4	98.63	0	0	0	0	1.36	0	0	0	0
1428521582552980864	CPU_4	97.26	0	0	0	0	1.36	1.36	0	0	0
1428521583277658049	CPU_4	98.61	0	0	0	0	1.38	0	0	0	0
1428521584010398173	CPU_4	97.29	0	0	0	0	1.35	1.35	0	0	0
1428521584732797239	CPU_4	98.61	0	0	0	0	1.38	0	0	0	0
1428521585464467532	CPU_4	97.29	0	0	0	0	1.35	1.35	0	0	0
1428521586188885551	CPU_4	100.00	0	0	0	0	0	0	0	0	0
1428521586910420620	CPU_4	98.61	0	0	0	0	1.38	0	0	0	0
1428521587642842744	CPU_4	97.29	0	0	0	0	1.35	1.35	0	0	0
1428521588364757853	CPU_4	98.61	0	0	0	0	1.38	0	0	0	0
1428521589100761220	CPU_4	97.29	0	0	0	0	1.35	1.35	0	0	0
1428521589823078786	CPU_4	98.61	0	0	0	0	1.38	0	0	0	0
1428521590555295662	CPU_4	97.26	0	0	0	0	1.36	1.36	0	0	0
1428521591284055879	CPU_4	98.63	0	0	0	0	1.36	0	0	0	0
1428521592007106360	CPU_4	98.61	0	0	0	0	0	1.38	0	0	0
1428521592741730189	CPU_4	98.63	0	0	0	0	1.36	0	0	0	0
1428521593465282585	CPU_4	97.26	0	0	0	0	1.36	1.36	0	0	0
1428521594206361690	CPU_4	98.64	0	0	0	0	1.35	0	0	0	0
1428521594928317424	CPU_4	97.26	0	0	0	0	1.36	1.36	0	0	0
1428521595652595736	CPU_4	98.61	0	0	0	0	1.38	0	0	0	0
1428521596386154275	CPU_4	98.63	0	0	0	0	1.36	0	0	0	0
1428521597111471835	CPU_4	98.63	0	0	0	0	0	1.36	0	0	0
1428521597844543917	CPU_4	98.63	0	0	0	0	1.36	0	0	0	0
1428521598566381943	CPU_4	97.22	0	0	0	0	1.38	1.38	0	0	0
1428521599296149159	CPU_4	98.61	0	0	0	0	1.38	0	0	0	0
1428521600021482343	CPU_4	97.29	0	0	0	0	1.35	1.35	0	0	0
1428521600745596114	CPU_4	98.61	0	0	0	0	1.38	0	0	0	0
1428521601476602619	CPU_4	97.29	0	0	0	0	1.35	1.35	0	0	0
1428521602202958343	CPU_4	98.61	0	0	0	0	1.38	0	0	0	0
1428521602933715098	CPU_4	98.63	0	0	0	0	0	1.36	0	0	0
1428521603657619536	CPU_4	98.61	0	0	0	0	1.38	0	0	0	0
1428521604378827523	CPU_4	97.26	0	0	0	0	1.36	1.36	0	0	0
1428521605111410690	CPU_4	98.61	0	0	0	0	1.38	0	0	0	0
1428521605832149386	CPU_4	98.63	0	0	0	0	1.36	0	0	0	0
1428521606565511427	CPU_4	97.29	0	0	0	0	1.35	1.35	0	0	0
1428521607289655823	CPU_4	98.61	0	0	0	0	1.38	0	0	0	0
1428521608013426803	CPU_4	98.61	0	0	0	0	0	1.38	0	0	0
1428521608749806378	CPU_4	98.63	0	0	0	0	1.36	0	0	0	0
1428521609472242696	CPU_4	97.26	0	0	0	0	1.36	1.36	0	0	0
1428521610204988613	CPU_4	98.63	0	0	0	0	1.36	0	0	0	0
1428521610927188514	CPU_4	97.26	0	0	0	0	1.36	1.36	0	0	0
1428521611665116252	CPU_4	98.63	0	0	0	0	1.36	0	0	0	0
1428521612387522528	CPU_4	97.26	0	0	0	0	1.36	1.36	0	0	0
1428521613108922015	CPU_4	98.61	0	0	0	0	1.38	0	0	0	0
1428521613842281972	CPU_4	98.63	0	0	0	0	0	1.36	0	0	0
1428521614563838959	CPU_4	98.61	0	0	0	0	1.38	0	0	0	0
1428521615298146164	CPU_4	97.26	0	0	0	0	1.36	1.36	0	0	0
1428521616020395066	CPU_4	98.63	0	0	0	0	1.36	0	0	0	0
1428521616745959751	CPU_4	98.61	0	0	0	0	1.38	0	0	0	0
1428521617479951124	CPU_4	97.29	0	0	0	0	1.35	1.35	0	0	0
1428521618200710695	CPU_4	98.61	0	0	0	0	1.38	0	0	0	0
1428521618932811740	CPU_4	97.26	0	0	0	0	1.36	1.36	0	0	0
1428521619661842125	CPU_4	100.00	0	0	0	0	0	0	0	0	0
1428521620402538065	CPU_4	97.29	0	0	0	0	1.35	1.35	0	0	0
1428521621123328262	CPU_4	98.61	0	0	0	0	1.38	0	0	0	0
1428521621847621576	CPU_4	97.26	0	0	0	0	1.36	1.36	0	0	0
1428521622580904325	CPU_4	98.64	0	0	0	0	1.35	0	0	0	0
1428521623305833638	CPU_4	97.26	0	0	0	0	1.36	1.36	0	0	0
1428521624036271145	CPU_4	98.61	0	0	0	0	1.38	0	0	0	0
1428521624761446998	CPU_4	98.63	0	0	0	0	0	1.36	0	0	0
1428521625483080901	CPU_4	98.61	0	0	0	0	1.38	0	0	0	0
1428521626218872937	CPU_4	98.63	0	0	0	0	1.36	0	0	0	0
1428521626940871548	CPU_4	97.26	0	0	0	0	1.36	1.36	0	0	0
1428521627677157249	CPU_4	98.63	0	0	0	0	1.36	0	0	0	0
1428521628400256566	CPU_4	97.26	0	0	0	0	1.36	1.36	0	0	0
1428521629133892149	CPU_4	98.63	0	0	0	0	1.36	0	0	0	0
1428521629865015405	CPU_4	97.29	0	0	0	0	1.35	1.35	0	0	0
1428521630586702100	CPU_4	100.00	0	0	0	0	0	0	0	0	0
1428521631320904932	CPU_4	97.29	0	0	0	0	1.35	1.35	0	0	0
1428521632044543331	CPU_4	98.61	0	0	0	0	1.38	0	0	0	0
1428521632782056071	CPU_4	97.29	0	0	0	0	1.35	1.35	0	0	0
1428521633505719553	CPU_4	98.61	0	0	0	0	1.38	0	0	0	0
1428521634230328117	CPU_4	97.26	0	0	0	0	1.36	1.36	0	0	0
1428521634963104952	CPU_4	98.63	0	0	0	0	1.36	0	0	0	0
1428521635688425222	CPU_4	98.61	0	0	0	0	1.38	0	0	0	0
1428521636419456812	CPU_4	98.64	0	0	0	0	0	1.35	0	0	0
1428521637142133672	CPU_4	98.59	0	0	0	0	1.40	0	0	0	0
1428521637880140162	CPU_4	97.29	0	0	0	0	1.35	1.35	0	0	0
1428521638604129435	CPU_4	98.63	0	0	0	0	1.36	0	0	0	0
1428521639327150253	CPU_4	97.26	0	0	0	0	1.36	1.36	0	0	0
1428521640060420379	CPU_4	98.63	0	0	0	0	1.36	0	0	0	0
1428521640787321771	CPU_4	97.26	0	0	0	0	1.36	1.36	0	0	0
1428521641520641813	CPU_4	98.63	0	0	0	0	1.36	0	0	0	0
1428521642244211005	CPU_4	98.61	0	0	0	0	0	1.38	0	0	0
1428521642966480741	CPU_4	98.61	0	0	0	0	1.38	0	0	0	0
1428521643708173472	CPU_4	97.29	0	0	0	0	1.35	1.35	0	0	0
1428521644431422206	CPU_4	98.61	0	0	0	0	1.38	0	0	0	0
1428521645165490247	CPU_4	97.33	0	0	0	0	1.33	1.33	0	0	0
1428521645890539727	CPU_4	98.61	0	0	0	0	1.38	0	0	0	0
1428521646628187718	CPU_4	97.26	0	0	0	0	1.36	1.36	0	0	0
1428521647354521611	CPU_4	98.64	0	0	0	0	1.35	0	0	0	0
1428521648077118014	CPU_4	98.59	0	0	0	0	1.40	0	0	0	0
1428521648811559221	CPU_4	98.64	0	0	0	0	0	1.35	0	0	0
1428521649536012077	CPU_4	98.61	0	0	0	0	1.38	0	0	0	0
1428521650270211660	CPU_4	97.29	0	0	0	0	1.35	1.35	0	0	0
1428521650995190057	CPU_4	98.61	0	0	0	0	1.38	0	0	0	0
1428521651717114170	CPU_4	97.26	0	0	0	0	1.36	1.36	0	0	0
1428521652451256461	CPU_4	98.63	0	0	0	0	1.36	0	0	0	0
1428521653174410363	CPU_4	97.26	0	0	0	0	1.36	1.36	0	0	0
1428521653908517029	CPU_4	98.63	0	0	0	0	1.36	0	0	0	0
1428521654632903386	CPU_4	98.61	0	0	0	0	0	1.38	0	0	0
1428521655370722127	CPU_4	98.63	0	0	0	0	1.36	0	0	0	0
1428521656097001021	CPU_4	97.26	0	0	0	0	1.36	1.36	0	0	0
1428521656825667409	CPU_4	98.63	0	0	0	0	1.36	0	0	0	0
1428521657556501209	CPU_4	97.26	0	0	0	0	1.36	1.36	0	0	0
1428521658280883858	CPU_4	98.63	0	0	0	0	1.36	0	0	0	0
1428521659013521945	CPU_4	98.63	0	0	0	0	1.36	0	0	0	0
1428521659740207672	CPU_4	97.26	0	0	0	0	1.36	1.36	0	0	0
1428521660459891707	CPU_4	98.61	0	0	0	0	1.38	0	0	0	0
1428521661193990124	CPU_4	98.63	0	0	0	0	0	1.36	0	0	0
1428521661916917610	CPU_4	98.61	0	0	0	0	1.38	0	0	0	0
1428521662651410401	CPU_4	97.29	0	0	0	0	1.35	1.35	0	0	0
1428521663374865844	CPU_4	98.61	0	0	0	0	1.38	0	0	0	0
1428521664110193884	CPU_4	97.29	0	0	0	0	1.35	1.35	0	0	0
1428521664861105135	CPU_4	98.66	0	0	0	0	1.33	0	0	0	0
1428521665623116192	CPU_4	97.29	0	0	0	0	1.35	1.35	0	0	0
1428521666359616520	CPU_4	98.68	0	0	0	0	1.31	0	0	0	0
1428521667088344659	CPU_4	97.26	0	0	0	0	1.36	1.36	0	0	0
1428521667821613370	CPU_4	100.00	0	0	0	0	0	0	0	0	0
1428521668545963478	CPU_4	97.26	0	0	0	0	1.36	1.36	0	0	0
1428521669281898474	CPU_4	98.63	0	0	0	0	1.36	0	0	0	0
1428521670009306033	CPU_4	97.29	0	0	0	0	1.35	1.35	0	0	0
1428521670766044687	CPU_4	98.66	0	0	0	0	1.33	0	0	0	0
1428521671501010394	CPU_4	98.64	0	0	0	0	1.35	0	0	0	0
1428521672225782877	CPU_4	97.26	0	0	0	0	1.36	1.36	0	0	0
1428521672962914495	CPU_4	98.63	0	0	0	0	1.36	0	0	0	0
1428521673692193883	CPU_4	98.63	0	0	0	0	0	1.36	0	0	0
1428521674425459011	CPU_4	98.63	0	0	0	0	1.36	0	0	0	0
1428521675149817911	CPU_4	97.26	0	0	0	0	1.36	1.36	0	0	0
1428521675875619099	CPU_4	98.61	0	0	0	0	1.38	0	0	0	0
1428521676610851598	CPU_4	97.29	0	0	0	0	1.35	1.35	0	0	0
1428521677334924165	CPU_4	98.61	0	0	0	0	1.38	0	0	0	0
1428521678069552874	CPU_4	97.29	0	0	0	0	1.35	1.35	0	0	0
1428521678796496101	CPU_4	100.00	0	0	0	0	0	0	0	0	0
1428521679522584163	CPU_4	97.26	0	0	0	0	1.36	1.36	0	0	0
1428521680254406379	CPU_4	98.63	0	0	0	0	1.36	0	0	0	0
1428521680980179192	CPU_4	98.61	0	0	0	0	1.38	0	0	0	0
1428521681715560732	CPU_4	97.33	0	0	0	0	1.33	1.33	0	0	0
1428521682442910042	CPU_4	98.61	0	0	0	0	1.38	0	0	0	0
1428521683181161492	CPU_4	97.29	0	0	0	0	1.35	1.35	0	0	0
1428521683905375143	CPU_4	98.61	0	0	0	0	1.38	0	0	0	0
1428521684630627291	CPU_4	98.63	0	0	0	0	0	1.36	0	0	0
1428521685367837785	CPU_4	98.63	0	0	0	0	1.36	0	0	0	0
1428521686095593261	CPU_4	97.26	0	0	0	0	1.36	1.36	0	0	0
1428521686836403497	CPU_4	98.64	0	0	0	0	1.35	0	0	0	0
1428521687560970355	CPU_4	97.26	0	0	0	0	1.36	1.36	0	0	0
1428521688299826595	CPU_4	98.64	0	0	0	0	1.35	0	0	0	0
1428521689023591623	CPU_4	97.22	0	0	0	0	1.38	1.38	0	0	0
1428521689746826526	CPU_4	98.61	0	0	0	0	1.38	0	0	0	0
1428521690483896563	CPU_4	98.64	0	0	0	0	0	1.35	0	0	0
1428521691210790249	CPU_4	98.61	0	0	0	0	1.38	0	0	0	0
1428521691946416581	CPU_4	98.64	0	0	0	0	1.35	0	0	0	0
1428521692671701230	CPU_4	97.26	0	0	0	0	1.36	1.36	0	0	0
1428521693397273378	CPU_4	98.61	0	0	0	0	1.38	0	0	0	0
1428521694134018040	CPU_4	97.29	0	0	0	0	1.35	1.35	0	0	0
1428521694860521478	CPU_4	98.63	0	0	0	0	1.36	0	0	0	0
1428521695595494770	CPU_4	97.29	0	0	0	0	1.35	1.35	0	0	0
1428521696320834752	CPU_4	100.00	0	0	0	0	0	0	0	0	0
1428521697056235043	CPU_4	97.29	0	0	0	0	1.35	1.35	0	0	0
1428521697781444275	CPU_4	98.61	0	0	0	0	1.38	0	0	0	0
1428521698507174215	CPU_4	97.26	0	0	0	0	1.36	1.36	0	0	0
1428521699241504592	CPU_4	98.64	0	0	0	0	1.35	0	0	0	0
1428521699968587820	CPU_4	97.26	0	0	0	0	1.36	1.36	0	0	0
1428521700704671651	CPU_4	98.63	0	0	0	0	1.36	0	0	0	0
1428521701431156131	CPU_4	97.26	0	0	0	0	1.36	1.36	0	0	0
1428521702156345031	CPU_4	100.00	0	0	0	0	0	0	0	0	0
1428521702894263441	CPU_4	98.64	0	0	0	0	1.35	0	0	0	0
1428521703620636629	CPU_4	97.26	0	0	0	0	1.36	1.36	0	0	0
1428521704357008252	CPU_4	98.63	0	0	0	0	1.36	0	0	0	0
1428521705088585969	CPU_4	97.29	0	0	0	0	1.35	1.35	0	0	0
1428521705823551137	CPU_4	98.63	0	0	0	0	1.36	0	0	0	0
1428521706549298160	CPU_4	97.26	0	0	0	0	1.36	1.36	0	0	0
1428521707274295644	CPU_4	98.61	0	0	0	0	1.38	0	0	0	0
1428521708009847768	CPU_4	98.64	0	0	0	0	0	1.35	0	0	0
1428521708733320256	CPU_4	98.59	0	0	0	0	1.40	0	0	0	0
1428521709469182213	CPU_4	97.33	0	0	0	0	1.33	1.33	0	0	0
1428521710194718071	CPU_4	98.61	0	0	0	0	1.38	0	0	0	0
1428521710935086184	CPU_4	97.33	0	0	0	0	1.33	1.33	0	0	0
1428521711659949876	CPU_4	98.61	0	0	0	0	1.38	0	0	0	0
1428521712385175943	CPU_4	97.26	0	0	0	0	1.36	1.36	0	0	0
1428521713121744149	CPU_4	98.63	0	0	0	0	1.36	0	0	0	0
1428521713848428795	CPU_4	100.00	0	0	0	0	0	0	0	0	0
1428521714586867913	CPU_4	97.29	0	0	0	0	1.35	1.35	0	0	0
1428521715310693525	CPU_4	98.61	0	0	0	0	1.38	0	0	0	0
1428521716047366773	CPU_4	97.26	0	0	0	0	1.36	1.36	0	0	0
1428521716774739584	CPU_4	98.64	0	0	0	0	1.35	0	0	0	0
1428521717502279063	CPU_4	97.26	0	0	0	0	1.36	1.36	0	0	0
1428521718236587941	CPU_4	98.63	0	0	0	0	1.36	0	0	0	0
1428521718965783332	CPU_4	97.29	0	0	0	0	1.35	1.35	0	0	0
1428521719704583949	CPU_4	100.00	0	0	0	0	0	0	0	0	0
1428521720436035376	CPU_4	97.26	0	0	0	0	1.36	1.36	0	0	0
1428521721163179230	CPU_4	98.61	0	0	0	0	1.38	0	0	0	0
1428521721901414183	CPU_4	97.33	0	0	0	0	1.33	1.33	0	0	0
1428521722629876742	CPU_4	98.63	0	0	0	0	1.36	0	0	0	0
1428521723367740570	CPU_4	97.29	0	0	0	0	1.35	1.35	0	0	0
1428521724094362051	CPU_4	98.61	0	0	0	0	1.38	0	0	0	0
1428521724829448136	CPU_4	98.64	0	0	0	0	1.35	0	0	0	0
1428521725556679199	CPU_4	98.61	0	0	0	0	0	1.38	0	0	0
1428521726283273221	CPU_4	98.61	0	0	0	0	1.38	0	0	0	0
1428521727022787004	CPU_4	97.33	0	0	0	0	1.33	1.33	0	0	0
1428521727749378610	CPU_4	98.61	0	0	0	0	1.38	0	0	0	0
1428521728487883312	CPU_4	96.00	0	1.33	0	0	1.33	1.33	0	0	0
1428521729216115456	CPU_4	95.83	0	2.77	0	0	1.38	0	0	0	0
1428521729951229666	CPU_4	97.29	0	0	0	0	1.35	1.35	0	0	0
1428521730683832674	CPU_4	98.63	0	0	0	0	1.36	0	0	0	0
1428521731410283947	CPU_4	97.26	0	0	0	0	1.36	1.36	0	0	0
1428521732145866490	CPU_4	100.00	0	0	0	0	0	0	0	0	0
1428521732872989095	CPU_4	97.26	0	0	0	0	1.36	1.36	0	0	0
1428521733610810424	CPU_4	98.63	0	0	0	0	1.36	0	0	0	0
1428521734335219327	CPU_4	97.29	0	0	0	0	1.35	1.35	0	0	0
1428521735065103884	CPU_4	98.61	0	0	0	0	1.38	0	0	0	0
1428521735800778802	CPU_4	97.29	0	0	0	0	1.35	1.35	0	0	0
1428521736529079946	CPU_4	98.61	0	0	0	0	1.38	0	0	0	0
1428521737267697440	CPU_4	100.00	0	0	0	0	0	0	0	0	0
1428521737994735712	CPU_4	97.26	0	0	0	0	1.36	1.36	0	0	0
1428521738731542294	CPU_4	98.63	0	0	0	0	1.36	0	0	0	0
1428521739461810391	CPU_4	97.26	0	0	0	0	1.36	1.36	0	0	0
1428521740193375069	CPU_4	98.63	0	0	0	0	1.36	0	0	0	0
1428521740931346440	CPU_4	97.33	0	0	0	0	1.33	1.33	0	0	0
1428521741656628592	CPU_4	98.61	0	0	0	0	1.38	0	0	0	0
1428521742397123540	CPU_4	97.29	0	0	0	0	1.35	1.35	0	0	0
1428521743122851982	CPU_4	100.00	0	0	0	0	0	0	0	0	0
1428521743863269055	CPU_4	97.29	0	0	0	0	1.35	1.35	0	0	0
1428521744588850165	CPU_4	98.63	0	0	0	0	1.36	0	0	0	0
1428521745315580230	CPU_4	97.26	0	0	0	0	1.36	1.36	0	0	0
1428521746054680973	CPU_4	98.64	0	0	0	0	1.35	0	0	0	0
1428521746782420286	CPU_4	97.26	0	0	0	0	1.36	1.36	0	0	0
1428521747518277579	CPU_4	98.63	0	0	0	0	1.36	0	0	0	0
1428521748245594934	CPU_4	97.26	0	0	0	0	1.36	1.36	0	0	0
1428521748986141299	CPU_4	100.00	0	0	0	0	0	0	0	0	0
1428521749717605269	CPU_4	98.63	0	0	0	0	1.36	0	0	0	0
1428521750444558584	CPU_4	97.29	0	0	0	0	1.35	1.35	0	0	0
1428521751181465625	CPU_4	98.63	0	0	0	0	1.36	0	0	0	0
1428521751909284812	CPU_4	97.29	0	0	0	0	1.35	1.35	0	0	0
1428521752645476980	CPU_4	98.63	0	0	0	0	1.36	0	0	0	0
1428521753372626086	CPU_4	97.26	0	0	0	0	1.36	1.36	0	0	0
1428521754101351063	CPU_4	100.00	0	0	0	0	0	0	0	0	0
1428521754839370893	CPU_4	97.29	0	0	0	0	1.35	1.35	0	0	0
1428521755567273539	CPU_4	98.61	0	0	0	0	1.38	0	0	0	0
1428521756304183372	CPU_4	97.33	0	0	0	0	1.33	1.33	0	0	0
1428521757032693808	CPU_4	98.61	0	0	0	0	1.38	0	0	0	0
1428521757774456671	CPU_4	97.33	0	0	0	0	1.33	1.33	0	0	0
1428521758504347479	CPU_4	98.63	0	0	0	0	1.36	0	0	0	0
1428521759232686957	CPU_4	97.26	0	0	0	0	1.36	1.36	0	0	0
1428521759973162615	CPU_4	100.00	0	0	0	0	0	0	0	0	0
1428521760698169810	CPU_4	97.26	0	0	0	0	1.36	1.36	0	0	0
1428521761439111258	CPU_4	98.64	0	0	0	0	1.35	0	0	0	0
1428521762165994407	CPU_4	97.26	0	0	0	0	1.36	1.36	0	0	0
1428521762906380273	CPU_4	98.64	0	0	0	0	1.35	0	0	0	0
1428521763635945791	CPU_4	98.63	0	0	0	0	1.36	0	0	0	0
1428521764368142219	CPU_4	97.26	0	0	0	0	1.36	1.36	0	0	0
1428521765109219792	CPU_4	98.64	0	0	0	0	1.35	0	0	0	0
1428521765837864728	CPU_4	98.63	0	0	0	0	0	1.36	0	0	0
1428521766577873512	CPU_4	98.63	0	0	0	0	1.36	0	0	0	0
1428521767304348037	CPU_4	97.29	0	0	0	0	1.35	1.35	0	0	0
1428521768041957911	CPU_4	98.63	0	0	0	0	1.36	0	0	0	0
1428521768770791430	CPU_4	97.29	0	0	0	0	1.35	1.35	0	0	0
1428521769501558903	CPU_4	98.61	0	0	0	0	1.38	0	0	0	0
1428521770240165108	CPU_4	97.33	0	0	0	0	1.33	1.33	0	0	0
1428521770969290543	CPU_4	98.61	0	0	0	0	1.38	0	0	0	0
1428521771708426622	CPU_4	97.29	0	0	0	0	1.35	1.35	0	0	0
1428521772436764351	CPU_4	100.00	0	0	0	0	0	0	0	0	0
1428521773185171615	CPU_4	97.36	0	0	0	0	1.31	1.31	0	0	0
1428521773911782557	CPU_4	98.61	0	0	0	0	1.38	0	0	0	0
1428521774645310607	CPU_4	97.29	0	0	0	0	1.35	1.35	0	0	0
1428521775386017098	CPU_4	98.64	0	0	0	0	1.35	0	0	0	0
1428521776117597612	CPU_4	97.26	0	0	0	0	1.36	1.36	0	0	0
1428521776858844727	CPU_4	98.64	0	0	0	0	1.35	0	0	0	0
1428521777586524749	CPU_4	97.26	0	0	0	0	1.36	1.36	0	0	0
1428521778333926933	CPU_4	98.64	0	0	0	0	1.35	0	0	0	0
1428521779064837615	CPU_4	100.00	0	0	0	0	0	0	0	0	0
1428521779795814546	CPU_4	97.29	0	0	0	0	1.35	1.35	0	0	0
1428521780537676910	CPU_4	98.63	0	0	0	0	1.36	0	0	0	0
1428521781263918728	CPU_4	97.29	0	0	0	0	1.35	1.35	0	0	0
1428521782004249887	CPU_4	98.64	0	0	0	0	1.35	0	0	0	0
1428521782733460240	CPU_4	97.26	0	0	0	0	1.36	1.36	0	0	0
1428521783480470050	CPU_4	98.64	0	0	0	0	1.35	0	0	0	0
1428521784211422607	CPU_4	97.29	0	0	0	0	1.35	1.35	0	0	0
1428521784948065942	CPU_4	98.63	0	0	0	0	1.36	0	0	0	0
1428521785689144808	CPU_4	98.64	0	0	0	0	0	1.35	0	0	0
1428521786418897201	CPU_4	98.61	0	0	0	0	1.38	0	0	0	0
1428521787160269858	CPU_4	97.33	0	0	0	0	1.33	1.33	0	0	0
1428521787888436964	CPU_4	98.61	0	0	0	0	1.38	0	0	0	0
1428521788617557192	CPU_4	97.29	0	0	0	0	1.35	1.35	0	0	0
1428521789357098270	CPU_4	98.64	0	0	0	0	1.35	0	0	0	0
1428521790091907485	CPU_4	97.29	0	0	0	0	1.35	1.35	0	0	0
1428521790833926099	CPU_4	98.63	0	0	0	0	1.36	0	0	0	0
1428521791561043957	CPU_4	98.63	0	0	0	0	0	1.36	0	0	0
1428521792301059910	CPU_4	98.64	0	0	0	0	1.35	0	0	0	0
1428521793032091884	CPU_4	97.26	0	0	0	0	1.36	1.36	0	0	0
1428521793764544354	CPU_4	98.63	0	0	0	0	1.36	0	0	0	0
1428521794502665270	CPU_4	97.33	0	0	0	0	1.33	1.33	0	0	0
1428521795236625987	CPU_4	98.63	0	0	0	0	1.36	0	0	0	0
1428521795976666814	CPU_4	98.64	0	0	0	0	1.35	0	0	0	0
1428521796709174493	CPU_4	54.05	0	2.70	41.89	0	0	1.35	0	0	0
