#Timestamp	CPU_ID	user%	nice%	sys%	idle%	iowait%	irq%	softiq%	steal%	guest%	guest_nice%
1428503729606004142	CPU_4	86.66	0	5.00	8.33	0	0	0	0	0	0
1428503730291171783	CPU_4	98.55	0	0	0	0	1.44	0	0	0	0
1428503730985380387	CPU_4	100.00	0	0	0	0	0	0	0	0	0
1428503731678099708	CPU_4	98.59	0	0	0	0	0	1.40	0	0	0
1428503732366976130	CPU_4	98.55	0	0	0	0	1.44	0	0	0	0
1428503733067081423	CPU_4	100.00	0	0	0	0	0	0	0	0	0
1428503733761009994	CPU_4	98.57	0	0	0	0	1.42	0	0	0	0
1428503734447960764	CPU_4	100.00	0	0	0	0	0	0	0	0	0
1428503735149697722	CPU_4	98.57	0	0	0	0	0	1.42	0	0	0
1428503735840008940	CPU_4	98.55	0	0	0	0	1.44	0	0	0	0
1428503736530571908	CPU_4	100.00	0	0	0	0	0	0	0	0	0
1428503737231891207	CPU_4	100.00	0	0	0	0	0	0	0	0	0
1428503737921854890	CPU_4	98.57	0	0	0	0	1.42	0	0	0	0
1428503738614515438	CPU_4	98.55	0	0	0	0	0	1.44	0	0	0
1428503739315119538	CPU_4	98.59	0	0	0	0	1.40	0	0	0	0
1428503740005365350	CPU_4	100.00	0	0	0	0	0	0	0	0	0
1428503740698346236	CPU_4	100.00	0	0	0	0	0	0	0	0	0
1428503741399747380	CPU_4	97.18	0	0	0	0	1.40	1.40	0	0	0
1428503742091672273	CPU_4	100.00	0	0	0	0	0	0	0	0	0
1428503742802128050	CPU_4	100.00	0	0	0	0	0	0	0	0	0
1428503743496428771	CPU_4	98.55	0	0	0	0	1.44	0	0	0	0
1428503744191705198	CPU_4	100.00	0	0	0	0	0	0	0	0	0
1428503744894377555	CPU_4	97.22	0	0	0	0	1.38	1.38	0	0	0
1428503745585846335	CPU_4	100.00	0	0	0	0	0	0	0	0	0
1428503746280282855	CPU_4	100.00	0	0	0	0	0	0	0	0	0
1428503746982771342	CPU_4	98.57	0	0	0	0	1.42	0	0	0	0
1428503747674588252	CPU_4	100.00	0	0	0	0	0	0	0	0	0
1428503748367462742	CPU_4	98.55	0	0	0	0	0	1.44	0	0	0
1428503749070174151	CPU_4	98.59	0	0	0	0	1.40	0	0	0	0
1428503749761913066	CPU_4	100.00	0	0	0	0	0	0	0	0	0
1428503750455632558	CPU_4	98.55	0	0	0	0	1.44	0	0	0	0
1428503751158471889	CPU_4	100.00	0	0	0	0	0	0	0	0	0
1428503751850156935	CPU_4	98.57	0	0	0	0	0	1.42	0	0	0
1428503752551654400	CPU_4	98.57	0	0	0	0	1.42	0	0	0	0
1428503753249136342	CPU_4	100.00	0	0	0	0	0	0	0	0	0
1428503753942144638	CPU_4	98.55	0	0	0	0	1.44	0	0	0	0
1428503754646412097	CPU_4	100.00	0	0	0	0	0	0	0	0	0
1428503755339178690	CPU_4	98.57	0	0	0	0	0	1.42	0	0	0
1428503756033027654	CPU_4	98.57	0	0	0	0	1.42	0	0	0	0
1428503756736826829	CPU_4	100.00	0	0	0	0	0	0	0	0	0
1428503757428519348	CPU_4	100.00	0	0	0	0	0	0	0	0	0
1428503758126385468	CPU_4	98.57	0	0	0	0	1.42	0	0	0	0
1428503758829025903	CPU_4	98.59	0	0	0	0	0	1.40	0	0	0
1428503759521643674	CPU_4	98.55	0	0	0	0	1.44	0	0	0	0
1428503760230390213	CPU_4	100.00	0	0	0	0	0	0	0	0	0
1428503760926046391	CPU_4	100.00	0	0	0	0	0	0	0	0	0
1428503761623327647	CPU_4	98.57	0	0	0	0	1.42	0	0	0	0
1428503762327060588	CPU_4	98.57	0	0	0	0	0	1.42	0	0	0
1428503763023418685	CPU_4	100.00	0	0	0	0	0	0	0	0	0
1428503763721438569	CPU_4	98.57	0	0	0	0	1.42	0	0	0	0
1428503764434299935	CPU_4	100.00	0	0	0	0	0	0	0	0	0
1428503765132525989	CPU_4	98.57	0	0	0	0	1.42	0	0	0	0
1428503765826720560	CPU_4	98.57	0	0	0	0	0	1.42	0	0	0
1428503766531540174	CPU_4	100.00	0	0	0	0	0	0	0	0	0
1428503767227103119	CPU_4	98.55	0	0	0	0	1.44	0	0	0	0
1428503767931514529	CPU_4	100.00	0	0	0	0	0	0	0	0	0
1428503768626872562	CPU_4	98.57	0	0	0	0	1.42	0	0	0	0
1428503769321510682	CPU_4	98.57	0	0	0	0	0	1.42	0	0	0
1428503770026840135	CPU_4	100.00	0	0	0	0	0	0	0	0	0
1428503770726362157	CPU_4	98.57	0	0	0	0	1.42	0	0	0	0
1428503771421008532	CPU_4	100.00	0	0	0	0	0	0	0	0	0
1428503772130958889	CPU_4	98.61	0	0	0	0	0	1.38	0	0	0
1428503772826937847	CPU_4	98.57	0	0	0	0	1.42	0	0	0	0
1428503773521412520	CPU_4	100.00	0	0	0	0	0	0	0	0	0
1428503774231474757	CPU_4	98.59	0	0	0	0	1.40	0	0	0	0
1428503774927485386	CPU_4	100.00	0	0	0	0	0	0	0	0	0
1428503775632967396	CPU_4	98.59	0	0	0	0	0	1.40	0	0	0
1428503776329826525	CPU_4	98.57	0	0	0	0	1.42	0	0	0	0
1428503777025911367	CPU_4	100.00	0	0	0	0	0	0	0	0	0
1428503777730298428	CPU_4	100.00	0	0	0	0	0	0	0	0	0
1428503778427148146	CPU_4	98.57	0	0	0	0	1.42	0	0	0	0
1428503779125696817	CPU_4	98.57	0	0	0	0	0	1.42	0	0	0
1428503779830240299	CPU_4	98.59	0	0	0	0	1.40	0	0	0	0
1428503780525795944	CPU_4	100.00	0	0	0	0	0	0	0	0	0
1428503781225958197	CPU_4	100.00	0	0	0	0	0	0	0	0	0
1428503781927609821	CPU_4	98.59	0	0	0	0	1.40	0	0	0	0
1428503782624643132	CPU_4	98.55	0	0	0	0	0	1.44	0	0	0
1428503783331211157	CPU_4	100.00	0	0	0	0	0	0	0	0	0
1428503784030968043	CPU_4	98.57	0	0	0	0	1.42	0	0	0	0
1428503784734660166	CPU_4	100.00	0	0	0	0	0	0	0	0	0
1428503785440455449	CPU_4	98.59	0	0	0	0	1.40	0	0	0	0
1428503786138540639	CPU_4	98.57	0	0	0	0	0	1.42	0	0	0
1428503786835974501	CPU_4	100.00	0	0	0	0	0	0	0	0	0
1428503787540654002	CPU_4	98.59	0	0	0	0	1.40	0	0	0	0
1428503788238966405	CPU_4	100.00	0	0	0	0	0	0	0	0	0
1428503788950332299	CPU_4	97.22	0	0	0	0	1.38	1.38	0	0	0
1428503789644172974	CPU_4	100.00	0	0	0	0	0	0	0	0	0
1428503790341322095	CPU_4	100.00	0	0	0	0	0	0	0	0	0
1428503791046816559	CPU_4	98.57	0	0	0	0	1.42	0	0	0	0
1428503791742418191	CPU_4	100.00	0	0	0	0	0	0	0	0	0
1428503792438159781	CPU_4	98.59	0	0	0	0	0	1.40	0	0	0
1428503793143050003	CPU_4	98.59	0	0	0	0	1.40	0	0	0	0
1428503793837911351	CPU_4	100.00	0	0	0	0	0	0	0	0	0
1428503794533054157	CPU_4	98.55	0	0	0	0	1.44	0	0	0	0
1428503795242341450	CPU_4	100.00	0	0	0	0	0	0	0	0	0
1428503795936605222	CPU_4	98.55	0	0	0	0	0	1.44	0	0	0
1428503796646209767	CPU_4	98.61	0	0	0	0	1.38	0	0	0	0
1428503797343155198	CPU_4	100.00	0	0	0	0	0	0	0	0	0
1428503798037141642	CPU_4	98.55	0	0	0	0	1.44	0	0	0	0
1428503798744750951	CPU_4	100.00	0	0	0	0	0	0	0	0	0
1428503799442035136	CPU_4	98.57	0	0	0	0	0	1.42	0	0	0
1428503800137679870	CPU_4	98.57	0	0	0	0	1.42	0	0	0	0
1428503800844297271	CPU_4	100.00	0	0	0	0	0	0	0	0	0
1428503801541940043	CPU_4	100.00	0	0	0	0	0	0	0	0	0
1428503802238394987	CPU_4	98.59	0	0	0	0	1.40	0	0	0	0
1428503802944905685	CPU_4	98.57	0	0	0	0	0	1.42	0	0	0
1428503803639961306	CPU_4	98.57	0	0	0	0	1.42	0	0	0	0
1428503804348230000	CPU_4	100.00	0	0	0	0	0	0	0	0	0
1428503805045294449	CPU_4	100.00	0	0	0	0	0	0	0	0	0
1428503805748325959	CPU_4	98.59	0	0	0	0	1.40	0	0	0	0
1428503806453579296	CPU_4	98.57	0	0	0	0	0	1.42	0	0	0
1428503807150651792	CPU_4	100.00	0	0	0	0	0	0	0	0	0
1428503807846638876	CPU_4	98.55	0	0	0	0	1.44	0	0	0	0
1428503808552994422	CPU_4	100.00	0	0	0	0	0	0	0	0	0
1428503809250662379	CPU_4	98.57	0	0	0	0	1.42	0	0	0	0
1428503809947675256	CPU_4	98.55	0	0	0	0	0	1.44	0	0	0
1428503810652712812	CPU_4	100.00	0	0	0	0	0	0	0	0	0
1428503811352213683	CPU_4	98.57	0	0	0	0	1.42	0	0	0	0
1428503812056064622	CPU_4	100.00	0	0	0	0	0	0	0	0	0
1428503812754736333	CPU_4	97.18	0	0	0	0	1.40	1.40	0	0	0
1428503813450799639	CPU_4	100.00	0	0	0	0	0	0	0	0	0
1428503814157537238	CPU_4	100.00	0	0	0	0	0	0	0	0	0
1428503814856270829	CPU_4	98.57	0	0	0	0	1.42	0	0	0	0
1428503815557010246	CPU_4	100.00	0	0	0	0	0	0	0	0	0
1428503816266044717	CPU_4	98.59	0	0	0	0	0	1.40	0	0	0
1428503816964232022	CPU_4	98.59	0	0	0	0	1.40	0	0	0	0
1428503817675932819	CPU_4	100.00	0	0	0	0	0	0	0	0	0
1428503818373834338	CPU_4	98.57	0	0	0	0	1.42	0	0	0	0
1428503819070511654	CPU_4	100.00	0	0	0	0	0	0	0	0	0
1428503819780435671	CPU_4	98.59	0	0	0	0	0	1.40	0	0	0
1428503820476338453	CPU_4	98.57	0	0	0	0	1.42	0	0	0	0
1428503821174289144	CPU_4	100.00	0	0	0	0	0	0	0	0	0
1428503821882553672	CPU_4	100.00	0	0	0	0	0	0	0	0	0
1428503822579131373	CPU_4	98.59	0	0	0	0	1.40	0	0	0	0
1428503823276228073	CPU_4	98.55	0	0	0	0	0	1.44	0	0	0
1428503823983029361	CPU_4	98.61	0	0	0	0	1.38	0	0	0	0
1428503824677974115	CPU_4	100.00	0	0	0	0	0	0	0	0	0
1428503825385986569	CPU_4	100.00	0	0	0	0	0	0	0	0	0
1428503826085153017	CPU_4	98.57	0	0	0	0	1.42	0	0	0	0
1428503826782723473	CPU_4	98.57	0	0	0	0	0	1.42	0	0	0
1428503827489875060	CPU_4	98.59	0	0	0	0	1.40	0	0	0	0
1428503828189482095	CPU_4	100.00	0	0	0	0	0	0	0	0	0
1428503828886052435	CPU_4	100.00	0	0	0	0	0	0	0	0	0
1428503829593904108	CPU_4	97.22	0	0	0	0	1.38	1.38	0	0	0
1428503830297837589	CPU_4	100.00	0	0	0	0	0	0	0	0	0
1428503831004659185	CPU_4	100.00	0	0	0	0	0	0	0	0	0
1428503831711283493	CPU_4	98.59	0	0	0	0	1.40	0	0	0	0
1428503832415815226	CPU_4	100.00	0	0	0	0	0	0	0	0	0
1428503833121693873	CPU_4	97.18	0	0	0	0	1.40	1.40	0	0	0
1428503833821465920	CPU_4	100.00	0	0	0	0	0	0	0	0	0
1428503834521179177	CPU_4	100.00	0	0	0	0	0	0	0	0	0
1428503835227539160	CPU_4	98.57	0	0	0	0	1.42	0	0	0	0
1428503835926978463	CPU_4	100.00	0	0	0	0	0	0	0	0	0
1428503836625445771	CPU_4	97.18	0	0	0	0	1.40	1.40	0	0	0
1428503837333376962	CPU_4	100.00	0	0	0	0	0	0	0	0	0
1428503838032481145	CPU_4	100.00	0	0	0	0	0	0	0	0	0
1428503838742681205	CPU_4	98.59	0	0	0	0	1.40	0	0	0	0
1428503839440310273	CPU_4	100.00	0	0	0	0	0	0	0	0	0
1428503840138223299	CPU_4	98.59	0	0	0	0	0	1.40	0	0	0
1428503840847009911	CPU_4	98.59	0	0	0	0	1.40	0	0	0	0
1428503841544864608	CPU_4	100.00	0	0	0	0	0	0	0	0	0
1428503842246744916	CPU_4	98.57	0	0	0	0	1.42	0	0	0	0
1428503842955604698	CPU_4	100.00	0	0	0	0	0	0	0	0	0
1428503843652671194	CPU_4	98.57	0	0	0	0	0	1.42	0	0	0
1428503844362762350	CPU_4	98.61	0	0	0	0	1.38	0	0	0	0
1428503845060785554	CPU_4	100.00	0	0	0	0	0	0	0	0	0
1428503845762031789	CPU_4	100.00	0	0	0	0	0	0	0	0	0
1428503846471234620	CPU_4	98.61	0	0	0	0	1.38	0	0	0	0
1428503847168519206	CPU_4	98.57	0	0	0	0	0	1.42	0	0	0
1428503847869157448	CPU_4	98.57	0	0	0	0	1.42	0	0	0	0
1428503848577442037	CPU_4	100.00	0	0	0	0	0	0	0	0	0
1428503849273338550	CPU_4	100.00	0	0	0	0	0	0	0	0	0
1428503849990343317	CPU_4	97.22	0	0	0	0	1.38	1.38	0	0	0
1428503850689847153	CPU_4	100.00	0	0	0	0	0	0	0	0	0
1428503851405371887	CPU_4	98.61	0	0	0	0	1.38	0	0	0	0
1428503852112175531	CPU_4	100.00	0	0	0	0	0	0	0	0	0
1428503852812357744	CPU_4	100.00	0	0	0	0	0	0	0	0	0
1428503853513125664	CPU_4	97.18	0	0	0	0	1.40	1.40	0	0	0
1428503854222944635	CPU_4	100.00	0	0	0	0	0	0	0	0	0
1428503854924034473	CPU_4	100.00	0	0	0	0	0	0	0	0	0
1428503855634274071	CPU_4	98.59	0	0	0	0	1.40	0	0	0	0
1428503856338137402	CPU_4	100.00	0	0	0	0	0	0	0	0	0
1428503857036555422	CPU_4	97.18	0	0	0	0	1.40	1.40	0	0	0
1428503857747612730	CPU_4	100.00	0	0	0	0	0	0	0	0	0
1428503858446832583	CPU_4	100.00	0	0	0	0	0	0	0	0	0
1428503859146731852	CPU_4	98.57	0	0	0	0	1.42	0	0	0	0
1428503859858808368	CPU_4	100.00	0	0	0	0	0	0	0	0	0
1428503860555977193	CPU_4	98.57	0	0	0	0	0	1.42	0	0	0
1428503861264677850	CPU_4	98.61	0	0	0	0	1.38	0	0	0	0
1428503861967056407	CPU_4	100.00	0	0	0	0	0	0	0	0	0
1428503862664644234	CPU_4	98.57	0	0	0	0	1.42	0	0	0	0
1428503863377814171	CPU_4	98.61	0	0	0	0	0	1.38	0	0	0
1428503864079339569	CPU_4	100.00	0	0	0	0	0	0	0	0	0
1428503864777641231	CPU_4	98.57	0	0	0	0	1.42	0	0	0	0
1428503865488212349	CPU_4	100.00	0	0	0	0	0	0	0	0	0
1428503866190013793	CPU_4	98.59	0	0	0	0	1.40	0	0	0	0
1428503866900185331	CPU_4	98.59	0	0	0	0	0	1.40	0	0	0
1428503867601498155	CPU_4	100.00	0	0	0	0	0	0	0	0	0
1428503868303409936	CPU_4	98.59	0	0	0	0	1.40	0	0	0	0
1428503869012213568	CPU_4	100.00	0	0	0	0	0	0	0	0	0
1428503869711140696	CPU_4	100.00	0	0	0	0	0	0	0	0	0
1428503870415018891	CPU_4	97.22	0	0	0	0	1.38	1.38	0	0	0
1428503871121860951	CPU_4	100.00	0	0	0	0	0	0	0	0	0
1428503871821762123	CPU_4	98.57	0	0	0	0	1.42	0	0	0	0
1428503872536427532	CPU_4	100.00	0	0	0	0	0	0	0	0	0
1428503873234752420	CPU_4	100.00	0	0	0	0	0	0	0	0	0
1428503873934667845	CPU_4	97.18	0	0	0	0	1.40	1.40	0	0	0
1428503874643527781	CPU_4	100.00	0	0	0	0	0	0	0	0	0
1428503875342347463	CPU_4	100.00	0	0	0	0	0	0	0	0	0
1428503876042076144	CPU_4	98.59	0	0	0	0	1.40	0	0	0	0
1428503876751078083	CPU_4	100.00	0	0	0	0	0	0	0	0	0
1428503877449833728	CPU_4	97.18	0	0	0	0	1.40	1.40	0	0	0
1428503878158140923	CPU_4	100.00	0	0	0	0	0	0	0	0	0
1428503878867878781	CPU_4	100.00	0	0	0	0	0	0	0	0	0
1428503879565171978	CPU_4	98.57	0	0	0	0	1.42	0	0	0	0
1428503880274328882	CPU_4	98.59	0	0	0	0	0	1.40	0	0	0
1428503880975034277	CPU_4	98.59	0	0	0	0	1.40	0	0	0	0
1428503881681148321	CPU_4	100.00	0	0	0	0	0	0	0	0	0
1428503882391505517	CPU_4	100.00	0	0	0	0	0	0	0	0	0
1428503883091981417	CPU_4	98.59	0	0	0	0	1.40	0	0	0	0
1428503883795151560	CPU_4	98.57	0	0	0	0	0	1.42	0	0	0
1428503884504583722	CPU_4	100.00	0	0	0	0	0	0	0	0	0
1428503885204072839	CPU_4	98.57	0	0	0	0	1.42	0	0	0	0
1428503885911778885	CPU_4	100.00	0	0	0	0	0	0	0	0	0
1428503886612487251	CPU_4	98.59	0	0	0	0	1.40	0	0	0	0
1428503887312696078	CPU_4	98.57	0	0	0	0	0	1.42	0	0	0
1428503888022159122	CPU_4	100.00	0	0	0	0	0	0	0	0	0
1428503888721866412	CPU_4	98.57	0	0	0	0	1.42	0	0	0	0
1428503889425987146	CPU_4	100.00	0	0	0	0	0	0	0	0	0
1428503890133074037	CPU_4	98.59	0	0	0	0	1.40	0	0	0	0
1428503890832759248	CPU_4	98.59	0	0	0	0	0	1.40	0	0	0
1428503891543565669	CPU_4	100.00	0	0	0	0	0	0	0	0	0
1428503892241612639	CPU_4	98.57	0	0	0	0	1.42	0	0	0	0
1428503892942221560	CPU_4	100.00	0	0	0	0	0	0	0	0	0
1428503893652561362	CPU_4	98.61	0	0	0	0	0	1.38	0	0	0
1428503894350436421	CPU_4	98.57	0	0	0	0	1.42	0	0	0	0
1428503895051562801	CPU_4	100.00	0	0	0	0	0	0	0	0	0
1428503895764389349	CPU_4	98.59	0	0	0	0	1.40	0	0	0	0
1428503896463177367	CPU_4	100.00	0	0	0	0	0	0	0	0	0
1428503897173846842	CPU_4	98.59	0	0	0	0	0	1.40	0	0	0
1428503897874844063	CPU_4	98.59	0	0	0	0	1.40	0	0	0	0
1428503898576819198	CPU_4	100.00	0	0	0	0	0	0	0	0	0
1428503899286454598	CPU_4	98.59	0	0	0	0	1.40	0	0	0	0
1428503899987293614	CPU_4	100.00	0	0	0	0	0	0	0	0	0
1428503900686884221	CPU_4	98.57	0	0	0	0	0	1.42	0	0	0
1428503901397458747	CPU_4	98.61	0	0	0	0	1.38	0	0	0	0
1428503902197464614	CPU_4	100.00	0	0	0	0	0	0	0	0	0
1428503902908195350	CPU_4	98.61	0	0	0	0	1.38	0	0	0	0
1428503903614202148	CPU_4	98.59	0	0	0	0	0	1.40	0	0	0
1428503904325788884	CPU_4	100.00	0	0	0	0	0	0	0	0	0
1428503905130430865	CPU_4	98.76	0	0	0	0	1.23	0	0	0	0
1428503905832016725	CPU_4	100.00	0	0	0	0	0	0	0	0	0
1428503906547071745	CPU_4	100.00	0	0	0	0	0	0	0	0	0
1428503907298413967	CPU_4	97.36	0	0	0	0	1.31	1.31	0	0	0
1428503908008427591	CPU_4	100.00	0	0	0	0	0	0	0	0	0
1428503908709671791	CPU_4	98.57	0	0	0	0	1.42	0	0	0	0
1428503909408793249	CPU_4	100.00	0	0	0	0	0	0	0	0	0
1428503910130614002	CPU_4	100.00	0	0	0	0	0	0	0	0	0
1428503910831238458	CPU_4	97.18	0	0	0	0	1.40	1.40	0	0	0
1428503911540840216	CPU_4	100.00	0	0	0	0	0	0	0	0	0
1428503912245074953	CPU_4	98.57	0	0	0	0	1.42	0	0	0	0
1428503912978927875	CPU_4	100.00	0	0	0	0	0	0	0	0	0
1428503913686641311	CPU_4	98.59	0	0	0	0	0	1.40	0	0	0
1428503914382474208	CPU_4	98.57	0	0	0	0	1.42	0	0	0	0
1428503915080936471	CPU_4	100.00	0	0	0	0	0	0	0	0	0
1428503915789607949	CPU_4	98.59	0	0	0	0	1.40	0	0	0	0
1428503916487141969	CPU_4	100.00	0	0	0	0	0	0	0	0	0
1428503917195612659	CPU_4	98.59	0	0	0	0	0	1.40	0	0	0
1428503917895223840	CPU_4	98.57	0	0	0	0	1.42	0	0	0	0
1428503918593111946	CPU_4	100.00	0	0	0	0	0	0	0	0	0
1428503919300297061	CPU_4	100.00	0	0	0	0	0	0	0	0	0
1428503919999887080	CPU_4	98.57	0	0	0	0	1.42	0	0	0	0
1428503920710054354	CPU_4	98.59	0	0	0	0	0	1.40	0	0	0
1428503921418875093	CPU_4	98.61	0	0	0	0	1.38	0	0	0	0
1428503922120477858	CPU_4	100.00	0	0	0	0	0	0	0	0	0
1428503922869066539	CPU_4	100.00	0	0	0	0	0	0	0	0	0
1428503923569060981	CPU_4	97.18	0	0	0	0	1.40	1.40	0	0	0
1428503924267917635	CPU_4	100.00	0	0	0	0	0	0	0	0	0
1428503924974720596	CPU_4	98.59	0	0	0	0	1.40	0	0	0	0
1428503925676830992	CPU_4	100.00	0	0	0	0	0	0	0	0	0
1428503926377353519	CPU_4	100.00	0	0	0	0	0	0	0	0	0
1428503927082660198	CPU_4	97.22	0	0	0	0	1.38	1.38	0	0	0
1428503927780873862	CPU_4	100.00	0	0	0	0	0	0	0	0	0
1428503928490286487	CPU_4	100.00	0	0	0	0	0	0	0	0	0
1428503929188386778	CPU_4	98.57	0	0	0	0	1.42	0	0	0	0
1428503929887858566	CPU_4	100.00	0	0	0	0	0	0	0	0	0
1428503930599093439	CPU_4	97.22	0	0	0	0	1.38	1.38	0	0	0
1428503931296885152	CPU_4	100.00	0	0	0	0	0	0	0	0	0
1428503931997036858	CPU_4	100.00	0	0	0	0	0	0	0	0	0
1428503932706803448	CPU_4	98.61	0	0	0	0	1.38	0	0	0	0
1428503933404834998	CPU_4	98.57	0	0	0	0	0	1.42	0	0	0
1428503934113594677	CPU_4	100.00	0	0	0	0	0	0	0	0	0
1428503934813934847	CPU_4	98.57	0	0	0	0	1.42	0	0	0	0
1428503935511151570	CPU_4	100.00	0	0	0	0	0	0	0	0	0
1428503936221022000	CPU_4	98.59	0	0	0	0	1.40	0	0	0	0
1428503936920527009	CPU_4	98.57	0	0	0	0	0	1.42	0	0	0
1428503937622282887	CPU_4	100.00	0	0	0	0	0	0	0	0	0
1428503938331689239	CPU_4	98.59	0	0	0	0	1.40	0	0	0	0
1428503939031312460	CPU_4	100.00	0	0	0	0	0	0	0	0	0
1428503939746982000	CPU_4	98.59	0	0	0	0	1.40	0	0	0	0
1428503940448097094	CPU_4	98.61	0	0	0	0	0	1.38	0	0	0
1428503941150653517	CPU_4	100.00	0	0	0	0	0	0	0	0	0
1428503941861346579	CPU_4	98.59	0	0	0	0	1.40	0	0	0	0
1428503942562301469	CPU_4	100.00	0	0	0	0	0	0	0	0	0
1428503943268374925	CPU_4	97.22	0	0	0	0	1.38	1.38	0	0	0
1428503943976057918	CPU_4	100.00	0	0	0	0	0	0	0	0	0
1428503944678575556	CPU_4	100.00	0	0	0	0	0	0	0	0	0
1428503945391121868	CPU_4	98.59	0	0	0	0	1.40	0	0	0	0
1428503946091305809	CPU_4	100.00	0	0	0	0	0	0	0	0	0
1428503946791778000	CPU_4	98.57	0	0	0	0	0	1.42	0	0	0
1428503947502245323	CPU_4	98.61	0	0	0	0	1.38	0	0	0	0
1428503948206169046	CPU_4	100.00	0	0	0	0	0	0	0	0	0
1428503948907172988	CPU_4	98.57	0	0	0	0	1.42	0	0	0	0
1428503949617730982	CPU_4	100.00	0	0	0	0	0	0	0	0	0
1428503950316622518	CPU_4	98.57	0	0	0	0	0	1.42	0	0	0
1428503951027485388	CPU_4	98.59	0	0	0	0	1.40	0	0	0	0
1428503951730426204	CPU_4	100.00	0	0	0	0	0	0	0	0	0
1428503952428465956	CPU_4	100.00	0	0	0	0	0	0	0	0	0
1428503953139938161	CPU_4	98.59	0	0	0	0	1.40	0	0	0	0
1428503953839623117	CPU_4	98.57	0	0	0	0	0	1.42	0	0	0
1428503954538124412	CPU_4	98.59	0	0	0	0	1.40	0	0	0	0
1428503955248159334	CPU_4	100.00	0	0	0	0	0	0	0	0	0
1428503955949211873	CPU_4	100.00	0	0	0	0	0	0	0	0	0
1428503956658175343	CPU_4	97.18	0	0	0	0	1.40	1.40	0	0	0
1428503957363376162	CPU_4	100.00	0	0	0	0	0	0	0	0	0
1428503958064633620	CPU_4	98.57	0	0	0	0	1.42	0	0	0	0
1428503958786573132	CPU_4	100.00	0	0	0	0	0	0	0	0	0
1428503959487138929	CPU_4	100.00	0	0	0	0	0	0	0	0	0
1428503960190064718	CPU_4	97.22	0	0	0	0	1.38	1.38	0	0	0
1428503960902347809	CPU_4	100.00	0	0	0	0	0	0	0	0	0
1428503961603030943	CPU_4	100.00	0	0	0	0	0	0	0	0	0
1428503962320637851	CPU_4	98.61	0	0	0	0	1.38	0	0	0	0
1428503963023104522	CPU_4	100.00	0	0	0	0	0	0	0	0	0
1428503963726523067	CPU_4	97.18	0	0	0	0	1.40	1.40	0	0	0
1428503964436740172	CPU_4	100.00	0	0	0	0	0	0	0	0	0
1428503965139303763	CPU_4	100.00	0	0	0	0	0	0	0	0	0
1428503965838128785	CPU_4	98.57	0	0	0	0	1.42	0	0	0	0
1428503966548922808	CPU_4	98.59	0	0	0	0	0	1.40	0	0	0
1428503967250652406	CPU_4	98.59	0	0	0	0	1.40	0	0	0	0
1428503967969309655	CPU_4	100.00	0	0	0	0	0	0	0	0	0
1428503968675682197	CPU_4	100.00	0	0	0	0	0	0	0	0	0
1428503969376399511	CPU_4	98.59	0	0	0	0	1.40	0	0	0	0
1428503970085689837	CPU_4	98.59	0	0	0	0	0	1.40	0	0	0
1428503970787332108	CPU_4	100.00	0	0	0	0	0	0	0	0	0
1428503971502570375	CPU_4	98.61	0	0	0	0	1.38	0	0	0	0
1428503972212413411	CPU_4	100.00	0	0	0	0	0	0	0	0	0
1428503972913279855	CPU_4	98.59	0	0	0	0	1.40	0	0	0	0
1428503973626064010	CPU_4	98.59	0	0	0	0	0	1.40	0	0	0
1428503974326137834	CPU_4	100.00	0	0	0	0	0	0	0	0	0
1428503975027773237	CPU_4	98.57	0	0	0	0	1.42	0	0	0	0
1428503975739581648	CPU_4	100.00	0	0	0	0	0	0	0	0	0
1428503976438852687	CPU_4	98.57	0	0	0	0	1.42	0	0	0	0
1428503977142096588	CPU_4	98.59	0	0	0	0	0	1.40	0	0	0
1428503977853327713	CPU_4	100.00	0	0	0	0	0	0	0	0	0
1428503978554055126	CPU_4	98.57	0	0	0	0	1.42	0	0	0	0
1428503979270369361	CPU_4	100.00	0	0	0	0	0	0	0	0	0
1428503979972484604	CPU_4	98.57	0	0	0	0	0	1.42	0	0	0
1428503980675516929	CPU_4	98.59	0	0	0	0	1.40	0	0	0	0
1428503981386747019	CPU_4	100.00	0	0	0	0	0	0	0	0	0
1428503982088178601	CPU_4	98.57	0	0	0	0	1.42	0	0	0	0
1428503982791870678	CPU_4	100.00	0	0	0	0	0	0	0	0	0
1428503983504529766	CPU_4	98.61	0	0	0	0	0	1.38	0	0	0
1428503984209730464	CPU_4	98.59	0	0	0	0	1.40	0	0	0	0
1428503984921575766	CPU_4	100.00	0	0	0	0	0	0	0	0	0
1428503985625639763	CPU_4	100.00	0	0	0	0	0	0	0	0	0
1428503986328447723	CPU_4	98.59	0	0	0	0	1.40	0	0	0	0
1428503987039906071	CPU_4	98.59	0	0	0	0	0	1.40	0	0	0
1428503987741237664	CPU_4	98.59	0	0	0	0	1.40	0	0	0	0
1428503988444363293	CPU_4	100.00	0	0	0	0	0	0	0	0	0
1428503989154921773	CPU_4	100.00	0	0	0	0	0	0	0	0	0
1428503989856317369	CPU_4	97.18	0	0	0	0	1.40	1.40	0	0	0
1428503990567502600	CPU_4	100.00	0	0	0	0	0	0	0	0	0
1428503991271456231	CPU_4	98.59	0	0	0	0	1.40	0	0	0	0
1428503991971752626	CPU_4	100.00	0	0	0	0	0	0	0	0	0
1428503992685296102	CPU_4	100.00	0	0	0	0	0	0	0	0	0
1428503993387238494	CPU_4	97.18	0	0	0	0	1.40	1.40	0	0	0
1428503994089547635	CPU_4	100.00	0	0	0	0	0	0	0	0	0
1428503994802902157	CPU_4	100.00	0	0	0	0	0	0	0	0	0
1428503995506895420	CPU_4	98.59	0	0	0	0	1.40	0	0	0	0
1428503996216980497	CPU_4	100.00	0	0	0	0	0	0	0	0	0
1428503996920826305	CPU_4	97.22	0	0	0	0	1.38	1.38	0	0	0
1428503997624239615	CPU_4	100.00	0	0	0	0	0	0	0	0	0
1428503998336127981	CPU_4	100.00	0	0	0	0	0	0	0	0	0
1428503999038902254	CPU_4	98.59	0	0	0	0	1.40	0	0	0	0
1428503999760205216	CPU_4	100.00	0	0	0	0	0	0	0	0	0
1428504000462024286	CPU_4	98.59	0	0	0	0	0	1.40	0	0	0
1428504001165301353	CPU_4	98.59	0	0	0	0	1.40	0	0	0	0
1428504001877780056	CPU_4	100.00	0	0	0	0	0	0	0	0	0
1428504002581349749	CPU_4	98.59	0	0	0	0	1.40	0	0	0	0
1428504003282602785	CPU_4	98.57	0	0	0	0	0	1.42	0	0	0
1428504003994600409	CPU_4	100.00	0	0	0	0	0	0	0	0	0
1428504004699800142	CPU_4	98.59	0	0	0	0	1.40	0	0	0	0
1428504005416316379	CPU_4	100.00	0	0	0	0	0	0	0	0	0
1428504006118417291	CPU_4	98.59	0	0	0	0	1.40	0	0	0	0
1428504006823391778	CPU_4	98.59	0	0	0	0	0	1.40	0	0	0
1428504007533480749	CPU_4	100.00	0	0	0	0	0	0	0	0	0
1428504008237589574	CPU_4	98.57	0	0	0	0	1.42	0	0	0	0
1428504008940236447	CPU_4	100.00	0	0	0	0	0	0	0	0	0
1428504009652705872	CPU_4	100.00	0	0	0	0	0	0	0	0	0
1428504010355843079	CPU_4	97.18	0	0	0	0	1.40	1.40	0	0	0
1428504011068244172	CPU_4	100.00	0	0	0	0	0	0	0	0	0
1428504011769704554	CPU_4	98.57	0	0	0	0	1.42	0	0	0	0
1428504012471271645	CPU_4	100.00	0	0	0	0	0	0	0	0	0
1428504013183347951	CPU_4	98.61	0	0	0	0	0	1.38	0	0	0
1428504013885679584	CPU_4	98.57	0	0	0	0	1.42	0	0	0	0
1428504014588172466	CPU_4	100.00	0	0	0	0	0	0	0	0	0
1428504015301248565	CPU_4	98.59	0	0	0	0	1.40	0	0	0	0
1428504016001525707	CPU_4	100.00	0	0	0	0	0	0	0	0	0
1428504016714817724	CPU_4	98.61	0	0	0	0	0	1.38	0	0	0
1428504017417594777	CPU_4	98.57	0	0	0	0	1.42	0	0	0	0
1428504018118475753	CPU_4	100.00	0	0	0	0	0	0	0	0	0
1428504018831030276	CPU_4	100.00	0	0	0	0	0	0	0	0	0
1428504019534845579	CPU_4	98.59	0	0	0	0	1.40	0	0	0	0
1428504020234771854	CPU_4	98.57	0	0	0	0	0	1.42	0	0	0
1428504020948896083	CPU_4	98.61	0	0	0	0	1.38	0	0	0	0
1428504021651781850	CPU_4	100.00	0	0	0	0	0	0	0	0	0
1428504022364914043	CPU_4	100.00	0	0	0	0	0	0	0	0	0
1428504023067592439	CPU_4	98.59	0	0	0	0	1.40	0	0	0	0
1428504023787979193	CPU_4	98.61	0	0	0	0	0	1.38	0	0	0
1428504024546725153	CPU_4	98.66	0	0	0	0	1.33	0	0	0	0
1428504025280411240	CPU_4	100.00	0	0	0	0	0	0	0	0	0
1428504025989766409	CPU_4	100.00	0	0	0	0	0	0	0	0	0
1428504026692615977	CPU_4	97.18	0	0	0	0	1.40	1.40	0	0	0
1428504027397834120	CPU_4	100.00	0	0	0	0	0	0	0	0	0
1428504028109288494	CPU_4	100.00	0	0	0	0	0	0	0	0	0
1428504028814511057	CPU_4	98.59	0	0	0	0	1.40	0	0	0	0
1428504029527731969	CPU_4	100.00	0	0	0	0	0	0	0	0	0
1428504030228755673	CPU_4	97.18	0	0	0	0	1.40	1.40	0	0	0
1428504030934758070	CPU_4	100.00	0	0	0	0	0	0	0	0	0
1428504031649215523	CPU_4	100.00	0	0	0	0	0	0	0	0	0
1428504032352437306	CPU_4	98.57	0	0	0	0	1.42	0	0	0	0
1428504033055920089	CPU_4	98.59	0	0	0	0	0	1.40	0	0	0
1428504033772012165	CPU_4	98.61	0	0	0	0	1.38	0	0	0	0
1428504034481772138	CPU_4	100.00	0	0	0	0	0	0	0	0	0
1428504035194011438	CPU_4	100.00	0	0	0	0	0	0	0	0	0
1428504035898590263	CPU_4	98.59	0	0	0	0	1.40	0	0	0	0
1428504036600705557	CPU_4	98.57	0	0	0	0	0	1.42	0	0	0
1428504037314700479	CPU_4	98.61	0	0	0	0	1.38	0	0	0	0
1428504038018388102	CPU_4	100.00	0	0	0	0	0	0	0	0	0
1428504038733952104	CPU_4	100.00	0	0	0	0	0	0	0	0	0
1428504039446806200	CPU_4	98.61	0	0	0	0	1.38	0	0	0	0
1428504040151045783	CPU_4	98.57	0	0	0	0	0	1.42	0	0	0
1428504040866065582	CPU_4	100.00	0	0	0	0	0	0	0	0	0
1428504041568475965	CPU_4	98.57	0	0	0	0	1.42	0	0	0	0
1428504042272367053	CPU_4	100.00	0	0	0	0	0	0	0	0	0
1428504042986103234	CPU_4	97.22	0	0	0	0	1.38	1.38	0	0	0
1428504043688085789	CPU_4	100.00	0	0	0	0	0	0	0	0	0
1428504044407328913	CPU_4	100.00	0	0	0	0	0	0	0	0	0
1428504045111109588	CPU_4	98.57	0	0	0	0	1.42	0	0	0	0
1428504045813109688	CPU_4	100.00	0	0	0	0	0	0	0	0	0
1428504046527047291	CPU_4	97.22	0	0	0	0	1.38	1.38	0	0	0
1428504047230540762	CPU_4	100.00	0	0	0	0	0	0	0	0	0
1428504047933200279	CPU_4	100.00	0	0	0	0	0	0	0	0	0
1428504048646975886	CPU_4	98.61	0	0	0	0	1.38	0	0	0	0
1428504049356401508	CPU_4	100.00	0	0	0	0	0	0	0	0	0
1428504050070621073	CPU_4	97.26	0	0	0	0	1.36	1.36	0	0	0
1428504050774865173	CPU_4	100.00	0	0	0	0	0	0	0	0	0
1428504051479969729	CPU_4	100.00	0	0	0	0	0	0	0	0	0
1428504052194855128	CPU_4	98.61	0	0	0	0	1.38	0	0	0	0
1428504052898998148	CPU_4	98.57	0	0	0	0	0	1.42	0	0	0
1428504053619354116	CPU_4	100.00	0	0	0	0	0	0	0	0	0
1428504054322940806	CPU_4	98.59	0	0	0	0	1.40	0	0	0	0
1428504055025842457	CPU_4	100.00	0	0	0	0	0	0	0	0	0
1428504055739380867	CPU_4	98.61	0	0	0	0	1.38	0	0	0	0
1428504056444077557	CPU_4	98.59	0	0	0	0	0	1.40	0	0	0
1428504057145579425	CPU_4	100.00	0	0	0	0	0	0	0	0	0
1428504057859705336	CPU_4	98.59	0	0	0	0	1.40	0	0	0	0
1428504058564440403	CPU_4	100.00	0	0	0	0	0	0	0	0	0
1428504059277691319	CPU_4	98.61	0	0	0	0	1.38	0	0	0	0
1428504059982941762	CPU_4	98.59	0	0	0	0	0	1.40	0	0	0
1428504060686826628	CPU_4	100.00	0	0	0	0	0	0	0	0	0
1428504061399437799	CPU_4	98.59	0	0	0	0	1.40	0	0	0	0
1428504062102043712	CPU_4	100.00	0	0	0	0	0	0	0	0	0
1428504062805453707	CPU_4	97.18	0	0	0	0	1.40	1.40	0	0	0
1428504063518994170	CPU_4	100.00	0	0	0	0	0	0	0	0	0
1428504064222738790	CPU_4	100.00	0	0	0	0	0	0	0	0	0
1428504064938500206	CPU_4	98.61	0	0	0	0	1.38	0	0	0	0
1428504065644460822	CPU_4	100.00	0	0	0	0	0	0	0	0	0
1428504066346037911	CPU_4	98.59	0	0	0	0	0	1.40	0	0	0
1428504067061062083	CPU_4	98.61	0	0	0	0	1.38	0	0	0	0
1428504067767097160	CPU_4	100.00	0	0	0	0	0	0	0	0	0
1428504068471500201	CPU_4	98.59	0	0	0	0	1.40	0	0	0	0
1428504069184635840	CPU_4	100.00	0	0	0	0	0	0	0	0	0
1428504069889516132	CPU_4	98.59	0	0	0	0	0	1.40	0	0	0
1428504070601811235	CPU_4	98.61	0	0	0	0	1.38	0	0	0	0
1428504071306697862	CPU_4	100.00	0	0	0	0	0	0	0	0	0
1428504072010665618	CPU_4	98.59	0	0	0	0	1.40	0	0	0	0
1428504072723275556	CPU_4	98.61	0	0	0	0	0	1.38	0	0	0
1428504073427910312	CPU_4	100.00	0	0	0	0	0	0	0	0	0
1428504074143268868	CPU_4	98.61	0	0	0	0	1.38	0	0	0	0
1428504074851031950	CPU_4	100.00	0	0	0	0	0	0	0	0	0
1428504075557105371	CPU_4	98.59	0	0	0	0	1.40	0	0	0	0
1428504076271901348	CPU_4	98.61	0	0	0	0	0	1.38	0	0	0
1428504076979940182	CPU_4	100.00	0	0	0	0	0	0	0	0	0
1428504077684177987	CPU_4	98.59	0	0	0	0	1.40	0	0	0	0
1428504078398359970	CPU_4	100.00	0	0	0	0	0	0	0	0	0
1428504079105959016	CPU_4	100.00	0	0	0	0	0	0	0	0	0
1428504079818764296	CPU_4	97.26	0	0	0	0	1.36	1.36	0	0	0
1428504080524601101	CPU_4	100.00	0	0	0	0	0	0	0	0	0
1428504081229793241	CPU_4	98.57	0	0	0	0	1.42	0	0	0	0
1428504081944579435	CPU_4	100.00	0	0	0	0	0	0	0	0	0
1428504082650850157	CPU_4	98.59	0	0	0	0	0	1.40	0	0	0
1428504083355688052	CPU_4	98.59	0	0	0	0	1.40	0	0	0	0
1428504084069737168	CPU_4	100.00	0	0	0	0	0	0	0	0	0
1428504084774348857	CPU_4	98.59	0	0	0	0	1.40	0	0	0	0
1428504085491193799	CPU_4	100.00	0	0	0	0	0	0	0	0	0
1428504086195445616	CPU_4	98.59	0	0	0	0	0	1.40	0	0	0
1428504086905562207	CPU_4	98.59	0	0	0	0	1.40	0	0	0	0
1428504087622850276	CPU_4	100.00	0	0	0	0	0	0	0	0	0
1428504088328911090	CPU_4	100.00	0	0	0	0	0	0	0	0	0
1428504089046649618	CPU_4	98.61	0	0	0	0	1.38	0	0	0	0
1428504089752067853	CPU_4	98.57	0	0	0	0	0	1.42	0	0	0
1428504090458189503	CPU_4	98.61	0	0	0	0	1.38	0	0	0	0
1428504091172176421	CPU_4	100.00	0	0	0	0	0	0	0	0	0
1428504091878082240	CPU_4	100.00	0	0	0	0	0	0	0	0	0
1428504092584849850	CPU_4	97.18	0	0	0	0	1.40	1.40	0	0	0
1428504093299451894	CPU_4	100.00	0	0	0	0	0	0	0	0	0
1428504094007134169	CPU_4	98.59	0	0	0	0	1.40	0	0	0	0
1428504094721902673	CPU_4	100.00	0	0	0	0	0	0	0	0	0
1428504095424911132	CPU_4	100.00	0	0	0	0	0	0	0	0	0
1428504096132178994	CPU_4	97.22	0	0	0	0	1.38	1.38	0	0	0
1428504096848958078	CPU_4	100.00	0	0	0	0	0	0	0	0	0
1428504097555278571	CPU_4	98.59	0	0	0	0	1.40	0	0	0	0
1428504098275289771	CPU_4	100.00	0	0	0	0	0	0	0	0	0
1428504098988124328	CPU_4	100.00	0	0	0	0	0	0	0	0	0
1428504099699227058	CPU_4	97.22	0	0	0	0	1.38	1.38	0	0	0
1428504100412745616	CPU_4	100.00	0	0	0	0	0	0	0	0	0
1428504101119998652	CPU_4	100.00	0	0	0	0	0	0	0	0	0
1428504101826032901	CPU_4	98.59	0	0	0	0	1.40	0	0	0	0
1428504102541897537	CPU_4	98.59	0	0	0	0	0	1.40	0	0	0
1428504103247500832	CPU_4	98.59	0	0	0	0	1.40	0	0	0	0
1428504103965017256	CPU_4	100.00	0	0	0	0	0	0	0	0	0
1428504104674794831	CPU_4	100.00	0	0	0	0	0	0	0	0	0
1428504105381626624	CPU_4	98.59	0	0	0	0	1.40	0	0	0	0
1428504106098493678	CPU_4	98.61	0	0	0	0	0	1.38	0	0	0
1428504106806975635	CPU_4	98.59	0	0	0	0	1.40	0	0	0	0
1428504107522100405	CPU_4	100.00	0	0	0	0	0	0	0	0	0
1428504108227845289	CPU_4	100.00	0	0	0	0	0	0	0	0	0
1428504108935482501	CPU_4	98.61	0	0	0	0	1.38	0	0	0	0
1428504109651272897	CPU_4	98.59	0	0	0	0	0	1.40	0	0	0
1428504110357951156	CPU_4	98.59	0	0	0	0	1.40	0	0	0	0
1428504111068345446	CPU_4	100.00	0	0	0	0	0	0	0	0	0
1428504111781119312	CPU_4	100.00	0	0	0	0	0	0	0	0	0
1428504112487872532	CPU_4	97.18	0	0	0	0	1.40	1.40	0	0	0
1428504113205142012	CPU_4	100.00	0	0	0	0	0	0	0	0	0
1428504113910126239	CPU_4	100.00	0	0	0	0	0	0	0	0	0
1428504114618020875	CPU_4	98.59	0	0	0	0	1.40	0	0	0	0
1428504115336558978	CPU_4	100.00	0	0	0	0	0	0	0	0	0
1428504116045405737	CPU_4	97.22	0	0	0	0	1.38	1.38	0	0	0
1428504116758834567	CPU_4	100.00	0	0	0	0	0	0	0	0	0
1428504117464301422	CPU_4	100.00	0	0	0	0	0	0	0	0	0
1428504118171349232	CPU_4	98.59	0	0	0	0	1.40	0	0	0	0
1428504118885780769	CPU_4	100.00	0	0	0	0	0	0	0	0	0
1428504119592431916	CPU_4	97.22	0	0	0	0	1.38	1.38	0	0	0
1428504120308229617	CPU_4	100.00	0	0	0	0	0	0	0	0	0
1428504121017595215	CPU_4	100.00	0	0	0	0	0	0	0	0	0
1428504121730840968	CPU_4	98.61	0	0	0	0	1.38	0	0	0	0
1428504122447687503	CPU_4	98.61	0	0	0	0	0	1.38	0	0	0
1428504123157147811	CPU_4	98.59	0	0	0	0	1.40	0	0	0	0
1428504123863262423	CPU_4	100.00	0	0	0	0	0	0	0	0	0
1428504124581789955	CPU_4	100.00	0	0	0	0	0	0	0	0	0
1428504125295960877	CPU_4	98.61	0	0	0	0	1.38	0	0	0	0
1428504126013090082	CPU_4	98.61	0	0	0	0	0	1.38	0	0	0
1428504126721679898	CPU_4	100.00	0	0	0	0	0	0	0	0	0
1428504127429544509	CPU_4	98.59	0	0	0	0	1.40	0	0	0	0
1428504128145017805	CPU_4	100.00	0	0	0	0	0	0	0	0	0
1428504128852044212	CPU_4	98.59	0	0	0	0	1.40	0	0	0	0
1428504129568564007	CPU_4	98.61	0	0	0	0	0	1.38	0	0	0
1428504130276190914	CPU_4	100.00	0	0	0	0	0	0	0	0	0
1428504130983782822	CPU_4	98.59	0	0	0	0	1.40	0	0	0	0
1428504131701360992	CPU_4	100.00	0	0	0	0	0	0	0	0	0
1428504132409752357	CPU_4	97.22	0	0	0	0	1.38	1.38	0	0	0
1428504133117634100	CPU_4	100.00	0	0	0	0	0	0	0	0	0
1428504133833287278	CPU_4	100.00	0	0	0	0	0	0	0	0	0
1428504134541413648	CPU_4	98.57	0	0	0	0	1.42	0	0	0	0
1428504135256911495	CPU_4	100.00	0	0	0	0	0	0	0	0	0
1428504135964801450	CPU_4	97.22	0	0	0	0	1.38	1.38	0	0	0
1428504136675577647	CPU_4	100.00	0	0	0	0	0	0	0	0	0
1428504137393252865	CPU_4	100.00	0	0	0	0	0	0	0	0	0
1428504138101570905	CPU_4	98.59	0	0	0	0	1.40	0	0	0	0
1428504138819067750	CPU_4	100.00	0	0	0	0	0	0	0	0	0
1428504139527919707	CPU_4	97.18	0	0	0	0	1.40	1.40	0	0	0
1428504140235927625	CPU_4	100.00	0	0	0	0	0	0	0	0	0
1428504140954169971	CPU_4	100.00	0	0	0	0	0	0	0	0	0
1428504141668804162	CPU_4	98.61	0	0	0	0	1.38	0	0	0	0
1428504142389454419	CPU_4	98.61	0	0	0	0	0	1.38	0	0	0
1428504143102615367	CPU_4	100.00	0	0	0	0	0	0	0	0	0
1428504143817667893	CPU_4	98.61	0	0	0	0	1.38	0	0	0	0
1428504144564121114	CPU_4	100.00	0	0	0	0	0	0	0	0	0
1428504145269950212	CPU_4	98.59	0	0	0	0	1.40	0	0	0	0
1428504145992117010	CPU_4	98.61	0	0	0	0	0	1.38	0	0	0
1428504146703391885	CPU_4	100.00	0	0	0	0	0	0	0	0	0
1428504147410017317	CPU_4	98.57	0	0	0	0	1.42	0	0	0	0
1428504148127891964	CPU_4	100.00	0	0	0	0	0	0	0	0	0
1428504148834661981	CPU_4	98.61	0	0	0	0	1.38	0	0	0	0
1428504149551018968	CPU_4	98.59	0	0	0	0	0	1.40	0	0	0
1428504150262217639	CPU_4	100.00	0	0	0	0	0	0	0	0	0
1428504150973300603	CPU_4	98.61	0	0	0	0	1.38	0	0	0	0
1428504151692251419	CPU_4	100.00	0	0	0	0	0	0	0	0	0
1428504152397899110	CPU_4	97.18	0	0	0	0	1.40	1.40	0	0	0
1428504153108382453	CPU_4	100.00	0	0	0	0	0	0	0	0	0
1428504153826251441	CPU_4	100.00	0	0	0	0	0	0	0	0	0
1428504154532367384	CPU_4	98.57	0	0	0	0	1.42	0	0	0	0
1428504155250488581	CPU_4	100.00	0	0	0	0	0	0	0	0	0
1428504155957853604	CPU_4	98.59	0	0	0	0	0	1.40	0	0	0
1428504156668221453	CPU_4	98.59	0	0	0	0	1.40	0	0	0	0
1428504157385187198	CPU_4	100.00	0	0	0	0	0	0	0	0	0
1428504158093802970	CPU_4	98.59	0	0	0	0	1.40	0	0	0	0
1428504158810924342	CPU_4	100.00	0	0	0	0	0	0	0	0	0
1428504159521947358	CPU_4	98.59	0	0	0	0	0	1.40	0	0	0
1428504160230495799	CPU_4	98.61	0	0	0	0	1.38	0	0	0	0
1428504160948818920	CPU_4	100.00	0	0	0	0	0	0	0	0	0
1428504161654639247	CPU_4	98.59	0	0	0	0	1.40	0	0	0	0
1428504162362138694	CPU_4	98.59	0	0	0	0	0	1.40	0	0	0
1428504163080708358	CPU_4	100.00	0	0	0	0	0	0	0	0	0
1428504163791341047	CPU_4	98.61	0	0	0	0	1.38	0	0	0	0
1428504164505557810	CPU_4	100.00	0	0	0	0	0	0	0	0	0
1428504165216688166	CPU_4	100.00	0	0	0	0	0	0	0	0	0
1428504165924064493	CPU_4	97.22	0	0	0	0	1.38	1.38	0	0	0
1428504166640869500	CPU_4	100.00	0	0	0	0	0	0	0	0	0
1428504167348345829	CPU_4	98.59	0	0	0	0	1.40	0	0	0	0
1428504168072366149	CPU_4	100.00	0	0	0	0	0	0	0	0	0
1428504168779572313	CPU_4	100.00	0	0	0	0	0	0	0	0	0
1428504169487350976	CPU_4	97.18	0	0	0	0	1.40	1.40	0	0	0
1428504170206706146	CPU_4	100.00	0	0	0	0	0	0	0	0	0
1428504170917062345	CPU_4	98.59	0	0	0	0	1.40	0	0	0	0
1428504171626420423	CPU_4	100.00	0	0	0	0	0	0	0	0	0
1428504172345488180	CPU_4	98.61	0	0	0	0	0	1.38	0	0	0
1428504173053008765	CPU_4	98.59	0	0	0	0	1.40	0	0	0	0
1428504173770887111	CPU_4	100.00	0	0	0	0	0	0	0	0	0
1428504174479247112	CPU_4	98.59	0	0	0	0	1.40	0	0	0	0
1428504175190436563	CPU_4	100.00	0	0	0	0	0	0	0	0	0
1428504175906034918	CPU_4	98.61	0	0	0	0	0	1.38	0	0	0
1428504176615425502	CPU_4	98.59	0	0	0	0	1.40	0	0	0	0
1428504177334248432	CPU_4	100.00	0	0	0	0	0	0	0	0	0
1428504178045034388	CPU_4	100.00	0	0	0	0	0	0	0	0	0
1428504178752702604	CPU_4	97.22	0	0	0	0	1.38	1.38	0	0	0
1428504179470551374	CPU_4	100.00	0	0	0	0	0	0	0	0	0
1428504180180090711	CPU_4	98.61	0	0	0	0	1.38	0	0	0	0
1428504180896061737	CPU_4	100.00	0	0	0	0	0	0	0	0	0
1428504181614329383	CPU_4	100.00	0	0	0	0	0	0	0	0	0
1428504182324042805	CPU_4	97.22	0	0	0	0	1.38	1.38	0	0	0
1428504183042815326	CPU_4	100.00	0	0	0	0	0	0	0	0	0
1428504183757587818	CPU_4	98.61	0	0	0	0	1.38	0	0	0	0
1428504184466548287	CPU_4	100.00	0	0	0	0	0	0	0	0	0
1428504185186317849	CPU_4	100.00	0	0	0	0	0	0	0	0	0
1428504185894012073	CPU_4	97.22	0	0	0	0	1.38	1.38	0	0	0
1428504186614034136	CPU_4	100.00	0	0	0	0	0	0	0	0	0
1428504187324645687	CPU_4	98.61	0	0	0	0	1.38	0	0	0	0
1428504188030611044	CPU_4	100.00	0	0	0	0	0	0	0	0	0
1428504188750911275	CPU_4	98.61	0	0	0	0	0	1.38	0	0	0
1428504189459009877	CPU_4	98.61	0	0	0	0	1.38	0	0	0	0
1428504190181131813	CPU_4	100.00	0	0	0	0	0	0	0	0	0
1428504190887696838	CPU_4	100.00	0	0	0	0	0	0	0	0	0
1428504191597555812	CPU_4	98.61	0	0	0	0	1.38	0	0	0	0
1428504192316234344	CPU_4	98.61	0	0	0	0	0	1.38	0	0	0
1428504193023436828	CPU_4	98.59	0	0	0	0	1.40	0	0	0	0
1428504193747923761	CPU_4	100.00	0	0	0	0	0	0	0	0	0
1428504194455213205	CPU_4	100.00	0	0	0	0	0	0	0	0	0
1428504195164133102	CPU_4	98.61	0	0	0	0	1.38	0	0	0	0
1428504195884390717	CPU_4	98.61	0	0	0	0	0	1.38	0	0	0
1428504196593765324	CPU_4	98.59	0	0	0	0	1.40	0	0	0	0
1428504197306002131	CPU_4	100.00	0	0	0	0	0	0	0	0	0
1428504198023406839	CPU_4	100.00	0	0	0	0	0	0	0	0	0
1428504198733293988	CPU_4	97.22	0	0	0	0	1.38	1.38	0	0	0
1428504199454069606	CPU_4	100.00	0	0	0	0	0	0	0	0	0
1428504200161056306	CPU_4	100.00	0	0	0	0	0	0	0	0	0
1428504200870859167	CPU_4	98.59	0	0	0	0	1.40	0	0	0	0
1428504201589051169	CPU_4	100.00	0	0	0	0	0	0	0	0	0
1428504202297395327	CPU_4	97.18	0	0	0	0	1.40	1.40	0	0	0
1428504203015839329	CPU_4	100.00	0	0	0	0	0	0	0	0	0
1428504203726512649	CPU_4	100.00	0	0	0	0	0	0	0	0	0
1428504204437127718	CPU_4	98.61	0	0	0	0	1.38	0	0	0	0
1428504205153253564	CPU_4	100.00	0	0	0	0	0	0	0	0	0
1428504205863780136	CPU_4	97.22	0	0	0	0	1.38	1.38	0	0	0
1428504206583802430	CPU_4	100.00	0	0	0	0	0	0	0	0	0
1428504207293108090	CPU_4	100.00	0	0	0	0	0	0	0	0	0
1428504208002620459	CPU_4	98.59	0	0	0	0	1.40	0	0	0	0
1428504208722073466	CPU_4	98.61	0	0	0	0	0	1.38	0	0	0
1428504209432047960	CPU_4	98.61	0	0	0	0	1.38	0	0	0	0
1428504210148175228	CPU_4	100.00	0	0	0	0	0	0	0	0	0
1428504210863269416	CPU_4	100.00	0	0	0	0	0	0	0	0	0
1428504211640582794	CPU_4	98.71	0	0	0	0	1.28	0	0	0	0
1428504212360256846	CPU_4	98.61	0	0	0	0	0	1.38	0	0	0
1428504213069598221	CPU_4	98.61	0	0	0	0	1.38	0	0	0	0
1428504213798104456	CPU_4	100.00	0	0	0	0	0	0	0	0	0
1428504214509172869	CPU_4	100.00	0	0	0	0	0	0	0	0	0
1428504215247806075	CPU_4	97.29	0	0	0	0	1.35	1.35	0	0	0
1428504215965472136	CPU_4	100.00	0	0	0	0	0	0	0	0	0
1428504216674536558	CPU_4	100.00	0	0	0	0	0	0	0	0	0
1428504217396144693	CPU_4	98.61	0	0	0	0	1.38	0	0	0	0
1428504218103523037	CPU_4	100.00	0	0	0	0	0	0	0	0	0
1428504218814650455	CPU_4	97.22	0	0	0	0	1.38	1.38	0	0	0
1428504219533327475	CPU_4	100.00	0	0	0	0	0	0	0	0	0
1428504220259339183	CPU_4	100.00	0	0	0	0	0	0	0	0	0
1428504220982391859	CPU_4	98.61	0	0	0	0	1.38	0	0	0	0
1428504221693018031	CPU_4	100.00	0	0	0	0	0	0	0	0	0
1428504222404383577	CPU_4	97.22	0	0	0	0	1.38	1.38	0	0	0
1428504223121390857	CPU_4	100.00	0	0	0	0	0	0	0	0	0
1428504223832548488	CPU_4	100.00	0	0	0	0	0	0	0	0	0
1428504224542634373	CPU_4	98.59	0	0	0	0	1.40	0	0	0	0
1428504225289624274	CPU_4	98.66	0	0	0	0	0	1.33	0	0	0
1428504225998280373	CPU_4	98.61	0	0	0	0	1.38	0	0	0	0
1428504226719726519	CPU_4	100.00	0	0	0	0	0	0	0	0	0
1428504227431180236	CPU_4	100.00	0	0	0	0	0	0	0	0	0
1428504228143385827	CPU_4	98.59	0	0	0	0	1.40	0	0	0	0
1428504228858339994	CPU_4	98.61	0	0	0	0	0	1.38	0	0	0
1428504229568478343	CPU_4	100.00	0	0	0	0	0	0	0	0	0
1428504230302384997	CPU_4	98.63	0	0	0	0	1.36	0	0	0	0
1428504231010285978	CPU_4	100.00	0	0	0	0	0	0	0	0	0
1428504231728220973	CPU_4	97.22	0	0	0	0	1.38	1.38	0	0	0
1428504232444791264	CPU_4	100.00	0	0	0	0	0	0	0	0	0
1428504233153423079	CPU_4	100.00	0	0	0	0	0	0	0	0	0
1428504233873320653	CPU_4	98.61	0	0	0	0	1.38	0	0	0	0
1428504234583902631	CPU_4	100.00	0	0	0	0	0	0	0	0	0
1428504235329431423	CPU_4	97.33	0	0	0	0	1.33	1.33	0	0	0
1428504236042256062	CPU_4	100.00	0	0	0	0	0	0	0	0	0
1428504236764871089	CPU_4	100.00	0	0	0	0	0	0	0	0	0
1428504237562212939	CPU_4	98.76	0	0	0	0	1.23	0	0	0	0
1428504238271565882	CPU_4	98.59	0	0	0	0	0	1.40	0	0	0
1428504238993967954	CPU_4	98.63	0	0	0	0	1.36	0	0	0	0
1428504239701812695	CPU_4	100.00	0	0	0	0	0	0	0	0	0
1428504240430030669	CPU_4	100.00	0	0	0	0	0	0	0	0	0
1428504241147877132	CPU_4	98.61	0	0	0	0	1.38	0	0	0	0
1428504241898780206	CPU_4	98.63	0	0	0	0	0	1.36	0	0	0
1428504242625251062	CPU_4	98.66	0	0	0	0	1.33	0	0	0	0
1428504243335446383	CPU_4	100.00	0	0	0	0	0	0	0	0	0
1428504244045019540	CPU_4	100.00	0	0	0	0	0	0	0	0	0
1428504244765247833	CPU_4	98.61	0	0	0	0	1.38	0	0	0	0
1428504245506092983	CPU_4	98.66	0	0	0	0	0	1.33	0	0	0
1428504246225369614	CPU_4	98.61	0	0	0	0	1.38	0	0	0	0
1428504246944593996	CPU_4	100.00	0	0	0	0	0	0	0	0	0
1428504247653834074	CPU_4	100.00	0	0	0	0	0	0	0	0	0
1428504248370582631	CPU_4	97.26	0	0	0	0	1.36	1.36	0	0	0
1428504249080926416	CPU_4	100.00	0	0	0	0	0	0	0	0	0
1428504249801648338	CPU_4	98.61	0	0	0	0	1.38	0	0	0	0
1428504250511236794	CPU_4	100.00	0	0	0	0	0	0	0	0	0
1428504251221847705	CPU_4	100.00	0	0	0	0	0	0	0	0	0
1428504251983311384	CPU_4	97.33	0	0	0	0	1.33	1.33	0	0	0
1428504252722129131	CPU_4	100.00	0	0	0	0	0	0	0	0	0
1428504253440650897	CPU_4	98.61	0	0	0	0	1.38	0	0	0	0
1428504254151187770	CPU_4	100.00	0	0	0	0	0	0	0	0	0
1428504254876572725	CPU_4	98.63	0	0	0	0	0	1.36	0	0	0
1428504255585100438	CPU_4	98.59	0	0	0	0	1.40	0	0	0	0
1428504256295089273	CPU_4	100.00	0	0	0	0	0	0	0	0	0
1428504257016143535	CPU_4	98.63	0	0	0	0	1.36	0	0	0	0
1428504257727551867	CPU_4	100.00	0	0	0	0	0	0	0	0	0
1428504258435447002	CPU_4	98.59	0	0	0	0	0	1.40	0	0	0
1428504259156498016	CPU_4	98.61	0	0	0	0	1.38	0	0	0	0
1428504259867187186	CPU_4	100.00	0	0	0	0	0	0	0	0	0
1428504260584005172	CPU_4	100.00	0	0	0	0	0	0	0	0	0
1428504261310654380	CPU_4	97.29	0	0	0	0	1.35	1.35	0	0	0
1428504262067192585	CPU_4	100.00	0	0	0	0	0	0	0	0	0
1428504262782793410	CPU_4	98.64	0	0	0	0	1.35	0	0	0	0
1428504263491192132	CPU_4	100.00	0	0	0	0	0	0	0	0	0
1428504264216765679	CPU_4	100.00	0	0	0	0	0	0	0	0	0
1428504264932440006	CPU_4	97.26	0	0	0	0	1.36	1.36	0	0	0
1428504265645541300	CPU_4	100.00	0	0	0	0	0	0	0	0	0
1428504266362353084	CPU_4	98.59	0	0	0	0	1.40	0	0	0	0
1428504267111228191	CPU_4	100.00	0	0	0	0	0	0	0	0	0
1428504267831596966	CPU_4	98.64	0	0	0	0	0	1.35	0	0	0
1428504268544133514	CPU_4	98.61	0	0	0	0	1.38	0	0	0	0
1428504269255742024	CPU_4	100.00	0	0	0	0	0	0	0	0	0
1428504269975229511	CPU_4	98.61	0	0	0	0	1.38	0	0	0	0
1428504270686996689	CPU_4	100.00	0	0	0	0	0	0	0	0	0
1428504271406487219	CPU_4	98.61	0	0	0	0	0	1.38	0	0	0
1428504272118857355	CPU_4	98.61	0	0	0	0	1.38	0	0	0	0
1428504272829680662	CPU_4	100.00	0	0	0	0	0	0	0	0	0
1428504273551987854	CPU_4	98.61	0	0	0	0	1.38	0	0	0	0
1428504274261323208	CPU_4	100.00	0	0	0	0	0	0	0	0	0
1428504274981940031	CPU_4	98.61	0	0	0	0	0	1.38	0	0	0
1428504275692845132	CPU_4	98.61	0	0	0	0	1.38	0	0	0	0
1428504276400969618	CPU_4	100.00	0	0	0	0	0	0	0	0	0
1428504277124721642	CPU_4	100.00	0	0	0	0	0	0	0	0	0
1428504277836011411	CPU_4	97.22	0	0	0	0	1.38	1.38	0	0	0
1428504278556629904	CPU_4	100.00	0	0	0	0	0	0	0	0	0
1428504279268086715	CPU_4	98.59	0	0	0	0	1.40	0	0	0	0
1428504279978840238	CPU_4	100.00	0	0	0	0	0	0	0	0	0
1428504280699706941	CPU_4	100.00	0	0	0	0	0	0	0	0	0
1428504281409550509	CPU_4	97.22	0	0	0	0	1.38	1.38	0	0	0
1428504282137864608	CPU_4	100.00	0	0	0	0	0	0	0	0	0
1428504282848213801	CPU_4	98.59	0	0	0	0	1.40	0	0	0	0
1428504283562073944	CPU_4	100.00	0	0	0	0	0	0	0	0	0
1428504284283326774	CPU_4	98.63	0	0	0	0	0	1.36	0	0	0
1428504284994633174	CPU_4	98.59	0	0	0	0	1.40	0	0	0	0
1428504285721304990	CPU_4	100.00	0	0	0	0	0	0	0	0	0
1428504286429408527	CPU_4	98.59	0	0	0	0	1.40	0	0	0	0
1428504287143108256	CPU_4	100.00	0	0	0	0	0	0	0	0	0
1428504287864598922	CPU_4	98.61	0	0	0	0	0	1.38	0	0	0
1428504288576128368	CPU_4	98.59	0	0	0	0	1.40	0	0	0	0
1428504289293334297	CPU_4	100.00	0	0	0	0	0	0	0	0	0
1428504290010962518	CPU_4	98.61	0	0	0	0	1.38	0	0	0	0
1428504290723780004	CPU_4	100.00	0	0	0	0	0	0	0	0	0
1428504291443240762	CPU_4	98.59	0	0	0	0	0	1.40	0	0	0
1428504292154746003	CPU_4	98.61	0	0	0	0	1.38	0	0	0	0
1428504292866588368	CPU_4	100.00	0	0	0	0	0	0	0	0	0
1428504293587103709	CPU_4	100.00	0	0	0	0	0	0	0	0	0
1428504294299494282	CPU_4	97.26	0	0	0	0	1.36	1.36	0	0	0
1428504295020552206	CPU_4	100.00	0	0	0	0	0	0	0	0	0
1428504295733175197	CPU_4	98.61	0	0	0	0	1.38	0	0	0	0
1428504296442714989	CPU_4	100.00	0	0	0	0	0	0	0	0	0
1428504297165116244	CPU_4	100.00	0	0	0	0	0	0	0	0	0
1428504297881385268	CPU_4	97.26	0	0	0	0	1.36	1.36	0	0	0
1428504298602185905	CPU_4	100.00	0	0	0	0	0	0	0	0	0
1428504299313537611	CPU_4	98.61	0	0	0	0	1.38	0	0	0	0
1428504300025510732	CPU_4	100.00	0	0	0	0	0	0	0	0	0
1428504300745631081	CPU_4	98.63	0	0	0	0	0	1.36	0	0	0
1428504301456826998	CPU_4	98.59	0	0	0	0	1.40	0	0	0	0
1428504302176785931	CPU_4	100.00	0	0	0	0	0	0	0	0	0
1428504302893965541	CPU_4	98.61	0	0	0	0	1.38	0	0	0	0
1428504303606000749	CPU_4	100.00	0	0	0	0	0	0	0	0	0
1428504304328340678	CPU_4	98.63	0	0	0	0	0	1.36	0	0	0
1428504305039243390	CPU_4	98.61	0	0	0	0	1.38	0	0	0	0
1428504305762414360	CPU_4	100.00	0	0	0	0	0	0	0	0	0
1428504306471516163	CPU_4	98.59	0	0	0	0	1.40	0	0	0	0
1428504307184624496	CPU_4	100.00	0	0	0	0	0	0	0	0	0
1428504307907642259	CPU_4	98.61	0	0	0	0	0	1.38	0	0	0
1428504308617098396	CPU_4	98.59	0	0	0	0	1.40	0	0	0	0
1428504309338156875	CPU_4	100.00	0	0	0	0	0	0	0	0	0
1428504310049274425	CPU_4	98.59	0	0	0	0	1.40	0	0	0	0
1428504310762979635	CPU_4	98.61	0	0	0	0	0	1.38	0	0	0
1428504311482719036	CPU_4	100.00	0	0	0	0	0	0	0	0	0
1428504312194419753	CPU_4	98.61	0	0	0	0	1.38	0	0	0	0
1428504312915961859	CPU_4	100.00	0	0	0	0	0	0	0	0	0
1428504313625671416	CPU_4	100.00	0	0	0	0	0	0	0	0	0
1428504314337999175	CPU_4	97.22	0	0	0	0	1.38	1.38	0	0	0
1428504315059076409	CPU_4	100.00	0	0	0	0	0	0	0	0	0
1428504315776105239	CPU_4	98.61	0	0	0	0	1.38	0	0	0	0
1428504316503089458	CPU_4	100.00	0	0	0	0	0	0	0	0	0
1428504317214747304	CPU_4	98.61	0	0	0	0	0	1.38	0	0	0
1428504317927091816	CPU_4	98.59	0	0	0	0	1.40	0	0	0	0
1428504318645324478	CPU_4	100.00	0	0	0	0	0	0	0	0	0
1428504319358124990	CPU_4	98.59	0	0	0	0	1.40	0	0	0	0
1428504320074260784	CPU_4	100.00	0	0	0	0	0	0	0	0	0
1428504320791787951	CPU_4	98.61	0	0	0	0	0	1.38	0	0	0
1428504321501160432	CPU_4	98.61	0	0	0	0	1.38	0	0	0	0
1428504322223553211	CPU_4	100.00	0	0	0	0	0	0	0	0	0
1428504322935708311	CPU_4	100.00	0	0	0	0	0	0	0	0	0
1428504323647535246	CPU_4	98.61	0	0	0	0	1.38	0	0	0	0
1428504324370080943	CPU_4	98.61	0	0	0	0	0	1.38	0	0	0
1428504325082750335	CPU_4	98.61	0	0	0	0	1.38	0	0	0	0
1428504325805295700	CPU_4	100.00	0	0	0	0	0	0	0	0	0
1428504326515714308	CPU_4	100.00	0	0	0	0	0	0	0	0	0
1428504327227632329	CPU_4	97.22	0	0	0	0	1.38	1.38	0	0	0
1428504327949836697	CPU_4	100.00	0	0	0	0	0	0	0	0	0
1428504328660567473	CPU_4	98.59	0	0	0	0	1.40	0	0	0	0
1428504329371680165	CPU_4	63.38	0	1.40	35.21	0	0	0	0	0	0
