#Timestamp	CPU_ID	user%	nice%	sys%	idle%	iowait%	irq%	softiq%	steal%	guest%	guest_nice%
1428519992206513206	CPU_4	86.88	0	8.19	1.63	0	1.63	1.63	0	0	0
1428519992900101006	CPU_4	98.57	0	0	0	0	1.42	0	0	0	0
1428519993610793803	CPU_4	100.00	0	0	0	0	0	0	0	0	0
1428519994308040926	CPU_4	97.14	0	0	0	0	1.42	1.42	0	0	0
1428519995006948379	CPU_4	98.57	0	0	0	0	1.42	0	0	0	0
1428519995715966555	CPU_4	100.00	0	0	0	0	0	0	0	0	0
1428519996416629462	CPU_4	97.18	0	0	0	0	1.40	1.40	0	0	0
1428519997115817414	CPU_4	98.55	0	0	0	0	1.44	0	0	0	0
1428519997826375753	CPU_4	100.00	0	0	0	0	0	0	0	0	0
1428519998524912290	CPU_4	97.18	0	0	0	0	1.40	1.40	0	0	0
1428519999235706046	CPU_4	98.57	0	0	0	0	1.42	0	0	0	0
1428519999940230651	CPU_4	100.00	0	0	0	0	0	0	0	0	0
1428520000642833261	CPU_4	97.18	0	0	0	0	1.40	1.40	0	0	0
1428520001351709689	CPU_4	100.00	0	0	0	0	0	0	0	0	0
1428520002052088596	CPU_4	97.18	0	0	0	0	1.40	1.40	0	0	0
1428520002755366080	CPU_4	98.59	0	0	0	0	1.40	0	0	0	0
1428520003464239091	CPU_4	100.00	0	0	0	0	0	0	0	0	0
1428520004163466418	CPU_4	97.14	0	0	0	0	1.42	1.42	0	0	0
1428520004871811555	CPU_4	98.59	0	0	0	0	1.40	0	0	0	0
1428520005574435083	CPU_4	100.00	0	0	0	0	0	0	0	0	0
1428520006276143904	CPU_4	97.18	0	0	0	0	1.40	1.40	0	0	0
1428520006988116949	CPU_4	98.59	0	0	0	0	1.40	0	0	0	0
1428520007687481026	CPU_4	100.00	0	0	0	0	0	0	0	0	0
1428520008391016884	CPU_4	97.18	0	0	0	0	1.40	1.40	0	0	0
1428520009103437012	CPU_4	98.61	0	0	0	0	1.38	0	0	0	0
1428520009802093841	CPU_4	100.00	0	0	0	0	0	0	0	0	0
1428520010503276831	CPU_4	97.22	0	0	0	0	1.38	1.38	0	0	0
1428520011215013251	CPU_4	98.59	0	0	0	0	1.40	0	0	0	0
1428520011914956453	CPU_4	100.00	0	0	0	0	0	0	0	0	0
1428520012626159458	CPU_4	97.22	0	0	0	0	1.38	1.38	0	0	0
1428520013328022155	CPU_4	100.00	0	0	0	0	0	0	0	0	0
1428520014027918481	CPU_4	98.55	0	0	0	0	1.44	0	0	0	0
1428520014743088269	CPU_4	97.26	0	0	0	0	1.36	1.36	0	0	0
1428520015443829718	CPU_4	100.00	0	0	0	0	0	0	0	0	0
1428520016143806878	CPU_4	98.57	0	0	0	0	1.42	0	0	0	0
1428520016856795338	CPU_4	97.22	0	0	0	0	1.38	1.38	0	0	0
1428520017558580535	CPU_4	100.00	0	0	0	0	0	0	0	0	0
1428520018270074207	CPU_4	98.61	0	0	0	0	1.38	0	0	0	0
1428520018972272611	CPU_4	97.14	0	0	0	0	1.42	1.42	0	0	0
1428520019674551473	CPU_4	100.00	0	0	0	0	0	0	0	0	0
1428520020385984354	CPU_4	98.59	0	0	0	0	1.40	0	0	0	0
1428520021088281300	CPU_4	97.18	0	0	0	0	1.40	1.40	0	0	0
1428520021791949784	CPU_4	100.00	0	0	0	0	0	0	0	0	0
1428520022503003541	CPU_4	98.61	0	0	0	0	1.38	0	0	0	0
1428520023205362945	CPU_4	97.18	0	0	0	0	1.40	1.40	0	0	0
1428520023920637566	CPU_4	100.00	0	0	0	0	0	0	0	0	0
1428520024620555519	CPU_4	97.18	0	0	0	0	1.40	1.40	0	0	0
1428520025323955212	CPU_4	100.00	0	0	0	0	0	0	0	0	0
1428520026041108495	CPU_4	98.59	0	0	0	0	1.40	0	0	0	0
1428520026752155961	CPU_4	97.22	0	0	0	0	1.38	1.38	0	0	0
1428520027458312356	CPU_4	100.00	0	0	0	0	0	0	0	0	0
1428520028165584331	CPU_4	98.59	0	0	0	0	1.40	0	0	0	0
1428520028870435480	CPU_4	97.18	0	0	0	0	1.40	1.40	0	0	0
1428520029582446860	CPU_4	100.00	0	0	0	0	0	0	0	0	0
1428520030286478885	CPU_4	98.57	0	0	0	0	1.42	0	0	0	0
1428520030992153323	CPU_4	97.18	0	0	0	0	1.40	1.40	0	0	0
1428520031703281414	CPU_4	100.00	0	0	0	0	0	0	0	0	0
1428520032407548897	CPU_4	98.57	0	0	0	0	1.42	0	0	0	0
1428520033129919251	CPU_4	97.26	0	0	0	0	1.36	1.36	0	0	0
1428520033832479156	CPU_4	100.00	0	0	0	0	0	0	0	0	0
1428520034537057972	CPU_4	98.57	0	0	0	0	1.42	0	0	0	0
1428520035250565015	CPU_4	97.22	0	0	0	0	1.38	1.38	0	0	0
1428520035951806507	CPU_4	100.00	0	0	0	0	0	0	0	0	0
1428520036656854530	CPU_4	98.59	0	0	0	0	1.40	0	0	0	0
1428520037371466779	CPU_4	97.22	0	0	0	0	1.38	1.38	0	0	0
1428520038072659979	CPU_4	100.00	0	0	0	0	0	0	0	0	0
1428520038788174268	CPU_4	98.63	0	0	0	0	1.36	0	0	0	0
1428520039490488007	CPU_4	98.57	0	0	0	0	0	1.42	0	0	0
1428520040192226914	CPU_4	98.55	0	0	0	0	1.44	0	0	0	0
1428520040905822707	CPU_4	98.61	0	0	0	0	1.38	0	0	0	0
1428520041612266103	CPU_4	98.59	0	0	0	0	0	1.40	0	0	0
1428520042314651133	CPU_4	98.57	0	0	0	0	1.42	0	0	0	0
1428520043028096594	CPU_4	98.61	0	0	0	0	1.38	0	0	0	0
1428520043731999663	CPU_4	98.57	0	0	0	0	0	1.42	0	0	0
1428520044447930367	CPU_4	98.59	0	0	0	0	1.40	0	0	0	0
1428520045149521150	CPU_4	97.18	0	0	0	0	1.40	1.40	0	0	0
1428520045854667632	CPU_4	100.00	0	0	0	0	0	0	0	0	0
1428520046569515548	CPU_4	98.61	0	0	0	0	1.38	0	0	0	0
1428520047271964871	CPU_4	97.14	0	0	0	0	1.42	1.42	0	0	0
1428520047982395173	CPU_4	100.00	0	0	0	0	0	0	0	0	0
1428520048691972353	CPU_4	98.61	0	0	0	0	1.38	0	0	0	0
1428520049393542719	CPU_4	97.18	0	0	0	0	1.40	1.40	0	0	0
1428520050110456505	CPU_4	100.00	0	0	0	0	0	0	0	0	0
1428520050818124440	CPU_4	98.59	0	0	0	0	1.40	0	0	0	0
1428520051521031553	CPU_4	97.14	0	0	0	0	1.42	1.42	0	0	0
1428520052235954719	CPU_4	100.00	0	0	0	0	0	0	0	0	0
1428520052942244282	CPU_4	98.59	0	0	0	0	1.40	0	0	0	0
1428520053656980407	CPU_4	97.22	0	0	0	0	1.38	1.38	0	0	0
1428520054362167265	CPU_4	100.00	0	0	0	0	0	0	0	0	0
1428520055066886166	CPU_4	98.59	0	0	0	0	1.40	0	0	0	0
1428520055781932707	CPU_4	98.61	0	0	0	0	0	1.38	0	0	0
1428520056487348523	CPU_4	98.57	0	0	0	0	1.42	0	0	0	0
1428520057192844005	CPU_4	98.59	0	0	0	0	1.40	0	0	0	0
1428520057911490495	CPU_4	98.61	0	0	0	0	0	1.38	0	0	0
1428520058614913692	CPU_4	98.57	0	0	0	0	1.42	0	0	0	0
1428520059330120732	CPU_4	98.61	0	0	0	0	1.38	0	0	0	0
1428520060036649546	CPU_4	98.57	0	0	0	0	0	1.42	0	0	0
1428520060740065367	CPU_4	98.57	0	0	0	0	1.42	0	0	0	0
1428520061455689199	CPU_4	98.61	0	0	0	0	1.38	0	0	0	0
1428520062161097723	CPU_4	98.59	0	0	0	0	0	1.40	0	0	0
1428520062880707336	CPU_4	98.59	0	0	0	0	1.40	0	0	0	0
1428520063586607360	CPU_4	97.22	0	0	0	0	1.38	1.38	0	0	0
1428520064291764302	CPU_4	100.00	0	0	0	0	0	0	0	0	0
1428520065006972927	CPU_4	98.59	0	0	0	0	1.40	0	0	0	0
1428520065715802901	CPU_4	97.22	0	0	0	0	1.38	1.38	0	0	0
1428520066421470800	CPU_4	100.00	0	0	0	0	0	0	0	0	0
1428520067138827461	CPU_4	98.59	0	0	0	0	1.40	0	0	0	0
1428520067843207906	CPU_4	97.22	0	0	0	0	1.38	1.38	0	0	0
1428520068558597655	CPU_4	100.00	0	0	0	0	0	0	0	0	0
1428520069265488593	CPU_4	98.57	0	0	0	0	1.42	0	0	0	0
1428520069968967415	CPU_4	97.18	0	0	0	0	1.40	1.40	0	0	0
1428520070687923864	CPU_4	100.00	0	0	0	0	0	0	0	0	0
1428520071394374637	CPU_4	98.59	0	0	0	0	1.40	0	0	0	0
1428520072103227320	CPU_4	98.59	0	0	0	0	0	1.40	0	0	0
1428520072814009873	CPU_4	98.59	0	0	0	0	1.40	0	0	0	0
1428520073520452521	CPU_4	98.59	0	0	0	0	1.40	0	0	0	0
1428520074234384817	CPU_4	98.59	0	0	0	0	0	1.40	0	0	0
1428520074941076089	CPU_4	98.57	0	0	0	0	1.42	0	0	0	0
1428520075646303073	CPU_4	98.59	0	0	0	0	1.40	0	0	0	0
1428520076363345694	CPU_4	98.61	0	0	0	0	0	1.38	0	0	0
1428520077068035347	CPU_4	98.57	0	0	0	0	1.42	0	0	0	0
1428520077786768839	CPU_4	98.61	0	0	0	0	1.38	0	0	0	0
1428520078494349692	CPU_4	98.59	0	0	0	0	0	1.40	0	0	0
1428520079198076098	CPU_4	98.59	0	0	0	0	1.40	0	0	0	0
1428520079915405551	CPU_4	97.22	0	0	0	0	1.38	1.38	0	0	0
1428520080621284243	CPU_4	100.00	0	0	0	0	0	0	0	0	0
1428520081324474066	CPU_4	98.57	0	0	0	0	1.42	0	0	0	0
1428520082040343108	CPU_4	97.22	0	0	0	0	1.38	1.38	0	0	0
1428520082746524382	CPU_4	100.00	0	0	0	0	0	0	0	0	0
1428520083458372975	CPU_4	98.61	0	0	0	0	1.38	0	0	0	0
1428520084163035545	CPU_4	97.18	0	0	0	0	1.40	1.40	0	0	0
1428520084870171650	CPU_4	100.00	0	0	0	0	0	0	0	0	0
1428520085583483573	CPU_4	98.59	0	0	0	0	1.40	0	0	0	0
1428520086289043933	CPU_4	98.59	0	0	0	0	0	1.40	0	0	0
1428520087014115951	CPU_4	98.61	0	0	0	0	1.38	0	0	0	0
1428520087723229676	CPU_4	98.59	0	0	0	0	1.40	0	0	0	0
1428520088428940202	CPU_4	98.59	0	0	0	0	0	1.40	0	0	0
1428520089144880618	CPU_4	98.59	0	0	0	0	1.40	0	0	0	0
1428520089851116435	CPU_4	98.59	0	0	0	0	1.40	0	0	0	0
1428520090556956752	CPU_4	98.57	0	0	0	0	0	1.42	0	0	0
1428520091272637461	CPU_4	98.59	0	0	0	0	1.40	0	0	0	0
1428520091980252358	CPU_4	98.61	0	0	0	0	1.38	0	0	0	0
1428520092693907822	CPU_4	98.59	0	0	0	0	0	1.40	0	0	0
1428520093401000303	CPU_4	98.57	0	0	0	0	1.42	0	0	0	0
1428520094106904829	CPU_4	98.59	0	0	0	0	1.40	0	0	0	0
1428520094823030579	CPU_4	98.61	0	0	0	0	0	1.38	0	0	0
1428520095529784686	CPU_4	98.59	0	0	0	0	1.40	0	0	0	0
1428520096238281914	CPU_4	97.18	0	0	0	0	1.40	1.40	0	0	0
1428520096958020193	CPU_4	100.00	0	0	0	0	0	0	0	0	0
1428520097662920946	CPU_4	98.57	0	0	0	0	1.42	0	0	0	0
1428520098379244460	CPU_4	97.22	0	0	0	0	1.38	1.38	0	0	0
1428520099086760913	CPU_4	100.00	0	0	0	0	0	0	0	0	0
1428520099790924958	CPU_4	98.59	0	0	0	0	1.40	0	0	0	0
1428520100508174761	CPU_4	97.22	0	0	0	0	1.38	1.38	0	0	0
1428520101214753550	CPU_4	100.00	0	0	0	0	0	0	0	0	0
1428520101934687138	CPU_4	98.61	0	0	0	0	1.38	0	0	0	0
1428520102641587010	CPU_4	98.59	0	0	0	0	0	1.40	0	0	0
1428520103350879833	CPU_4	98.59	0	0	0	0	1.40	0	0	0	0
1428520104074769994	CPU_4	98.61	0	0	0	0	1.38	0	0	0	0
1428520104783416862	CPU_4	98.59	0	0	0	0	0	1.40	0	0	0
1428520105492166354	CPU_4	98.57	0	0	0	0	1.42	0	0	0	0
1428520106209247116	CPU_4	98.63	0	0	0	0	1.36	0	0	0	0
1428520106917712026	CPU_4	98.57	0	0	0	0	0	1.42	0	0	0
1428520107637796655	CPU_4	98.61	0	0	0	0	1.38	0	0	0	0
1428520108345792941	CPU_4	98.59	0	0	0	0	1.40	0	0	0	0
1428520109051420192	CPU_4	98.59	0	0	0	0	0	1.40	0	0	0
1428520109793301390	CPU_4	98.64	0	0	0	0	1.35	0	0	0	0
1428520110501352051	CPU_4	98.59	0	0	0	0	1.40	0	0	0	0
1428520111218518397	CPU_4	98.61	0	0	0	0	0	1.38	0	0	0
1428520111925101228	CPU_4	98.57	0	0	0	0	1.42	0	0	0	0
1428520112632782932	CPU_4	98.59	0	0	0	0	1.40	0	0	0	0
1428520113349543821	CPU_4	98.61	0	0	0	0	0	1.38	0	0	0
1428520114056270444	CPU_4	98.57	0	0	0	0	1.42	0	0	0	0
1428520114768299637	CPU_4	98.59	0	0	0	0	0	1.40	0	0	0
1428520115481479618	CPU_4	98.61	0	0	0	0	1.38	0	0	0	0
1428520116187289452	CPU_4	98.57	0	0	0	0	1.42	0	0	0	0
1428520116906223461	CPU_4	98.61	0	0	0	0	0	1.38	0	0	0
1428520117613297083	CPU_4	98.59	0	0	0	0	1.40	0	0	0	0
1428520118320942704	CPU_4	98.59	0	0	0	0	1.40	0	0	0	0
1428520119038456633	CPU_4	98.61	0	0	0	0	0	1.38	0	0	0
1428520119747189168	CPU_4	98.57	0	0	0	0	1.42	0	0	0	0
1428520120465882219	CPU_4	98.61	0	0	0	0	1.38	0	0	0	0
1428520121169970641	CPU_4	98.59	0	0	0	0	0	1.40	0	0	0
1428520121878828218	CPU_4	98.59	0	0	0	0	1.40	0	0	0	0
1428520122597110854	CPU_4	98.59	0	0	0	0	1.40	0	0	0	0
1428520123302135065	CPU_4	98.59	0	0	0	0	0	1.40	0	0	0
1428520124018204415	CPU_4	98.59	0	0	0	0	1.40	0	0	0	0
1428520124729681152	CPU_4	98.61	0	0	0	0	1.38	0	0	0	0
1428520125439133477	CPU_4	98.57	0	0	0	0	0	1.42	0	0	0
1428520126154596329	CPU_4	98.61	0	0	0	0	1.38	0	0	0	0
1428520126861786827	CPU_4	100.00	0	0	0	0	0	0	0	0	0
1428520127570474821	CPU_4	97.22	0	0	0	0	1.38	1.38	0	0	0
1428520128287903042	CPU_4	98.59	0	0	0	0	1.40	0	0	0	0
1428520128997501743	CPU_4	100.00	0	0	0	0	0	0	0	0	0
1428520129715152672	CPU_4	97.22	0	0	0	0	1.38	1.38	0	0	0
1428520130418499680	CPU_4	98.59	0	0	0	0	1.40	0	0	0	0
1428520131127222966	CPU_4	100.00	0	0	0	0	0	0	0	0	0
1428520131846705808	CPU_4	97.22	0	0	0	0	1.38	1.38	0	0	0
1428520132555139345	CPU_4	98.59	0	0	0	0	1.40	0	0	0	0
1428520133273210274	CPU_4	98.61	0	0	0	0	0	1.38	0	0	0
1428520133988449251	CPU_4	98.61	0	0	0	0	1.38	0	0	0	0
1428520134695533667	CPU_4	98.57	0	0	0	0	1.42	0	0	0	0
1428520135409782689	CPU_4	98.61	0	0	0	0	0	1.38	0	0	0
1428520136118535142	CPU_4	98.59	0	0	0	0	1.40	0	0	0	0
1428520136825509975	CPU_4	98.57	0	0	0	0	1.42	0	0	0	0
1428520137542015991	CPU_4	98.61	0	0	0	0	0	1.38	0	0	0
1428520138248431367	CPU_4	98.59	0	0	0	0	1.40	0	0	0	0
1428520138967797543	CPU_4	100.00	0	0	0	0	0	0	0	0	0
1428520139672621507	CPU_4	97.18	0	0	0	0	1.40	1.40	0	0	0
1428520140381407543	CPU_4	98.59	0	0	0	0	1.40	0	0	0	0
1428520141100590970	CPU_4	100.00	0	0	0	0	0	0	0	0	0
1428520141811695751	CPU_4	97.22	0	0	0	0	1.38	1.38	0	0	0
1428520142534252585	CPU_4	98.61	0	0	0	0	1.38	0	0	0	0
1428520143242599498	CPU_4	100.00	0	0	0	0	0	0	0	0	0
1428520143950377996	CPU_4	97.22	0	0	0	0	1.38	1.38	0	0	0
1428520144667082055	CPU_4	98.59	0	0	0	0	1.40	0	0	0	0
1428520145375285677	CPU_4	100.00	0	0	0	0	0	0	0	0	0
1428520146084373755	CPU_4	97.18	0	0	0	0	1.40	1.40	0	0	0
1428520146802031894	CPU_4	98.61	0	0	0	0	1.38	0	0	0	0
1428520147510489224	CPU_4	100.00	0	0	0	0	0	0	0	0	0
1428520148227482906	CPU_4	97.26	0	0	0	0	1.36	1.36	0	0	0
1428520148937922356	CPU_4	98.57	0	0	0	0	1.42	0	0	0	0
1428520149646246770	CPU_4	98.59	0	0	0	0	0	1.40	0	0	0
1428520150363915909	CPU_4	98.63	0	0	0	0	1.36	0	0	0	0
1428520151074020444	CPU_4	98.57	0	0	0	0	1.42	0	0	0	0
1428520151788981049	CPU_4	98.61	0	0	0	0	0	1.38	0	0	0
1428520152496973588	CPU_4	98.59	0	0	0	0	1.40	0	0	0	0
1428520153205141336	CPU_4	98.57	0	0	0	0	1.42	0	0	0	0
1428520153924791054	CPU_4	98.61	0	0	0	0	0	1.38	0	0	0
1428520154633594384	CPU_4	98.61	0	0	0	0	1.38	0	0	0	0
1428520155345672163	CPU_4	98.57	0	0	0	0	1.42	0	0	0	0
1428520156060724810	CPU_4	98.61	0	0	0	0	0	1.38	0	0	0
1428520156766323648	CPU_4	98.59	0	0	0	0	1.40	0	0	0	0
1428520157484835869	CPU_4	98.59	0	0	0	0	1.40	0	0	0	0
1428520158192286161	CPU_4	98.59	0	0	0	0	0	1.40	0	0	0
1428520158898473706	CPU_4	98.59	0	0	0	0	1.40	0	0	0	0
1428520159618018550	CPU_4	98.59	0	0	0	0	1.40	0	0	0	0
1428520160326491922	CPU_4	98.59	0	0	0	0	0	1.40	0	0	0
1428520161044933102	CPU_4	98.61	0	0	0	0	1.38	0	0	0	0
1428520161755462178	CPU_4	100.00	0	0	0	0	0	0	0	0	0
1428520162465429005	CPU_4	97.18	0	0	0	0	1.40	1.40	0	0	0
1428520163186001555	CPU_4	98.61	0	0	0	0	1.38	0	0	0	0
1428520163892585350	CPU_4	100.00	0	0	0	0	0	0	0	0	0
1428520164614840728	CPU_4	97.26	0	0	0	0	1.36	1.36	0	0	0
1428520165321643939	CPU_4	98.59	0	0	0	0	1.40	0	0	0	0
1428520166029389106	CPU_4	98.59	0	0	0	0	0	1.40	0	0	0
1428520166746324082	CPU_4	98.59	0	0	0	0	1.40	0	0	0	0
1428520167455205496	CPU_4	98.59	0	0	0	0	1.40	0	0	0	0
1428520168162557955	CPU_4	98.59	0	0	0	0	0	1.40	0	0	0
1428520168880585720	CPU_4	98.61	0	0	0	0	1.38	0	0	0	0
1428520169588402262	CPU_4	98.59	0	0	0	0	1.40	0	0	0	0
1428520170308017731	CPU_4	98.59	0	0	0	0	0	1.40	0	0	0
1428520171016006106	CPU_4	98.59	0	0	0	0	1.40	0	0	0	0
1428520171724967145	CPU_4	98.59	0	0	0	0	1.40	0	0	0	0
1428520172442280871	CPU_4	98.61	0	0	0	0	0	1.38	0	0	0
1428520173150475078	CPU_4	98.57	0	0	0	0	1.42	0	0	0	0
1428520173868377886	CPU_4	98.63	0	0	0	0	1.36	0	0	0	0
1428520174579917335	CPU_4	98.59	0	0	0	0	0	1.40	0	0	0
1428520175285293217	CPU_4	98.57	0	0	0	0	1.42	0	0	0	0
1428520176003542524	CPU_4	98.61	0	0	0	0	1.38	0	0	0	0
1428520176711915023	CPU_4	98.59	0	0	0	0	0	1.40	0	0	0
1428520177435663441	CPU_4	98.61	0	0	0	0	1.38	0	0	0	0
1428520178144132440	CPU_4	98.59	0	0	0	0	1.40	0	0	0	0
1428520178853451187	CPU_4	98.59	0	0	0	0	0	1.40	0	0	0
1428520179572675825	CPU_4	98.61	0	0	0	0	1.38	0	0	0	0
1428520180279608203	CPU_4	97.18	0	0	0	0	1.40	1.40	0	0	0
1428520180988416243	CPU_4	100.00	0	0	0	0	0	0	0	0	0
1428520181709453002	CPU_4	98.61	0	0	0	0	1.38	0	0	0	0
1428520182416035465	CPU_4	97.18	0	0	0	0	1.40	1.40	0	0	0
1428520183136600099	CPU_4	100.00	0	0	0	0	0	0	0	0	0
1428520183845015474	CPU_4	98.59	0	0	0	0	1.40	0	0	0	0
1428520184555668801	CPU_4	97.22	0	0	0	0	1.38	1.38	0	0	0
1428520185271723073	CPU_4	100.00	0	0	0	0	0	0	0	0	0
1428520185981146904	CPU_4	98.59	0	0	0	0	1.40	0	0	0	0
1428520186700309209	CPU_4	97.22	0	0	0	0	1.38	1.38	0	0	0
1428520187406495548	CPU_4	100.00	0	0	0	0	0	0	0	0	0
1428520188116806168	CPU_4	98.59	0	0	0	0	1.40	0	0	0	0
1428520188835468350	CPU_4	98.61	0	0	0	0	0	1.38	0	0	0
1428520189543881726	CPU_4	98.57	0	0	0	0	1.42	0	0	0	0
1428520190256601173	CPU_4	98.61	0	0	0	0	1.38	0	0	0	0
1428520190974008358	CPU_4	98.61	0	0	0	0	0	1.38	0	0	0
1428520191685614100	CPU_4	98.59	0	0	0	0	1.40	0	0	0	0
1428520192402556370	CPU_4	98.61	0	0	0	0	1.38	0	0	0	0
1428520193114104029	CPU_4	98.59	0	0	0	0	0	1.40	0	0	0
1428520193822731988	CPU_4	98.57	0	0	0	0	1.42	0	0	0	0
1428520194540385839	CPU_4	97.26	0	0	0	0	1.36	1.36	0	0	0
1428520195250376503	CPU_4	100.00	0	0	0	0	0	0	0	0	0
1428520195969300976	CPU_4	98.59	0	0	0	0	1.40	0	0	0	0
1428520196682565548	CPU_4	97.22	0	0	0	0	1.38	1.38	0	0	0
1428520197389895801	CPU_4	100.00	0	0	0	0	0	0	0	0	0
1428520198109039108	CPU_4	98.59	0	0	0	0	1.40	0	0	0	0
1428520198817670233	CPU_4	97.22	0	0	0	0	1.38	1.38	0	0	0
1428520199536550082	CPU_4	100.00	0	0	0	0	0	0	0	0	0
1428520200247099536	CPU_4	98.59	0	0	0	0	1.40	0	0	0	0
1428520200955926161	CPU_4	97.22	0	0	0	0	1.38	1.38	0	0	0
1428520201678185293	CPU_4	100.00	0	0	0	0	0	0	0	0	0
1428520202388471581	CPU_4	98.61	0	0	0	0	1.38	0	0	0	0
1428520203101092572	CPU_4	97.18	0	0	0	0	1.40	1.40	0	0	0
1428520203818205884	CPU_4	100.00	0	0	0	0	0	0	0	0	0
1428520204524902973	CPU_4	98.59	0	0	0	0	1.40	0	0	0	0
1428520205246396358	CPU_4	97.26	0	0	0	0	1.36	1.36	0	0	0
1428520205957416769	CPU_4	100.00	0	0	0	0	0	0	0	0	0
1428520206665434397	CPU_4	98.59	0	0	0	0	1.40	0	0	0	0
1428520207383887498	CPU_4	97.26	0	0	0	0	1.36	1.36	0	0	0
1428520208093252789	CPU_4	100.00	0	0	0	0	0	0	0	0	0
1428520208813387677	CPU_4	97.22	0	0	0	0	1.38	1.38	0	0	0
1428520209520375349	CPU_4	98.59	0	0	0	0	1.40	0	0	0	0
1428520210230337972	CPU_4	100.00	0	0	0	0	0	0	0	0	0
1428520210949922362	CPU_4	97.26	0	0	0	0	1.36	1.36	0	0	0
1428520211657628282	CPU_4	100.00	0	0	0	0	0	0	0	0	0
1428520212376376216	CPU_4	98.61	0	0	0	0	1.38	0	0	0	0
1428520213088336001	CPU_4	97.22	0	0	0	0	1.38	1.38	0	0	0
1428520213794812799	CPU_4	100.00	0	0	0	0	0	0	0	0	0
1428520214514446481	CPU_4	98.61	0	0	0	0	1.38	0	0	0	0
1428520215226909723	CPU_4	97.22	0	0	0	0	1.38	1.38	0	0	0
1428520215944294452	CPU_4	100.00	0	0	0	0	0	0	0	0	0
1428520216660806684	CPU_4	98.59	0	0	0	0	1.40	0	0	0	0
1428520217370562558	CPU_4	97.22	0	0	0	0	1.38	1.38	0	0	0
1428520218089781199	CPU_4	100.00	0	0	0	0	0	0	0	0	0
1428520218797848078	CPU_4	98.59	0	0	0	0	1.40	0	0	0	0
1428520219508108034	CPU_4	97.22	0	0	0	0	1.38	1.38	0	0	0
1428520220228563047	CPU_4	100.00	0	0	0	0	0	0	0	0	0
1428520220936850967	CPU_4	98.59	0	0	0	0	1.40	0	0	0	0
1428520221661768427	CPU_4	97.26	0	0	0	0	1.36	1.36	0	0	0
1428520222371487302	CPU_4	100.00	0	0	0	0	0	0	0	0	0
1428520223086927787	CPU_4	98.61	0	0	0	0	1.38	0	0	0	0
1428520223815005614	CPU_4	97.29	0	0	0	0	1.35	1.35	0	0	0
1428520224568478417	CPU_4	100.00	0	0	0	0	0	0	0	0	0
1428520225313416868	CPU_4	97.46	0	0	0	0	1.26	1.26	0	0	0
1428520226023940741	CPU_4	98.59	0	0	0	0	1.40	0	0	0	0
1428520226739819100	CPU_4	100.00	0	0	0	0	0	0	0	0	0
1428520227454624128	CPU_4	97.26	0	0	0	0	1.36	1.36	0	0	0
1428520228165012710	CPU_4	98.59	0	0	0	0	1.40	0	0	0	0
1428520228885023017	CPU_4	100.00	0	0	0	0	0	0	0	0	0
1428520229592852480	CPU_4	97.18	0	0	0	0	1.40	1.40	0	0	0
1428520230303472145	CPU_4	100.00	0	0	0	0	0	0	0	0	0
1428520231023211619	CPU_4	98.61	0	0	0	0	1.38	0	0	0	0
1428520231736616735	CPU_4	97.22	0	0	0	0	1.38	1.38	0	0	0
1428520232456099460	CPU_4	100.00	0	0	0	0	0	0	0	0	0
1428520233169103160	CPU_4	98.59	0	0	0	0	1.40	0	0	0	0
1428520233881578654	CPU_4	97.22	0	0	0	0	1.38	1.38	0	0	0
1428520234600742838	CPU_4	100.00	0	0	0	0	0	0	0	0	0
1428520235313919497	CPU_4	98.61	0	0	0	0	1.38	0	0	0	0
1428520236034288595	CPU_4	97.26	0	0	0	0	1.36	1.36	0	0	0
1428520236743227223	CPU_4	100.00	0	0	0	0	0	0	0	0	0
1428520237453774763	CPU_4	97.22	0	0	0	0	1.38	1.38	0	0	0
1428520238174975818	CPU_4	98.61	0	0	0	0	1.38	0	0	0	0
1428520238886288940	CPU_4	100.00	0	0	0	0	0	0	0	0	0
1428520239609394823	CPU_4	97.26	0	0	0	0	1.36	1.36	0	0	0
1428520240321369110	CPU_4	98.59	0	0	0	0	1.40	0	0	0	0
1428520241031433985	CPU_4	100.00	0	0	0	0	0	0	0	0	0
1428520241750305796	CPU_4	97.26	0	0	0	0	1.36	1.36	0	0	0
1428520242461138336	CPU_4	98.59	0	0	0	0	1.40	0	0	0	0
1428520243189422498	CPU_4	100.00	0	0	0	0	0	0	0	0	0
1428520243899372707	CPU_4	97.22	0	0	0	0	1.38	1.38	0	0	0
1428520244610742746	CPU_4	98.59	0	0	0	0	1.40	0	0	0	0
1428520245332678049	CPU_4	100.00	0	0	0	0	0	0	0	0	0
1428520246043032049	CPU_4	97.22	0	0	0	0	1.38	1.38	0	0	0
1428520246758293328	CPU_4	98.59	0	0	0	0	1.40	0	0	0	0
1428520247474079022	CPU_4	100.00	0	0	0	0	0	0	0	0	0
1428520248185936935	CPU_4	97.22	0	0	0	0	1.38	1.38	0	0	0
1428520248905151829	CPU_4	98.59	0	0	0	0	1.40	0	0	0	0
1428520249615870745	CPU_4	100.00	0	0	0	0	0	0	0	0	0
1428520250325595080	CPU_4	97.22	0	0	0	0	1.38	1.38	0	0	0
1428520251047102260	CPU_4	100.00	0	0	0	0	0	0	0	0	0
1428520251760095712	CPU_4	97.22	0	0	0	0	1.38	1.38	0	0	0
1428520252483974094	CPU_4	98.63	0	0	0	0	1.36	0	0	0	0
1428520253197207837	CPU_4	100.00	0	0	0	0	0	0	0	0	0
1428520253906845631	CPU_4	97.18	0	0	0	0	1.40	1.40	0	0	0
1428520254627283439	CPU_4	98.63	0	0	0	0	1.36	0	0	0	0
1428520255340494474	CPU_4	100.00	0	0	0	0	0	0	0	0	0
1428520256061387739	CPU_4	97.26	0	0	0	0	1.36	1.36	0	0	0
1428520256771480658	CPU_4	98.59	0	0	0	0	1.40	0	0	0	0
1428520257481477868	CPU_4	100.00	0	0	0	0	0	0	0	0	0
1428520258202678299	CPU_4	97.26	0	0	0	0	1.36	1.36	0	0	0
1428520258911554095	CPU_4	98.59	0	0	0	0	1.40	0	0	0	0
1428520259632372986	CPU_4	100.00	0	0	0	0	0	0	0	0	0
1428520260343368819	CPU_4	97.26	0	0	0	0	1.36	1.36	0	0	0
1428520261056544938	CPU_4	98.57	0	0	0	0	1.42	0	0	0	0
1428520261780133363	CPU_4	100.00	0	0	0	0	0	0	0	0	0
1428520262491471695	CPU_4	97.22	0	0	0	0	1.38	1.38	0	0	0
1428520263212727044	CPU_4	98.61	0	0	0	0	1.38	0	0	0	0
1428520263921958256	CPU_4	100.00	0	0	0	0	0	0	0	0	0
1428520264633064839	CPU_4	97.22	0	0	0	0	1.38	1.38	0	0	0
1428520265356333516	CPU_4	100.00	0	0	0	0	0	0	0	0	0
1428520266069433469	CPU_4	98.59	0	0	0	0	1.40	0	0	0	0
1428520266794489682	CPU_4	97.29	0	0	0	0	1.35	1.35	0	0	0
1428520267505995431	CPU_4	100.00	0	0	0	0	0	0	0	0	0
1428520268219615424	CPU_4	97.22	0	0	0	0	1.38	1.38	0	0	0
1428520268939241944	CPU_4	98.61	0	0	0	0	1.38	0	0	0	0
1428520269650092195	CPU_4	100.00	0	0	0	0	0	0	0	0	0
1428520270368384384	CPU_4	97.22	0	0	0	0	1.38	1.38	0	0	0
1428520271086342450	CPU_4	98.63	0	0	0	0	1.36	0	0	0	0
1428520271797088076	CPU_4	100.00	0	0	0	0	0	0	0	0	0
1428520272519192590	CPU_4	97.26	0	0	0	0	1.36	1.36	0	0	0
1428520273236382324	CPU_4	98.61	0	0	0	0	1.38	0	0	0	0
1428520273947859657	CPU_4	100.00	0	0	0	0	0	0	0	0	0
1428520274667804551	CPU_4	97.26	0	0	0	0	1.36	1.36	0	0	0
1428520275383065957	CPU_4	98.59	0	0	0	0	1.40	0	0	0	0
1428520276106143844	CPU_4	100.00	0	0	0	0	0	0	0	0	0
1428520276816276972	CPU_4	97.22	0	0	0	0	1.38	1.38	0	0	0
1428520277527969638	CPU_4	100.00	0	0	0	0	0	0	0	0	0
1428520278253226227	CPU_4	98.63	0	0	0	0	1.36	0	0	0	0
1428520278962616982	CPU_4	97.18	0	0	0	0	1.40	1.40	0	0	0
1428520279684591246	CPU_4	100.00	0	0	0	0	0	0	0	0	0
1428520280395879663	CPU_4	98.59	0	0	0	0	1.40	0	0	0	0
1428520281110018615	CPU_4	97.22	0	0	0	0	1.38	1.38	0	0	0
1428520281830238717	CPU_4	100.00	0	0	0	0	0	0	0	0	0
1428520282543087297	CPU_4	98.59	0	0	0	0	1.40	0	0	0	0
1428520283267679555	CPU_4	97.29	0	0	0	0	1.35	1.35	0	0	0
1428520283977613684	CPU_4	100.00	0	0	0	0	0	0	0	0	0
1428520284689088268	CPU_4	97.22	0	0	0	0	1.38	1.38	0	0	0
1428520285414372608	CPU_4	98.63	0	0	0	0	1.36	0	0	0	0
1428520286127293063	CPU_4	100.00	0	0	0	0	0	0	0	0	0
1428520286847584707	CPU_4	97.26	0	0	0	0	1.36	1.36	0	0	0
1428520287568400475	CPU_4	98.61	0	0	0	0	1.38	0	0	0	0
1428520288285598169	CPU_4	100.00	0	0	0	0	0	0	0	0	0
1428520289005566481	CPU_4	97.26	0	0	0	0	1.36	1.36	0	0	0
1428520289717779813	CPU_4	98.57	0	0	0	0	1.42	0	0	0	0
1428520290440484827	CPU_4	100.00	0	0	0	0	0	0	0	0	0
1428520291153114491	CPU_4	97.22	0	0	0	0	1.38	1.38	0	0	0
1428520291863590120	CPU_4	98.59	0	0	0	0	1.40	0	0	0	0
1428520292585305886	CPU_4	100.00	0	0	0	0	0	0	0	0	0
1428520293298525174	CPU_4	97.22	0	0	0	0	1.38	1.38	0	0	0
1428520294020172815	CPU_4	98.61	0	0	0	0	1.38	0	0	0	0
1428520294731845774	CPU_4	98.59	0	0	0	0	0	1.40	0	0	0
1428520295444852980	CPU_4	98.61	0	0	0	0	1.38	0	0	0	0
1428520296166651663	CPU_4	98.59	0	0	0	0	1.40	0	0	0	0
1428520296876983709	CPU_4	98.59	0	0	0	0	0	1.40	0	0	0
1428520297605466875	CPU_4	98.64	0	0	0	0	1.35	0	0	0	0
1428520298317510208	CPU_4	98.57	0	0	0	0	1.42	0	0	0	0
1428520299028862209	CPU_4	98.61	0	0	0	0	0	1.38	0	0	0
1428520299754456133	CPU_4	98.63	0	0	0	0	1.36	0	0	0	0
1428520300465572219	CPU_4	100.00	0	0	0	0	0	0	0	0	0
1428520301183587120	CPU_4	97.22	0	0	0	0	1.38	1.38	0	0	0
1428520301899146945	CPU_4	98.61	0	0	0	0	1.38	0	0	0	0
1428520302611696360	CPU_4	100.00	0	0	0	0	0	0	0	0	0
1428520303335057707	CPU_4	97.26	0	0	0	0	1.36	1.36	0	0	0
1428520304047281956	CPU_4	98.59	0	0	0	0	1.40	0	0	0	0
1428520304759910955	CPU_4	100.00	0	0	0	0	0	0	0	0	0
1428520305481118516	CPU_4	97.26	0	0	0	0	1.36	1.36	0	0	0
1428520306192386143	CPU_4	98.59	0	0	0	0	1.40	0	0	0	0
1428520306913102246	CPU_4	100.00	0	0	0	0	0	0	0	0	0
1428520307624884414	CPU_4	97.22	0	0	0	0	1.38	1.38	0	0	0
1428520308338983285	CPU_4	98.61	0	0	0	0	1.38	0	0	0	0
1428520309057934060	CPU_4	100.00	0	0	0	0	0	0	0	0	0
1428520309771430348	CPU_4	97.22	0	0	0	0	1.38	1.38	0	0	0
1428520310493953822	CPU_4	98.61	0	0	0	0	1.38	0	0	0	0
1428520311206545197	CPU_4	98.59	0	0	0	0	0	1.40	0	0	0
1428520311916733661	CPU_4	98.61	0	0	0	0	1.38	0	0	0	0
1428520312637614973	CPU_4	98.59	0	0	0	0	1.40	0	0	0	0
1428520313351283345	CPU_4	98.61	0	0	0	0	0	1.38	0	0	0
1428520314069804454	CPU_4	98.61	0	0	0	0	1.38	0	0	0	0
1428520314782791786	CPU_4	98.59	0	0	0	0	1.40	0	0	0	0
1428520315497419739	CPU_4	98.59	0	0	0	0	0	1.40	0	0	0
1428520316218509301	CPU_4	98.63	0	0	0	0	1.36	0	0	0	0
1428520316928594307	CPU_4	98.59	0	0	0	0	1.40	0	0	0	0
1428520317652852319	CPU_4	98.61	0	0	0	0	0	1.38	0	0	0
1428520318365740152	CPU_4	98.59	0	0	0	0	1.40	0	0	0	0
1428520319075797617	CPU_4	100.00	0	0	0	0	0	0	0	0	0
1428520319801461333	CPU_4	97.26	0	0	0	0	1.36	1.36	0	0	0
1428520320514044792	CPU_4	98.59	0	0	0	0	1.40	0	0	0	0
1428520321235911352	CPU_4	100.00	0	0	0	0	0	0	0	0	0
1428520321949033976	CPU_4	97.22	0	0	0	0	1.38	1.38	0	0	0
1428520322660649771	CPU_4	98.59	0	0	0	0	1.40	0	0	0	0
1428520323385468407	CPU_4	100.00	0	0	0	0	0	0	0	0	0
1428520324095621747	CPU_4	97.18	0	0	0	0	1.40	1.40	0	0	0
1428520324830348441	CPU_4	98.63	0	0	0	0	1.36	0	0	0	0
1428520325545200144	CPU_4	98.61	0	0	0	0	0	1.38	0	0	0
1428520326258311810	CPU_4	98.61	0	0	0	0	1.38	0	0	0	0
1428520326980648161	CPU_4	98.61	0	0	0	0	1.38	0	0	0	0
1428520327693327370	CPU_4	98.59	0	0	0	0	0	1.40	0	0	0
1428520328413541643	CPU_4	98.61	0	0	0	0	1.38	0	0	0	0
1428520329132245961	CPU_4	98.61	0	0	0	0	1.38	0	0	0	0
1428520329843961798	CPU_4	98.59	0	0	0	0	0	1.40	0	0	0
1428520330567369522	CPU_4	98.63	0	0	0	0	1.36	0	0	0	0
1428520331279333191	CPU_4	98.59	0	0	0	0	1.40	0	0	0	0
1428520331991330569	CPU_4	98.59	0	0	0	0	0	1.40	0	0	0
1428520332713503879	CPU_4	98.61	0	0	0	0	1.38	0	0	0	0
1428520333428116958	CPU_4	98.59	0	0	0	0	1.40	0	0	0	0
1428520334153432802	CPU_4	98.63	0	0	0	0	0	1.36	0	0	0
1428520334864375058	CPU_4	98.59	0	0	0	0	1.40	0	0	0	0
1428520335579183220	CPU_4	98.61	0	0	0	0	1.38	0	0	0	0
1428520336302043821	CPU_4	98.61	0	0	0	0	0	1.38	0	0	0
1428520337015017280	CPU_4	98.59	0	0	0	0	1.40	0	0	0	0
1428520337737942005	CPU_4	100.00	0	0	0	0	0	0	0	0	0
1428520338451993545	CPU_4	97.22	0	0	0	0	1.38	1.38	0	0	0
1428520339167068957	CPU_4	98.59	0	0	0	0	1.40	0	0	0	0
1428520339889423767	CPU_4	98.63	0	0	0	0	0	1.36	0	0	0
1428520340607428797	CPU_4	98.59	0	0	0	0	1.40	0	0	0	0
1428520341331695685	CPU_4	98.63	0	0	0	0	1.36	0	0	0	0
1428520342042554359	CPU_4	98.59	0	0	0	0	0	1.40	0	0	0
1428520342756800481	CPU_4	98.59	0	0	0	0	1.40	0	0	0	0
1428520343483041990	CPU_4	98.63	0	0	0	0	1.36	0	0	0	0
1428520344200408605	CPU_4	98.61	0	0	0	0	0	1.38	0	0	0
1428520344927716486	CPU_4	98.61	0	0	0	0	1.38	0	0	0	0
1428520345641589194	CPU_4	98.61	0	0	0	0	1.38	0	0	0	0
1428520346356298733	CPU_4	98.59	0	0	0	0	0	1.40	0	0	0
1428520347084920152	CPU_4	98.63	0	0	0	0	1.36	0	0	0	0
1428520347795936242	CPU_4	98.59	0	0	0	0	1.40	0	0	0	0
1428520348520616672	CPU_4	98.63	0	0	0	0	0	1.36	0	0	0
1428520349233158800	CPU_4	98.59	0	0	0	0	1.40	0	0	0	0
1428520349946469926	CPU_4	98.59	0	0	0	0	1.40	0	0	0	0
1428520350669720026	CPU_4	98.63	0	0	0	0	0	1.36	0	0	0
1428520351384418357	CPU_4	98.59	0	0	0	0	1.40	0	0	0	0
1428520352106963834	CPU_4	97.26	0	0	0	0	1.36	1.36	0	0	0
1428520352818322049	CPU_4	100.00	0	0	0	0	0	0	0	0	0
1428520353532830380	CPU_4	98.61	0	0	0	0	1.38	0	0	0	0
1428520354255810232	CPU_4	97.26	0	0	0	0	1.36	1.36	0	0	0
1428520354967125321	CPU_4	100.00	0	0	0	0	0	0	0	0	0
1428520355690319297	CPU_4	98.63	0	0	0	0	1.36	0	0	0	0
1428520356404766838	CPU_4	97.22	0	0	0	0	1.38	1.38	0	0	0
1428520357119458544	CPU_4	100.00	0	0	0	0	0	0	0	0	0
1428520357838347698	CPU_4	98.63	0	0	0	0	1.36	0	0	0	0
1428520358553174237	CPU_4	98.59	0	0	0	0	0	1.40	0	0	0
1428520359274987925	CPU_4	98.61	0	0	0	0	1.38	0	0	0	0
1428520359990938337	CPU_4	98.61	0	0	0	0	1.38	0	0	0	0
1428520360702777551	CPU_4	98.59	0	0	0	0	0	1.40	0	0	0
1428520361431331055	CPU_4	98.61	0	0	0	0	1.38	0	0	0	0
1428520362145050681	CPU_4	98.61	0	0	0	0	1.38	0	0	0	0
1428520362868225324	CPU_4	98.61	0	0	0	0	0	1.38	0	0	0
1428520363583340363	CPU_4	98.61	0	0	0	0	1.38	0	0	0	0
1428520364297928695	CPU_4	97.22	0	0	0	0	1.38	1.38	0	0	0
1428520365024222498	CPU_4	100.00	0	0	0	0	0	0	0	0	0
1428520365738517581	CPU_4	98.59	0	0	0	0	1.40	0	0	0	0
1428520366465144590	CPU_4	97.29	0	0	0	0	1.35	1.35	0	0	0
1428520367179513798	CPU_4	100.00	0	0	0	0	0	0	0	0	0
1428520367892886300	CPU_4	98.59	0	0	0	0	1.40	0	0	0	0
1428520368617217233	CPU_4	97.26	0	0	0	0	1.36	1.36	0	0	0
1428520369330580360	CPU_4	100.00	0	0	0	0	0	0	0	0	0
1428520370055509541	CPU_4	98.61	0	0	0	0	1.38	0	0	0	0
1428520370766868132	CPU_4	97.22	0	0	0	0	1.38	1.38	0	0	0
1428520371484341874	CPU_4	100.00	0	0	0	0	0	0	0	0	0
1428520372206911020	CPU_4	98.61	0	0	0	0	1.38	0	0	0	0
1428520372923914471	CPU_4	97.22	0	0	0	0	1.38	1.38	0	0	0
1428520373646479617	CPU_4	100.00	0	0	0	0	0	0	0	0	0
1428520374361739323	CPU_4	98.61	0	0	0	0	1.38	0	0	0	0
1428520375075365992	CPU_4	97.22	0	0	0	0	1.38	1.38	0	0	0
1428520375798135096	CPU_4	100.00	0	0	0	0	0	0	0	0	0
1428520376511857431	CPU_4	98.61	0	0	0	0	1.38	0	0	0	0
1428520377236965571	CPU_4	97.26	0	0	0	0	1.36	1.36	0	0	0
1428520377952974817	CPU_4	100.00	0	0	0	0	0	0	0	0	0
1428520378665402114	CPU_4	97.26	0	0	0	0	1.36	1.36	0	0	0
1428520379389214924	CPU_4	100.00	0	0	0	0	0	0	0	0	0
1428520380105447336	CPU_4	98.59	0	0	0	0	1.40	0	0	0	0
1428520380827931733	CPU_4	97.26	0	0	0	0	1.36	1.36	0	0	0
1428520381546813139	CPU_4	100.00	0	0	0	0	0	0	0	0	0
1428520382260482641	CPU_4	98.59	0	0	0	0	1.40	0	0	0	0
1428520382986483946	CPU_4	97.29	0	0	0	0	1.35	1.35	0	0	0
1428520383701729528	CPU_4	100.00	0	0	0	0	0	0	0	0	0
1428520384428103790	CPU_4	98.61	0	0	0	0	1.38	0	0	0	0
1428520385141253211	CPU_4	97.22	0	0	0	0	1.38	1.38	0	0	0
1428520385857899247	CPU_4	100.00	0	0	0	0	0	0	0	0	0
1428520386580872143	CPU_4	98.61	0	0	0	0	1.38	0	0	0	0
1428520387296211725	CPU_4	97.26	0	0	0	0	1.36	1.36	0	0	0
1428520388020492118	CPU_4	100.00	0	0	0	0	0	0	0	0	0
1428520388732955499	CPU_4	98.61	0	0	0	0	1.38	0	0	0	0
1428520389447333917	CPU_4	97.22	0	0	0	0	1.38	1.38	0	0	0
1428520390171235852	CPU_4	100.00	0	0	0	0	0	0	0	0	0
1428520390886421769	CPU_4	98.61	0	0	0	0	1.38	0	0	0	0
1428520391611221160	CPU_4	97.26	0	0	0	0	1.36	1.36	0	0	0
1428520392325232371	CPU_4	100.00	0	0	0	0	0	0	0	0	0
1428520393046793104	CPU_4	97.26	0	0	0	0	1.36	1.36	0	0	0
1428520393771848037	CPU_4	98.61	0	0	0	0	1.38	0	0	0	0
1428520394484964500	CPU_4	100.00	0	0	0	0	0	0	0	0	0
1428520395208472229	CPU_4	97.26	0	0	0	0	1.36	1.36	0	0	0
1428520395922139107	CPU_4	98.59	0	0	0	0	1.40	0	0	0	0
1428520396635047488	CPU_4	100.00	0	0	0	0	0	0	0	0	0
1428520397360830378	CPU_4	97.26	0	0	0	0	1.36	1.36	0	0	0
1428520398075569587	CPU_4	100.00	0	0	0	0	0	0	0	0	0
1428520398800842770	CPU_4	98.61	0	0	0	0	1.38	0	0	0	0
1428520399514622273	CPU_4	97.26	0	0	0	0	1.36	1.36	0	0	0
1428520400228424110	CPU_4	100.00	0	0	0	0	0	0	0	0	0
1428520400953000545	CPU_4	98.61	0	0	0	0	1.38	0	0	0	0
1428520401666874507	CPU_4	97.26	0	0	0	0	1.36	1.36	0	0	0
1428520402394961974	CPU_4	100.00	0	0	0	0	0	0	0	0	0
1428520403111586679	CPU_4	98.59	0	0	0	0	1.40	0	0	0	0
1428520403826130765	CPU_4	97.26	0	0	0	0	1.36	1.36	0	0	0
1428520404549465828	CPU_4	100.00	0	0	0	0	0	0	0	0	0
1428520405267068989	CPU_4	97.26	0	0	0	0	1.36	1.36	0	0	0
1428520406034746646	CPU_4	97.36	0	1.31	0	0	1.31	0	0	0	0
1428520406747377737	CPU_4	100.00	0	0	0	0	0	0	0	0	0
1428520407467235726	CPU_4	97.26	0	0	0	0	1.36	1.36	0	0	0
1428520408188150420	CPU_4	98.63	0	0	0	0	1.36	0	0	0	0
1428520408902077466	CPU_4	100.00	0	0	0	0	0	0	0	0	0
1428520409627016317	CPU_4	97.26	0	0	0	0	1.36	1.36	0	0	0
1428520410339430950	CPU_4	98.59	0	0	0	0	1.40	0	0	0	0
1428520411054273535	CPU_4	100.00	0	0	0	0	0	0	0	0	0
1428520411779604761	CPU_4	97.29	0	0	0	0	1.35	1.35	0	0	0
1428520412498858543	CPU_4	98.59	0	0	0	0	1.40	0	0	0	0
1428520413225013599	CPU_4	100.00	0	0	0	0	0	0	0	0	0
1428520413939364894	CPU_4	97.26	0	0	0	0	1.36	1.36	0	0	0
1428520414655588768	CPU_4	98.59	0	0	0	0	1.40	0	0	0	0
1428520415378286542	CPU_4	98.61	0	0	0	0	0	1.38	0	0	0
1428520416100802858	CPU_4	97.26	0	1.36	0	0	1.36	0	0	0	0
1428520416826134917	CPU_4	98.61	0	0	0	0	1.38	0	0	0	0
1428520417542670582	CPU_4	98.61	0	0	0	0	0	1.38	0	0	0
1428520418261941615	CPU_4	98.61	0	0	0	0	1.38	0	0	0	0
1428520418981556855	CPU_4	98.61	0	0	0	0	1.38	0	0	0	0
1428520419700193931	CPU_4	98.61	0	0	0	0	0	1.38	0	0	0
1428520420427676485	CPU_4	98.61	0	0	0	0	1.38	0	0	0	0
1428520421140554159	CPU_4	100.00	0	0	0	0	0	0	0	0	0
1428520421866655758	CPU_4	97.26	0	0	0	0	1.36	1.36	0	0	0
1428520422583213965	CPU_4	98.61	0	0	0	0	1.38	0	0	0	0
1428520423295416891	CPU_4	100.00	0	0	0	0	0	0	0	0	0
1428520424017055210	CPU_4	97.22	0	0	0	0	1.38	1.38	0	0	0
1428520424729206012	CPU_4	98.61	0	0	0	0	1.38	0	0	0	0
1428520425444832555	CPU_4	100.00	0	0	0	0	0	0	0	0	0
1428520426163486298	CPU_4	97.26	0	0	0	0	1.36	1.36	0	0	0
1428520426874213395	CPU_4	98.59	0	0	0	0	1.40	0	0	0	0
1428520427597614793	CPU_4	98.61	0	0	0	0	0	1.38	0	0	0
1428520428308978347	CPU_4	98.61	0	0	0	0	1.38	0	0	0	0
1428520429024141516	CPU_4	98.59	0	0	0	0	1.40	0	0	0	0
1428520429746647292	CPU_4	98.61	0	0	0	0	0	1.38	0	0	0
1428520430460449423	CPU_4	98.61	0	0	0	0	1.38	0	0	0	0
1428520431182535450	CPU_4	98.61	0	0	0	0	1.38	0	0	0	0
1428520431894929001	CPU_4	98.59	0	0	0	0	0	1.40	0	0	0
1428520432609320131	CPU_4	98.61	0	0	0	0	1.38	0	0	0	0
1428520433330389952	CPU_4	98.61	0	0	0	0	1.38	0	0	0	0
1428520434045315664	CPU_4	98.59	0	0	0	0	0	1.40	0	0	0
1428520434768043939	CPU_4	98.61	0	0	0	0	1.38	0	0	0	0
1428520435481682321	CPU_4	98.61	0	0	0	0	1.38	0	0	0	0
1428520436194950621	CPU_4	98.59	0	0	0	0	0	1.40	0	0	0
1428520436920021599	CPU_4	98.63	0	0	0	0	1.36	0	0	0	0
1428520437637188597	CPU_4	98.59	0	0	0	0	1.40	0	0	0	0
1428520438362183867	CPU_4	98.63	0	0	0	0	0	1.36	0	0	0
1428520439075032043	CPU_4	98.59	0	0	0	0	1.40	0	0	0	0
1428520439792037083	CPU_4	100.00	0	0	0	0	0	0	0	0	0
1428520440516774312	CPU_4	97.26	0	0	0	0	1.36	1.36	0	0	0
1428520441229320156	CPU_4	98.61	0	0	0	0	1.38	0	0	0	0
1428520441954110551	CPU_4	98.61	0	0	0	0	0	1.38	0	0	0
1428520442670344844	CPU_4	98.61	0	0	0	0	1.38	0	0	0	0
1428520443385090474	CPU_4	98.59	0	0	0	0	1.40	0	0	0	0
1428520444112797570	CPU_4	98.63	0	0	0	0	0	1.36	0	0	0
1428520444826113662	CPU_4	98.59	0	0	0	0	1.40	0	0	0	0
1428520445551546432	CPU_4	98.63	0	0	0	0	1.36	0	0	0	0
1428520446265811646	CPU_4	98.59	0	0	0	0	0	1.40	0	0	0
1428520446981609607	CPU_4	98.59	0	0	0	0	1.40	0	0	0	0
1428520447706576669	CPU_4	98.63	0	0	0	0	1.36	0	0	0	0
1428520448420774384	CPU_4	98.61	0	0	0	0	0	1.38	0	0	0
1428520449146960818	CPU_4	98.61	0	0	0	0	1.38	0	0	0	0
1428520449861839740	CPU_4	98.61	0	0	0	0	1.38	0	0	0	0
1428520450576645745	CPU_4	98.59	0	0	0	0	0	1.40	0	0	0
1428520451301942432	CPU_4	98.61	0	0	0	0	1.38	0	0	0	0
1428520452014310485	CPU_4	98.61	0	0	0	0	1.38	0	0	0	0
1428520452739869296	CPU_4	98.63	0	0	0	0	0	1.36	0	0	0
1428520453455039176	CPU_4	98.59	0	0	0	0	1.40	0	0	0	0
1428520454169147267	CPU_4	97.22	0	0	0	0	1.38	1.38	0	0	0
1428520454893804830	CPU_4	100.00	0	0	0	0	0	0	0	0	0
1428520455612085994	CPU_4	98.59	0	0	0	0	1.40	0	0	0	0
1428520456337756555	CPU_4	97.29	0	0	0	0	1.35	1.35	0	0	0
1428520457050709815	CPU_4	100.00	0	0	0	0	0	0	0	0	0
1428520457766494069	CPU_4	98.59	0	0	0	0	1.40	0	0	0	0
1428520458490904925	CPU_4	97.26	0	0	0	0	1.36	1.36	0	0	0
1428520459209538088	CPU_4	100.00	0	0	0	0	0	0	0	0	0
1428520459935927647	CPU_4	98.63	0	0	0	0	1.36	0	0	0	0
1428520460651780651	CPU_4	97.22	0	0	0	0	1.38	1.38	0	0	0
1428520461366717156	CPU_4	100.00	0	0	0	0	0	0	0	0	0
1428520462092252843	CPU_4	98.61	0	0	0	0	1.38	0	0	0	0
1428520462807192099	CPU_4	97.26	0	0	0	0	1.36	1.36	0	0	0
1428520463532151621	CPU_4	100.00	0	0	0	0	0	0	0	0	0
1428520464252969987	CPU_4	97.26	0	0	0	0	1.36	1.36	0	0	0
1428520464973963936	CPU_4	98.63	0	0	0	0	1.36	0	0	0	0
1428520465700147830	CPU_4	100.00	0	0	0	0	0	0	0	0	0
1428520466415569210	CPU_4	97.22	0	0	0	0	1.38	1.38	0	0	0
1428520467141742896	CPU_4	98.63	0	0	0	0	1.36	0	0	0	0
1428520467857440358	CPU_4	100.00	0	0	0	0	0	0	0	0	0
1428520468573261737	CPU_4	97.26	0	0	0	0	1.36	1.36	0	0	0
1428520469299191757	CPU_4	98.61	0	0	0	0	1.38	0	0	0	0
1428520470015112095	CPU_4	100.00	0	0	0	0	0	0	0	0	0
1428520470740906323	CPU_4	97.26	0	0	0	0	1.36	1.36	0	0	0
1428520471455303290	CPU_4	98.59	0	0	0	0	1.40	0	0	0	0
1428520472172999164	CPU_4	100.00	0	0	0	0	0	0	0	0	0
1428520472897253397	CPU_4	97.29	0	0	0	0	1.35	1.35	0	0	0
1428520473615948186	CPU_4	98.59	0	0	0	0	1.40	0	0	0	0
1428520474341341958	CPU_4	100.00	0	0	0	0	0	0	0	0	0
1428520475058520584	CPU_4	97.26	0	0	0	0	1.36	1.36	0	0	0
1428520475814602485	CPU_4	98.66	0	0	0	0	1.33	0	0	0	0
1428520476535412311	CPU_4	98.61	0	0	0	0	0	1.38	0	0	0
1428520477318168853	CPU_4	98.73	0	0	0	0	1.26	0	0	0	0
1428520478044964788	CPU_4	98.61	0	0	0	0	1.38	0	0	0	0
1428520478760224461	CPU_4	98.61	0	0	0	0	0	1.38	0	0	0
1428520479484120320	CPU_4	98.61	0	0	0	0	1.38	0	0	0	0
1428520480199765034	CPU_4	98.61	0	0	0	0	1.38	0	0	0	0
1428520480916046871	CPU_4	98.59	0	0	0	0	0	1.40	0	0	0
1428520481643271764	CPU_4	98.63	0	0	0	0	1.36	0	0	0	0
1428520482357193690	CPU_4	98.59	0	0	0	0	1.40	0	0	0	0
1428520483081133633	CPU_4	98.63	0	0	0	0	0	1.36	0	0	0
1428520483800788795	CPU_4	98.61	0	0	0	0	1.38	0	0	0	0
1428520484515861844	CPU_4	98.59	0	0	0	0	1.40	0	0	0	0
1428520485240708618	CPU_4	98.63	0	0	0	0	0	1.36	0	0	0
1428520485957884495	CPU_4	98.59	0	0	0	0	1.40	0	0	0	0
1428520486684675764	CPU_4	98.63	0	0	0	0	0	1.36	0	0	0
1428520487397812443	CPU_4	98.59	0	0	0	0	1.40	0	0	0	0
1428520488120435432	CPU_4	98.61	0	0	0	0	1.38	0	0	0	0
1428520488840352218	CPU_4	98.63	0	0	0	0	0	1.36	0	0	0
1428520489557707012	CPU_4	98.59	0	0	0	0	1.40	0	0	0	0
1428520490281752955	CPU_4	98.63	0	0	0	0	1.36	0	0	0	0
1428520491000567495	CPU_4	98.61	0	0	0	0	0	1.38	0	0	0
1428520491729580467	CPU_4	98.61	0	0	0	0	1.38	0	0	0	0
1428520492452923912	CPU_4	98.63	0	0	0	0	1.36	0	0	0	0
1428520493167934754	CPU_4	98.59	0	0	0	0	0	1.40	0	0	0
1428520493895765271	CPU_4	98.63	0	0	0	0	1.36	0	0	0	0
1428520494614434728	CPU_4	98.61	0	0	0	0	1.38	0	0	0	0
1428520495342571369	CPU_4	98.63	0	0	0	0	0	1.36	0	0	0
1428520496063013072	CPU_4	98.59	0	0	0	0	1.40	0	0	0	0
1428520496780662657	CPU_4	98.63	0	0	0	0	1.36	0	0	0	0
1428520497508297175	CPU_4	98.63	0	0	0	0	0	1.36	0	0	0
1428520498225018221	CPU_4	98.59	0	0	0	0	1.40	0	0	0	0
1428520498954200151	CPU_4	98.63	0	0	0	0	1.36	0	0	0	0
1428520499678232345	CPU_4	98.61	0	0	0	0	0	1.38	0	0	0
1428520500394393143	CPU_4	98.61	0	0	0	0	1.38	0	0	0	0
1428520501120648914	CPU_4	97.26	0	0	0	0	1.36	1.36	0	0	0
1428520501838812332	CPU_4	100.00	0	0	0	0	0	0	0	0	0
1428520502571518754	CPU_4	98.63	0	0	0	0	1.36	0	0	0	0
1428520503289365922	CPU_4	97.22	0	0	0	0	1.38	1.38	0	0	0
1428520504005646344	CPU_4	100.00	0	0	0	0	0	0	0	0	0
1428520504732354698	CPU_4	98.63	0	0	0	0	1.36	0	0	0	0
1428520505449241744	CPU_4	97.22	0	0	0	0	1.38	1.38	0	0	0
1428520506180765170	CPU_4	100.00	0	0	0	0	0	0	0	0	0
1428520506894787306	CPU_4	98.59	0	0	0	0	1.40	0	0	0	0
1428520507614185888	CPU_4	97.26	0	0	0	0	1.36	1.36	0	0	0
1428520508340963284	CPU_4	100.00	0	0	0	0	0	0	0	0	0
1428520509059613409	CPU_4	98.63	0	0	0	0	1.36	0	0	0	0
1428520509789836921	CPU_4	97.26	0	0	0	0	1.36	1.36	0	0	0
1428520510507364674	CPU_4	100.00	0	0	0	0	0	0	0	0	0
1428520511225258134	CPU_4	98.61	0	0	0	0	1.38	0	0	0	0
1428520511956907893	CPU_4	98.63	0	0	0	0	0	1.36	0	0	0
1428520512675782018	CPU_4	98.61	0	0	0	0	1.38	0	0	0	0
1428520513400481336	CPU_4	98.63	0	0	0	0	1.36	0	0	0	0
1428520514118390547	CPU_4	98.59	0	0	0	0	0	1.40	0	0	0
1428520514833126974	CPU_4	98.59	0	0	0	0	1.40	0	0	0	0
1428520515560462536	CPU_4	97.29	0	0	0	0	1.35	1.35	0	0	0
1428520516277057292	CPU_4	100.00	0	0	0	0	0	0	0	0	0
1428520517006661098	CPU_4	98.63	0	0	0	0	1.36	0	0	0	0
1428520517723272895	CPU_4	97.26	0	0	0	0	1.36	1.36	0	0	0
1428520518440414400	CPU_4	100.00	0	0	0	0	0	0	0	0	0
1428520519166857798	CPU_4	98.61	0	0	0	0	1.38	0	0	0	0
1428520519886188089	CPU_4	97.26	0	0	0	0	1.36	1.36	0	0	0
1428520520610632825	CPU_4	100.00	0	0	0	0	0	0	0	0	0
1428520521328973118	CPU_4	98.61	0	0	0	0	1.38	0	0	0	0
1428520522050886028	CPU_4	97.22	0	0	0	0	1.38	1.38	0	0	0
1428520522779027213	CPU_4	100.00	0	0	0	0	0	0	0	0	0
1428520523495025887	CPU_4	98.61	0	0	0	0	1.38	0	0	0	0
1428520524223268531	CPU_4	97.29	0	0	0	0	1.35	1.35	0	0	0
1428520524938954206	CPU_4	100.00	0	0	0	0	0	0	0	0	0
1428520525654594174	CPU_4	98.61	0	0	0	0	1.38	0	0	0	0
1428520526380092699	CPU_4	97.26	0	0	0	0	1.36	1.36	0	0	0
1428520527099697365	CPU_4	100.00	0	0	0	0	0	0	0	0	0
1428520527827346052	CPU_4	97.29	0	0	0	0	1.35	1.35	0	0	0
1428520528542784187	CPU_4	98.59	0	0	0	0	1.40	0	0	0	0
1428520529261928937	CPU_4	100.00	0	0	0	0	0	0	0	0	0
1428520529988564294	CPU_4	97.29	0	0	0	0	1.35	1.35	0	0	0
1428520530709733622	CPU_4	98.61	0	0	0	0	1.38	0	0	0	0
1428520531433775694	CPU_4	100.00	0	0	0	0	0	0	0	0	0
1428520532150612617	CPU_4	97.22	0	0	0	0	1.38	1.38	0	0	0
1428520532874091440	CPU_4	100.00	0	0	0	0	0	0	0	0	0
1428520533595960100	CPU_4	98.61	0	0	0	0	1.38	0	0	0	0
1428520534313406064	CPU_4	97.22	0	0	0	0	1.38	1.38	0	0	0
1428520535040661211	CPU_4	100.00	0	0	0	0	0	0	0	0	0
1428520535758126466	CPU_4	98.61	0	0	0	0	1.38	0	0	0	0
1428520536486246360	CPU_4	97.26	0	0	0	0	1.36	1.36	0	0	0
1428520537207266065	CPU_4	100.00	0	0	0	0	0	0	0	0	0
1428520537925769859	CPU_4	98.61	0	0	0	0	1.38	0	0	0	0
1428520538653471339	CPU_4	97.29	0	0	0	0	1.35	1.35	0	0	0
1428520539369705347	CPU_4	100.00	0	0	0	0	0	0	0	0	0
1428520540100024070	CPU_4	97.29	0	0	0	0	1.35	1.35	0	0	0
1428520540817564825	CPU_4	98.61	0	0	0	0	1.38	0	0	0	0
1428520541536776035	CPU_4	100.00	0	0	0	0	0	0	0	0	0
1428520542261778105	CPU_4	97.26	0	0	0	0	1.36	1.36	0	0	0
1428520542980870315	CPU_4	98.61	0	0	0	0	1.38	0	0	0	0
1428520543707738672	CPU_4	100.00	0	0	0	0	0	0	0	0	0
1428520544427105131	CPU_4	97.26	0	0	0	0	1.36	1.36	0	0	0
1428520545142315184	CPU_4	98.59	0	0	0	0	1.40	0	0	0	0
1428520545870964453	CPU_4	100.00	0	0	0	0	0	0	0	0	0
1428520546588534501	CPU_4	97.26	0	0	0	0	1.36	1.36	0	0	0
1428520547317534894	CPU_4	98.61	0	0	0	0	1.38	0	0	0	0
1428520548036700438	CPU_4	100.00	0	0	0	0	0	0	0	0	0
1428520548755271816	CPU_4	97.26	0	0	0	0	1.36	1.36	0	0	0
1428520549483096713	CPU_4	98.61	0	0	0	0	1.38	0	0	0	0
1428520550199448597	CPU_4	100.00	0	0	0	0	0	0	0	0	0
1428520550927868992	CPU_4	97.29	0	0	0	0	1.35	1.35	0	0	0
1428520551649882695	CPU_4	98.61	0	0	0	0	1.38	0	0	0	0
1428520552367399410	CPU_4	100.00	0	0	0	0	0	0	0	0	0
1428520553092479689	CPU_4	97.26	0	0	0	0	1.36	1.36	0	0	0
1428520553811238234	CPU_4	100.00	0	0	0	0	0	0	0	0	0
1428520554539559254	CPU_4	97.29	0	0	0	0	1.35	1.35	0	0	0
1428520555258100425	CPU_4	98.61	0	0	0	0	1.38	0	0	0	0
1428520555977678885	CPU_4	100.00	0	0	0	0	0	0	0	0	0
1428520556703321537	CPU_4	97.26	0	0	0	0	1.36	1.36	0	0	0
1428520557423295621	CPU_4	98.61	0	0	0	0	1.38	0	0	0	0
1428520558154145052	CPU_4	100.00	0	0	0	0	0	0	0	0	0
1428520558873601137	CPU_4	97.22	0	0	0	0	1.38	1.38	0	0	0
1428520559612416132	CPU_4	98.63	0	0	0	0	1.36	0	0	0	0
1428520560330969470	CPU_4	100.00	0	0	0	0	0	0	0	0	0
1428520561050175139	CPU_4	97.22	0	0	0	0	1.38	1.38	0	0	0
1428520561781736902	CPU_4	98.64	0	0	0	0	1.35	0	0	0	0
1428520562500588447	CPU_4	100.00	0	0	0	0	0	0	0	0	0
1428520563228381303	CPU_4	97.29	0	0	0	0	1.35	1.35	0	0	0
1428520563953010459	CPU_4	98.61	0	0	0	0	1.38	0	0	0	0
1428520564670984174	CPU_4	100.00	0	0	0	0	0	0	0	0	0
1428520565400834941	CPU_4	97.29	0	0	0	0	1.35	1.35	0	0	0
1428520566121778482	CPU_4	98.61	0	0	0	0	1.38	0	0	0	0
1428520566852675288	CPU_4	98.63	0	0	0	0	0	1.36	0	0	0
1428520567570087713	CPU_4	98.61	0	0	0	0	1.38	0	0	0	0
1428520568289005717	CPU_4	98.61	0	0	0	0	1.38	0	0	0	0
1428520569020338398	CPU_4	98.63	0	0	0	0	0	1.36	0	0	0
1428520569741426521	CPU_4	98.61	0	0	0	0	1.38	0	0	0	0
1428520570470992123	CPU_4	98.63	0	0	0	0	1.36	0	0	0	0
1428520571189475879	CPU_4	98.61	0	0	0	0	0	1.38	0	0	0
1428520571911168501	CPU_4	98.59	0	0	0	0	1.40	0	0	0	0
1428520572636944280	CPU_4	98.63	0	0	0	0	1.36	0	0	0	0
1428520573357588113	CPU_4	98.61	0	0	0	0	0	1.38	0	0	0
1428520574087628089	CPU_4	98.63	0	0	0	0	1.36	0	0	0	0
1428520574808447214	CPU_4	98.63	0	0	0	0	1.36	0	0	0	0
1428520575526537762	CPU_4	98.59	0	0	0	0	0	1.40	0	0	0
1428520576252972956	CPU_4	98.61	0	0	0	0	1.38	0	0	0	0
1428520576973399832	CPU_4	98.63	0	0	0	0	1.36	0	0	0	0
1428520577705632178	CPU_4	98.63	0	0	0	0	0	1.36	0	0	0
1428520578424078392	CPU_4	98.61	0	0	0	0	1.38	0	0	0	0
1428520579154558909	CPU_4	97.29	0	0	0	0	1.35	1.35	0	0	0
1428520579876941447	CPU_4	100.00	0	0	0	0	0	0	0	0	0
1428520580595684578	CPU_4	98.61	0	0	0	0	1.38	0	0	0	0
1428520581323394560	CPU_4	97.29	0	0	0	0	1.35	1.35	0	0	0
1428520582044614060	CPU_4	100.00	0	0	0	0	0	0	0	0	0
1428520582775378076	CPU_4	98.63	0	0	0	0	1.36	0	0	0	0
1428520583495684286	CPU_4	97.26	0	0	0	0	1.36	1.36	0	0	0
1428520584226512220	CPU_4	100.00	0	0	0	0	0	0	0	0	0
1428520584963852178	CPU_4	98.64	0	0	0	0	1.35	0	0	0	0
1428520585683579056	CPU_4	97.26	0	0	0	0	1.36	1.36	0	0	0
1428520586413947949	CPU_4	100.00	0	0	0	0	0	0	0	0	0
1428520587131279751	CPU_4	98.61	0	0	0	0	1.38	0	0	0	0
1428520587864878427	CPU_4	97.26	0	0	0	0	1.36	1.36	0	0	0
1428520588586502384	CPU_4	100.00	0	0	0	0	0	0	0	0	0
1428520589306491054	CPU_4	97.26	0	0	0	0	1.36	1.36	0	0	0
1428520590034281245	CPU_4	98.63	0	0	0	0	1.36	0	0	0	0
1428520590752674461	CPU_4	100.00	0	0	0	0	0	0	0	0	0
1428520591483211687	CPU_4	97.29	0	0	0	0	1.35	1.35	0	0	0
1428520592202410442	CPU_4	34.72	0	1.38	63.88	0	0	0	0	0	0
