#Timestamp	CPU_ID	user%	nice%	sys%	idle%	iowait%	irq%	softiq%	steal%	guest%	guest_nice%
1428610308503166108	CPU_0	10.34	0	6.89	81.03	0	1.72	0	0	0	0
1428610309116427538	CPU_0	0	0	0	100.00	0	0	0	0	0	0
1428610309730973424	CPU_0	0	0	0	100.00	0	0	0	0	0	0
1428610310343160731	CPU_0	0	0	0	96.77	0	3.22	0	0	0	0
1428610310962675566	CPU_0	0	0	0	100.00	0	0	0	0	0	0
1428610311576686619	CPU_0	0	0	0	100.00	0	0	0	0	0	0
1428610312190901381	CPU_0	0	0	0	100.00	0	0	0	0	0	0
1428610312804558519	CPU_0	0	0	0	100.00	0	0	0	0	0	0
1428610313419546238	CPU_0	0	0	1.66	98.33	0	0	0	0	0	0
1428610314040432904	CPU_0	0	0	0	100.00	0	0	0	0	0	0
1428610314655496581	CPU_0	0	0	1.61	98.38	0	0	0	0	0	0
1428610315270297258	CPU_0	0	0	0	98.36	0	1.63	0	0	0	0
1428610315885900351	CPU_0	0	0	0	100.00	0	0	0	0	0	0
1428610316500985153	CPU_0	0	0	0	100.00	0	0	0	0	0	0
1428610317122492860	CPU_0	0	0	0	96.77	0	3.22	0	0	0	0
1428610317737334537	CPU_0	0	0	0	100.00	0	0	0	0	0	0
1428610318353106255	CPU_0	0	0	1.63	98.36	0	0	0	0	0	0
1428610318968215016	CPU_0	0	0	0	100.00	0	0	0	0	0	0
1428610319590877053	CPU_0	0	0	0	100.00	0	0	0	0	0	0
1428610320206585938	CPU_0	0	0	0	100.00	0	0	0	0	0	0
1428610320822829364	CPU_0	0	0	1.63	98.36	0	0	0	0	0	0
1428610321438043416	CPU_0	1.63	0	0	98.36	0	0	0	0	0	0
1428610322055009090	CPU_0	0	0	0	98.38	0	1.61	0	0	0	0
1428610322677176171	CPU_0	0	0	1.61	98.38	0	0	0	0	0	0
1428610323293570888	CPU_0	0	0	0	100.00	0	0	0	0	0	0
1428610323909509731	CPU_0	0	0	0	96.82	0	3.17	0	0	0	0
1428610324526289614	CPU_0	0	0	1.61	98.38	0	0	0	0	0	0
1428610325151687855	CPU_0	0	0	0	100.00	0	0	0	0	0	0
1428610325768205489	CPU_0	0	0	0	100.00	0	0	0	0	0	0
1428610326384032415	CPU_0	0	0	0	100.00	0	0	0	0	0	0
1428610327000812382	CPU_0	0	0	1.61	98.38	0	0	0	0	0	0
1428610327616486601	CPU_0	0	0	0	100.00	0	0	0	0	0	0
1428610328239226431	CPU_0	0	0	0	96.82	1.58	1.58	0	0	0	0
1428610328854925566	CPU_0	0	0	0	100.00	0	0	0	0	0	0
1428610329471214368	CPU_0	0	0	0	100.00	0	0	0	0	0	0
1428610330088305834	CPU_0	0	0	0	100.00	0	0	0	0	0	0
1428610330704832510	CPU_0	0	0	0	98.38	0	1.61	0	0	0	0
1428610331326510592	CPU_0	0	0	1.61	98.38	0	0	0	0	0	0
1428610331942295770	CPU_0	0	0	0	98.36	0	1.63	0	0	0	0
1428610332558890487	CPU_0	0	0	0	100.00	0	0	0	0	0	0
1428610333175716163	CPU_0	0	0	0	100.00	0	0	0	0	0	0
1428610333797730953	CPU_0	0	0	0	100.00	0	0	0	0	0	0
1428610334414277379	CPU_0	0	0	3.17	95.23	0	1.58	0	0	0	0
1428610335031665429	CPU_0	0	0	1.61	98.38	0	0	0	0	0	0
1428610335648880604	CPU_0	0	0	0	100.00	0	0	0	0	0	0
1428610336265840238	CPU_0	0	0	1.61	98.38	0	0	0	0	0	0
1428610336888677735	CPU_0	0	0	0	100.00	0	0	0	0	0	0
1428610337505465744	CPU_0	0	0	0	98.36	0	1.63	0	0	0	0
1428610338123181710	CPU_0	0	0	0	100.00	0	0	0	0	0	0
1428610338740418010	CPU_0	0	0	1.56	95.31	0	3.12	0	0	0	0
1428610339363306091	CPU_0	0	0	0	100.00	0	0	0	0	0	0
1428610339980583975	CPU_0	0	0	0	100.00	0	0	0	0	0	0
1428610340598464899	CPU_0	0	0	1.63	98.36	0	0	0	0	0	0
1428610341215588408	CPU_0	0	0	0	100.00	0	0	0	0	0	0
1428610341832432001	CPU_0	0	0	0	100.00	0	0	0	0	0	0
1428610342456068956	CPU_0	0	0	0	100.00	0	0	0	0	0	0
1428610343073933339	CPU_0	0	0	3.22	95.16	0	1.61	0	0	0	0
1428610343691601180	CPU_0	0	0	0	98.30	0	1.69	0	0	0	0
1428610344309335605	CPU_0	0	0	0	98.33	0	1.66	0	0	0	0
1428610344934866973	CPU_0	11.29	0	3.22	83.87	0	1.61	0	0	0	0
1428610345554050687	CPU_0	0	0	0	100.00	0	0	0	0	0	0
1428610346171358071	CPU_0	0	0	1.61	98.38	0	0	0	0	0	0
1428610346788871997	CPU_0	0	0	0	100.00	0	0	0	0	0	0
1428610347406219881	CPU_0	0	0	0	98.38	0	1.61	0	0	0	0
1428610348031493125	CPU_0	0	0	0	96.82	0	3.17	0	0	0	0
1428610348648752051	CPU_0	0	0	0	100.00	0	0	0	0	0	0
1428610349266372351	CPU_0	4.91	0	1.63	93.44	0	0	0	0	0	0
1428610349883871736	CPU_0	0	0	0	100.00	0	0	0	0	0	0
1428610350507717066	CPU_0	0	0	1.61	98.38	0	0	0	0	0	0
1428610351128451652	CPU_0	0	0	0	100.00	0	0	0	0	0	0
1428610351746491327	CPU_0	0	0	0	100.00	0	0	0	0	0	0
1428610352364310669	CPU_0	0	0	1.61	98.38	0	0	0	0	0	0
1428610352982567344	CPU_0	0	0	0	100.00	0	0	0	0	0	0
1428610353607309923	CPU_0	0	0	0	98.36	0	1.63	0	0	0	0
1428610354224937932	CPU_0	0	0	0	98.38	0	0	1.61	0	0	0
1428610354843207232	CPU_0	0	0	1.61	98.38	0	0	0	0	0	0
1428610355460699950	CPU_0	0	0	0	98.38	0	1.61	0	0	0	0
1428610356079851915	CPU_0	0	0	0	100.00	0	0	0	0	0	0
1428610356701983291	CPU_0	0	0	0	93.84	0	6.15	0	0	0	0
1428610357319702925	CPU_0	0	0	0	100.00	0	0	0	0	0	0
1428610357937362560	CPU_0	0	0	0	100.00	0	0	0	0	0	0
1428610358555949526	CPU_0	0	0	0	100.00	0	0	0	0	0	0
1428610359179525524	CPU_0	0	0	0	100.00	0	0	0	0	0	0
1428610359797022701	CPU_0	0	0	0	100.00	0	0	0	0	0	0
1428610360414550211	CPU_0	0	0	0	100.00	0	0	0	0	0	0
1428610361032130972	CPU_0	0	0	1.63	98.36	0	0	0	0	0	0
1428610361649933856	CPU_0	0	0	0	100.00	0	0	0	0	0	0
1428610362273409063	CPU_0	0	0	1.61	98.38	0	0	0	0	0	0
1428610362891165823	CPU_0	0	0	0	100.00	0	0	0	0	0	0
1428610363508979542	CPU_0	0	0	0	98.38	0	0	1.61	0	0	0
1428610364127469509	CPU_0	0	0	0	100.00	0	0	0	0	0	0
1428610364751380382	CPU_0	0	0	0	100.00	0	0	0	0	0	0
1428610365369601016	CPU_0	0	0	0	100.00	0	0	0	0	0	0
1428610365987243985	CPU_0	0	0	1.63	98.36	0	0	0	0	0	0
1428610366605466744	CPU_0	0	0	0	100.00	0	0	0	0	0	0
1428610367222729714	CPU_0	0	0	0	98.38	0	1.61	0	0	0	0
1428610367847717419	CPU_0	0	0	1.61	98.38	0	0	0	0	0	0
1428610368465861054	CPU_0	0	0	0	100.00	0	0	0	0	0	0
1428610369085278311	CPU_0	0	0	0	98.38	0	1.61	0	0	0	0
1428610369703346863	CPU_0	0	0	0	100.00	0	0	0	0	0	0
1428610370327421403	CPU_0	0	0	0	100.00	0	0	0	0	0	0
1428610370945371788	CPU_0	0	0	0	100.00	0	0	0	0	0	0
1428610371564184630	CPU_0	0	0	1.58	96.82	0	1.58	0	0	0	0
1428610372182202391	CPU_0	0	0	0	100.00	0	0	0	0	0	0
1428610372800380859	CPU_0	0	0	0	98.38	0	0	1.61	0	0	0
1428610373424672983	CPU_0	0	0	0	98.38	0	1.61	0	0	0	0
1428610374042749993	CPU_0	0	0	0	100.00	0	0	0	0	0	0
1428610374661356669	CPU_0	0	0	1.61	98.38	0	0	0	0	0	0
1428610375279505513	CPU_0	0	0	0	98.38	0	1.61	0	0	0	0
1428610375903209471	CPU_0	0	0	1.61	98.38	0	0	0	0	0	0
1428610376521292898	CPU_0	0	0	0	98.38	0	1.61	0	0	0	0
1428610377140248824	CPU_0	0	0	1.53	93.84	0	0	4.61	0	0	0
1428610377758571793	CPU_0	0	0	0	100.00	0	0	0	0	0	0
1428610378376971011	CPU_0	0	0	0	98.36	1.63	0	0	0	0	0
1428610379001774384	CPU_0	0	0	0	100.00	0	0	0	0	0	0
1428610379621543059	CPU_0	0	0	1.58	96.82	0	1.58	0	0	0	0
1428610380240370152	CPU_0	0	0	0	100.00	0	0	0	0	0	0
1428610380859433952	CPU_0	0	0	0	100.00	0	0	0	0	0	0
1428610381484368825	CPU_0	0	0	1.61	98.38	0	0	0	0	0	0
1428610382104136583	CPU_0	0	0	0	98.38	0	1.61	0	0	0	0
1428610382722618677	CPU_0	0	0	0	100.00	0	0	0	0	0	0
1428610383341469687	CPU_0	0	0	0	100.00	0	0	0	0	0	0
1428610383960480613	CPU_0	0	0	1.51	92.42	0	6.06	0	0	0	0
1428610384586914609	CPU_0	0	0	0	100.00	0	0	0	0	0	0
1428610385206546201	CPU_0	0	0	0	100.00	0	0	0	0	0	0
1428610385825148586	CPU_0	0	0	0	100.00	0	0	0	0	0	0
1428610386444341721	CPU_0	0	0	0	100.00	0	0	0	0	0	0
1428610387069377677	CPU_0	0	0	0	100.00	0	0	0	0	0	0
1428610387689228019	CPU_0	0	0	1.61	98.38	0	0	0	0	0	0
1428610388308294612	CPU_0	0	0	1.63	98.36	0	0	0	0	0	0
1428610388926801790	CPU_0	0	0	0	100.00	0	0	0	0	0	0
1428610389546028050	CPU_0	0	0	0	100.00	0	0	0	0	0	0
1428610390171532422	CPU_0	0	0	0	100.00	0	0	0	0	0	0
1428610390790629974	CPU_0	0	0	0	100.00	0	0	0	0	0	0
1428610391409049652	CPU_0	0	0	0	100.00	0	0	0	0	0	0
1428610392027908246	CPU_0	0	0	1.61	98.38	0	0	0	0	0	0
1428610392653864952	CPU_0	0	0	0	100.00	0	0	0	0	0	0
1428610393272730838	CPU_0	0	0	1.58	96.82	0	1.58	0	0	0	0
1428610393891771307	CPU_0	0	0	0	100.00	0	0	0	0	0	0
1428610394511036900	CPU_0	0	0	0	100.00	0	0	0	0	0	0
1428610395130365160	CPU_0	1.56	0	3.12	93.75	0	1.56	0	0	0	0
1428610395755598367	CPU_0	0	0	0	100.00	0	0	0	0	0	0
1428610396373732213	CPU_0	0	0	0	100.00	0	0	0	0	0	0
1428610396992690599	CPU_0	0	0	0	100.00	0	0	0	0	0	0
1428610397612255192	CPU_0	0	0	1.58	96.82	0	1.58	0	0	0	0
1428610398237497525	CPU_0	0	0	0	100.00	0	0	0	0	0	0
1428610398856030287	CPU_0	0	0	0	100.00	0	0	0	0	0	0
1428610399475599547	CPU_0	0	0	0	98.38	0	1.61	0	0	0	0
1428610400095519765	CPU_0	0	0	1.61	98.38	0	0	0	0	0	0
1428610400714744109	CPU_0	0	0	0	100.00	0	0	0	0	0	0
1428610401339395609	CPU_0	0	0	0	100.00	0	0	0	0	0	0
1428610401958052788	CPU_0	0	0	0	93.84	0	6.15	0	0	0	0
1428610402577067925	CPU_0	0	0	1.61	98.38	0	0	0	0	0	0
1428610403196624810	CPU_0	0	0	1.63	98.36	0	0	0	0	0	0
1428610403821864018	CPU_0	0	0	0	100.00	0	0	0	0	0	0
1428610404440682947	CPU_0	0	0	0	96.82	0	0	3.17	0	0	0
1428610405060040374	CPU_0	0	0	0	100.00	0	0	0	0	0	0
1428610405679541218	CPU_0	0	0	0	100.00	0	0	0	0	0	0
1428610406298684980	CPU_0	0	0	1.66	98.33	0	0	0	0	0	0
1428610406923575814	CPU_0	0	0	0	100.00	0	0	0	0	0	0
1428610407542359910	CPU_0	0	0	0	100.00	0	0	0	0	0	0
1428610408161482296	CPU_0	0	0	0	98.33	1.66	0	0	0	0	0
1428610408780310976	CPU_0	0	0	1.61	98.38	0	0	0	0	0	0
1428610409405074352	CPU_0	0	0	0	100.00	0	0	0	0	0	0
1428610410024397155	CPU_0	0	0	1.61	98.38	0	0	0	0	0	0
1428610410643827416	CPU_0	0	0	0	98.38	0	1.61	0	0	0	0
1428610411263132011	CPU_0	0	0	0	100.00	0	0	0	0	0	0
1428610411881925899	CPU_0	0	0	0	95.23	0	4.76	0	0	0	0
1428610412507641940	CPU_0	0	0	0	100.00	0	0	0	0	0	0
1428610413127678076	CPU_0	0	0	0	100.00	0	0	0	0	0	0
1428610413747276712	CPU_0	0	0	1.61	98.38	0	0	0	0	0	0
1428610414366430766	CPU_0	0	0	0	100.00	0	0	0	0	0	0
1428610414992397016	CPU_0	0	0	1.61	98.38	0	0	0	0	0	0
1428610415611836778	CPU_0	0	0	0	100.00	0	0	0	0	0	0
1428610416232033080	CPU_0	0	0	0	100.00	0	0	0	0	0	0
1428610416851387425	CPU_0	0	0	0	100.00	0	0	0	0	0	0
1428610417470546355	CPU_0	0	0	0	100.00	0	0	0	0	0	0
1428610418096191522	CPU_0	0	0	0	100.00	0	0	0	0	0	0
1428610418717378239	CPU_0	0	0	0	100.00	0	0	0	0	0	0
1428610419336831251	CPU_0	0	0	0	95.31	0	4.68	0	0	0	0
1428610419956366805	CPU_0	0	0	1.61	98.38	0	0	0	0	0	0
1428610420582020514	CPU_0	0	0	0	100.00	0	0	0	0	0	0
1428610421202408191	CPU_0	0	0	0	100.00	0	0	0	0	0	0
1428610421821569162	CPU_0	0	0	0	100.00	0	0	0	0	0	0
1428610422441440591	CPU_0	0	0	0	100.00	0	0	0	0	0	0
1428610423060619521	CPU_0	0	0	0	100.00	0	0	0	0	0	0
1428610423686792770	CPU_0	0	0	1.61	98.38	0	0	0	0	0	0
1428610424306366200	CPU_0	0	0	1.61	98.38	0	0	0	0	0	0
1428610424925765712	CPU_0	0	0	0	100.00	0	0	0	0	0	0
1428610425545363558	CPU_0	0	0	0	100.00	0	0	0	0	0	0
1428610426171469850	CPU_0	1.56	0	0	96.87	0	1.56	0	0	0	0
1428610426791310571	CPU_0	0	0	0	98.38	0	0	1.61	0	0	0
1428610427410421251	CPU_0	0	0	0	98.38	0	1.61	0	0	0	0
1428610428029591515	CPU_0	0	0	1.61	98.38	0	0	0	0	0	0
1428610428655762015	CPU_0	0	0	0	100.00	0	0	0	0	0	0
1428610429278135189	CPU_0	0	0	0	100.00	0	0	0	0	0	0
1428610429897407411	CPU_0	0	0	0	100.00	0	0	0	0	0	0
1428610430517061424	CPU_0	0	0	1.58	96.82	0	1.58	0	0	0	0
1428610431137137103	CPU_0	0	0	0	100.00	0	0	0	0	0	0
1428610431764256769	CPU_0	0	0	1.56	96.87	0	0	1.56	0	0	0
1428610432383564324	CPU_0	0	0	0	100.00	0	0	0	0	0	0
1428610433003235421	CPU_0	0	0	0	93.75	0	6.25	0	0	0	0
1428610433622569476	CPU_0	0	0	0	100.00	0	0	0	0	0	0
1428610434251783471	CPU_0	0	0	0	100.00	0	0	0	0	0	0
1428610434871014902	CPU_0	0	0	1.58	98.41	0	0	0	0	0	0
1428610435489982792	CPU_0	0	0	1.61	98.38	0	0	0	0	0	0
1428610436108981932	CPU_0	0	0	0	100.00	0	0	0	0	0	0
1428610436728875653	CPU_0	0	0	0	100.00	0	0	0	0	0	0
1428610437353765823	CPU_0	0	0	0	100.00	0	0	0	0	0	0
1428610437972983213	CPU_0	0	0	0	100.00	0	0	0	0	0	0
1428610438591475271	CPU_0	0	0	0	98.38	1.61	0	0	0	0	0
1428610439211723492	CPU_0	0	0	1.61	98.38	0	0	0	0	0	0
1428610439838378867	CPU_0	0	0	0	100.00	0	0	0	0	0	0
1428610440458179506	CPU_0	0	0	1.61	98.38	0	0	0	0	0	0
1428610441078206602	CPU_0	0	0	1.63	98.36	0	0	0	0	0	0
1428610441698823781	CPU_0	0	0	0	98.38	0	1.61	0	0	0	0
1428610442318227921	CPU_0	0	0	0	100.00	0	0	0	0	0	0
1428610442943922257	CPU_0	0	0	0	100.00	0	0	0	0	0	0
1428610443563257022	CPU_0	0	0	0	95.16	0	4.83	0	0	0	0
1428610444182920911	CPU_0	0	0	0	100.00	0	0	0	0	0	0
1428610444802198176	CPU_0	0	0	0	96.82	0	0	3.17	0	0	0
1428610445427429430	CPU_0	0	0	0	100.00	0	0	0	0	0	0
1428610446047203819	CPU_0	0	0	1.61	98.38	0	0	0	0	0	0
1428610446667611040	CPU_0	0	0	0	100.00	0	0	0	0	0	0
1428610447288288720	CPU_0	0	0	1.61	98.38	0	0	0	0	0	0
1428610447908803274	CPU_0	0	0	0	100.00	0	0	0	0	0	0
1428610448535146026	CPU_0	0	0	0	100.00	0	0	0	0	0	0
1428610449154725750	CPU_0	0	0	0	100.00	0	0	0	0	0	0
1428610449775368429	CPU_0	0	0	0	100.00	0	0	0	0	0	0
1428610450395019652	CPU_0	0	0	1.58	96.82	0	1.58	0	0	0	0
1428610451021703612	CPU_0	0	0	0	100.00	0	0	0	0	0	0
1428610451641375669	CPU_0	0	0	0	100.00	0	0	0	0	0	0
1428610452262370806	CPU_0	0	0	1.58	96.82	0	1.58	0	0	0	0
1428610452881791114	CPU_0	0	0	0	100.00	0	0	0	0	0	0
1428610453502158419	CPU_0	0	0	0	100.00	0	0	0	0	0	0
1428610454128075923	CPU_0	0	0	0	100.00	0	0	0	0	0	0
1428610454749106185	CPU_0	0	0	0	98.38	0	1.61	0	0	0	0
1428610455368927450	CPU_0	0	0	1.61	98.38	0	0	0	0	0	0
1428610455989236340	CPU_0	0	0	1.61	98.38	0	0	0	0	0	0
1428610456615029385	CPU_0	0	0	0	98.38	0	1.61	0	0	0	0
1428610457236018523	CPU_0	0	0	0	100.00	0	0	0	0	0	0
1428610457855300331	CPU_0	0	0	0	100.00	0	0	0	0	0	0
1428610458474982680	CPU_0	0	0	0	100.00	0	0	0	0	0	0
1428610459095798527	CPU_0	0	0	0	98.38	0	1.61	0	0	0	0
1428610459721082240	CPU_0	0	0	0	100.00	0	0	0	0	0	0
1428610460341138214	CPU_0	0	0	0	96.82	0	3.17	0	0	0	0
1428610460961442562	CPU_0	0	0	1.61	98.38	0	0	0	0	0	0
1428610461581613077	CPU_0	0	0	0	100.00	0	0	0	0	0	0
1428610462209347286	CPU_0	0	0	1.58	98.41	0	0	0	0	0	0
1428610462830014800	CPU_0	0	0	1.58	96.82	0	0	1.58	0	0	0
1428610463451162855	CPU_0	1.63	0	0	95.08	1.63	1.63	0	0	0	0
1428610464072693451	CPU_0	0	0	0	98.33	0	1.66	0	0	0	0
1428610464700765076	CPU_0	9.83	0	1.63	86.88	0	1.63	0	0	0	0
1428610465321208174	CPU_0	0	0	1.58	98.41	0	0	0	0	0	0
1428610465942157605	CPU_0	0	0	0	100.00	0	0	0	0	0	0
1428610466562310204	CPU_0	0	0	1.58	96.82	0	1.58	0	0	0	0
1428610467182680469	CPU_0	1.61	0	0	98.38	0	0	0	0	0	0
1428610467809923429	CPU_0	0	0	0	98.38	0	1.61	0	0	0	0
1428610468430677236	CPU_0	0	0	0	100.00	0	0	0	0	0	0
1428610469050707252	CPU_0	0	0	0	100.00	0	0	0	0	0	0
1428610469672070473	CPU_0	5.00	0	0	95.00	0	0	0	0	0	0
1428610470298899351	CPU_0	0	0	0	96.87	0	1.56	1.56	0	0	0
1428610470919163909	CPU_0	0	0	0	100.00	0	0	0	0	0	0
1428610471539022842	CPU_0	0	0	1.61	96.77	0	1.61	0	0	0	0
1428610472160099273	CPU_0	0	0	0	100.00	0	0	0	0	0	0
1428610472780776163	CPU_0	0	0	1.61	98.38	0	0	0	0	0	0
1428610473407221584	CPU_0	0	0	1.61	98.38	0	0	0	0	0	0
1428610474027338559	CPU_0	0	0	0	98.38	0	1.61	0	0	0	0
1428610474647927033	CPU_0	0	0	0	100.00	0	0	0	0	0	0
1428610475268391632	CPU_0	0	0	0	100.00	0	0	0	0	0	0
1428610475895114011	CPU_0	0	0	1.56	96.87	0	1.56	0	0	0	0
1428610476515050236	CPU_0	0	0	0	100.00	0	0	0	0	0	0
1428610477135557335	CPU_0	0	0	0	100.00	0	0	0	0	0	0
1428610477756521850	CPU_0	0	0	0	93.75	0	6.25	0	0	0	0
1428610478378582655	CPU_0	0	0	1.58	96.82	0	0	1.58	0	0	0
1428610479003860370	CPU_0	0	0	0	100.00	0	0	0	0	0	0
1428610479624633386	CPU_0	0	0	0	100.00	0	0	0	0	0	0
1428610480245509318	CPU_0	0	0	0	100.00	0	0	0	0	0	0
1428610480865350169	CPU_0	0	0	1.61	98.38	0	0	0	0	0	0
1428610481492011132	CPU_0	0	0	0	100.00	0	0	0	0	0	0
1428610482112436273	CPU_0	0	0	0	100.00	0	0	0	0	0	0
1428610482733400372	CPU_0	0	0	0	100.00	0	0	0	0	0	0
1428610483353146557	CPU_0	0	0	1.61	96.77	0	0	1.61	0	0	0
1428610483978903313	CPU_0	0	0	0	100.00	0	0	0	0	0	0
1428610484598992497	CPU_0	0	0	0	100.00	0	0	0	0	0	0
1428610485219933471	CPU_0	0	0	0	100.00	0	0	0	0	0	0
1428610485839611948	CPU_0	0	0	0	100.00	0	0	0	0	0	0
1428610486459560383	CPU_0	0	0	0	98.38	0	1.61	0	0	0	0
1428610487086013180	CPU_0	0	0	0	100.00	0	0	0	0	0	0
1428610487706092323	CPU_0	0	0	0	100.00	0	0	0	0	0	0
1428610488326743714	CPU_0	0	0	0	98.38	0	1.61	0	0	0	0
1428610488946850107	CPU_0	0	0	1.61	98.38	0	0	0	0	0	0
1428610489573441321	CPU_0	0	0	0	96.87	0	3.12	0	0	0	0
1428610490193913463	CPU_0	0	0	0	100.00	0	0	0	0	0	0
1428610490815009229	CPU_0	0	0	0	100.00	0	0	0	0	0	0
1428610491435458163	CPU_0	0	0	1.61	98.38	0	0	0	0	0	0
1428610492055708931	CPU_0	0	0	0	100.00	0	0	0	0	0	0
1428610492682407520	CPU_0	0	0	0	100.00	0	0	0	0	0	0
1428610493303227954	CPU_0	0	0	0	100.00	0	0	0	0	0	0
1428610493924426136	CPU_0	0	0	1.61	98.38	0	0	0	0	0	0
1428610494544877196	CPU_0	1.61	0	0	98.38	0	0	0	0	0	0
1428610495172950949	CPU_0	0	0	0	98.41	0	1.58	0	0	0	0
1428610495795360546	CPU_0	0	0	1.61	98.38	0	0	0	0	0	0
1428610496416471146	CPU_0	0	0	0	96.82	0	0	3.17	0	0	0
1428610497037500038	CPU_0	0	0	0	100.00	0	0	0	0	0	0
1428610497665113459	CPU_0	0	0	0	98.38	0	1.61	0	0	0	0
1428610498289822761	CPU_0	0	0	0	100.00	0	0	0	0	0	0
1428610498911296943	CPU_0	0	0	1.61	98.38	0	0	0	0	0	0
1428610499532436460	CPU_0	0	0	1.61	96.77	0	1.61	0	0	0	0
1428610500153348603	CPU_0	0	0	0	98.41	0	1.58	0	0	0	0
1428610500781614606	CPU_0	0	0	0	100.00	0	0	0	0	0	0
1428610501402710206	CPU_0	0	0	0	100.00	0	0	0	0	0	0
1428610502024277723	CPU_0	0	0	0	98.38	0	1.61	0	0	0	0
1428610502645371740	CPU_0	0	0	1.61	98.38	0	0	0	0	0	0
1428610503273253744	CPU_0	0	0	1.58	96.82	1.58	0	0	0	0	0
1428610503894781094	CPU_0	0	0	0	100.00	0	0	0	0	0	0
1428610504516223361	CPU_0	0	0	0	100.00	0	0	0	0	0	0
1428610505137928710	CPU_0	0	0	0	100.00	0	0	0	0	0	0
1428610505760062851	CPU_0	0	0	0	93.84	0	6.15	0	0	0	0
1428610506387658648	CPU_0	0	0	0	100.00	0	0	0	0	0	0
1428610507009218873	CPU_0	0	0	0	100.00	0	0	0	0	0	0
1428610507630566599	CPU_0	0	0	1.61	98.38	0	0	0	0	0	0
1428610508252458865	CPU_0	0	0	0	100.00	0	0	0	0	0	0
1428610508879956537	CPU_0	0	0	0	100.00	0	0	0	0	0	0
1428610509501476346	CPU_0	0	0	0	98.38	0	0	1.61	0	0	0
1428610510122717738	CPU_0	0	0	0	100.00	0	0	0	0	0	0
1428610510745458045	CPU_0	0	0	1.61	98.38	0	0	0	0	0	0
1428610511374595589	CPU_0	0	0	0	100.00	0	0	0	0	0	0
1428610511996509773	CPU_0	0	0	0	100.00	0	0	0	0	0	0
1428610512617340416	CPU_0	0	0	0	100.00	0	0	0	0	0	0
1428610513238543309	CPU_0	0	0	0	100.00	0	0	0	0	0	0
1428610513861359158	CPU_0	0	0	3.17	95.23	0	1.58	0	0	0	0
1428610514489383330	CPU_0	0	0	0	100.00	0	0	0	0	0	0
1428610515110375640	CPU_0	0	0	0	100.00	0	0	0	0	0	0
1428610515731985616	CPU_0	0	0	0	98.38	0	1.61	0	0	0	0
1428610516354161882	CPU_0	0	0	1.61	98.38	0	0	0	0	0	0
1428610516981908721	CPU_0	0	0	0	100.00	0	0	0	0	0	0
1428610517602847740	CPU_0	0	0	1.47	88.23	0	10.29	0	0	0	0
1428610518224275092	CPU_0	0	0	0	100.00	0	0	0	0	0	0
1428610518846268276	CPU_0	0	0	0	100.00	0	0	0	0	0	0
1428610519467705044	CPU_0	0	0	0	100.00	0	0	0	0	0	0
1428610520094379260	CPU_0	0	0	0	100.00	0	0	0	0	0	0
1428610520715501363	CPU_0	0	0	0	100.00	0	0	0	0	0	0
1428610521337202006	CPU_0	0	0	1.61	98.38	0	0	0	0	0	0
1428610521958100567	CPU_0	0	0	0	100.00	0	0	0	0	0	0
1428610522585490532	CPU_0	0	0	1.56	96.87	0	0	1.56	0	0	0
1428610523206407677	CPU_0	0	0	0	100.00	0	0	0	0	0	0
1428610523828026778	CPU_0	0	0	0	100.00	0	0	0	0	0	0
1428610524449204048	CPU_0	0	0	1.58	98.41	0	0	0	0	0	0
1428610525076221889	CPU_0	0	0	0	100.00	0	0	0	0	0	0
1428610525697197992	CPU_0	0	0	0	100.00	0	0	0	0	0	0
1428610526318976260	CPU_0	1.61	0	1.61	96.77	0	0	0	0	0	0
1428610526941190403	CPU_0	0	0	0	98.41	0	0	1.58	0	0	0
1428610527563120754	CPU_0	0	0	0	100.00	0	0	0	0	0	0
1428610528190607595	CPU_0	0	0	0	100.00	0	0	0	0	0	0
1428610528812868113	CPU_0	0	0	0	100.00	0	0	0	0	0	0
1428610529434080715	CPU_0	0	0	1.61	98.38	0	0	0	0	0	0
1428610530055496901	CPU_0	0	0	0	100.00	0	0	0	0	0	0
1428610530683098617	CPU_0	0	0	0	100.00	0	0	0	0	0	0
1428610531305324010	CPU_0	0	0	0	100.00	0	0	0	0	0	0
1428610531926701571	CPU_0	0	0	0	96.82	0	3.17	0	0	0	0
1428610532548102549	CPU_0	0	0	1.61	98.38	0	0	0	0	0	0
1428610533171451398	CPU_0	0	0	0	100.00	0	0	0	0	0	0
1428610533798262658	CPU_0	0	0	1.61	98.38	0	0	0	0	0	0
1428610534419586303	CPU_0	0	0	0	100.00	0	0	0	0	0	0
1428610535040689740	CPU_0	0	0	0	100.00	0	0	0	0	0	0
1428610535662432675	CPU_0	0	0	0	100.00	0	0	0	0	0	0
1428610536290167350	CPU_0	0	0	1.61	98.38	0	0	0	0	0	0
1428610536911440662	CPU_0	0	0	0	98.38	0	1.61	0	0	0	0
1428610537531793017	CPU_0	0	0	0	100.00	0	0	0	0	0	0
1428610538153569037	CPU_0	0	0	0	98.38	0	1.61	0	0	0	0
1428610538780734212	CPU_0	0	0	1.61	98.38	0	0	0	0	0	0
1428610539403178939	CPU_0	0	0	1.61	98.38	0	0	0	0	0	0
1428610540024130377	CPU_0	0	0	0	100.00	0	0	0	0	0	0
1428610540645722772	CPU_0	0	0	0	100.00	0	0	0	0	0	0
1428610541266939876	CPU_0	0	0	0	98.38	0	0	1.61	0	0	0
1428610541895536507	CPU_0	0	0	0	98.38	0	1.61	0	0	0	0
1428610542517169944	CPU_0	0	0	0	100.00	0	0	0	0	0	0
1428610543139394505	CPU_0	0	0	0	100.00	0	0	0	0	0	0
1428610543761002108	CPU_0	0	0	1.61	96.77	0	1.61	0	0	0	0
1428610544390279072	CPU_0	0	0	1.58	98.41	0	0	0	0	0	0
1428610545012077717	CPU_0	0	0	0	100.00	0	0	0	0	0	0
1428610545634133195	CPU_0	0	0	0	100.00	0	0	0	0	0	0
1428610546255683216	CPU_0	0	0	0	98.41	0	1.58	0	0	0	0
1428610546884367723	CPU_0	0	0	0	100.00	0	0	0	0	0	0
1428610547508783780	CPU_0	0	0	1.58	98.41	0	0	0	0	0	0
1428610548129987968	CPU_0	0	0	0	98.38	0	1.61	0	0	0	0
1428610548751831530	CPU_0	0	0	1.58	96.82	1.58	0	0	0	0	0
1428610549374393590	CPU_0	0	0	0	100.00	0	0	0	0	0	0
1428610550003260431	CPU_0	0	0	1.56	95.31	0	1.56	1.56	0	0	0
1428610550625149826	CPU_0	0	0	0	100.00	0	0	0	0	0	0
1428610551247213971	CPU_0	0	0	0	91.04	0	8.95	0	0	0	0
1428610551869994531	CPU_0	0	0	0	100.00	0	0	0	0	0	0
1428610552498256331	CPU_0	0	0	0	100.00	0	0	0	0	0	0
1428610553119880144	CPU_0	0	0	0	100.00	0	0	0	0	0	0
1428610553741870331	CPU_0	0	0	1.61	98.38	0	0	0	0	0	0
1428610554364038393	CPU_0	0	0	0	98.38	0	0	1.61	0	0	0
1428610554985864164	CPU_0	0	0	0	100.00	0	0	0	0	0	0
1428610555613593215	CPU_0	0	0	0	100.00	0	0	0	0	0	0
1428610556235782319	CPU_0	0	0	0	100.00	0	0	0	0	0	0
1428610556858011964	CPU_0	0	0	1.58	98.41	0	0	0	0	0	0
1428610557480368776	CPU_0	0	0	0	100.00	0	0	0	0	0	0
1428610558107586120	CPU_0	0	0	0	100.00	0	0	0	0	0	0
1428610558730356140	CPU_0	0	0	1.61	98.38	0	0	0	0	0	0
1428610559352889076	CPU_0	0	0	0	100.00	0	0	0	0	0	0
1428610559975125055	CPU_0	0	0	1.61	98.38	0	0	0	0	0	0
1428610560602674607	CPU_0	0	0	0	100.00	0	0	0	0	0	0
1428610561224997961	CPU_0	0	0	1.61	98.38	0	0	0	0	0	0
1428610561846892941	CPU_0	0	0	0	100.00	0	0	0	0	0	0
1428610562468832712	CPU_0	0	0	0	100.00	0	0	0	0	0	0
1428610563090357776	CPU_0	0	0	1.61	98.38	0	0	0	0	0	0
1428610563718992160	CPU_0	0	0	0	100.00	0	0	0	0	0	0
1428610564341364056	CPU_0	0	0	1.61	98.38	0	0	0	0	0	0
1428610564963129078	CPU_0	0	0	0	100.00	0	0	0	0	0	0
1428610565584658767	CPU_0	0	0	0	98.38	0	1.61	0	0	0	0
1428610566213850691	CPU_0	0	0	0	100.00	0	0	0	0	0	0
1428610566836506629	CPU_0	0	0	0	100.00	0	0	0	0	0	0
1428610567458828691	CPU_0	0	0	0	100.00	0	0	0	0	0	0
1428610568080706088	CPU_0	0	0	0	98.38	0	1.61	0	0	0	0
1428610568712233550	CPU_0	0	0	0	98.38	0	0	1.61	0	0	0
1428610569335134404	CPU_0	0	0	1.61	98.38	0	0	0	0	0	0
1428610569957437175	CPU_0	0	0	1.58	96.82	0	1.58	0	0	0	0
1428610570579453156	CPU_0	0	0	0	100.00	0	0	0	0	0	0
1428610571201941552	CPU_0	0	0	0	100.00	0	0	0	0	0	0
1428610571830677061	CPU_0	0	0	0	98.41	0	1.58	0	0	0	0
1428610572452759708	CPU_0	0	0	0	100.00	0	0	0	0	0	0
1428610573074968105	CPU_0	0	0	0	100.00	0	0	0	0	0	0
1428610573697738626	CPU_0	0	0	0	96.77	0	3.22	0	0	0	0
1428610574325939387	CPU_0	0	0	0	100.00	0	0	0	0	0	0
1428610574950395946	CPU_0	0	0	1.58	98.41	0	0	0	0	0	0
1428610575573117884	CPU_0	0	0	0	100.00	0	0	0	0	0	0
1428610576196229863	CPU_0	0	0	0	100.00	0	0	0	0	0	0
1428610576820453548	CPU_0	0	0	1.61	98.38	0	0	0	0	0	0
1428610577448839850	CPU_0	0	0	0	98.41	0	0	1.58	0	0	0
1428610578071350247	CPU_0	0	0	1.51	92.42	0	6.06	0	0	0	0
1428610578694114726	CPU_0	0	0	0	98.36	1.63	0	0	0	0	0
1428610579316606373	CPU_0	0	0	1.58	98.41	0	0	0	0	0	0
1428610579946569923	CPU_0	0	0	0	100.00	0	0	0	0	0	0
1428610580568765362	CPU_0	0	0	0	100.00	0	0	0	0	0	0
1428610581191643842	CPU_0	0	0	0	100.00	0	0	0	0	0	0
1428610581814785113	CPU_0	0	0	1.61	98.38	0	0	0	0	0	0
1428610582444854454	CPU_0	0	0	0	100.00	0	0	0	0	0	0
1428610583067723184	CPU_0	0	0	0	100.00	0	0	0	0	0	0
1428610583691423037	CPU_0	1.63	0	1.63	93.44	0	3.27	0	0	0	0
1428610584314715225	CPU_0	0	0	1.63	98.36	0	0	0	0	0	0
1428610584940079742	CPU_0	9.67	0	3.22	85.48	0	0	1.61	0	0	0
1428610585567458672	CPU_0	0	0	0	100.00	0	0	0	0	0	0
1428610586190751734	CPU_0	0	0	1.58	96.82	0	1.58	0	0	0	0
1428610586813813964	CPU_0	0	0	0	100.00	0	0	0	0	0	0
1428610587438087192	CPU_0	0	0	0	100.00	0	0	0	0	0	0
1428610588067811743	CPU_0	0	0	0	98.38	0	1.61	0	0	0	0
1428610588691196305	CPU_0	0	0	1.61	98.38	0	0	0	0	0	0
1428610589314276577	CPU_0	4.76	0	1.58	92.06	0	1.58	0	0	0	0
1428610589938393264	CPU_0	0	0	0	100.00	0	0	0	0	0	0
1428610590568074106	CPU_0	0	0	0	100.00	0	0	0	0	0	0
1428610591191710210	CPU_0	0	0	0	91.17	0	8.82	0	0	0	0
1428610591815386648	CPU_0	0	0	0	100.00	0	0	0	0	0	0
1428610592439261585	CPU_0	0	0	0	100.00	0	0	0	0	0	0
1428610593064292604	CPU_0	0	0	0	100.00	0	0	0	0	0	0
1428610593692416741	CPU_0	1.56	0	1.56	95.31	0	0	1.56	0	0	0
1428610594316039554	CPU_0	0	0	0	100.00	0	0	0	0	0	0
1428610594940633657	CPU_0	0	0	1.58	98.41	0	0	0	0	0	0
1428610595564019512	CPU_0	0	0	0	100.00	0	0	0	0	0	0
1428610596193826480	CPU_0	0	0	1.58	98.41	0	0	0	0	0	0
1428610596816803211	CPU_0	0	0	0	100.00	0	0	0	0	0	0
1428610597440458732	CPU_0	0	0	0	100.00	0	0	0	0	0	0
1428610598063153256	CPU_0	0	0	0	100.00	0	0	0	0	0	0
1428610598692758724	CPU_0	0	0	3.17	96.82	0	0	0	0	0	0
1428610599316229163	CPU_0	0	0	0	100.00	0	0	0	0	0	0
1428610599940438434	CPU_0	0	0	0	100.00	0	0	0	0	0	0
1428610600563270999	CPU_0	0	0	0	100.00	0	0	0	0	0	0
1428610601192148885	CPU_0	0	0	0	100.00	0	0	0	0	0	0
1428610601818523402	CPU_0	0	0	0	100.00	0	0	0	0	0	0
1428610602442287174	CPU_0	0	0	0	100.00	0	0	0	0	0	0
1428610603065689946	CPU_0	0	0	1.56	96.87	0	0	1.56	0	0	0
1428610603689184635	CPU_0	0	0	0	100.00	0	0	0	0	0	0
1428610604318548272	CPU_0	0	0	1.58	98.41	0	0	0	0	0	0
1428610604942289002	CPU_0	0	0	0	100.00	0	0	0	0	0	0
1428610605566062607	CPU_0	0	0	0	98.38	0	1.61	0	0	0	0
1428610606189572713	CPU_0	0	0	1.61	98.38	0	0	0	0	0	0
1428610606819922098	CPU_0	0	0	0	100.00	0	0	0	0	0	0
1428610607443830536	CPU_0	0	0	0	91.04	0	7.46	1.49	0	0	0
1428610608067270101	CPU_0	0	0	0	100.00	0	0	0	0	0	0
1428610608690150083	CPU_0	0	0	1.58	96.82	1.58	0	0	0	0	0
1428610609321664674	CPU_0	0	0	0	100.00	0	0	0	0	0	0
1428610609945247864	CPU_0	0	0	0	100.00	0	0	0	0	0	0
1428610610568667262	CPU_0	0	0	0	100.00	0	0	0	0	0	0
1428610611191591202	CPU_0	0	0	0	100.00	0	0	0	0	0	0
1428610611815221475	CPU_0	0	0	0	100.00	0	0	0	0	0	0
1428610612445485777	CPU_0	0	0	1.58	98.41	0	0	0	0	0	0
1428610613069017759	CPU_0	0	0	0	100.00	0	0	0	0	0	0
1428610613692606532	CPU_0	0	0	0	100.00	0	0	0	0	0	0
1428610614316235222	CPU_0	0	0	1.61	98.38	0	0	0	0	0	0
1428610614947177898	CPU_0	0	0	0	100.00	0	0	0	0	0	0
1428610615570502838	CPU_0	0	0	1.58	98.41	0	0	0	0	0	0
1428610616194175903	CPU_0	0	0	1.61	98.38	0	0	0	0	0	0
1428610616817838843	CPU_0	0	0	0	100.00	0	0	0	0	0	0
1428610617448158229	CPU_0	0	0	1.58	98.41	0	0	0	0	0	0
1428610618071547877	CPU_0	0	0	0	98.38	0	1.61	0	0	0	0
1428610618695922066	CPU_0	0	0	2.89	88.40	0	8.69	0	0	0	0
1428610619319229924	CPU_0	0	0	0	100.00	0	0	0	0	0	0
1428610619944158862	CPU_0	0	0	0	100.00	0	0	0	0	0	0
1428610620574111498	CPU_0	0	0	0	98.41	0	0	1.58	0	0	0
1428610621197798939	CPU_0	0	0	0	100.00	0	0	0	0	0	0
1428610621821458962	CPU_0	0	0	0	100.00	0	0	0	0	0	0
1428610622446249776	CPU_0	0	0	0	100.00	0	0	0	0	0	0
1428610623076464454	CPU_0	0	0	0	100.00	0	0	0	0	0	0
1428610623701506058	CPU_0	0	0	0	100.00	0	0	0	0	0	0
1428610624325759873	CPU_0	0	0	1.61	98.38	0	0	0	0	0	0
1428610624950917269	CPU_0	0	0	0	100.00	0	0	0	0	0	0
1428610625580896864	CPU_0	0	0	1.61	98.38	0	0	0	0	0	0
1428610626205089763	CPU_0	0	0	0	100.00	0	0	0	0	0	0
1428610626829146328	CPU_0	0	0	0	100.00	0	0	0	0	0	0
1428610627453408684	CPU_0	0	0	0	100.00	0	0	0	0	0	0
1428610628077567291	CPU_0	0	0	0	100.00	0	0	0	0	0	0
1428610628706994513	CPU_0	0	0	1.61	98.38	0	0	0	0	0	0
1428610629330346496	CPU_0	0	0	0	98.41	0	0	1.58	0	0	0
1428610629954965769	CPU_0	0	0	1.61	98.38	0	0	0	0	0	0
1428610630578305877	CPU_0	0	0	0	100.00	0	0	0	0	0	0
1428610631208831722	CPU_0	0	0	0	100.00	0	0	0	0	0	0
1428610631832018998	CPU_0	0	0	0	100.00	0	0	0	0	0	0
1428610632456715646	CPU_0	0	0	0	100.00	0	0	0	0	0	0
1428610633080447629	CPU_0	0	0	0	98.41	0	1.58	0	0	0	0
1428610633710965099	CPU_0	0	0	0	100.00	0	0	0	0	0	0
1428610634334678957	CPU_0	0	0	1.58	96.82	0	0	1.58	0	0	0
1428610634959086189	CPU_0	0	0	0	98.41	0	1.58	0	0	0	0
1428610635582666422	CPU_0	0	0	1.61	98.38	0	0	0	0	0	0
1428610636216340637	CPU_0	0	0	0	100.00	0	0	0	0	0	0
1428610636839846621	CPU_0	0	0	0	100.00	0	0	0	0	0	0
1428610637464272061	CPU_0	0	0	0	98.38	0	1.61	0	0	0	0
1428610638087940795	CPU_0	0	0	0	100.00	0	0	0	0	0	0
1428610638712447652	CPU_0	0	0	3.12	95.31	1.56	0	0	0	0	0
1428610639343155914	CPU_0	1.51	0	0	93.93	0	4.54	0	0	0	0
1428610639968081312	CPU_0	0	0	0	100.00	0	0	0	0	0	0
1428610640591862420	CPU_0	0	0	1.61	98.38	0	0	0	0	0	0
1428610641215860695	CPU_0	0	0	0	100.00	0	0	0	0	0	0
1428610641846172958	CPU_0	0	0	0	100.00	0	0	0	0	0	0
1428610642470673649	CPU_0	0	0	0	100.00	0	0	0	0	0	0
1428610643094564258	CPU_0	0	0	0	100.00	0	0	0	0	0	0
1428610643718582200	CPU_0	0	0	0	100.00	0	0	0	0	0	0
1428610644348774046	CPU_0	0	0	1.58	98.41	0	0	0	0	0	0
1428610644973446237	CPU_0	0	0	1.58	98.41	0	0	0	0	0	0
1428610645597104555	CPU_0	0	0	0	100.00	0	0	0	0	0	0
1428610646221150622	CPU_0	1.61	0	0	96.77	0	1.61	0	0	0	0
1428610646844865606	CPU_0	0	0	0	100.00	0	0	0	0	0	0
1428610647475496911	CPU_0	0	0	0	95.38	0	0	4.61	0	0	0
1428610648099200603	CPU_0	0	0	0	98.38	0	1.61	0	0	0	0
1428610648723852253	CPU_0	0	0	0	100.00	0	0	0	0	0	0
1428610649347272613	CPU_0	0	0	1.61	98.38	0	0	0	0	0	0
1428610649978059417	CPU_0	0	0	0	98.41	0	1.58	0	0	0	0
1428610650602441443	CPU_0	1.56	0	1.56	96.87	0	0	0	0	0	0
1428610651226548343	CPU_0	0	0	0	100.00	0	0	0	0	0	0
1428610651850183203	CPU_0	0	0	0	98.41	0	1.58	0	0	0	0
1428610652481587840	CPU_0	0	0	0	100.00	0	0	0	0	0	0
1428610653105649699	CPU_0	0	0	0	95.31	0	4.68	0	0	0	0
1428610653729800767	CPU_0	0	0	0	100.00	0	0	0	0	0	0
1428610654354301334	CPU_0	0	0	1.61	98.38	0	0	0	0	0	0
1428610654985353263	CPU_0	0	0	1.58	98.41	0	0	0	0	0	0
1428610655612155159	CPU_0	0	0	0	100.00	0	0	0	0	0	0
1428610656236513185	CPU_0	0	0	0	100.00	0	0	0	0	0	0
1428610656860579336	CPU_0	0	0	0	100.00	0	0	0	0	0	0
1428610657485406653	CPU_0	0	0	0	100.00	0	0	0	0	0	0
1428610658116679291	CPU_0	0	0	0	100.00	0	0	0	0	0	0
1428610658741005608	CPU_0	0	0	1.58	96.82	1.58	0	0	0	0	0
1428610659365386926	CPU_0	0	0	1.61	98.38	0	0	0	0	0	0
1428610659989555369	CPU_0	0	0	3.17	96.82	0	0	0	0	0	0
1428610660621588047	CPU_0	0	0	0	98.41	0	1.58	0	0	0	0
1428610661245641699	CPU_0	0	0	0	100.00	0	0	0	0	0	0
1428610661870074808	CPU_0	0	0	0	100.00	0	0	0	0	0	0
1428610662494897125	CPU_0	0	0	1.51	92.42	0	6.06	0	0	0	0
1428610663125333182	CPU_0	0	0	0	100.00	0	0	0	0	0	0
1428610663750403790	CPU_0	0	0	0	100.00	0	0	0	0	0	0
1428610664374741900	CPU_0	0	0	0	100.00	0	0	0	0	0	0
1428610664999848466	CPU_0	0	0	0	100.00	0	0	0	0	0	0
1428610665624038785	CPU_0	0	0	0	100.00	0	0	0	0	0	0
1428610666255201257	CPU_0	0	0	0	100.00	0	0	0	0	0	0
1428610666879745033	CPU_0	0	0	0	100.00	0	0	0	0	0	0
1428610667505047517	CPU_0	0	0	0	100.00	0	0	0	0	0	0
1428610668129428335	CPU_0	0	0	0	100.00	0	0	0	0	0	0
1428610668760525891	CPU_0	0	0	0	100.00	0	0	0	0	0	0
1428610669385367792	CPU_0	0	0	1.61	98.38	0	0	0	0	0	0
1428610670010821275	CPU_0	0	0	1.58	98.41	0	0	0	0	0	0
1428610670636089425	CPU_0	0	0	0	100.00	0	0	0	0	0	0
1428610671267547855	CPU_0	0	0	0	98.41	0	1.58	0	0	0	0
1428610671892174507	CPU_0	0	0	0	100.00	0	0	0	0	0	0
1428610672517753574	CPU_0	0	0	1.61	98.38	0	0	0	0	0	0
1428610673141855310	CPU_0	0	0	0	100.00	0	0	0	0	0	0
1428610673772077327	CPU_0	0	0	0	96.82	0	3.17	0	0	0	0
1428610674399014765	CPU_0	0	0	1.40	87.32	0	0	11.26	0	0	0
1428610675024355666	CPU_0	0	0	0	100.00	0	0	0	0	0	0
1428610675648472360	CPU_0	0	0	0	100.00	0	0	0	0	0	0
1428610676272686555	CPU_0	0	0	0	100.00	0	0	0	0	0	0
1428610676903268487	CPU_0	0	0	0	100.00	0	0	0	0	0	0
1428610677528375972	CPU_0	0	0	1.61	98.38	0	0	0	0	0	0
1428610678152134292	CPU_0	0	0	0	89.70	0	10.29	0	0	0	0
1428610678776094279	CPU_0	0	0	0	100.00	0	0	0	0	0	0
1428610679407046169	CPU_0	0	0	1.58	98.41	0	0	0	0	0	0
1428610680032579028	CPU_0	0	0	0	100.00	0	0	0	0	0	0
1428610680656242808	CPU_0	0	0	1.58	98.41	0	0	0	0	0	0
1428610681281011252	CPU_0	0	0	0	100.00	0	0	0	0	0	0
1428610681911622601	CPU_0	0	0	0	100.00	0	0	0	0	0	0
1428610682537291252	CPU_0	0	0	0	100.00	0	0	0	0	0	0
1428610683161698405	CPU_0	0	0	0	100.00	0	0	0	0	0	0
1428610683786531266	CPU_0	0	0	0	100.00	0	0	0	0	0	0
1428610684411152168	CPU_0	0	0	1.63	98.36	0	0	0	0	0	0
1428610685042848849	CPU_0	0	0	1.56	98.43	0	0	0	0	0	0
1428610685667462711	CPU_0	0	0	0	100.00	0	0	0	0	0	0
1428610686292241238	CPU_0	0	0	0	100.00	0	0	0	0	0	0
1428610686916877391	CPU_0	0	0	0	100.00	0	0	0	0	0	0
1428610687548716781	CPU_0	4.91	0	3.27	91.80	0	0	0	0	0	0
1428610688172548810	CPU_0	0	0	1.61	98.38	0	0	0	0	0	0
1428610688795918424	CPU_0	0	0	0	98.36	1.63	0	0	0	0	0
1428610689419456246	CPU_0	0	0	1.63	98.36	0	0	0	0	0	0
1428610690049481723	CPU_0	0	0	0	96.87	0	3.12	0	0	0	0
1428610690672963253	CPU_0	0	0	0	100.00	0	0	0	0	0	0
1428610691296725867	CPU_0	0	0	0	100.00	0	0	0	0	0	0
1428610691919983106	CPU_0	0	0	0	100.00	0	0	0	0	0	0
1428610692546195007	CPU_0	0	0	1.58	98.41	0	0	0	0	0	0
1428610693175425068	CPU_0	0	0	0	100.00	0	0	0	0	0	0
1428610693799447973	CPU_0	0	0	0	100.00	0	0	0	0	0	0
1428610694423276337	CPU_0	0	0	1.61	98.38	0	0	0	0	0	0
1428610695048015240	CPU_0	0	0	0	100.00	0	0	0	0	0	0
1428610695678813757	CPU_0	0	0	0	98.41	0	1.58	0	0	0	0
1428610696303101870	CPU_0	0	0	0	100.00	0	0	0	0	0	0
1428610696927350400	CPU_0	0	0	0	100.00	0	0	0	0	0	0
1428610697552238220	CPU_0	1.61	0	0	98.38	0	0	0	0	0	0
1428610698183715278	CPU_0	0	0	0	98.41	0	1.58	0	0	0	0
1428610698808094891	CPU_0	0	0	1.61	98.38	0	0	0	0	0	0
1428610699432554462	CPU_0	0	0	1.58	96.82	0	1.58	0	0	0	0
1428610700057902073	CPU_0	0	0	0	100.00	0	0	0	0	0	0
1428610700689096548	CPU_0	0	0	1.58	98.41	0	0	0	0	0	0
1428610701314027035	CPU_0	0	0	1.44	88.40	0	10.14	0	0	0	0
1428610701938863231	CPU_0	0	0	0	100.00	0	0	0	0	0	0
1428610702564767383	CPU_0	0	0	1.58	98.41	0	0	0	0	0	0
1428610703190342119	CPU_0	0	0	1.63	98.36	0	0	0	0	0	0
1428610703822105010	CPU_0	0	0	1.61	96.77	1.61	0	0	0	0	0
1428610704447961913	CPU_0	0	0	3.27	96.72	0	0	0	0	0	0
1428610705074558397	CPU_0	12.90	0	3.22	83.87	0	0	0	0	0	0
1428610705699940592	CPU_0	0	0	0	100.00	0	0	0	0	0	0
1428610706331122943	CPU_0	0	0	1.58	98.41	0	0	0	0	0	0
1428610706956307680	CPU_0	0	0	0	100.00	0	0	0	0	0	0
1428610707581662375	CPU_0	0	0	0	100.00	0	0	0	0	0	0
1428610708206246697	CPU_0	0	0	0	100.00	0	0	0	0	0	0
1428610708837358298	CPU_0	0	0	0	100.00	0	0	0	0	0	0
1428610709461956828	CPU_0	3.27	0	1.63	95.08	0	0	0	0	0	0
1428610710087164149	CPU_0	0	0	1.61	98.38	0	0	0	0	0	0
1428610710711538721	CPU_0	0	0	0	100.00	0	0	0	0	0	0
1428610711345936650	CPU_0	0	0	0	100.00	0	0	0	0	0	0
1428610711970860471	CPU_0	0	0	0	100.00	0	0	0	0	0	0
1428610712596673708	CPU_0	0	0	0	98.38	0	1.61	0	0	0	0
1428610713221037530	CPU_0	0	0	1.58	98.41	0	0	0	0	0	0
1428610713846009310	CPU_0	0	0	0	100.00	0	0	0	0	0	0
1428610714476659830	CPU_0	0	0	0	98.41	0	1.58	0	0	0	0
1428610715102219900	CPU_0	0	0	1.61	98.38	0	0	0	0	0	0
1428610715726377140	CPU_0	0	0	0	100.00	0	0	0	0	0	0
1428610716351748086	CPU_0	0	0	0	98.38	0	1.61	0	0	0	0
1428610716982615397	CPU_0	0	0	0	100.00	0	0	0	0	0	0
1428610717608416467	CPU_0	0	0	1.58	98.41	0	0	0	0	0	0
1428610718232614332	CPU_0	0	0	1.61	98.38	0	0	0	0	0	0
1428610718858478652	CPU_0	0	0	0	98.41	0	1.58	0	0	0	0
1428610719490187462	CPU_0	0	0	0	98.38	0	1.61	0	0	0	0
1428610720116385448	CPU_0	0	0	0	100.00	0	0	0	0	0	0
1428610720741274687	CPU_0	0	0	0	100.00	0	0	0	0	0	0
1428610721366848467	CPU_0	0	0	1.58	98.41	0	0	0	0	0	0
1428610721997857944	CPU_0	0	0	0	100.00	0	0	0	0	0	0
1428610722626691551	CPU_0	0	0	1.61	98.38	0	0	0	0	0	0
1428610723251035750	CPU_0	0	0	0	98.41	0	1.58	0	0	0	0
1428610723875961030	CPU_0	0	0	0	100.00	0	0	0	0	0	0
1428610724500759020	CPU_0	0	0	0	100.00	0	0	0	0	0	0
1428610725132905704	CPU_0	0	0	1.53	96.92	0	1.53	0	0	0	0
1428610725757099778	CPU_0	0	0	0	100.00	0	0	0	0	0	0
1428610726381460060	CPU_0	0	0	0	100.00	0	0	0	0	0	0
1428610727005305093	CPU_0	0	0	0	98.41	0	1.58	0	0	0	0
1428610727637091028	CPU_0	0	0	0	100.00	0	0	0	0	0	0
1428610728260959062	CPU_0	0	0	0	100.00	0	0	0	0	0	0
1428610728885964260	CPU_0	0	0	1.58	96.82	1.58	0	0	0	0	0
1428610729510144209	CPU_0	0	0	0	98.38	0	1.61	0	0	0	0
1428610730141795103	CPU_0	0	0	0	92.64	0	7.35	0	0	0	0
1428610730766220260	CPU_0	0	0	0	100.00	0	0	0	0	0	0
1428610731391596999	CPU_0	0	0	0	100.00	0	0	0	0	0	0
1428610732015834449	CPU_0	0	0	0	100.00	0	0	0	0	0	0
1428610732642112436	CPU_0	0	0	1.61	98.38	0	0	0	0	0	0
1428610733272587333	CPU_0	0	0	0	100.00	0	0	0	0	0	0
1428610733898084988	CPU_0	0	0	0	100.00	0	0	0	0	0	0
1428610734522611354	CPU_0	0	0	1.61	98.38	0	0	0	0	0	0
1428610735148463843	CPU_0	0	0	0	100.00	0	0	0	0	0	0
1428610735780252612	CPU_0	0	0	0	100.00	0	0	0	0	0	0
1428610736405341894	CPU_0	0	0	0	100.00	0	0	0	0	0	0
1428610737030674758	CPU_0	0	0	0	100.00	0	0	0	0	0	0
1428610737657012996	CPU_0	0	0	0	100.00	0	0	0	0	0	0
1428610738288810015	CPU_0	0	0	0	100.00	0	0	0	0	0	0
1428610738913918839	CPU_0	0	0	1.61	98.38	0	0	0	0	0	0
1428610739538893955	CPU_0	0	0	0	100.00	0	0	0	0	0	0
1428610740164414527	CPU_0	0	0	0	100.00	0	0	0	0	0	0
1428610740795028174	CPU_0	0	0	1.47	91.17	0	0	7.35	0	0	0
1428610741422631827	CPU_0	1.61	0	0	98.38	0	0	0	0	0	0
1428610742048108817	CPU_0	0	0	0	100.00	0	0	0	0	0	0
1428610742673471515	CPU_0	0	0	0	98.41	0	1.58	0	0	0	0
1428610743298159423	CPU_0	0	0	1.61	98.38	0	0	0	0	0	0
1428610743930306609	CPU_0	0	0	1.58	98.41	0	0	0	0	0	0
1428610744556557223	CPU_0	0	0	0	100.00	0	0	0	0	0	0
1428610745182052921	CPU_0	0	0	1.56	96.87	0	1.56	0	0	0	0
1428610745807113370	CPU_0	0	0	0	100.00	0	0	0	0	0	0
1428610746438595599	CPU_0	0	0	0	98.38	0	1.61	0	0	0	0
1428610747064882255	CPU_0	0	0	1.58	98.41	0	0	0	0	0	0
1428610747690747786	CPU_0	0	0	1.58	98.41	0	0	0	0	0	0
1428610748316833234	CPU_0	0	0	0	100.00	0	0	0	0	0	0
1428610748948996295	CPU_0	0	0	0	100.00	0	0	0	0	0	0
1428610749575874491	CPU_0	0	0	0	98.38	0	1.61	0	0	0	0
1428610750201620939	CPU_0	0	0	0	100.00	0	0	0	0	0	0
1428610750827486429	CPU_0	0	0	0	100.00	0	0	0	0	0	0
1428610751459703366	CPU_0	0	0	0	100.00	0	0	0	0	0	0
1428610752088666017	CPU_0	0	0	0	98.41	0	1.58	0	0	0	0
1428610752714737006	CPU_0	0	0	0	100.00	0	0	0	0	0	0
1428610753340052164	CPU_0	0	0	0	100.00	0	0	0	0	0	0
1428610753965929904	CPU_0	0	0	1.58	96.82	0	1.58	0	0	0	0
1428610754598736840	CPU_0	0	0	0	100.00	0	0	0	0	0	0
1428610755224661789	CPU_0	0	0	1.61	98.38	0	0	0	0	0	0
1428610755850485404	CPU_0	0	0	0	98.41	0	1.58	0	0	0	0
1428610756475971312	CPU_0	0	0	0	100.00	0	0	0	0	0	0
1428610757108702456	CPU_0	0	0	0	96.92	0	3.07	0	0	0	0
1428610757734440364	CPU_0	0	0	0	100.00	0	0	0	0	0	0
1428610758360283604	CPU_0	0	0	0	100.00	0	0	0	0	0	0
1428610758985270805	CPU_0	0	0	1.58	96.82	1.58	0	0	0	0	0
1428610759618481823	CPU_0	0	0	0	100.00	0	0	0	0	0	0
1428610760244013273	CPU_0	0	0	0	100.00	0	0	0	0	0	0
1428610760869808098	CPU_0	0	0	0	100.00	0	0	0	0	0	0
1428610761495046048	CPU_0	0	0	3.22	96.77	0	0	0	0	0	0
1428610762128842816	CPU_0	0	0	0	100.00	0	0	0	0	0	0
1428610762753892058	CPU_0	0	0	0	98.38	0	1.61	0	0	0	0
1428610763379472966	CPU_0	0	0	0	100.00	0	0	0	0	0	0
1428610764005386374	CPU_0	0	0	0	100.00	0	0	0	0	0	0
1428610764632243822	CPU_0	0	0	1.44	89.85	0	8.69	0	0	0	0
1428610765263703386	CPU_0	0	0	0	100.00	0	0	0	0	0	0
1428610765889445544	CPU_0	0	0	1.58	98.41	0	0	0	0	0	0
1428610766515175994	CPU_0	1.66	0	0	98.33	0	0	0	0	0	0
1428610767142649941	CPU_0	0	0	0	100.00	0	0	0	0	0	0
1428610767775146003	CPU_0	0	0	0	100.00	0	0	0	0	0	0
1428610768400989703	CPU_0	0	0	0	100.00	0	0	0	0	0	0
1428610769026708695	CPU_0	0	0	0	100.00	0	0	0	0	0	0
1428610769653350768	CPU_0	0	0	0	100.00	0	0	0	0	0	0
1428610770286272205	CPU_0	0	0	1.58	98.41	0	0	0	0	0	0
1428610770912121614	CPU_0	0	0	0	100.00	0	0	0	0	0	0
1428610771537611023	CPU_0	0	0	0	100.00	0	0	0	0	0	0
1428610772164315097	CPU_0	0	0	0	100.00	0	0	0	0	0	0
1428610772796383910	CPU_0	0	0	0	100.00	0	0	0	0	0	0
1428610773422203694	CPU_0	0	0	1.61	98.38	0	0	0	0	0	0
1428610774048336727	CPU_0	0	0	0	100.00	0	0	0	0	0	0
1428610774675200801	CPU_0	0	0	1.61	98.38	0	0	0	0	0	0
1428610775301627958	CPU_0	0	0	0	100.00	0	0	0	0	0	0
1428610775932004651	CPU_0	0	0	0	100.00	0	0	0	0	0	0
1428610776557526268	CPU_0	0	0	0	100.00	0	0	0	0	0	0
1428610777184042926	CPU_0	0	0	0	100.00	0	0	0	0	0	0
1428610777809747711	CPU_0	0	0	0	100.00	0	0	0	0	0	0
1428610778441632150	CPU_0	0	0	0	98.43	0	1.56	0	0	0	0
1428610779067809142	CPU_0	0	0	1.61	98.38	0	0	0	0	0	0
1428610779694585008	CPU_0	0	0	0	100.00	0	0	0	0	0	0
1428610780320221084	CPU_0	0	0	0	98.38	0	1.61	0	0	0	0
1428610780952304732	CPU_0	0	0	0	100.00	0	0	0	0	0	0
1428610781578146850	CPU_0	0	0	1.53	95.38	0	3.07	0	0	0	0
1428610782205100215	CPU_0	0	0	0	100.00	0	0	0	0	0	0
1428610782830915625	CPU_0	0	0	0	100.00	0	0	0	0	0	0
1428610783464407645	CPU_0	0	0	0	100.00	0	0	0	0	0	0
1428610784090217097	CPU_0	0	0	1.58	98.41	0	0	0	0	0	0
1428610784717614379	CPU_0	0	0	0	100.00	0	0	0	0	0	0
1428610785342754873	CPU_0	0	0	0	100.00	0	0	0	0	0	0
1428610785975538270	CPU_0	0	0	0	98.41	0	1.58	0	0	0	0
1428610786601883054	CPU_0	0	0	0	100.00	0	0	0	0	0	0
1428610787228052172	CPU_0	0	0	0	100.00	0	0	0	0	0	0
1428610787854134414	CPU_0	0	0	1.58	98.41	0	0	0	0	0	0
1428610788480561323	CPU_0	0	0	0	100.00	0	0	0	0	0	0
1428610789113519220	CPU_0	0	0	1.56	96.87	0	1.56	0	0	0	0
1428610789740056754	CPU_0	0	0	0	100.00	0	0	0	0	0	0
1428610790365919414	CPU_0	0	0	0	96.87	0	3.12	0	0	0	0
1428610790992544198	CPU_0	0	0	0	100.00	0	0	0	0	0	0
1428610791626063177	CPU_0	0	0	0	100.00	0	0	0	0	0	0
1428610792253322835	CPU_0	0	0	0	95.31	0	0	4.68	0	0	0
1428610792880142577	CPU_0	0	0	0	100.00	0	0	0	0	0	0
1428610793506678528	CPU_0	0	0	0	100.00	0	0	0	0	0	0
1428610794140119466	CPU_0	0	0	1.58	96.82	1.58	0	0	0	0	0
1428610794767411707	CPU_0	0	0	1.58	98.41	0	0	0	0	0	0
1428610795393375618	CPU_0	0	0	0	98.38	0	1.61	0	0	0	0
1428610796020307652	CPU_0	0	0	1.58	98.41	0	0	0	0	0	0
1428610796653652715	CPU_0	0	0	0	100.00	0	0	0	0	0	0
1428610797280521124	CPU_0	0	0	1.58	98.41	0	0	0	0	0	0
1428610797906637034	CPU_0	0	0	0	98.38	0	1.61	0	0	0	0
1428610798533524527	CPU_0	0	0	1.58	98.41	0	0	0	0	0	0
1428610799171402999	CPU_0	0	0	1.58	98.41	0	0	0	0	0	0
1428610799798529741	CPU_0	0	0	0	98.41	0	1.58	0	0	0	0
1428610800424984317	CPU_0	0	0	0	100.00	0	0	0	0	0	0
1428610801051873476	CPU_0	0	0	1.61	98.38	0	0	0	0	0	0
1428610801679324426	CPU_0	0	0	1.58	98.41	0	0	0	0	0	0
1428610802312087283	CPU_0	0	0	0	98.41	0	1.58	0	0	0	0
1428610802937979653	CPU_0	0	0	1.61	98.38	0	0	0	0	0	0
1428610803564590438	CPU_0	0	0	0	100.00	0	0	0	0	0	0
1428610804191763347	CPU_0	0	0	1.53	93.84	0	4.61	0	0	0	0
1428610804825052244	CPU_0	0	0	1.58	98.41	0	0	0	0	0	0
1428610805451249405	CPU_0	0	0	0	100.00	0	0	0	0	0	0
1428610806077488108	CPU_0	0	0	1.58	98.41	0	0	0	0	0	0
1428610806704139476	CPU_0	0	0	0	100.00	0	0	0	0	0	0
1428610807337281125	CPU_0	0	0	0	100.00	0	0	0	0	0	0
1428610807963546577	CPU_0	0	0	0	100.00	0	0	0	0	0	0
1428610808589890405	CPU_0	0	0	0	100.00	0	0	0	0	0	0
1428610809217269481	CPU_0	0	0	1.61	98.38	0	0	0	0	0	0
1428610809850154713	CPU_0	0	0	1.58	98.41	0	0	0	0	0	0
1428610810476617624	CPU_0	0	0	0	100.00	0	0	0	0	0	0
1428610811102629827	CPU_0	0	0	0	98.38	0	1.61	0	0	0	0
1428610811730354111	CPU_0	0	0	1.58	98.41	0	0	0	0	0	0
1428610812359267851	CPU_0	0	0	0	100.00	0	0	0	0	0	0
1428610812988371049	CPU_0	0	0	0	100.00	0	0	0	0	0	0
1428610813614274377	CPU_0	0	0	0	98.41	0	1.58	0	0	0	0
1428610814241878245	CPU_0	0	0	0	100.00	0	0	0	0	0	0
1428610814868341698	CPU_0	0	0	1.58	98.41	0	0	0	0	0	0
1428610815502048346	CPU_0	0	0	0	98.41	0	1.58	0	0	0	0
1428610816129383464	CPU_0	0	0	0	100.00	0	0	0	0	0	0
1428610816756772415	CPU_0	0	0	0	100.00	0	0	0	0	0	0
1428610817383652701	CPU_0	0	0	0	100.00	0	0	0	0	0	0
1428610818017048975	CPU_0	0	0	0	98.41	0	1.58	0	0	0	0
1428610818644762801	CPU_0	0	0	1.58	98.41	0	0	0	0	0	0
1428610819271650170	CPU_0	0	0	0	100.00	0	0	0	0	0	0
1428610819898410873	CPU_0	0	0	1.53	95.38	0	1.53	1.53	0	0	0
1428610820531801897	CPU_0	0	0	0	100.00	0	0	0	0	0	0
1428610821159116557	CPU_0	0	0	0	100.00	0	0	0	0	0	0
1428610821785851177	CPU_0	0	0	1.61	98.38	0	0	0	0	0	0
1428610822412421630	CPU_0	0	0	1.58	96.82	0	1.58	0	0	0	0
1428610823045583363	CPU_0	0	0	0	100.00	0	0	0	0	0	0
1428610823673791230	CPU_0	1.63	0	0	95.08	0	3.27	0	0	0	0
1428610824301102849	CPU_0	0	0	0	100.00	0	0	0	0	0	0
1428610824927449720	CPU_0	9.67	0	1.61	85.48	0	3.22	0	0	0	0
1428610825558341124	CPU_0	0	0	0	100.00	0	0	0	0	0	0
1428610826189100736	CPU_0	0	0	0	100.00	0	0	0	0	0	0
1428610826816710480	CPU_0	0	0	0	93.84	0	6.15	0	0	0	0
1428610827443483725	CPU_0	0	0	1.58	98.41	0	0	0	0	0	0
1428610828069743388	CPU_0	0	0	0	98.38	0	0	1.61	0	0	0
1428610828703829870	CPU_0	0	0	0	100.00	0	0	0	0	0	0
1428610829330002575	CPU_0	6.45	0	0	93.54	0	0	0	0	0	0
1428610829956929986	CPU_0	0	0	0	100.00	0	0	0	0	0	0
1428610830583139483	CPU_0	0	0	1.61	98.38	0	0	0	0	0	0
1428610831217828880	CPU_0	0	0	0	100.00	0	0	0	0	0	0
1428610831845476458	CPU_0	0	0	0	95.38	0	0	4.61	0	0	0
1428610832473461076	CPU_0	0	0	1.58	98.41	0	0	0	0	0	0
1428610833100190780	CPU_0	0	0	0	100.00	0	0	0	0	0	0
1428610833734331845	CPU_0	0	0	0	98.41	1.58	0	0	0	0	0
1428610834361342216	CPU_0	0	0	0	100.00	0	0	0	0	0	0
1428610834988234545	CPU_0	0	0	0	100.00	0	0	0	0	0	0
1428610835615099374	CPU_0	0	0	1.58	96.82	0	1.58	0	0	0	0
1428610836249305814	CPU_0	0	0	0	100.00	0	0	0	0	0	0
1428610836876371435	CPU_0	0	0	1.61	98.38	0	0	0	0	0	0
1428610837503968054	CPU_0	0	0	0	98.41	0	1.58	0	0	0	0
1428610838131235966	CPU_0	0	0	0	100.00	0	0	0	0	0	0
1428610838761288831	CPU_0	0	0	0	100.00	0	0	0	0	0	0
1428610839393158068	CPU_0	0	0	0	100.00	0	0	0	0	0	0
1428610840020258939	CPU_0	0	0	1.56	96.87	0	1.56	0	0	0	0
1428610840647250935	CPU_0	0	0	0	100.00	0	0	0	0	0	0
1428610841274903763	CPU_0	0	0	1.58	98.41	0	0	0	0	0	0
1428610841908006873	CPU_0	0	0	1.53	96.92	0	1.53	0	0	0	0
1428610842535168993	CPU_0	0	0	0	100.00	0	0	0	0	0	0
1428610843161912865	CPU_0	0	0	0	98.41	0	1.58	0	0	0	0
1428610843789400485	CPU_0	0	0	0	100.00	0	0	0	0	0	0
1428610844422886386	CPU_0	0	0	1.56	98.43	0	0	0	0	0	0
1428610845049958841	CPU_0	0	0	1.61	98.38	0	0	0	0	0	0
1428610845677475878	CPU_0	0	0	0	100.00	0	0	0	0	0	0
1428610846305106415	CPU_0	0	0	1.58	98.41	0	0	0	0	0	0
1428610846938729232	CPU_0	0	0	0	98.41	0	1.58	0	0	0	0
1428610847566740060	CPU_0	0	0	0	100.00	0	0	0	0	0	0
1428610848194658930	CPU_0	0	0	0	100.00	0	0	0	0	0	0
1428610848822223551	CPU_0	0	0	1.58	96.82	0	1.58	0	0	0	0
1428610849455458244	CPU_0	0	0	0	100.00	0	0	0	0	0	0
1428610850083453323	CPU_0	0	0	0	92.53	0	7.46	0	0	0	0
1428610850711440026	CPU_0	0	0	1.58	98.41	0	0	0	0	0	0
1428610851338566106	CPU_0	0	0	0	100.00	0	0	0	0	0	0
1428610851972424840	CPU_0	0	0	0	100.00	0	0	0	0	0	0
1428610852602386582	CPU_0	0	0	0	100.00	0	0	0	0	0	0
1428610853230274369	CPU_0	0	0	1.61	98.38	0	0	0	0	0	0
1428610853857253866	CPU_0	0	0	0	100.00	0	0	0	0	0	0
1428610854484987237	CPU_0	0	0	0	100.00	0	0	0	0	0	0
1428610855118177348	CPU_0	0	0	0	100.00	0	0	0	0	0	0
1428610855746789050	CPU_0	0	0	0	100.00	0	0	0	0	0	0
1428610856373505007	CPU_0	0	0	1.61	98.38	0	0	0	0	0	0
1428610857001434752	CPU_0	0	0	1.58	98.41	0	0	0	0	0	0
1428610857636068277	CPU_0	0	0	0	100.00	0	0	0	0	0	0
1428610858265325646	CPU_0	0	0	0	100.00	0	0	0	0	0	0
1428610858892830309	CPU_0	0	0	0	100.00	0	0	0	0	0	0
1428610859520585972	CPU_0	0	0	0	100.00	0	0	0	0	0	0
1428610860154541831	CPU_0	0	0	1.56	98.43	0	0	0	0	0	0
1428610860783082993	CPU_0	0	0	0	100.00	0	0	0	0	0	0
1428610861410222366	CPU_0	0	0	1.58	96.82	0	1.58	0	0	0	0
1428610862037977237	CPU_0	0	0	1.61	98.38	0	0	0	0	0	0
1428610862672058805	CPU_0	0	0	0	100.00	0	0	0	0	0	0
1428610863300696883	CPU_0	0	0	0	100.00	0	0	0	0	0	0
1428610863928324880	CPU_0	0	0	0	100.00	0	0	0	0	0	0
1428610864556247960	CPU_0	0	0	0	96.87	0	1.56	1.56	0	0	0
1428610865190752069	CPU_0	0	0	0	100.00	0	0	0	0	0	0
1428610865819134065	CPU_0	0	0	0	100.00	0	0	0	0	0	0
1428610866446515312	CPU_0	0	0	1.58	96.82	0	1.58	0	0	0	0
1428610867074086810	CPU_0	0	0	0	100.00	0	0	0	0	0	0
1428610867708541211	CPU_0	0	0	0	100.00	0	0	0	0	0	0
1428610868338737745	CPU_0	0	0	0	100.00	0	0	0	0	0	0
1428610868965910368	CPU_0	0	0	0	96.82	1.58	1.58	0	0	0	0
1428610869593268991	CPU_0	0	0	1.61	98.38	0	0	0	0	0	0
1428610870221920945	CPU_0	0	0	0	100.00	0	0	0	0	0	0
1428610870855577973	CPU_0	0	0	0	98.41	0	1.58	0	0	0	0
1428610871482874763	CPU_0	0	0	1.58	98.41	0	0	0	0	0	0
1428610872109715720	CPU_0	0	0	0	95.38	0	4.61	0	0	0	0
1428610872738301216	CPU_0	0	0	0	100.00	0	0	0	0	0	0
1428610873372172410	CPU_0	0	0	0	100.00	0	0	0	0	0	0
1428610873999320534	CPU_0	0	0	0	98.38	0	0	1.61	0	0	0
1428610874626197658	CPU_0	0	0	0	100.00	0	0	0	0	0	0
1428610875254428197	CPU_0	0	0	0	100.00	0	0	0	0	0	0
1428610875887732268	CPU_0	0	0	0	100.00	0	0	0	0	0	0
1428610876515477765	CPU_0	0	0	1.61	98.38	0	0	0	0	0	0
1428610877142596806	CPU_0	0	0	0	100.00	0	0	0	0	0	0
1428610877771347094	CPU_0	0	0	1.58	98.41	0	0	0	0	0	0
1428610878404763956	CPU_0	0	0	0	100.00	0	0	0	0	0	0
1428610879032281454	CPU_0	0	0	0	100.00	0	0	0	0	0	0
1428610879660548118	CPU_0	0	0	0	100.00	0	0	0	0	0	0
1428610880289711864	CPU_0	0	0	0	98.43	0	1.56	0	0	0	0
1428610880923270101	CPU_0	0	0	0	100.00	0	0	0	0	0	0
1428610881551811723	CPU_0	0	0	1.61	98.38	0	0	0	0	0	0
1428610882179610596	CPU_0	0	0	3.12	96.87	0	0	0	0	0	0
1428610882808142718	CPU_0	0	0	0	98.41	0	1.58	0	0	0	0
1428610883437567547	CPU_0	0	0	1.51	92.42	0	4.54	1.51	0	0	0
1428610884070177869	CPU_0	0	0	0	100.00	0	0	0	0	0	0
1428610884697973743	CPU_0	0	0	0	100.00	0	0	0	0	0	0
1428610885326459490	CPU_0	0	0	1.58	98.41	0	0	0	0	0	0
1428610885954603738	CPU_0	0	0	0	100.00	0	0	0	0	0	0
1428610886588897224	CPU_0	1.61	0	1.61	96.77	0	0	0	0	0	0
1428610887217543263	CPU_0	0	0	1.58	98.41	0	0	0	0	0	0
1428610887846166510	CPU_0	0	0	0	100.00	0	0	0	0	0	0
1428610888474364717	CPU_0	0	0	0	98.41	0	0	1.58	0	0	0
1428610889108891495	CPU_0	0	0	0	100.00	0	0	0	0	0	0
1428610889737075743	CPU_0	0	0	0	100.00	0	0	0	0	0	0
1428610890365361824	CPU_0	0	0	0	100.00	0	0	0	0	0	0
1428610890992768574	CPU_0	0	0	1.58	98.41	0	0	0	0	0	0
1428610891626959061	CPU_0	0	0	0	93.93	0	6.06	0	0	0	0
1428610892255454850	CPU_0	0	0	0	100.00	0	0	0	0	0	0
1428610892883439141	CPU_0	0	0	0	100.00	0	0	0	0	0	0
1428610893510438600	CPU_0	0	0	0	100.00	0	0	0	0	0	0
1428610894145030878	CPU_0	0	0	0	100.00	0	0	0	0	0	0
1428610894773216960	CPU_0	0	0	0	100.00	0	0	0	0	0	0
1428610895401887541	CPU_0	1.61	0	0	98.38	0	0	0	0	0	0
1428610896030925163	CPU_0	0	0	1.58	98.41	0	0	0	0	0	0
1428610896666056691	CPU_0	0	0	1.58	98.41	0	0	0	0	0	0
1428610897295685729	CPU_0	0	0	1.58	98.41	0	0	0	0	0	0
1428610897924274810	CPU_0	0	0	0	100.00	0	0	0	0	0	0
1428610898553056808	CPU_0	0	0	0	100.00	0	0	0	0	0	0
1428610899187526128	CPU_0	0	0	0	96.87	1.56	1.56	0	0	0	0
1428610899816290043	CPU_0	0	0	0	100.00	0	0	0	0	0	0
1428610900445035625	CPU_0	0	0	1.58	98.41	0	0	0	0	0	0
1428610901073049457	CPU_0	0	0	0	98.38	0	1.61	0	0	0	0
1428610901707048112	CPU_0	0	0	1.56	96.87	0	0	1.56	0	0	0
1428610902338076148	CPU_0	0	0	1.53	95.38	0	3.07	0	0	0	0
1428610902966733522	CPU_0	0	0	1.58	98.41	0	0	0	0	0	0
1428610903594385397	CPU_0	0	0	0	100.00	0	0	0	0	0	0
1428610904222799854	CPU_0	0	0	0	100.00	0	0	0	0	0	0
1428610904856991176	CPU_0	0	0	0	100.00	0	0	0	0	0	0
1428610905486074799	CPU_0	0	0	0	100.00	0	0	0	0	0	0
1428610906113673549	CPU_0	0	0	0	100.00	0	0	0	0	0	0
1428610906741900507	CPU_0	0	0	0	100.00	0	0	0	0	0	0
1428610907376716786	CPU_0	0	0	1.56	96.87	0	1.56	0	0	0	0
1428610908005826034	CPU_0	0	0	0	100.00	0	0	0	0	0	0
1428610908642766143	CPU_0	0	0	0	100.00	0	0	0	0	0	0
