#Timestamp	CPU_ID	user%	nice%	sys%	idle%	iowait%	irq%	softiq%	steal%	guest%	guest_nice%
1428551900403900876	CPU_0	85.96	0	12.28	0	0	1.75	0	0	0	0
1428551901019260469	CPU_0	96.72	0	1.63	0	0	1.63	0	0	0	0
1428551901636044433	CPU_0	96.72	0	0	0	0	1.63	1.63	0	0	0
1428551902250376611	CPU_0	98.36	0	0	0	0	1.63	0	0	0	0
1428551902872689769	CPU_0	95.23	0	1.58	0	0	1.58	1.58	0	0	0
1428551903488291320	CPU_0	95.08	0	1.63	0	0	3.27	0	0	0	0
1428551904105009117	CPU_0	90.32	0	4.83	0	0	3.22	1.61	0	0	0
1428551904728567272	CPU_0	93.54	0	1.61	0	0	4.83	0	0	0	0
1428551905346440400	CPU_0	96.77	0	0	0	0	1.61	1.61	0	0	0
1428551905969412598	CPU_0	98.38	0	0	0	0	1.61	0	0	0	0
1428551906586574478	CPU_0	96.77	0	1.61	0	0	1.61	0	0	0	0
1428551907203764817	CPU_0	96.77	0	0	0	0	1.61	1.61	0	0	0
1428551907821376363	CPU_0	98.36	0	0	0	0	1.63	0	0	0	0
1428551908445142017	CPU_0	93.75	0	1.56	0	0	3.12	1.56	0	0	0
1428551909062344439	CPU_0	98.33	0	0	0	0	1.66	0	0	0	0
1428551909680089402	CPU_0	95.23	0	1.58	0	0	1.58	1.58	0	0	0
1428551910297635573	CPU_0	98.36	0	0	0	0	1.63	0	0	0	0
1428551910915412661	CPU_0	98.36	0	0	0	0	1.63	0	0	0	0
1428551911539143858	CPU_0	95.23	0	1.58	0	0	1.58	1.58	0	0	0
1428551912156950612	CPU_0	96.77	0	1.61	0	0	1.61	0	0	0	0
1428551912775031033	CPU_0	96.77	0	0	0	0	1.61	1.61	0	0	0
1428551913392950204	CPU_0	98.36	0	0	0	0	1.63	0	0	0	0
1428551914016593651	CPU_0	95.23	0	3.17	0	0	1.58	0	0	0	0
1428551914633896490	CPU_0	96.77	0	0	0	0	1.61	1.61	0	0	0
1428551915251791745	CPU_0	95.08	0	1.63	0	0	3.27	0	0	0	0
1428551915869003127	CPU_0	95.23	0	1.58	0	0	1.58	1.58	0	0	0
1428551916487057714	CPU_0	98.36	0	0	0	0	1.63	0	0	0	0
1428551917111007995	CPU_0	98.38	0	0	0	0	1.61	0	0	0	0
1428551917729001541	CPU_0	95.23	0	1.58	0	0	1.58	1.58	0	0	0
1428551918346225756	CPU_0	98.36	0	0	0	0	1.63	0	0	0	0
1428551918964803301	CPU_0	93.54	0	3.22	0	0	1.61	1.61	0	0	0
1428551919591891698	CPU_0	98.38	0	0	0	0	1.61	0	0	0	0
1428551920210508702	CPU_0	95.16	0	1.61	0	0	1.61	1.61	0	0	0
1428551920828044250	CPU_0	96.77	0	1.61	0	0	1.61	0	0	0	0
1428551921446991961	CPU_0	98.36	0	0	0	0	1.63	0	0	0	0
1428551922064974092	CPU_0	95.23	0	1.58	0	0	1.58	1.58	0	0	0
1428551922690013578	CPU_0	96.77	0	0	0	0	3.22	0	0	0	0
1428551923307818168	CPU_0	95.23	0	1.58	0	0	1.58	1.58	0	0	0
1428551923927337502	CPU_0	98.36	0	0	0	0	1.63	0	0	0	0
1428551924545895632	CPU_0	96.77	0	1.61	0	0	1.61	0	0	0	0
1428551925173742069	CPU_0	92.06	0	4.76	0	0	1.58	1.58	0	0	0
1428551925791970700	CPU_0	98.36	0	0	0	0	1.63	0	0	0	0
1428551926410782495	CPU_0	95.23	0	1.58	0	0	1.58	1.58	0	0	0
1428551927029429166	CPU_0	98.36	0	0	0	0	1.63	0	0	0	0
1428551927648273379	CPU_0	96.72	0	1.63	0	0	1.63	0	0	0	0
1428551928274250905	CPU_0	96.87	0	0	0	0	1.56	1.56	0	0	0
1428551928893679074	CPU_0	98.36	0	0	0	0	1.63	0	0	0	0
1428551929514446282	CPU_0	95.23	0	1.58	0	0	1.58	1.58	0	0	0
1428551930133289620	CPU_0	98.36	0	0	0	0	1.63	0	0	0	0
1428551930760490310	CPU_0	95.23	0	1.58	0	0	1.58	1.58	0	0	0
1428551931379474522	CPU_0	90.32	0	6.45	0	0	3.22	0	0	0	0
1428551931999796648	CPU_0	96.77	0	0	0	0	1.61	1.61	0	0	0
1428551932619121735	CPU_0	96.77	0	1.61	0	0	1.61	0	0	0	0
1428551933238399322	CPU_0	98.36	0	0	0	0	1.63	0	0	0	0
1428551933864095975	CPU_0	95.31	0	1.56	0	0	1.56	1.56	0	0	0
1428551934484697600	CPU_0	98.36	0	0	0	0	1.63	0	0	0	0
1428551935104436645	CPU_0	95.23	0	0	0	0	3.17	1.58	0	0	0
1428551935723941440	CPU_0	95.16	0	3.22	0	0	1.61	0	0	0	0
1428551936349439802	CPU_0	98.38	0	0	0	0	1.61	0	0	0	0
1428551936969487804	CPU_0	96.77	0	0	0	0	1.61	1.61	0	0	0
1428551937589135016	CPU_0	96.77	0	1.61	0	0	1.61	0	0	0	0
1428551938208249479	CPU_0	95.16	0	1.61	0	0	1.61	1.61	0	0	0
1428551938827567900	CPU_0	96.77	0	1.61	0	0	1.61	0	0	0	0
1428551939454377218	CPU_0	96.82	0	0	0	0	1.58	1.58	0	0	0
1428551940074075513	CPU_0	95.16	0	1.61	0	0	3.22	0	0	0	0
1428551940693456267	CPU_0	98.36	0	0	0	0	1.63	0	0	0	0
1428551941312840230	CPU_0	96.82	0	0	0	0	1.58	1.58	0	0	0
1428551941939522507	CPU_0	96.77	0	1.61	0	0	1.61	0	0	0	0
1428551942559804384	CPU_0	95.23	0	1.58	0	0	1.58	1.58	0	0	0
1428551943179057306	CPU_0	96.77	0	1.61	0	0	1.61	0	0	0	0
1428551943798972435	CPU_0	98.36	0	0	0	0	1.63	0	0	0	0
1428551944418891022	CPU_0	95.16	0	1.61	0	0	1.61	1.61	0	0	0
1428551945046256922	CPU_0	95.23	0	1.58	0	0	3.17	0	0	0	0
1428551945665663136	CPU_0	98.38	0	0	0	0	0	1.61	0	0	0
1428551946285529306	CPU_0	93.54	0	4.83	0	0	1.61	0	0	0	0
1428551946905660560	CPU_0	95.16	0	0	0	0	3.22	1.61	0	0	0
1428551947532888086	CPU_0	98.41	0	0	0	0	1.58	0	0	0	0
1428551948152534383	CPU_0	96.72	0	1.63	0	0	1.63	0	0	0	0
1428551948772235929	CPU_0	95.23	0	1.58	0	0	1.58	1.58	0	0	0
1428551949391995434	CPU_0	98.36	0	0	0	0	1.63	0	0	0	0
1428551950012410937	CPU_0	96.82	0	0	0	0	1.58	1.58	0	0	0
1428551950638362467	CPU_0	96.72	0	1.63	0	0	1.63	0	0	0	0
1428551951258084097	CPU_0	98.38	0	0	0	0	1.61	0	0	0	0
1428551951877672145	CPU_0	96.82	0	0	0	0	1.58	1.58	0	0	0
1428551952498335523	CPU_0	95.16	0	3.22	0	0	1.61	0	0	0	0
1428551953124185220	CPU_0	96.82	0	0	0	0	1.58	1.58	0	0	0
1428551953744127433	CPU_0	98.36	0	0	0	0	1.63	0	0	0	0
1428551954363584273	CPU_0	95.16	0	1.61	0	0	1.61	1.61	0	0	0
1428551954983947235	CPU_0	98.41	0	0	0	0	1.58	0	0	0	0
1428551955609648808	CPU_0	95.16	0	1.61	0	0	3.22	0	0	0	0
1428551956231977599	CPU_0	96.82	0	0	0	0	1.58	1.58	0	0	0
1428551956851304898	CPU_0	96.77	0	1.61	0	0	1.61	0	0	0	0
1428551957471495778	CPU_0	95.16	0	1.61	0	0	1.61	1.61	0	0	0
1428551958090596869	CPU_0	98.38	0	0	0	0	1.61	0	0	0	0
1428551958716565400	CPU_0	98.38	0	0	0	0	1.61	0	0	0	0
1428551959335741408	CPU_0	95.16	0	1.61	0	0	1.61	1.61	0	0	0
1428551959956913577	CPU_0	98.38	0	0	0	0	1.61	0	0	0	0
1428551960577286082	CPU_0	95.23	0	1.58	0	0	1.58	1.58	0	0	0
1428551961203820945	CPU_0	96.77	0	1.61	0	0	1.61	0	0	0	0
1428551961823473702	CPU_0	96.77	0	0	0	0	1.61	1.61	0	0	0
1428551962444124332	CPU_0	96.77	0	1.61	0	0	1.61	0	0	0	0
1428551963064528587	CPU_0	98.36	0	0	0	0	1.63	0	0	0	0
1428551963684622426	CPU_0	95.23	0	1.58	0	0	1.58	1.58	0	0	0
1428551964311161999	CPU_0	96.82	0	0	0	0	3.17	0	0	0	0
1428551964931147963	CPU_0	95.16	0	1.61	0	0	1.61	1.61	0	0	0
1428551965551769218	CPU_0	98.38	0	0	0	0	1.61	0	0	0	0
1428551966172063808	CPU_0	96.72	0	1.63	0	0	1.63	0	0	0	0
1428551966798344548	CPU_0	93.65	0	3.17	0	0	1.58	1.58	0	0	0
1428551967419007219	CPU_0	96.77	0	1.61	0	0	1.61	0	0	0	0
1428551968039261184	CPU_0	95.23	0	1.58	0	0	1.58	1.58	0	0	0
1428551968659932439	CPU_0	98.36	0	0	0	0	1.63	0	0	0	0
1428551969280234696	CPU_0	95.23	0	1.58	0	0	1.58	1.58	0	0	0
1428551969907224267	CPU_0	96.77	0	1.61	0	0	1.61	0	0	0	0
1428551970527734190	CPU_0	98.38	0	0	0	0	1.61	0	0	0	0
1428551971148395404	CPU_0	95.23	0	0	0	0	3.17	1.58	0	0	0
1428551971768504703	CPU_0	96.72	0	1.63	0	0	1.63	0	0	0	0
1428551972395656733	CPU_0	96.82	0	0	0	0	1.58	1.58	0	0	0
1428551973017090570	CPU_0	96.77	0	1.61	0	0	1.61	0	0	0	0
1428551973637663702	CPU_0	96.77	0	1.61	0	0	1.61	0	0	0	0
1428551974258059875	CPU_0	96.77	0	0	0	0	1.61	1.61	0	0	0
1428551974879715670	CPU_0	96.77	0	1.61	0	0	1.61	0	0	0	0
1428551975505379788	CPU_0	95.23	0	1.58	0	0	1.58	1.58	0	0	0
1428551976126848751	CPU_0	96.77	0	1.61	0	0	1.61	0	0	0	0
1428551976747403841	CPU_0	96.77	0	0	0	0	1.61	1.61	0	0	0
1428551977368400013	CPU_0	96.77	0	1.61	0	0	1.61	0	0	0	0
1428551977995683919	CPU_0	98.38	0	0	0	0	1.61	0	0	0	0
1428551978616932633	CPU_0	95.23	0	1.58	0	0	1.58	1.58	0	0	0
1428551979237042974	CPU_0	96.72	0	1.63	0	0	1.63	0	0	0	0
1428551979857941022	CPU_0	93.65	0	1.58	0	0	3.17	1.58	0	0	0
1428551980484783888	CPU_0	98.41	0	0	0	0	1.58	0	0	0	0
1428551981105560603	CPU_0	96.77	0	1.61	0	0	1.61	0	0	0	0
1428551981726007528	CPU_0	95.16	0	1.61	0	0	1.61	1.61	0	0	0
1428551982346598202	CPU_0	95.16	0	3.22	0	0	1.61	0	0	0	0
1428551982966825752	CPU_0	96.77	0	0	0	0	1.61	1.61	0	0	0
1428551983600079601	CPU_0	93.65	0	4.76	0	0	1.58	0	0	0	0
1428551984220400693	CPU_0	95.23	0	1.58	0	0	1.58	1.58	0	0	0
1428551984840930743	CPU_0	98.36	0	0	0	0	1.63	0	0	0	0
1428551985461172127	CPU_0	96.77	0	1.61	0	0	1.61	0	0	0	0
1428551986089223698	CPU_0	95.31	0	1.56	0	0	1.56	1.56	0	0	0
1428551986709513540	CPU_0	96.72	0	0	0	0	3.27	0	0	0	0
1428551987330316548	CPU_0	93.65	0	3.17	0	0	1.58	1.58	0	0	0
1428551987950644516	CPU_0	96.72	0	1.63	0	0	1.63	0	0	0	0
1428551988572266271	CPU_0	95.23	0	1.58	0	0	1.58	1.58	0	0	0
1428551989199105305	CPU_0	98.41	0	0	0	0	1.58	0	0	0	0
1428551989820180395	CPU_0	96.77	0	1.61	0	0	1.61	0	0	0	0
1428551990440883987	CPU_0	96.77	0	0	0	0	1.61	1.61	0	0	0
1428551991062334452	CPU_0	98.36	0	0	0	0	1.63	0	0	0	0
1428551991690341816	CPU_0	95.31	0	1.56	0	0	1.56	1.56	0	0	0
1428551992311751823	CPU_0	98.36	0	0	0	0	1.63	0	0	0	0
1428551992932735748	CPU_0	98.38	0	0	0	0	1.61	0	0	0	0
1428551993555147711	CPU_0	95.23	0	1.58	0	0	1.58	1.58	0	0	0
1428551994183860948	CPU_0	96.77	0	1.61	0	0	1.61	0	0	0	0
1428551994805089831	CPU_0	93.75	0	1.56	0	0	3.12	1.56	0	0	0
1428551995425984756	CPU_0	96.72	0	1.63	0	0	1.63	0	0	0	0
1428551996047409180	CPU_0	96.77	0	0	0	0	1.61	1.61	0	0	0
1428551996667798857	CPU_0	98.38	0	0	0	0	1.61	0	0	0	0
1428551997295243474	CPU_0	96.82	0	1.58	0	0	1.58	0	0	0	0
1428551997916019191	CPU_0	95.23	0	1.58	0	0	1.58	1.58	0	0	0
1428551998537748240	CPU_0	98.36	0	0	0	0	1.63	0	0	0	0
1428551999158749499	CPU_0	95.16	0	1.61	0	0	1.61	1.61	0	0	0
1428551999786303366	CPU_0	98.38	0	0	0	0	1.61	0	0	0	0
1428552000407028334	CPU_0	98.38	0	0	0	0	1.61	0	0	0	0
1428552001028821383	CPU_0	95.23	0	1.58	0	0	1.58	1.58	0	0	0
1428552001649639351	CPU_0	96.77	0	1.61	0	0	1.61	0	0	0	0
1428552002270491486	CPU_0	95.23	0	1.58	0	0	1.58	1.58	0	0	0
1428552002898039728	CPU_0	96.77	0	0	0	0	3.22	0	0	0	0
1428552003520073234	CPU_0	96.82	0	0	0	0	1.58	1.58	0	0	0
1428552004141263077	CPU_0	98.36	0	0	0	0	1.63	0	0	0	0
1428552004762070754	CPU_0	96.82	0	1.58	0	0	1.58	0	0	0	0
1428552005390296370	CPU_0	96.82	0	0	0	0	1.58	1.58	0	0	0
1428552006012290002	CPU_0	98.36	0	0	0	0	1.63	0	0	0	0
1428552006633220221	CPU_0	95.23	0	1.58	0	0	1.58	1.58	0	0	0
1428552007254451522	CPU_0	98.36	0	0	0	0	1.63	0	0	0	0
1428552007884997632	CPU_0	95.31	0	1.56	0	0	1.56	1.56	0	0	0
1428552008506489974	CPU_0	93.54	0	4.83	0	0	1.61	0	0	0	0
1428552009129306396	CPU_0	96.77	0	1.61	0	0	1.61	0	0	0	0
1428552009750952488	CPU_0	96.82	0	0	0	0	1.58	1.58	0	0	0
1428552010372609622	CPU_0	98.36	0	0	0	0	1.63	0	0	0	0
1428552011000648698	CPU_0	93.75	0	1.56	0	0	3.12	1.56	0	0	0
1428552011623121538	CPU_0	98.36	0	0	0	0	1.63	0	0	0	0
1428552012244774130	CPU_0	98.38	0	1.61	0	0	0	0	0	0	0
1428552012866209807	CPU_0	93.65	0	1.58	0	0	3.17	1.58	0	0	0
1428552013494131216	CPU_0	96.82	0	1.58	0	0	1.58	0	0	0	0
1428552014116768056	CPU_0	96.77	0	0	0	0	1.61	1.61	0	0	0
1428552014738064109	CPU_0	96.77	0	1.61	0	0	1.61	0	0	0	0
1428552015359837660	CPU_0	96.82	0	1.58	0	0	1.58	0	0	0	0
1428552015982076584	CPU_0	96.77	0	0	0	0	1.61	1.61	0	0	0
1428552016609619787	CPU_0	98.38	0	0	0	0	1.61	0	0	0	0
1428552017230992673	CPU_0	96.82	0	0	0	0	1.58	1.58	0	0	0
1428552017852274767	CPU_0	96.72	0	1.63	0	0	1.63	0	0	0	0
1428552018473561153	CPU_0	96.77	0	0	0	0	1.61	1.61	0	0	0
1428552019102846435	CPU_0	93.75	0	3.12	0	0	3.12	0	0	0	0
1428552019724235196	CPU_0	96.77	0	1.61	0	0	1.61	0	0	0	0
1428552020345575957	CPU_0	96.77	0	0	0	0	1.61	1.61	0	0	0
1428552020966564302	CPU_0	96.77	0	1.61	0	0	1.61	0	0	0	0
1428552021595229503	CPU_0	95.23	0	1.58	0	0	1.58	1.58	0	0	0
1428552022216536264	CPU_0	98.38	0	0	0	0	1.61	0	0	0	0
1428552022837962651	CPU_0	95.23	0	1.58	0	0	1.58	1.58	0	0	0
1428552023460854491	CPU_0	95.16	0	1.61	0	0	3.22	0	0	0	0
1428552024084388956	CPU_0	95.16	0	0	0	0	3.22	1.61	0	0	0
1428552024717992643	CPU_0	92.06	0	3.17	0	0	4.76	0	0	0	0
1428552025340397902	CPU_0	96.82	0	0	0	0	1.58	1.58	0	0	0
1428552025962930911	CPU_0	98.38	0	0	0	0	1.61	0	0	0	0
1428552026585917419	CPU_0	95.16	0	3.22	0	0	1.61	0	0	0	0
1428552027214483454	CPU_0	96.82	0	0	0	0	1.58	1.58	0	0	0
1428552027836664131	CPU_0	98.36	0	0	0	0	1.63	0	0	0	0
1428552028458978515	CPU_0	95.31	0	1.56	0	0	1.56	1.56	0	0	0
1428552029081754691	CPU_0	98.36	0	0	0	0	1.63	0	0	0	0
1428552029709918769	CPU_0	96.82	0	1.58	0	0	1.58	0	0	0	0
1428552030332266904	CPU_0	93.65	0	1.58	0	0	3.17	1.58	0	0	0
1428552030954078998	CPU_0	96.77	0	1.61	0	0	1.61	0	0	0	0
1428552031576815883	CPU_0	95.23	0	1.58	0	0	1.58	1.58	0	0	0
1428552032199041935	CPU_0	98.38	0	0	0	0	1.61	0	0	0	0
1428552032827177263	CPU_0	96.82	0	0	0	0	1.58	1.58	0	0	0
1428552033449635273	CPU_0	98.38	0	0	0	0	1.61	0	0	0	0
1428552034072686157	CPU_0	95.16	0	3.22	0	0	1.61	0	0	0	0
1428552034695645416	CPU_0	96.82	0	0	0	0	1.58	1.58	0	0	0
1428552035324096119	CPU_0	90.32	0	4.83	0	0	4.83	0	0	0	0
1428552035946544421	CPU_0	93.65	0	1.58	0	0	3.17	1.58	0	0	0
1428552036569967430	CPU_0	90.16	0	4.91	0	0	4.91	0	0	0	0
1428552037195368766	CPU_0	95.31	0	1.56	0	0	1.56	1.56	0	0	0
1428552037824959174	CPU_0	91.93	0	4.83	0	0	3.22	0	0	0	0
1428552038447588601	CPU_0	96.77	0	0	0	0	1.61	1.61	0	0	0
1428552039070428445	CPU_0	96.77	0	1.61	0	0	1.61	0	0	0	0
1428552039692986497	CPU_0	95.16	0	1.61	0	0	1.61	1.61	0	0	0
1428552040315198926	CPU_0	96.82	0	1.58	0	0	1.58	0	0	0	0
1428552040944177170	CPU_0	96.82	0	0	0	0	3.17	0	0	0	0
1428552041566886306	CPU_0	95.16	0	1.61	0	0	1.61	1.61	0	0	0
1428552042189800316	CPU_0	96.82	0	1.58	0	0	1.58	0	0	0	0
1428552042811557746	CPU_0	96.77	0	0	0	0	1.61	1.61	0	0	0
1428552043441345155	CPU_0	96.82	0	1.58	0	0	1.58	0	0	0	0
1428552044064199999	CPU_0	98.36	0	0	0	0	1.63	0	0	0	0
1428552044686228429	CPU_0	95.23	0	1.58	0	0	1.58	1.58	0	0	0
1428552045308238692	CPU_0	96.77	0	1.61	0	0	1.61	0	0	0	0
1428552045937627477	CPU_0	96.82	0	0	0	0	1.58	1.58	0	0	0
1428552046563736105	CPU_0	98.38	0	0	0	0	1.61	0	0	0	0
1428552047186292117	CPU_0	96.82	0	0	0	0	1.58	1.58	0	0	0
1428552047808180297	CPU_0	96.77	0	1.61	0	0	1.61	0	0	0	0
1428552048430345227	CPU_0	96.77	0	1.61	0	0	1.61	0	0	0	0
1428552049059416764	CPU_0	93.75	0	1.56	0	0	3.12	1.56	0	0	0
1428552049682845232	CPU_0	96.77	0	1.61	0	0	1.61	0	0	0	0
1428552050305541202	CPU_0	93.65	0	3.17	0	0	1.58	1.58	0	0	0
1428552050928125465	CPU_0	96.72	0	1.63	0	0	1.63	0	0	0	0
1428552051557134544	CPU_0	98.41	0	0	0	0	1.58	0	0	0	0
1428552052180492304	CPU_0	96.82	0	0	0	0	1.58	1.58	0	0	0
1428552052802895192	CPU_0	98.36	0	0	0	0	1.63	0	0	0	0
1428552053425687330	CPU_0	96.82	0	0	0	0	1.58	1.58	0	0	0
1428552054047999635	CPU_0	98.36	0	0	0	0	1.63	0	0	0	0
1428552054677643671	CPU_0	95.31	0	1.56	0	0	1.56	1.56	0	0	0
1428552055299818143	CPU_0	96.82	0	1.58	0	0	1.58	0	0	0	0
1428552055922951905	CPU_0	96.72	0	1.63	0	0	1.63	0	0	0	0
1428552056545453502	CPU_0	96.82	0	0	0	0	1.58	1.58	0	0	0
1428552057175395038	CPU_0	96.82	0	0	0	0	3.17	0	0	0	0
1428552057798152759	CPU_0	96.77	0	0	0	0	1.61	1.61	0	0	0
1428552058420630481	CPU_0	100.00	0	0	0	0	0	0	0	0	0
1428552059043930535	CPU_0	95.23	0	1.58	0	0	3.17	0	0	0	0
1428552059674121403	CPU_0	95.23	0	1.58	0	0	1.58	1.58	0	0	0
1428552060296666042	CPU_0	96.77	0	1.61	0	0	1.61	0	0	0	0
1428552060919437722	CPU_0	96.82	0	0	0	0	1.58	1.58	0	0	0
1428552061542122486	CPU_0	95.16	0	3.22	0	0	1.61	0	0	0	0
1428552062165732539	CPU_0	96.77	0	0	0	0	1.61	1.61	0	0	0
1428552062794568203	CPU_0	96.82	0	1.58	0	0	1.58	0	0	0	0
1428552063417033926	CPU_0	98.36	0	0	0	0	1.63	0	0	0	0
1428552064039939815	CPU_0	95.23	0	1.58	0	0	1.58	1.58	0	0	0
1428552064663874284	CPU_0	96.77	0	1.61	0	0	1.61	0	0	0	0
1428552065293008740	CPU_0	95.31	0	1.56	0	0	1.56	1.56	0	0	0
1428552065916559002	CPU_0	98.38	0	0	0	0	1.61	0	0	0	0
1428552066539745765	CPU_0	96.77	0	1.61	0	0	1.61	0	0	0	0
1428552067163726984	CPU_0	93.65	0	1.58	0	0	3.17	1.58	0	0	0
1428552067792422025	CPU_0	96.82	0	1.58	0	0	1.58	0	0	0	0
1428552068414837249	CPU_0	96.77	0	0	0	0	1.61	1.61	0	0	0
1428552069037528638	CPU_0	98.38	0	0	0	0	1.61	0	0	0	0
1428552069660533903	CPU_0	95.23	0	1.58	0	0	1.58	1.58	0	0	0
1428552070282712294	CPU_0	96.77	0	1.61	0	0	1.61	0	0	0	0
1428552070911149544	CPU_0	95.16	0	3.22	0	0	1.61	0	0	0	0
1428552071534426224	CPU_0	96.82	0	0	0	0	1.58	1.58	0	0	0
1428552072157833238	CPU_0	98.36	0	0	0	0	1.63	0	0	0	0
1428552072780481961	CPU_0	95.23	0	1.58	0	0	1.58	1.58	0	0	0
1428552073409272086	CPU_0	98.41	0	0	0	0	1.58	0	0	0	0
1428552074031920977	CPU_0	98.38	0	0	0	0	1.61	0	0	0	0
1428552074655339157	CPU_0	92.18	0	3.12	0	0	3.12	1.56	0	0	0
1428552075277343258	CPU_0	98.36	0	0	0	0	1.63	0	0	0	0
1428552075909113916	CPU_0	96.82	0	0	0	0	1.58	1.58	0	0	0
1428552076531771016	CPU_0	96.82	0	1.58	0	0	1.58	0	0	0	0
1428552077154920697	CPU_0	96.82	0	0	0	0	1.58	1.58	0	0	0
1428552077777131048	CPU_0	96.77	0	1.61	0	0	1.61	0	0	0	0
1428552078399478690	CPU_0	98.38	0	0	0	0	1.61	0	0	0	0
1428552079028907272	CPU_0	96.82	0	0	0	0	1.58	1.58	0	0	0
1428552079651565580	CPU_0	98.36	0	0	0	0	1.63	0	0	0	0
1428552080273484807	CPU_0	96.77	0	0	0	0	1.61	1.61	0	0	0
1428552080895719491	CPU_0	98.38	0	0	0	0	1.61	0	0	0	0
1428552081524621908	CPU_0	96.82	0	1.58	0	0	1.58	0	0	0	0
1428552082147527841	CPU_0	93.65	0	3.17	0	0	1.58	1.58	0	0	0
1428552082769837068	CPU_0	98.38	0	0	0	0	1.61	0	0	0	0
1428552083392200127	CPU_0	95.23	0	1.58	0	0	1.58	1.58	0	0	0
1428552084016678098	CPU_0	98.38	0	0	0	0	1.61	0	0	0	0
1428552084645270474	CPU_0	95.23	0	0	0	0	3.17	1.58	0	0	0
1428552085267999283	CPU_0	96.82	0	1.58	0	0	1.58	0	0	0	0
1428552085890993841	CPU_0	98.36	0	0	0	0	1.63	0	0	0	0
1428552086514437690	CPU_0	95.31	0	1.56	0	0	1.56	1.56	0	0	0
1428552087144137731	CPU_0	98.38	0	0	0	0	1.61	0	0	0	0
1428552087767891662	CPU_0	96.77	0	0	0	0	1.61	1.61	0	0	0
1428552088391002137	CPU_0	98.41	0	0	0	0	1.58	0	0	0	0
1428552089014003154	CPU_0	96.77	0	1.61	0	0	1.61	0	0	0	0
1428552089643196530	CPU_0	96.77	0	0	0	0	1.61	1.61	0	0	0
1428552090266295088	CPU_0	96.82	0	1.58	0	0	1.58	0	0	0	0
1428552090888935440	CPU_0	96.77	0	0	0	0	1.61	1.61	0	0	0
1428552091511348959	CPU_0	93.54	0	4.83	0	0	1.61	0	0	0	0
1428552092137731301	CPU_0	98.38	0	0	0	0	1.61	0	0	0	0
1428552092763237020	CPU_0	95.31	0	1.56	0	0	1.56	1.56	0	0	0
1428552093385536873	CPU_0	95.16	0	1.61	0	0	3.22	0	0	0	0
1428552094008855889	CPU_0	98.38	0	0	0	0	0	1.61	0	0	0
1428552094632038115	CPU_0	95.23	0	1.58	0	0	3.17	0	0	0	0
1428552095261991948	CPU_0	96.82	0	0	0	0	1.58	1.58	0	0	0
1428552095884559134	CPU_0	96.82	0	1.58	0	0	1.58	0	0	0	0
1428552096508015567	CPU_0	98.36	0	0	0	0	1.63	0	0	0	0
1428552097130703961	CPU_0	96.82	0	0	0	0	1.58	1.58	0	0	0
1428552097761434709	CPU_0	96.77	0	1.61	0	0	1.61	0	0	0	0
1428552098384392394	CPU_0	93.65	0	3.17	0	0	1.58	1.58	0	0	0
1428552099008015786	CPU_0	98.38	0	0	0	0	1.61	0	0	0	0
1428552099631020971	CPU_0	96.77	0	1.61	0	0	1.61	0	0	0	0
1428552100261635178	CPU_0	96.82	0	0	0	0	1.58	1.58	0	0	0
1428552100887455773	CPU_0	96.82	0	1.58	0	0	1.58	0	0	0	0
1428552101511263081	CPU_0	95.23	0	0	0	0	3.17	1.58	0	0	0
1428552102134702057	CPU_0	96.77	0	1.61	0	0	1.61	0	0	0	0
1428552102758833240	CPU_0	96.82	0	0	0	0	1.58	1.58	0	0	0
1428552103388990115	CPU_0	98.41	0	0	0	0	1.58	0	0	0	0
1428552104013352380	CPU_0	96.72	0	1.63	0	0	1.63	0	0	0	0
1428552104636365066	CPU_0	96.82	0	0	0	0	1.58	1.58	0	0	0
1428552105260583124	CPU_0	96.77	0	1.61	0	0	1.61	0	0	0	0
1428552105889653461	CPU_0	95.31	0	1.56	0	0	1.56	1.56	0	0	0
1428552106513543978	CPU_0	96.72	0	1.63	0	0	1.63	0	0	0	0
1428552107136311707	CPU_0	96.82	0	0	0	0	1.58	1.58	0	0	0
1428552107760117141	CPU_0	96.82	0	1.58	0	0	1.58	0	0	0	0
1428552108392886468	CPU_0	98.38	0	0	0	0	1.61	0	0	0	0
1428552109016135113	CPU_0	93.75	0	1.56	0	0	3.12	1.56	0	0	0
1428552109639112883	CPU_0	98.38	0	0	0	0	1.61	0	0	0	0
1428552110263180025	CPU_0	96.77	0	0	0	0	1.61	1.61	0	0	0
1428552110886692252	CPU_0	98.38	0	0	0	0	1.61	0	0	0	0
1428552111516401755	CPU_0	96.82	0	1.58	0	0	1.58	0	0	0	0
1428552112140173856	CPU_0	95.23	0	1.58	0	0	1.58	1.58	0	0	0
1428552112764176666	CPU_0	95.16	0	3.22	0	0	1.61	0	0	0	0
1428552113387422186	CPU_0	96.77	0	0	0	0	1.61	1.61	0	0	0
1428552114016978231	CPU_0	96.82	0	1.58	0	0	1.58	0	0	0	0
1428552114640083084	CPU_0	96.77	0	1.61	0	0	1.61	0	0	0	0
1428552115263550646	CPU_0	96.77	0	0	0	0	1.61	1.61	0	0	0
1428552115886815249	CPU_0	98.38	0	0	0	0	1.61	0	0	0	0
1428552116517991582	CPU_0	96.87	0	0	0	0	1.56	1.56	0	0	0
1428552117141769684	CPU_0	96.77	0	1.61	0	0	1.61	0	0	0	0
1428552117765756161	CPU_0	95.23	0	1.58	0	0	1.58	1.58	0	0	0
1428552118388947307	CPU_0	98.38	0	0	0	0	1.61	0	0	0	0
1428552119012405994	CPU_0	96.77	0	0	0	0	3.22	0	0	0	0
1428552119643144912	CPU_0	96.87	0	0	0	0	1.56	1.56	0	0	0
1428552120267541679	CPU_0	96.77	0	1.61	0	0	1.61	0	0	0	0
1428552120890933117	CPU_0	96.82	0	0	0	0	1.58	1.58	0	0	0
1428552121514444304	CPU_0	98.38	0	0	0	0	1.61	0	0	0	0
1428552122144619140	CPU_0	96.82	0	1.58	0	0	1.58	0	0	0	0
1428552122768898492	CPU_0	96.82	0	0	0	0	1.58	1.58	0	0	0
1428552123392125972	CPU_0	96.72	0	1.63	0	0	1.63	0	0	0	0
1428552124015405410	CPU_0	95.23	0	1.58	0	0	1.58	1.58	0	0	0
1428552124644960956	CPU_0	98.38	0	0	0	0	1.61	0	0	0	0
1428552125269049809	CPU_0	95.31	0	1.56	0	0	1.56	1.56	0	0	0
1428552125892943662	CPU_0	98.36	0	0	0	0	1.63	0	0	0	0
1428552126516593141	CPU_0	96.82	0	1.58	0	0	1.58	0	0	0	0
1428552127140394828	CPU_0	96.77	0	0	0	0	1.61	1.61	0	0	0
1428552127771353288	CPU_0	96.82	0	1.58	0	0	1.58	0	0	0	0
1428552128395845557	CPU_0	96.82	0	0	0	0	1.58	1.58	0	0	0
1428552129019532370	CPU_0	96.77	0	0	0	0	3.22	0	0	0	0
1428552129643430807	CPU_0	96.77	0	1.61	0	0	1.61	0	0	0	0
1428552130274457017	CPU_0	96.87	0	0	0	0	1.56	1.56	0	0	0
1428552130898693245	CPU_0	96.77	0	1.61	0	0	1.61	0	0	0	0
1428552131522149476	CPU_0	96.82	0	0	0	0	1.58	1.58	0	0	0
1428552132146274413	CPU_0	96.77	0	1.61	0	0	1.61	0	0	0	0
1428552132776939666	CPU_0	96.82	0	1.58	0	0	1.58	0	0	0	0
1428552133401399352	CPU_0	93.65	0	3.17	0	0	1.58	1.58	0	0	0
1428552134024681042	CPU_0	98.36	0	0	0	0	1.63	0	0	0	0
1428552134647980106	CPU_0	93.65	0	3.17	0	0	1.58	1.58	0	0	0
1428552135272683417	CPU_0	96.77	0	1.61	0	0	1.61	0	0	0	0
1428552135903815211	CPU_0	96.87	0	0	0	0	1.56	1.56	0	0	0
1428552136528358523	CPU_0	96.72	0	1.63	0	0	1.63	0	0	0	0
1428552137152447711	CPU_0	95.23	0	1.58	0	0	3.17	0	0	0	0
1428552137777744395	CPU_0	96.82	0	0	0	0	1.58	1.58	0	0	0
1428552138408857898	CPU_0	96.87	0	1.56	0	0	1.56	0	0	0	0
1428552139032992919	CPU_0	95.16	0	1.61	0	0	1.61	1.61	0	0	0
1428552139656962066	CPU_0	96.77	0	1.61	0	0	1.61	0	0	0	0
1428552140281865252	CPU_0	98.38	0	0	0	0	1.61	0	0	0	0
1428552140912037091	CPU_0	96.87	0	0	0	0	1.56	1.56	0	0	0
1428552141536619653	CPU_0	96.77	0	1.61	0	0	1.61	0	0	0	0
1428552142161002716	CPU_0	96.77	0	0	0	0	1.61	1.61	0	0	0
1428552142785874903	CPU_0	98.38	0	0	0	0	1.61	0	0	0	0
1428552143416712949	CPU_0	92.18	0	3.12	0	0	3.12	1.56	0	0	0
1428552144043832088	CPU_0	93.65	0	1.58	0	0	4.76	0	0	0	0
1428552144671334351	CPU_0	92.06	0	3.17	0	0	3.17	1.58	0	0	0
1428552145296551329	CPU_0	96.77	0	1.61	0	0	1.61	0	0	0	0
1428552145920431935	CPU_0	96.77	0	0	0	0	1.61	1.61	0	0	0
1428552146551052149	CPU_0	98.41	0	0	0	0	1.58	0	0	0	0
1428552147175263838	CPU_0	96.82	0	1.58	0	0	1.58	0	0	0	0
1428552147800273858	CPU_0	96.77	0	0	0	0	1.61	1.61	0	0	0
1428552148424106631	CPU_0	95.23	0	1.58	0	0	3.17	0	0	0	0
1428552149055093303	CPU_0	95.31	0	1.56	0	0	1.56	1.56	0	0	0
1428552149680067115	CPU_0	96.77	0	1.61	0	0	1.61	0	0	0	0
1428552150305471551	CPU_0	96.77	0	1.61	0	0	1.61	0	0	0	0
1428552150929760407	CPU_0	95.23	0	1.58	0	0	1.58	1.58	0	0	0
1428552151561654285	CPU_0	96.77	0	1.61	0	0	1.61	0	0	0	0
1428552152186633848	CPU_0	96.82	0	0	0	0	1.58	1.58	0	0	0
1428552152811497494	CPU_0	96.77	0	1.61	0	0	1.61	0	0	0	0
1428552153435777934	CPU_0	95.23	0	1.58	0	0	1.58	1.58	0	0	0
1428552154060516622	CPU_0	96.77	0	1.61	0	0	1.61	0	0	0	0
1428552154690834713	CPU_0	96.82	0	1.58	0	0	1.58	0	0	0	0
1428552155315825776	CPU_0	96.82	0	0	0	0	1.58	1.58	0	0	0
1428552155940416298	CPU_0	96.77	0	1.61	0	0	1.61	0	0	0	0
1428552156565031154	CPU_0	96.82	0	0	0	0	1.58	1.58	0	0	0
1428552157196452242	CPU_0	93.65	0	3.17	0	0	3.17	0	0	0	0
1428552157821060974	CPU_0	98.41	0	0	0	0	1.58	0	0	0	0
1428552158445739413	CPU_0	96.77	0	0	0	0	1.61	1.61	0	0	0
1428552159069985437	CPU_0	96.82	0	1.58	0	0	1.58	0	0	0	0
1428552159701157026	CPU_0	96.82	0	0	0	0	1.58	1.58	0	0	0
1428552160325518508	CPU_0	98.38	0	0	0	0	1.61	0	0	0	0
1428552160949879115	CPU_0	95.16	0	1.61	0	0	1.61	1.61	0	0	0
1428552161573267475	CPU_0	96.82	0	1.58	0	0	1.58	0	0	0	0
1428552162203799233	CPU_0	98.38	0	0	0	0	1.61	0	0	0	0
1428552162831880247	CPU_0	96.82	0	0	0	0	1.58	1.58	0	0	0
1428552163456435104	CPU_0	98.38	0	0	0	0	1.61	0	0	0	0
1428552164080520629	CPU_0	96.82	0	0	0	0	1.58	1.58	0	0	0
1428552164704860779	CPU_0	96.82	0	1.58	0	0	1.58	0	0	0	0
1428552165336293785	CPU_0	96.82	0	0	0	0	3.17	0	0	0	0
1428552165960906184	CPU_0	95.23	0	1.58	0	0	1.58	1.58	0	0	0
1428552166585191917	CPU_0	98.38	0	0	0	0	1.61	0	0	0	0
1428552167209809691	CPU_0	95.23	0	1.58	0	0	1.58	1.58	0	0	0
1428552167842275903	CPU_0	96.77	0	1.61	0	0	1.61	0	0	0	0
1428552168467734967	CPU_0	98.41	0	0	0	0	1.58	0	0	0	0
1428552169092499366	CPU_0	96.82	0	0	0	0	1.58	1.58	0	0	0
1428552169717783722	CPU_0	96.72	0	1.63	0	0	1.63	0	0	0	0
1428552170349246603	CPU_0	95.31	0	1.56	0	0	1.56	1.56	0	0	0
1428552170974273960	CPU_0	96.77	0	1.61	0	0	1.61	0	0	0	0
1428552171598949443	CPU_0	95.31	0	1.56	0	0	1.56	1.56	0	0	0
1428552172223893467	CPU_0	98.38	0	0	0	0	1.61	0	0	0	0
1428552172849091657	CPU_0	98.38	0	0	0	0	1.61	0	0	0	0
1428552173480681789	CPU_0	95.31	0	1.56	0	0	1.56	1.56	0	0	0
1428552174105767354	CPU_0	95.16	0	1.61	0	0	3.22	0	0	0	0
1428552174730932003	CPU_0	93.65	0	3.17	0	0	1.58	1.58	0	0	0
1428552175355957319	CPU_0	98.38	0	0	0	0	1.61	0	0	0	0
1428552175987737117	CPU_0	95.23	0	3.17	0	0	1.58	0	0	0	0
1428552176612599725	CPU_0	96.82	0	0	0	0	1.58	1.58	0	0	0
1428552177237737666	CPU_0	96.72	0	1.63	0	0	1.63	0	0	0	0
1428552177863063815	CPU_0	96.82	0	0	0	0	1.58	1.58	0	0	0
1428552178494659531	CPU_0	96.87	0	1.56	0	0	1.56	0	0	0	0
1428552179119524723	CPU_0	95.23	0	1.58	0	0	1.58	1.58	0	0	0
1428552179744973913	CPU_0	98.38	0	0	0	0	1.61	0	0	0	0
1428552180369376148	CPU_0	98.38	0	0	0	0	1.61	0	0	0	0
1428552181000427782	CPU_0	96.82	0	0	0	0	1.58	1.58	0	0	0
1428552181624802434	CPU_0	96.82	0	1.58	0	0	1.58	0	0	0	0
1428552182250203000	CPU_0	95.23	0	0	0	0	3.17	1.58	0	0	0
1428552182874361277	CPU_0	98.38	0	0	0	0	1.61	0	0	0	0
1428552183500037884	CPU_0	98.38	0	0	0	0	1.61	0	0	0	0
1428552184131002686	CPU_0	95.31	0	1.56	0	0	1.56	1.56	0	0	0
1428552184757059626	CPU_0	98.38	0	0	0	0	1.61	0	0	0	0
1428552185381149945	CPU_0	95.23	0	1.58	0	0	1.58	1.58	0	0	0
1428552186005894513	CPU_0	98.38	0	0	0	0	1.61	0	0	0	0
1428552186636501316	CPU_0	96.82	0	0	0	0	1.58	1.58	0	0	0
1428552187261800217	CPU_0	98.38	0	0	0	0	1.61	0	0	0	0
1428552187885734245	CPU_0	96.82	0	1.58	0	0	1.58	0	0	0	0
1428552188510292981	CPU_0	96.77	0	0	0	0	1.61	1.61	0	0	0
1428552189140629577	CPU_0	96.82	0	1.58	0	0	1.58	0	0	0	0
1428552189766692017	CPU_0	93.65	0	3.17	0	0	1.58	1.58	0	0	0
1428552190390507088	CPU_0	96.77	0	1.61	0	0	1.61	0	0	0	0
1428552191015631198	CPU_0	98.41	0	0	0	0	1.58	0	0	0	0
1428552191640858599	CPU_0	92.06	0	3.17	0	0	3.17	1.58	0	0	0
1428552192271211236	CPU_0	96.82	0	1.58	0	0	1.58	0	0	0	0
1428552192895137558	CPU_0	96.77	0	0	0	0	1.61	1.61	0	0	0
1428552193520184001	CPU_0	95.23	0	3.17	0	0	1.58	0	0	0	0
1428552194144743113	CPU_0	96.77	0	1.61	0	0	1.61	0	0	0	0
1428552194777105954	CPU_0	96.82	0	0	0	0	1.58	1.58	0	0	0
1428552195401726524	CPU_0	95.16	0	3.22	0	0	1.61	0	0	0	0
1428552196026425093	CPU_0	96.82	0	0	0	0	1.58	1.58	0	0	0
1428552196650461748	CPU_0	96.77	0	1.61	0	0	1.61	0	0	0	0
1428552197282754923	CPU_0	96.82	0	0	0	0	1.58	1.58	0	0	0
1428552197906969869	CPU_0	98.38	0	0	0	0	1.61	0	0	0	0
1428552198531609231	CPU_0	98.41	0	0	0	0	1.58	0	0	0	0
1428552199155893636	CPU_0	95.23	0	1.58	0	0	1.58	1.58	0	0	0
1428552199788052728	CPU_0	96.82	0	0	0	0	3.17	0	0	0	0
1428552200413007714	CPU_0	96.82	0	0	0	0	1.58	1.58	0	0	0
1428552201037816951	CPU_0	96.77	0	1.61	0	0	1.61	0	0	0	0
1428552201661879065	CPU_0	96.82	0	0	0	0	1.58	1.58	0	0	0
1428552202287321009	CPU_0	96.82	0	1.58	0	0	1.58	0	0	0	0
1428552202918814020	CPU_0	96.77	0	1.61	0	0	1.61	0	0	0	0
1428552203543235675	CPU_0	95.23	0	1.58	0	0	1.58	1.58	0	0	0
1428552204167763080	CPU_0	96.77	0	1.61	0	0	1.61	0	0	0	0
1428552204793248982	CPU_0	95.23	0	1.58	0	0	1.58	1.58	0	0	0
1428552205424559036	CPU_0	98.41	0	0	0	0	1.58	0	0	0	0
1428552206049674481	CPU_0	96.77	0	1.61	0	0	1.61	0	0	0	0
1428552206674685634	CPU_0	96.82	0	0	0	0	1.58	1.58	0	0	0
1428552207300147120	CPU_0	96.77	0	1.61	0	0	1.61	0	0	0	0
1428552207931529008	CPU_0	95.31	0	1.56	0	0	1.56	1.56	0	0	0
1428552208556941411	CPU_0	98.36	0	0	0	0	1.63	0	0	0	0
1428552209181913981	CPU_0	96.82	0	1.58	0	0	1.58	0	0	0	0
1428552209807719592	CPU_0	95.23	0	0	0	0	3.17	1.58	0	0	0
1428552210437911858	CPU_0	96.82	0	1.58	0	0	1.58	0	0	0	0
1428552211065109006	CPU_0	96.82	0	0	0	0	1.58	1.58	0	0	0
1428552211689804662	CPU_0	96.77	0	1.61	0	0	1.61	0	0	0	0
1428552212315074857	CPU_0	95.23	0	1.58	0	0	1.58	1.58	0	0	0
1428552212939606888	CPU_0	96.77	0	1.61	0	0	1.61	0	0	0	0
1428552213571043901	CPU_0	98.41	0	0	0	0	1.58	0	0	0	0
1428552214195684890	CPU_0	95.23	0	1.58	0	0	1.58	1.58	0	0	0
1428552214821324377	CPU_0	98.38	0	0	0	0	1.61	0	0	0	0
1428552215445836533	CPU_0	95.23	0	1.58	0	0	1.58	1.58	0	0	0
1428552216077881420	CPU_0	92.06	0	6.34	0	0	1.58	0	0	0	0
1428552216703529865	CPU_0	96.77	0	0	0	0	1.61	1.61	0	0	0
1428552217329678267	CPU_0	95.31	0	1.56	0	0	3.12	0	0	0	0
1428552217954328090	CPU_0	98.38	0	0	0	0	1.61	0	0	0	0
1428552218585591604	CPU_0	95.31	0	1.56	0	0	1.56	1.56	0	0	0
1428552219210545427	CPU_0	98.36	0	0	0	0	1.63	0	0	0	0
1428552219836892829	CPU_0	96.82	0	0	0	0	1.58	1.58	0	0	0
1428552220461415111	CPU_0	96.82	0	1.58	0	0	1.58	0	0	0	0
1428552221089397884	CPU_0	98.38	0	0	0	0	1.61	0	0	0	0
1428552221719231569	CPU_0	96.82	0	0	0	0	1.58	1.58	0	0	0
1428552222345210014	CPU_0	96.82	0	1.58	0	0	1.58	0	0	0	0
1428552222969841713	CPU_0	96.77	0	0	0	0	1.61	1.61	0	0	0
1428552223595164910	CPU_0	96.82	0	0	0	0	3.17	0	0	0	0
1428552224226918257	CPU_0	95.23	0	1.58	0	0	1.58	1.58	0	0	0
1428552224853194576	CPU_0	96.82	0	1.58	0	0	1.58	0	0	0	0
1428552225478454065	CPU_0	96.77	0	1.61	0	0	1.61	0	0	0	0
1428552226104122137	CPU_0	95.23	0	1.58	0	0	1.58	1.58	0	0	0
1428552226735736651	CPU_0	96.82	0	1.58	0	0	1.58	0	0	0	0
1428552227361387265	CPU_0	96.77	0	0	0	0	1.61	1.61	0	0	0
1428552227986229797	CPU_0	96.77	0	1.61	0	0	1.61	0	0	0	0
1428552228611263912	CPU_0	96.82	0	1.58	0	0	1.58	0	0	0	0
1428552229242541469	CPU_0	93.75	0	1.56	0	0	3.12	1.56	0	0	0
1428552229868396457	CPU_0	98.38	0	0	0	0	1.61	0	0	0	0
1428552230493875197	CPU_0	95.31	0	1.56	0	0	1.56	1.56	0	0	0
1428552231118941645	CPU_0	98.38	0	0	0	0	1.61	0	0	0	0
1428552231745663923	CPU_0	96.82	0	0	0	0	1.58	1.58	0	0	0
1428552232378230894	CPU_0	96.77	0	1.61	0	0	1.61	0	0	0	0
1428552233003412843	CPU_0	98.38	0	0	0	0	1.61	0	0	0	0
1428552233629123207	CPU_0	95.31	0	1.56	0	0	1.56	1.56	0	0	0
1428552234254848030	CPU_0	98.36	0	0	0	0	1.63	0	0	0	0
1428552234887534542	CPU_0	95.31	0	1.56	0	0	1.56	1.56	0	0	0
1428552235513042199	CPU_0	96.82	0	0	0	0	3.17	0	0	0	0
1428552236138701939	CPU_0	95.23	0	1.58	0	0	1.58	1.58	0	0	0
1428552236764780094	CPU_0	95.16	0	3.22	0	0	1.61	0	0	0	0
1428552237397306857	CPU_0	96.82	0	1.58	0	0	1.58	0	0	0	0
1428552238023149347	CPU_0	96.82	0	0	0	0	1.58	1.58	0	0	0
1428552238648046089	CPU_0	96.77	0	1.61	0	0	1.61	0	0	0	0
1428552239274202827	CPU_0	96.82	0	0	0	0	1.58	1.58	0	0	0
1428552239906819508	CPU_0	96.77	0	1.61	0	0	1.61	0	0	0	0
1428552240532141165	CPU_0	98.41	0	0	0	0	1.58	0	0	0	0
1428552241156587951	CPU_0	95.23	0	1.58	0	0	1.58	1.58	0	0	0
1428552241782030442	CPU_0	98.38	0	0	0	0	1.61	0	0	0	0
1428552242414216707	CPU_0	95.23	0	1.58	0	0	1.58	1.58	0	0	0
1428552243042616523	CPU_0	96.82	0	1.58	0	0	1.58	0	0	0	0
1428552243667960598	CPU_0	95.31	0	0	0	0	3.12	1.56	0	0	0
1428552244294174629	CPU_0	98.41	0	0	0	0	1.58	0	0	0	0
1428552244920627535	CPU_0	98.36	0	0	0	0	1.63	0	0	0	0
1428552245553721006	CPU_0	96.87	0	0	0	0	1.56	1.56	0	0	0
1428552246179838079	CPU_0	96.82	0	1.58	0	0	1.58	0	0	0	0
1428552246806004569	CPU_0	96.77	0	0	0	0	1.61	1.61	0	0	0
1428552247432943224	CPU_0	95.23	0	1.58	0	0	3.17	0	0	0	0
1428552248066149862	CPU_0	96.82	0	0	0	0	1.58	1.58	0	0	0
1428552248692063644	CPU_0	96.82	0	1.58	0	0	1.58	0	0	0	0
1428552249318846133	CPU_0	98.38	0	0	0	0	1.61	0	0	0	0
1428552249945695746	CPU_0	93.75	0	3.12	0	0	1.56	1.56	0	0	0
1428552250578168970	CPU_0	96.77	0	1.61	0	0	1.61	0	0	0	0
1428552251203962170	CPU_0	96.82	0	0	0	0	1.58	1.58	0	0	0
1428552251830588076	CPU_0	96.77	0	1.61	0	0	1.61	0	0	0	0
1428552252457662231	CPU_0	96.82	0	1.58	0	0	1.58	0	0	0	0
1428552253090062163	CPU_0	96.82	0	0	0	0	1.58	1.58	0	0	0
1428552253716879569	CPU_0	98.38	0	0	0	0	1.61	0	0	0	0
1428552254343137893	CPU_0	95.31	0	1.56	0	0	1.56	1.56	0	0	0
1428552254969417842	CPU_0	96.77	0	1.61	0	0	1.61	0	0	0	0
1428552255596109040	CPU_0	95.23	0	0	0	0	3.17	1.58	0	0	0
1428552256228329182	CPU_0	98.41	0	0	0	0	1.58	0	0	0	0
1428552256855404671	CPU_0	98.41	0	0	0	0	1.58	0	0	0	0
1428552257481632871	CPU_0	92.06	0	4.76	0	0	1.58	1.58	0	0	0
1428552258107882070	CPU_0	98.38	0	0	0	0	1.61	0	0	0	0
1428552258741118793	CPU_0	96.87	0	0	0	0	1.56	1.56	0	0	0
1428552259368071158	CPU_0	96.77	0	1.61	0	0	1.61	0	0	0	0
1428552259994316691	CPU_0	96.82	0	0	0	0	1.58	1.58	0	0	0
1428552260620545266	CPU_0	98.38	0	0	0	0	1.61	0	0	0	0
1428552261253223032	CPU_0	96.82	0	1.58	0	0	1.58	0	0	0	0
1428552261880570688	CPU_0	96.82	0	0	0	0	1.58	1.58	0	0	0
1428552262506845263	CPU_0	96.82	0	0	0	0	3.17	0	0	0	0
1428552263133454587	CPU_0	95.23	0	1.58	0	0	1.58	1.58	0	0	0
1428552263767152143	CPU_0	92.06	0	3.17	0	0	4.76	0	0	0	0
1428552264395175672	CPU_0	92.06	0	3.17	0	0	3.17	1.58	0	0	0
1428552265022204204	CPU_0	95.23	0	1.58	0	0	3.17	0	0	0	0
1428552265649337902	CPU_0	93.65	0	3.17	0	0	1.58	1.58	0	0	0
1428552266282053711	CPU_0	98.38	0	0	0	0	1.61	0	0	0	0
1428552266912451734	CPU_0	98.41	0	0	0	0	1.58	0	0	0	0
1428552267538946393	CPU_0	95.23	0	1.58	0	0	1.58	1.58	0	0	0
1428552268165714134	CPU_0	96.82	0	1.58	0	0	1.58	0	0	0	0
1428552268791892002	CPU_0	93.65	0	1.58	0	0	3.17	1.58	0	0	0
1428552269425859141	CPU_0	95.23	0	3.17	0	0	1.58	0	0	0	0
1428552270054464211	CPU_0	96.82	0	0	0	0	1.58	1.58	0	0	0
1428552270680694163	CPU_0	98.38	0	0	0	0	1.61	0	0	0	0
1428552271307132822	CPU_0	96.82	0	1.58	0	0	1.58	0	0	0	0
1428552271940929254	CPU_0	96.87	0	0	0	0	1.56	1.56	0	0	0
1428552272566886581	CPU_0	96.77	0	1.61	0	0	1.61	0	0	0	0
1428552273193023366	CPU_0	96.82	0	0	0	0	1.58	1.58	0	0	0
1428552273819800692	CPU_0	98.38	0	0	0	0	1.61	0	0	0	0
1428552274454247372	CPU_0	96.82	0	1.58	0	0	1.58	0	0	0	0
1428552275080403158	CPU_0	96.82	0	0	0	0	1.58	1.58	0	0	0
1428552275706658776	CPU_0	95.23	0	1.58	0	0	3.17	0	0	0	0
1428552276332786979	CPU_0	96.82	0	0	0	0	1.58	1.58	0	0	0
1428552276966250412	CPU_0	96.82	0	1.58	0	0	1.58	0	0	0	0
1428552277592249157	CPU_0	93.65	0	3.17	0	0	1.58	1.58	0	0	0
1428552278218997066	CPU_0	95.16	0	3.22	0	0	1.61	0	0	0	0
1428552278845509393	CPU_0	96.82	0	1.58	0	0	1.58	0	0	0	0
1428552279472760634	CPU_0	96.77	0	0	0	0	1.61	1.61	0	0	0
1428552280106051944	CPU_0	98.41	0	0	0	0	1.58	0	0	0	0
1428552280732515146	CPU_0	95.23	0	1.58	0	0	1.58	1.58	0	0	0
1428552281358569766	CPU_0	96.82	0	1.58	0	0	1.58	0	0	0	0
1428552281986262881	CPU_0	93.75	0	1.56	0	0	3.12	1.56	0	0	0
1428552282618904651	CPU_0	98.41	0	0	0	0	1.58	0	0	0	0
1428552283245403187	CPU_0	98.38	0	0	0	0	1.61	0	0	0	0
1428552283871908639	CPU_0	95.23	0	1.58	0	0	1.58	1.58	0	0	0
1428552284499786672	CPU_0	98.38	0	0	0	0	1.61	0	0	0	0
1428552285133320981	CPU_0	96.82	0	0	0	0	1.58	1.58	0	0	0
1428552285760200975	CPU_0	96.82	0	1.58	0	0	1.58	0	0	0	0
1428552286386777219	CPU_0	96.82	0	0	0	0	1.58	1.58	0	0	0
1428552287014324419	CPU_0	95.31	0	1.56	0	0	3.12	0	0	0	0
1428552287647376772	CPU_0	98.38	0	0	0	0	1.61	0	0	0	0
1428552288274203891	CPU_0	96.82	0	0	0	0	1.58	1.58	0	0	0
1428552288900942677	CPU_0	96.77	0	1.61	0	0	1.61	0	0	0	0
1428552289527693421	CPU_0	95.23	0	1.58	0	0	1.58	1.58	0	0	0
1428552290160273900	CPU_0	98.41	0	0	0	0	1.58	0	0	0	0
1428552290787607393	CPU_0	96.77	0	1.61	0	0	1.61	0	0	0	0
1428552291414347429	CPU_0	95.31	0	1.56	0	0	1.56	1.56	0	0	0
1428552292041609256	CPU_0	98.38	0	0	0	0	1.61	0	0	0	0
1428552292668378959	CPU_0	95.23	0	1.58	0	0	1.58	1.58	0	0	0
1428552293301694770	CPU_0	98.41	0	0	0	0	1.58	0	0	0	0
1428552293929025680	CPU_0	95.23	0	1.58	0	0	1.58	1.58	0	0	0
1428552294555593217	CPU_0	93.65	0	3.17	0	0	3.17	0	0	0	0
1428552295182255004	CPU_0	96.82	0	1.58	0	0	1.58	0	0	0	0
1428552295816303022	CPU_0	96.87	0	0	0	0	1.56	1.56	0	0	0
1428552296444384639	CPU_0	96.77	0	1.61	0	0	1.61	0	0	0	0
1428552297071787424	CPU_0	95.23	0	1.58	0	0	1.58	1.58	0	0	0
1428552297698469212	CPU_0	98.38	0	0	0	0	1.61	0	0	0	0
1428552298332014273	CPU_0	96.82	0	1.58	0	0	1.58	0	0	0	0
1428552298959769766	CPU_0	93.75	0	3.12	0	0	1.56	1.56	0	0	0
1428552299586845178	CPU_0	96.77	0	0	0	0	3.22	0	0	0	0
1428552300213257674	CPU_0	95.23	0	1.58	0	0	1.58	1.58	0	0	0
1428552300846785611	CPU_0	98.41	0	0	0	0	1.58	0	0	0	0
1428552301473515065	CPU_0	93.65	0	3.17	0	0	1.58	1.58	0	0	0
1428552302100841226	CPU_0	98.38	0	0	0	0	1.61	0	0	0	0
1428552302727929180	CPU_0	98.38	0	0	0	0	1.61	0	0	0	0
1428552303361068493	CPU_0	96.87	0	0	0	0	1.56	1.56	0	0	0
1428552303988546738	CPU_0	96.82	0	1.58	0	0	1.58	0	0	0	0
1428552304616128649	CPU_0	96.82	0	0	0	0	1.58	1.58	0	0	0
1428552305243261852	CPU_0	95.16	0	3.22	0	0	1.61	0	0	0	0
1428552305871457137	CPU_0	95.31	0	1.56	0	0	1.56	1.56	0	0	0
1428552306503436537	CPU_0	95.23	0	1.58	0	0	3.17	0	0	0	0
1428552307130978115	CPU_0	96.82	0	1.58	0	0	1.58	0	0	0	0
1428552307757555237	CPU_0	96.77	0	0	0	0	1.61	1.61	0	0	0
1428552308384616317	CPU_0	96.82	0	1.58	0	0	1.58	0	0	0	0
1428552309018310754	CPU_0	96.87	0	0	0	0	1.56	1.56	0	0	0
1428552309645594833	CPU_0	98.38	0	0	0	0	1.61	0	0	0	0
1428552310272511538	CPU_0	98.38	0	0	0	0	1.61	0	0	0	0
1428552310899515243	CPU_0	95.31	0	1.56	0	0	1.56	1.56	0	0	0
1428552311534337261	CPU_0	96.82	0	1.58	0	0	1.58	0	0	0	0
1428552312162861712	CPU_0	95.23	0	0	0	0	3.17	1.58	0	0	0
1428552312790267417	CPU_0	96.82	0	1.58	0	0	1.58	0	0	0	0
1428552313418051495	CPU_0	95.23	0	1.58	0	0	1.58	1.58	0	0	0
1428552314052173099	CPU_0	98.41	0	0	0	0	1.58	0	0	0	0
1428552314679621178	CPU_0	96.82	0	1.58	0	0	1.58	0	0	0	0
1428552315307250799	CPU_0	96.77	0	0	0	0	1.61	1.61	0	0	0
1428552315934736003	CPU_0	98.38	0	0	0	0	1.61	0	0	0	0
1428552316568537441	CPU_0	95.31	0	1.56	0	0	1.56	1.56	0	0	0
1428552317196246812	CPU_0	98.38	0	0	0	0	1.61	0	0	0	0
1428552317823473351	CPU_0	95.23	0	1.58	0	0	1.58	1.58	0	0	0
1428552318451651679	CPU_0	95.31	0	1.56	0	0	3.12	0	0	0	0
1428552319085209743	CPU_0	96.82	0	1.58	0	0	1.58	0	0	0	0
1428552319715623273	CPU_0	93.75	0	3.12	0	0	1.56	1.56	0	0	0
1428552320342539938	CPU_0	98.38	0	0	0	0	1.61	0	0	0	0
1428552320971350890	CPU_0	96.82	0	0	0	0	1.58	1.58	0	0	0
1428552321598784345	CPU_0	96.77	0	1.61	0	0	1.61	0	0	0	0
1428552322232300368	CPU_0	96.87	0	0	0	0	1.56	1.56	0	0	0
1428552322860118490	CPU_0	98.41	0	0	0	0	1.58	0	0	0	0
1428552323488291235	CPU_0	96.77	0	1.61	0	0	1.61	0	0	0	0
1428552324115654816	CPU_0	96.82	0	0	0	0	1.58	1.58	0	0	0
1428552324749126173	CPU_0	98.41	0	0	0	0	1.58	0	0	0	0
1428552325376641962	CPU_0	93.65	0	3.17	0	0	1.58	1.58	0	0	0
1428552326004703208	CPU_0	98.38	0	0	0	0	1.61	0	0	0	0
1428552326632702621	CPU_0	93.75	0	3.12	0	0	3.12	0	0	0	0
1428552327266308852	CPU_0	96.82	0	0	0	0	1.58	1.58	0	0	0
1428552327894317015	CPU_0	96.82	0	1.58	0	0	1.58	0	0	0	0
1428552328523245760	CPU_0	96.82	0	0	0	0	1.58	1.58	0	0	0
1428552329151355964	CPU_0	95.23	0	3.17	0	0	1.58	0	0	0	0
1428552329785541070	CPU_0	96.82	0	0	0	0	1.58	1.58	0	0	0
1428552330412896318	CPU_0	96.77	0	1.61	0	0	1.61	0	0	0	0
1428552331040818107	CPU_0	98.41	0	0	0	0	1.58	0	0	0	0
1428552331668220314	CPU_0	95.23	0	1.58	0	0	1.58	1.58	0	0	0
1428552332300915591	CPU_0	98.41	0	0	0	0	1.58	0	0	0	0
1428552332928393839	CPU_0	95.23	0	1.58	0	0	1.58	1.58	0	0	0
1428552333555919963	CPU_0	96.82	0	1.58	0	0	1.58	0	0	0	0
1428552334183297253	CPU_0	98.38	0	0	0	0	1.61	0	0	0	0
1428552334811998999	CPU_0	93.75	0	1.56	0	0	3.12	1.56	0	0	0
1428552335444386693	CPU_0	98.41	0	0	0	0	1.58	0	0	0	0
1428552336072606857	CPU_0	95.23	0	1.58	0	0	1.58	1.58	0	0	0
1428552336700860646	CPU_0	98.38	0	0	0	0	1.61	0	0	0	0
1428552337328005604	CPU_0	96.82	0	0	0	0	1.58	1.58	0	0	0
1428552337963339458	CPU_0	96.87	0	1.56	0	0	1.56	0	0	0	0
1428552338590883915	CPU_0	98.38	0	0	0	0	1.61	0	0	0	0
1428552339219387079	CPU_0	96.82	0	0	0	0	1.58	1.58	0	0	0
1428552339846974453	CPU_0	95.16	0	3.22	0	0	1.61	0	0	0	0
1428552340482462557	CPU_0	95.31	0	1.56	0	0	1.56	1.56	0	0	0
1428552341110299180	CPU_0	96.82	0	1.58	0	0	1.58	0	0	0	0
1428552341738271679	CPU_0	98.38	0	0	0	0	1.61	0	0	0	0
1428552342366079053	CPU_0	93.84	0	1.53	0	0	3.07	1.53	0	0	0
1428552343001853489	CPU_0	98.38	0	0	0	0	1.61	0	0	0	0
1428552343630116112	CPU_0	95.31	0	1.56	0	0	1.56	1.56	0	0	0
1428552344259162275	CPU_0	96.82	0	1.58	0	0	1.58	0	0	0	0
1428552344887898022	CPU_0	95.23	0	1.58	0	0	1.58	1.58	0	0	0
1428552345524083833	CPU_0	98.41	0	0	0	0	1.58	0	0	0	0
1428552346152124582	CPU_0	95.16	0	3.22	0	0	1.61	0	0	0	0
1428552346780073831	CPU_0	96.87	0	0	0	0	1.56	1.56	0	0	0
1428552347407619332	CPU_0	98.36	0	0	0	0	1.63	0	0	0	0
1428552348043351686	CPU_0	96.87	0	0	0	0	1.56	1.56	0	0	0
1428552348671313269	CPU_0	96.82	0	1.58	0	0	1.58	0	0	0	0
1428552349299485851	CPU_0	96.82	0	1.58	0	0	1.58	0	0	0	0
1428552349926890185	CPU_0	95.23	0	0	0	0	3.17	1.58	0	0	0
1428552350563162830	CPU_0	98.41	0	0	0	0	1.58	0	0	0	0
1428552351191933369	CPU_0	95.31	0	1.56	0	0	1.56	1.56	0	0	0
1428552351820254660	CPU_0	96.77	0	1.61	0	0	1.61	0	0	0	0
1428552352448565534	CPU_0	95.23	0	1.58	0	0	1.58	1.58	0	0	0
1428552353079146777	CPU_0	98.38	0	0	0	0	1.61	0	0	0	0
1428552353712210098	CPU_0	96.87	0	0	0	0	3.12	0	0	0	0
1428552354340110390	CPU_0	95.31	0	1.56	0	0	1.56	1.56	0	0	0
1428552354968108557	CPU_0	98.38	0	0	0	0	1.61	0	0	0	0
1428552355597156971	CPU_0	95.31	0	1.56	0	0	1.56	1.56	0	0	0
1428552356231551413	CPU_0	96.82	0	1.58	0	0	1.58	0	0	0	0
1428552356859454664	CPU_0	95.23	0	1.58	0	0	1.58	1.58	0	0	0
1428552357488300412	CPU_0	96.77	0	1.61	0	0	1.61	0	0	0	0
1428552358117232869	CPU_0	98.38	0	0	0	0	1.61	0	0	0	0
1428552358752358809	CPU_0	95.31	0	1.56	0	0	1.56	1.56	0	0	0
1428552359380584268	CPU_0	95.23	0	3.17	0	0	1.58	0	0	0	0
1428552360009320809	CPU_0	95.31	0	1.56	0	0	1.56	1.56	0	0	0
1428552360638343807	CPU_0	93.54	0	3.22	0	0	3.22	0	0	0	0
1428552361273709581	CPU_0	95.31	0	1.56	0	0	1.56	1.56	0	0	0
1428552361902052581	CPU_0	98.41	0	0	0	0	1.58	0	0	0	0
1428552362531313662	CPU_0	96.82	0	1.58	0	0	1.58	0	0	0	0
1428552363159883246	CPU_0	96.82	0	0	0	0	1.58	1.58	0	0	0
1428552363794467605	CPU_0	98.41	0	0	0	0	1.58	0	0	0	0
1428552364423129313	CPU_0	95.23	0	1.58	0	0	1.58	1.58	0	0	0
1428552365052031646	CPU_0	98.38	0	0	0	0	1.61	0	0	0	0
1428552365679932773	CPU_0	95.23	0	1.58	0	0	3.17	0	0	0	0
1428552366315479963	CPU_0	96.87	0	0	0	0	1.56	1.56	0	0	0
1428552366943730548	CPU_0	96.82	0	1.58	0	0	1.58	0	0	0	0
1428552367573159504	CPU_0	96.82	0	0	0	0	1.58	1.58	0	0	0
1428552368201256340	CPU_0	96.82	0	1.58	0	0	1.58	0	0	0	0
1428552368836155991	CPU_0	96.82	0	0	0	0	1.58	1.58	0	0	0
1428552369464125618	CPU_0	95.31	0	3.12	0	0	1.56	0	0	0	0
1428552370094338156	CPU_0	96.77	0	1.61	0	0	1.61	0	0	0	0
1428552370722350325	CPU_0	95.23	0	1.58	0	0	1.58	1.58	0	0	0
1428552371357349601	CPU_0	96.82	0	1.58	0	0	1.58	0	0	0	0
1428552371988051514	CPU_0	95.23	0	1.58	0	0	1.58	1.58	0	0	0
1428552372617891011	CPU_0	98.38	0	0	0	0	1.61	0	0	0	0
1428552373246268138	CPU_0	96.87	0	1.56	0	0	1.56	0	0	0	0
1428552373876191219	CPU_0	95.31	0	0	0	0	3.12	1.56	0	0	0
1428552374511426579	CPU_0	98.41	0	0	0	0	1.58	0	0	0	0
1428552375140801661	CPU_0	95.23	0	1.58	0	0	1.58	1.58	0	0	0
1428552375769462205	CPU_0	98.41	0	0	0	0	1.58	0	0	0	0
1428552376397788915	CPU_0	96.82	0	0	0	0	1.58	1.58	0	0	0
1428552377034352271	CPU_0	98.38	0	0	0	0	1.61	0	0	0	0
1428552377663423772	CPU_0	98.41	0	0	0	0	1.58	0	0	0	0
1428552378292511856	CPU_0	95.23	0	1.58	0	0	1.58	1.58	0	0	0
1428552378921304191	CPU_0	96.82	0	1.58	0	0	1.58	0	0	0	0
1428552379558119922	CPU_0	96.87	0	0	0	0	1.56	1.56	0	0	0
1428552380187003631	CPU_0	95.23	0	1.58	0	0	3.17	0	0	0	0
1428552380816422381	CPU_0	96.82	0	0	0	0	1.58	1.58	0	0	0
1428552381444555802	CPU_0	95.31	0	3.12	0	0	1.56	0	0	0	0
1428552382081386491	CPU_0	96.77	0	1.61	0	0	1.61	0	0	0	0
1428552382709705036	CPU_0	96.87	0	0	0	0	1.56	1.56	0	0	0
1428552383338891037	CPU_0	93.54	0	3.22	0	0	3.22	0	0	0	0
1428552383968106163	CPU_0	90.47	0	4.76	0	0	3.17	1.58	0	0	0
1428552384605402435	CPU_0	93.75	0	1.56	0	0	4.68	0	0	0	0
1428552385233567189	CPU_0	95.23	0	1.58	0	0	1.58	1.58	0	0	0
1428552385863232731	CPU_0	96.77	0	1.61	0	0	1.61	0	0	0	0
1428552386491066944	CPU_0	96.82	0	0	0	0	1.58	1.58	0	0	0
1428552387127874010	CPU_0	95.31	0	1.56	0	0	3.12	0	0	0	0
1428552387756239972	CPU_0	95.23	0	1.58	0	0	1.58	1.58	0	0	0
1428552388385547890	CPU_0	96.87	0	1.56	0	0	1.56	0	0	0	0
1428552389013563811	CPU_0	98.38	0	0	0	0	1.61	0	0	0	0
1428552389650154544	CPU_0	93.65	0	3.17	0	0	1.58	1.58	0	0	0
1428552390281442374	CPU_0	98.41	0	0	0	0	1.58	0	0	0	0
1428552390910333586	CPU_0	96.82	0	0	0	0	1.58	1.58	0	0	0
1428552391538930089	CPU_0	96.82	0	1.58	0	0	1.58	0	0	0	0
1428552392168099008	CPU_0	96.82	0	0	0	0	3.17	0	0	0	0
1428552392804070535	CPU_0	96.87	0	0	0	0	1.56	1.56	0	0	0
1428552393434138243	CPU_0	96.82	0	1.58	0	0	1.58	0	0	0	0
1428552394064144369	CPU_0	96.87	0	0	0	0	1.56	1.56	0	0	0
1428552394693950870	CPU_0	96.77	0	1.61	0	0	1.61	0	0	0	0
1428552395329512231	CPU_0	95.31	0	1.56	0	0	1.56	1.56	0	0	0
1428552395958540109	CPU_0	95.16	0	3.22	0	0	1.61	0	0	0	0
1428552396587301488	CPU_0	98.41	0	0	0	0	1.58	0	0	0	0
1428552397216675949	CPU_0	95.23	0	1.58	0	0	1.58	1.58	0	0	0
1428552397851336313	CPU_0	98.41	0	0	0	0	1.58	0	0	0	0
1428552398481097648	CPU_0	95.23	0	1.58	0	0	1.58	1.58	0	0	0
1428552399109897527	CPU_0	96.82	0	1.58	0	0	1.58	0	0	0	0
1428552399739297280	CPU_0	95.31	0	0	0	0	3.12	1.56	0	0	0
1428552400374004019	CPU_0	96.87	0	1.56	0	0	1.56	0	0	0	0
1428552401003311939	CPU_0	98.38	0	0	0	0	1.61	0	0	0	0
1428552401632037361	CPU_0	95.23	0	1.58	0	0	1.58	1.58	0	0	0
1428552402261305073	CPU_0	95.16	0	3.22	0	0	1.61	0	0	0	0
1428552402895459439	CPU_0	95.38	0	1.53	0	0	1.53	1.53	0	0	0
1428552403524190694	CPU_0	98.38	0	0	0	0	1.61	0	0	0	0
1428552404152575866	CPU_0	98.38	0	0	0	0	1.61	0	0	0	0
1428552404781904328	CPU_0	95.31	0	1.56	0	0	1.56	1.56	0	0	0
1428552405416545068	CPU_0	98.41	0	0	0	0	1.58	0	0	0	0
1428552406045315199	CPU_0	95.23	0	1.58	0	0	1.58	1.58	0	0	0
1428552406675035327	CPU_0	98.41	0	0	0	0	1.58	0	0	0	0
1428552407303950540	CPU_0	96.82	0	0	0	0	1.58	1.58	0	0	0
1428552407940221318	CPU_0	95.23	0	1.58	0	0	3.17	0	0	0	0
1428552408570540236	CPU_0	96.82	0	1.58	0	0	1.58	0	0	0	0
1428552409199293200	CPU_0	96.82	0	0	0	0	1.58	1.58	0	0	0
1428552409829692868	CPU_0	93.75	0	3.12	0	0	3.12	0	0	0	0
1428552410460644660	CPU_0	96.82	0	0	0	0	1.58	1.58	0	0	0
1428552411096141024	CPU_0	98.41	0	0	0	0	1.58	0	0	0	0
1428552411725522862	CPU_0	93.75	0	3.12	0	0	1.56	1.56	0	0	0
1428552412355331949	CPU_0	96.82	0	1.58	0	0	1.58	0	0	0	0
1428552412984962911	CPU_0	98.38	0	0	0	0	1.61	0	0	0	0
1428552413622729561	CPU_0	96.87	0	0	0	0	1.56	1.56	0	0	0
1428552414252827064	CPU_0	96.77	0	1.61	0	0	1.61	0	0	0	0
1428552414882721442	CPU_0	96.87	0	0	0	0	1.56	1.56	0	0	0
1428552415511916198	CPU_0	98.38	0	0	0	0	1.61	0	0	0	0
1428552416148838934	CPU_0	98.41	0	0	0	0	1.58	0	0	0	0
1428552416777311066	CPU_0	96.87	0	0	0	0	1.56	1.56	0	0	0
1428552417406761696	CPU_0	95.23	0	1.58	0	0	3.17	0	0	0	0
1428552418035760453	CPU_0	96.82	0	0	0	0	1.58	1.58	0	0	0
1428552418672535856	CPU_0	96.87	0	1.56	0	0	1.56	0	0	0	0
1428552419301539737	CPU_0	96.82	0	0	0	0	1.58	1.58	0	0	0
1428552419931664116	CPU_0	98.38	0	0	0	0	1.61	0	0	0	0
1428552420561400871	CPU_0	96.82	0	1.58	0	0	1.58	0	0	0	0
1428552421198398232	CPU_0	95.31	0	1.56	0	0	1.56	1.56	0	0	0
1428552421828165862	CPU_0	96.82	0	1.58	0	0	1.58	0	0	0	0
1428552422458354532	CPU_0	93.65	0	1.58	0	0	3.17	1.58	0	0	0
1428552423088548244	CPU_0	95.23	0	3.17	0	0	1.58	0	0	0	0
1428552423724687942	CPU_0	96.87	0	0	0	0	1.56	1.56	0	0	0
1428552424354591113	CPU_0	96.82	0	1.58	0	0	1.58	0	0	0	0
1428552424985305783	CPU_0	96.77	0	1.61	0	0	1.61	0	0	0	0
1428552425616321035	CPU_0	96.87	0	0	0	0	1.56	1.56	0	0	0
1428552426252874189	CPU_0	96.82	0	1.58	0	0	1.58	0	0	0	0
1428552426883032736	CPU_0	95.31	0	1.56	0	0	1.56	1.56	0	0	0
1428552427513298657	CPU_0	98.38	0	0	0	0	1.61	0	0	0	0
1428552428144567534	CPU_0	95.31	0	1.56	0	0	1.56	1.56	0	0	0
1428552428781221813	CPU_0	96.87	0	0	0	0	3.12	0	0	0	0
1428552429410801945	CPU_0	96.82	0	1.58	0	0	1.58	0	0	0	0
1428552430040532909	CPU_0	95.23	0	1.58	0	0	1.58	1.58	0	0	0
1428552430671300788	CPU_0	98.41	0	0	0	0	1.58	0	0	0	0
1428552431307873568	CPU_0	96.82	0	0	0	0	1.58	1.58	0	0	0
1428552431937922199	CPU_0	96.82	0	1.58	0	0	1.58	0	0	0	0
1428552432568291078	CPU_0	98.41	0	0	0	0	1.58	0	0	0	0
1428552433199142665	CPU_0	96.87	0	0	0	0	1.56	1.56	0	0	0
1428552433834544199	CPU_0	98.38	0	0	0	0	1.61	0	0	0	0
1428552434464672621	CPU_0	96.87	0	0	0	0	1.56	1.56	0	0	0
1428552435094501670	CPU_0	96.77	0	1.61	0	0	1.61	0	0	0	0
1428552435725676131	CPU_0	89.23	0	6.15	0	0	3.07	1.53	0	0	0
1428552436395843659	CPU_0	93.84	0	4.61	0	0	1.53	0	0	0	0
1428552437026015123	CPU_0	95.31	0	1.56	0	0	1.56	1.56	0	0	0
1428552437655900589	CPU_0	98.41	0	0	0	0	1.58	0	0	0	0
1428552438285274888	CPU_0	98.38	0	0	0	0	1.61	0	0	0	0
1428552438921115005	CPU_0	95.38	0	1.53	0	0	1.53	1.53	0	0	0
1428552439551122428	CPU_0	95.23	0	1.58	0	0	3.17	0	0	0	0
1428552440181898350	CPU_0	96.82	0	0	0	0	1.58	1.58	0	0	0
1428552440811491649	CPU_0	96.82	0	1.58	0	0	1.58	0	0	0	0
1428552441447964598	CPU_0	96.82	0	1.58	0	0	1.58	0	0	0	0
1428552442080853473	CPU_0	96.87	0	0	0	0	1.56	1.56	0	0	0
1428552442712320851	CPU_0	96.77	0	1.61	0	0	1.61	0	0	0	0
1428552443342323650	CPU_0	93.65	0	3.17	0	0	1.58	1.58	0	0	0
1428552443972700323	CPU_0	96.82	0	1.58	0	0	1.58	0	0	0	0
1428552444610076061	CPU_0	95.38	0	1.53	0	0	1.53	1.53	0	0	0
1428552445239466070	CPU_0	98.38	0	0	0	0	1.61	0	0	0	0
1428552445869667827	CPU_0	95.31	0	1.56	0	0	3.12	0	0	0	0
1428552446499987459	CPU_0	95.23	0	1.58	0	0	1.58	1.58	0	0	0
1428552447137485823	CPU_0	96.82	0	1.58	0	0	1.58	0	0	0	0
1428552447768129704	CPU_0	96.87	0	0	0	0	1.56	1.56	0	0	0
1428552448397834796	CPU_0	96.77	0	1.61	0	0	1.61	0	0	0	0
1428552449027944054	CPU_0	95.23	0	1.58	0	0	1.58	1.58	0	0	0
1428552449664611211	CPU_0	96.87	0	1.56	0	0	1.56	0	0	0	0
1428552450294469511	CPU_0	96.77	0	1.61	0	0	1.61	0	0	0	0
1428552450924493686	CPU_0	95.31	0	1.56	0	0	1.56	1.56	0	0	0
1428552451554168987	CPU_0	98.38	0	0	0	0	1.61	0	0	0	0
1428552452191497393	CPU_0	95.31	0	1.56	0	0	1.56	1.56	0	0	0
1428552452821668151	CPU_0	98.41	0	0	0	0	1.58	0	0	0	0
1428552453451590952	CPU_0	96.82	0	1.58	0	0	1.58	0	0	0	0
1428552454081331420	CPU_0	95.31	0	0	0	0	3.12	1.56	0	0	0
1428552454719024617	CPU_0	98.41	0	0	0	0	1.58	0	0	0	0
1428552455349409000	CPU_0	95.31	0	1.56	0	0	1.56	1.56	0	0	0
1428552455979756049	CPU_0	98.38	0	0	0	0	1.61	0	0	0	0
1428552456609468434	CPU_0	96.87	0	0	0	0	1.56	1.56	0	0	0
1428552457247073132	CPU_0	96.82	0	1.58	0	0	1.58	0	0	0	0
1428552457877420932	CPU_0	98.41	0	0	0	0	1.58	0	0	0	0
1428552458508428439	CPU_0	96.82	0	0	0	0	1.58	1.58	0	0	0
1428552459139361196	CPU_0	95.23	0	3.17	0	0	1.58	0	0	0	0
1428552459777015019	CPU_0	96.87	0	0	0	0	1.56	1.56	0	0	0
1428552460406099573	CPU_0	96.82	0	0	0	0	3.17	0	0	0	0
1428552461037276371	CPU_0	95.31	0	1.56	0	0	1.56	1.56	0	0	0
1428552461667821087	CPU_0	96.77	0	1.61	0	0	1.61	0	0	0	0
1428552462304413080	CPU_0	98.43	0	0	0	0	1.56	0	0	0	0
1428552462934643798	CPU_0	95.31	0	1.56	0	0	1.56	1.56	0	0	0
1428552463564576308	CPU_0	96.77	0	1.61	0	0	1.61	0	0	0	0
1428552464195722440	CPU_0	92.18	0	4.68	0	0	1.56	1.56	0	0	0
1428552464831495769	CPU_0	96.77	0	1.61	0	0	1.61	0	0	0	0
1428552465461985986	CPU_0	96.82	0	0	0	0	1.58	1.58	0	0	0
1428552466092171746	CPU_0	98.41	0	0	0	0	1.58	0	0	0	0
1428552466723574961	CPU_0	96.82	0	1.58	0	0	1.58	0	0	0	0
1428552467359332915	CPU_0	96.92	0	0	0	0	1.53	1.53	0	0	0
1428552467989917924	CPU_0	96.77	0	0	0	0	3.22	0	0	0	0
1428552468619842310	CPU_0	95.31	0	1.56	0	0	1.56	1.56	0	0	0
1428552469250867318	CPU_0	98.41	0	0	0	0	1.58	0	0	0	0
1428552469890402930	CPU_0	98.41	0	0	0	0	1.58	0	0	0	0
1428552470521352771	CPU_0	95.31	0	1.56	0	0	1.56	1.56	0	0	0
1428552471151892864	CPU_0	98.38	0	0	0	0	1.61	0	0	0	0
1428552471783181664	CPU_0	93.75	0	3.12	0	0	1.56	1.56	0	0	0
1428552472415752710	CPU_0	98.41	0	0	0	0	1.58	0	0	0	0
1428552473051226666	CPU_0	96.82	0	0	0	0	1.58	1.58	0	0	0
1428552473681990383	CPU_0	96.87	0	1.56	0	0	1.56	0	0	0	0
1428552474313106559	CPU_0	98.38	0	0	0	0	1.61	0	0	0	0
1428552474943569152	CPU_0	93.75	0	1.56	0	0	3.12	1.56	0	0	0
1428552475579933189	CPU_0	96.82	0	1.58	0	0	1.58	0	0	0	0
1428552476210844615	CPU_0	95.31	0	1.56	0	0	1.56	1.56	0	0	0
1428552476841490417	CPU_0	96.82	0	1.58	0	0	1.58	0	0	0	0
1428552477470922972	CPU_0	96.82	0	0	0	0	1.58	1.58	0	0	0
1428552478107367092	CPU_0	96.82	0	1.58	0	0	1.58	0	0	0	0
1428552478738343102	CPU_0	98.41	0	0	0	0	1.58	0	0	0	0
1428552479368332656	CPU_0	96.82	0	0	0	0	1.58	1.58	0	0	0
1428552479998726792	CPU_0	96.82	0	1.58	0	0	1.58	0	0	0	0
1428552480635349704	CPU_0	96.87	0	0	0	0	1.56	1.56	0	0	0
1428552481266545838	CPU_0	96.77	0	1.61	0	0	1.61	0	0	0	0
1428552481896415684	CPU_0	95.31	0	1.56	0	0	3.12	0	0	0	0
1428552482527015654	CPU_0	96.87	0	0	0	0	1.56	1.56	0	0	0
1428552483164066023	CPU_0	98.38	0	0	0	0	1.61	0	0	0	0
1428552483794654743	CPU_0	96.87	0	0	0	0	1.56	1.56	0	0	0
1428552484424649964	CPU_0	96.82	0	1.58	0	0	1.58	0	0	0	0
1428552485055229267	CPU_0	93.65	0	3.17	0	0	1.58	1.58	0	0	0
1428552485692499803	CPU_0	96.82	0	1.58	0	0	1.58	0	0	0	0
1428552486322705690	CPU_0	96.82	0	1.58	0	0	1.58	0	0	0	0
1428552486952730412	CPU_0	96.82	0	0	0	0	1.58	1.58	0	0	0
1428552487583383007	CPU_0	96.82	0	1.58	0	0	1.58	0	0	0	0
1428552488220733960	CPU_0	93.84	0	3.07	0	0	1.53	1.53	0	0	0
1428552488851235763	CPU_0	96.77	0	1.61	0	0	1.61	0	0	0	0
1428552489481810109	CPU_0	96.87	0	0	0	0	1.56	1.56	0	0	0
1428552490112739745	CPU_0	95.23	0	1.58	0	0	3.17	0	0	0	0
1428552490750429447	CPU_0	96.87	0	1.56	0	0	1.56	0	0	0	0
1428552491380957251	CPU_0	96.82	0	0	0	0	1.58	1.58	0	0	0
1428552492011191723	CPU_0	96.77	0	1.61	0	0	1.61	0	0	0	0
1428552492641688402	CPU_0	96.82	0	0	0	0	1.58	1.58	0	0	0
1428552493279139105	CPU_0	98.43	0	0	0	0	1.56	0	0	0	0
1428552493909659326	CPU_0	95.31	0	1.56	0	0	1.56	1.56	0	0	0
1428552494540013048	CPU_0	98.41	0	0	0	0	1.58	0	0	0	0
1428552495170743519	CPU_0	98.38	0	0	0	0	1.61	0	0	0	0
1428552495807712765	CPU_0	93.84	0	1.53	0	0	3.07	1.53	0	0	0
1428552496437553988	CPU_0	98.38	0	0	0	0	1.61	0	0	0	0
1428552497067457086	CPU_0	96.82	0	0	0	0	1.58	1.58	0	0	0
1428552497698121724	CPU_0	96.82	0	1.58	0	0	1.58	0	0	0	0
1428552498334663847	CPU_0	96.87	0	1.56	0	0	1.56	0	0	0	0
1428552498964721612	CPU_0	96.82	0	0	0	0	1.58	1.58	0	0	0
1428552499595059209	CPU_0	96.82	0	1.58	0	0	1.58	0	0	0	0
1428552500226785095	CPU_0	48.38	0	3.22	45.16	0	1.61	1.61	0	0	0
