#Timestamp	CPU_ID	user%	nice%	sys%	idle%	iowait%	irq%	softiq%	steal%	guest%	guest_nice%
1428508547841084404	CPU_4	86.88	0	9.83	3.27	0	0	0	0	0	0
1428508548535002011	CPU_4	97.14	0	0	0	0	1.42	1.42	0	0	0
1428508549242750470	CPU_4	100.00	0	0	0	0	0	0	0	0	0
1428508549939796656	CPU_4	98.57	0	0	0	0	1.42	0	0	0	0
1428508550636145217	CPU_4	97.14	0	0	0	0	1.42	1.42	0	0	0
1428508551344167884	CPU_4	100.00	0	0	0	0	0	0	0	0	0
1428508552044809479	CPU_4	97.18	0	0	0	0	1.40	1.40	0	0	0
1428508552744349118	CPU_4	98.57	0	0	0	0	1.42	0	0	0	0
1428508553453923115	CPU_4	100.00	0	0	0	0	0	0	0	0	0
1428508554153564420	CPU_4	97.18	0	0	0	0	1.40	1.40	0	0	0
1428508554858968465	CPU_4	98.57	0	0	0	0	1.42	0	0	0	0
1428508555562895555	CPU_4	100.00	0	0	0	0	0	0	0	0	0
1428508556262201485	CPU_4	97.18	0	0	0	0	1.40	1.40	0	0	0
1428508556970607233	CPU_4	98.59	0	0	0	0	1.40	0	0	0	0
1428508557670411829	CPU_4	100.00	0	0	0	0	0	0	0	0	0
1428508558370239591	CPU_4	97.18	0	0	0	0	1.40	1.40	0	0	0
1428508559078172882	CPU_4	100.00	0	0	0	0	0	0	0	0	0
1428508559778025768	CPU_4	98.57	0	0	0	0	1.42	0	0	0	0
1428508560478843070	CPU_4	97.18	0	0	0	0	1.40	1.40	0	0	0
1428508561186748277	CPU_4	100.00	0	0	0	0	0	0	0	0	0
1428508561887543995	CPU_4	98.57	0	0	0	0	1.42	0	0	0	0
1428508562598404613	CPU_4	97.22	0	0	0	0	1.38	1.38	0	0	0
1428508563296930293	CPU_4	100.00	0	0	0	0	0	0	0	0	0
1428508564000127341	CPU_4	98.57	0	0	0	0	1.42	0	0	0	0
1428508564711296499	CPU_4	97.22	0	0	0	0	1.38	1.38	0	0	0
1428508565410870636	CPU_4	100.00	0	0	0	0	0	0	0	0	0
1428508566112431352	CPU_4	98.57	0	0	0	0	1.42	0	0	0	0
1428508566823269928	CPU_4	97.22	0	0	0	0	1.38	1.38	0	0	0
1428508567523586895	CPU_4	100.00	0	0	0	0	0	0	0	0	0
1428508568236293301	CPU_4	98.61	0	0	0	0	1.38	0	0	0	0
1428508568937595101	CPU_4	98.57	0	0	0	0	0	1.42	0	0	0
1428508569638099193	CPU_4	98.57	0	0	0	0	1.42	0	0	0	0
1428508570350383474	CPU_4	98.59	0	0	0	0	1.40	0	0	0	0
1428508571054658893	CPU_4	98.59	0	0	0	0	0	1.40	0	0	0
1428508571756451274	CPU_4	98.55	0	0	0	0	1.44	0	0	0	0
1428508572469779678	CPU_4	98.61	0	0	0	0	1.38	0	0	0	0
1428508573172007933	CPU_4	98.57	0	0	0	0	0	1.42	0	0	0
1428508573888876997	CPU_4	98.61	0	0	0	0	1.38	0	0	0	0
1428508574589011006	CPU_4	98.57	0	0	0	0	1.42	0	0	0	0
1428508575291929385	CPU_4	98.57	0	0	0	0	0	1.42	0	0	0
1428508576005759120	CPU_4	98.61	0	0	0	0	1.38	0	0	0	0
1428508576706776960	CPU_4	98.57	0	0	0	0	1.42	0	0	0	0
1428508577408560257	CPU_4	98.57	0	0	0	0	0	1.42	0	0	0
1428508578123116283	CPU_4	98.61	0	0	0	0	1.38	0	0	0	0
1428508578824065414	CPU_4	98.57	0	0	0	0	0	1.42	0	0	0
1428508579536827151	CPU_4	98.59	0	0	0	0	1.40	0	0	0	0
1428508580239760570	CPU_4	98.57	0	0	0	0	1.42	0	0	0	0
1428508580940865118	CPU_4	98.57	0	0	0	0	0	1.42	0	0	0
1428508581656713474	CPU_4	98.61	0	0	0	0	1.38	0	0	0	0
1428508582358815686	CPU_4	98.57	0	0	0	0	1.42	0	0	0	0
1428508583063157727	CPU_4	98.57	0	0	0	0	0	1.42	0	0	0
1428508583785452697	CPU_4	98.63	0	0	0	0	1.36	0	0	0	0
1428508584560029955	CPU_4	98.66	0	0	0	0	1.33	0	0	0	0
1428508585289317164	CPU_4	98.66	0	0	0	0	0	1.33	0	0	0
1428508585991698604	CPU_4	98.57	0	0	0	0	1.42	0	0	0	0
1428508586704800800	CPU_4	98.61	0	0	0	0	1.38	0	0	0	0
1428508587408404513	CPU_4	98.57	0	0	0	0	0	1.42	0	0	0
1428508588111479144	CPU_4	98.57	0	0	0	0	1.42	0	0	0	0
1428508588824042919	CPU_4	98.61	0	0	0	0	1.38	0	0	0	0
1428508589528148381	CPU_4	98.57	0	0	0	0	0	1.42	0	0	0
1428508590233337841	CPU_4	98.57	0	0	0	0	1.42	0	0	0	0
1428508590945599408	CPU_4	100.00	0	0	0	0	0	0	0	0	0
1428508591646822962	CPU_4	97.18	0	0	0	0	1.40	1.40	0	0	0
1428508592360124986	CPU_4	98.59	0	0	0	0	1.40	0	0	0	0
1428508593061974164	CPU_4	100.00	0	0	0	0	0	0	0	0	0
1428508593766746085	CPU_4	97.18	0	0	0	0	1.40	1.40	0	0	0
1428508594481547397	CPU_4	98.59	0	0	0	0	1.40	0	0	0	0
1428508595182115704	CPU_4	100.00	0	0	0	0	0	0	0	0	0
1428508595884105466	CPU_4	97.18	0	0	0	0	1.40	1.40	0	0	0
1428508596596166869	CPU_4	98.59	0	0	0	0	1.40	0	0	0	0
1428508597296278636	CPU_4	100.00	0	0	0	0	0	0	0	0	0
1428508598010583535	CPU_4	97.26	0	0	0	0	1.36	1.36	0	0	0
1428508598713410462	CPU_4	98.57	0	0	0	0	1.42	0	0	0	0
1428508599418311385	CPU_4	98.57	0	0	0	0	0	1.42	0	0	0
1428508600131699328	CPU_4	98.61	0	0	0	0	1.38	0	0	0	0
1428508600834533673	CPU_4	100.00	0	0	0	0	0	0	0	0	0
1428508601538362308	CPU_4	97.18	0	0	0	0	1.40	1.40	0	0	0
1428508602249692048	CPU_4	98.61	0	0	0	0	1.38	0	0	0	0
1428508602954176765	CPU_4	100.00	0	0	0	0	0	0	0	0	0
1428508603663565470	CPU_4	97.22	0	0	0	0	1.38	1.38	0	0	0
1428508604366665649	CPU_4	98.57	0	0	0	0	1.42	0	0	0	0
1428508605069847661	CPU_4	100.00	0	0	0	0	0	0	0	0	0
1428508605782895357	CPU_4	97.22	0	0	0	0	1.38	1.38	0	0	0
1428508606488209157	CPU_4	98.59	0	0	0	0	1.40	0	0	0	0
1428508607208198086	CPU_4	100.00	0	0	0	0	0	0	0	0	0
1428508607914508425	CPU_4	97.18	0	0	0	0	1.40	1.40	0	0	0
1428508608617613689	CPU_4	100.00	0	0	0	0	0	0	0	0	0
1428508609331520176	CPU_4	98.61	0	0	0	0	1.38	0	0	0	0
1428508610037361225	CPU_4	97.18	0	0	0	0	1.40	1.40	0	0	0
1428508610739434992	CPU_4	100.00	0	0	0	0	0	0	0	0	0
1428508611453897312	CPU_4	98.59	0	0	0	0	1.40	0	0	0	0
1428508612159375447	CPU_4	97.22	0	0	0	0	1.38	1.38	0	0	0
1428508612871472815	CPU_4	100.00	0	0	0	0	0	0	0	0	0
1428508613575672703	CPU_4	98.57	0	0	0	0	1.42	0	0	0	0
1428508614281275629	CPU_4	97.22	0	0	0	0	1.38	1.38	0	0	0
1428508614995438034	CPU_4	100.00	0	0	0	0	0	0	0	0	0
1428508615700986378	CPU_4	98.59	0	0	0	0	1.40	0	0	0	0
1428508616404670477	CPU_4	97.18	0	0	0	0	1.40	1.40	0	0	0
1428508617117032596	CPU_4	100.00	0	0	0	0	0	0	0	0	0
1428508617822148234	CPU_4	98.59	0	0	0	0	1.40	0	0	0	0
1428508618561662993	CPU_4	97.33	0	0	0	0	1.33	1.33	0	0	0
1428508619317408461	CPU_4	100.00	0	0	0	0	0	0	0	0	0
1428508620064049037	CPU_4	97.40	0	0	0	0	1.29	1.29	0	0	0
1428508620766758681	CPU_4	98.57	0	0	0	0	1.42	0	0	0	0
1428508621471284113	CPU_4	100.00	0	0	0	0	0	0	0	0	0
1428508622186195394	CPU_4	97.22	0	0	0	0	1.38	1.38	0	0	0
1428508622888022167	CPU_4	98.59	0	0	0	0	1.40	0	0	0	0
1428508623595180968	CPU_4	100.00	0	0	0	0	0	0	0	0	0
1428508624311349455	CPU_4	97.26	0	0	0	0	1.36	1.36	0	0	0
1428508625015574014	CPU_4	100.00	0	0	0	0	0	0	0	0	0
1428508625730987337	CPU_4	98.61	0	0	0	0	1.38	0	0	0	0
1428508626436599060	CPU_4	97.18	0	0	0	0	1.40	1.40	0	0	0
1428508627140323371	CPU_4	100.00	0	0	0	0	0	0	0	0	0
1428508627854964113	CPU_4	98.59	0	0	0	0	1.40	0	0	0	0
1428508628560107838	CPU_4	97.22	0	0	0	0	1.38	1.38	0	0	0
1428508629275275955	CPU_4	100.00	0	0	0	0	0	0	0	0	0
1428508630011768101	CPU_4	98.63	0	0	0	0	1.36	0	0	0	0
1428508630716969202	CPU_4	97.22	0	0	0	0	1.38	1.38	0	0	0
1428508631430977363	CPU_4	100.00	0	0	0	0	0	0	0	0	0
1428508632134868884	CPU_4	98.59	0	0	0	0	1.40	0	0	0	0
1428508632846122220	CPU_4	97.18	0	0	0	0	1.40	1.40	0	0	0
1428508633555478853	CPU_4	100.00	0	0	0	0	0	0	0	0	0
1428508634261153745	CPU_4	97.22	0	0	0	0	1.38	1.38	0	0	0
1428508634976428405	CPU_4	100.00	0	0	0	0	0	0	0	0	0
1428508635683914502	CPU_4	98.57	0	0	0	0	1.42	0	0	0	0
1428508636387863691	CPU_4	97.18	0	0	0	0	1.40	1.40	0	0	0
1428508637103888850	CPU_4	100.00	0	0	0	0	0	0	0	0	0
1428508637807254041	CPU_4	98.55	0	0	0	0	1.44	0	0	0	0
1428508638536590042	CPU_4	97.29	0	0	0	0	1.35	1.35	0	0	0
1428508639237975197	CPU_4	100.00	0	0	0	0	0	0	0	0	0
1428508639943501217	CPU_4	98.59	0	0	0	0	1.40	0	0	0	0
1428508640658440171	CPU_4	97.22	0	0	0	0	1.38	1.38	0	0	0
1428508641361247407	CPU_4	100.00	0	0	0	0	0	0	0	0	0
1428508642066357387	CPU_4	98.59	0	0	0	0	1.40	0	0	0	0
1428508642781805591	CPU_4	97.22	0	0	0	0	1.38	1.38	0	0	0
1428508643486283281	CPU_4	100.00	0	0	0	0	0	0	0	0	0
1428508644202824441	CPU_4	98.61	0	0	0	0	1.38	0	0	0	0
1428508644908440421	CPU_4	98.59	0	0	0	0	0	1.40	0	0	0
1428508645611864198	CPU_4	98.57	0	0	0	0	1.42	0	0	0	0
1428508646357509536	CPU_4	98.66	0	0	0	0	1.33	0	0	0	0
1428508647065015970	CPU_4	98.59	0	0	0	0	0	1.40	0	0	0
1428508647784909665	CPU_4	98.59	0	0	0	0	1.40	0	0	0	0
1428508648488422985	CPU_4	98.59	0	0	0	0	1.40	0	0	0	0
1428508649277040800	CPU_4	98.73	0	0	0	0	0	1.26	0	0	0
1428508649992794673	CPU_4	98.59	0	0	0	0	1.40	0	0	0	0
1428508650701532813	CPU_4	97.22	0	0	0	0	1.38	1.38	0	0	0
1428508651432178858	CPU_4	100.00	0	0	0	0	0	0	0	0	0
1428508652138180172	CPU_4	98.59	0	0	0	0	1.40	0	0	0	0
1428508652845131735	CPU_4	97.18	0	0	0	0	1.40	1.40	0	0	0
1428508653562867646	CPU_4	100.00	0	0	0	0	0	0	0	0	0
1428508654282312428	CPU_4	98.61	0	0	0	0	1.38	0	0	0	0
1428508654997516220	CPU_4	97.22	0	0	0	0	1.38	1.38	0	0	0
1428508655705401240	CPU_4	100.00	0	0	0	0	0	0	0	0	0
1428508656409990268	CPU_4	98.59	0	0	0	0	1.40	0	0	0	0
1428508657127328640	CPU_4	97.22	0	0	0	0	1.38	1.38	0	0	0
1428508657833425956	CPU_4	100.00	0	0	0	0	0	0	0	0	0
1428508658545030759	CPU_4	98.59	0	0	0	0	1.40	0	0	0	0
1428508659257247103	CPU_4	97.22	0	0	0	0	1.38	1.38	0	0	0
1428508659964327876	CPU_4	100.00	0	0	0	0	0	0	0	0	0
1428508660683204578	CPU_4	98.61	0	0	0	0	1.38	0	0	0	0
1428508661389128563	CPU_4	97.22	0	0	0	0	1.38	1.38	0	0	0
1428508662096385962	CPU_4	100.00	0	0	0	0	0	0	0	0	0
1428508662813334961	CPU_4	97.26	0	0	0	0	1.36	1.36	0	0	0
1428508663518770740	CPU_4	100.00	0	0	0	0	0	0	0	0	0
1428508664236790987	CPU_4	98.59	0	0	0	0	1.40	0	0	0	0
1428508664943354889	CPU_4	97.22	0	0	0	0	1.38	1.38	0	0	0
1428508665651250704	CPU_4	100.00	0	0	0	0	0	0	0	0	0
1428508666368464370	CPU_4	98.61	0	0	0	0	1.38	0	0	0	0
1428508667075404188	CPU_4	97.18	0	0	0	0	1.40	1.40	0	0	0
1428508667786732370	CPU_4	100.00	0	0	0	0	0	0	0	0	0
1428508668498450468	CPU_4	98.61	0	0	0	0	1.38	0	0	0	0
1428508669233071468	CPU_4	97.29	0	0	0	0	1.35	1.35	0	0	0
1428508669950069678	CPU_4	100.00	0	0	0	0	0	0	0	0	0
1428508670656295541	CPU_4	98.59	0	0	0	0	1.40	0	0	0	0
1428508671363973858	CPU_4	97.18	0	0	0	0	1.40	1.40	0	0	0
1428508672094352203	CPU_4	100.00	0	0	0	0	0	0	0	0	0
1428508672798342988	CPU_4	98.59	0	0	0	0	1.40	0	0	0	0
1428508673514713868	CPU_4	97.22	0	0	0	0	1.38	1.38	0	0	0
1428508674222031355	CPU_4	100.00	0	0	0	0	0	0	0	0	0
1428508674931390169	CPU_4	98.59	0	0	0	0	1.40	0	0	0	0
1428508675647353634	CPU_4	98.61	0	0	0	0	0	1.38	0	0	0
1428508676355023870	CPU_4	98.57	0	0	0	0	1.42	0	0	0	0
1428508677071658542	CPU_4	97.26	0	0	0	0	1.36	1.36	0	0	0
1428508677779284904	CPU_4	100.00	0	0	0	0	0	0	0	0	0
1428508678490232633	CPU_4	98.59	0	0	0	0	1.40	0	0	0	0
1428508679207766220	CPU_4	97.22	0	0	0	0	1.38	1.38	0	0	0
1428508679913116713	CPU_4	100.00	0	0	0	0	0	0	0	0	0
1428508680636765536	CPU_4	98.59	0	0	0	0	1.40	0	0	0	0
1428508681344571732	CPU_4	97.22	0	0	0	0	1.38	1.38	0	0	0
1428508682052989801	CPU_4	100.00	0	0	0	0	0	0	0	0	0
1428508682799225902	CPU_4	98.66	0	0	0	0	1.33	0	0	0	0
1428508683506587058	CPU_4	97.18	0	0	0	0	1.40	1.40	0	0	0
1428508684264223756	CPU_4	100.00	0	0	0	0	0	0	0	0	0
1428508684972492743	CPU_4	98.59	0	0	0	0	1.40	0	0	0	0
1428508685680093483	CPU_4	97.22	0	0	0	0	1.38	1.38	0	0	0
1428508686401066898	CPU_4	100.00	0	0	0	0	0	0	0	0	0
1428508687110558841	CPU_4	98.59	0	0	0	0	1.40	0	0	0	0
1428508687842131064	CPU_4	97.29	0	0	0	0	1.35	1.35	0	0	0
1428508688548979348	CPU_4	100.00	0	0	0	0	0	0	0	0	0
1428508689284050062	CPU_4	98.64	0	0	0	0	1.35	0	0	0	0
1428508690000654822	CPU_4	97.22	0	0	0	0	1.38	1.38	0	0	0
1428508690706529235	CPU_4	100.00	0	0	0	0	0	0	0	0	0
1428508691425853655	CPU_4	97.26	0	0	0	0	1.36	1.36	0	0	0
1428508692133329147	CPU_4	100.00	0	0	0	0	0	0	0	0	0
1428508692854416148	CPU_4	98.59	0	0	0	0	1.40	0	0	0	0
1428508693571800491	CPU_4	97.26	0	0	0	0	1.36	1.36	0	0	0
1428508694280302064	CPU_4	100.00	0	0	0	0	0	0	0	0	0
1428508694999131529	CPU_4	98.59	0	0	0	0	1.40	0	0	0	0
1428508695713052465	CPU_4	97.26	0	0	0	0	1.36	1.36	0	0	0
1428508696422467537	CPU_4	100.00	0	0	0	0	0	0	0	0	0
1428508697139680049	CPU_4	98.61	0	0	0	0	1.38	0	0	0	0
1428508697846897543	CPU_4	97.18	0	0	0	0	1.40	1.40	0	0	0
1428508698556308450	CPU_4	100.00	0	0	0	0	0	0	0	0	0
1428508699275200374	CPU_4	98.61	0	0	0	0	1.38	0	0	0	0
1428508699981930079	CPU_4	97.22	0	0	0	0	1.38	1.38	0	0	0
1428508700699914757	CPU_4	100.00	0	0	0	0	0	0	0	0	0
1428508701409033206	CPU_4	98.59	0	0	0	0	1.40	0	0	0	0
1428508702117522158	CPU_4	97.18	0	0	0	0	1.40	1.40	0	0	0
1428508702834229672	CPU_4	100.00	0	0	0	0	0	0	0	0	0
1428508703541982543	CPU_4	98.59	0	0	0	0	1.40	0	0	0	0
1428508704296291715	CPU_4	97.36	0	0	0	0	1.31	1.31	0	0	0
1428508705043152614	CPU_4	100.00	0	0	0	0	0	0	0	0	0
1428508705808073927	CPU_4	97.50	0	0	0	0	1.25	1.25	0	0	0
1428508706517058212	CPU_4	98.59	0	0	0	0	1.40	0	0	0	0
1428508707227768118	CPU_4	100.00	0	0	0	0	0	0	0	0	0
1428508707946251005	CPU_4	97.26	0	0	0	0	1.36	1.36	0	0	0
1428508708654094169	CPU_4	98.57	0	0	0	0	1.42	0	0	0	0
1428508709361272834	CPU_4	100.00	0	0	0	0	0	0	0	0	0
1428508710079739389	CPU_4	97.26	0	0	0	0	1.36	1.36	0	0	0
1428508710785627850	CPU_4	98.57	0	0	0	0	1.42	0	0	0	0
1428508711503544990	CPU_4	100.00	0	0	0	0	0	0	0	0	0
1428508712212631693	CPU_4	97.22	0	0	0	0	1.38	1.38	0	0	0
1428508712922040521	CPU_4	100.00	0	0	0	0	0	0	0	0	0
1428508713640553118	CPU_4	98.61	0	0	0	0	1.38	0	0	0	0
1428508714349383907	CPU_4	97.22	0	0	0	0	1.38	1.38	0	0	0
1428508715067619463	CPU_4	100.00	0	0	0	0	0	0	0	0	0
1428508715774621673	CPU_4	97.22	0	0	0	0	1.38	1.38	0	0	0
1428508716484390835	CPU_4	98.59	0	0	0	0	1.40	0	0	0	0
1428508717203512057	CPU_4	100.00	0	0	0	0	0	0	0	0	0
1428508717911009975	CPU_4	97.18	0	0	0	0	1.40	1.40	0	0	0
1428508718658519752	CPU_4	98.64	0	0	0	0	1.35	0	0	0	0
1428508719424892817	CPU_4	100.00	0	0	0	0	0	0	0	0	0
1428508720134899854	CPU_4	97.22	0	0	0	0	1.38	1.38	0	0	0
1428508720854409160	CPU_4	98.61	0	0	0	0	1.38	0	0	0	0
1428508721560422707	CPU_4	100.00	0	0	0	0	0	0	0	0	0
1428508722279630639	CPU_4	97.22	0	0	0	0	1.38	1.38	0	0	0
1428508722987661183	CPU_4	98.59	0	0	0	0	1.40	0	0	0	0
1428508723714117597	CPU_4	100.00	0	0	0	0	0	0	0	0	0
1428508724454035354	CPU_4	97.33	0	0	0	0	1.33	1.33	0	0	0
1428508725164733183	CPU_4	98.59	0	0	0	0	1.40	0	0	0	0
1428508725884239740	CPU_4	100.00	0	0	0	0	0	0	0	0	0
1428508726591565120	CPU_4	97.22	0	0	0	0	1.38	1.38	0	0	0
1428508727300227788	CPU_4	98.57	0	0	0	0	1.42	0	0	0	0
1428508728018017934	CPU_4	98.61	0	0	0	0	0	1.38	0	0	0
1428508728724261233	CPU_4	98.59	0	0	0	0	1.40	0	0	0	0
1428508729456223886	CPU_4	98.63	0	0	0	0	1.36	0	0	0	0
1428508730164507848	CPU_4	98.59	0	0	0	0	0	1.40	0	0	0
1428508730875207429	CPU_4	98.59	0	0	0	0	1.40	0	0	0	0
1428508731589917625	CPU_4	98.59	0	0	0	0	1.40	0	0	0	0
1428508732298516045	CPU_4	98.59	0	0	0	0	0	1.40	0	0	0
1428508733015753402	CPU_4	98.61	0	0	0	0	1.38	0	0	0	0
1428508733727116316	CPU_4	98.59	0	0	0	0	1.40	0	0	0	0
1428508734435838737	CPU_4	98.59	0	0	0	0	0	1.40	0	0	0
1428508735155166214	CPU_4	98.61	0	0	0	0	1.38	0	0	0	0
1428508735864654300	CPU_4	100.00	0	0	0	0	0	0	0	0	0
1428508736574404885	CPU_4	97.22	0	0	0	0	1.38	1.38	0	0	0
1428508737293431906	CPU_4	98.61	0	0	0	0	1.38	0	0	0	0
1428508738002474202	CPU_4	100.00	0	0	0	0	0	0	0	0	0
1428508738720539476	CPU_4	97.22	0	0	0	0	1.38	1.38	0	0	0
1428508739441521118	CPU_4	98.61	0	0	0	0	1.38	0	0	0	0
1428508740150452623	CPU_4	100.00	0	0	0	0	0	0	0	0	0
1428508740867247776	CPU_4	97.22	0	0	0	0	1.38	1.38	0	0	0
1428508741580475646	CPU_4	98.59	0	0	0	0	1.40	0	0	0	0
1428508742299419044	CPU_4	98.61	0	0	0	0	0	1.38	0	0	0
1428508743009530213	CPU_4	98.61	0	0	0	0	1.38	0	0	0	0
1428508743719334676	CPU_4	98.57	0	0	0	0	1.42	0	0	0	0
1428508744438164617	CPU_4	98.61	0	0	0	0	0	1.38	0	0	0
1428508745174535389	CPU_4	98.64	0	0	0	0	1.35	0	0	0	0
1428508745893789038	CPU_4	98.61	0	0	0	0	1.38	0	0	0	0
1428508746603785876	CPU_4	98.59	0	0	0	0	0	1.40	0	0	0
1428508747313154841	CPU_4	98.59	0	0	0	0	1.40	0	0	0	0
1428508748032004157	CPU_4	98.59	0	0	0	0	1.40	0	0	0	0
1428508748740426792	CPU_4	98.59	0	0	0	0	0	1.40	0	0	0
1428508749458336070	CPU_4	98.61	0	0	0	0	1.38	0	0	0	0
1428508750172725606	CPU_4	100.00	0	0	0	0	0	0	0	0	0
1428508750879629328	CPU_4	97.18	0	0	0	0	1.40	1.40	0	0	0
1428508751598509855	CPU_4	98.61	0	0	0	0	1.38	0	0	0	0
1428508752308273945	CPU_4	100.00	0	0	0	0	0	0	0	0	0
1428508753020206447	CPU_4	97.18	0	0	0	0	1.40	1.40	0	0	0
1428508753742136342	CPU_4	98.61	0	0	0	0	1.38	0	0	0	0
1428508754494412745	CPU_4	100.00	0	0	0	0	0	0	0	0	0
1428508755213579605	CPU_4	97.26	0	0	0	0	1.36	1.36	0	0	0
1428508755926258398	CPU_4	98.59	0	0	0	0	1.40	0	0	0	0
1428508756641089519	CPU_4	98.59	0	0	0	0	0	1.40	0	0	0
1428508757355747850	CPU_4	98.61	0	0	0	0	1.38	0	0	0	0
1428508758064671152	CPU_4	98.59	0	0	0	0	1.40	0	0	0	0
1428508758798455228	CPU_4	98.61	0	0	0	0	0	1.38	0	0	0
1428508759507141365	CPU_4	98.61	0	0	0	0	1.38	0	0	0	0
1428508760216413876	CPU_4	98.59	0	0	0	0	1.40	0	0	0	0
1428508760962391464	CPU_4	98.64	0	0	0	0	0	1.35	0	0	0
1428508761672276808	CPU_4	98.59	0	0	0	0	1.40	0	0	0	0
1428508762390834463	CPU_4	98.61	0	0	0	0	1.38	0	0	0	0
1428508763100425724	CPU_4	98.59	0	0	0	0	0	1.40	0	0	0
1428508763808542448	CPU_4	98.59	0	0	0	0	1.40	0	0	0	0
1428508764527439145	CPU_4	100.00	0	0	0	0	0	0	0	0	0
1428508765235571702	CPU_4	97.22	0	0	0	0	1.38	1.38	0	0	0
1428508765983013038	CPU_4	98.64	0	0	0	0	1.35	0	0	0	0
1428508766691257846	CPU_4	100.00	0	0	0	0	0	0	0	0	0
1428508767402173855	CPU_4	97.18	0	0	0	0	1.40	1.40	0	0	0
1428508768120112889	CPU_4	98.61	0	0	0	0	1.38	0	0	0	0
1428508768828504863	CPU_4	98.59	0	0	0	0	0	1.40	0	0	0
1428508769547045022	CPU_4	98.61	0	0	0	0	1.38	0	0	0	0
1428508770255879287	CPU_4	98.59	0	0	0	0	1.40	0	0	0	0
1428508770992565610	CPU_4	98.63	0	0	0	0	0	1.36	0	0	0
1428508771709767397	CPU_4	98.63	0	0	0	0	1.36	0	0	0	0
1428508772420162159	CPU_4	98.57	0	0	0	0	1.42	0	0	0	0
1428508773139662149	CPU_4	98.61	0	0	0	0	0	1.38	0	0	0
1428508773847628960	CPU_4	98.59	0	0	0	0	1.40	0	0	0	0
1428508774556435227	CPU_4	98.59	0	0	0	0	1.40	0	0	0	0
1428508775275643010	CPU_4	98.61	0	0	0	0	0	1.38	0	0	0
1428508775986842313	CPU_4	98.59	0	0	0	0	1.40	0	0	0	0
1428508776711136960	CPU_4	98.61	0	0	0	0	1.38	0	0	0	0
1428508777421118391	CPU_4	98.59	0	0	0	0	0	1.40	0	0	0
1428508778130917407	CPU_4	98.59	0	0	0	0	1.40	0	0	0	0
1428508778849442735	CPU_4	100.00	0	0	0	0	0	0	0	0	0
1428508779559373500	CPU_4	97.18	0	0	0	0	1.40	1.40	0	0	0
1428508780268501143	CPU_4	98.59	0	0	0	0	1.40	0	0	0	0
1428508780989425966	CPU_4	100.00	0	0	0	0	0	0	0	0	0
1428508781699713065	CPU_4	97.18	0	0	0	0	1.40	1.40	0	0	0
1428508782418875434	CPU_4	98.61	0	0	0	0	1.38	0	0	0	0
1428508783128450910	CPU_4	98.59	0	0	0	0	0	1.40	0	0	0
1428508783837063431	CPU_4	98.59	0	0	0	0	1.40	0	0	0	0
1428508784556703466	CPU_4	98.61	0	0	0	0	1.38	0	0	0	0
1428508785265709694	CPU_4	98.59	0	0	0	0	0	1.40	0	0	0
1428508786010780002	CPU_4	98.64	0	0	0	0	1.35	0	0	0	0
1428508786719393898	CPU_4	98.59	0	0	0	0	1.40	0	0	0	0
1428508787430764954	CPU_4	98.59	0	0	0	0	0	1.40	0	0	0
1428508788149688951	CPU_4	98.63	0	0	0	0	1.36	0	0	0	0
1428508788885811323	CPU_4	98.61	0	0	0	0	1.38	0	0	0	0
1428508789606538357	CPU_4	98.63	0	0	0	0	0	1.36	0	0	0
1428508790317538999	CPU_4	98.59	0	0	0	0	1.40	0	0	0	0
1428508791029760138	CPU_4	98.59	0	0	0	0	1.40	0	0	0	0
1428508791759621859	CPU_4	98.63	0	0	0	0	0	1.36	0	0	0
1428508792471143917	CPU_4	98.59	0	0	0	0	1.40	0	0	0	0
1428508793191964285	CPU_4	98.61	0	0	0	0	1.38	0	0	0	0
1428508793901418807	CPU_4	98.59	0	0	0	0	0	1.40	0	0	0
1428508794614583611	CPU_4	98.61	0	0	0	0	1.38	0	0	0	0
1428508795335875646	CPU_4	98.61	0	0	0	0	1.38	0	0	0	0
1428508796047316372	CPU_4	98.59	0	0	0	0	0	1.40	0	0	0
1428508796767393244	CPU_4	98.61	0	0	0	0	1.38	0	0	0	0
1428508797478441179	CPU_4	98.59	0	0	0	0	0	1.40	0	0	0
1428508798189697823	CPU_4	98.59	0	0	0	0	1.40	0	0	0	0
1428508798910343485	CPU_4	98.61	0	0	0	0	1.38	0	0	0	0
1428508799620744132	CPU_4	98.59	0	0	0	0	0	1.40	0	0	0
1428508800344136830	CPU_4	98.63	0	0	0	0	1.36	0	0	0	0
1428508801056292514	CPU_4	98.59	0	0	0	0	1.40	0	0	0	0
1428508801770113860	CPU_4	98.59	0	0	0	0	0	1.40	0	0	0
1428508802494424807	CPU_4	98.63	0	0	0	0	1.36	0	0	0	0
1428508803205436953	CPU_4	98.59	0	0	0	0	1.40	0	0	0	0
1428508803932952392	CPU_4	98.61	0	0	0	0	0	1.38	0	0	0
1428508804649323900	CPU_4	98.61	0	0	0	0	1.38	0	0	0	0
1428508805361325503	CPU_4	98.59	0	0	0	0	1.40	0	0	0	0
1428508806082450958	CPU_4	98.61	0	0	0	0	0	1.38	0	0	0
1428508806792709857	CPU_4	98.59	0	0	0	0	1.40	0	0	0	0
1428508807512584566	CPU_4	98.61	0	0	0	0	1.38	0	0	0	0
1428508808228157035	CPU_4	98.61	0	0	0	0	0	1.38	0	0	0
1428508808938272310	CPU_4	98.59	0	0	0	0	1.40	0	0	0	0
1428508809660261765	CPU_4	100.00	0	0	0	0	0	0	0	0	0
1428508810372601451	CPU_4	97.18	0	0	0	0	1.40	1.40	0	0	0
1428508811084016932	CPU_4	98.61	0	0	0	0	1.38	0	0	0	0
1428508811804110100	CPU_4	100.00	0	0	0	0	0	0	0	0	0
1428508812515655747	CPU_4	97.22	0	0	0	0	1.38	1.38	0	0	0
1428508813236955955	CPU_4	98.61	0	0	0	0	1.38	0	0	0	0
1428508813946167108	CPU_4	98.59	0	0	0	0	0	1.40	0	0	0
1428508814656593384	CPU_4	98.59	0	0	0	0	1.40	0	0	0	0
1428508815377443135	CPU_4	98.61	0	0	0	0	1.38	0	0	0	0
1428508816090281489	CPU_4	98.59	0	0	0	0	0	1.40	0	0	0
1428508816809690993	CPU_4	98.63	0	0	0	0	1.36	0	0	0	0
1428508817521194018	CPU_4	98.57	0	0	0	0	1.42	0	0	0	0
1428508818231096046	CPU_4	98.59	0	0	0	0	0	1.40	0	0	0
1428508818950039511	CPU_4	98.63	0	0	0	0	1.36	0	0	0	0
1428508819660055164	CPU_4	98.57	0	0	0	0	1.42	0	0	0	0
1428508820381265916	CPU_4	98.61	0	0	0	0	0	1.38	0	0	0
1428508821094954935	CPU_4	98.61	0	0	0	0	1.38	0	0	0	0
1428508821804433966	CPU_4	98.59	0	0	0	0	1.40	0	0	0	0
1428508822524842595	CPU_4	98.61	0	0	0	0	0	1.38	0	0	0
1428508823235102457	CPU_4	98.59	0	0	0	0	1.40	0	0	0	0
1428508823962590570	CPU_4	98.61	0	0	0	0	1.38	0	0	0	0
1428508824677466505	CPU_4	97.22	0	1.38	0	0	0	1.38	0	0	0
1428508825481474974	CPU_4	97.50	0	1.25	0	0	1.25	0	0	0	0
1428508826197879822	CPU_4	97.22	0	0	0	0	1.38	1.38	0	0	0
1428508826911456844	CPU_4	100.00	0	0	0	0	0	0	0	0	0
1428508827632871764	CPU_4	98.61	0	0	0	0	1.38	0	0	0	0
1428508828341732590	CPU_4	97.22	0	0	0	0	1.38	1.38	0	0	0
1428508829052408036	CPU_4	100.00	0	0	0	0	0	0	0	0	0
1428508829800883391	CPU_4	98.66	0	0	0	0	1.33	0	0	0	0
1428508830511239464	CPU_4	98.59	0	0	0	0	0	1.40	0	0	0
1428508831229919725	CPU_4	98.61	0	0	0	0	1.38	0	0	0	0
1428508831941419212	CPU_4	98.59	0	0	0	0	1.40	0	0	0	0
1428508832649844832	CPU_4	98.59	0	0	0	0	0	1.40	0	0	0
1428508833372047751	CPU_4	98.61	0	0	0	0	1.38	0	0	0	0
1428508834082634991	CPU_4	98.59	0	0	0	0	1.40	0	0	0	0
1428508834804487954	CPU_4	98.63	0	0	0	0	0	1.36	0	0	0
1428508835515436360	CPU_4	98.57	0	0	0	0	1.42	0	0	0	0
1428508836226519349	CPU_4	97.22	0	0	0	0	1.38	1.38	0	0	0
1428508836947783148	CPU_4	100.00	0	0	0	0	0	0	0	0	0
1428508837655242271	CPU_4	98.59	0	0	0	0	1.40	0	0	0	0
1428508838375439198	CPU_4	97.22	0	0	0	0	1.38	1.38	0	0	0
1428508839089481556	CPU_4	100.00	0	0	0	0	0	0	0	0	0
1428508839798405926	CPU_4	98.59	0	0	0	0	1.40	0	0	0	0
1428508840519843475	CPU_4	97.26	0	0	0	0	1.36	1.36	0	0	0
1428508841230042260	CPU_4	100.00	0	0	0	0	0	0	0	0	0
1428508841962356866	CPU_4	98.63	0	0	0	0	1.36	0	0	0	0
1428508842666089000	CPU_4	97.18	0	0	0	0	1.40	1.40	0	0	0
1428508843371447964	CPU_4	100.00	0	0	0	0	0	0	0	0	0
1428508844091750225	CPU_4	98.61	0	0	0	0	1.38	0	0	0	0
1428508844797770771	CPU_4	98.59	0	0	0	0	0	1.40	0	0	0
1428508845506565060	CPU_4	98.57	0	0	0	0	1.42	0	0	0	0
1428508846223818746	CPU_4	98.63	0	0	0	0	1.36	0	0	0	0
1428508846932357703	CPU_4	98.57	0	0	0	0	0	1.42	0	0	0
1428508847651214802	CPU_4	98.61	0	0	0	0	1.38	0	0	0	0
1428508848359656468	CPU_4	98.59	0	0	0	0	1.40	0	0	0	0
1428508849074596202	CPU_4	98.61	0	0	0	0	0	1.38	0	0	0
1428508849790705725	CPU_4	98.59	0	0	0	0	1.40	0	0	0	0
1428508850502270593	CPU_4	97.22	0	0	0	0	1.38	1.38	0	0	0
1428508851220317778	CPU_4	100.00	0	0	0	0	0	0	0	0	0
1428508851928955987	CPU_4	98.59	0	0	0	0	1.40	0	0	0	0
1428508852638178361	CPU_4	97.18	0	0	0	0	1.40	1.40	0	0	0
1428508853358154250	CPU_4	100.00	0	0	0	0	0	0	0	0	0
1428508854068217373	CPU_4	98.59	0	0	0	0	1.40	0	0	0	0
1428508854784404230	CPU_4	98.59	0	0	0	0	0	1.40	0	0	0
1428508855499420008	CPU_4	98.61	0	0	0	0	1.38	0	0	0	0
1428508856208997632	CPU_4	98.59	0	0	0	0	1.40	0	0	0	0
1428508856930868185	CPU_4	98.61	0	0	0	0	0	1.38	0	0	0
1428508857643823010	CPU_4	98.61	0	0	0	0	1.38	0	0	0	0
1428508858352483178	CPU_4	98.57	0	0	0	0	1.42	0	0	0	0
1428508859071554655	CPU_4	98.61	0	0	0	0	0	1.38	0	0	0
1428508859780358699	CPU_4	98.59	0	0	0	0	1.40	0	0	0	0
1428508860500981464	CPU_4	98.61	0	0	0	0	1.38	0	0	0	0
1428508861211361921	CPU_4	98.59	0	0	0	0	0	1.40	0	0	0
1428508861920242132	CPU_4	98.59	0	0	0	0	1.40	0	0	0	0
1428508862640837648	CPU_4	98.61	0	0	0	0	1.38	0	0	0	0
1428508863350671732	CPU_4	98.59	0	0	0	0	0	1.40	0	0	0
1428508864069541795	CPU_4	98.61	0	0	0	0	1.38	0	0	0	0
1428508864779857586	CPU_4	98.59	0	0	0	0	1.40	0	0	0	0
1428508865490845210	CPU_4	98.59	0	0	0	0	0	1.40	0	0	0
1428508866210935561	CPU_4	98.61	0	0	0	0	1.38	0	0	0	0
1428508866921281978	CPU_4	98.59	0	0	0	0	0	1.40	0	0	0
1428508867641875038	CPU_4	98.61	0	0	0	0	1.38	0	0	0	0
1428508868351619332	CPU_4	98.59	0	0	0	0	1.40	0	0	0	0
1428508869060539503	CPU_4	98.59	0	0	0	0	0	1.40	0	0	0
1428508869784760929	CPU_4	98.63	0	0	0	0	1.36	0	0	0	0
1428508870496280553	CPU_4	98.59	0	0	0	0	1.40	0	0	0	0
1428508871226593590	CPU_4	98.61	0	0	0	0	0	1.38	0	0	0
1428508871935158055	CPU_4	98.61	0	0	0	0	1.38	0	0	0	0
1428508872647057636	CPU_4	98.59	0	0	0	0	1.40	0	0	0	0
1428508873367195948	CPU_4	98.61	0	0	0	0	0	1.38	0	0	0
1428508874075887830	CPU_4	98.59	0	0	0	0	1.40	0	0	0	0
1428508874788875660	CPU_4	98.59	0	0	0	0	1.40	0	0	0	0
1428508875509897262	CPU_4	98.61	0	0	0	0	0	1.38	0	0	0
1428508876219086476	CPU_4	98.59	0	0	0	0	1.40	0	0	0	0
1428508876941070119	CPU_4	98.61	0	0	0	0	1.38	0	0	0	0
1428508877653028660	CPU_4	98.59	0	0	0	0	0	1.40	0	0	0
1428508878364936660	CPU_4	98.61	0	0	0	0	1.38	0	0	0	0
1428508879084989016	CPU_4	100.00	0	0	0	0	0	0	0	0	0
1428508879795621395	CPU_4	97.22	0	0	0	0	1.38	1.38	0	0	0
1428508880517205289	CPU_4	98.61	0	0	0	0	1.38	0	0	0	0
1428508881227206294	CPU_4	100.00	0	0	0	0	0	0	0	0	0
1428508881939537419	CPU_4	97.22	0	0	0	0	1.38	1.38	0	0	0
1428508882662109854	CPU_4	98.61	0	0	0	0	1.38	0	0	0	0
1428508883374977769	CPU_4	98.61	0	0	0	0	0	1.38	0	0	0
1428508884094870460	CPU_4	98.61	0	0	0	0	1.38	0	0	0	0
1428508884805589215	CPU_4	98.59	0	0	0	0	1.40	0	0	0	0
1428508885516503095	CPU_4	98.59	0	0	0	0	0	1.40	0	0	0
1428508886235053206	CPU_4	98.61	0	0	0	0	1.38	0	0	0	0
1428508886947229833	CPU_4	98.59	0	0	0	0	1.40	0	0	0	0
1428508887670849683	CPU_4	98.61	0	0	0	0	0	1.38	0	0	0
1428508888383089769	CPU_4	98.61	0	0	0	0	1.38	0	0	0	0
1428508889092965694	CPU_4	98.57	0	0	0	0	1.42	0	0	0	0
1428508889813338135	CPU_4	98.63	0	0	0	0	0	1.36	0	0	0
1428508890525694513	CPU_4	98.59	0	0	0	0	1.40	0	0	0	0
1428508891244507042	CPU_4	98.59	0	0	0	0	1.40	0	0	0	0
1428508891959416372	CPU_4	98.61	0	0	0	0	0	1.38	0	0	0
1428508892671478793	CPU_4	98.59	0	0	0	0	1.40	0	0	0	0
1428508893393866522	CPU_4	98.61	0	0	0	0	1.38	0	0	0	0
1428508894103598657	CPU_4	98.61	0	0	0	0	0	1.38	0	0	0
1428508894814091332	CPU_4	98.59	0	0	0	0	1.40	0	0	0	0
1428508895537734184	CPU_4	100.00	0	0	0	0	0	0	0	0	0
1428508896246782363	CPU_4	97.22	0	0	0	0	1.38	1.38	0	0	0
1428508896969206302	CPU_4	98.61	0	0	0	0	1.38	0	0	0	0
1428508897680969183	CPU_4	98.59	0	0	0	0	0	1.40	0	0	0
1428508898391256526	CPU_4	98.59	0	0	0	0	1.40	0	0	0	0
1428508899113460799	CPU_4	98.63	0	0	0	0	1.36	0	0	0	0
1428508899825113098	CPU_4	98.59	0	0	0	0	0	1.40	0	0	0
1428508900547013831	CPU_4	98.61	0	0	0	0	1.38	0	0	0	0
1428508901255774887	CPU_4	98.59	0	0	0	0	1.40	0	0	0	0
1428508901967375311	CPU_4	98.59	0	0	0	0	0	1.40	0	0	0
1428508902689562877	CPU_4	98.61	0	0	0	0	1.38	0	0	0	0
1428508903399900388	CPU_4	98.59	0	0	0	0	1.40	0	0	0	0
1428508904122504495	CPU_4	98.61	0	0	0	0	0	1.38	0	0	0
1428508904835041627	CPU_4	98.59	0	0	0	0	1.40	0	0	0	0
1428508905547014926	CPU_4	98.61	0	0	0	0	1.38	0	0	0	0
1428508906267083540	CPU_4	98.61	0	0	0	0	0	1.38	0	0	0
1428508906979939046	CPU_4	98.59	0	0	0	0	1.40	0	0	0	0
1428508907702072281	CPU_4	98.61	0	0	0	0	1.38	0	0	0	0
1428508908412794792	CPU_4	98.59	0	0	0	0	0	1.40	0	0	0
1428508909125324633	CPU_4	98.61	0	0	0	0	1.38	0	0	0	0
1428508909847904992	CPU_4	97.22	0	0	0	0	1.38	1.38	0	0	0
1428508910560500083	CPU_4	100.00	0	0	0	0	0	0	0	0	0
1428508911288908345	CPU_4	98.63	0	0	0	0	1.36	0	0	0	0
1428508911999708108	CPU_4	97.22	0	0	0	0	1.38	1.38	0	0	0
1428508912711641743	CPU_4	100.00	0	0	0	0	0	0	0	0	0
1428508913432680107	CPU_4	98.61	0	0	0	0	1.38	0	0	0	0
1428508914145421032	CPU_4	97.22	0	0	0	0	1.38	1.38	0	0	0
1428508914858303873	CPU_4	100.00	0	0	0	0	0	0	0	0	0
1428508915577800533	CPU_4	98.61	0	0	0	0	1.38	0	0	0	0
1428508916286877176	CPU_4	97.18	0	0	0	0	1.40	1.40	0	0	0
1428508917009575037	CPU_4	100.00	0	0	0	0	0	0	0	0	0
1428508917724286291	CPU_4	98.61	0	0	0	0	1.38	0	0	0	0
1428508918435038848	CPU_4	97.18	0	0	0	0	1.40	1.40	0	0	0
1428508919157676292	CPU_4	100.00	0	0	0	0	0	0	0	0	0
1428508919870778385	CPU_4	98.61	0	0	0	0	1.38	0	0	0	0
1428508920594128995	CPU_4	97.26	0	0	0	0	1.36	1.36	0	0	0
1428508921304204387	CPU_4	100.00	0	0	0	0	0	0	0	0	0
1428508922016784732	CPU_4	97.22	0	0	0	0	1.38	1.38	0	0	0
1428508922739958676	CPU_4	100.00	0	0	0	0	0	0	0	0	0
1428508923449678986	CPU_4	98.59	0	0	0	0	1.40	0	0	0	0
1428508924172160224	CPU_4	97.26	0	0	0	0	1.36	1.36	0	0	0
1428508924884525320	CPU_4	100.00	0	0	0	0	0	0	0	0	0
1428508925596992541	CPU_4	98.57	0	0	0	0	1.42	0	0	0	0
1428508926316351871	CPU_4	97.26	0	0	0	0	1.36	1.36	0	0	0
1428508927029551382	CPU_4	100.00	0	0	0	0	0	0	0	0	0
1428508927753557951	CPU_4	98.61	0	0	0	0	1.38	0	0	0	0
1428508928464758717	CPU_4	97.22	0	0	0	0	1.38	1.38	0	0	0
1428508929218963590	CPU_4	100.00	0	0	0	0	0	0	0	0	0
1428508929963333652	CPU_4	98.68	0	0	0	0	1.31	0	0	0	0
1428508930675980874	CPU_4	97.22	0	0	0	0	1.38	1.38	0	0	0
1428508931398127032	CPU_4	100.00	0	0	0	0	0	0	0	0	0
1428508932108879800	CPU_4	97.22	0	0	0	0	1.38	1.38	0	0	0
1428508932819926443	CPU_4	98.61	0	0	0	0	1.38	0	0	0	0
1428508933542527476	CPU_4	100.00	0	0	0	0	0	0	0	0	0
1428508934253337328	CPU_4	97.18	0	0	0	0	1.40	1.40	0	0	0
1428508934976360901	CPU_4	98.63	0	0	0	0	1.36	0	0	0	0
1428508935691379035	CPU_4	100.00	0	0	0	0	0	0	0	0	0
1428508936406761877	CPU_4	97.22	0	0	0	0	1.38	1.38	0	0	0
1428508937145624497	CPU_4	98.64	0	0	0	0	1.35	0	0	0	0
1428508937858377846	CPU_4	100.00	0	0	0	0	0	0	0	0	0
1428508938582764833	CPU_4	97.22	0	0	0	0	1.38	1.38	0	0	0
1428508939296995721	CPU_4	98.61	0	0	0	0	1.38	0	0	0	0
1428508940009060030	CPU_4	100.00	0	0	0	0	0	0	0	0	0
1428508940733400143	CPU_4	97.26	0	0	0	0	1.36	1.36	0	0	0
1428508941446882408	CPU_4	98.59	0	0	0	0	1.40	0	0	0	0
1428508942201495325	CPU_4	98.66	0	0	0	0	0	1.33	0	0	0
1428508942911790139	CPU_4	98.61	0	0	0	0	1.38	0	0	0	0
1428508943638560498	CPU_4	98.61	0	0	0	0	1.38	0	0	0	0
1428508944365123982	CPU_4	98.61	0	0	0	0	0	1.38	0	0	0
1428508945117796530	CPU_4	98.68	0	0	0	0	1.31	0	0	0	0
1428508945838278487	CPU_4	98.61	0	0	0	0	1.38	0	0	0	0
1428508946552314835	CPU_4	98.59	0	0	0	0	0	1.40	0	0	0
1428508947275380953	CPU_4	98.63	0	0	0	0	1.36	0	0	0	0
1428508947987046349	CPU_4	98.59	0	0	0	0	1.40	0	0	0	0
1428508948699361660	CPU_4	98.59	0	0	0	0	0	1.40	0	0	0
1428508949421916614	CPU_4	98.61	0	0	0	0	1.38	0	0	0	0
1428508950135072923	CPU_4	98.61	0	0	0	0	1.38	0	0	0	0
1428508950856637379	CPU_4	98.61	0	0	0	0	0	1.38	0	0	0
1428508951568524776	CPU_4	98.59	0	0	0	0	1.40	0	0	0	0
1428508952280854212	CPU_4	97.22	0	0	0	0	1.38	1.38	0	0	0
1428508953021340208	CPU_4	100.00	0	0	0	0	0	0	0	0	0
1428508953735480099	CPU_4	98.61	0	0	0	0	1.38	0	0	0	0
1428508954457158390	CPU_4	97.22	0	0	0	0	1.38	1.38	0	0	0
1428508955173086902	CPU_4	100.00	0	0	0	0	0	0	0	0	0
1428508955884218551	CPU_4	98.61	0	0	0	0	1.38	0	0	0	0
1428508956606966756	CPU_4	97.22	0	0	0	0	1.38	1.38	0	0	0
1428508957319208903	CPU_4	100.00	0	0	0	0	0	0	0	0	0
1428508958055364119	CPU_4	98.64	0	0	0	0	1.35	0	0	0	0
1428508958766961851	CPU_4	97.18	0	0	0	0	1.40	1.40	0	0	0
1428508959479459498	CPU_4	100.00	0	0	0	0	0	0	0	0	0
1428508960203203368	CPU_4	98.63	0	0	0	0	1.36	0	0	0	0
1428508960913961645	CPU_4	97.18	0	0	0	0	1.40	1.40	0	0	0
1428508961643172044	CPU_4	100.00	0	0	0	0	0	0	0	0	0
1428508962355728733	CPU_4	97.22	0	0	0	0	1.38	1.38	0	0	0
1428508963095940232	CPU_4	100.00	0	0	0	0	0	0	0	0	0
1428508963815712030	CPU_4	98.59	0	0	0	0	1.40	0	0	0	0
1428508964528949801	CPU_4	97.22	0	0	0	0	1.38	1.38	0	0	0
1428508965248344725	CPU_4	100.00	0	0	0	0	0	0	0	0	0
1428508965966419361	CPU_4	98.59	0	0	0	0	1.40	0	0	0	0
1428508966677951928	CPU_4	97.22	0	0	0	0	1.38	1.38	0	0	0
1428508967399525264	CPU_4	100.00	0	0	0	0	0	0	0	0	0
1428508968112186288	CPU_4	98.59	0	0	0	0	1.40	0	0	0	0
1428508968824216439	CPU_4	97.22	0	0	0	0	1.38	1.38	0	0	0
1428508969545964275	CPU_4	100.00	0	0	0	0	0	0	0	0	0
1428508970260333420	CPU_4	98.61	0	0	0	0	1.38	0	0	0	0
1428508970984466834	CPU_4	97.26	0	0	0	0	1.36	1.36	0	0	0
1428508971699957144	CPU_4	100.00	0	0	0	0	0	0	0	0	0
1428508972411583880	CPU_4	97.18	0	0	0	0	1.40	1.40	0	0	0
1428508973137764373	CPU_4	98.63	0	0	0	0	1.36	0	0	0	0
1428508973852403810	CPU_4	100.00	0	0	0	0	0	0	0	0	0
1428508974575461770	CPU_4	97.26	0	0	0	0	1.36	1.36	0	0	0
1428508975289971583	CPU_4	98.59	0	0	0	0	1.40	0	0	0	0
1428508976005379186	CPU_4	100.00	0	0	0	0	0	0	0	0	0
1428508976727784356	CPU_4	97.26	0	0	0	0	1.36	1.36	0	0	0
1428508977441473921	CPU_4	98.59	0	0	0	0	1.40	0	0	0	0
1428508978190546403	CPU_4	100.00	0	0	0	0	0	0	0	0	0
1428508978904327761	CPU_4	97.26	0	0	0	0	1.36	1.36	0	0	0
1428508979615710999	CPU_4	98.59	0	0	0	0	1.40	0	0	0	0
1428508980340213998	CPU_4	100.00	0	0	0	0	0	0	0	0	0
1428508981059261177	CPU_4	97.26	0	0	0	0	1.36	1.36	0	0	0
1428508981786985919	CPU_4	98.61	0	0	0	0	1.38	0	0	0	0
1428508982498156701	CPU_4	98.59	0	0	0	0	0	1.40	0	0	0
1428508983214593011	CPU_4	98.61	0	0	0	0	1.38	0	0	0	0
1428508983965888948	CPU_4	98.66	0	0	0	0	1.33	0	0	0	0
1428508984681332262	CPU_4	98.59	0	0	0	0	0	1.40	0	0	0
1428508985403169435	CPU_4	98.63	0	0	0	0	1.36	0	0	0	0
1428508986116505129	CPU_4	98.59	0	0	0	0	1.40	0	0	0	0
1428508986840677506	CPU_4	98.61	0	0	0	0	0	1.38	0	0	0
1428508987556256028	CPU_4	98.61	0	0	0	0	1.38	0	0	0	0
1428508988271685426	CPU_4	98.59	0	0	0	0	1.40	0	0	0	0
1428508988995473721	CPU_4	98.63	0	0	0	0	0	1.36	0	0	0
1428508989711369576	CPU_4	98.59	0	0	0	0	1.40	0	0	0	0
1428508990423346357	CPU_4	100.00	0	0	0	0	0	0	0	0	0
1428508991146628029	CPU_4	97.26	0	0	0	0	1.36	1.36	0	0	0
1428508991862194636	CPU_4	98.59	0	0	0	0	1.40	0	0	0	0
1428508992586415931	CPU_4	98.63	0	0	0	0	0	1.36	0	0	0
1428508993301852747	CPU_4	98.59	0	0	0	0	1.40	0	0	0	0
1428508994022681300	CPU_4	98.61	0	0	0	0	1.38	0	0	0	0
1428508994757500862	CPU_4	98.64	0	0	0	0	0	1.35	0	0	0
1428508995468808146	CPU_4	98.59	0	0	0	0	1.40	0	0	0	0
1428508996194304064	CPU_4	98.63	0	0	0	0	1.36	0	0	0	0
1428508996907787052	CPU_4	98.59	0	0	0	0	0	1.40	0	0	0
1428508997636279422	CPU_4	98.63	0	0	0	0	1.36	0	0	0	0
1428508998349142995	CPU_4	98.59	0	0	0	0	1.40	0	0	0	0
1428508999064328354	CPU_4	98.61	0	0	0	0	0	1.38	0	0	0
1428508999883949635	CPU_4	98.76	0	0	0	0	1.23	0	0	0	0
1428509000598276414	CPU_4	98.61	0	0	0	0	1.38	0	0	0	0
1428509001324018957	CPU_4	98.63	0	0	0	0	0	1.36	0	0	0
1428509002037025489	CPU_4	98.57	0	0	0	0	1.42	0	0	0	0
1428509002753490305	CPU_4	97.26	0	0	0	0	1.36	1.36	0	0	0
1428509003476035440	CPU_4	100.00	0	0	0	0	0	0	0	0	0
1428509004188786849	CPU_4	98.59	0	0	0	0	1.40	0	0	0	0
1428509004955739088	CPU_4	97.40	0	0	0	0	1.29	1.29	0	0	0
1428509005669808327	CPU_4	100.00	0	0	0	0	0	0	0	0	0
1428509006394483416	CPU_4	98.63	0	0	0	0	1.36	0	0	0	0
1428509007110404901	CPU_4	97.22	0	0	0	0	1.38	1.38	0	0	0
1428509007823228935	CPU_4	100.00	0	0	0	0	0	0	0	0	0
1428509008546795944	CPU_4	98.63	0	0	0	0	1.36	0	0	0	0
1428509009262869096	CPU_4	97.22	0	0	0	0	1.38	1.38	0	0	0
1428509010005273561	CPU_4	100.00	0	0	0	0	0	0	0	0	0
1428509010720111341	CPU_4	98.61	0	0	0	0	1.38	0	0	0	0
1428509011435447287	CPU_4	97.22	0	0	0	0	1.38	1.38	0	0	0
1428509012160094128	CPU_4	100.00	0	0	0	0	0	0	0	0	0
1428509012874775950	CPU_4	97.22	0	0	0	0	1.38	1.38	0	0	0
1428509013602063285	CPU_4	98.63	0	0	0	0	1.36	0	0	0	0
1428509014317779981	CPU_4	100.00	0	0	0	0	0	0	0	0	0
1428509015059055450	CPU_4	97.36	0	0	0	0	1.31	1.31	0	0	0
1428509015782859752	CPU_4	98.61	0	0	0	0	1.38	0	0	0	0
1428509016499491446	CPU_4	100.00	0	0	0	0	0	0	0	0	0
1428509017225579785	CPU_4	97.26	0	0	0	0	1.36	1.36	0	0	0
1428509017943070727	CPU_4	98.59	0	0	0	0	1.40	0	0	0	0
1428509018656118639	CPU_4	100.00	0	0	0	0	0	0	0	0	0
1428509019384739389	CPU_4	97.29	0	0	0	0	1.35	1.35	0	0	0
1428509020100149212	CPU_4	98.59	0	0	0	0	1.40	0	0	0	0
1428509020827655006	CPU_4	100.00	0	0	0	0	0	0	0	0	0
1428509021540481711	CPU_4	97.26	0	0	0	0	1.36	1.36	0	0	0
1428509022256937865	CPU_4	98.59	0	0	0	0	1.40	0	0	0	0
1428509022982231749	CPU_4	98.61	0	0	0	0	0	1.38	0	0	0
1428509023695738244	CPU_4	98.61	0	0	0	0	1.38	0	0	0	0
1428509024420922586	CPU_4	98.61	0	0	0	0	1.38	0	0	0	0
1428509025136109953	CPU_4	98.61	0	0	0	0	0	1.38	0	0	0
1428509025854123104	CPU_4	98.61	0	0	0	0	1.38	0	0	0	0
1428509026576660121	CPU_4	98.61	0	0	0	0	1.38	0	0	0	0
1428509027293075276	CPU_4	98.59	0	0	0	0	0	1.40	0	0	0
1428509028018099995	CPU_4	98.63	0	0	0	0	1.36	0	0	0	0
1428509028735296275	CPU_4	98.61	0	0	0	0	1.38	0	0	0	0
1428509029450880016	CPU_4	98.59	0	0	0	0	0	1.40	0	0	0
1428509030175969902	CPU_4	98.63	0	0	0	0	1.36	0	0	0	0
1428509030891875018	CPU_4	98.59	0	0	0	0	1.40	0	0	0	0
1428509031618166527	CPU_4	98.63	0	0	0	0	0	1.36	0	0	0
1428509032336255680	CPU_4	98.61	0	0	0	0	1.38	0	0	0	0
1428509033050693175	CPU_4	97.22	0	0	0	0	1.38	1.38	0	0	0
1428509033776846685	CPU_4	100.00	0	0	0	0	0	0	0	0	0
1428509034490649599	CPU_4	98.59	0	0	0	0	1.40	0	0	0	0
1428509035215410029	CPU_4	97.26	0	0	0	0	1.36	1.36	0	0	0
1428509035961618450	CPU_4	100.00	0	0	0	0	0	0	0	0	0
1428509036695364693	CPU_4	98.64	0	0	0	0	1.35	0	0	0	0
1428509037410527229	CPU_4	97.22	0	0	0	0	1.38	1.38	0	0	0
1428509038125872515	CPU_4	100.00	0	0	0	0	0	0	0	0	0
1428509038851027320	CPU_4	98.63	0	0	0	0	1.36	0	0	0	0
1428509039569330641	CPU_4	97.26	0	0	0	0	1.36	1.36	0	0	0
1428509040299891892	CPU_4	100.00	0	0	0	0	0	0	0	0	0
1428509041043327613	CPU_4	97.33	0	0	0	0	1.33	1.33	0	0	0
1428509041763435764	CPU_4	98.61	0	0	0	0	1.38	0	0	0	0
1428509042491083481	CPU_4	100.00	0	0	0	0	0	0	0	0	0
1428509043205505603	CPU_4	97.22	0	0	0	0	1.38	1.38	0	0	0
1428509043930720993	CPU_4	100.00	0	0	0	0	0	0	0	0	0
1428509044646640987	CPU_4	98.59	0	0	0	0	1.40	0	0	0	0
1428509045366120349	CPU_4	97.26	0	0	0	0	1.36	1.36	0	0	0
1428509046090800323	CPU_4	100.00	0	0	0	0	0	0	0	0	0
1428509046806229945	CPU_4	98.59	0	0	0	0	1.40	0	0	0	0
1428509047532602832	CPU_4	97.29	0	0	0	0	1.35	1.35	0	0	0
1428509048245829918	CPU_4	100.00	0	0	0	0	0	0	0	0	0
1428509048963467618	CPU_4	98.61	0	0	0	0	1.38	0	0	0	0
1428509049692063584	CPU_4	97.29	0	0	0	0	1.35	1.35	0	0	0
1428509050408902911	CPU_4	100.00	0	0	0	0	0	0	0	0	0
1428509051133578637	CPU_4	97.26	0	0	0	0	1.36	1.36	0	0	0
1428509051850787339	CPU_4	98.61	0	0	0	0	1.38	0	0	0	0
1428509052567903999	CPU_4	100.00	0	0	0	0	0	0	0	0	0
1428509053294957637	CPU_4	97.29	0	0	0	0	1.35	1.35	0	0	0
1428509054010099177	CPU_4	98.61	0	0	0	0	1.38	0	0	0	0
1428509054736738483	CPU_4	100.00	0	0	0	0	0	0	0	0	0
1428509055454405726	CPU_4	97.26	0	0	0	0	1.36	1.36	0	0	0
1428509056170205224	CPU_4	98.59	0	0	0	0	1.40	0	0	0	0
1428509056912425077	CPU_4	100.00	0	0	0	0	0	0	0	0	0
1428509057629844071	CPU_4	97.26	0	0	0	0	1.36	1.36	0	0	0
1428509058356262295	CPU_4	98.61	0	0	0	0	1.38	0	0	0	0
1428509059070917880	CPU_4	100.00	0	0	0	0	0	0	0	0	0
1428509059793427238	CPU_4	97.26	0	0	0	0	1.36	1.36	0	0	0
1428509060516039137	CPU_4	98.61	0	0	0	0	1.38	0	0	0	0
1428509061231929428	CPU_4	98.59	0	0	0	0	0	1.40	0	0	0
1428509061988961123	CPU_4	98.68	0	0	0	0	1.31	0	0	0	0
1428509062704144915	CPU_4	98.61	0	0	0	0	1.38	0	0	0	0
1428509063431519638	CPU_4	98.61	0	0	0	0	0	1.38	0	0	0
1428509064152448834	CPU_4	98.63	0	0	0	0	1.36	0	0	0	0
1428509064873587655	CPU_4	100.00	0	0	0	0	0	0	0	0	0
1428509065601177086	CPU_4	97.26	0	0	0	0	1.36	1.36	0	0	0
1428509066319306748	CPU_4	98.61	0	0	0	0	1.38	0	0	0	0
1428509067048253260	CPU_4	100.00	0	0	0	0	0	0	0	0	0
1428509067766085756	CPU_4	97.26	0	0	0	0	1.36	1.36	0	0	0
1428509068483172587	CPU_4	98.59	0	0	0	0	1.40	0	0	0	0
1428509069210636352	CPU_4	100.00	0	0	0	0	0	0	0	0	0
1428509069964926264	CPU_4	97.36	0	0	0	0	1.31	1.31	0	0	0
1428509070693049195	CPU_4	98.61	0	0	0	0	1.38	0	0	0	0
1428509071409839195	CPU_4	98.61	0	0	0	0	0	1.38	0	0	0
1428509072138348625	CPU_4	98.63	0	0	0	0	1.36	0	0	0	0
1428509072860425029	CPU_4	98.61	0	0	0	0	1.38	0	0	0	0
1428509073575235742	CPU_4	98.61	0	0	0	0	0	1.38	0	0	0
1428509074301430303	CPU_4	98.61	0	0	0	0	1.38	0	0	0	0
1428509075033016936	CPU_4	98.63	0	0	0	0	1.36	0	0	0	0
1428509075758189458	CPU_4	98.63	0	0	0	0	0	1.36	0	0	0
1428509076476511580	CPU_4	98.59	0	0	0	0	1.40	0	0	0	0
1428509077192409083	CPU_4	98.61	0	0	0	0	1.38	0	0	0	0
1428509077931337158	CPU_4	98.64	0	0	0	0	0	1.35	0	0	0
1428509078648232992	CPU_4	98.61	0	0	0	0	1.38	0	0	0	0
1428509079377363548	CPU_4	97.26	0	0	0	0	1.36	1.36	0	0	0
1428509080093251301	CPU_4	100.00	0	0	0	0	0	0	0	0	0
1428509080811194675	CPU_4	98.61	0	0	0	0	1.38	0	0	0	0
1428509081542538643	CPU_4	97.29	0	0	0	0	1.35	1.35	0	0	0
1428509082257359442	CPU_4	100.00	0	0	0	0	0	0	0	0	0
1428509083003838542	CPU_4	98.66	0	0	0	0	1.33	0	0	0	0
1428509083721706291	CPU_4	97.22	0	0	0	0	1.38	1.38	0	0	0
1428509084438366128	CPU_4	100.00	0	0	0	0	0	0	0	0	0
1428509085165123982	CPU_4	98.64	0	0	0	0	1.35	0	0	0	0
1428509085882236109	CPU_4	97.22	0	0	0	0	1.38	1.38	0	0	0
1428509086610030878	CPU_4	100.00	0	0	0	0	0	0	0	0	0
1428509087328076670	CPU_4	98.61	0	0	0	0	1.38	0	0	0	0
1428509088064954752	CPU_4	97.29	0	0	0	0	1.35	1.35	0	0	0
1428509088785664538	CPU_4	100.00	0	0	0	0	0	0	0	0	0
1428509089506391616	CPU_4	97.26	0	0	0	0	1.36	1.36	0	0	0
1428509090232827390	CPU_4	98.63	0	0	0	0	1.36	0	0	0	0
1428509090948865562	CPU_4	100.00	0	0	0	0	0	0	0	0	0
1428509091683949232	CPU_4	97.29	0	0	0	0	1.35	1.35	0	0	0
1428509092402839482	CPU_4	98.61	0	0	0	0	1.38	0	0	0	0
1428509093124274642	CPU_4	100.00	0	0	0	0	0	0	0	0	0
1428509093849346253	CPU_4	97.29	0	0	0	0	1.35	1.35	0	0	0
1428509094567404213	CPU_4	100.00	0	0	0	0	0	0	0	0	0
1428509095295187068	CPU_4	98.63	0	0	0	0	1.36	0	0	0	0
1428509096014074069	CPU_4	97.26	0	0	0	0	1.36	1.36	0	0	0
1428509096732253571	CPU_4	100.00	0	0	0	0	0	0	0	0	0
1428509097461656131	CPU_4	98.63	0	0	0	0	1.36	0	0	0	0
1428509098179314634	CPU_4	97.26	0	0	0	0	1.36	1.36	0	0	0
1428509098907021157	CPU_4	100.00	0	0	0	0	0	0	0	0	0
1428509099624904411	CPU_4	97.26	0	0	0	0	1.36	1.36	0	0	0
1428509100341850083	CPU_4	98.61	0	0	0	0	1.38	0	0	0	0
1428509101073317847	CPU_4	100.00	0	0	0	0	0	0	0	0	0
1428509101788785816	CPU_4	97.22	0	0	0	0	1.38	1.38	0	0	0
1428509102517697544	CPU_4	98.63	0	0	0	0	1.36	0	0	0	0
1428509103236675588	CPU_4	100.00	0	0	0	0	0	0	0	0	0
1428509103954683509	CPU_4	97.26	0	0	0	0	1.36	1.36	0	0	0
1428509104680550246	CPU_4	98.61	0	0	0	0	1.38	0	0	0	0
1428509105398313709	CPU_4	100.00	0	0	0	0	0	0	0	0	0
1428509106126881815	CPU_4	97.26	0	0	0	0	1.36	1.36	0	0	0
1428509106846332317	CPU_4	98.61	0	0	0	0	1.38	0	0	0	0
1428509107563156325	CPU_4	100.00	0	0	0	0	0	0	0	0	0
1428509108290337892	CPU_4	97.26	0	0	0	0	1.36	1.36	0	0	0
1428509109009201188	CPU_4	98.61	0	0	0	0	1.38	0	0	0	0
1428509109741306202	CPU_4	98.63	0	0	0	0	0	1.36	0	0	0
1428509110456507882	CPU_4	98.61	0	0	0	0	1.38	0	0	0	0
1428509111178385670	CPU_4	98.61	0	0	0	0	1.38	0	0	0	0
1428509111900366668	CPU_4	98.61	0	0	0	0	0	1.38	0	0	0
1428509112617068802	CPU_4	98.61	0	0	0	0	1.38	0	0	0	0
1428509113346038867	CPU_4	98.63	0	0	0	0	1.36	0	0	0	0
1428509114062906668	CPU_4	98.59	0	0	0	0	0	1.40	0	0	0
1428509114790389320	CPU_4	98.63	0	0	0	0	1.36	0	0	0	0
1428509115512988525	CPU_4	98.61	0	0	0	0	1.38	0	0	0	0
1428509116230223242	CPU_4	98.61	0	0	0	0	0	1.38	0	0	0
1428509116957472728	CPU_4	98.63	0	0	0	0	1.36	0	0	0	0
1428509117674796321	CPU_4	98.61	0	0	0	0	1.38	0	0	0	0
1428509118405809590	CPU_4	98.63	0	0	0	0	0	1.36	0	0	0
1428509119125867094	CPU_4	98.61	0	0	0	0	1.38	0	0	0	0
1428509119842582855	CPU_4	97.22	0	0	0	0	1.38	1.38	0	0	0
1428509120570734215	CPU_4	100.00	0	0	0	0	0	0	0	0	0
1428509121286957311	CPU_4	98.61	0	0	0	0	1.38	0	0	0	0
1428509122014606131	CPU_4	97.26	0	0	0	0	1.36	1.36	0	0	0
1428509122731942058	CPU_4	100.00	0	0	0	0	0	0	0	0	0
1428509123450906898	CPU_4	98.61	0	0	0	0	1.38	0	0	0	0
1428509124180491381	CPU_4	97.29	0	0	0	0	1.35	1.35	0	0	0
1428509124897373309	CPU_4	100.00	0	0	0	0	0	0	0	0	0
1428509125627292291	CPU_4	98.64	0	0	0	0	1.35	0	0	0	0
1428509126342105600	CPU_4	97.22	0	0	0	0	1.38	1.38	0	0	0
1428509127060582692	CPU_4	100.00	0	0	0	0	0	0	0	0	0
1428509127790916132	CPU_4	98.63	0	0	0	0	1.36	0	0	0	0
1428509128509980098	CPU_4	97.26	0	0	0	0	1.36	1.36	0	0	0
1428509129235844299	CPU_4	100.00	0	0	0	0	0	0	0	0	0
1428509129956229638	CPU_4	97.26	0	0	0	0	1.36	1.36	0	0	0
1428509130675135688	CPU_4	98.61	0	0	0	0	1.38	0	0	0	0
1428509131402444094	CPU_4	100.00	0	0	0	0	0	0	0	0	0
1428509132119826857	CPU_4	97.26	0	0	0	0	1.36	1.36	0	0	0
1428509132847754720	CPU_4	98.61	0	0	0	0	1.38	0	0	0	0
1428509133568885641	CPU_4	100.00	0	0	0	0	0	0	0	0	0
1428509134290644311	CPU_4	97.26	0	0	0	0	1.36	1.36	0	0	0
1428509135016448596	CPU_4	98.61	0	0	0	0	1.38	0	0	0	0
1428509135734553858	CPU_4	100.00	0	0	0	0	0	0	0	0	0
1428509136461763182	CPU_4	97.29	0	0	0	0	1.35	1.35	0	0	0
1428509137181579940	CPU_4	100.00	0	0	0	0	0	0	0	0	0
1428509137911664258	CPU_4	98.63	0	0	0	0	1.36	0	0	0	0
1428509138634664634	CPU_4	97.26	0	0	0	0	1.36	1.36	0	0	0
1428509139352546106	CPU_4	100.00	0	0	0	0	0	0	0	0	0
1428509140091683653	CPU_4	97.29	0	0	0	0	1.35	1.35	0	0	0
1428509140806889506	CPU_4	98.61	0	0	0	0	1.38	0	0	0	0
1428509141538821737	CPU_4	100.00	0	0	0	0	0	0	0	0	0
1428509142255957003	CPU_4	97.22	0	0	0	0	1.38	1.38	0	0	0
1428509142975075472	CPU_4	98.61	0	0	0	0	1.38	0	0	0	0
1428509143702087215	CPU_4	100.00	0	0	0	0	0	0	0	0	0
1428509144421336018	CPU_4	97.22	0	0	0	0	1.38	1.38	0	0	0
1428509145152618043	CPU_4	98.63	0	0	0	0	1.36	0	0	0	0
1428509145868795895	CPU_4	100.00	0	0	0	0	0	0	0	0	0
1428509146587890491	CPU_4	97.22	0	0	0	0	1.38	1.38	0	0	0
1428509147317061188	CPU_4	98.63	0	0	0	0	1.36	0	0	0	0
1428509148049222462	CPU_4	6.84	0	1.36	91.78	0	0	0	0	0	0
