#Timestamp	CPU_ID	user%	nice%	sys%	idle%	iowait%	irq%	softiq%	steal%	guest%	guest_nice%
1428606695296035552	CPU_0	9.09	0	12.72	76.36	0	1.81	0	0	0	0
1428606695913926522	CPU_0	0	0	0	96.66	1.66	1.66	0	0	0	0
1428606696532998783	CPU_0	0	0	0	98.33	0	1.66	0	0	0	0
1428606697150889420	CPU_0	0	0	0	100.00	0	0	0	0	0	0
1428606697778521332	CPU_0	0	0	1.63	96.72	0	1.63	0	0	0	0
1428606698397477051	CPU_0	0	0	0	98.36	0	1.63	0	0	0	0
1428606699018109850	CPU_0	0	0	0	100.00	0	0	0	0	0	0
1428606699638019818	CPU_0	0	0	3.22	95.16	0	1.61	0	0	0	0
1428606700265432105	CPU_0	0	0	2.98	89.55	0	7.46	0	0	0	0
1428606700886105113	CPU_0	0	0	0	98.33	0	0	1.66	0	0	0
1428606701506747454	CPU_0	0	0	1.66	98.33	0	0	0	0	0	0
1428606702126983379	CPU_0	0	0	1.66	98.33	0	0	0	0	0	0
1428606702748087387	CPU_0	0	0	0	100.00	0	0	0	0	0	0
1428606703376109381	CPU_0	0	0	1.63	98.36	0	0	0	0	0	0
1428606703996753098	CPU_0	0	0	1.66	98.33	0	0	0	0	0	0
1428606704617396814	CPU_0	0	0	1.66	98.33	0	0	0	0	0	0
1428606705237896323	CPU_0	0	0	1.61	95.16	0	1.61	1.61	0	0	0
1428606705865960651	CPU_0	0	0	0	98.36	0	1.63	0	0	0	0
1428606706487090742	CPU_0	0	0	0	98.30	0	1.69	0	0	0	0
1428606707108872915	CPU_0	0	0	1.63	98.36	0	0	0	0	0	0
1428606707730757255	CPU_0	0	0	1.61	96.77	0	1.61	0	0	0	0
1428606708352542053	CPU_0	0	0	1.58	93.65	0	1.58	3.17	0	0	0
1428606708980747256	CPU_0	0	0	0	100.00	0	0	0	0	0	0
1428606709602793262	CPU_0	0	0	1.61	96.77	0	1.61	0	0	0	0
1428606710224929685	CPU_0	0	0	0	93.65	0	6.34	0	0	0	0
1428606710847512774	CPU_0	0	0	1.66	98.33	0	0	0	0	0	0
1428606711476521142	CPU_0	0	0	0	100.00	0	0	0	0	0	0
1428606712098716357	CPU_0	0	0	0	100.00	0	0	0	0	0	0
1428606712720890738	CPU_0	0	0	1.63	98.36	0	0	0	0	0	0
1428606713343497993	CPU_0	0	0	1.56	92.18	0	6.25	0	0	0	0
1428606713971587614	CPU_0	0	0	0	100.00	0	0	0	0	0	0
1428606714594362994	CPU_0	0	0	1.63	96.72	0	0	1.63	0	0	0
1428606715217252041	CPU_0	0	0	1.66	98.33	0	0	0	0	0	0
1428606715840423712	CPU_0	0	0	1.61	96.77	1.61	0	0	0	0	0
1428606716463079051	CPU_0	0	0	1.66	98.33	0	0	0	0	0	0
1428606717091612588	CPU_0	0	0	1.66	98.33	0	0	0	0	0	0
1428606717714146427	CPU_0	0	0	4.22	84.50	0	1.40	9.85	0	0	0
1428606718336961641	CPU_0	1.58	0	0	93.65	0	4.76	0	0	0	0
1428606718959724813	CPU_0	0	0	1.63	98.36	0	0	0	0	0	0
1428606719588653308	CPU_0	0	0	1.63	98.36	0	0	0	0	0	0
1428606720211163106	CPU_0	0	0	3.27	96.72	0	0	0	0	0	0
1428606720833868362	CPU_0	0	0	0	100.00	0	0	0	0	0	0
1428606721456811076	CPU_0	0	0	1.66	96.66	0	1.66	0	0	0	0
1428606722089276481	CPU_0	0	0	1.58	95.23	0	3.17	0	0	0	0
1428606722712683027	CPU_0	0	0	1.63	98.36	0	0	0	0	0	0
1428606723336654656	CPU_0	1.63	0	1.63	96.72	0	0	0	0	0	0
1428606723959660662	CPU_0	0	0	0	98.36	0	1.63	0	0	0	0
1428606724583061792	CPU_0	0	0	1.66	98.33	0	0	0	0	0	0
1428606725212739369	CPU_0	0	0	6.34	90.47	0	3.17	0	0	0	0
1428606725835810125	CPU_0	0	0	1.66	98.33	0	0	0	0	0	0
1428606726458144965	CPU_0	0	0	1.63	96.72	0	1.63	0	0	0	0
1428606727081549095	CPU_0	0	0	1.63	96.72	0	1.63	0	0	0	0
1428606727711417172	CPU_0	0	0	1.61	98.38	0	0	0	0	0	0
1428606728334976594	CPU_0	0	0	1.61	96.77	0	1.61	0	0	0	0
1428606728957495059	CPU_0	0	0	1.63	96.72	0	1.63	0	0	0	0
1428606729579969483	CPU_0	0	0	1.63	96.72	0	1.63	0	0	0	0
1428606730205025235	CPU_0	1.58	0	0	95.23	0	3.17	0	0	0	0
1428606730834049814	CPU_0	0	0	3.27	96.72	0	0	0	0	0	0
1428606731456669196	CPU_0	0	0	0	100.00	0	0	0	0	0	0
1428606732080261535	CPU_0	0	0	1.66	98.33	0	0	0	0	0	0
1428606732703031542	CPU_0	0	0	1.61	96.77	0	1.61	0	0	0	0
1428606733333695409	CPU_0	0	0	1.58	95.23	0	3.17	0	0	0	0
1428606733956340292	CPU_0	0	0	3.27	96.72	0	0	0	0	0	0
1428606734580074964	CPU_0	0	0	1.63	98.36	0	0	0	0	0	0
1428606735202705638	CPU_0	0	0	4.83	93.54	0	1.61	0	0	0	0
1428606735833774005	CPU_0	0	0	0	100.00	0	0	0	0	0	0
1428606736456513262	CPU_0	0	0	1.61	96.77	0	1.61	0	0	0	0
1428606737080095559	CPU_0	0	0	0	95.16	0	3.22	1.61	0	0	0
1428606737703373816	CPU_0	0	0	1.63	98.36	0	0	0	0	0	0
1428606738328511069	CPU_0	0	0	1.66	98.33	0	0	0	0	0	0
1428606738957254607	CPU_0	0	0	0	98.36	0	1.63	0	0	0	0
1428606739581204029	CPU_0	0	0	1.56	93.75	0	4.68	0	0	0	0
1428606740205062410	CPU_0	0	0	1.63	98.36	0	0	0	0	0	0
1428606740828240250	CPU_0	0	0	0	100.00	0	0	0	0	0	0
1428606741459432701	CPU_0	0	0	1.51	90.90	0	0	7.57	0	0	0
1428606742083126207	CPU_0	0	0	1.66	98.33	0	0	0	0	0	0
1428606742707227754	CPU_0	0	0	1.63	96.72	0	1.63	0	0	0	0
1428606743330713843	CPU_0	1.63	0	3.27	91.80	0	3.27	0	0	0	0
1428606743962396544	CPU_0	0	0	0	96.55	0	3.44	0	0	0	0
1428606744586047217	CPU_0	3.44	0	5.17	84.48	0	6.89	0	0	0	0
1428606745209844264	CPU_0	19.35	0	4.83	74.19	0	1.61	0	0	0	0
1428606745833857937	CPU_0	0	0	0	98.33	0	1.66	0	0	0	0
1428606746464462306	CPU_0	0	0	1.56	92.18	0	6.25	0	0	0	0
1428606747090755266	CPU_0	0	0	0	100.00	0	0	0	0	0	0
1428606747714809855	CPU_0	0	0	1.66	98.33	0	0	0	0	0	0
1428606748338810028	CPU_0	0	0	0	100.00	0	0	0	0	0	0
1428606748962796284	CPU_0	0	0	3.22	96.77	0	0	0	0	0	0
1428606749593709652	CPU_0	12.69	0	1.58	82.53	0	3.17	0	0	0	0
1428606750218016783	CPU_0	0	0	0	100.00	0	0	0	0	0	0
1428606750841704248	CPU_0	0	0	3.22	96.77	0	0	0	0	0	0
1428606751466372212	CPU_0	0	0	1.63	96.72	0	1.63	0	0	0	0
1428606752096536915	CPU_0	0	0	0	100.00	0	0	0	0	0	0
1428606752720599005	CPU_0	0	0	1.63	96.72	0	1.63	0	0	0	0
1428606753344072346	CPU_0	0	0	6.15	92.30	0	1.53	0	0	0	0
1428606753967833061	CPU_0	0	0	0	100.00	0	0	0	0	0	0
1428606754598933013	CPU_0	0	0	1.61	96.77	0	1.61	0	0	0	0
1428606755223693101	CPU_0	0	0	1.61	96.77	0	1.61	0	0	0	0
1428606755847657733	CPU_0	0	0	1.63	96.72	0	0	1.63	0	0	0
1428606756472824904	CPU_0	0	0	1.53	90.76	1.53	6.15	0	0	0	0
1428606757097495993	CPU_0	0	0	1.58	96.82	0	0	1.58	0	0	0
1428606757727789239	CPU_0	0	0	1.66	98.33	0	0	0	0	0	0
1428606758351564954	CPU_0	0	0	1.63	98.36	0	0	0	0	0	0
1428606758976441293	CPU_0	0	0	1.63	98.36	0	0	0	0	0	0
1428606759600332884	CPU_0	0	0	1.63	96.72	0	1.63	0	0	0	0
1428606760231064379	CPU_0	0	0	3.27	96.72	0	0	0	0	0	0
1428606760853986679	CPU_0	0	0	1.61	95.16	0	3.22	0	0	0	0
1428606761478971726	CPU_0	0	0	1.61	96.77	0	0	1.61	0	0	0
1428606762102505234	CPU_0	0	0	1.66	98.33	0	0	0	0	0	0
1428606762733077522	CPU_0	0	0	2.98	89.55	0	7.46	0	0	0	0
1428606763356601405	CPU_0	0	0	1.61	96.77	0	0	1.61	0	0	0
1428606763980944536	CPU_0	0	0	0	100.00	0	0	0	0	0	0
1428606764604939627	CPU_0	0	0	1.66	98.33	0	0	0	0	0	0
1428606765228320844	CPU_0	0	0	0	100.00	0	0	0	0	0	0
1428606765858042050	CPU_0	0	0	1.63	98.36	0	0	0	0	0	0
1428606766482593806	CPU_0	0	0	1.56	92.18	0	6.25	0	0	0	0
1428606767106417314	CPU_0	0	0	1.63	98.36	0	0	0	0	0	0
1428606767730788196	CPU_0	0	0	3.17	93.65	0	0	3.17	0	0	0
1428606768361414692	CPU_0	0	0	1.63	98.36	0	0	0	0	0	0
1428606768986582823	CPU_0	0	0	0	100.00	0	0	0	0	0	0
1428606769610415789	CPU_0	0	0	1.63	98.36	0	0	0	0	0	0
1428606770234651380	CPU_0	0	0	1.58	93.65	0	4.76	0	0	0	0
1428606770865065918	CPU_0	0	0	3.22	96.77	0	0	0	0	0	0
1428606771490476590	CPU_0	0	0	1.66	98.33	0	0	0	0	0	0
1428606772114370557	CPU_0	0	0	1.63	98.36	0	0	0	0	0	0
1428606772738982106	CPU_0	0	0	1.61	95.16	0	3.22	0	0	0	0
1428606773363839362	CPU_0	0	0	1.63	98.36	0	0	0	0	0	0
1428606773993491527	CPU_0	0	0	1.53	92.30	0	0	6.15	0	0	0
1428606774617843701	CPU_0	0	0	3.27	96.72	0	0	0	0	0	0
1428606775241734210	CPU_0	0	0	1.61	96.77	0	1.61	0	0	0	0
1428606775865112011	CPU_0	0	0	1.61	96.77	0	1.61	0	0	0	0
1428606776497172505	CPU_0	0	0	1.66	98.33	0	0	0	0	0	0
1428606777121213972	CPU_0	0	0	1.61	96.77	0	1.61	0	0	0	0
1428606777745606896	CPU_0	0	0	0	96.77	0	3.22	0	0	0	0
1428606778369682988	CPU_0	0	0	1.66	98.33	0	0	0	0	0	0
1428606779000854192	CPU_0	0	0	1.61	98.38	0	0	0	0	0	0
1428606779625288159	CPU_0	0	0	1.63	96.72	0	1.63	0	0	0	0
1428606780248955126	CPU_0	0	0	1.63	98.36	0	0	0	0	0	0
1428606780872745511	CPU_0	0	0	1.61	96.77	0	1.61	0	0	0	0
1428606781505515754	CPU_0	1.63	0	1.63	95.08	0	1.63	0	0	0	0
1428606782129979554	CPU_0	0	0	0	100.00	0	0	0	0	0	0
1428606782754407520	CPU_0	0	0	0	98.33	0	1.66	0	0	0	0
1428606783378549946	CPU_0	0	0	1.61	96.77	0	1.61	0	0	0	0
1428606784002668246	CPU_0	0	0	0	100.00	0	0	0	0	0	0
1428606784633964034	CPU_0	0	0	1.61	96.77	0	1.61	0	0	0	0
1428606785257473086	CPU_0	0	0	0	93.75	0	1.56	4.68	0	0	0
1428606785882110385	CPU_0	0	0	0	100.00	0	0	0	0	0	0
1428606786506679310	CPU_0	0	0	3.27	95.08	0	1.63	0	0	0	0
1428606787138510681	CPU_0	0	0	1.58	96.82	0	1.58	0	0	0	0
1428606787763065273	CPU_0	0	0	1.53	90.76	0	7.69	0	0	0	0
1428606788387693781	CPU_0	0	0	1.63	98.36	0	0	0	0	0	0
1428606789012619622	CPU_0	0	0	3.22	96.77	0	0	0	0	0	0
1428606789643865035	CPU_0	0	0	1.63	98.36	0	0	0	0	0	0
1428606790268109378	CPU_0	0	0	1.66	98.33	0	0	0	0	0	0
1428606790892964053	CPU_0	0	0	1.63	98.36	0	0	0	0	0	0
1428606791518504643	CPU_0	0	0	3.27	96.72	0	0	0	0	0	0
1428606792142811944	CPU_0	0	0	1.63	98.36	0	0	0	0	0	0
1428606792774088983	CPU_0	0	0	1.61	96.77	0	1.61	0	0	0	0
1428606793398038284	CPU_0	0	0	1.61	96.77	0	1.61	0	0	0	0
1428606794022976667	CPU_0	0	0	0	100.00	0	0	0	0	0	0
1428606794646966302	CPU_0	0	0	0	98.33	0	1.66	0	0	0	0
1428606795277696967	CPU_0	0	0	1.61	96.77	0	1.61	0	0	0	0
1428606795901768186	CPU_0	0	0	1.53	90.76	0	6.15	1.53	0	0	0
1428606796526306403	CPU_0	0	0	3.33	95.00	1.66	0	0	0	0	0
1428606797150695454	CPU_0	0	0	0	100.00	0	0	0	0	0	0
1428606797781121453	CPU_0	0	0	1.63	98.36	0	0	0	0	0	0
1428606798405563963	CPU_0	0	0	1.63	98.36	0	0	0	0	0	0
1428606799030675471	CPU_0	0	0	0	98.36	0	0	1.63	0	0	0
1428606799655099731	CPU_0	0	0	0	98.36	0	1.63	0	0	0	0
1428606800285434647	CPU_0	0	0	0	96.77	0	0	3.22	0	0	0
1428606800912425485	CPU_0	0	0	1.61	96.77	0	1.61	0	0	0	0
1428606801537471119	CPU_0	0	0	1.63	96.72	0	1.63	0	0	0	0
1428606802161979129	CPU_0	0	0	1.63	98.36	0	0	0	0	0	0
1428606802786223514	CPU_0	0	0	1.63	96.72	0	1.63	0	0	0	0
1428606803417982052	CPU_0	0	0	0	98.36	0	1.63	0	0	0	0
1428606804043902977	CPU_0	0	0	1.61	96.77	0	1.61	0	0	0	0
1428606804669167194	CPU_0	0	0	1.51	90.90	0	7.57	0	0	0	0
1428606805293592204	CPU_0	0	0	1.63	98.36	0	0	0	0	0	0
1428606805925184576	CPU_0	0	0	1.63	98.36	0	0	0	0	0	0
1428606806550281002	CPU_0	0	0	6.34	93.65	0	0	0	0	0	0
1428606807175145303	CPU_0	1.63	0	1.63	96.72	0	0	0	0	0	0
1428606807799540272	CPU_0	0	0	3.22	96.77	0	0	0	0	0	0
1428606808430181646	CPU_0	0	0	1.61	96.77	0	0	1.61	0	0	0
1428606809054958073	CPU_0	0	0	1.63	98.36	0	0	0	0	0	0
1428606809679190459	CPU_0	0	0	3.12	92.18	0	4.68	0	0	0	0
1428606810303219553	CPU_0	0	0	0	100.00	0	0	0	0	0	0
1428606810927792147	CPU_0	0	0	0	100.00	0	0	0	0	0	0
1428606811559601228	CPU_0	0	0	1.63	96.72	0	0	1.63	0	0	0
1428606812184333363	CPU_0	0	0	1.47	89.70	0	8.82	0	0	0	0
1428606812809284831	CPU_0	8.19	0	6.55	85.24	0	0	0	0	0	0
1428606813434644632	CPU_0	0	0	1.66	98.33	0	0	0	0	0	0
1428606814066591505	CPU_0	0	0	0	100.00	0	0	0	0	0	0
1428606814691545223	CPU_0	0	0	0	98.33	0	0	1.66	0	0	0
1428606815315982984	CPU_0	0	0	0	100.00	0	0	0	0	0	0
1428606815940823661	CPU_0	0	0	3.22	96.77	0	0	0	0	0	0
1428606816572837242	CPU_0	0	0	0	100.00	0	0	0	0	0	0
1428606817197774461	CPU_0	0	0	1.61	98.38	0	0	0	0	0	0
1428606817822013806	CPU_0	0	0	1.61	95.16	0	1.61	1.61	0	0	0
1428606818446646692	CPU_0	0	0	0	98.33	0	1.66	0	0	0	0
1428606819074169906	CPU_0	0	0	1.58	96.82	0	0	1.58	0	0	0
1428606819704748323	CPU_0	0	0	3.22	95.16	0	1.61	0	0	0	0
1428606820329241501	CPU_0	0	0	1.51	90.90	0	7.57	0	0	0	0
1428606820954879968	CPU_0	0	0	0	100.00	0	0	0	0	0	0
1428606821579841104	CPU_0	0	0	3.27	96.72	0	0	0	0	0	0
1428606822211434311	CPU_0	0	0	0	100.00	0	0	0	0	0	0
1428606822836396030	CPU_0	0	0	1.63	98.36	0	0	0	0	0	0
1428606823461951373	CPU_0	0	0	1.66	98.33	0	0	0	0	0	0
1428606824086163136	CPU_0	0	0	1.61	96.77	0	0	1.61	0	0	0
1428606824717888843	CPU_0	0	0	4.68	93.75	0	1.56	0	0	0	0
1428606825342221855	CPU_0	0	0	0	98.36	0	0	1.63	0	0	0
1428606825967377074	CPU_0	0	0	1.63	96.72	0	1.63	0	0	0	0
1428606826591599044	CPU_0	0	0	1.63	96.72	0	1.63	0	0	0	0
1428606827221711796	CPU_0	0	0	0	100.00	0	0	0	0	0	0
1428606827846235642	CPU_0	0	0	0	98.36	0	1.63	0	0	0	0
1428606828471334278	CPU_0	0	0	0	96.72	0	1.63	1.63	0	0	0
1428606829095207666	CPU_0	0	0	1.61	98.38	0	0	0	0	0	0
1428606829719617636	CPU_0	0	0	1.63	96.72	0	1.63	0	0	0	0
1428606830350434304	CPU_0	0	0	1.56	93.75	0	4.68	0	0	0	0
1428606830976266647	CPU_0	0	0	3.22	96.77	0	0	0	0	0	0
1428606831600945159	CPU_0	0	0	1.69	98.30	0	0	0	0	0	0
1428606832225777046	CPU_0	0	0	1.63	98.36	0	0	0	0	0	0
1428606832856577964	CPU_0	0	0	1.42	87.14	0	7.14	4.28	0	0	0
1428606833481955475	CPU_0	0	0	1.66	98.33	0	0	0	0	0	0
1428606834105914697	CPU_0	0	0	0	100.00	0	0	0	0	0	0
1428606834730559417	CPU_0	0	0	0	100.00	0	0	0	0	0	0
1428606835361720668	CPU_0	0	0	1.63	98.36	0	0	0	0	0	0
1428606835987737095	CPU_0	0	0	1.63	98.36	0	0	0	0	0	0
1428606836612560607	CPU_0	0	0	1.49	88.05	1.49	8.95	0	0	0	0
1428606837237255203	CPU_0	0	0	1.63	98.36	0	0	0	0	0	0
1428606837868078121	CPU_0	0	0	1.63	98.36	0	0	0	0	0	0
1428606838496621585	CPU_0	0	0	1.66	98.33	0	0	0	0	0	0
1428606839120962056	CPU_0	0	0	0	100.00	0	0	0	0	0	0
1428606839745736652	CPU_0	0	0	1.63	98.36	0	0	0	0	0	0
1428606840370637540	CPU_0	0	0	1.63	98.36	0	0	0	0	0	0
1428606841002708872	CPU_0	0	0	1.63	98.36	0	0	0	0	0	0
1428606841627693343	CPU_0	0	0	3.33	96.66	0	0	0	0	0	0
1428606842252472189	CPU_0	0	0	4.41	88.23	0	0	7.35	0	0	0
1428606842877472285	CPU_0	0	0	1.63	96.72	0	1.63	0	0	0	0
1428606843510215033	CPU_0	1.56	0	1.56	93.75	0	3.12	0	0	0	0
1428606844135681753	CPU_0	0	0	0	100.00	0	0	0	0	0	0
1428606844760851557	CPU_0	0	0	1.66	98.33	0	0	0	0	0	0
1428606845385618320	CPU_0	0	0	0	98.36	0	1.63	0	0	0	0
1428606846018263153	CPU_0	0	0	0	100.00	0	0	0	0	0	0
1428606846644003247	CPU_0	0	0	1.63	96.72	0	1.63	0	0	0	0
1428606847269889800	CPU_0	0	0	1.61	96.77	0	1.61	0	0	0	0
1428606847895160229	CPU_0	0	0	1.63	98.36	0	0	0	0	0	0
1428606848523788069	CPU_0	0	0	1.61	96.77	0	1.61	0	0	0	0
1428606849153600865	CPU_0	0	0	1.61	96.77	0	1.61	0	0	0	0
1428606849779071460	CPU_0	0	0	1.63	96.72	0	1.63	0	0	0	0
1428606850404588639	CPU_0	0	0	1.63	98.36	0	0	0	0	0	0
1428606851031082858	CPU_0	0	0	0	98.36	0	1.63	0	0	0	0
1428606851663587983	CPU_0	0	0	1.61	96.77	0	1.61	0	0	0	0
1428606852289333203	CPU_0	0	0	1.63	98.36	0	0	0	0	0	0
1428606852914660799	CPU_0	0	0	1.61	96.77	0	1.61	0	0	0	0
1428606853541049101	CPU_0	0	0	1.63	96.72	0	1.63	0	0	0	0
1428606854173346102	CPU_0	0	0	0	100.00	0	0	0	0	0	0
1428606854799176822	CPU_0	0	0	1.63	96.72	0	1.63	0	0	0	0
1428606855424391835	CPU_0	0	0	1.61	96.77	0	1.61	0	0	0	0
1428606856051035512	CPU_0	0	0	1.66	98.33	0	0	0	0	0	0
1428606856683542596	CPU_0	0	0	1.61	96.77	0	1.61	0	0	0	0
1428606857309422483	CPU_0	0	0	1.63	96.72	0	1.63	0	0	0	0
1428606857935245620	CPU_0	0	0	1.58	93.65	0	1.58	3.17	0	0	0
1428606858561867923	CPU_0	0	0	1.63	98.36	0	0	0	0	0	0
1428606859194434631	CPU_0	0	0	0	98.38	0	1.61	0	0	0	0
1428606859822992847	CPU_0	0	0	1.61	96.77	0	1.61	0	0	0	0
1428606860448885484	CPU_0	0	0	0	100.00	0	0	0	0	0	0
1428606861075485787	CPU_0	0	0	1.63	96.72	0	1.63	0	0	0	0
1428606861701566841	CPU_0	1.56	0	4.68	92.18	0	1.56	0	0	0	0
1428606862334073133	CPU_0	0	0	0	96.82	0	0	3.17	0	0	0
1428606862960265145	CPU_0	0	0	0	96.72	0	3.27	0	0	0	0
1428606863586897990	CPU_0	1.66	0	3.33	90.00	0	5.00	0	0	0	0
1428606864212683502	CPU_0	0	0	3.38	94.91	0	1.69	0	0	0	0
1428606864846214793	CPU_0	16.39	0	6.55	68.85	0	6.55	1.63	0	0	0
1428606865472540847	CPU_0	0	0	1.66	98.33	0	0	0	0	0	0
1428606866099339191	CPU_0	0	0	1.58	95.23	1.58	1.58	0	0	0	0
1428606866725277412	CPU_0	0	0	1.66	95.00	0	3.33	0	0	0	0
1428606867358860828	CPU_0	0	0	0	91.04	0	8.95	0	0	0	0
1428606867985168590	CPU_0	0	0	1.66	98.33	0	0	0	0	0	0
1428606868612778642	CPU_0	0	0	1.63	98.36	0	0	0	0	0	0
1428606869238524572	CPU_0	14.51	0	1.61	83.87	0	0	0	0	0	0
1428606869872029697	CPU_0	0	0	1.63	98.36	0	0	0	0	0	0
1428606870497863252	CPU_0	0	0	0	100.00	0	0	0	0	0	0
1428606871125092554	CPU_0	0	0	1.63	96.72	0	0	1.63	0	0	0
1428606871750948567	CPU_0	0	0	0	100.00	0	0	0	0	0	0
1428606872377044580	CPU_0	0	0	0	100.00	0	0	0	0	0	0
1428606873009699790	CPU_0	0	0	1.61	96.77	0	1.61	0	0	0	0
1428606873637572841	CPU_0	0	0	0	100.00	0	0	0	0	0	0
1428606874263379480	CPU_0	0	0	1.56	95.31	0	1.56	1.56	0	0	0
1428606874889594951	CPU_0	0	0	1.56	92.18	0	6.25	0	0	0	0
1428606875522184328	CPU_0	0	0	1.61	98.38	0	0	0	0	0	0
1428606876149319006	CPU_0	0	0	1.66	98.33	0	0	0	0	0	0
1428606876775348853	CPU_0	0	0	1.63	98.36	0	0	0	0	0	0
1428606877401538491	CPU_0	0	0	0	90.90	0	0	9.09	0	0	0
1428606878034443909	CPU_0	0	0	1.63	98.36	0	0	0	0	0	0
1428606878661627296	CPU_0	0	0	1.61	96.77	0	1.61	0	0	0	0
1428606879287891225	CPU_0	0	0	6.34	93.65	0	0	0	0	0	0
1428606879914649071	CPU_0	0	0	1.61	96.77	0	1.61	0	0	0	0
1428606880547282323	CPU_0	0	0	1.61	96.77	0	1.61	0	0	0	0
1428606881174490002	CPU_0	0	0	1.61	96.77	0	1.61	0	0	0	0
1428606881801004223	CPU_0	0	0	0	95.23	0	4.76	0	0	0	0
1428606882427567194	CPU_0	0	0	1.63	98.36	0	0	0	0	0	0
1428606883061341236	CPU_0	0	0	0	100.00	0	0	0	0	0	0
1428606883691617326	CPU_0	0	0	1.63	98.36	0	0	0	0	0	0
1428606884318132381	CPU_0	0	0	1.61	98.38	0	0	0	0	0	0
1428606884945259185	CPU_0	0	0	0	98.33	0	1.66	0	0	0	0
1428606885572154864	CPU_0	1.58	0	3.17	93.65	0	1.58	0	0	0	0
1428606886206404697	CPU_0	0	0	3.27	96.72	0	0	0	0	0	0
1428606886832692211	CPU_0	0	0	1.58	95.23	0	3.17	0	0	0	0
1428606887459952598	CPU_0	0	0	1.63	98.36	0	0	0	0	0	0
1428606888087201277	CPU_0	0	0	1.63	98.36	0	0	0	0	0	0
1428606888721406818	CPU_0	0	0	0	98.36	0	1.63	0	0	0	0
1428606889347711832	CPU_0	0	0	1.56	93.75	0	4.68	0	0	0	0
1428606889974801887	CPU_0	0	0	1.63	98.36	0	0	0	0	0	0
1428606890601799566	CPU_0	0	0	1.66	98.33	0	0	0	0	0	0
1428606891236093608	CPU_0	1.63	0	1.63	96.72	0	0	0	0	0	0
1428606891862825830	CPU_0	0	0	1.61	96.77	0	1.61	0	0	0	0
1428606892490130301	CPU_0	0	0	0	98.36	0	1.63	0	0	0	0
1428606893117420480	CPU_0	0	0	0	98.33	0	1.66	0	0	0	0
1428606893751249439	CPU_0	0	0	0	100.00	0	0	0	0	0	0
1428606894377499912	CPU_0	0	0	1.56	92.18	0	6.25	0	0	0	0
1428606895004996924	CPU_0	0	0	0	100.00	0	0	0	0	0	0
1428606895632099188	CPU_0	0	0	1.63	96.72	0	0	1.63	0	0	0
1428606896260860198	CPU_0	0	0	1.63	98.36	0	0	0	0	0	0
1428606896891541288	CPU_0	0	0	1.51	89.39	0	9.09	0	0	0	0
1428606897518937926	CPU_0	0	0	4.68	93.75	0	0	1.56	0	0	0
1428606898146084481	CPU_0	0	0	0	100.00	0	0	0	0	0	0
1428606898773168661	CPU_0	0	0	1.63	98.36	0	0	0	0	0	0
1428606899406753371	CPU_0	0	0	0	100.00	0	0	0	0	0	0
1428606900034751550	CPU_0	0	0	1.63	98.36	0	0	0	0	0	0
1428606900662612645	CPU_0	0	0	1.66	98.33	0	0	0	0	0	0
1428606901289964908	CPU_0	1.66	0	1.66	96.66	0	0	0	0	0	0
1428606901924168868	CPU_0	0	0	0	95.31	0	0	4.68	0	0	0
1428606902551417548	CPU_0	0	0	3.22	95.16	0	1.61	0	0	0	0
1428606903179716601	CPU_0	0	0	0	98.33	0	1.66	0	0	0	0
1428606903806309866	CPU_0	0	0	1.61	98.38	0	0	0	0	0	0
1428606904440170784	CPU_0	0	0	1.49	89.55	0	8.95	0	0	0	0
1428606905067234090	CPU_0	0	0	1.63	98.36	0	0	0	0	0	0
1428606905695029811	CPU_0	0	0	1.63	98.36	0	0	0	0	0	0
1428606906322330991	CPU_0	0	0	3.27	96.72	0	0	0	0	0	0
1428606906955244204	CPU_0	0	0	0	100.00	0	0	0	0	0	0
1428606907582650717	CPU_0	0	0	1.66	98.33	0	0	0	0	0	0
1428606908210106314	CPU_0	0	0	1.61	98.38	0	0	0	0	0	0
1428606908836996995	CPU_0	0	0	0	100.00	0	0	0	0	0	0
1428606909464816758	CPU_0	1.61	0	1.61	95.16	0	1.61	0	0	0	0
1428606910097459471	CPU_0	0	0	0	100.00	0	0	0	0	0	0
1428606910724718860	CPU_0	0	0	1.61	96.77	0	1.61	0	0	0	0
1428606911351542500	CPU_0	0	0	1.56	93.75	0	3.12	1.56	0	0	0
1428606911978239932	CPU_0	0	0	0	100.00	0	0	0	0	0	0
1428606912612255893	CPU_0	0	0	1.61	96.77	0	1.61	0	0	0	0
1428606913238660534	CPU_0	0	0	1.63	98.36	0	0	0	0	0	0
1428606913865350091	CPU_0	0	0	0	90.90	0	9.09	0	0	0	0
1428606914492117898	CPU_0	0	0	1.63	98.36	0	0	0	0	0	0
1428606915126315817	CPU_0	0	0	3.17	95.23	0	0	1.58	0	0	0
1428606915753945664	CPU_0	0	0	1.66	98.33	0	0	0	0	0	0
1428606916380873179	CPU_0	0	0	3.17	93.65	1.58	0	1.58	0	0	0
1428606917008126319	CPU_0	0	0	0	100.00	0	0	0	0	0	0
1428606917643422402	CPU_0	0	0	1.61	98.38	0	0	0	0	0	0
1428606918270665334	CPU_0	0	0	1.69	98.30	0	0	0	0	0	0
1428606918897550058	CPU_0	0	0	0	100.00	0	0	0	0	0	0
1428606919525313905	CPU_0	0	0	1.49	91.04	0	1.49	5.97	0	0	0
1428606920159440616	CPU_0	0	0	0	100.00	0	0	0	0	0	0
1428606920786857881	CPU_0	0	0	1.63	95.08	0	3.27	0	0	0	0
1428606921414447395	CPU_0	0	0	0	100.00	0	0	0	0	0	0
1428606922041893993	CPU_0	0	0	0	98.36	0	1.63	0	0	0	0
1428606922672816002	CPU_0	0	0	3.22	95.16	0	1.61	0	0	0	0
1428606923303046179	CPU_0	0	0	0	100.00	0	0	0	0	0	0
1428606923930692943	CPU_0	0	0	0	98.36	0	1.63	0	0	0	0
1428606924558163958	CPU_0	0	0	1.61	96.77	0	1.61	0	0	0	0
1428606925186203222	CPU_0	0	0	1.63	98.36	0	0	0	0	0	0
1428606925820723266	CPU_0	0	0	1.61	96.77	0	1.61	0	0	0	0
1428606926448141698	CPU_0	0	0	0	98.36	0	1.63	0	0	0	0
1428606927076204795	CPU_0	0	0	3.17	95.23	0	1.58	0	0	0	0
1428606927704505059	CPU_0	1.63	0	1.63	96.72	0	0	0	0	0	0
1428606928339432728	CPU_0	0	0	0	98.38	0	1.61	0	0	0	0
1428606928966783410	CPU_0	0	0	1.61	95.16	0	3.22	0	0	0	0
1428606929594248759	CPU_0	0	0	0	100.00	0	0	0	0	0	0
1428606930222046607	CPU_0	0	0	0	100.00	0	0	0	0	0	0
1428606930856787859	CPU_0	0	0	0	98.33	0	1.66	0	0	0	0
1428606931484841874	CPU_0	0	0	1.63	98.36	0	0	0	0	0	0
1428606932113322429	CPU_0	0	0	1.61	96.77	0	1.61	0	0	0	0
1428606932742393067	CPU_0	0	0	1.61	96.77	0	1.61	0	0	0	0
1428606933376951987	CPU_0	4.54	0	3.03	86.36	0	4.54	1.51	0	0	0
1428606934004909502	CPU_0	0	0	0	100.00	0	0	0	0	0	0
1428606934633340974	CPU_0	0	0	0	100.00	0	0	0	0	0	0
1428606935261640030	CPU_0	0	0	1.66	98.33	0	0	0	0	0	0
1428606935895581326	CPU_0	0	0	1.51	92.42	0	3.03	3.03	0	0	0
1428606936523246383	CPU_0	0	0	0	100.00	0	0	0	0	0	0
1428606937151849022	CPU_0	0	0	1.61	96.77	0	1.61	0	0	0	0
1428606937779395788	CPU_0	0	0	1.63	98.36	0	0	0	0	0	0
1428606938408785676	CPU_0	0	0	1.61	96.77	0	1.61	0	0	0	0
1428606939041321183	CPU_0	0	0	1.61	96.77	0	1.61	0	0	0	0
1428606939669406657	CPU_0	0	0	0	100.00	0	0	0	0	0	0
1428606940296501173	CPU_0	0	0	1.63	96.72	0	1.63	0	0	0	0
1428606940923699732	CPU_0	0	0	0	96.77	0	1.61	1.61	0	0	0
1428606941557597904	CPU_0	0	0	1.61	98.38	0	0	0	0	0	0
1428606942185793002	CPU_0	0	0	0	98.36	0	1.63	0	0	0	0
1428606942812908394	CPU_0	0	0	0	98.33	0	1.66	0	0	0	0
1428606943440192744	CPU_0	0	0	1.47	88.23	0	0	10.29	0	0	0
1428606944074372957	CPU_0	0	0	1.56	95.31	0	3.12	0	0	0	0
1428606944702856055	CPU_0	0	0	0	100.00	0	0	0	0	0	0
1428606945330282322	CPU_0	1.63	0	1.63	96.72	0	0	0	0	0	0
1428606945957856714	CPU_0	0	0	0	96.77	0	3.22	0	0	0	0
1428606946592322301	CPU_0	0	0	0	100.00	0	0	0	0	0	0
1428606947220988399	CPU_0	0	0	3.22	95.16	0	1.61	0	0	0	0
1428606947850120288	CPU_0	0	0	0	100.00	0	0	0	0	0	0
1428606948477860471	CPU_0	0	0	3.03	90.90	0	6.06	0	0	0	0
1428606949112794684	CPU_0	0	0	1.61	98.38	0	0	0	0	0	0
1428606949741381824	CPU_0	0	0	1.63	98.36	0	0	0	0	0	0
1428606950369891797	CPU_0	0	0	4.76	95.23	0	0	0	0	0	0
1428606950997177815	CPU_0	0	0	1.63	98.36	0	0	0	0	0	0
1428606951632865442	CPU_0	0	0	3.22	95.16	0	1.61	0	0	0	0
1428606952261954707	CPU_0	0	0	1.61	98.38	0	0	0	0	0	0
1428606952889468807	CPU_0	0	0	0	98.33	0	1.66	0	0	0	0
1428606953516676158	CPU_0	0	0	0	98.36	0	1.63	0	0	0	0
1428606954144639925	CPU_0	0	0	1.63	98.36	0	0	0	0	0	0
1428606954779034638	CPU_0	0	0	1.58	96.82	0	1.58	0	0	0	0
1428606955406813322	CPU_0	0	0	1.63	96.72	0	1.63	0	0	0	0
1428606956034359214	CPU_0	0	0	0	100.00	0	0	0	0	0	0
1428606956662041357	CPU_0	0	0	3.12	92.18	0	4.68	0	0	0	0
1428606957296461487	CPU_0	0	0	1.63	98.36	0	0	0	0	0	0
1428606957923574422	CPU_0	0	0	3.22	96.77	0	0	0	0	0	0
1428606958551083023	CPU_0	0	0	1.63	98.36	0	0	0	0	0	0
1428606959179463956	CPU_0	0	0	0	93.75	0	6.25	0	0	0	0
1428606959814418627	CPU_0	0	0	3.22	96.77	0	0	0	0	0	0
1428606960441918103	CPU_0	0	0	1.63	98.36	0	0	0	0	0	0
1428606961069259663	CPU_0	1.63	0	1.63	96.72	0	0	0	0	0	0
1428606961698201762	CPU_0	0	0	3.27	95.08	1.63	0	0	0	0	0
1428606962333389517	CPU_0	0	0	0	98.38	0	1.61	0	0	0	0
1428606962961704867	CPU_0	0	0	0	98.33	0	1.66	0	0	0	0
1428606963589020552	CPU_0	0	0	1.63	96.72	0	1.63	0	0	0	0
1428606964218752066	CPU_0	0	0	1.61	98.38	0	0	0	0	0	0
1428606964854276445	CPU_0	0	0	2.89	86.95	0	1.44	8.69	0	0	0
1428606965483115628	CPU_0	0	0	0	98.36	0	1.63	0	0	0	0
1428606966111419811	CPU_0	0	0	1.63	98.36	0	0	0	0	0	0
1428606966740630201	CPU_0	0	0	1.63	96.72	0	1.63	0	0	0	0
1428606967374847583	CPU_0	0	0	0	96.82	0	3.17	0	0	0	0
1428606968002498060	CPU_0	0	0	3.22	96.77	0	0	0	0	0	0
1428606968630937493	CPU_0	0	0	3.22	96.77	0	0	0	0	0	0
1428606969259803676	CPU_0	1.61	0	0	96.77	0	1.61	0	0	0	0
1428606969890083523	CPU_0	0	0	1.61	96.77	0	1.61	0	0	0	0
1428606970523547740	CPU_0	0	0	0	100.00	0	0	0	0	0	0
1428606971151921049	CPU_0	0	0	1.63	95.08	0	3.27	0	0	0	0
1428606971781529105	CPU_0	0	0	1.63	98.36	0	0	0	0	0	0
1428606972409722373	CPU_0	0	0	0	98.36	0	1.63	0	0	0	0
1428606973044482879	CPU_0	0	0	0	98.36	0	1.63	0	0	0	0
1428606973672626855	CPU_0	0	0	1.63	98.36	0	0	0	0	0	0
1428606974301507247	CPU_0	0	0	0	91.04	0	8.95	0	0	0	0
1428606974930151722	CPU_0	0	0	3.27	96.72	0	0	0	0	0	0
1428606975564874604	CPU_0	0	0	1.63	98.36	0	0	0	0	0	0
1428606976193361996	CPU_0	0	0	0	100.00	0	0	0	0	0	0
1428606976822099430	CPU_0	0	0	1.63	98.36	0	0	0	0	0	0
1428606977450662905	CPU_0	0	0	1.63	98.36	0	0	0	0	0	0
1428606978085778745	CPU_0	0	0	1.63	98.36	0	0	0	0	0	0
1428606978715076219	CPU_0	0	0	1.63	98.36	0	0	0	0	0	0
1428606979343085029	CPU_0	1.63	0	1.63	95.08	0	1.63	0	0	0	0
1428606979972391837	CPU_0	0	0	0	100.00	0	0	0	0	0	0
1428606980608048509	CPU_0	0	0	0	98.38	0	1.61	0	0	0	0
1428606981238290024	CPU_0	0	0	1.66	96.66	0	1.66	0	0	0	0
1428606981866571917	CPU_0	0	0	0	96.82	0	3.17	0	0	0	0
1428606982495638851	CPU_0	0	0	1.63	98.36	0	0	0	0	0	0
1428606983130856732	CPU_0	3.17	0	0	92.06	0	0	4.76	0	0	0
1428606983761298580	CPU_0	0	0	0	93.22	0	6.77	0	0	0	0
1428606984389545890	CPU_0	0	0	3.38	93.22	0	3.38	0	0	0	0
1428606985018904448	CPU_0	13.11	0	6.55	77.04	0	3.27	0	0	0	0
1428606985654602787	CPU_0	0	0	1.58	96.82	0	1.58	0	0	0	0
1428606986284545845	CPU_0	0	0	0	98.33	0	1.66	0	0	0	0
1428606986912793613	CPU_0	0	0	3.27	96.72	0	0	0	0	0	0
1428606987542075172	CPU_0	0	0	2.98	89.55	0	7.46	0	0	0	0
1428606988176804888	CPU_0	0	0	0	100.00	0	0	0	0	0	0
1428606988809728774	CPU_0	0	0	1.63	98.36	0	0	0	0	0	0
1428606989438515750	CPU_0	14.75	0	3.27	81.96	0	0	0	0	0	0
1428606990068275391	CPU_0	0	0	0	100.00	0	0	0	0	0	0
1428606990696768785	CPU_0	0	0	0	100.00	0	0	0	0	0	0
1428606991333216540	CPU_0	0	0	3.12	92.18	1.56	3.12	0	0	0	0
1428606991961465309	CPU_0	0	0	0	98.38	0	0	1.61	0	0	0
1428606992590435868	CPU_0	0	0	1.63	98.36	0	0	0	0	0	0
1428606993218784387	CPU_0	0	0	0	93.65	0	1.58	4.76	0	0	0
1428606993855612392	CPU_0	0	0	1.51	92.42	0	6.06	0	0	0	0
1428606994483867494	CPU_0	0	0	1.63	98.36	0	0	0	0	0	0
1428606995112465721	CPU_0	0	0	1.63	98.36	0	0	0	0	0	0
1428606995741738739	CPU_0	0	0	1.63	98.36	0	0	0	0	0	0
1428606996377948411	CPU_0	0	0	1.63	98.36	0	0	0	0	0	0
1428606997007092554	CPU_0	0	0	1.63	96.72	0	1.63	0	0	0	0
1428606997636407364	CPU_0	0	0	1.63	98.36	0	0	0	0	0	0
1428606998266115047	CPU_0	0	0	1.58	96.82	0	1.58	0	0	0	0
1428606998901519930	CPU_0	0	0	1.61	96.77	0	1.61	0	0	0	0
1428606999530523948	CPU_0	1.61	0	1.61	95.16	0	1.61	0	0	0	0
1428607000160463923	CPU_0	0	0	3.17	96.82	0	0	0	0	0	0
1428607000790946481	CPU_0	0	0	0	98.33	0	1.66	0	0	0	0
1428607001427329653	CPU_0	0	0	1.58	96.82	0	1.58	0	0	0	0
1428607002056339255	CPU_0	0	0	1.58	95.23	0	0	3.17	0	0	0
1428607002686241856	CPU_0	0	0	1.61	96.77	0	1.61	0	0	0	0
1428607003316762830	CPU_0	0	0	1.58	95.23	0	3.17	0	0	0	0
1428607003952079588	CPU_0	0	0	1.61	98.38	0	0	0	0	0	0
1428607004581166607	CPU_0	0	0	4.76	95.23	0	0	0	0	0	0
1428607005211051749	CPU_0	0	0	3.17	95.23	0	1.58	0	0	0	0
1428607005841062683	CPU_0	0	0	0	98.33	0	1.66	0	0	0	0
1428607006476801565	CPU_0	1.53	0	1.53	93.84	0	3.07	0	0	0	0
1428607007108469454	CPU_0	0	0	3.27	96.72	0	0	0	0	0	0
1428607007738147806	CPU_0	0	0	1.61	98.38	0	0	0	0	0	0
1428607008367457116	CPU_0	0	0	0	96.77	0	3.22	0	0	0	0
1428607008996880760	CPU_0	0	0	1.63	98.36	0	0	0	0	0	0
1428607009631741685	CPU_0	0	0	0	100.00	0	0	0	0	0	0
1428607010262125994	CPU_0	0	0	3.12	93.75	0	1.56	1.56	0	0	0
1428607010890647847	CPU_0	0	0	1.63	98.36	0	0	0	0	0	0
1428607011519501575	CPU_0	0	0	3.17	93.65	0	3.17	0	0	0	0
1428607012155708916	CPU_0	0	0	0	100.00	0	0	0	0	0	0
1428607012786489724	CPU_0	0	0	1.61	96.77	0	0	1.61	0	0	0
1428607013415688743	CPU_0	0	0	1.56	93.75	0	4.68	0	0	0	0
1428607014044980012	CPU_0	0	0	1.63	98.36	0	0	0	0	0	0
1428607014681253019	CPU_0	0	0	1.61	98.38	0	0	0	0	0	0
1428607015311730078	CPU_0	0	0	3.22	96.77	0	0	0	0	0	0
1428607015940702389	CPU_0	0	0	0	96.77	0	1.61	1.61	0	0	0
1428607016570055325	CPU_0	0	0	3.22	95.16	0	1.61	0	0	0	0
1428607017206612207	CPU_0	0	0	1.56	95.31	0	3.12	0	0	0	0
1428607017837463515	CPU_0	0	0	1.61	98.38	0	0	0	0	0	0
1428607018466869951	CPU_0	0	0	0	100.00	0	0	0	0	0	0
1428607019096548429	CPU_0	0	0	1.53	93.84	0	3.07	1.53	0	0	0
1428607019733115185	CPU_0	0	0	3.22	96.77	0	0	0	0	0	0
1428607020363234620	CPU_0	0	0	1.61	98.38	0	0	0	0	0	0
1428607020991689183	CPU_0	0	0	0	98.36	0	1.63	0	0	0	0
1428607021620790287	CPU_0	1.58	0	4.76	92.06	0	0	1.58	0	0	0
1428607022256949336	CPU_0	0	0	6.06	92.42	0	1.51	0	0	0	0
1428607022887235271	CPU_0	0	0	0	98.33	0	1.66	0	0	0	0
1428607023515944833	CPU_0	0	0	1.58	95.23	0	3.17	0	0	0	0
1428607024144676479	CPU_0	0	0	1.61	98.38	0	0	0	0	0	0
1428607024780708821	CPU_0	0	0	1.58	95.23	0	0	3.17	0	0	0
1428607025409442300	CPU_0	0	0	0	100.00	0	0	0	0	0	0
1428607026038658154	CPU_0	0	0	2.94	88.23	0	8.82	0	0	0	0
1428607026667695300	CPU_0	0	0	1.63	98.36	0	0	0	0	0	0
1428607027303797475	CPU_0	0	0	1.61	98.38	0	0	0	0	0	0
1428607027935918698	CPU_0	0	0	0	100.00	0	0	0	0	0	0
1428607028566034800	CPU_0	0	0	1.63	98.36	0	0	0	0	0	0
1428607029195700570	CPU_0	0	0	3.27	96.72	0	0	0	0	0	0
1428607029826065964	CPU_0	0	0	0	100.00	0	0	0	0	0	0
1428607030461770806	CPU_0	0	0	3.17	96.82	0	0	0	0	0	0
1428607031092341450	CPU_0	0	0	3.12	92.18	0	3.12	1.56	0	0	0
1428607031722384011	CPU_0	0	0	3.22	96.77	0	0	0	0	0	0
1428607032352746488	CPU_0	0	0	0	98.38	0	1.61	0	0	0	0
1428607032989013330	CPU_0	0	0	1.61	96.77	0	1.61	0	0	0	0
1428607033618821808	CPU_0	0	0	1.61	96.77	0	1.61	0	0	0	0
1428607034248097120	CPU_0	0	0	0	98.36	0	0	1.63	0	0	0
1428607034878210890	CPU_0	0	0	0	98.36	0	1.63	0	0	0	0
1428607035514946189	CPU_0	0	0	1.61	96.77	0	1.61	0	0	0	0
1428607036144223127	CPU_0	0	0	1.63	98.36	0	0	0	0	0	0
1428607036773568814	CPU_0	0	0	1.49	89.55	1.49	2.98	4.47	0	0	0
1428607037404082083	CPU_0	0	0	0	100.00	0	0	0	0	0	0
1428607038040224176	CPU_0	0	0	1.56	95.31	0	3.12	0	0	0	0
1428607038669633238	CPU_0	0	0	0	100.00	0	0	0	0	0	0
1428607039299248259	CPU_0	0	0	1.66	98.33	0	0	0	0	0	0
1428607039929192488	CPU_0	0	0	3.12	95.31	0	1.56	0	0	0	0
1428607040565472663	CPU_0	0	0	4.91	95.08	0	0	0	0	0	0
1428607041194622560	CPU_0	0	0	3.12	93.75	0	3.12	0	0	0	0
1428607041824976455	CPU_0	0	0	0	100.00	0	0	0	0	0	0
1428607042454153768	CPU_0	0	0	1.61	96.77	0	1.61	0	0	0	0
1428607043090606610	CPU_0	0	0	1.63	98.36	0	0	0	0	0	0
1428607043720354381	CPU_0	0	0	1.61	96.77	0	1.61	0	0	0	0
1428607044350364401	CPU_0	0	0	0	96.82	0	3.17	0	0	0	0
1428607044980480630	CPU_0	0	0	1.63	98.36	0	0	0	0	0	0
1428607045617488430	CPU_0	0	0	1.56	95.31	0	0	3.12	0	0	0
1428607046247421701	CPU_0	0	0	1.61	96.77	0	1.61	0	0	0	0
1428607046878135178	CPU_0	0	0	1.61	96.77	0	1.61	0	0	0	0
1428607047507441992	CPU_0	0	0	3.22	96.77	0	0	0	0	0	0
1428607048143761960	CPU_0	0	0	1.58	96.82	0	1.58	0	0	0	0
1428607048773275690	CPU_0	0	0	1.63	98.36	0	0	0	0	0	0
1428607049404210709	CPU_0	0	0	1.56	93.75	0	4.68	0	0	0	0
1428607050033361690	CPU_0	0	0	1.63	98.36	0	0	0	0	0	0
1428607050670859864	CPU_0	0	0	1.61	98.38	0	0	0	0	0	0
1428607051299894678	CPU_0	0	0	1.61	96.77	0	1.61	0	0	0	0
1428607051930492407	CPU_0	0	0	3.22	95.16	0	0	1.61	0	0	0
1428607052559631554	CPU_0	0	0	0	98.38	0	1.61	0	0	0	0
1428607053191728988	CPU_0	6.55	0	1.63	91.80	0	0	0	0	0	0
1428607053826559918	CPU_0	0	0	0	98.38	0	1.61	0	0	0	0
1428607054457394854	CPU_0	0	0	0	90.90	0	9.09	0	0	0	0
1428607055085883170	CPU_0	0	0	3.27	95.08	0	0	1.63	0	0	0
1428607055715353817	CPU_0	0	0	1.61	98.38	0	0	0	0	0	0
1428607056350858329	CPU_0	0	0	1.61	98.38	0	0	0	0	0	0
1428607056980181560	CPU_0	0	0	1.66	98.33	0	0	0	0	0	0
1428607057609267999	CPU_0	0	0	4.76	95.23	0	0	0	0	0	0
1428607058239125730	CPU_0	0	0	1.53	92.30	0	0	6.15	0	0	0
1428607058874963783	CPU_0	0	0	0	100.00	0	0	0	0	0	0
1428607059504999554	CPU_0	0	0	3.17	95.23	0	1.58	0	0	0	0
1428607060133701870	CPU_0	0	0	1.61	96.77	0	1.61	0	0	0	0
1428607060764075849	CPU_0	0	0	0	96.82	0	3.17	0	0	0	0
1428607061401707899	CPU_0	0	0	1.63	98.36	0	0	0	0	0	0
1428607062032059379	CPU_0	0	0	1.63	98.36	0	0	0	0	0	0
1428607062661509735	CPU_0	0	0	1.61	98.38	0	0	0	0	0	0
1428607063292220089	CPU_0	0	0	1.61	96.77	0	1.61	0	0	0	0
1428607063929871014	CPU_0	0	0	1.53	93.84	0	4.61	0	0	0	0
1428607064559719912	CPU_0	0	0	1.63	98.36	0	0	0	0	0	0
1428607065189479434	CPU_0	1.61	0	3.22	95.16	0	0	0	0	0	0
1428607065819609456	CPU_0	0	0	1.61	98.38	0	0	0	0	0	0
1428607066457187882	CPU_0	0	0	3.17	95.23	0	1.58	0	0	0	0
1428607067087158362	CPU_0	0	0	0	100.00	0	0	0	0	0	0
1428607067717148135	CPU_0	0	0	1.61	96.77	0	1.61	0	0	0	0
1428607068347773448	CPU_0	0	0	0	98.36	0	1.63	0	0	0	0
1428607068985778331	CPU_0	0	0	3.17	96.82	0	0	0	0	0	0
1428607069616013270	CPU_0	0	0	1.61	96.77	0	1.61	0	0	0	0
1428607070245440627	CPU_0	0	0	1.58	96.82	0	1.58	0	0	0	0
1428607070876426773	CPU_0	0	0	0	98.36	0	0	1.63	0	0	0
1428607071513154242	CPU_0	0	0	3.22	95.16	0	1.61	0	0	0	0
1428607072143253431	CPU_0	0	0	1.58	96.82	0	1.58	0	0	0	0
1428607072773031787	CPU_0	0	0	0	100.00	0	0	0	0	0	0
1428607073403715017	CPU_0	0	0	1.63	96.72	0	1.63	0	0	0	0
1428607074039616988	CPU_0	0	0	1.56	95.31	0	1.56	1.56	0	0	0
1428607074669613636	CPU_0	0	0	1.61	96.77	0	1.61	0	0	0	0
1428607075299290451	CPU_0	0	0	7.46	89.55	0	2.98	0	0	0	0
1428607075930199348	CPU_0	0	0	1.66	98.33	0	0	0	0	0	0
1428607076566119694	CPU_0	0	0	2.98	91.04	1.49	0	4.47	0	0	0
1428607077199849460	CPU_0	1.61	0	0	96.77	0	1.61	0	0	0	0
1428607077830512482	CPU_0	0	0	1.56	93.75	0	4.68	0	0	0	0
1428607078461729336	CPU_0	0	0	1.61	98.38	0	0	0	0	0	0
1428607079091588360	CPU_0	0	0	1.63	98.36	0	0	0	0	0	0
1428607079727832331	CPU_0	0	0	0	100.00	0	0	0	0	0	0
1428607080357384980	CPU_0	0	0	1.63	98.36	0	0	0	0	0	0
1428607080988291085	CPU_0	0	0	3.17	95.23	0	1.58	0	0	0	0
1428607081618439566	CPU_0	1.61	0	3.22	95.16	0	0	0	0	0	0
1428607082255096953	CPU_0	0	0	0	98.36	0	1.63	0	0	0	0
1428607082886374641	CPU_0	0	0	0	98.38	0	1.61	0	0	0	0
1428607083516571623	CPU_0	0	0	1.63	98.36	0	0	0	0	0	0
1428607084146762271	CPU_0	0	0	1.61	96.77	0	1.61	0	0	0	0
1428607084783874782	CPU_0	0	0	1.58	96.82	0	1.58	0	0	0	0
1428607085414850846	CPU_0	0	0	1.63	98.36	0	0	0	0	0	0
1428607086045475119	CPU_0	0	0	1.58	96.82	0	1.58	0	0	0	0
1428607086676143267	CPU_0	0	0	1.61	95.16	0	1.61	1.61	0	0	0
1428607087312483988	CPU_0	0	0	1.58	96.82	0	1.58	0	0	0	0
1428607087944036426	CPU_0	0	0	0	100.00	0	0	0	0	0	0
1428607088574718282	CPU_0	0	0	1.58	96.82	0	1.58	0	0	0	0
1428607089204636306	CPU_0	0	0	1.61	96.77	0	1.61	0	0	0	0
1428607089841489693	CPU_0	0	0	0	98.38	0	0	1.61	0	0	0
1428607090472941215	CPU_0	0	0	3.17	95.23	0	1.58	0	0	0	0
1428607091103389488	CPU_0	0	0	0	89.55	0	10.44	0	0	0	0
1428607091734038386	CPU_0	0	0	1.61	98.38	0	0	0	0	0	0
1428607092372082980	CPU_0	0	0	0	100.00	0	0	0	0	0	0
1428607093002922669	CPU_0	0	0	4.68	93.75	0	0	1.56	0	0	0
1428607093633915817	CPU_0	0	0	1.63	98.36	0	0	0	0	0	0
1428607094264347716	CPU_0	0	0	1.61	98.38	0	0	0	0	0	0
1428607094903229266	CPU_0	0	0	1.63	98.36	0	0	0	0	0	0
1428607095534230456	CPU_0	0	0	3.33	96.66	0	0	0	0	0	0
1428607096164758105	CPU_0	0	0	0	98.38	0	0	1.61	0	0	0
1428607096795401587	CPU_0	0	0	3.22	96.77	0	0	0	0	0	0
1428607097433557472	CPU_0	0	0	1.61	96.77	0	1.61	0	0	0	0
1428607098064367620	CPU_0	0	0	0	98.38	0	1.61	0	0	0	0
1428607098694907519	CPU_0	0	0	1.61	96.77	0	1.61	0	0	0	0
1428607099325465585	CPU_0	0	0	1.61	96.77	0	0	1.61	0	0	0
1428607099963783304	CPU_0	0	0	3.12	95.31	0	1.56	0	0	0	0
1428607100594222161	CPU_0	0	0	1.61	98.38	0	0	0	0	0	0
1428607101224921477	CPU_0	0	0	1.66	96.66	0	1.66	0	0	0	0
1428607101855025418	CPU_0	0	0	1.61	96.77	0	1.61	0	0	0	0
1428607102493105638	CPU_0	0	0	1.56	95.31	0	1.56	1.56	0	0	0
1428607103124174494	CPU_0	1.49	0	2.98	86.56	0	8.95	0	0	0	0
1428607103755539975	CPU_0	0	0	3.50	96.49	0	0	0	0	0	0
1428607104385916625	CPU_0	0	0	1.72	96.55	0	0	1.72	0	0	0
1428607105024764093	CPU_0	11.47	0	4.91	80.32	0	3.27	0	0	0	0
1428607105655765742	CPU_0	0	0	0	100.00	0	0	0	0	0	0
1428607106286863599	CPU_0	0	0	1.53	92.30	0	6.15	0	0	0	0
1428607106918218913	CPU_0	0	0	1.63	98.36	0	0	0	0	0	0
1428607107555693676	CPU_0	1.61	0	0	96.77	0	0	1.61	0	0	0
1428607108187096741	CPU_0	0	0	1.63	98.36	0	0	0	0	0	0
1428607108817555307	CPU_0	0	0	1.61	98.38	0	0	0	0	0	0
1428607109450147245	CPU_0	9.52	0	6.34	80.95	0	3.17	0	0	0	0
1428607110091317543	CPU_0	0	0	3.12	96.87	0	0	0	0	0	0
1428607110722887899	CPU_0	0	0	2.89	88.40	0	7.24	1.44	0	0	0
1428607111354106965	CPU_0	0	0	1.66	98.33	0	0	0	0	0	0
1428607111985798404	CPU_0	0	0	1.63	98.36	0	0	0	0	0	0
1428607112623276751	CPU_0	0	0	0	100.00	0	0	0	0	0	0
1428607113256608354	CPU_0	0	0	1.61	96.77	0	0	1.61	0	0	0
1428607113887755212	CPU_0	0	0	3.22	96.77	0	0	0	0	0	0
1428607114519088152	CPU_0	0	0	1.53	92.30	0	0	6.15	0	0	0
1428607115150923633	CPU_0	0	0	0	98.36	0	1.63	0	0	0	0
1428607115787052899	CPU_0	0	0	1.53	93.84	0	4.61	0	0	0	0
1428607116417864299	CPU_0	0	0	1.61	98.38	0	0	0	0	0	0
1428607117048026616	CPU_0	0	0	1.66	98.33	0	0	0	0	0	0
1428607117678943058	CPU_0	0	0	1.63	98.36	0	0	0	0	0	0
1428607118315586906	CPU_0	0	0	0	100.00	0	0	0	0	0	0
1428607118947245555	CPU_0	0	0	1.61	96.77	0	1.61	0	0	0	0
1428607119577241289	CPU_0	1.58	0	1.58	95.23	0	1.58	0	0	0	0
1428607120207718148	CPU_0	0	0	0	98.38	0	1.61	0	0	0	0
1428607120844968996	CPU_0	0	0	1.63	98.36	0	0	0	0	0	0
1428607121476472395	CPU_0	0	0	2.98	89.55	1.49	5.97	0	0	0	0
1428607122107616836	CPU_0	0	0	1.63	98.36	0	0	0	0	0	0
1428607122738871402	CPU_0	0	0	1.61	98.38	0	0	0	0	0	0
1428607123375967000	CPU_0	0	0	1.61	98.38	0	0	0	0	0	0
1428607124008754522	CPU_0	3.27	0	8.19	88.52	0	0	0	0	0	0
1428607124672243199	CPU_0	11.94	0	10.44	76.11	0	1.49	0	0	0	0
1428607125302672725	CPU_0	0	0	1.56	92.18	0	6.25	0	0	0	0
1428607125939902365	CPU_0	0	0	1.58	98.41	0	0	0	0	0	0
1428607126571283014	CPU_0	0	0	1.66	98.33	0	0	0	0	0	0
1428607127202364081	CPU_0	0	0	0	100.00	0	0	0	0	0	0
1428607127832758900	CPU_0	0	0	1.58	96.82	0	0	1.58	0	0	0
1428607128470243914	CPU_0	0	0	4.68	95.31	0	0	0	0	0	0
1428607129100985023	CPU_0	0	0	0	93.75	0	6.25	0	0	0	0
1428607129732264340	CPU_0	0	0	0	100.00	0	0	0	0	0	0
1428607130362189992	CPU_0	1.61	0	1.61	96.77	0	0	0	0	0	0
1428607131001043671	CPU_0	0	0	1.56	96.87	0	0	1.56	0	0	0
1428607131631183282	CPU_0	0	0	1.69	98.30	0	0	0	0	0	0
1428607132262359724	CPU_0	0	0	0	100.00	0	0	0	0	0	0
1428607132892708709	CPU_0	0	0	3.22	96.77	0	0	0	0	0	0
1428607133531227180	CPU_0	0	0	1.58	96.82	0	1.58	0	0	0	0
1428607134161964206	CPU_0	2.94	0	2.94	85.29	0	1.47	7.35	0	0	0
1428607134793189190	CPU_0	0	0	0	92.30	0	7.69	0	0	0	0
1428607135423329093	CPU_0	0	0	1.61	98.38	0	0	0	0	0	0
1428607136061447815	CPU_0	0	0	0	100.00	0	0	0	0	0	0
1428607136691695801	CPU_0	0	0	0	100.00	0	0	0	0	0	0
1428607137322245578	CPU_0	0	0	1.63	98.36	0	0	0	0	0	0
1428607137952520189	CPU_0	0	0	1.63	98.36	0	0	0	0	0	0
1428607138591166243	CPU_0	0	0	1.58	98.41	0	0	0	0	0	0
1428607139221654979	CPU_0	0	0	1.63	98.36	0	0	0	0	0	0
1428607139852675213	CPU_0	0	0	1.61	96.77	0	1.61	0	0	0	0
1428607140483473699	CPU_0	0	0	0	100.00	0	0	0	0	0	0
1428607141121603296	CPU_0	1.58	0	3.17	93.65	0	1.58	0	0	0	0
1428607141752716572	CPU_0	0	0	3.07	92.30	0	4.61	0	0	0	0
1428607142384218932	CPU_0	0	0	1.63	98.36	0	0	0	0	0	0
1428607143016682456	CPU_0	0	0	3.17	96.82	0	0	0	0	0	0
1428607143654904178	CPU_0	0	0	1.63	98.36	0	0	0	0	0	0
1428607144286139954	CPU_0	0	0	1.58	96.82	0	1.58	0	0	0	0
1428607144917870272	CPU_0	0	0	1.63	98.36	0	0	0	0	0	0
1428607145550584420	CPU_0	0	0	1.58	96.82	0	1.58	0	0	0	0
1428607146188365311	CPU_0	0	0	4.61	90.76	0	4.61	0	0	0	0
1428607146819017088	CPU_0	0	0	1.61	98.38	0	0	0	0	0	0
1428607147450799031	CPU_0	0	0	1.66	98.33	0	0	0	0	0	0
1428607148082267182	CPU_0	0	0	1.61	98.38	0	0	0	0	0	0
1428607148720540530	CPU_0	0	0	1.49	92.53	0	5.97	0	0	0	0
1428607149351488182	CPU_0	0	0	1.56	92.18	0	0	6.25	0	0	0
1428607149982958958	CPU_0	0	0	0	100.00	0	0	0	0	0	0
1428607150614045069	CPU_0	0	0	1.63	98.36	0	0	0	0	0	0
1428607151251762543	CPU_0	0	0	1.61	98.38	0	0	0	0	0	0
1428607151882904028	CPU_0	0	0	1.63	98.36	0	0	0	0	0	0
1428607152514664846	CPU_0	0	0	1.53	92.30	0	6.15	0	0	0	0
1428607153145521998	CPU_0	0	0	1.63	98.36	0	0	0	0	0	0
1428607153782666974	CPU_0	0	0	0	100.00	0	0	0	0	0	0
1428607154414154625	CPU_0	0	0	3.17	96.82	0	0	0	0	0	0
1428607155045659777	CPU_0	0	0	1.61	98.38	0	0	0	0	0	0
1428607155677262137	CPU_0	0	0	0	100.00	0	0	0	0	0	0
1428607156317590065	CPU_0	0	0	1.58	96.82	0	1.58	0	0	0	0
1428607156948324885	CPU_0	0	0	2.98	89.55	1.49	5.97	0	0	0	0
1428607157580058578	CPU_0	0	0	1.63	98.36	0	0	0	0	0	0
1428607158212200396	CPU_0	0	0	1.61	98.38	0	0	0	0	0	0
1428607158849258455	CPU_0	0	0	1.61	98.38	0	0	0	0	0	0
1428607159483102936	CPU_0	0	0	0	100.00	0	0	0	0	0	0
1428607160115551087	CPU_0	0	0	1.61	98.38	0	0	0	0	0	0
1428607160746374782	CPU_0	0	0	1.63	98.36	0	0	0	0	0	0
1428607161377837892	CPU_0	0	0	1.61	96.77	0	1.61	0	0	0	0
1428607162015753992	CPU_0	0	0	3.12	95.31	0	1.56	0	0	0	0
1428607162646603645	CPU_0	0	0	3.22	93.54	0	1.61	1.61	0	0	0
1428607163278028715	CPU_0	0	0	0	100.00	0	0	0	0	0	0
1428607163909378784	CPU_0	0	0	3.12	95.31	0	1.56	0	0	0	0
1428607164549137214	CPU_0	0	0	1.61	98.38	0	0	0	0	0	0
1428607165180332242	CPU_0	0	0	0	98.36	0	1.63	0	0	0	0
1428607165812701476	CPU_0	0	0	1.49	91.04	0	1.49	5.97	0	0	0
1428607166443722671	CPU_0	0	0	3.22	96.77	0	0	0	0	0	0
1428607167083299060	CPU_0	0	0	1.56	95.31	0	3.12	0	0	0	0
1428607167714362922	CPU_0	0	0	1.63	98.36	0	0	0	0	0	0
1428607168346647157	CPU_0	0	0	1.61	98.38	0	0	0	0	0	0
1428607168977746561	CPU_0	0	0	0	98.38	0	1.61	0	0	0	0
1428607169617359282	CPU_0	0	0	1.61	96.77	0	1.61	0	0	0	0
1428607170248399186	CPU_0	0	0	1.61	98.38	0	0	0	0	0	0
1428607170880204672	CPU_0	0	0	0	98.38	0	1.61	0	0	0	0
1428607171511491409	CPU_0	0	0	3.22	95.16	0	1.61	0	0	0	0
1428607172150846132	CPU_0	0	0	0	96.77	1.61	1.61	0	0	0	0
1428607172782851951	CPU_0	0	0	1.63	98.36	0	0	0	0	0	0
1428607173414619937	CPU_0	7.46	0	1.49	83.58	0	7.46	0	0	0	0
1428607174047120463	CPU_0	0	0	1.63	98.36	0	0	0	0	0	0
1428607174687057143	CPU_0	0	0	0	100.00	0	0	0	0	0	0
1428607175318811338	CPU_0	0	0	1.61	98.38	0	0	0	0	0	0
1428607175950427991	CPU_0	0	0	3.22	96.77	0	0	0	0	0	0
1428607176582589519	CPU_0	0	0	1.66	98.33	0	0	0	0	0	0
1428607177221093827	CPU_0	0	0	1.58	96.82	0	1.58	0	0	0	0
1428607177853074854	CPU_0	0	0	1.61	96.77	0	1.61	0	0	0	0
1428607178484547133	CPU_0	0	0	1.61	96.77	0	0	1.61	0	0	0
1428607179117670159	CPU_0	0	0	1.47	89.70	0	8.82	0	0	0	0
1428607179757045049	CPU_0	0	0	1.51	92.42	0	0	6.06	0	0	0
1428607180388590494	CPU_0	0	0	0	100.00	0	0	0	0	0	0
1428607181020647897	CPU_0	0	0	3.22	96.77	0	0	0	0	0	0
1428607181654116881	CPU_0	0	0	8.19	91.80	0	0	0	0	0	0
1428607182292328356	CPU_0	0	0	1.58	95.23	0	3.17	0	0	0	0
1428607182924416843	CPU_0	0	0	1.61	98.38	0	0	0	0	0	0
1428607183556342204	CPU_0	0	0	0	100.00	0	0	0	0	0	0
1428607184188459482	CPU_0	0	0	1.61	96.77	0	1.61	0	0	0	0
1428607184826658083	CPU_0	0	0	0	98.41	0	1.58	0	0	0	0
1428607185458342779	CPU_0	1.61	0	3.22	95.16	0	0	0	0	0	0
1428607186090956223	CPU_0	0	0	1.61	96.77	0	1.61	0	0	0	0
1428607186723119209	CPU_0	0	0	1.63	96.72	0	1.63	0	0	0	0
1428607187361310435	CPU_0	0	0	0	96.82	0	3.17	0	0	0	0
1428607187992370757	CPU_0	0	0	1.63	98.36	0	0	0	0	0	0
1428607188624434327	CPU_0	0	0	1.58	95.23	0	3.17	0	0	0	0
1428607189256475981	CPU_0	0	0	1.63	98.36	0	0	0	0	0	0
1428607189894371166	CPU_0	0	0	1.61	98.38	0	0	0	0	0	0
1428607190526890360	CPU_0	0	0	1.61	96.77	0	1.61	0	0	0	0
1428607191159223097	CPU_0	0	0	3.07	90.76	0	6.15	0	0	0	0
1428607191791567333	CPU_0	0	0	3.27	96.72	0	0	0	0	0	0
1428607192431100474	CPU_0	0	0	1.56	95.31	0	0	3.12	0	0	0
1428607193064042626	CPU_0	0	0	1.63	98.36	0	0	0	0	0	0
1428607193695438448	CPU_0	0	0	1.63	98.36	0	0	0	0	0	0
1428607194327204561	CPU_0	0	0	0	92.42	0	7.57	0	0	0	0
1428607194965719162	CPU_0	0	0	3.22	96.77	0	0	0	0	0	0
1428607195598155232	CPU_0	0	0	1.61	98.38	0	0	0	0	0	0
1428607196230131678	CPU_0	0	0	0	100.00	0	0	0	0	0	0
1428607196861749541	CPU_0	0	0	1.69	98.30	0	0	0	0	0	0
1428607197500619475	CPU_0	0	0	0	98.36	0	1.63	0	0	0	0
1428607198133044712	CPU_0	0	0	3.07	93.84	0	0	3.07	0	0	0
1428607198764668533	CPU_0	0	0	1.61	96.77	0	1.61	0	0	0	0
1428607199396021397	CPU_0	0	0	3.17	95.23	0	1.58	0	0	0	0
1428607200034273833	CPU_0	0	0	1.61	98.38	0	0	0	0	0	0
1428607200667682568	CPU_0	0	0	1.49	91.04	0	7.46	0	0	0	0
1428607201299518639	CPU_0	1.63	0	3.27	95.08	0	0	0	0	0	0
1428607201931490294	CPU_0	0	0	1.66	98.33	0	0	0	0	0	0
1428607202571037102	CPU_0	0	0	1.58	96.82	0	0	1.58	0	0	0
1428607203202920632	CPU_0	0	0	1.66	98.33	0	0	0	0	0	0
1428607203834416080	CPU_0	0	0	1.63	96.72	0	1.63	0	0	0	0
1428607204465973985	CPU_0	0	0	3.17	95.23	0	1.58	0	0	0	0
1428607205104406171	CPU_0	0	0	1.51	92.42	0	1.51	4.54	0	0	0
1428607205736505325	CPU_0	0	0	1.63	98.36	0	0	0	0	0	0
1428607206367047899	CPU_0	0	0	1.61	96.77	0	1.61	0	0	0	0
1428607206998968680	CPU_0	0	0	3.12	93.75	1.56	1.56	0	0	0	0
1428607207638101239	CPU_0	0	0	1.61	96.77	0	1.61	0	0	0	0
1428607208270469518	CPU_0	0	0	1.61	98.38	0	0	0	0	0	0
1428607208902044174	CPU_0	0	0	3.17	95.23	0	1.58	0	0	0	0
1428607209533548455	CPU_0	1.61	0	1.61	95.16	0	1.61	0	0	0	0
1428607210173934471	CPU_0	0	0	1.47	91.17	0	7.35	0	0	0	0
1428607210806310459	CPU_0	0	0	1.63	98.36	0	0	0	0	0	0
1428607211437062825	CPU_0	0	0	1.63	98.36	0	0	0	0	0	0
1428607212069345063	CPU_0	0	0	1.63	98.36	0	0	0	0	0	0
1428607212707728541	CPU_0	0	0	1.63	98.36	0	0	0	0	0	0
1428607213343113316	CPU_0	0	0	1.61	98.38	0	0	0	0	0	0
1428607213974527472	CPU_0	0	0	3.22	96.77	0	0	0	0	0	0
1428607214607284418	CPU_0	0	0	1.58	96.82	0	1.58	0	0	0	0
1428607215240477447	CPU_0	0	0	0	96.77	0	1.61	1.61	0	0	0
1428607215877789885	CPU_0	0	0	1.61	98.38	0	0	0	0	0	0
1428607216509692624	CPU_0	0	0	1.63	96.72	0	1.63	0	0	0	0
1428607217142819195	CPU_0	0	0	7.35	88.23	0	4.41	0	0	0	0
1428607217775800099	CPU_0	0	0	1.61	96.77	0	0	1.61	0	0	0
1428607218413044662	CPU_0	0	0	3.17	96.82	0	0	0	0	0	0
1428607219045558276	CPU_0	0	0	1.61	98.38	0	0	0	0	0	0
1428607219678959679	CPU_0	0	0	0	93.75	0	6.25	0	0	0	0
1428607220312071167	CPU_0	0	0	1.61	96.77	0	0	1.61	0	0	0
1428607220949186731	CPU_0	0	0	1.61	98.38	0	0	0	0	0	0
1428607221581968886	CPU_0	0	0	3.22	96.77	0	0	0	0	0	0
1428607222214666832	CPU_0	0	0	0	100.00	0	0	0	0	0	0
1428607222848267694	CPU_0	0	0	1.53	93.84	0	4.61	0	0	0	0
1428607223485796799	CPU_0	1.66	0	10.00	85.00	0	1.66	1.66	0	0	0
1428607224119286078	CPU_0	0	0	1.66	93.33	0	5.00	0	0	0	0
1428607224753256189	CPU_0	17.46	0	7.93	68.25	0	4.76	1.58	0	0	0
1428607225388683840	CPU_0	0	0	0	96.82	0	3.17	0	0	0	0
1428607226026806986	CPU_0	0	0	0	100.00	0	0	0	0	0	0
1428607226660521931	CPU_0	0	0	5.08	91.52	0	3.38	0	0	0	0
1428607227293140045	CPU_0	0	0	1.49	89.55	0	1.49	7.46	0	0	0
1428607227928120238	CPU_0	0	0	1.61	96.77	0	1.61	0	0	0	0
1428607228565044678	CPU_0	0	0	0	100.00	0	0	0	0	0	0
1428607229198378499	CPU_0	14.49	0	2.89	73.91	0	8.69	0	0	0	0
1428607229830793697	CPU_0	0	0	0	100.00	0	0	0	0	0	0
1428607230464080685	CPU_0	0	0	0	100.00	0	0	0	0	0	0
1428607231100598375	CPU_0	0	0	1.61	98.38	0	0	0	0	0	0
1428607231733728864	CPU_0	0	0	6.66	93.33	0	0	0	0	0	0
1428607232365299646	CPU_0	0	0	1.58	96.82	0	1.58	0	0	0	0
1428607232997349970	CPU_0	0	0	3.22	96.77	0	0	0	0	0	0
1428607233637866237	CPU_0	0	0	1.61	96.77	0	1.61	0	0	0	0
1428607234270382977	CPU_0	0	0	1.61	96.77	0	1.61	0	0	0	0
1428607234901322011	CPU_0	0	0	6.06	92.42	0	1.51	0	0	0	0
1428607235533760084	CPU_0	0	0	0	100.00	0	0	0	0	0	0
1428607236172463563	CPU_0	0	0	3.12	95.31	0	1.56	0	0	0	0
1428607236804078930	CPU_0	0	0	3.33	93.33	0	3.33	0	0	0	0
1428607237436379587	CPU_0	0	0	1.51	90.90	0	7.57	0	0	0	0
1428607238068726785	CPU_0	0	0	0	100.00	0	0	0	0	0	0
1428607238708075930	CPU_0	0	0	1.61	98.38	0	0	0	0	0	0
1428607239340697920	CPU_0	1.63	0	1.63	96.72	0	0	0	0	0	0
1428607239972531744	CPU_0	0	0	0	100.00	0	0	0	0	0	0
1428607240605329109	CPU_0	0	0	3.22	96.77	0	0	0	0	0	0
1428607241245020753	CPU_0	0	0	3.07	90.76	0	1.53	4.61	0	0	0
1428607241877666993	CPU_0	0	0	3.22	93.54	0	3.22	0	0	0	0
1428607242509891109	CPU_0	0	0	1.61	96.77	0	1.61	0	0	0	0
1428607243143119181	CPU_0	0	0	1.61	98.38	0	0	0	0	0	0
1428607243781122954	CPU_0	0	0	1.58	95.23	0	3.17	0	0	0	0
1428607244413306737	CPU_0	0	0	1.61	98.38	0	0	0	0	0	0
1428607245045372061	CPU_0	0	0	0	98.36	0	1.63	0	0	0	0
1428607245678447676	CPU_0	0	0	3.22	95.16	0	1.61	0	0	0	0
1428607246317179739	CPU_0	0	0	3.17	95.23	0	1.58	0	0	0	0
1428607246949600480	CPU_0	0	0	4.47	86.56	0	8.95	0	0	0	0
1428607247582246303	CPU_0	0	0	1.63	98.36	0	0	0	0	0	0
1428607248215685459	CPU_0	0	0	0	100.00	0	0	0	0	0	0
1428607248854714105	CPU_0	0	0	1.61	98.38	0	0	0	0	0	0
1428607249486477181	CPU_0	0	0	0	90.90	0	0	9.09	0	0	0
1428607250118527506	CPU_0	0	0	3.22	96.77	0	0	0	0	0	0
1428607250751395788	CPU_0	0	0	0	100.00	0	0	0	0	0	0
1428607251389724435	CPU_0	0	0	11.29	79.03	0	9.67	0	0	0	0
1428607252021974302	CPU_0	0	0	4.83	91.93	0	3.22	0	0	0	0
1428607252654794584	CPU_0	0	0	1.58	96.82	0	1.58	0	0	0	0
1428607253287236575	CPU_0	0	0	3.22	96.77	0	0	0	0	0	0
1428607253926724262	CPU_0	0	0	1.58	96.82	0	1.58	0	0	0	0
1428607254559579253	CPU_0	0	0	3.12	95.31	0	1.56	0	0	0	0
1428607255192427660	CPU_0	0	0	1.63	98.36	0	0	0	0	0	0
1428607255825094485	CPU_0	0	0	0	98.38	0	1.61	0	0	0	0
1428607256465138796	CPU_0	0	0	1.42	87.14	0	11.42	0	0	0	0
1428607257097416371	CPU_0	0	0	8.06	91.93	0	0	0	0	0	0
1428607257731499569	CPU_0	0	0	0	100.00	0	0	0	0	0	0
1428607258363469853	CPU_0	1.58	0	1.58	96.82	0	0	0	0	0	0
1428607259003111874	CPU_0	0	0	1.61	98.38	0	0	0	0	0	0
1428607259636054073	CPU_0	0	0	1.63	98.36	0	0	0	0	0	0
1428607260269329063	CPU_0	0	0	1.61	98.38	0	0	0	0	0	0
1428607260902020179	CPU_0	0	0	1.61	98.38	0	0	0	0	0	0
1428607261542225825	CPU_0	1.63	0	3.27	95.08	0	0	0	0	0	0
1428607262176613146	CPU_0	0	0	0	88.05	1.49	10.44	0	0	0	0
1428607262810035137	CPU_0	0	0	1.61	98.38	0	0	0	0	0	0
1428607263443881293	CPU_0	0	0	1.63	98.36	0	0	0	0	0	0
1428607264084592229	CPU_0	0	0	3.17	96.82	0	0	0	0	0	0
1428607264719533384	CPU_0	0	0	0	100.00	0	0	0	0	0	0
1428607265352836208	CPU_0	0	0	1.61	98.38	0	0	0	0	0	0
1428607265986773031	CPU_0	0	0	1.63	98.36	0	0	0	0	0	0
1428607266626959093	CPU_0	0	0	1.61	98.38	0	0	0	0	0	0
1428607267261792664	CPU_0	0	0	1.66	96.66	0	1.66	0	0	0	0
1428607267895209738	CPU_0	0	0	1.63	98.36	0	0	0	0	0	0
1428607268528957228	CPU_0	0	0	2.94	88.23	0	7.35	1.47	0	0	0
1428607269169989998	CPU_0	0	0	3.17	96.82	0	0	0	0	0	0
1428607269803402739	CPU_0	0	0	0	100.00	0	0	0	0	0	0
1428607270435953898	CPU_0	0	0	3.22	96.77	0	0	0	0	0	0
1428607271069689930	CPU_0	0	0	1.61	98.38	0	0	0	0	0	0
1428607271711529406	CPU_0	0	0	1.61	96.77	0	0	1.61	0	0	0
1428607272346198312	CPU_0	0	0	1.61	96.77	0	1.61	0	0	0	0
1428607272980029719	CPU_0	0	0	0	96.82	0	1.58	1.58	0	0	0
1428607273614108542	CPU_0	0	0	1.58	95.23	0	3.17	0	0	0	0
1428607274254905729	CPU_0	0	0	1.58	98.41	0	0	0	0	0	0
1428607274888784969	CPU_0	0	0	1.63	98.36	0	0	0	0	0	0
1428607275521650711	CPU_0	0	0	1.44	86.95	0	11.59	0	0	0	0
1428607276155104494	CPU_0	0	0	0	98.38	0	0	1.61	0	0	0
1428607276795779140	CPU_0	0	0	3.33	96.66	0	0	0	0	0	0
1428607277430462546	CPU_0	0	0	1.63	98.36	0	0	0	0	0	0
1428607278064315411	CPU_0	0	0	0	100.00	0	0	0	0	0	0
1428607278699843941	CPU_0	0	0	1.61	98.38	0	0	0	0	0	0
1428607279340686420	CPU_0	0	0	1.58	96.82	0	0	1.58	0	0	0
1428607279975328909	CPU_0	0	0	1.63	98.36	0	0	0	0	0	0
1428607280608567151	CPU_0	0	0	0	100.00	0	0	0	0	0	0
1428607281244201556	CPU_0	0	0	1.61	98.38	0	0	0	0	0	0
1428607281884475244	CPU_0	0	0	1.58	90.47	0	7.93	0	0	0	0
1428607282518522651	CPU_0	0	0	1.61	98.38	0	0	0	0	0	0
1428607283152216518	CPU_0	0	0	1.63	98.36	0	0	0	0	0	0
1428607283787625715	CPU_0	0	0	1.51	92.42	0	0	6.06	0	0	0
1428607284427546070	CPU_0	0	0	1.66	98.33	0	0	0	0	0	0
1428607285062047519	CPU_0	0	0	1.61	98.38	0	0	0	0	0	0
1428607285696610551	CPU_0	0	0	1.61	98.38	0	0	0	0	0	0
1428607286331637373	CPU_0	0	0	4.34	84.05	0	11.59	0	0	0	0
1428607286972800685	CPU_0	0	0	16.39	81.96	1.63	0	0	0	0	0
1428607287607700050	CPU_0	0	0	3.17	95.23	0	1.58	0	0	0	0
1428607288242614165	CPU_0	0	0	3.12	95.31	0	1.56	0	0	0	0
1428607288877102114	CPU_0	0	0	3.17	96.82	0	0	0	0	0	0
1428607289518125760	CPU_0	0	0	1.49	91.04	0	7.46	0	0	0	0
1428607290151723877	CPU_0	0	0	0	100.00	0	0	0	0	0	0
1428607290786795033	CPU_0	0	0	3.22	96.77	0	0	0	0	0	0
1428607291421250440	CPU_0	0	0	1.58	98.41	0	0	0	0	0	0
1428607292061736546	CPU_0	0	0	3.38	96.61	0	0	0	0	0	0
1428607292695799245	CPU_0	0	0	1.58	96.82	0	1.58	0	0	0	0
1428607293330897819	CPU_0	6.06	0	1.51	86.36	0	6.06	0	0	0	0
1428607293971706840	CPU_0	0	0	0	100.00	0	0	0	0	0	0
1428607294608867910	CPU_0	0	0	1.58	98.41	0	0	0	0	0	0
1428607295243452109	CPU_0	0	0	1.63	98.36	0	0	0	0	0	0
