#Timestamp	CPU_ID	user%	nice%	sys%	idle%	iowait%	irq%	softiq%	steal%	guest%	guest_nice%
1428509752499397700	CPU_4	84.37	0	10.93	3.12	0	1.56	0	0	0	0
1428509753200461622	CPU_4	98.55	0	0	0	0	1.44	0	0	0	0
1428509753916494845	CPU_4	97.22	0	0	0	0	1.38	1.38	0	0	0
1428509754622264173	CPU_4	100.00	0	0	0	0	0	0	0	0	0
1428509755324825759	CPU_4	97.18	0	0	0	0	1.40	1.40	0	0	0
1428509756039694401	CPU_4	98.59	0	0	0	0	1.40	0	0	0	0
1428509756746291978	CPU_4	97.18	0	0	0	0	1.40	1.40	0	0	0
1428509757462841284	CPU_4	98.59	0	0	0	0	1.40	0	0	0	0
1428509758174931474	CPU_4	97.22	0	0	0	0	1.38	1.38	0	0	0
1428509758879187889	CPU_4	98.59	0	0	0	0	1.40	0	0	0	0
1428509759598865396	CPU_4	100.00	0	0	0	0	0	0	0	0	0
1428509760302187064	CPU_4	97.14	0	0	0	0	1.42	1.42	0	0	0
1428509761010228805	CPU_4	98.59	0	0	0	0	1.40	0	0	0	0
1428509761731864599	CPU_4	97.26	0	0	0	0	1.36	1.36	0	0	0
1428509762437557262	CPU_4	98.57	0	0	0	0	1.42	0	0	0	0
1428509763157520435	CPU_4	97.22	0	0	0	0	1.38	1.38	0	0	0
1428509763865353177	CPU_4	100.00	0	0	0	0	0	0	0	0	0
1428509764570751465	CPU_4	97.18	0	0	0	0	1.40	1.40	0	0	0
1428509765289689266	CPU_4	98.61	0	0	0	0	1.38	0	0	0	0
1428509765999189921	CPU_4	98.59	0	0	0	0	1.40	0	0	0	0
1428509766711502027	CPU_4	97.22	0	0	0	0	1.38	1.38	0	0	0
1428509767426382795	CPU_4	98.59	0	0	0	0	1.40	0	0	0	0
1428509768135922659	CPU_4	97.18	0	0	0	0	1.40	1.40	0	0	0
1428509768855191875	CPU_4	100.00	0	0	0	0	0	0	0	0	0
1428509769562692576	CPU_4	97.18	0	0	0	0	1.40	1.40	0	0	0
1428509770270921567	CPU_4	98.59	0	0	0	0	1.40	0	0	0	0
1428509770989223203	CPU_4	97.26	0	0	0	0	1.36	1.36	0	0	0
1428509771696440030	CPU_4	98.57	0	0	0	0	1.42	0	0	0	0
1428509772414731916	CPU_4	97.22	0	0	0	0	1.38	1.38	0	0	0
1428509773128283854	CPU_4	98.59	0	0	0	0	1.40	0	0	0	0
1428509773838454924	CPU_4	100.00	0	0	0	0	0	0	0	0	0
1428509774557735058	CPU_4	97.26	0	0	0	0	1.36	1.36	0	0	0
1428509775269104876	CPU_4	98.59	0	0	0	0	1.40	0	0	0	0
1428509775989248925	CPU_4	97.26	0	0	0	0	1.36	1.36	0	0	0
1428509776698121957	CPU_4	98.57	0	0	0	0	1.42	0	0	0	0
1428509777406469115	CPU_4	97.18	0	0	0	0	1.40	1.40	0	0	0
1428509778129679115	CPU_4	100.00	0	0	0	0	0	0	0	0	0
1428509778837331775	CPU_4	97.18	0	0	0	0	1.40	1.40	0	0	0
1428509779547335888	CPU_4	98.57	0	0	0	0	1.42	0	0	0	0
1428509780266694063	CPU_4	97.26	0	0	0	0	1.36	1.36	0	0	0
1428509780976515177	CPU_4	98.59	0	0	0	0	1.40	0	0	0	0
1428509781696953767	CPU_4	98.61	0	0	0	0	1.38	0	0	0	0
1428509782406032840	CPU_4	97.18	0	0	0	0	1.40	1.40	0	0	0
1428509783119457238	CPU_4	100.00	0	0	0	0	0	0	0	0	0
1428509783847688311	CPU_4	97.26	0	0	0	0	1.36	1.36	0	0	0
1428509784589264314	CPU_4	98.63	0	0	0	0	1.36	0	0	0	0
1428509785310439027	CPU_4	97.26	0	0	0	0	1.36	1.36	0	0	0
1428509786020590932	CPU_4	98.59	0	0	0	0	1.40	0	0	0	0
1428509786729990089	CPU_4	97.22	0	0	0	0	1.38	1.38	0	0	0
1428509787449419556	CPU_4	98.59	0	0	0	0	1.40	0	0	0	0
1428509788159406420	CPU_4	98.59	0	0	0	0	0	1.40	0	0	0
1428509788884050293	CPU_4	98.61	0	0	0	0	1.38	0	0	0	0
1428509789592633160	CPU_4	98.59	0	0	0	0	1.40	0	0	0	0
1428509790301678026	CPU_4	97.22	0	0	0	0	1.38	1.38	0	0	0
1428509791021293327	CPU_4	98.59	0	0	0	0	1.40	0	0	0	0
1428509791729299403	CPU_4	97.22	0	0	0	0	1.38	1.38	0	0	0
1428509792449214079	CPU_4	98.59	0	0	0	0	1.40	0	0	0	0
1428509793160772022	CPU_4	98.59	0	0	0	0	0	1.40	0	0	0
1428509793869881388	CPU_4	98.59	0	0	0	0	1.40	0	0	0	0
1428509794591261144	CPU_4	97.22	0	0	0	0	1.38	1.38	0	0	0
1428509795303070796	CPU_4	98.59	0	0	0	0	1.40	0	0	0	0
1428509796026297464	CPU_4	97.26	0	0	0	0	1.36	1.36	0	0	0
1428509796735674038	CPU_4	98.59	0	0	0	0	1.40	0	0	0	0
1428509797445571319	CPU_4	98.59	0	0	0	0	1.40	0	0	0	0
1428509798167215283	CPU_4	98.61	0	0	0	0	0	1.38	0	0	0
1428509798874652153	CPU_4	98.57	0	0	0	0	1.42	0	0	0	0
1428509799585096141	CPU_4	97.22	0	0	0	0	1.38	1.38	0	0	0
1428509800305089234	CPU_4	98.59	0	0	0	0	1.40	0	0	0	0
1428509801017501968	CPU_4	97.22	0	0	0	0	1.38	1.38	0	0	0
1428509801735567440	CPU_4	98.61	0	0	0	0	1.38	0	0	0	0
1428509802445908387	CPU_4	97.18	0	0	0	0	1.40	1.40	0	0	0
1428509803157382081	CPU_4	100.00	0	0	0	0	0	0	0	0	0
1428509803877600299	CPU_4	97.26	0	0	0	0	1.36	1.36	0	0	0
1428509804589290785	CPU_4	98.59	0	0	0	0	1.40	0	0	0	0
1428509805312705954	CPU_4	97.22	0	0	0	0	1.38	1.38	0	0	0
1428509806026276019	CPU_4	98.61	0	0	0	0	1.38	0	0	0	0
1428509806736690758	CPU_4	98.59	0	0	0	0	1.40	0	0	0	0
1428509807457454557	CPU_4	97.22	0	0	0	0	1.38	1.38	0	0	0
1428509808168917836	CPU_4	98.59	0	0	0	0	1.40	0	0	0	0
1428509808891933589	CPU_4	98.61	0	0	0	0	0	1.38	0	0	0
1428509809609521438	CPU_4	98.61	0	0	0	0	1.38	0	0	0	0
1428509810319661552	CPU_4	97.18	0	0	0	0	1.40	1.40	0	0	0
1428509811043001555	CPU_4	98.61	0	0	0	0	1.38	0	0	0	0
1428509811757344994	CPU_4	97.22	0	0	0	0	1.38	1.38	0	0	0
1428509812479766666	CPU_4	98.61	0	0	0	0	1.38	0	0	0	0
1428509813197502889	CPU_4	97.22	0	0	0	0	1.38	1.38	0	0	0
1428509813906637798	CPU_4	100.00	0	0	0	0	0	0	0	0	0
1428509814632462754	CPU_4	97.26	0	0	0	0	1.36	1.36	0	0	0
1428509815345208238	CPU_4	98.61	0	0	0	0	1.38	0	0	0	0
1428509816060536050	CPU_4	98.59	0	0	0	0	1.40	0	0	0	0
1428509816780622269	CPU_4	97.26	0	0	0	0	1.36	1.36	0	0	0
1428509817492982129	CPU_4	98.57	0	0	0	0	1.42	0	0	0	0
1428509818217001714	CPU_4	97.26	0	0	0	0	1.36	1.36	0	0	0
1428509818926105915	CPU_4	100.00	0	0	0	0	0	0	0	0	0
1428509819641819894	CPU_4	97.22	0	0	0	0	1.38	1.38	0	0	0
1428509820363563192	CPU_4	98.61	0	0	0	0	1.38	0	0	0	0
1428509821081554291	CPU_4	97.22	0	0	0	0	1.38	1.38	0	0	0
1428509821803812088	CPU_4	98.63	0	0	0	0	1.36	0	0	0	0
1428509822515959658	CPU_4	97.18	0	0	0	0	1.40	1.40	0	0	0
1428509823230112723	CPU_4	98.59	0	0	0	0	1.40	0	0	0	0
1428509823950509941	CPU_4	98.61	0	0	0	0	1.38	0	0	0	0
1428509824666634002	CPU_4	98.61	0	0	0	0	0	1.38	0	0	0
1428509825389951131	CPU_4	98.61	0	0	0	0	1.38	0	0	0	0
1428509826102032951	CPU_4	97.18	0	0	0	0	1.40	1.40	0	0	0
1428509826813411398	CPU_4	98.59	0	0	0	0	1.40	0	0	0	0
1428509827534943406	CPU_4	97.26	0	0	0	0	1.36	1.36	0	0	0
1428509828248113307	CPU_4	98.59	0	0	0	0	1.40	0	0	0	0
1428509828971276436	CPU_4	97.26	0	0	0	0	1.36	1.36	0	0	0
1428509829689703493	CPU_4	100.00	0	0	0	0	0	0	0	0	0
1428509830402792811	CPU_4	97.18	0	0	0	0	1.40	1.40	0	0	0
1428509831126349356	CPU_4	98.61	0	0	0	0	1.38	0	0	0	0
1428509831836816138	CPU_4	97.22	0	0	0	0	1.38	1.38	0	0	0
1428509832559467352	CPU_4	98.61	0	0	0	0	1.38	0	0	0	0
1428509833273600335	CPU_4	98.61	0	0	0	0	1.38	0	0	0	0
1428509833985827489	CPU_4	97.18	0	0	0	0	1.40	1.40	0	0	0
1428509834710097824	CPU_4	98.61	0	0	0	0	1.38	0	0	0	0
1428509835421982937	CPU_4	98.59	0	0	0	0	0	1.40	0	0	0
1428509836144694443	CPU_4	98.61	0	0	0	0	1.38	0	0	0	0
1428509836855025726	CPU_4	97.22	0	0	0	0	1.38	1.38	0	0	0
1428509837566804339	CPU_4	98.59	0	0	0	0	1.40	0	0	0	0
1428509838291068383	CPU_4	97.26	0	0	0	0	1.36	1.36	0	0	0
1428509839004389493	CPU_4	98.57	0	0	0	0	1.42	0	0	0	0
1428509839729026287	CPU_4	97.29	0	0	0	0	1.35	1.35	0	0	0
1428509840440270818	CPU_4	100.00	0	0	0	0	0	0	0	0	0
1428509841154024135	CPU_4	97.22	0	0	0	0	1.38	1.38	0	0	0
1428509841875363686	CPU_4	98.61	0	0	0	0	1.38	0	0	0	0
1428509842587337758	CPU_4	98.57	0	0	0	0	1.42	0	0	0	0
1428509843315118086	CPU_4	97.29	0	0	0	0	1.35	1.35	0	0	0
1428509844032976853	CPU_4	98.59	0	0	0	0	1.40	0	0	0	0
1428509844745168508	CPU_4	97.22	0	0	0	0	1.38	1.38	0	0	0
1428509845470354467	CPU_4	100.00	0	0	0	0	0	0	0	0	0
1428509846184206035	CPU_4	97.22	0	0	0	0	1.38	1.38	0	0	0
1428509846894887359	CPU_4	98.57	0	0	0	0	1.42	0	0	0	0
1428509847620317318	CPU_4	97.26	0	0	0	0	1.36	1.36	0	0	0
1428509848335273759	CPU_4	98.61	0	0	0	0	1.38	0	0	0	0
1428509849058968388	CPU_4	97.26	0	0	0	0	1.36	1.36	0	0	0
1428509849770847127	CPU_4	98.57	0	0	0	0	1.42	0	0	0	0
1428509850485496902	CPU_4	97.22	0	0	0	0	1.38	1.38	0	0	0
1428509851209417489	CPU_4	100.00	0	0	0	0	0	0	0	0	0
1428509851921882810	CPU_4	98.59	0	0	0	0	1.40	0	0	0	0
1428509852645787231	CPU_4	97.26	0	0	0	0	1.36	1.36	0	0	0
1428509853360998755	CPU_4	98.59	0	0	0	0	1.40	0	0	0	0
1428509854074831948	CPU_4	97.22	0	0	0	0	1.38	1.38	0	0	0
1428509854797509372	CPU_4	98.61	0	0	0	0	1.38	0	0	0	0
1428509855510828608	CPU_4	97.22	0	0	0	0	1.38	1.38	0	0	0
1428509856235461361	CPU_4	98.61	0	0	0	0	1.38	0	0	0	0
1428509856950039886	CPU_4	98.59	0	0	0	0	0	1.40	0	0	0
1428509857661717501	CPU_4	98.59	0	0	0	0	1.40	0	0	0	0
1428509858386041630	CPU_4	97.26	0	0	0	0	1.36	1.36	0	0	0
1428509859099421033	CPU_4	98.59	0	0	0	0	1.40	0	0	0	0
1428509859820255461	CPU_4	98.61	0	0	0	0	1.38	0	0	0	0
1428509860534970528	CPU_4	97.22	0	0	0	0	1.38	1.38	0	0	0
1428509861248824388	CPU_4	98.59	0	0	0	0	1.40	0	0	0	0
1428509861974413348	CPU_4	98.63	0	0	0	0	0	1.36	0	0	0
1428509862686465254	CPU_4	98.57	0	0	0	0	1.42	0	0	0	0
1428509863411958089	CPU_4	97.26	0	0	0	0	1.36	1.36	0	0	0
1428509864127126530	CPU_4	98.59	0	0	0	0	1.40	0	0	0	0
1428509864839583143	CPU_4	97.26	0	0	0	0	1.36	1.36	0	0	0
1428509865563091400	CPU_4	98.59	0	0	0	0	1.40	0	0	0	0
1428509866277155260	CPU_4	97.22	0	0	0	0	1.38	1.38	0	0	0
1428509867002556554	CPU_4	98.61	0	0	0	0	1.38	0	0	0	0
1428509867715783457	CPU_4	98.61	0	0	0	0	0	1.38	0	0	0
1428509868429614735	CPU_4	98.59	0	0	0	0	1.40	0	0	0	0
1428509869154473363	CPU_4	97.26	0	0	0	0	1.36	1.36	0	0	0
1428509869870911219	CPU_4	98.61	0	0	0	0	1.38	0	0	0	0
1428509870597239803	CPU_4	98.61	0	0	0	0	1.38	0	0	0	0
1428509871314309532	CPU_4	97.22	0	0	0	0	1.38	1.38	0	0	0
1428509872028833558	CPU_4	98.59	0	0	0	0	1.40	0	0	0	0
1428509872751396358	CPU_4	98.61	0	0	0	0	0	1.38	0	0	0
1428509873466513675	CPU_4	98.59	0	0	0	0	1.40	0	0	0	0
1428509874189821641	CPU_4	97.26	0	0	0	0	1.36	1.36	0	0	0
1428509874904908332	CPU_4	98.59	0	0	0	0	1.40	0	0	0	0
1428509875616626365	CPU_4	97.22	0	0	0	0	1.38	1.38	0	0	0
1428509876343949905	CPU_4	98.63	0	0	0	0	1.36	0	0	0	0
1428509877056576353	CPU_4	97.18	0	0	0	0	1.40	1.40	0	0	0
1428509877783550436	CPU_4	98.63	0	0	0	0	1.36	0	0	0	0
1428509878497255672	CPU_4	100.00	0	0	0	0	0	0	0	0	0
1428509879211835991	CPU_4	97.22	0	0	0	0	1.38	1.38	0	0	0
1428509879935073374	CPU_4	98.61	0	0	0	0	1.38	0	0	0	0
1428509880646895990	CPU_4	97.22	0	0	0	0	1.38	1.38	0	0	0
1428509881372295201	CPU_4	98.61	0	0	0	0	1.38	0	0	0	0
1428509882085920605	CPU_4	97.22	0	0	0	0	1.38	1.38	0	0	0
1428509882801474547	CPU_4	98.59	0	0	0	0	1.40	0	0	0	0
1428509883525025304	CPU_4	98.63	0	0	0	0	0	1.36	0	0	0
1428509884239423040	CPU_4	98.59	0	0	0	0	1.40	0	0	0	0
1428509884971971194	CPU_4	97.26	0	0	0	0	1.36	1.36	0	0	0
1428509885685113724	CPU_4	98.59	0	0	0	0	1.40	0	0	0	0
1428509886400428833	CPU_4	97.26	0	0	0	0	1.36	1.36	0	0	0
1428509887127373125	CPU_4	98.61	0	0	0	0	1.38	0	0	0	0
1428509887841288279	CPU_4	98.59	0	0	0	0	1.40	0	0	0	0
1428509888555064433	CPU_4	97.22	0	0	0	0	1.38	1.38	0	0	0
1428509889276305404	CPU_4	100.00	0	0	0	0	0	0	0	0	0
1428509889990689932	CPU_4	97.22	0	0	0	0	1.38	1.38	0	0	0
1428509890716243810	CPU_4	98.61	0	0	0	0	1.38	0	0	0	0
1428509891431177795	CPU_4	97.22	0	0	0	0	1.38	1.38	0	0	0
1428509892149390940	CPU_4	98.61	0	0	0	0	1.38	0	0	0	0
1428509892873290031	CPU_4	97.26	0	0	0	0	1.36	1.36	0	0	0
1428509893585235439	CPU_4	98.59	0	0	0	0	1.40	0	0	0	0
1428509894310761901	CPU_4	97.26	0	0	0	0	1.36	1.36	0	0	0
1428509895025682345	CPU_4	100.00	0	0	0	0	0	0	0	0	0
1428509895751784181	CPU_4	97.26	0	0	0	0	1.36	1.36	0	0	0
1428509896468591121	CPU_4	98.61	0	0	0	0	1.38	0	0	0	0
1428509897190168008	CPU_4	97.22	0	0	0	0	1.38	1.38	0	0	0
1428509897916314053	CPU_4	98.63	0	0	0	0	1.36	0	0	0	0
1428509898632459911	CPU_4	98.59	0	0	0	0	1.40	0	0	0	0
1428509899352290802	CPU_4	97.26	0	0	0	0	1.36	1.36	0	0	0
1428509900071231654	CPU_4	98.59	0	0	0	0	1.40	0	0	0	0
1428509900786131390	CPU_4	98.61	0	0	0	0	0	1.38	0	0	0
1428509901512005810	CPU_4	98.61	0	0	0	0	1.38	0	0	0	0
1428509902225965923	CPU_4	97.22	0	0	0	0	1.38	1.38	0	0	0
1428509902947252062	CPU_4	98.59	0	0	0	0	1.40	0	0	0	0
1428509903680149842	CPU_4	97.33	0	0	0	0	1.33	1.33	0	0	0
1428509904399364485	CPU_4	98.59	0	0	0	0	1.40	0	0	0	0
1428509905193392299	CPU_4	97.50	0	0	0	0	1.25	1.25	0	0	0
1428509905910815488	CPU_4	98.59	0	0	0	0	1.40	0	0	0	0
1428509906635971910	CPU_4	98.63	0	0	0	0	0	1.36	0	0	0
1428509907354781721	CPU_4	98.59	0	0	0	0	1.40	0	0	0	0
1428509908067607545	CPU_4	98.59	0	0	0	0	1.40	0	0	0	0
1428509908794300506	CPU_4	97.29	0	0	0	0	1.35	1.35	0	0	0
1428509909510476239	CPU_4	98.59	0	0	0	0	1.40	0	0	0	0
1428509910235450204	CPU_4	97.26	0	0	0	0	1.36	1.36	0	0	0
1428509910953526683	CPU_4	98.59	0	0	0	0	1.40	0	0	0	0
1428509911669401751	CPU_4	98.61	0	0	0	0	0	1.38	0	0	0
1428509912395643630	CPU_4	98.61	0	0	0	0	1.38	0	0	0	0
1428509913110047701	CPU_4	97.22	0	0	0	0	1.38	1.38	0	0	0
1428509913835603748	CPU_4	98.61	0	0	0	0	1.38	0	0	0	0
1428509914551176358	CPU_4	97.26	0	0	0	0	1.36	1.36	0	0	0
1428509915267988715	CPU_4	98.59	0	0	0	0	1.40	0	0	0	0
1428509915993528429	CPU_4	97.26	0	0	0	0	1.36	1.36	0	0	0
1428509916709183373	CPU_4	100.00	0	0	0	0	0	0	0	0	0
1428509917436678332	CPU_4	98.61	0	0	0	0	1.38	0	0	0	0
1428509918152784400	CPU_4	97.22	0	0	0	0	1.38	1.38	0	0	0
1428509918868970009	CPU_4	98.61	0	0	0	0	1.38	0	0	0	0
1428509919595967970	CPU_4	97.26	0	0	0	0	1.36	1.36	0	0	0
1428509920311652622	CPU_4	98.59	0	0	0	0	1.40	0	0	0	0
1428509921035324965	CPU_4	97.26	0	0	0	0	1.36	1.36	0	0	0
1428509921750598493	CPU_4	100.00	0	0	0	0	0	0	0	0	0
1428509922468411807	CPU_4	97.22	0	0	0	0	1.38	1.38	0	0	0
1428509923197545930	CPU_4	98.61	0	0	0	0	1.38	0	0	0	0
1428509923912083835	CPU_4	97.26	0	0	0	0	1.36	1.36	0	0	0
1428509924638773547	CPU_4	98.61	0	0	0	0	1.38	0	0	0	0
1428509925354546491	CPU_4	97.22	0	0	0	0	1.38	1.38	0	0	0
1428509926071456099	CPU_4	98.61	0	0	0	0	1.38	0	0	0	0
1428509926797007563	CPU_4	100.00	0	0	0	0	0	0	0	0	0
1428509927514962002	CPU_4	97.26	0	0	0	0	1.36	1.36	0	0	0
1428509928248862240	CPU_4	98.63	0	0	0	0	1.36	0	0	0	0
1428509928966054473	CPU_4	97.22	0	0	0	0	1.38	1.38	0	0	0
1428509929681349043	CPU_4	98.59	0	0	0	0	1.40	0	0	0	0
1428509930408085464	CPU_4	97.26	0	0	0	0	1.36	1.36	0	0	0
1428509931123956741	CPU_4	98.61	0	0	0	0	1.38	0	0	0	0
1428509931848506750	CPU_4	97.22	0	0	0	0	1.38	1.38	0	0	0
1428509932564723110	CPU_4	100.00	0	0	0	0	0	0	0	0	0
1428509933282417967	CPU_4	97.22	0	0	0	0	1.38	1.38	0	0	0
1428509934010071135	CPU_4	98.63	0	0	0	0	1.36	0	0	0	0
1428509934723249460	CPU_4	97.22	0	0	0	0	1.38	1.38	0	0	0
1428509935450439964	CPU_4	98.61	0	0	0	0	1.38	0	0	0	0
1428509936166102075	CPU_4	97.22	0	0	0	0	1.38	1.38	0	0	0
1428509936883162600	CPU_4	98.59	0	0	0	0	1.40	0	0	0	0
1428509937612984473	CPU_4	100.00	0	0	0	0	0	0	0	0	0
1428509938329439583	CPU_4	97.22	0	0	0	0	1.38	1.38	0	0	0
1428509939055241631	CPU_4	98.61	0	0	0	0	1.38	0	0	0	0
1428509939769454371	CPU_4	97.22	0	0	0	0	1.38	1.38	0	0	0
1428509940486871020	CPU_4	98.61	0	0	0	0	1.38	0	0	0	0
1428509941213946816	CPU_4	97.26	0	0	0	0	1.36	1.36	0	0	0
1428509941934573000	CPU_4	98.61	0	0	0	0	1.38	0	0	0	0
1428509942659990133	CPU_4	98.61	0	0	0	0	0	1.38	0	0	0
1428509943376863534	CPU_4	98.59	0	0	0	0	1.40	0	0	0	0
1428509944093406227	CPU_4	97.26	0	0	0	0	1.36	1.36	0	0	0
1428509944822548893	CPU_4	98.61	0	0	0	0	1.38	0	0	0	0
1428509945541468498	CPU_4	97.26	0	0	0	0	1.36	1.36	0	0	0
1428509946268090003	CPU_4	98.61	0	0	0	0	1.38	0	0	0	0
1428509946988509605	CPU_4	97.22	0	0	0	0	1.38	1.38	0	0	0
1428509947706570962	CPU_4	100.00	0	0	0	0	0	0	0	0	0
1428509948432965010	CPU_4	98.61	0	0	0	0	1.38	0	0	0	0
1428509949150721659	CPU_4	97.22	0	0	0	0	1.38	1.38	0	0	0
1428509949879077203	CPU_4	98.63	0	0	0	0	1.36	0	0	0	0
1428509950594585732	CPU_4	97.22	0	0	0	0	1.38	1.38	0	0	0
1428509951310774510	CPU_4	98.59	0	0	0	0	1.40	0	0	0	0
1428509952038738638	CPU_4	97.26	0	0	0	0	1.36	1.36	0	0	0
1428509952757743993	CPU_4	98.61	0	0	0	0	1.38	0	0	0	0
1428509953483178543	CPU_4	98.61	0	0	0	0	0	1.38	0	0	0
1428509954199492446	CPU_4	98.61	0	0	0	0	1.38	0	0	0	0
1428509954917240887	CPU_4	97.22	0	0	0	0	1.38	1.38	0	0	0
1428509955649661714	CPU_4	98.63	0	0	0	0	1.36	0	0	0	0
1428509956365226369	CPU_4	97.22	0	0	0	0	1.38	1.38	0	0	0
1428509957092094707	CPU_4	98.61	0	0	0	0	1.38	0	0	0	0
1428509957808542568	CPU_4	98.61	0	0	0	0	1.38	0	0	0	0
1428509958527554174	CPU_4	98.61	0	0	0	0	0	1.38	0	0	0
1428509959265122906	CPU_4	98.63	0	0	0	0	1.36	0	0	0	0
1428509959983842680	CPU_4	97.26	0	0	0	0	1.36	1.36	0	0	0
1428509960711270517	CPU_4	98.61	0	0	0	0	1.38	0	0	0	0
1428509961430730497	CPU_4	97.26	0	0	0	0	1.36	1.36	0	0	0
1428509962156300547	CPU_4	98.59	0	0	0	0	1.40	0	0	0	0
1428509962879016020	CPU_4	97.29	0	0	0	0	1.35	1.35	0	0	0
1428509963595898006	CPU_4	98.59	0	0	0	0	1.40	0	0	0	0
1428509964333448322	CPU_4	98.63	0	0	0	0	0	1.36	0	0	0
1428509965048246604	CPU_4	98.59	0	0	0	0	1.40	0	0	0	0
1428509965775424901	CPU_4	97.29	0	0	0	0	1.35	1.35	0	0	0
1428509966492663511	CPU_4	98.59	0	0	0	0	1.40	0	0	0	0
1428509967207755042	CPU_4	98.61	0	0	0	0	1.38	0	0	0	0
1428509967935302589	CPU_4	97.26	0	0	0	0	1.36	1.36	0	0	0
1428509968652578157	CPU_4	98.59	0	0	0	0	1.40	0	0	0	0
1428509969379166539	CPU_4	97.26	0	0	0	0	1.36	1.36	0	0	0
1428509970092458366	CPU_4	100.00	0	0	0	0	0	0	0	0	0
1428509970808402813	CPU_4	97.22	0	0	0	0	1.38	1.38	0	0	0
1428509971536351525	CPU_4	98.61	0	0	0	0	1.38	0	0	0	0
1428509972255074340	CPU_4	97.26	0	0	0	0	1.36	1.36	0	0	0
1428509972980806891	CPU_4	98.61	0	0	0	0	1.38	0	0	0	0
1428509973698516834	CPU_4	97.26	0	0	0	0	1.36	1.36	0	0	0
1428509974415526987	CPU_4	98.59	0	0	0	0	1.40	0	0	0	0
1428509975141556328	CPU_4	97.26	0	0	0	0	1.36	1.36	0	0	0
1428509975857243651	CPU_4	100.00	0	0	0	0	0	0	0	0	0
1428509976584299032	CPU_4	98.63	0	0	0	0	1.36	0	0	0	0
1428509977302199100	CPU_4	97.22	0	0	0	0	1.38	1.38	0	0	0
1428509978018163588	CPU_4	98.59	0	0	0	0	1.40	0	0	0	0
1428509978745285220	CPU_4	97.29	0	0	0	0	1.35	1.35	0	0	0
1428509979462638914	CPU_4	98.59	0	0	0	0	1.40	0	0	0	0
1428509980191975332	CPU_4	97.29	0	0	0	0	1.35	1.35	0	0	0
1428509980907468613	CPU_4	100.00	0	0	0	0	0	0	0	0	0
1428509981623899351	CPU_4	97.26	0	0	0	0	1.36	1.36	0	0	0
1428509982352370021	CPU_4	98.61	0	0	0	0	1.38	0	0	0	0
1428509983072367377	CPU_4	97.22	0	0	0	0	1.38	1.38	0	0	0
1428509983797186472	CPU_4	98.63	0	0	0	0	1.36	0	0	0	0
1428509984514417791	CPU_4	97.22	0	0	0	0	1.38	1.38	0	0	0
1428509985234119981	CPU_4	98.61	0	0	0	0	1.38	0	0	0	0
1428509985964339689	CPU_4	98.61	0	0	0	0	0	1.38	0	0	0
1428509986679542721	CPU_4	98.61	0	0	0	0	1.38	0	0	0	0
1428509987406243062	CPU_4	98.61	0	0	0	0	1.38	0	0	0	0
1428509988124890046	CPU_4	97.26	0	0	0	0	1.36	1.36	0	0	0
1428509988838383832	CPU_4	98.59	0	0	0	0	1.40	0	0	0	0
1428509989567216419	CPU_4	97.26	0	0	0	0	1.36	1.36	0	0	0
1428509990283307158	CPU_4	98.59	0	0	0	0	1.40	0	0	0	0
1428509991011930037	CPU_4	97.29	0	0	0	0	1.35	1.35	0	0	0
1428509991726931445	CPU_4	100.00	0	0	0	0	0	0	0	0	0
1428509992445874137	CPU_4	97.26	0	0	0	0	1.36	1.36	0	0	0
1428509993173843434	CPU_4	98.61	0	0	0	0	1.38	0	0	0	0
1428509993895399995	CPU_4	97.26	0	0	0	0	1.36	1.36	0	0	0
1428509994622137044	CPU_4	98.61	0	0	0	0	1.38	0	0	0	0
1428509995340228821	CPU_4	97.26	0	0	0	0	1.36	1.36	0	0	0
1428509996060045011	CPU_4	98.59	0	0	0	0	1.40	0	0	0	0
1428509996791030427	CPU_4	100.00	0	0	0	0	0	0	0	0	0
1428509997507491291	CPU_4	97.22	0	0	0	0	1.38	1.38	0	0	0
1428509998236069170	CPU_4	98.61	0	0	0	0	1.38	0	0	0	0
1428509998955188070	CPU_4	97.26	0	0	0	0	1.36	1.36	0	0	0
1428509999675714092	CPU_4	98.61	0	0	0	0	1.38	0	0	0	0
1428510000401452686	CPU_4	97.26	0	0	0	0	1.36	1.36	0	0	0
1428510001122781831	CPU_4	98.59	0	0	0	0	1.40	0	0	0	0
1428510001851138169	CPU_4	98.63	0	0	0	0	0	1.36	0	0	0
1428510002569201280	CPU_4	98.61	0	0	0	0	1.38	0	0	0	0
1428510003301395069	CPU_4	97.26	0	0	0	0	1.36	1.36	0	0	0
1428510004022417965	CPU_4	98.61	0	0	0	0	1.38	0	0	0	0
1428510004740700992	CPU_4	97.26	0	0	0	0	1.36	1.36	0	0	0
1428510005469044830	CPU_4	98.61	0	0	0	0	1.38	0	0	0	0
1428510006185978985	CPU_4	98.61	0	0	0	0	1.38	0	0	0	0
1428510006920575769	CPU_4	98.63	0	0	0	0	0	1.36	0	0	0
1428510007638994879	CPU_4	98.61	0	0	0	0	1.38	0	0	0	0
1428510008355575119	CPU_4	97.22	0	0	0	0	1.38	1.38	0	0	0
1428510009087047742	CPU_4	98.61	0	0	0	0	1.38	0	0	0	0
1428510009806458434	CPU_4	97.26	0	0	0	0	1.36	1.36	0	0	0
1428510010535442188	CPU_4	98.63	0	0	0	0	1.36	0	0	0	0
1428510011251193138	CPU_4	97.22	0	0	0	0	1.38	1.38	0	0	0
1428510011970006956	CPU_4	100.00	0	0	0	0	0	0	0	0	0
1428510012698456587	CPU_4	97.26	0	0	0	0	1.36	1.36	0	0	0
1428510013417023114	CPU_4	98.59	0	0	0	0	1.40	0	0	0	0
1428510014144538413	CPU_4	97.29	0	0	0	0	1.35	1.35	0	0	0
1428510014862476650	CPU_4	98.59	0	0	0	0	1.40	0	0	0	0
1428510015582174258	CPU_4	98.61	0	0	0	0	1.38	0	0	0	0
1428510016314276464	CPU_4	97.29	0	0	0	0	1.35	1.35	0	0	0
1428510017031277120	CPU_4	98.59	0	0	0	0	1.40	0	0	0	0
1428510017760103083	CPU_4	98.63	0	0	0	0	0	1.36	0	0	0
1428510018478870943	CPU_4	98.61	0	0	0	0	1.38	0	0	0	0
1428510019193909604	CPU_4	97.22	0	0	0	0	1.38	1.38	0	0	0
1428510019922755984	CPU_4	98.61	0	0	0	0	1.38	0	0	0	0
1428510020640924929	CPU_4	97.26	0	0	0	0	1.36	1.36	0	0	0
1428510021373882342	CPU_4	98.63	0	0	0	0	1.36	0	0	0	0
1428510022090162458	CPU_4	97.22	0	0	0	0	1.38	1.38	0	0	0
1428510022808254320	CPU_4	98.59	0	0	0	0	1.40	0	0	0	0
1428510023537271741	CPU_4	98.63	0	0	0	0	0	1.36	0	0	0
1428510024263380503	CPU_4	98.61	0	0	0	0	1.38	0	0	0	0
1428510024996169166	CPU_4	97.29	0	0	0	0	1.35	1.35	0	0	0
1428510025717161856	CPU_4	98.61	0	0	0	0	1.38	0	0	0	0
1428510026446911984	CPU_4	98.61	0	0	0	0	1.38	0	0	0	0
1428510027167726007	CPU_4	97.26	0	0	0	0	1.36	1.36	0	0	0
1428510027888524864	CPU_4	98.61	0	0	0	0	1.38	0	0	0	0
1428510028618848950	CPU_4	98.63	0	0	0	0	0	1.36	0	0	0
1428510029336431272	CPU_4	98.59	0	0	0	0	1.40	0	0	0	0
1428510030069221019	CPU_4	97.29	0	0	0	0	1.35	1.35	0	0	0
1428510030784107139	CPU_4	98.59	0	0	0	0	1.40	0	0	0	0
1428510031509807026	CPU_4	97.29	0	0	0	0	1.35	1.35	0	0	0
1428510032237118827	CPU_4	98.61	0	0	0	0	1.38	0	0	0	0
1428510032956458354	CPU_4	97.22	0	0	0	0	1.38	1.38	0	0	0
1428510033687234523	CPU_4	98.63	0	0	0	0	1.36	0	0	0	0
1428510034406312758	CPU_4	98.61	0	0	0	0	0	1.38	0	0	0
1428510035124856203	CPU_4	98.61	0	0	0	0	1.38	0	0	0	0
1428510035855022540	CPU_4	98.61	0	0	0	0	1.38	0	0	0	0
1428510036574159901	CPU_4	97.26	0	0	0	0	1.36	1.36	0	0	0
1428510037302531950	CPU_4	98.61	0	0	0	0	1.38	0	0	0	0
1428510038020710812	CPU_4	97.26	0	0	0	0	1.36	1.36	0	0	0
1428510038741680294	CPU_4	98.59	0	0	0	0	1.40	0	0	0	0
1428510039466711517	CPU_4	98.63	0	0	0	0	0	1.36	0	0	0
1428510040186822293	CPU_4	98.59	0	0	0	0	1.40	0	0	0	0
1428510040915132717	CPU_4	97.29	0	0	0	0	1.35	1.35	0	0	0
1428510041639950358	CPU_4	98.59	0	0	0	0	1.40	0	0	0	0
1428510042356582432	CPU_4	97.26	0	0	0	0	1.36	1.36	0	0	0
1428510043087943892	CPU_4	98.63	0	0	0	0	1.36	0	0	0	0
1428510043806157255	CPU_4	97.22	0	0	0	0	1.38	1.38	0	0	0
1428510044536549508	CPU_4	100.00	0	0	0	0	0	0	0	0	0
1428510045254996580	CPU_4	98.61	0	0	0	0	1.38	0	0	0	0
1428510045981154842	CPU_4	97.26	0	0	0	0	1.36	1.36	0	0	0
1428510046707648979	CPU_4	98.61	0	0	0	0	1.38	0	0	0	0
1428510047426027634	CPU_4	97.26	0	0	0	0	1.36	1.36	0	0	0
1428510048156258513	CPU_4	98.63	0	0	0	0	1.36	0	0	0	0
1428510048876249998	CPU_4	97.22	0	0	0	0	1.38	1.38	0	0	0
1428510049608267706	CPU_4	98.63	0	0	0	0	1.36	0	0	0	0
1428510050326155612	CPU_4	98.61	0	0	0	0	0	1.38	0	0	0
1428510051046006264	CPU_4	98.59	0	0	0	0	1.40	0	0	0	0
1428510051780098760	CPU_4	97.29	0	0	0	0	1.35	1.35	0	0	0
1428510052500428077	CPU_4	98.61	0	0	0	0	1.38	0	0	0	0
1428510053229468792	CPU_4	97.29	0	0	0	0	1.35	1.35	0	0	0
1428510053951276398	CPU_4	98.59	0	0	0	0	1.40	0	0	0	0
1428510054671529216	CPU_4	98.61	0	0	0	0	1.38	0	0	0	0
1428510055400932764	CPU_4	98.63	0	0	0	0	0	1.36	0	0	0
1428510056119039378	CPU_4	98.61	0	0	0	0	1.38	0	0	0	0
1428510056848853759	CPU_4	97.26	0	0	0	0	1.36	1.36	0	0	0
1428510057568473953	CPU_4	98.61	0	0	0	0	1.38	0	0	0	0
1428510058287254233	CPU_4	97.22	0	0	0	0	1.38	1.38	0	0	0
1428510059015670158	CPU_4	98.63	0	0	0	0	1.36	0	0	0	0
1428510059736391808	CPU_4	97.22	0	0	0	0	1.38	1.38	0	0	0
1428510060466160814	CPU_4	100.00	0	0	0	0	0	0	0	0	0
1428510061186200841	CPU_4	97.26	0	0	0	0	1.36	1.36	0	0	0
1428510061908479946	CPU_4	98.59	0	0	0	0	1.40	0	0	0	0
1428510062641843195	CPU_4	97.29	0	0	0	0	1.35	1.35	0	0	0
1428510063363525593	CPU_4	98.63	0	0	0	0	1.36	0	0	0	0
1428510064094099056	CPU_4	97.26	0	0	0	0	1.36	1.36	0	0	0
1428510064812197962	CPU_4	98.59	0	0	0	0	1.40	0	0	0	0
1428510065533476362	CPU_4	100.00	0	0	0	0	0	0	0	0	0
1428510066262620828	CPU_4	97.26	0	0	0	0	1.36	1.36	0	0	0
1428510066982277939	CPU_4	98.61	0	0	0	0	1.38	0	0	0	0
1428510067713587526	CPU_4	97.29	0	0	0	0	1.35	1.35	0	0	0
1428510068432507222	CPU_4	98.59	0	0	0	0	1.40	0	0	0	0
1428510069165039556	CPU_4	97.29	0	0	0	0	1.35	1.35	0	0	0
1428510069886334872	CPU_4	98.61	0	0	0	0	1.38	0	0	0	0
1428510070605570735	CPU_4	98.61	0	0	0	0	0	1.38	0	0	0
1428510071335811782	CPU_4	98.61	0	0	0	0	1.38	0	0	0	0
1428510072055462352	CPU_4	97.26	0	0	0	0	1.36	1.36	0	0	0
1428510072787099813	CPU_4	98.61	0	0	0	0	1.38	0	0	0	0
1428510073504008014	CPU_4	97.26	0	0	0	0	1.36	1.36	0	0	0
1428510074224409166	CPU_4	98.61	0	0	0	0	1.38	0	0	0	0
1428510074954958130	CPU_4	98.63	0	0	0	0	1.36	0	0	0	0
1428510075679501815	CPU_4	97.22	0	0	0	0	1.38	1.38	0	0	0
1428510076407713950	CPU_4	100.00	0	0	0	0	0	0	0	0	0
1428510077127654436	CPU_4	97.26	0	0	0	0	1.36	1.36	0	0	0
1428510077850512333	CPU_4	98.61	0	0	0	0	1.38	0	0	0	0
1428510078587631574	CPU_4	97.29	0	0	0	0	1.35	1.35	0	0	0
1428510079306946021	CPU_4	98.61	0	0	0	0	1.38	0	0	0	0
1428510080037161652	CPU_4	97.26	0	0	0	0	1.36	1.36	0	0	0
1428510080759241926	CPU_4	98.61	0	0	0	0	1.38	0	0	0	0
1428510081490580013	CPU_4	98.63	0	0	0	0	0	1.36	0	0	0
1428510082214398700	CPU_4	98.61	0	0	0	0	1.38	0	0	0	0
1428510082933946187	CPU_4	97.26	0	0	0	0	1.36	1.36	0	0	0
1428510083669167725	CPU_4	98.63	0	0	0	0	1.36	0	0	0	0
1428510084391103957	CPU_4	97.26	0	0	0	0	1.36	1.36	0	0	0
1428510085120976048	CPU_4	98.63	0	0	0	0	1.36	0	0	0	0
1428510085845686525	CPU_4	98.61	0	0	0	0	1.38	0	0	0	0
1428510086565996594	CPU_4	98.61	0	0	0	0	0	1.38	0	0	0
1428510087298525887	CPU_4	98.63	0	0	0	0	1.36	0	0	0	0
1428510088019473331	CPU_4	97.22	0	0	0	0	1.38	1.38	0	0	0
1428510088754506910	CPU_4	98.63	0	0	0	0	1.36	0	0	0	0
1428510089476284185	CPU_4	97.26	0	0	0	0	1.36	1.36	0	0	0
1428510090199088125	CPU_4	98.61	0	0	0	0	1.38	0	0	0	0
1428510090927945760	CPU_4	97.26	0	0	0	0	1.36	1.36	0	0	0
1428510091649196828	CPU_4	98.61	0	0	0	0	1.38	0	0	0	0
1428510092381345289	CPU_4	98.63	0	0	0	0	0	1.36	0	0	0
1428510093102167566	CPU_4	98.61	0	0	0	0	1.38	0	0	0	0
1428510093834824943	CPU_4	97.26	0	0	0	0	1.36	1.36	0	0	0
1428510094559814670	CPU_4	98.63	0	0	0	0	1.36	0	0	0	0
1428510095281655778	CPU_4	97.26	0	0	0	0	1.36	1.36	0	0	0
1428510096013969739	CPU_4	98.63	0	0	0	0	1.36	0	0	0	0
1428510096733386770	CPU_4	98.59	0	0	0	0	1.40	0	0	0	0
1428510097467126144	CPU_4	98.64	0	0	0	0	0	1.35	0	0	0
1428510098189429335	CPU_4	98.61	0	0	0	0	1.38	0	0	0	0
1428510098912758983	CPU_4	97.22	0	0	0	0	1.38	1.38	0	0	0
1428510099643400072	CPU_4	98.63	0	0	0	0	1.36	0	0	0	0
1428510100363983851	CPU_4	97.26	0	0	0	0	1.36	1.36	0	0	0
1428510101095962229	CPU_4	98.63	0	0	0	0	1.36	0	0	0	0
1428510101818916336	CPU_4	97.26	0	0	0	0	1.36	1.36	0	0	0
1428510102537947326	CPU_4	98.59	0	0	0	0	1.40	0	0	0	0
1428510103271088661	CPU_4	98.63	0	0	0	0	0	1.36	0	0	0
1428510103993254102	CPU_4	98.61	0	0	0	0	1.38	0	0	0	0
1428510104724799316	CPU_4	97.29	0	0	0	0	1.35	1.35	0	0	0
1428510105442852475	CPU_4	98.59	0	0	0	0	1.40	0	0	0	0
1428510106164512876	CPU_4	98.63	0	0	0	0	1.36	0	0	0	0
1428510106895975756	CPU_4	97.26	0	0	0	0	1.36	1.36	0	0	0
1428510107616573076	CPU_4	98.61	0	0	0	0	1.38	0	0	0	0
1428510108346931501	CPU_4	97.26	0	0	0	0	1.36	1.36	0	0	0
1428510109067569113	CPU_4	100.00	0	0	0	0	0	0	0	0	0
1428510109799624867	CPU_4	97.29	0	0	0	0	1.35	1.35	0	0	0
1428510110519808772	CPU_4	98.61	0	0	0	0	1.38	0	0	0	0
1428510111239356469	CPU_4	97.26	0	0	0	0	1.36	1.36	0	0	0
1428510111972235180	CPU_4	98.61	0	0	0	0	1.38	0	0	0	0
1428510112693038709	CPU_4	97.26	0	0	0	0	1.36	1.36	0	0	0
1428510113423457592	CPU_4	98.61	0	0	0	0	1.38	0	0	0	0
1428510114141393210	CPU_4	98.61	0	0	0	0	0	1.38	0	0	0
1428510114863968651	CPU_4	98.61	0	0	0	0	1.38	0	0	0	0
1428510115593918369	CPU_4	97.29	0	0	0	0	1.35	1.35	0	0	0
1428510116317200600	CPU_4	98.59	0	0	0	0	1.40	0	0	0	0
1428510117046085903	CPU_4	98.64	0	0	0	0	1.35	0	0	0	0
1428510117770073259	CPU_4	97.26	0	0	0	0	1.36	1.36	0	0	0
1428510118492033285	CPU_4	98.59	0	0	0	0	1.40	0	0	0	0
1428510119222812334	CPU_4	97.29	0	0	0	0	1.35	1.35	0	0	0
1428510119943284947	CPU_4	100.00	0	0	0	0	0	0	0	0	0
1428510120676309950	CPU_4	97.29	0	0	0	0	1.35	1.35	0	0	0
1428510121398388643	CPU_4	98.59	0	0	0	0	1.40	0	0	0	0
1428510122133469933	CPU_4	97.33	0	0	0	0	1.33	1.33	0	0	0
1428510122854267212	CPU_4	98.61	0	0	0	0	1.38	0	0	0	0
1428510123574244493	CPU_4	97.22	0	0	0	0	1.38	1.38	0	0	0
1428510124306071957	CPU_4	98.63	0	0	0	0	1.36	0	0	0	0
1428510125030307729	CPU_4	98.61	0	0	0	0	0	1.38	0	0	0
1428510125760709571	CPU_4	98.63	0	0	0	0	1.36	0	0	0	0
1428510126482914472	CPU_4	97.22	0	0	0	0	1.38	1.38	0	0	0
1428510127204935374	CPU_4	98.61	0	0	0	0	1.38	0	0	0	0
1428510127935771841	CPU_4	98.64	0	0	0	0	1.35	0	0	0	0
1428510128656414912	CPU_4	97.22	0	0	0	0	1.38	1.38	0	0	0
1428510129390135622	CPU_4	98.63	0	0	0	0	1.36	0	0	0	0
1428510130115906308	CPU_4	98.63	0	0	0	0	0	1.36	0	0	0
1428510130843573489	CPU_4	98.61	0	0	0	0	1.38	0	0	0	0
1428510131569197175	CPU_4	97.26	0	0	0	0	1.36	1.36	0	0	0
1428510132290961995	CPU_4	98.61	0	0	0	0	1.38	0	0	0	0
1428510133022250585	CPU_4	97.29	0	0	0	0	1.35	1.35	0	0	0
1428510133749227018	CPU_4	98.61	0	0	0	0	1.38	0	0	0	0
1428510134478430280	CPU_4	97.26	0	0	0	0	1.36	1.36	0	0	0
1428510135200435308	CPU_4	98.61	0	0	0	0	1.38	0	0	0	0
1428510135921855753	CPU_4	98.61	0	0	0	0	0	1.38	0	0	0
1428510136653100052	CPU_4	98.63	0	0	0	0	1.36	0	0	0	0
1428510137371717420	CPU_4	97.22	0	0	0	0	1.38	1.38	0	0	0
1428510138111168577	CPU_4	98.64	0	0	0	0	1.35	0	0	0	0
1428510138832002232	CPU_4	98.61	0	0	0	0	1.38	0	0	0	0
1428510139554227342	CPU_4	97.26	0	0	0	0	1.36	1.36	0	0	0
1428510140284669644	CPU_4	98.63	0	0	0	0	1.36	0	0	0	0
1428510141006084881	CPU_4	98.61	0	0	0	0	0	1.38	0	0	0
1428510141740366549	CPU_4	98.63	0	0	0	0	1.36	0	0	0	0
1428510142461662328	CPU_4	97.22	0	0	0	0	1.38	1.38	0	0	0
1428510143195427581	CPU_4	98.61	0	0	0	0	1.38	0	0	0	0
1428510143924689551	CPU_4	97.33	0	0	0	0	1.33	1.33	0	0	0
1428510144653381232	CPU_4	98.61	0	0	0	0	1.38	0	0	0	0
1428510145386681527	CPU_4	97.29	0	0	0	0	1.35	1.35	0	0	0
1428510146114224585	CPU_4	98.63	0	0	0	0	1.36	0	0	0	0
1428510146846986840	CPU_4	98.63	0	0	0	0	0	1.36	0	0	0
1428510147570518614	CPU_4	98.61	0	0	0	0	1.38	0	0	0	0
1428510148292391143	CPU_4	97.22	0	0	0	0	1.38	1.38	0	0	0
1428510149027159227	CPU_4	98.63	0	0	0	0	1.36	0	0	0	0
1428510149777234445	CPU_4	97.36	0	0	0	0	1.31	1.31	0	0	0
1428510150509460326	CPU_4	98.64	0	0	0	0	1.35	0	0	0	0
1428510151231963978	CPU_4	98.59	0	0	0	0	1.40	0	0	0	0
1428510151964403109	CPU_4	97.29	0	0	0	0	1.35	1.35	0	0	0
1428510152683877726	CPU_4	100.00	0	0	0	0	0	0	0	0	0
1428510153438167227	CPU_4	95.94	0	1.35	0	0	1.35	1.35	0	0	0
1428510154181819376	CPU_4	97.36	0	1.31	0	0	1.31	0	0	0	0
1428510154905546109	CPU_4	97.26	0	0	0	0	1.36	1.36	0	0	0
1428510155636569910	CPU_4	98.61	0	0	0	0	1.38	0	0	0	0
1428510156357794107	CPU_4	97.26	0	0	0	0	1.36	1.36	0	0	0
1428510157098267929	CPU_4	98.63	0	0	0	0	1.36	0	0	0	0
1428510157821368330	CPU_4	97.29	0	0	0	0	1.35	1.35	0	0	0
1428510158544608940	CPU_4	98.61	0	0	0	0	1.38	0	0	0	0
1428510159276135907	CPU_4	98.63	0	0	0	0	0	1.36	0	0	0
1428510159998541185	CPU_4	98.61	0	0	0	0	1.38	0	0	0	0
1428510160731219274	CPU_4	97.26	0	0	0	0	1.36	1.36	0	0	0
1428510161455116799	CPU_4	98.61	0	0	0	0	1.38	0	0	0	0
1428510162178388575	CPU_4	97.26	0	0	0	0	1.36	1.36	0	0	0
1428510162912940619	CPU_4	98.63	0	0	0	0	1.36	0	0	0	0
1428510163637277685	CPU_4	97.26	0	0	0	0	1.36	1.36	0	0	0
1428510164373049851	CPU_4	98.64	0	0	0	0	1.35	0	0	0	0
1428510165095646587	CPU_4	100.00	0	0	0	0	0	0	0	0	0
1428510165825592557	CPU_4	97.26	0	0	0	0	1.36	1.36	0	0	0
1428510166553982865	CPU_4	98.63	0	0	0	0	1.36	0	0	0	0
1428510167279188762	CPU_4	97.29	0	0	0	0	1.35	1.35	0	0	0
1428510168014073055	CPU_4	98.61	0	0	0	0	1.38	0	0	0	0
1428510168740422201	CPU_4	97.29	0	0	0	0	1.35	1.35	0	0	0
1428510169475184994	CPU_4	98.63	0	0	0	0	1.36	0	0	0	0
1428510170199560727	CPU_4	98.61	0	0	0	0	0	1.38	0	0	0
1428510170925573290	CPU_4	98.61	0	0	0	0	1.38	0	0	0	0
1428510171660349583	CPU_4	97.29	0	0	0	0	1.35	1.35	0	0	0
1428510172389633306	CPU_4	98.63	0	0	0	0	1.36	0	0	0	0
1428510173123148519	CPU_4	97.26	0	0	0	0	1.36	1.36	0	0	0
1428510173850232454	CPU_4	98.63	0	0	0	0	1.36	0	0	0	0
1428510174581147798	CPU_4	97.26	0	0	0	0	1.36	1.36	0	0	0
1428510175310284979	CPU_4	98.63	0	0	0	0	1.36	0	0	0	0
1428510176032958425	CPU_4	97.26	0	0	0	0	1.36	1.36	0	0	0
1428510176767712969	CPU_4	100.00	0	0	0	0	0	0	0	0	0
1428510177491380078	CPU_4	98.61	0	0	0	0	1.38	0	0	0	0
1428510178227616328	CPU_4	97.29	0	0	0	0	1.35	1.35	0	0	0
1428510178952505268	CPU_4	98.61	0	0	0	0	1.38	0	0	0	0
1428510179677358334	CPU_4	97.26	0	0	0	0	1.36	1.36	0	0	0
1428510180410925589	CPU_4	98.63	0	0	0	0	1.36	0	0	0	0
1428510181134742699	CPU_4	97.26	0	0	0	0	1.36	1.36	0	0	0
1428510181870953198	CPU_4	98.63	0	0	0	0	1.36	0	0	0	0
1428510182595985056	CPU_4	98.63	0	0	0	0	0	1.36	0	0	0
1428510183329862185	CPU_4	98.61	0	0	0	0	1.38	0	0	0	0
1428510184055798624	CPU_4	97.29	0	0	0	0	1.35	1.35	0	0	0
1428510184780897439	CPU_4	98.61	0	0	0	0	1.38	0	0	0	0
1428510185516207399	CPU_4	97.29	0	0	0	0	1.35	1.35	0	0	0
1428510186242188296	CPU_4	98.61	0	0	0	0	1.38	0	0	0	0
1428510186975369345	CPU_4	97.29	0	0	0	0	1.35	1.35	0	0	0
1428510187699548162	CPU_4	98.61	0	0	0	0	1.38	0	0	0	0
1428510188425699684	CPU_4	98.63	0	0	0	0	0	1.36	0	0	0
1428510189161230727	CPU_4	98.63	0	0	0	0	1.36	0	0	0	0
1428510189884347755	CPU_4	98.61	0	0	0	0	1.38	0	0	0	0
1428510190618737884	CPU_4	97.29	0	0	0	0	1.35	1.35	0	0	0
1428510191342874661	CPU_4	98.61	0	0	0	0	1.38	0	0	0	0
1428510192076562291	CPU_4	97.29	0	0	0	0	1.35	1.35	0	0	0
1428510192801214442	CPU_4	98.61	0	0	0	0	1.38	0	0	0	0
1428510193555130196	CPU_4	97.36	0	0	0	0	1.31	1.31	0	0	0
1428510194290459490	CPU_4	98.63	0	0	0	0	1.36	0	0	0	0
1428510195015180973	CPU_4	98.63	0	0	0	0	0	1.36	0	0	0
1428510195751219849	CPU_4	98.63	0	0	0	0	1.36	0	0	0	0
1428510196474746377	CPU_4	97.26	0	0	0	0	1.36	1.36	0	0	0
1428510197198373946	CPU_4	98.59	0	0	0	0	1.40	0	0	0	0
1428510197934514364	CPU_4	97.33	0	0	0	0	1.33	1.33	0	0	0
1428510198685439083	CPU_4	98.66	0	0	0	0	1.33	0	0	0	0
1428510199423171163	CPU_4	97.29	0	0	0	0	1.35	1.35	0	0	0
1428510200146220609	CPU_4	98.61	0	0	0	0	1.38	0	0	0	0
1428510200882898234	CPU_4	97.29	0	0	0	0	1.35	1.35	0	0	0
1428510201609092131	CPU_4	100.00	0	0	0	0	0	0	0	0	0
1428510202336394026	CPU_4	97.26	0	0	0	0	1.36	1.36	0	0	0
1428510203070309324	CPU_4	98.63	0	0	0	0	1.36	0	0	0	0
1428510203826196658	CPU_4	97.36	0	0	0	0	1.31	1.31	0	0	0
1428510204561536036	CPU_4	98.63	0	0	0	0	1.36	0	0	0	0
1428510205285467980	CPU_4	97.26	0	0	0	0	1.36	1.36	0	0	0
1428510206022192980	CPU_4	98.63	0	0	0	0	1.36	0	0	0	0
1428510206744667594	CPU_4	98.63	0	0	0	0	1.36	0	0	0	0
1428510207469425870	CPU_4	97.26	0	0	0	0	1.36	1.36	0	0	0
1428510208204282374	CPU_4	100.00	0	0	0	0	0	0	0	0	0
1428510208961822454	CPU_4	97.36	0	0	0	0	1.31	1.31	0	0	0
1428510209695608336	CPU_4	98.63	0	0	0	0	1.36	0	0	0	0
1428510210420257946	CPU_4	97.26	0	0	0	0	1.36	1.36	0	0	0
1428510211153857036	CPU_4	98.63	0	0	0	0	1.36	0	0	0	0
1428510211880541308	CPU_4	97.29	0	0	0	0	1.35	1.35	0	0	0
1428510212603514880	CPU_4	98.59	0	0	0	0	1.40	0	0	0	0
1428510213337614719	CPU_4	97.29	0	0	0	0	1.35	1.35	0	0	0
1428510214090017644	CPU_4	98.66	0	0	0	0	1.33	0	0	0	0
1428510214824861024	CPU_4	98.64	0	0	0	0	0	1.35	0	0	0
1428510215548389928	CPU_4	98.59	0	0	0	0	1.40	0	0	0	0
1428510216288474671	CPU_4	97.33	0	0	0	0	1.33	1.33	0	0	0
1428510217013530864	CPU_4	98.61	0	0	0	0	1.38	0	0	0	0
1428510217737905766	CPU_4	97.26	0	0	0	0	1.36	1.36	0	0	0
1428510218473811727	CPU_4	98.63	0	0	0	0	1.36	0	0	0	0
1428510219197917713	CPU_4	97.26	0	0	0	0	1.36	1.36	0	0	0
1428510219934286923	CPU_4	98.64	0	0	0	0	1.35	0	0	0	0
1428510220658126160	CPU_4	100.00	0	0	0	0	0	0	0	0	0
1428510221383346728	CPU_4	97.26	0	0	0	0	1.36	1.36	0	0	0
1428510222121473684	CPU_4	98.64	0	0	0	0	1.35	0	0	0	0
1428510222842678802	CPU_4	97.22	0	0	0	0	1.38	1.38	0	0	0
1428510223580068218	CPU_4	98.64	0	0	0	0	1.35	0	0	0	0
1428510224304441954	CPU_4	97.26	0	0	0	0	1.36	1.36	0	0	0
1428510225040052833	CPU_4	98.63	0	0	0	0	1.36	0	0	0	0
1428510225765200025	CPU_4	97.26	0	0	0	0	1.36	1.36	0	0	0
1428510226491316008	CPU_4	98.61	0	0	0	0	1.38	0	0	0	0
1428510227224990766	CPU_4	98.64	0	0	0	0	0	1.35	0	0	0
1428510227951165706	CPU_4	98.61	0	0	0	0	1.38	0	0	0	0
1428510228683025135	CPU_4	97.26	0	0	0	0	1.36	1.36	0	0	0
1428510229410162740	CPU_4	98.63	0	0	0	0	1.36	0	0	0	0
1428510230134170894	CPU_4	97.26	0	0	0	0	1.36	1.36	0	0	0
1428510230870839729	CPU_4	98.63	0	0	0	0	1.36	0	0	0	0
1428510231595899131	CPU_4	97.26	0	0	0	0	1.36	1.36	0	0	0
1428510232333318297	CPU_4	98.63	0	0	0	0	1.36	0	0	0	0
1428510233059629446	CPU_4	97.29	0	0	0	0	1.35	1.35	0	0	0
1428510233795491325	CPU_4	100.00	0	0	0	0	0	0	0	0	0
1428510234523557554	CPU_4	98.63	0	0	0	0	1.36	0	0	0	0
1428510235248064165	CPU_4	97.26	0	0	0	0	1.36	1.36	0	0	0
1428510235984212460	CPU_4	98.63	0	0	0	0	1.36	0	0	0	0
1428510236711792981	CPU_4	97.29	0	0	0	0	1.35	1.35	0	0	0
1428510237449346690	CPU_4	98.63	0	0	0	0	1.36	0	0	0	0
1428510238174578342	CPU_4	97.26	0	0	0	0	1.36	1.36	0	0	0
1428510238981004819	CPU_4	98.75	0	0	0	0	1.25	0	0	0	0
1428510239706943719	CPU_4	97.26	0	0	0	0	1.36	1.36	0	0	0
1428510240433801451	CPU_4	100.00	0	0	0	0	0	0	0	0	0
1428510241170123954	CPU_4	97.29	0	0	0	0	1.35	1.35	0	0	0
1428510241898215141	CPU_4	98.61	0	0	0	0	1.38	0	0	0	0
1428510242632831606	CPU_4	97.29	0	0	0	0	1.35	1.35	0	0	0
1428510243359122506	CPU_4	98.63	0	0	0	0	1.36	0	0	0	0
1428510244095293676	CPU_4	97.29	0	0	0	0	1.35	1.35	0	0	0
1428510244821001244	CPU_4	98.61	0	0	0	0	1.38	0	0	0	0
1428510245545080899	CPU_4	97.26	0	0	0	0	1.36	1.36	0	0	0
1428510246281702318	CPU_4	98.63	0	0	0	0	1.36	0	0	0	0
1428510247009335340	CPU_4	98.63	0	0	0	0	0	1.36	0	0	0
1428510247745030011	CPU_4	98.63	0	0	0	0	1.36	0	0	0	0
1428510248469450915	CPU_4	97.26	0	0	0	0	1.36	1.36	0	0	0
1428510249201589470	CPU_4	98.61	0	0	0	0	1.38	0	0	0	0
1428510249947383828	CPU_4	97.33	0	0	0	0	1.33	1.33	0	0	0
1428510250687323990	CPU_4	98.66	0	0	0	0	1.33	0	0	0	0
1428510251423541453	CPU_4	98.63	0	0	0	0	1.36	0	0	0	0
1428510252149072146	CPU_4	97.29	0	0	0	0	1.35	1.35	0	0	0
1428510252885711899	CPU_4	100.00	0	0	0	0	0	0	0	0	0
1428510253611651259	CPU_4	97.26	0	0	0	0	1.36	1.36	0	0	0
1428510254343540397	CPU_4	98.63	0	0	0	0	1.36	0	0	0	0
1428510255074968661	CPU_4	97.29	0	0	0	0	1.35	1.35	0	0	0
1428510255830773373	CPU_4	98.66	0	0	0	0	1.33	0	0	0	0
1428510256568519208	CPU_4	97.29	0	0	0	0	1.35	1.35	0	0	0
1428510257295199066	CPU_4	98.63	0	0	0	0	1.36	0	0	0	0
1428510258032333360	CPU_4	97.29	0	0	0	0	1.35	1.35	0	0	0
1428510258756720639	CPU_4	98.61	0	0	0	0	1.38	0	0	0	0
1428510259488805361	CPU_4	97.26	0	0	0	0	1.36	1.36	0	0	0
1428510260219639252	CPU_4	100.00	0	0	0	0	0	0	0	0	0
1428510260973372010	CPU_4	97.33	0	0	0	0	1.33	1.33	0	0	0
1428510261711908718	CPU_4	98.64	0	0	0	0	1.35	0	0	0	0
1428510262436683747	CPU_4	97.26	0	0	0	0	1.36	1.36	0	0	0
1428510263177050493	CPU_4	98.64	0	0	0	0	1.35	0	0	0	0
1428510263920609565	CPU_4	97.33	0	0	0	0	1.33	1.33	0	0	0
1428510264661977892	CPU_4	98.63	0	0	0	0	1.36	0	0	0	0
1428510265389767081	CPU_4	97.29	0	0	0	0	1.35	1.35	0	0	0
1428510266130606951	CPU_4	98.63	0	0	0	0	1.36	0	0	0	0
1428510266870032158	CPU_4	98.64	0	0	0	0	0	1.35	0	0	0
1428510267599641302	CPU_4	98.63	0	0	0	0	1.36	0	0	0	0
1428510268335650765	CPU_4	97.29	0	0	0	0	1.35	1.35	0	0	0
1428510269099963918	CPU_4	98.64	0	0	0	0	1.35	0	0	0	0
1428510269842725784	CPU_4	98.68	0	0	0	0	1.31	0	0	0	0
1428510270571422972	CPU_4	97.29	0	0	0	0	1.35	1.35	0	0	0
1428510271314803087	CPU_4	98.63	0	0	0	0	1.36	0	0	0	0
1428510272051217466	CPU_4	97.33	0	0	0	0	1.33	1.33	0	0	0
1428510272779471447	CPU_4	100.00	0	0	0	0	0	0	0	0	0
1428510273515440869	CPU_4	97.29	0	0	0	0	1.35	1.35	0	0	0
1428510274241402688	CPU_4	98.61	0	0	0	0	1.38	0	0	0	0
1428510274979701022	CPU_4	97.29	0	0	0	0	1.35	1.35	0	0	0
1428510275707379504	CPU_4	98.63	0	0	0	0	1.36	0	0	0	0
1428510276465434421	CPU_4	97.36	0	0	0	0	1.31	1.31	0	0	0
1428510277202223509	CPU_4	98.63	0	0	0	0	1.36	0	0	0	0
1428510277930314573	CPU_4	97.29	0	0	0	0	1.35	1.35	0	0	0
1428510278670105654	CPU_4	100.00	0	0	0	0	0	0	0	0	0
1428510279396674681	CPU_4	97.26	0	0	0	0	1.36	1.36	0	0	0
1428510280134494183	CPU_4	98.63	0	0	0	0	1.36	0	0	0	0
1428510280861450958	CPU_4	97.26	0	0	0	0	1.36	1.36	0	0	0
1428510281605546447	CPU_4	98.66	0	0	0	0	1.33	0	0	0	0
1428510282345536736	CPU_4	97.29	0	0	0	0	1.35	1.35	0	0	0
1428510283075114715	CPU_4	98.63	0	0	0	0	1.36	0	0	0	0
1428510283809371225	CPU_4	98.63	0	0	0	0	1.36	0	0	0	0
1428510284541111407	CPU_4	98.63	0	0	0	0	0	1.36	0	0	0
1428510285277356371	CPU_4	98.63	0	0	0	0	1.36	0	0	0	0
1428510286006354184	CPU_4	97.29	0	0	0	0	1.35	1.35	0	0	0
1428510286769449924	CPU_4	98.66	0	0	0	0	1.33	0	0	0	0
1428510287499762818	CPU_4	97.29	0	0	0	0	1.35	1.35	0	0	0
1428510288227643258	CPU_4	98.63	0	0	0	0	1.36	0	0	0	0
1428510288967520840	CPU_4	97.29	0	0	0	0	1.35	1.35	0	0	0
1428510289694214616	CPU_4	98.63	0	0	0	0	1.36	0	0	0	0
1428510290433209450	CPU_4	97.29	0	0	0	0	1.35	1.35	0	0	0
1428510291160514892	CPU_4	100.00	0	0	0	0	0	0	0	0	0
1428510291925790127	CPU_4	97.36	0	0	0	0	1.31	1.31	0	0	0
1428510292659070057	CPU_4	98.64	0	0	0	0	1.35	0	0	0	0
1428510293386812081	CPU_4	97.26	0	0	0	0	1.36	1.36	0	0	0
1428510294124299127	CPU_4	98.64	0	0	0	0	1.35	0	0	0	0
1428510294852747358	CPU_4	97.26	0	0	0	0	1.36	1.36	0	0	0
1428510295591399318	CPU_4	98.63	0	0	0	0	1.36	0	0	0	0
1428510296317613096	CPU_4	97.26	0	0	0	0	1.36	1.36	0	0	0
1428510297094477807	CPU_4	100.00	0	0	0	0	0	0	0	0	0
1428510297819822670	CPU_4	97.26	0	0	0	0	1.36	1.36	0	0	0
1428510298550122606	CPU_4	98.63	0	0	0	0	1.36	0	0	0	0
1428510299286726570	CPU_4	98.63	0	0	0	0	1.36	0	0	0	0
1428510300016138925	CPU_4	97.29	0	0	0	0	1.35	1.35	0	0	0
1428510300753517346	CPU_4	98.63	0	0	0	0	1.36	0	0	0	0
1428510301479759582	CPU_4	97.29	0	0	0	0	1.35	1.35	0	0	0
1428510302239276914	CPU_4	98.64	0	0	0	0	1.35	0	0	0	0
1428510302968514103	CPU_4	98.64	0	0	0	0	0	1.35	0	0	0
1428510303697107293	CPU_4	98.61	0	0	0	0	1.38	0	0	0	0
1428510304438109289	CPU_4	97.33	0	0	0	0	1.33	1.33	0	0	0
1428510305163580403	CPU_4	98.61	0	0	0	0	1.38	0	0	0	0
1428510305902516487	CPU_4	97.33	0	0	0	0	1.33	1.33	0	0	0
1428510306630562262	CPU_4	98.61	0	0	0	0	1.38	0	0	0	0
1428510307378073412	CPU_4	97.33	0	0	0	0	1.33	1.33	0	0	0
1428510308110074595	CPU_4	98.63	0	0	0	0	1.36	0	0	0	0
1428510308836694622	CPU_4	98.63	0	0	0	0	0	1.36	0	0	0
1428510309575779290	CPU_4	98.63	0	0	0	0	1.36	0	0	0	0
1428510310301955361	CPU_4	97.26	0	0	0	0	1.36	1.36	0	0	0
1428510311040766988	CPU_4	98.64	0	0	0	0	1.35	0	0	0	0
1428510311767089933	CPU_4	97.26	0	0	0	0	1.36	1.36	0	0	0
1428510312533966041	CPU_4	98.68	0	0	0	0	1.31	0	0	0	0
1428510313266800389	CPU_4	98.64	0	0	0	0	1.35	0	0	0	0
1428510314011183588	CPU_4	97.33	0	0	0	0	1.33	1.33	0	0	0
1428510314751318337	CPU_4	98.63	0	0	0	0	1.36	0	0	0	0
1428510315476227911	CPU_4	98.63	0	0	0	0	0	1.36	0	0	0
1428510316216278743	CPU_4	98.63	0	0	0	0	1.36	0	0	0	0
1428510316943250604	CPU_4	97.26	0	0	0	0	1.36	1.36	0	0	0
1428510317706110180	CPU_4	98.68	0	0	0	0	1.31	0	0	0	0
1428510318435269203	CPU_4	97.29	0	0	0	0	1.35	1.35	0	0	0
1428510319161701982	CPU_4	98.61	0	0	0	0	1.38	0	0	0	0
1428510319900277068	CPU_4	97.33	0	0	0	0	1.33	1.33	0	0	0
1428510320630369589	CPU_4	98.61	0	0	0	0	1.38	0	0	0	0
1428510321369126508	CPU_4	98.64	0	0	0	0	0	1.35	0	0	0
1428510322097053909	CPU_4	98.61	0	0	0	0	1.38	0	0	0	0
1428510322866005764	CPU_4	97.43	0	0	0	0	1.28	1.28	0	0	0
1428510323595567494	CPU_4	98.61	0	0	0	0	1.38	0	0	0	0
1428510324323525770	CPU_4	97.26	0	0	0	0	1.36	1.36	0	0	0
1428510325062874188	CPU_4	98.64	0	0	0	0	1.35	0	0	0	0
1428510325791484379	CPU_4	97.29	0	0	0	0	1.35	1.35	0	0	0
1428510326530985881	CPU_4	98.63	0	0	0	0	1.36	0	0	0	0
1428510327268931969	CPU_4	97.29	0	0	0	0	1.35	1.35	0	0	0
1428510328035099538	CPU_4	98.70	0	0	0	0	1.29	0	0	0	0
1428510328763168814	CPU_4	98.61	0	0	0	0	0	1.38	0	0	0
1428510329492627712	CPU_4	98.63	0	0	0	0	1.36	0	0	0	0
1428510330229603760	CPU_4	98.64	0	0	0	0	1.35	0	0	0	0
1428510330956572247	CPU_4	97.26	0	0	0	0	1.36	1.36	0	0	0
1428510331695149584	CPU_4	98.64	0	0	0	0	1.35	0	0	0	0
1428510332425020564	CPU_4	97.26	0	0	0	0	1.36	1.36	0	0	0
1428510333188551223	CPU_4	98.68	0	0	0	0	1.31	0	0	0	0
1428510333914238587	CPU_4	97.26	0	0	0	0	1.36	1.36	0	0	0
1428510334644593025	CPU_4	98.63	0	0	0	0	1.36	0	0	0	0
1428510335384374943	CPU_4	98.64	0	0	0	0	0	1.35	0	0	0
1428510336112562011	CPU_4	98.61	0	0	0	0	1.38	0	0	0	0
1428510336850234058	CPU_4	97.29	0	0	0	0	1.35	1.35	0	0	0
1428510337578978375	CPU_4	98.61	0	0	0	0	1.38	0	0	0	0
1428510338335946756	CPU_4	97.40	0	0	0	0	1.29	1.29	0	0	0
1428510339075768674	CPU_4	98.64	0	0	0	0	1.35	0	0	0	0
1428510339807209068	CPU_4	97.26	0	0	0	0	1.36	1.36	0	0	0
1428510340544807116	CPU_4	98.64	0	0	0	0	1.35	0	0	0	0
1428510341273837391	CPU_4	97.26	0	0	0	0	1.36	1.36	0	0	0
1428510342012255562	CPU_4	100.00	0	0	0	0	0	0	0	0	0
1428510342743097666	CPU_4	97.26	0	0	0	0	1.36	1.36	0	0	0
1428510343513302186	CPU_4	98.68	0	0	0	0	1.31	0	0	0	0
1428510344275126099	CPU_4	97.40	0	0	0	0	1.29	1.29	0	0	0
1428510345000956130	CPU_4	98.63	0	0	0	0	1.36	0	0	0	0
1428510345742649503	CPU_4	97.33	0	0	0	0	1.33	1.33	0	0	0
1428510346470935862	CPU_4	98.61	0	0	0	0	1.38	0	0	0	0
1428510347210778531	CPU_4	97.33	0	0	0	0	1.33	1.33	0	0	0
1428510347937123436	CPU_4	98.61	0	0	0	0	1.38	0	0	0	0
1428510348696810812	CPU_4	98.68	0	0	0	0	1.31	0	0	0	0
1428510349424684590	CPU_4	98.63	0	0	0	0	0	1.36	0	0	0
1428510350156312693	CPU_4	98.61	0	0	0	0	1.38	0	0	0	0
1428510350894407532	CPU_4	97.33	0	0	0	0	1.33	1.33	0	0	0
1428510351622626808	CPU_4	98.59	0	0	0	0	1.40	0	0	0	0
1428510352364830097	CPU_4	52.00	0	1.33	44.00	0	1.33	1.33	0	0	0
