#Timestamp	CPU_ID	user%	nice%	sys%	idle%	iowait%	irq%	softiq%	steal%	guest%	guest_nice%
1419870174224120282	CPU_4	84.74	0	15.25	0	0	0	0	0	0	
1419870175138964887	CPU_4	92.30	0	6.59	0	0	1.09	0	0	0	
1419870176074073237	CPU_4	92.70	0	5.20	0	0	1.04	1.04	0	0	
1419870177019111231	CPU_4	94.68	0	5.31	0	0	0	0	0	0	
1419870177969076214	CPU_4	92.63	0	6.31	0	0	1.05	0	0	0	
1419870178909057886	CPU_4	94.62	0	5.37	0	0	0	0	0	0	
1419870179844104153	CPU_4	92.55	0	5.31	0	0	1.06	1.06	0	0	
1419870180779120670	CPU_4	94.68	0	5.31	0	0	0	0	0	0	
1419870181724086414	CPU_4	91.48	0	7.44	0	0	1.06	0	0	0	
1419870182674075772	CPU_4	92.63	0	5.26	0	0	1.05	1.05	0	0	
1419870183614044653	CPU_4	93.54	0	6.45	0	0	0	0	0	0	
1419870184559095063	CPU_4	94.73	0	4.21	0	0	1.05	0	0	0	
1419870185524094470	CPU_4	92.78	0	6.18	0	0	0	1.03	0	0	
1419870186464115183	CPU_4	93.61	0	5.31	0	0	1.06	0	0	0	
1419870187399081034	CPU_4	90.32	0	9.67	0	0	0	0	0	0	
1419870188349085433	CPU_4	93.68	0	5.26	0	0	1.05	0	0	0	
1419870189294099552	CPU_4	90.62	0	7.29	0	0	1.04	1.04	0	0	
1419870190254075512	CPU_4	93.61	0	6.38	0	0	0	0	0	0	
1419870191209110608	CPU_4	92.78	0	6.18	0	0	1.03	0	0	0	
1419870192169100234	CPU_4	93.68	0	5.26	0	0	0	1.05	0	0	
1419870193119219925	CPU_4	88.54	0	10.41	0	0	1.04	0	0	0	
1419870194064368335	CPU_4	90.42	0	8.51	0	0	1.06	0	0	0	
1419870195009403329	CPU_4	88.42	0	10.52	0	0	0	1.05	0	0	
1419870195949404376	CPU_4	89.36	0	9.57	0	0	1.06	0	0	0	
1419870196874189708	CPU_4	90.32	0	8.60	0	0	1.07	0	0	0	
1419870197809419267	CPU_4	90.32	0	8.60	0	0	0	1.07	0	0	
1419870198759420958	CPU_4	89.36	0	9.57	0	0	1.06	0	0	0	
1419870199704383243	CPU_4	87.36	0	10.52	0	0	1.05	1.05	0	0	
1419870200659418089	CPU_4	92.55	0	7.44	0	0	0	0	0	0	
1419870201599365637	CPU_4	88.54	0	10.41	0	0	1.04	0	0	0	
1419870202539397975	CPU_4	87.36	0	10.52	0	0	1.05	1.05	0	0	
1419870203484382678	CPU_4	93.47	0	6.52	0	0	0	0	0	0	
1419870204419397320	CPU_4	87.23	0	10.63	0	0	1.06	1.06	0	0	
1419870205334355258	CPU_4	90.32	0	8.60	0	0	1.07	0	0	0	
1419870206269403900	CPU_4	91.30	0	8.69	0	0	0	0	0	0	
1419870207224416454	CPU_4	88.65	0	9.27	0	0	1.03	1.03	0	0	
1419870208169388865	CPU_4	86.17	0	12.76	0	0	1.06	0	0	0	
1419870209124307253	CPU_4	88.29	0	10.63	0	0	1.06	0	0	0	
1419870210049404585	CPU_4	89.36	0	9.57	0	0	0	1.06	0	0	
1419870210994364579	CPU_4	92.63	0	6.31	0	0	1.05	0	0	0	
1419870212184588551	CPU_4	61.86	0	33.89	0	2.54	.84	.84	0	0	
1419870213294530749	CPU_4	55.04	0	43.11	0	.91	.91	0	0	0	
1419870214324552964	CPU_4	56.31	0	40.77	0	.97	.97	.97	0	0	
1419870215429499465	CPU_4	52.25	0	43.24	0	2.70	.90	.90	0	0	
1419870216382158109	CPU_4	26.80	0	26.80	0	45.36	1.03	0	0	0	
1419870217159590071	CPU_4	9.09	0	23.37	0	67.53	0	0	0	0	
1419870218174327363	CPU_4	48.51	0	46.53	0	2.97	.99	.99	0	0	
1419870219139503394	CPU_4	52.57	0	46.39	0	0	1.03	0	0	0	
1419870220074498911	CPU_4	36.17	0	37.23	0	23.40	1.06	2.12	0	0	
1419870221103252421	CPU_4	50.48	0	47.57	0	1.94	0	0	0	0	
1419870222074549938	CPU_4	48.95	0	50.00	0	0	1.04	0	0	0	
1419870223094586551	CPU_4	50.00	0	43.13	0	5.88	.98	0	0	0	
1419870224115852537	CPU_4	54.90	0	43.13	0	0	.98	.98	0	0	
1419870225139532475	CPU_4	50.49	0	46.53	.99	.99	.99	0	0	0	
1419870226164567702	CPU_4	51.92	0	45.19	0	.96	.96	.96	0	0	
1419870227164519778	CPU_4	41.00	0	46.00	0	12.00	1.00	0	0	0	
1419870228129533309	CPU_4	50.00	0	47.91	0	0	1.04	1.04	0	0	
1419870229169536418	CPU_4	52.38	0	42.85	0	2.85	.95	.95	0	0	
1419870230179546679	CPU_4	47.47	0	43.43	0	8.08	1.01	0	0	0	
1419870231194589721	CPU_4	54.36	0	41.74	0	1.94	.97	.97	0	0	
1419870232199485869	CPU_4	51.00	0	48.00	0	0	1.00	0	0	0	
1419870233174547419	CPU_4	53.60	0	42.26	0	2.06	1.03	1.03	0	0	
1419870234209547581	CPU_4	53.39	0	43.68	0	1.94	.97	0	0	0	
1419870235204541210	CPU_4	70.70	0	28.28	0	0	0	1.01	0	0	
1419870236198707132	CPU_4	72.72	0	26.26	0	0	1.01	0	0	0	
1419870237179549836	CPU_4	69.69	0	28.28	0	0	1.01	1.01	0	0	
1419870238189500681	CPU_4	72.27	0	26.73	0	0	.99	0	0	0	
1419870239184501560	CPU_4	71.00	0	27.00	0	0	1.00	1.00	0	0	
1419870240179533772	CPU_4	73.73	0	25.25	0	0	1.01	0	0	0	
1419870241139549023	CPU_4	72.04	0	26.88	0	0	0	1.07	0	0	
1419870242104475305	CPU_4	72.44	0	26.53	0	0	1.02	0	0	0	
1419870243064492973	CPU_4	71.13	0	26.80	0	0	1.03	1.03	0	0	
1419870244029543879	CPU_4	73.95	0	25.00	0	0	1.04	0	0	0	
1419870244964469896	CPU_4	71.57	0	25.26	1.05	0	1.05	1.05	0	0	
1419870245949479673	CPU_4	75.25	0	24.74	0	0	0	0	0	0	
1419870246889547054	CPU_4	71.57	0	26.31	0	0	1.05	1.05	0	0	
1419870247854538960	CPU_4	72.16	0	26.80	0	0	1.03	0	0	0	
1419870248789481686	CPU_4	74.19	0	24.73	0	0	1.07	0	0	0	
1419870249799624988	CPU_4	70.52	0	27.36	0	0	1.05	1.05	0	0	
1419870250734513089	CPU_4	68.68	0	27.27	1.01	3.03	0	0	0	0	
1419870251754244036	CPU_4	81.18	0	16.83	0	0	.99	.99	0	0	
1419870252694126250	CPU_4	89.36	0	9.57	0	0	1.06	0	0	0	
1419870253649456346	CPU_4	92.70	0	7.29	0	0	0	0	0	0	
1419870254589150352	CPU_4	87.36	0	10.52	0	0	1.05	1.05	0	0	
1419870255539225918	CPU_4	92.55	0	6.38	0	0	1.06	0	0	0	
1419870256489130192	CPU_4	91.57	0	8.42	0	0	0	0	0	0	
1419870257429132698	CPU_4	90.42	0	7.44	0	0	1.06	1.06	0	0	
1419870258384143710	CPU_4	90.52	0	9.47	0	0	0	0	0	0	
1419870259344220961	CPU_4	91.66	0	7.29	0	0	1.04	0	0	0	
1419870260283705385	CPU_4	90.52	0	7.36	0	0	1.05	1.05	0	0	
1419870261249151290	CPU_4	91.57	0	8.42	0	0	0	0	0	0	
1419870262189151879	CPU_4	89.47	0	9.47	0	0	1.05	0	0	0	
1419870263134218956	CPU_4	92.55	0	6.38	0	0	0	1.06	0	0	
1419870264084472230	CPU_4	73.68	0	25.26	0	0	1.05	0	0	0	
1419870265089684085	CPU_4	79.20	0	18.81	0	0	.99	.99	0	0	
1419870266064601886	CPU_4	82.82	0	16.16	0	0	1.01	0	0	0	
1419870267039664519	CPU_4	76.28	0	21.64	0	0	1.03	1.03	0	0	
1419870268034488857	CPU_4	84.69	0	14.28	0	0	1.02	0	0	0	
1419870268984606798	CPU_4	81.25	0	17.70	0	0	1.04	0	0	0	
1419870269989479904	CPU_4	82.17	0	14.85	.99	0	.99	.99	0	0	
1419870270994631301	CPU_4	82.00	0	17.00	0	0	1.00	0	0	0	
1419870271984569109	CPU_4	81.81	0	16.16	0	0	1.01	1.01	0	0	
1419870272934633008	CPU_4	82.97	0	17.02	0	0	0	0	0	0	
1419870273864640286	CPU_4	83.87	0	13.97	0	0	1.07	1.07	0	0	
1419870275239560584	CPU_4	78.26	0	18.11	1.44	0	1.44	.72	0	0	
1419870276284534681	CPU_4	84.76	0	14.28	0	0	.95	0	0	0	
1419870277254634243	CPU_4	84.53	0	14.43	0	0	1.03	0	0	0	
1419870278249505080	CPU_4	80.19	0	17.82	0	0	.99	.99	0	0	
1419870279253259981	CPU_4	76.76	0	17.17	0	5.05	1.01	0	0	0	
1419870280039584548	CPU_4	28.57	0	16.88	0	53.24	0	1.29	0	0	
1419870281004579621	CPU_4	81.25	0	17.70	0	0	1.04	0	0	0	
1419870281959572926	CPU_4	77.31	0	20.61	0	0	1.03	1.03	0	0	
1419870282969513062	CPU_4	83.00	0	16.00	0	0	1.00	0	0	0	
1419870283964620858	CPU_4	83.00	0	15.00	0	0	1.00	1.00	0	0	
1419870284964595559	CPU_4	85.00	0	13.00	1.00	0	1.00	0	0	0	
1419870285974601903	CPU_4	78.21	0	19.80	0	0	.99	.99	0	0	
1419870286969515241	CPU_4	83.83	0	15.15	0	0	1.01	0	0	0	
1419870287984627490	CPU_4	84.31	0	14.70	0	0	.98	0	0	0	
1419870288944727075	CPU_4	81.05	0	16.84	0	0	1.05	1.05	0	0	
1419870289904668618	CPU_4	69.47	0	29.47	0	0	1.05	0	0	0	
1419870291164705888	CPU_4	61.24	0	8.52	28.68	0	.77	.77	0	0	
1419870292174654691	CPU_4	86.00	0	13.00	0	0	1.00	0	0	0	
1419870293191978393	CPU_4	86.27	0	11.76	0	0	.98	.98	0	0	
1419870294229691174	CPU_4	83.65	0	15.38	0	0	.96	0	0	0	
1419870295234658489	CPU_4	87.12	0	10.89	0	0	.99	.99	0	0	
1419870296239654553	CPU_4	85.00	0	14.00	0	0	1.00	0	0	0	
1419870297264676363	CPU_4	86.40	0	11.65	0	0	.97	.97	0	0	
1419870298304656431	CPU_4	88.34	0	10.67	0	0	.97	0	0	0	
1419870299274701367	CPU_4	84.69	0	13.26	0	0	1.02	1.02	0	0	
1419870300294499356	CPU_4	87.12	0	11.88	0	0	.99	0	0	0	
1419870301284657580	CPU_4	83.00	0	15.00	0	0	1.00	1.00	0	0	
1419870302309637681	CPU_4	86.13	0	12.87	0	0	.99	0	0	0	
1419870303309600591	CPU_4	85.14	0	12.87	0	0	.99	.99	0	0	
1419870304314507989	CPU_4	87.00	0	12.00	0	0	1.00	0	0	0	
1419870305314682148	CPU_4	79.00	0	19.00	0	0	1.00	1.00	0	0	
1419870306304725080	CPU_4	83.83	0	15.15	0	0	1.01	0	0	0	
1419870307314654966	CPU_4	86.13	0	11.88	0	0	.99	.99	0	0	
1419870308248821735	CPU_4	16.52	0	18.18	0	44.62	20.66	0	0	0	
1419870309024483285	CPU_4	47.43	0	17.94	0	34.61	0	0	0	0	
1419870309984217162	CPU_4	66.66	0	19.79	0	12.50	0	1.04	0	0	
1419870310928499283	CPU_4	68.47	0	19.56	0	11.95	0	0	0	0	
1419870311884195211	CPU_4	60.60	0	21.21	0	17.17	0	1.01	0	0	
1419870312820434183	CPU_4	69.23	0	15.38	0	15.38	0	0	0	0	
1419870313763801056	CPU_4	61.45	0	22.91	0	15.62	0	0	0	0	
1419870314739088439	CPU_4	67.01	0	20.61	0	11.34	0	1.03	0	0	
1419870315734032901	CPU_4	68.00	0	20.00	0	12.00	0	0	0	0	
1419870316730438944	CPU_4	46.39	0	14.43	0	38.14	0	1.03	0	0	
1419870317639212438	CPU_4	32.22	0	15.55	0	52.22	0	0	0	0	
1419870318540486782	CPU_4	50.00	0	15.55	0	34.44	0	0	0	0	
1419870319489210893	CPU_4	66.31	0	21.05	0	11.57	0	1.05	0	0	
1419870320460772951	CPU_4	70.40	0	16.32	0	13.26	0	0	0	0	
1419870321438849036	CPU_4	70.40	0	17.34	0	11.22	0	1.02	0	0	
1419870322389439808	CPU_4	72.34	0	15.95	0	11.70	0	0	0	0	
1419870323345936484	CPU_4	68.42	0	17.89	0	12.63	0	1.05	0	0	
1419870324335665709	CPU_4	71.71	0	16.16	0	12.12	0	0	0	0	
1419870325327017888	CPU_4	69.79	0	17.70	0	11.45	0	1.04	0	0	
1419870326310248336	CPU_4	68.75	0	18.75	0	12.50	0	0	0	0	
1419870327293340701	CPU_4	67.67	0	20.20	0	12.12	0	0	0	0	
1419870328280895972	CPU_4	65.97	0	20.61	0	12.37	0	1.03	0	0	
1419870329250787450	CPU_4	68.04	0	19.58	0	12.37	0	0	0	0	
1419870330226225208	CPU_4	67.34	0	18.36	0	13.26	0	1.02	0	0	
1419870331127786010	CPU_4	26.96	0	32.58	0	40.44	0	0	0	0	
1419870331982502712	CPU_4	14.28	0	35.71	0	50.00	0	0	0	0	
1419870332806154526	CPU_4	16.47	0	34.11	0	48.23	0	1.17	0	0	
1419870333644668140	CPU_4	20.73	0	29.26	0	50.00	0	0	0	0	
1419870334462377677	CPU_4	13.92	0	36.70	0	49.36	0	0	0	0	
1419870335312658764	CPU_4	13.09	0	38.09	0	47.61	0	1.19	0	0	
1419870336162970934	CPU_4	16.47	0	35.29	0	48.23	0	0	0	0	
1419870336975623274	CPU_4	5.00	0	26.25	0	68.75	0	0	0	0	
1419870337758946931	CPU_4	2.63	0	26.31	0	71.05	0	0	0	0	
1419870338593905803	CPU_4	15.73	0	32.58	0	49.43	1.12	1.12	0	0	
1419870339482481511	CPU_4	13.95	0	34.88	0	50.00	1.16	0	0	0	
1419870340393756040	CPU_4	18.60	0	30.23	0	50.00	1.16	0	0	0	
1419870341195925946	CPU_4	12.64	0	34.48	0	51.72	0	1.14	0	0	
1419870342051182022	CPU_4	13.48	0	35.95	0	49.43	1.12	0	0	0	
1419870342883236400	CPU_4	7.59	0	36.70	0	54.43	1.26	0	0	0	
1419870343710152958	CPU_4	12.04	0	40.96	0	45.78	1.20	0	0	0	
1419870344558007467	CPU_4	11.11	0	38.27	0	48.14	1.23	1.23	0	0	
1419870345375799128	CPU_4	10.71	0	40.47	1.19	46.42	1.19	0	0	0	
1419870346221281476	CPU_4	18.51	0	32.09	0	49.38	0	0	0	0	
1419870347051415317	CPU_4	17.07	0	32.92	0	47.56	1.21	1.21	0	0	
1419870347907447391	CPU_4	16.86	0	33.73	0	48.19	1.20	0	0	0	
1419870348727568006	CPU_4	16.86	0	36.14	0	45.78	1.20	0	0	0	
1419870349581160251	CPU_4	13.41	0	36.58	0	48.78	1.21	0	0	0	
1419870350427285848	CPU_4	17.64	0	32.94	0	47.05	1.17	1.17	0	0	
1419870351258559687	CPU_4	15.85	0	35.36	0	47.56	1.21	0	0	0	
1419870352095953303	CPU_4	15.47	0	35.71	0	47.61	1.19	0	0	0	
1419870352920999031	CPU_4	16.04	0	34.56	0	48.14	0	1.23	0	0	
1419870353772153033	CPU_4	14.63	0	35.36	0	48.78	1.21	0	0	0	
1419870354599620422	CPU_4	13.75	0	35.00	0	50.00	1.25	0	0	0	
1419870355455922453	CPU_4	16.47	0	31.76	0	50.58	1.17	0	0	0	
1419870356299423306	CPU_4	14.28	0	35.71	0	47.61	1.19	1.19	0	0	
1419870357157390667	CPU_4	16.66	0	34.52	0	47.61	1.19	0	0	0	
1419870358003293055	CPU_4	17.64	0	32.94	0	48.23	1.17	0	0	0	
1419870358853886516	CPU_4	12.79	0	39.53	0	46.51	0	1.16	0	0	
1419870359681255447	CPU_4	16.04	0	33.33	0	49.38	1.23	0	0	0	
1419870360532103408	CPU_4	12.34	0	37.03	0	49.38	1.23	0	0	0	
1419870361366677573	CPU_4	19.51	0	29.26	0	48.78	1.21	1.21	0	0	
1419870362227229761	CPU_4	12.94	0	38.82	0	47.05	1.17	0	0	0	
1419870363061635967	CPU_4	15.85	0	34.14	0	48.78	1.21	0	0	0	
1419870363884397576	CPU_4	13.41	0	39.02	0	46.34	1.21	0	0	0	
1419870364739534193	CPU_4	20.00	0	29.41	0	49.41	0	1.17	0	0	
1419870365581241008	CPU_4	16.04	0	32.09	0	50.61	1.23	0	0	0	
1419870366424920485	CPU_4	20.00	0	31.25	0	47.50	1.25	0	0	0	
1419870367268190296	CPU_4	13.58	0	33.33	0	50.61	1.23	1.23	0	0	
1419870368107599158	CPU_4	13.58	0	37.03	0	48.14	1.23	0	0	0	
1419870368945662648	CPU_4	14.28	0	38.09	0	46.42	1.19	0	0	0	
1419870369778621316	CPU_4	14.81	0	35.80	0	48.14	1.23	0	0	0	
1419870370616983639	CPU_4	18.07	0	31.32	1.20	46.98	1.20	1.20	0	0	
1419870371475308207	CPU_4	13.41	0	36.58	0	50.00	0	0	0	0	
1419870372308578666	CPU_4	20.00	0	30.00	0	48.75	1.25	0	0	0	
1419870373158363588	CPU_4	15.85	0	34.14	0	47.56	1.21	1.21	0	0	
1419870373986023393	CPU_4	16.25	0	33.75	0	48.75	1.25	0	0	0	
1419870374821803680	CPU_4	17.07	0	34.14	0	47.56	1.21	0	0	0	
1419870375661293500	CPU_4	16.66	0	36.90	0	45.23	1.19	0	0	0	
1419870376494128335	CPU_4	13.25	0	34.93	0	49.39	1.20	1.20	0	0	
1419870377321211184	CPU_4	12.82	0	37.17	0	48.71	1.28	0	0	0	
1419870378154156811	CPU_4	14.63	0	37.80	0	47.56	0	0	0	0	
1419870378981379534	CPU_4	18.82	0	32.94	0	45.88	1.17	1.17	0	0	
1419870379826031925	CPU_4	11.90	0	40.47	0	46.42	1.19	0	0	0	
1419870380652493650	CPU_4	17.28	0	34.56	0	46.91	1.23	0	0	0	
1419870381495615878	CPU_4	17.85	0	33.33	0	46.42	1.19	1.19	0	0	
1419870382344584468	CPU_4	15.47	0	36.90	0	46.42	1.19	0	0	0	
1419870383164129751	CPU_4	12.50	0	37.50	0	48.75	1.25	0	0	0	
1419870384017269373	CPU_4	16.27	0	37.20	0	46.51	0	0	0	0	
1419870384841008270	CPU_4	14.81	0	35.80	0	46.91	1.23	1.23	0	0	
1419870385703378996	CPU_4	14.77	0	37.50	0	46.59	1.13	0	0	0	
1419870386552152503	CPU_4	17.85	0	33.33	0	47.61	1.19	0	0	0	
1419870387379787100	CPU_4	15.66	0	36.14	0	45.78	1.20	1.20	0	0	
1419870388226252779	CPU_4	15.85	0	32.92	0	50.00	1.21	0	0	0	
1419870389038060079	CPU_4	18.51	0	34.56	0	45.67	1.23	0	0	0	
1419870389867782297	CPU_4	18.51	0	32.09	0	48.14	1.23	0	0	0	
1419870390727355446	CPU_4	14.63	0	36.58	0	47.56	0	1.21	0	0	
1419870391547115394	CPU_4	16.04	0	33.33	0	49.38	1.23	0	0	0	
1419870392391477870	CPU_4	18.07	0	33.73	0	46.98	1.20	0	0	0	
1419870393206306288	CPU_4	13.58	0	37.03	0	46.91	1.23	1.23	0	0	
1419870394041100786	CPU_4	14.63	0	36.58	0	47.56	1.21	0	0	0	
1419870394857545867	CPU_4	15.85	0	35.36	0	47.56	1.21	0	0	0	
1419870395721930296	CPU_4	17.07	0	31.70	1.21	48.78	1.21	0	0	0	
1419870396546772108	CPU_4	17.07	0	34.14	0	47.56	0	1.21	0	0	
1419870397395967239	CPU_4	12.04	0	38.55	0	48.19	1.20	0	0	0	
1419870398257633716	CPU_4	12.19	0	36.58	0	50.00	1.21	0	0	0	
1419870399081315031	CPU_4	15.38	0	33.33	0	48.71	1.28	1.28	0	0	
1419870399934860402	CPU_4	18.07	0	32.53	0	48.19	1.20	0	0	0	
1419870400848439218	CPU_4	15.47	0	33.33	0	50.00	1.19	0	0	0	
1419870401704164126	CPU_4	16.12	0	34.40	0	47.31	1.07	1.07	0	0	
1419870402604173307	CPU_4	16.09	0	32.18	0	50.57	1.14	0	0	0	
1419870403483698493	CPU_4	14.11	0	34.11	0	50.58	1.17	0	0	0	
1419870404307553932	CPU_4	11.11	0	39.50	0	48.14	1.23	0	0	0	
1419870405196268181	CPU_4	15.00	0	33.75	0	48.75	1.25	1.25	0	0	
1419870406038228828	CPU_4	12.50	0	36.36	0	50.00	1.13	0	0	0	
1419870406867572505	CPU_4	17.28	0	35.80	0	46.91	0	0	0	0	
1419870407732745766	CPU_4	14.60	0	37.07	0	46.06	1.12	1.12	0	0	
1419870408571268296	CPU_4	11.39	0	37.97	0	49.36	1.26	0	0	0	
1419870409423542462	CPU_4	16.27	0	37.20	0	45.34	1.16	0	0	0	
1419870410271444846	CPU_4	16.25	0	30.00	0	51.25	1.25	1.25	0	0	
1419870411083180605	CPU_4	15.38	0	35.89	0	47.43	1.28	0	0	0	
1419870411920940679	CPU_4	15.00	0	33.75	0	50.00	1.25	0	0	0	
1419870412745668033	CPU_4	18.75	0	33.75	0	47.50	0	0	0	0	
1419870413589711050	CPU_4	14.11	0	37.64	0	45.88	1.17	1.17	0	0	
1419870414480602752	CPU_4	22.98	0	36.78	0	39.08	1.14	0	0	0	
1419870415376265818	CPU_4	25.00	0	35.22	0	38.63	1.13	0	0	0	
1419870416271884134	CPU_4	21.97	0	35.16	0	40.65	1.09	1.09	0	0	
1419870417183994995	CPU_4	23.33	0	37.77	0	37.77	1.11	0	0	0	
1419870418078834105	CPU_4	23.33	0	35.55	0	40.00	1.11	0	0	0	
1419870419004190727	CPU_4	29.03	0	31.18	0	38.70	0	1.07	0	0	
1419870419921558868	CPU_4	27.95	0	34.40	0	36.55	1.07	0	0	0	
1419870420808366329	CPU_4	25.84	0	30.33	1.12	41.57	1.12	0	0	0	
1419870421715106036	CPU_4	24.17	0	34.06	0	39.56	1.09	1.09	0	0	
1419870422643208486	CPU_4	23.71	0	34.02	0	41.23	1.03	0	0	0	
1419870423549337653	CPU_4	21.97	0	35.16	0	42.85	0	0	0	0	
1419870424443679263	CPU_4	25.27	0	36.26	0	36.26	1.09	1.09	0	0	
1419870425336739418	CPU_4	10.00	0	22.22	0	66.66	1.11	0	0	0	
1419870426494140382	CPU_4	11.50	0	23.89	0	63.71	.88	0	0	0	
1419870427393497648	CPU_4	26.88	0	35.48	0	36.55	0	1.07	0	0	
1419870428223792656	CPU_4	8.64	0	16.04	0	74.07	1.23	0	0	0	
1419870428976239468	CPU_4	17.33	0	22.66	0	60.00	0	0	0	0	
1419870429880465514	CPU_4	28.26	0	32.60	0	38.04	1.08	0	0	0	
1419870430803570600	CPU_4	20.21	0	41.48	0	36.17	1.06	1.06	0	0	
1419870431700020247	CPU_4	28.73	0	31.03	0	39.08	1.14	0	0	0	
1419870432605361874	CPU_4	26.43	0	31.03	0	41.37	1.14	0	0	0	
1419870433526367632	CPU_4	24.46	0	38.29	0	36.17	0	1.06	0	0	
1419870434379590087	CPU_4	15.11	0	19.76	0	63.95	1.16	0	0	0	
1419870435321718546	CPU_4	24.44	0	33.33	1.11	40.00	1.11	0	0	0	
1419870436221988559	CPU_4	25.00	0	34.09	0	39.77	1.13	0	0	0	
1419870437128202184	CPU_4	20.93	0	38.37	0	39.53	0	1.16	0	0	
1419870438050527439	CPU_4	30.33	0	29.21	0	39.32	1.12	0	0	0	
1419870438929190419	CPU_4	24.17	0	37.36	0	37.36	1.09	0	0	0	
1419870439830882971	CPU_4	25.00	0	35.22	0	37.50	1.13	1.13	0	0	
1419870440739849631	CPU_4	28.26	0	31.52	0	39.13	1.08	0	0	0	
1419870441658468644	CPU_4	24.70	0	32.94	0	41.17	1.17	0	0	0	
1419870442551212633	CPU_4	22.72	0	37.50	0	38.63	0	1.13	0	0	
1419870443457756465	CPU_4	27.17	0	35.86	0	35.86	1.08	0	0	0	
1419870444364529756	CPU_4	27.95	0	34.40	0	36.55	1.07	0	0	0	
1419870445272160002	CPU_4	23.86	0	35.22	0	38.63	1.13	1.13	0	0	
1419870446198749205	CPU_4	27.77	0	32.22	0	38.88	1.11	0	0	0	
1419870447123854037	CPU_4	24.17	0	36.26	0	38.46	1.09	0	0	0	
1419870448059662427	CPU_4	20.83	0	39.58	0	37.50	1.04	1.04	0	0	
1419870448958460527	CPU_4	27.58	0	33.33	0	39.08	0	0	0	0	
1419870449866135316	CPU_4	24.71	0	35.95	0	38.20	1.12	0	0	0	
1419870450769202531	CPU_4	22.98	0	36.78	0	37.93	1.14	1.14	0	0	
1419870451677289485	CPU_4	27.58	0	32.18	0	39.08	1.14	0	0	0	
1419870452569121768	CPU_4	26.31	0	36.84	0	35.78	1.05	0	0	0	
1419870453494596724	CPU_4	26.66	0	33.33	0	37.77	1.11	1.11	0	0	
1419870454388606751	CPU_4	26.50	0	32.53	0	40.96	0	0	0	0	
1419870455285893397	CPU_4	27.05	0	30.58	1.17	40.00	1.17	0	0	0	
1419870456200568294	CPU_4	27.47	0	31.86	0	38.46	1.09	1.09	0	0	
1419870457114384401	CPU_4	23.91	0	38.04	0	36.95	1.08	0	0	0	
1419870458027324594	CPU_4	23.40	0	38.29	0	37.23	1.06	0	0	0	
1419870458931271683	CPU_4	23.91	0	38.04	0	35.86	1.08	1.08	0	0	
1419870459845102707	CPU_4	29.67	0	31.86	0	37.36	1.09	0	0	0	
1419870460737122573	CPU_4	15.55	0	40.00	0	44.44	0	0	0	0	
1419870461605355451	CPU_4	14.60	0	40.44	0	42.69	1.12	1.12	0	0	
1419870462501114809	CPU_4	11.23	0	28.08	0	59.55	1.12	0	0	0	
1419870463429691341	CPU_4	13.63	0	39.77	0	45.45	1.13	0	0	0	
1419870464284438834	CPU_4	13.68	0	38.94	0	45.26	1.05	1.05	0	0	
1419870465202416932	CPU_4	14.60	0	37.07	0	47.19	1.12	0	0	0	
1419870466118779491	CPU_4	11.95	0	39.13	0	47.82	1.08	0	0	0	
1419870466973129819	CPU_4	6.89	0	26.43	0	66.66	0	0	0	0	
1419870467842170988	CPU_4	16.85	0	38.20	0	42.69	1.12	1.12	0	0	
1419870468721422675	CPU_4	14.77	0	40.90	0	43.18	1.13	0	0	0	
1419870469614266080	CPU_4	14.77	0	40.90	0	43.18	1.13	0	0	0	
1419870470479157300	CPU_4	16.66	0	36.66	0	44.44	1.11	1.11	0	0	
1419870471363642392	CPU_4	16.85	0	39.32	0	42.69	1.12	0	0	0	
1419870472247561234	CPU_4	15.11	0	38.37	0	45.34	1.16	0	0	0	
1419870473113551577	CPU_4	15.73	0	38.20	0	43.82	1.12	1.12	0	0	
1419870473996747005	CPU_4	14.77	0	40.90	0	43.18	1.13	0	0	0	
1419870474884840921	CPU_4	14.94	0	41.37	0	43.67	0	0	0	0	
1419870475758693620	CPU_4	14.44	0	40.00	1.11	43.33	1.11	0	0	0	
1419870476639487137	CPU_4	15.90	0	37.50	0	44.31	1.13	1.13	0	0	
1419870477527373721	CPU_4	19.10	0	35.95	0	43.82	1.12	0	0	0	
1419870478400945462	CPU_4	20.00	0	32.94	0	45.88	1.17	0	0	0	
1419870479287769174	CPU_4	13.04	0	40.21	0	44.56	1.08	1.08	0	0	
1419870480168679357	CPU_4	18.18	0	37.50	0	43.18	1.13	0	0	0	
1419870481052479491	CPU_4	12.64	0	36.78	1.14	48.27	1.14	0	0	0	
1419870481830212620	CPU_4	3.79	0	20.25	0	75.94	0	0	0	0	
1419870482576026114	CPU_4	6.57	0	32.89	0	57.89	1.31	1.31	0	0	
1419870483453496096	CPU_4	17.04	0	39.77	0	43.18	0	0	0	0	
1419870484332044535	CPU_4	18.39	0	36.78	0	43.67	1.14	0	0	0	
1419870485212098428	CPU_4	15.55	0	38.88	0	43.33	1.11	1.11	0	0	
1419870486108554576	CPU_4	18.88	0	36.66	0	43.33	1.11	0	0	0	
1419870486980215488	CPU_4	17.24	0	37.93	0	43.67	1.14	0	0	0	
1419870487850884653	CPU_4	19.10	0	35.95	0	42.69	1.12	1.12	0	0	
1419870488723583897	CPU_4	13.48	0	43.82	0	41.57	1.12	0	0	0	
1419870489612552520	CPU_4	15.90	0	39.77	0	43.18	1.13	0	0	0	
1419870490487385633	CPU_4	19.10	0	35.95	1.12	42.69	1.12	0	0	0	
1419870491367845734	CPU_4	14.44	0	40.00	0	43.33	1.11	1.11	0	0	
1419870492242326390	CPU_4	17.44	0	38.37	0	43.02	1.16	0	0	0	
1419870493125142027	CPU_4	15.55	0	41.11	0	43.33	0	0	0	0	
1419870493996857815	CPU_4	18.60	0	37.20	0	41.86	1.16	1.16	0	0	
1419870494891608633	CPU_4	16.48	0	39.56	0	42.85	1.09	0	0	0	
1419870495764908167	CPU_4	16.09	0	39.08	0	43.67	1.14	0	0	0	
1419870496667448467	CPU_4	19.56	0	35.86	0	42.39	1.08	1.08	0	0	
1419870497555206884	CPU_4	14.94	0	40.22	0	43.67	1.14	0	0	0	
1419870498447458166	CPU_4	14.28	0	41.75	0	42.85	1.09	0	0	0	
1419870499323468277	CPU_4	16.09	0	39.08	0	43.67	1.14	0	0	0	
1419870500225783869	CPU_4	13.18	0	41.75	0	42.85	1.09	1.09	0	0	
1419870501108155924	CPU_4	13.79	0	40.22	0	44.82	1.14	0	0	0	
1419870501979532004	CPU_4	13.79	0	42.52	0	42.52	1.14	0	0	0	
1419870502876718316	CPU_4	15.05	0	41.93	0	40.86	1.07	1.07	0	0	
1419870503757279208	CPU_4	17.97	0	38.20	0	43.82	0	0	0	0	
1419870504635128607	CPU_4	15.11	0	39.53	0	44.18	1.16	0	0	0	
1419870505519270116	CPU_4	15.73	0	38.20	0	43.82	1.12	1.12	0	0	
1419870506399941799	CPU_4	15.90	0	39.77	0	43.18	1.13	0	0	0	
1419870507272219877	CPU_4	14.94	0	40.22	0	43.67	1.14	0	0	0	
1419870508159119880	CPU_4	10.98	0	45.05	0	41.75	1.09	1.09	0	0	
1419870509052914408	CPU_4	14.28	0	41.75	0	42.85	1.09	0	0	0	
1419870509940132202	CPU_4	14.11	0	41.17	0	43.52	1.17	0	0	0	
1419870510821977925	CPU_4	12.90	0	44.08	0	41.93	1.07	0	0	0	
1419870511709363009	CPU_4	15.38	0	40.65	0	41.75	1.09	1.09	0	0	
1419870512590399692	CPU_4	13.95	0	41.86	0	43.02	1.16	0	0	0	
1419870513467364926	CPU_4	17.58	0	38.46	0	42.85	1.09	0	0	0	
1419870514349009232	CPU_4	16.85	0	39.32	0	42.69	0	1.12	0	0	
1419870515248997288	CPU_4	15.73	0	38.20	0	44.94	1.12	0	0	0	
1419870516130076304	CPU_4	18.68	0	36.26	1.09	42.85	1.09	0	0	0	
1419870517024364123	CPU_4	15.38	0	40.65	0	41.75	1.09	1.09	0	0	
1419870517905175223	CPU_4	14.44	0	41.11	0	43.33	1.11	0	0	0	
1419870518778319091	CPU_4	16.27	0	38.37	0	44.18	1.16	0	0	0	
1419870519645502389	CPU_4	16.85	0	39.32	0	41.57	1.12	1.12	0	0	
1419870520547396565	CPU_4	21.34	0	34.83	0	42.69	1.12	0	0	0	
1419870521421652264	CPU_4	17.24	0	37.93	0	43.67	1.14	0	0	0	
1419870522325541644	CPU_4	15.55	0	40.00	0	43.33	1.11	0	0	0	
1419870523219089798	CPU_4	15.55	0	38.88	0	43.33	1.11	1.11	0	0	
1419870524100939229	CPU_4	18.18	0	38.63	0	42.04	1.13	0	0	0	
1419870524989713519	CPU_4	20.45	0	36.36	0	43.18	0	0	0	0	
1419870525903723168	CPU_4	15.38	0	37.36	0	45.05	1.09	1.09	0	0	
1419870526837508687	CPU_4	16.09	0	41.37	0	41.37	1.14	0	0	0	
1419870527687481442	CPU_4	17.58	0	35.16	0	46.15	1.09	0	0	0	
1419870528628171862	CPU_4	14.89	0	37.23	0	45.74	1.06	1.06	0	0	
1419870529579949382	CPU_4	16.66	0	38.54	0	43.75	1.04	0	0	0	
1419870530447765720	CPU_4	16.27	0	38.37	0	44.18	1.16	0	0	0	
1419870531329273194	CPU_4	16.27	0	38.37	0	43.02	1.16	1.16	0	0	
1419870532219964896	CPU_4	17.77	0	36.66	0	44.44	1.11	0	0	0	
1419870533101966868	CPU_4	13.48	0	42.69	0	42.69	1.12	0	0	0	
1419870533968478626	CPU_4	13.79	0	41.37	0	42.52	1.14	1.14	0	0	
1419870534856782209	CPU_4	20.87	0	36.26	0	41.75	1.09	0	0	0	
1419870535742417839	CPU_4	13.33	0	40.00	1.11	44.44	1.11	0	0	0	
1419870536644028683	CPU_4	15.55	0	40.00	0	43.33	1.11	0	0	0	
1419870537523268704	CPU_4	14.60	0	39.32	0	43.82	1.12	1.12	0	0	
1419870538423904425	CPU_4	19.10	0	37.07	0	43.82	0	0	0	0	
1419870539300454076	CPU_4	12.35	0	42.69	0	43.82	1.12	0	0	0	
1419870540179547680	CPU_4	18.18	0	35.22	0	44.31	1.13	1.13	0	0	
1419870541060822237	CPU_4	15.11	0	39.53	0	44.18	1.16	0	0	0	
1419870541959417130	CPU_4	17.58	0	38.46	0	42.85	1.09	0	0	0	
1419870542824412849	CPU_4	14.94	0	41.37	0	41.37	1.14	1.14	0	0	
1419870543698813297	CPU_4	17.97	0	37.07	0	43.82	1.12	0	0	0	
1419870544596619191	CPU_4	14.44	0	42.22	0	42.22	1.11	0	0	0	
1419870545493896379	CPU_4	18.60	0	34.88	0	44.18	1.16	1.16	0	0	
1419870546466831558	CPU_4	45.83	0	23.95	0	29.16	1.04	0	0	0	
1419870547442545315	CPU_4	47.72	0	23.86	0	27.27	1.13	0	0	0	
1419870548418736654	CPU_4	47.87	0	24.46	0	26.59	0	1.06	0	0	
1419870549396998280	CPU_4	41.05	0	25.26	0	32.63	1.05	0	0	0	
1419870550376711694	CPU_4	53.00	0	19.00	1.00	26.00	1.00	0	0	0	
1419870551379231890	CPU_4	49.01	0	25.49	0	23.52	.98	.98	0	0	
1419870552283872393	CPU_4	16.66	0	22.22	0	60.00	1.11	0	0	0	
1419870553247079512	CPU_4	47.36	0	25.26	0	27.36	0	0	0	0	
1419870554222623394	CPU_4	52.83	0	20.75	0	24.52	.94	.94	0	0	
1419870555201790560	CPU_4	51.45	0	23.30	0	24.27	.97	0	0	0	
1419870556201942510	CPU_4	41.93	0	25.80	0	30.10	1.07	1.07	0	0	
1419870557161843970	CPU_4	45.65	0	27.17	0	26.08	1.08	0	0	0	
1419870558149544074	CPU_4	48.42	0	23.15	0	27.36	1.05	0	0	0	
1419870559137059054	CPU_4	40.44	0	29.21	0	29.21	0	1.12	0	0	
1419870560107363073	CPU_4	48.35	0	23.07	0	27.47	1.09	0	0	0	
1419870561106627526	CPU_4	45.19	0	28.84	0	25.00	.96	0	0	0	
1419870562102099195	CPU_4	50.49	0	21.78	0	25.74	.99	.99	0	0	
1419870563092187127	CPU_4	48.03	0	24.50	0	26.47	.98	0	0	0	
1419870564090138208	CPU_4	44.08	0	29.03	0	25.80	1.07	0	0	0	
1419870565077628313	CPU_4	50.00	0	22.11	0	25.96	.96	.96	0	0	
1419870566020257229	CPU_4	48.45	0	26.80	0	24.74	0	0	0	0	
1419870567011564658	CPU_4	42.85	0	28.57	0	26.53	1.02	1.02	0	0	
1419870568001945090	CPU_4	44.89	0	29.59	0	24.48	1.02	0	0	0	
1419870568997567342	CPU_4	50.00	0	23.52	0	25.49	.98	0	0	0	
1419870569946746243	CPU_4	46.73	0	23.91	0	27.17	1.08	1.08	0	0	
1419870570942573162	CPU_4	48.35	0	23.07	1.09	26.37	1.09	0	0	0	
1419870571905483240	CPU_4	50.53	0	22.58	0	26.88	0	0	0	0	
1419870572872613558	CPU_4	54.12	0	21.10	0	22.93	.91	.91	0	0	
1419870573868835851	CPU_4	53.53	0	25.25	0	20.20	1.01	0	0	0	
1419870574885194306	CPU_4	67.64	0	28.43	0	1.96	.98	.98	0	0	
1419870575863549974	CPU_4	62.50	0	31.25	0	5.20	1.04	0	0	0	
1419870576869485411	CPU_4	59.40	0	37.62	0	1.98	0	.99	0	0	
1419870577856164143	CPU_4	63.63	0	33.33	0	2.02	1.01	0	0	0	
1419870578854477222	CPU_4	54.54	0	40.40	0	3.03	1.01	1.01	0	0	
1419870579828285484	CPU_4	62.24	0	34.69	0	2.04	1.02	0	0	0	
1419870580813879968	CPU_4	64.00	0	30.00	1.00	3.00	1.00	1.00	0	0	
1419870581809385304	CPU_4	56.12	0	36.73	0	7.14	0	0	0	0	
1419870582814413577	CPU_4	58.41	0	37.62	0	1.98	.99	.99	0	0	
1419870583802018723	CPU_4	59.59	0	37.37	0	2.02	1.01	0	0	0	
1419870584804412960	CPU_4	72.72	0	22.22	0	3.03	1.01	1.01	0	0	
1419870585788914696	CPU_4	65.97	0	28.86	0	4.12	1.03	0	0	0	
1419870586809325392	CPU_4	52.42	0	45.63	0	.97	0	.97	0	0	
1419870587768631312	CPU_4	53.12	0	41.66	0	4.16	1.04	0	0	0	
1419870588729439311	CPU_4	76.28	0	20.61	0	1.03	1.03	1.03	0	0	
1419870589874535512	CPU_4	56.88	0	37.61	0	4.58	.91	0	0	0	
1419870591024500743	CPU_4	65.54	0	26.05	0	6.72	.84	.84	0	0	
1419870592148014826	CPU_4	57.00	0	33.64	0	7.47	.93	.93	0	0	
1419870593148283693	CPU_4	55.55	0	41.66	0	1.85	.92	0	0	0	
1419870594129524021	CPU_4	63.91	0	30.92	0	3.09	1.03	1.03	0	0	
1419870595117684416	CPU_4	56.43	0	39.60	0	2.97	.99	0	0	0	
1419870596117080076	CPU_4	73.26	0	21.78	.99	2.97	0	.99	0	0	
1419870597169143241	CPU_4	69.23	0	26.92	0	2.88	.96	0	0	0	
1419870598119208807	CPU_4	92.70	0	6.25	0	0	1.04	0	0	0	
1419870599064165051	CPU_4	91.66	0	7.29	0	0	0	1.04	0	0	
1419870599996336199	CPU_4	93.47	0	5.43	0	0	1.08	0	0	0	
1419870600984137220	CPU_4	94.89	0	5.10	0	0	0	0	0	0	
1419870601934180119	CPU_4	90.62	0	7.29	0	0	1.04	1.04	0	0	
1419870602884185102	CPU_4	93.68	0	5.26	0	0	1.05	0	0	0	
1419870603824117399	CPU_4	94.62	0	5.37	0	0	0	0	0	0	
1419870604764108196	CPU_4	90.52	0	7.36	0	0	1.05	1.05	0	0	
1419870605709140774	CPU_4	91.48	0	8.51	0	0	0	0	0	0	
1419870606659438089	CPU_4	71.57	0	26.31	0	0	1.05	1.05	0	0	
1419870607599381761	CPU_4	59.57	0	39.36	0	0	1.06	0	0	0	
1419870608524518926	CPU_4	66.66	0	32.25	0	0	0	1.07	0	0	
1419870609439458947	CPU_4	66.30	0	31.52	0	0	1.08	1.08	0	0	
1419870610379509495	CPU_4	63.82	0	35.10	0	0	1.06	0	0	0	
1419870611334467216	CPU_4	66.66	0	31.25	0	0	1.04	1.04	0	0	
1419870612267494446	CPU_4	66.66	0	32.25	0	0	0	1.07	0	0	
1419870613199478095	CPU_4	63.04	0	35.86	0	0	1.08	0	0	0	
1419870614169431073	CPU_4	68.36	0	29.59	0	0	1.02	1.02	0	0	
1419870615095154570	CPU_4	67.02	0	30.85	0	0	1.06	1.06	0	0	
1419870616024431058	CPU_4	66.66	0	33.33	0	0	0	0	0	0	
1419870616949505765	CPU_4	67.02	0	30.85	0	0	1.06	1.06	0	0	
1419870617884560240	CPU_4	61.29	0	36.55	0	0	1.07	1.07	0	0	
1419870618834449098	CPU_4	65.26	0	34.73	0	0	0	0	0	0	
1419870619779525800	CPU_4	64.89	0	32.97	0	0	1.06	1.06	0	0	
1419870620719332348	CPU_4	68.08	0	29.78	0	0	1.06	1.06	0	0	
1419870621639446732	CPU_4	69.56	0	29.34	0	0	1.08	0	0	0	
1419870622584562768	CPU_4	58.51	0	40.42	0	0	0	1.06	0	0	
1419870623549323383	CPU_4	78.35	0	20.61	0	0	1.03	0	0	0	
1419870624489303930	CPU_4	82.97	0	14.89	0	0	1.06	1.06	0	0	
1419870625449383806	CPU_4	73.95	0	26.04	0	0	0	0	0	0	
1419870626394295676	CPU_4	83.15	0	15.78	0	0	1.05	0	0	0	
1419870627349411813	CPU_4	80.20	0	17.70	0	0	1.04	1.04	0	0	
1419870628284409163	CPU_4	82.79	0	17.20	0	0	0	0	0	0	
1419870629219371389	CPU_4	81.72	0	17.20	0	0	1.07	0	0	0	
1419870630159333145	CPU_4	74.73	0	23.15	0	0	1.05	1.05	0	0	
1419870631104311347	CPU_4	84.94	0	15.05	0	0	0	0	0	0	
1419870632074432950	CPU_4	80.61	0	17.34	0	0	1.02	1.02	0	0	
1419870633019305611	CPU_4	79.78	0	19.14	0	0	1.06	0	0	0	
1419870633944383859	CPU_4	81.52	0	18.47	0	0	0	0	0	0	
1419870634919518909	CPU_4	77.55	0	20.40	0	0	1.02	1.02	0	0	
1419870635879372411	CPU_4	77.31	0	20.61	1.03	0	1.03	0	0	0	
1419870636839363078	CPU_4	81.05	0	18.94	0	0	0	0	0	0	
1419870637774334887	CPU_4	80.00	0	17.89	0	0	1.05	1.05	0	0	
1419870638709333029	CPU_4	81.52	0	18.47	0	0	0	0	0	0	
1419870639649363868	CPU_4	76.59	0	22.34	0	0	1.06	0	0	0	
1419870640609336744	CPU_4	77.55	0	20.40	0	0	1.02	1.02	0	0	
1419870641579373473	CPU_4	81.25	0	18.75	0	0	0	0	0	0	
1419870642499291691	CPU_4	78.02	0	20.87	0	0	1.09	0	0	0	
1419870643424383022	CPU_4	75.53	0	22.34	0	0	1.06	1.06	0	0	
1419870644379316327	CPU_4	77.65	0	22.34	0	0	0	0	0	0	
1419870645344368567	CPU_4	81.44	0	17.52	0	0	1.03	0	0	0	
1419870646319420867	CPU_4	75.75	0	22.22	0	0	1.01	1.01	0	0	
1419870647259349122	CPU_4	80.43	0	19.56	0	0	0	0	0	0	
1419870648174355019	CPU_4	79.56	0	19.35	0	0	1.07	0	0	0	
1419870649119326888	CPU_4	76.59	0	21.27	0	0	1.06	1.06	0	0	
1419870650051642244	CPU_4	51.08	0	26.08	0	22.82	0	0	0	0	
1419870651017738648	CPU_4	47.95	0	32.65	0	17.34	1.02	1.02	0	0	
1419870651986712962	CPU_4	55.20	0	32.29	0	11.45	1.04	0	0	0	
1419870653065620648	CPU_4	49.54	0	34.86	0	13.76	.91	.91	0	0	
1419870654196339882	CPU_4	45.13	0	34.51	0	19.46	.88	0	0	0	
1419870655230588213	CPU_4	48.54	0	34.95	0	15.53	0	.97	0	0	
1419870656216583029	CPU_4	50.00	0	35.41	0	13.54	1.04	0	0	0	
1419870657203670218	CPU_4	49.49	0	32.32	0	16.16	1.01	1.01	0	0	
1419870658201344966	CPU_4	51.00	0	37.00	0	11.00	1.00	0	0	0	
1419870659198602548	CPU_4	45.45	0	41.41	0	12.12	1.01	0	0	0	
1419870660210334389	CPU_4	46.07	0	38.23	0	13.72	.98	.98	0	0	
1419870661196920871	CPU_4	51.54	0	32.98	0	15.46	0	0	0	0	
1419870662188338591	CPU_4	47.47	0	37.37	0	13.13	1.01	1.01	0	0	
1419870663166528717	CPU_4	56.70	0	30.92	0	11.34	1.03	0	0	0	
1419870664181205968	CPU_4	49.50	0	36.63	0	11.88	.99	.99	0	0	
1419870665202959036	CPU_4	45.63	0	36.89	0	16.50	.97	0	0	0	
1419870666191761846	CPU_4	52.57	0	31.95	1.03	13.40	0	1.03	0	0	
1419870667162218823	CPU_4	54.16	0	32.29	0	12.50	1.04	0	0	0	
1419870668147711682	CPU_4	46.00	0	40.00	0	12.00	1.00	1.00	0	0	
1419870669154374368	CPU_4	47.52	0	31.68	0	19.80	.99	0	0	0	
1419870670142303346	CPU_4	50.00	0	36.45	0	12.50	1.04	0	0	0	
1419870671133025569	CPU_4	49.51	0	36.89	0	11.65	.97	.97	0	0	
1419870672146504364	CPU_4	49.00	0	39.00	0	12.00	0	0	0	0	
1419870673131882557	CPU_4	49.50	0	33.66	0	14.85	.99	.99	0	0	
1419870674138331034	CPU_4	46.00	0	40.00	0	13.00	1.00	0	0	0	
1419870675134409703	CPU_4	50.50	0	35.35	0	12.12	1.01	1.01	0	0	
1419870676133284323	CPU_4	47.95	0	38.77	0	12.24	1.02	0	0	0	
1419870677139417343	CPU_4	47.52	0	38.61	0	12.87	0	.99	0	0	
1419870678137264341	CPU_4	40.81	0	45.91	0	12.24	1.02	0	0	0	
1419870679101639123	CPU_4	40.20	0	44.32	0	13.40	1.03	1.03	0	0	
1419870680082747743	CPU_4	48.95	0	37.50	0	12.50	1.04	0	0	0	
1419870681094222334	CPU_4	48.03	0	36.27	0	13.72	.98	.98	0	0	
1419870682083652684	CPU_4	51.02	0	36.73	0	11.22	1.02	0	0	0	
1419870683067212215	CPU_4	48.45	0	38.14	0	13.40	0	0	0	0	
1419870684045631340	CPU_4	45.91	0	40.81	0	11.22	1.02	1.02	0	0	
1419870685038518849	CPU_4	53.06	0	32.65	0	13.26	1.02	0	0	0	
1419870686019376802	CPU_4	59.40	0	31.68	.99	5.94	.99	.99	0	0	
1419870686959192017	CPU_4	92.39	0	7.60	0	0	0	0	0	0	
1419870687904256886	CPU_4	91.57	0	7.36	0	0	1.05	0	0	0	
1419870688849190672	CPU_4	91.48	0	7.44	0	0	0	1.06	0	0	
1419870689779190867	CPU_4	92.47	0	6.45	0	0	1.07	0	0	0	
1419870690709245854	CPU_4	91.48	0	7.44	0	0	1.06	0	0	0	
1419870691649280067	CPU_4	92.55	0	6.38	0	0	0	1.06	0	0	
1419870692594340186	CPU_4	91.48	0	7.44	0	0	1.06	0	0	0	
1419870693549181658	CPU_4	94.73	0	5.26	0	0	0	0	0	0	
1419870694484163550	CPU_4	90.42	0	7.44	0	0	1.06	1.06	0	0	
1419870695444204968	CPU_4	91.66	0	7.29	0	0	1.04	0	0	0	
1419870696404285885	CPU_4	91.57	0	8.42	0	0	0	0	0	0	
1419870697334205581	CPU_4	89.47	0	8.42	0	0	1.05	1.05	0	0	
1419870698274165961	CPU_4	94.56	0	5.43	0	0	0	0	0	0	
1419870699209194978	CPU_4	93.61	0	5.31	0	0	1.06	0	0	0	
1419870700139255340	CPU_4	90.52	0	7.36	0	0	1.05	1.05	0	0	
1419870701094147061	CPU_4	94.68	0	5.31	0	0	0	0	0	0	
1419870702044213794	CPU_4	90.52	0	8.42	0	0	1.05	0	0	0	
1419870702994187610	CPU_4	92.63	0	7.36	0	0	0	0	0	0	
1419870703954214361	CPU_4	90.72	0	7.21	0	0	1.03	1.03	0	0	
1419870704914201654	CPU_4	94.73	0	5.26	0	0	0	0	0	0	
1419870705864229261	CPU_4	93.68	0	5.26	0	0	1.05	0	0	0	
1419870706819140191	CPU_4	89.58	0	8.33	0	0	1.04	1.04	0	0	
1419870707749249928	CPU_4	93.47	0	6.52	0	0	0	0	0	0	
1419870708694209172	CPU_4	92.63	0	6.31	0	0	1.05	0	0	0	
1419870709619294795	CPU_4	89.24	0	9.67	0	0	0	1.07	0	0	
1419870710569259611	CPU_4	91.57	0	7.36	0	0	1.05	0	0	0	
1419870711524231707	CPU_4	92.47	0	7.52	0	0	0	0	0	0	
1419870712454158027	CPU_4	93.68	0	5.26	0	0	1.05	0	0	0	
1419870713394328408	CPU_4	88.29	0	9.57	0	0	1.06	1.06	0	0	
1419870714334180288	CPU_4	94.62	0	5.37	0	0	0	0	0	0	
1419870715354196277	CPU_4	92.63	0	6.31	0	0	1.05	0	0	0	
1419870716504272216	CPU_4	92.68	0	6.50	0	0	0	.81	0	0	
1419870717479255099	CPU_4	93.75	0	5.20	0	0	1.04	0	0	0	
1419870718474271604	CPU_4	93.06	0	5.94	0	0	.99	0	0	0	
1419870719409233079	CPU_4	92.47	0	6.45	0	0	0	1.07	0	0	
1419870720374243944	CPU_4	91.75	0	7.21	0	0	1.03	0	0	0	
1419870721349275827	CPU_4	92.78	0	7.21	0	0	0	0	0	0	
1419870722294285988	CPU_4	91.57	0	6.31	0	0	1.05	1.05	0	0	
1419870723229211130	CPU_4	92.55	0	6.38	0	0	1.06	0	0	0	
1419870724169235177	CPU_4	93.54	0	6.45	0	0	0	0	0	0	
1419870725109297516	CPU_4	89.36	0	8.51	0	0	1.06	1.06	0	0	
1419870726049211272	CPU_4	90.42	0	9.57	0	0	0	0	0	0	
1419870726994219141	CPU_4	91.48	0	7.44	0	0	1.06	0	0	0	
1419870727954198059	CPU_4	89.79	0	8.16	0	0	1.02	1.02	0	0	
1419870728894220189	CPU_4	94.62	0	5.37	0	0	0	0	0	0	
1419870729864175209	CPU_4	92.78	0	6.18	0	0	1.03	0	0	0	
1419870730804162673	CPU_4	93.61	0	6.38	0	0	0	0	0	0	
1419870731739281690	CPU_4	90.42	0	7.44	0	0	1.06	1.06	0	0	
1419870732679188154	CPU_4	92.55	0	6.38	0	0	1.06	0	0	0	
1419870733609225182	CPU_4	93.47	0	6.52	0	0	0	0	0	0	
1419870734549292438	CPU_4	90.52	0	7.36	0	0	1.05	1.05	0	0	
1419870735499202879	CPU_4	92.55	0	7.44	0	0	0	0	0	0	
1419870736454198267	CPU_4	90.62	0	8.33	0	0	1.04	0	0	0	
1419870737394141481	CPU_4	91.39	0	6.45	0	0	1.07	1.07	0	0	
1419870738324191009	CPU_4	92.55	0	7.44	0	0	0	0	0	0	
1419870739269247920	CPU_4	93.61	0	5.31	0	0	1.06	0	0	0	
1419870740199203490	CPU_4	92.47	0	7.52	0	0	0	0	0	0	
1419870741154232003	CPU_4	91.75	0	6.18	0	0	1.03	1.03	0	0	
1419870742089265395	CPU_4	92.39	0	7.60	0	0	0	0	0	0	
1419870743044281366	CPU_4	91.57	0	7.36	0	0	1.05	0	0	0	
1419870743993174267	CPU_4	33.33	0	43.01	0	21.50	1.07	1.07	0	0	
1419870745032221295	CPU_4	12.12	0	57.57	0	27.27	2.02	1.01	0	0	
1419870746006372014	CPU_4	9.80	0	62.74	.98	24.50	.98	.98	0	0	
1419870747043780837	CPU_4	13.00	0	57.00	0	28.00	2.00	0	0	0	
1419870747989468455	CPU_4	4.30	0	61.29	0	31.18	2.15	1.07	0	0	
1419870749002252085	CPU_4	8.16	0	58.16	0	31.63	1.02	1.02	0	0	
1419870749975296764	CPU_4	11.57	0	53.68	0	31.57	2.10	1.05	0	0	
1419870750914279314	CPU_4	6.25	0	61.45	0	30.20	1.04	1.04	0	0	
1419870751994387789	CPU_4	9.70	0	60.19	0	28.15	1.94	0	0	0	
1419870752946287600	CPU_4	9.18	0	61.22	0	27.55	1.02	1.02	0	0	
1419870753917741034	CPU_4	7.84	0	63.72	0	25.49	1.96	.98	0	0	
1419870754908103298	CPU_4	9.57	0	59.57	0	27.65	2.12	1.06	0	0	
1419870755857252408	CPU_4	10.41	0	56.25	0	31.25	1.04	1.04	0	0	
1419870756896285477	CPU_4	11.88	0	57.42	.99	27.72	1.98	0	0	0	
1419870757823283388	CPU_4	6.18	0	62.88	0	28.86	1.03	1.03	0	0	
1419870758809203830	CPU_4	12.37	0	56.70	0	27.83	2.06	1.03	0	0	
1419870759807139535	CPU_4	13.13	0	58.58	0	24.24	3.03	1.01	0	0	
1419870760838662205	CPU_4	7.21	0	61.85	0	27.83	2.06	1.03	0	0	
1419870761771302270	CPU_4	9.09	0	62.62	0	27.27	1.01	0	0	0	
1419870762770638972	CPU_4	7.36	0	63.15	0	26.31	2.10	1.05	0	0	
1419870763728907394	CPU_4	8.42	0	60.00	0	29.47	1.05	1.05	0	0	
1419870764735278788	CPU_4	6.06	0	61.61	0	29.29	2.02	1.01	0	0	
1419870765683003360	CPU_4	7.44	0	62.76	1.06	26.59	1.06	1.06	0	0	
1419870766500334606	CPU_4	9.30	0	55.81	0	33.72	1.16	0	0	0	
1419870767481371767	CPU_4	9.47	0	57.89	0	29.47	2.10	1.05	0	0	
1419870768522070957	CPU_4	10.57	0	59.61	0	27.88	.96	.96	0	0	
1419870769571206545	CPU_4	6.93	0	62.37	0	27.72	1.98	.99	0	0	
1419870770563313806	CPU_4	11.11	0	60.60	1.01	26.26	1.01	0	0	0	
1419870771423899286	CPU_4	7.77	0	58.88	0	31.11	1.11	1.11	0	0	
1419870772415466215	CPU_4	8.08	0	61.61	0	27.27	2.02	1.01	0	0	
1419870773386306649	CPU_4	6.74	0	61.79	0	28.08	2.24	1.12	0	0	
1419870774365241607	CPU_4	8.08	0	62.62	0	26.26	2.02	1.01	0	0	
1419870775340864489	CPU_4	6.06	0	62.62	0	30.30	1.01	0	0	0	
1419870776375389236	CPU_4	8.08	0	56.56	1.01	31.31	2.02	1.01	0	0	
1419870777426680860	CPU_4	8.82	0	60.78	0	27.45	1.96	.98	0	0	
1419870778604590027	CPU_4	8.82	0	61.76	0	26.47	1.96	.98	0	0	
1419870779605357810	CPU_4	8.03	0	59.82	0	25.89	5.35	.89	0	0	
1419870780595197242	CPU_4	7.14	0	61.22	1.02	27.55	2.04	1.02	0	0	
1419870781676097049	CPU_4	8.41	0	59.81	0	28.03	3.73	0	0	0	
1419870782679258868	CPU_4	9.09	0	60.60	0	27.27	2.02	1.01	0	0	
1419870783607542942	CPU_4	9.00	0	62.00	0	27.00	1.00	1.00	0	0	
1419870784624504312	CPU_4	8.08	0	60.60	1.01	27.27	2.02	1.01	0	0	
1419870785601620149	CPU_4	11.11	0	59.59	0	24.24	4.04	1.01	0	0	
1419870786540240241	CPU_4	12.37	0	60.82	0	25.77	1.03	0	0	0	
1419870787518491992	CPU_4	5.37	0	63.44	0	26.88	3.22	1.07	0	0	
1419870788541997014	CPU_4	7.84	0	60.78	0	28.43	1.96	.98	0	0	
1419870789581934998	CPU_4	7.84	0	61.76	0	28.43	.98	.98	0	0	
1419870790583767570	CPU_4	7.14	0	61.22	1.02	27.55	2.04	1.02	0	0	
1419870791549039392	CPU_4	12.24	0	57.14	1.02	28.57	1.02	0	0	0	
1419870792573083621	CPU_4	7.29	0	61.45	0	29.16	1.04	1.04	0	0	
1419870793499502325	CPU_4	5.20	0	63.54	0	28.12	2.08	1.04	0	0	
1419870794503255434	CPU_4	8.16	0	63.26	0	25.51	2.04	1.02	0	0	
1419870795478337275	CPU_4	7.14	0	62.24	0	27.55	2.04	1.02	0	0	
1419870796454068199	CPU_4	10.41	0	57.29	0	29.16	2.08	1.04	0	0	
1419870797453915233	CPU_4	10.52	0	60.00	0	27.36	2.10	0	0	0	
1419870798425065459	CPU_4	8.00	0	63.00	0	27.00	1.00	1.00	0	0	
1419870799431092229	CPU_4	7.29	0	62.50	0	27.08	2.08	1.04	0	0	
1419870800383616748	CPU_4	9.18	0	61.22	0	25.51	3.06	1.02	0	0	
1419870801368237859	CPU_4	6.38	0	61.70	1.06	29.78	1.06	0	0	0	
1419870802392239588	CPU_4	8.08	0	60.60	0	28.28	2.02	1.01	0	0	
1419870803410031498	CPU_4	9.37	0	61.45	0	26.04	2.08	1.04	0	0	
1419870804408852577	CPU_4	7.84	0	63.72	0	25.49	1.96	.98	0	0	
1419870805367780914	CPU_4	10.20	0	61.22	0	26.53	1.02	1.02	0	0	
1419870806398264128	CPU_4	8.82	0	58.82	0	29.41	1.96	.98	0	0	
1419870807372612805	CPU_4	9.18	0	63.26	0	26.53	1.02	0	0	0	
1419870808362481029	CPU_4	11.11	0	59.59	0	25.25	3.03	1.01	0	0	
1419870809311228098	CPU_4	7.36	0	61.05	0	29.47	1.05	1.05	0	0	
1419870810333681539	CPU_4	4.04	0	66.66	0	27.27	1.01	1.01	0	0	
1419870811356005230	CPU_4	3.15	0	53.68	0	41.05	2.10	0	0	0	
1419870812190800186	CPU_4	2.43	0	21.95	0	73.17	1.21	1.21	0	0	
1419870813113141440	CPU_4	9.57	0	52.12	0	36.17	1.06	1.06	0	0	
1419870814125830278	CPU_4	8.16	0	63.26	0	27.55	1.02	0	0	0	
1419870815069398401	CPU_4	9.37	0	62.50	0	26.04	1.04	1.04	0	0	
1419870816069131436	CPU_4	8.65	0	61.53	0	26.92	1.92	.96	0	0	
1419870817085150850	CPU_4	9.27	0	60.82	1.03	24.74	3.09	1.03	0	0	
1419870818116532312	CPU_4	7.84	0	61.76	0	28.43	.98	.98	0	0	
1419870819145006947	CPU_4	9.70	0	62.13	0	26.21	1.94	0	0	0	
1419870820114504718	CPU_4	6.18	0	60.82	0	29.89	2.06	1.03	0	0	
1419870821060236294	CPU_4	7.44	0	60.63	0	28.72	2.12	1.06	0	0	
1419870822084579481	CPU_4	3.06	0	66.32	1.02	27.55	1.02	1.02	0	0	
1419870823120185058	CPU_4	8.16	0	60.20	0	28.57	2.04	1.02	0	0	
1419870824004162859	CPU_4	9.78	0	60.86	0	28.26	1.08	0	0	0	
1419870824996990493	CPU_4	10.10	0	59.59	0	27.27	2.02	1.01	0	0	
1419870826036045105	CPU_4	10.78	0	58.82	0	27.45	1.96	.98	0	0	
1419870826991270450	CPU_4	8.16	0	62.24	0	27.55	1.02	1.02	0	0	
1419870827938926605	CPU_4	6.25	0	61.45	0	30.20	1.04	1.04	0	0	
1419870828944459543	CPU_4	9.61	0	63.46	0	24.03	2.88	0	0	0	
1419870829910220073	CPU_4	8.08	0	64.64	0	24.24	2.02	1.01	0	0	
1419870830940125705	CPU_4	7.00	0	58.00	1.00	31.00	2.00	1.00	0	0	
1419870831882111997	CPU_4	11.57	0	58.94	0	27.36	1.05	1.05	0	0	
1419870832889412265	CPU_4	5.20	0	63.54	0	29.16	1.04	1.04	0	0	
1419870833793817186	CPU_4	9.78	0	61.95	0	26.08	2.17	0	0	0	
1419870834903865842	CPU_4	5.76	0	65.38	0	25.96	1.92	.96	0	0	
1419870835941943664	CPU_4	8.08	0	57.57	0	32.32	1.01	1.01	0	0	
1419870836924939154	CPU_4	8.00	0	61.00	0	28.00	2.00	1.00	0	0	
1419870837962735643	CPU_4	7.00	0	61.00	0	30.00	1.00	1.00	0	0	
1419870838926929634	CPU_4	8.08	0	62.62	0	27.27	1.01	1.01	0	0	
1419870839946885039	CPU_4	8.08	0	63.63	0	26.26	2.02	0	0	0	
1419870840931965775	CPU_4	6.00	0	63.00	1.00	27.00	2.00	1.00	0	0	
1419870841945305570	CPU_4	10.37	0	57.54	0	26.41	4.71	.94	0	0	
1419870843037830766	CPU_4	4.80	0	63.46	0	26.92	3.84	.96	0	0	
1419870844071431015	CPU_4	10.47	0	58.09	0	26.66	3.80	.95	0	0	
1419870845021134415	CPU_4	10.52	0	62.10	0	25.26	2.10	0	0	0	
1419870846054184415	CPU_4	6.93	0	62.37	.99	26.73	1.98	.99	0	0	
1419870847049612960	CPU_4	6.38	0	58.51	0	32.97	1.06	1.06	0	0	
1419870848041369263	CPU_4	8.73	0	62.13	0	27.18	.97	.97	0	0	
1419870849152531542	CPU_4	7.76	0	61.16	0	28.15	1.94	.97	0	0	
1419870850131107417	CPU_4	5.00	0	63.00	0	30.00	1.00	1.00	0	0	
1419870851094419161	CPU_4	9.57	0	60.63	0	27.65	2.12	0	0	0	
1419870852124464834	CPU_4	9.27	0	57.73	1.03	28.86	2.06	1.03	0	0	
1419870853119221880	CPU_4	10.67	0	60.19	0	26.21	1.94	.97	0	0	
1419870854172583167	CPU_4	9.18	0	59.18	1.02	27.55	2.04	1.02	0	0	
1419870855198334475	CPU_4	8.82	0	61.76	0	27.45	.98	.98	0	0	
1419870856118547026	CPU_4	9.27	0	61.85	0	26.80	2.06	0	0	0	
1419870857124048215	CPU_4	9.67	0	59.13	0	29.03	1.07	1.07	0	0	
1419870858148401318	CPU_4	8.00	0	59.00	0	30.00	2.00	1.00	0	0	
1419870859091224400	CPU_4	3.12	0	67.70	1.04	26.04	1.04	1.04	0	0	
1419870860117191167	CPU_4	7.69	0	62.50	0	26.92	1.92	.96	0	0	
1419870861076458253	CPU_4	7.69	0	64.83	0	25.27	2.19	0	0	0	
1419870862035623839	CPU_4	8.24	0	62.88	1.03	24.74	2.06	1.03	0	0	
1419870863063421643	CPU_4	8.91	0	61.38	0	26.73	1.98	.99	0	0	
1419870864064388675	CPU_4	8.57	0	60.00	0	28.57	1.90	.95	0	0	
1419870865036649565	CPU_4	13.63	0	53.40	0	30.68	1.13	1.13	0	0	
1419870866046783868	CPU_4	10.00	0	61.00	0	28.00	1.00	0	0	0	
1419870867033399016	CPU_4	9.18	0	60.20	0	27.55	2.04	1.02	0	0	
1419870868019827581	CPU_4	8.91	0	59.40	0	28.71	1.98	.99	0	0	
1419870869055327284	CPU_4	8.24	0	61.85	1.03	25.77	2.06	1.03	0	0	
1419870870029001254	CPU_4	10.41	0	60.41	0	27.08	1.04	1.04	0	0	
1419870871076018305	CPU_4	9.52	0	58.09	0	29.52	1.90	.95	0	0	
1419870872010336407	CPU_4	10.30	0	61.85	0	25.77	2.06	0	0	0	
1419870873000461297	CPU_4	6.25	0	65.62	0	25.00	2.08	1.04	0	0	
1419870874032584341	CPU_4	8.73	0	62.13	0	26.21	1.94	.97	0	0	
1419870875041255230	CPU_4	7.36	0	63.15	1.05	25.26	2.10	1.05	0	0	
1419870876006237179	CPU_4	15.00	0	58.00	0	25.00	1.00	1.00	0	0	
1419870877008994915	CPU_4	8.00	0	63.00	0	27.00	2.00	0	0	0	
1419870877971169453	CPU_4	8.42	0	63.15	0	25.26	2.10	1.05	0	0	
1419870878965283417	CPU_4	13.86	0	57.42	.99	24.75	1.98	.99	0	0	
1419870879976362426	CPU_4	8.91	0	62.37	0	25.74	1.98	.99	0	0	
1419870880991215509	CPU_4	8.24	0	60.82	0	27.83	2.06	1.03	0	0	
1419870881922043619	CPU_4	8.98	0	57.30	0	31.46	2.24	0	0	0	
1419870882915614794	CPU_4	11.88	0	62.37	0	23.76	.99	.99	0	0	
1419870883875340670	CPU_4	11.00	0	58.00	0	28.00	2.00	1.00	0	0	
1419870884888819132	CPU_4	5.94	0	65.34	0	25.74	1.98	.99	0	0	
1419870885893055948	CPU_4	8.00	0	62.00	0	27.00	2.00	1.00	0	0	
1419870886904177749	CPU_4	6.86	0	60.78	0	29.41	1.96	.98	0	0	
1419870887951009967	CPU_4	10.10	0	61.61	0	27.27	1.01	0	0	0	
1419870888978366022	CPU_4	10.67	0	59.22	0	27.18	1.94	.97	0	0	
1419870889925246261	CPU_4	10.20	0	60.20	0	27.55	1.02	1.02	0	0	
1419870890846289852	CPU_4	6.59	0	61.53	1.09	26.37	3.29	1.09	0	0	
1419870891807212226	CPU_4	8.08	0	64.64	0	24.24	2.02	1.01	0	0	
1419870892844979590	CPU_4	9.37	0	63.54	0	23.95	3.12	0	0	0	
1419870893881236791	CPU_4	7.76	0	61.16	0	28.15	1.94	.97	0	0	
1419870894907923598	CPU_4	12.87	0	54.45	0	30.69	.99	.99	0	0	
1419870895948232414	CPU_4	6.48	0	62.03	0	28.70	1.85	.92	0	0	
1419870896940672341	CPU_4	12.12	0	57.57	0	27.27	2.02	1.01	0	0	
1419870897941873206	CPU_4	10.63	0	59.57	0	26.59	2.12	1.06	0	0	
1419870898886329993	CPU_4	10.75	0	60.21	0	26.88	2.15	0	0	0	
1419870899924783105	CPU_4	7.54	0	64.15	0	25.47	1.88	.94	0	0	
1419870900897315911	CPU_4	9.00	0	61.00	0	27.00	2.00	1.00	0	0	
1419870901934117527	CPU_4	13.20	0	52.83	0	31.13	1.88	.94	0	0	
1419870902999411161	CPU_4	32.38	0	52.38	.95	11.42	1.90	.95	0	0	
1419870904170058553	CPU_4	67.82	0	28.69	0	1.73	.86	.86	0	0	
1419870905394393655	CPU_4	56.30	0	27.73	0	13.44	2.52	0	0	0	
1419870906453882928	CPU_4	58.87	0	29.90	0	10.28	0	.93	0	0	
1419870907584395370	CPU_4	61.60	0	28.57	0	7.14	1.78	.89	0	0	
1419870908704457295	CPU_4	65.78	0	28.94	0	3.50	.87	.87	0	0	
1419870909829311501	CPU_4	66.96	0	28.57	0	2.67	.89	.89	0	0	
1419870910931942924	CPU_4	69.36	0	27.02	0	2.70	.90	0	0	0	
1419870912064327487	CPU_4	66.66	0	26.12	0	6.30	0	.90	0	0	
1419870913204406241	CPU_4	64.34	0	31.30	0	2.60	.86	.86	0	0	
1419870914309408659	CPU_4	62.72	0	32.72	0	2.72	.90	.90	0	0	
1419870915409388213	CPU_4	66.05	0	29.35	0	2.75	.91	.91	0	0	
1419870916549358134	CPU_4	66.37	0	30.08	0	2.65	.88	0	0	0	
1419870917689323638	CPU_4	66.37	0	29.31	0	2.58	.86	.86	0	0	
1419870918799431961	CPU_4	60.18	0	30.55	0	7.40	.92	.92	0	0	
1419870919919393386	CPU_4	65.17	0	31.25	0	2.67	0	.89	0	0	
1419870921089375363	CPU_4	64.86	0	30.63	0	2.70	.90	.90	0	0	
1419870922204447591	CPU_4	65.51	0	28.44	0	5.17	.86	0	0	0	
1419870923299653782	CPU_4	50.43	0	34.78	0	13.04	.86	.86	0	0	
1419870924188620446	CPU_4	10.00	0	40.00	0	45.55	3.33	1.11	0	0	
1419870925072828080	CPU_4	10.98	0	37.36	0	49.45	2.19	0	0	0	
1419870925931625647	CPU_4	11.62	0	33.72	0	52.32	2.32	0	0	0	
1419870926813118579	CPU_4	12.22	0	35.55	0	48.88	2.22	1.11	0	0	
1419870927734987335	CPU_4	12.50	0	35.41	0	48.95	3.12	0	0	0	
1419870928683186655	CPU_4	10.00	0	37.77	0	51.11	1.11	0	0	0	
1419870929568857952	CPU_4	13.72	0	35.29	0	48.03	1.96	.98	0	0	
1419870930493216993	CPU_4	11.45	0	36.45	0	50.00	2.08	0	0	0	
1419870931412093172	CPU_4	9.37	0	38.54	1.04	48.95	2.08	0	0	0	
1419870932269001702	CPU_4	13.48	0	32.58	0	50.56	2.24	1.12	0	0	
1419870933193151453	CPU_4	18.08	0	29.78	0	51.06	1.06	0	0	0	
1419870934097922456	CPU_4	15.78	0	32.63	0	48.42	2.10	1.05	0	0	
1419870935027355194	CPU_4	14.43	0	34.02	0	49.48	2.06	0	0	0	
1419870935953651189	CPU_4	8.98	0	38.20	0	50.56	2.24	0	0	0	
1419870936822788608	CPU_4	8.24	0	39.17	0	49.48	2.06	1.03	0	0	
1419870937700805298	CPU_4	11.57	0	40.00	0	47.36	1.05	0	0	0	
1419870938573457125	CPU_4	11.11	0	36.66	0	48.88	3.33	0	0	0	
1419870939509190807	CPU_4	12.37	0	35.05	0	49.48	2.06	1.03	0	0	
1419870940393109191	CPU_4	11.23	0	34.83	0	51.68	2.24	0	0	0	
1419870941328859248	CPU_4	13.48	0	32.58	0	52.80	1.12	0	0	0	
1419870942188007315	CPU_4	15.30	0	34.69	0	46.93	2.04	1.02	0	0	
1419870943118031718	CPU_4	14.58	0	32.29	0	51.04	2.08	0	0	0	
1419870944025546757	CPU_4	15.46	0	34.02	0	47.42	2.06	1.03	0	0	
1419870944938762199	CPU_4	7.14	0	41.83	0	48.97	2.04	0	0	0	
1419870945818201052	CPU_4	15.55	0	33.33	0	48.88	2.22	0	0	0	
1419870946673818168	CPU_4	15.38	0	34.06	0	47.25	2.19	1.09	0	0	
1419870947652443627	CPU_4	20.61	0	27.83	0	49.48	2.06	0	0	0	
1419870948531326856	CPU_4	19.60	0	30.39	0	49.01	.98	0	0	0	
1419870949443931133	CPU_4	16.84	0	31.57	0	48.42	2.10	1.05	0	0	
1419870950368835631	CPU_4	12.24	0	36.73	0	48.97	2.04	0	0	0	
1419870951223532333	CPU_4	12.08	0	36.26	0	49.45	2.19	0	0	0	
1419870952149447288	CPU_4	16.32	0	32.65	0	48.97	1.02	1.02	0	0	
1419870953045202520	CPU_4	12.50	0	36.45	0	48.95	2.08	0	0	0	
1419870953919577968	CPU_4	9.78	0	38.04	0	48.91	2.17	1.08	0	0	
1419870954789818551	CPU_4	12.79	0	33.72	0	52.32	1.16	0	0	0	
1419870955710626267	CPU_4	19.19	0	29.29	0	48.48	3.03	0	0	0	
1419870956599500390	CPU_4	21.42	0	29.59	0	46.93	1.02	1.02	0	0	
1419870957483518983	CPU_4	13.68	0	37.89	0	45.26	3.15	0	0	0	
1419870958374255185	CPU_4	11.82	0	39.78	0	46.23	2.15	0	0	0	
1419870959280025311	CPU_4	14.89	0	32.97	0	48.93	2.12	1.06	0	0	
1419870960148065898	CPU_4	15.21	0	33.69	0	48.91	2.17	0	0	0	
1419870961105932446	CPU_4	14.77	0	36.36	0	44.31	4.54	0	0	0	
1419870961970513958	CPU_4	12.37	0	35.05	0	49.48	2.06	1.03	0	0	
1419870962903147731	CPU_4	10.10	0	38.38	0	49.49	2.02	0	0	0	
1419870963842905612	CPU_4	18.62	0	31.37	0	47.05	1.96	.98	0	0	
1419870964795846088	CPU_4	11.82	0	35.48	0	50.53	2.15	0	0	0	
1419870965663194094	CPU_4	14.73	0	33.68	0	49.47	2.10	0	0	0	
1419870966524228031	CPU_4	15.95	0	32.97	0	47.87	2.12	1.06	0	0	
1419870967491474682	CPU_4	14.28	0	35.16	0	47.25	3.29	0	0	0	
1419870968521324106	CPU_4	11.88	0	36.63	0	43.56	6.93	.99	0	0	
1419870969418835876	CPU_4	8.98	0	41.57	0	42.69	6.74	0	0	0	
1419870970314927816	CPU_4	9.78	0	39.13	0	46.73	4.34	0	0	0	
1419870971234870826	CPU_4	16.16	0	32.32	0	48.48	2.02	1.01	0	0	
1419870972116129966	CPU_4	21.87	0	30.20	0	46.87	1.04	0	0	0	
1419870973103652613	CPU_4	13.54	0	34.37	0	50.00	2.08	0	0	0	
1419870973962817512	CPU_4	16.00	0	33.00	0	48.00	2.00	1.00	0	0	
1419870974874320959	CPU_4	17.20	0	31.18	0	49.46	2.15	0	0	0	
1419870975763473206	CPU_4	14.28	0	30.76	0	52.74	2.19	0	0	0	
1419870976649563002	CPU_4	18.55	0	30.92	1.03	47.42	1.03	1.03	0	0	
1419870977561021615	CPU_4	16.16	0	34.34	0	47.47	2.02	0	0	0	
1419870978534758210	CPU_4	18.75	0	32.29	0	44.79	3.12	1.04	0	0	
1419870979372542950	CPU_4	13.97	0	33.33	0	51.61	1.07	0	0	0	
1419870980260160576	CPU_4	17.02	0	31.91	0	48.93	2.12	0	0	0	
1419870981104194136	CPU_4	13.04	0	35.86	0	47.82	2.17	1.08	0	0	
1419870981977277128	CPU_4	16.85	0	34.83	0	46.06	2.24	0	0	0	
1419870982849882289	CPU_4	13.18	0	35.16	0	49.45	2.19	0	0	0	
1419870983749449346	CPU_4	18.08	0	30.85	0	46.80	3.19	1.06	0	0	
1419870984650851940	CPU_4	15.21	0	33.69	0	50.00	1.08	0	0	0	
1419870985637472630	CPU_4	16.83	0	30.69	0	50.49	1.98	0	0	0	
1419870986508595586	CPU_4	21.00	0	30.00	0	46.00	2.00	1.00	0	0	
1419870987434466415	CPU_4	10.30	0	38.14	0	49.48	2.06	0	0	0	
1419870988325236951	CPU_4	13.63	0	35.22	0	46.59	3.40	1.13	0	0	
1419870989193070331	CPU_4	17.20	0	33.33	0	48.38	1.07	0	0	0	
1419870990058001550	CPU_4	18.68	0	30.76	0	48.35	2.19	0	0	0	
1419870991048537065	CPU_4	10.89	0	39.60	0	46.53	1.98	.99	0	0	
1419870991883023771	CPU_4	11.70	0	36.17	0	51.06	1.06	0	0	0	
1419870992780230167	CPU_4	17.02	0	32.97	0	47.87	2.12	0	0	0	
1419870993689778159	CPU_4	14.43	0	34.02	0	48.45	2.06	1.03	0	0	
1419870994562497278	CPU_4	13.18	0	35.16	0	49.45	2.19	0	0	0	
1419870995527782183	CPU_4	12.37	0	35.05	0	50.51	2.06	0	0	0	
1419870996467499148	CPU_4	16.66	0	31.25	0	48.95	2.08	1.04	0	0	
1419870997362358882	CPU_4	19.41	0	31.06	0	47.57	1.94	0	0	0	
1419870998263259936	CPU_4	19.58	0	29.89	0	47.42	2.06	1.03	0	0	
1419870999167763190	CPU_4	13.04	0	34.78	0	50.00	2.17	0	0	0	
1419871000037575148	CPU_4	11.95	0	36.95	0	48.91	2.17	0	0	0	
1419871000960965067	CPU_4	14.28	0	35.16	0	48.35	1.09	1.09	0	0	
1419871001821018548	CPU_4	18.55	0	28.86	0	50.51	2.06	0	0	0	
1419871002750243870	CPU_4	19.38	0	32.65	0	46.93	1.02	0	0	0	
1419871003609493478	CPU_4	14.43	0	35.05	0	47.42	2.06	1.03	0	0	
1419871004484513133	CPU_4	13.68	0	36.84	0	47.36	2.10	0	0	0	
1419871005402756564	CPU_4	14.73	0	33.68	0	49.47	2.10	0	0	0	
1419871006336917624	CPU_4	14.73	0	31.57	0	50.52	2.10	1.05	0	0	
1419871007206313834	CPU_4	16.30	0	33.69	0	48.91	1.08	0	0	0	
1419871008165038630	CPU_4	13.86	0	33.66	0	48.51	2.97	.99	0	0	
1419871009102041725	CPU_4	12.12	0	35.35	0	50.50	2.02	0	0	0	
1419871010043555769	CPU_4	19.14	0	27.65	0	51.06	2.12	0	0	0	
1419871010929480732	CPU_4	10.52	0	35.78	1.05	50.52	1.05	1.05	0	0	
1419871011873247188	CPU_4	12.50	0	34.37	0	51.04	2.08	0	0	0	
1419871012758314986	CPU_4	15.38	0	36.26	0	42.85	4.39	1.09	0	0	
1419871013678558745	CPU_4	13.26	0	37.75	0	46.93	2.04	0	0	0	
1419871014560085927	CPU_4	13.18	0	38.46	0	45.05	3.29	0	0	0	
1419871015480937810	CPU_4	17.82	0	30.69	0	47.52	2.97	.99	0	0	
1419871016383936442	CPU_4	20.83	0	30.20	0	47.91	1.04	0	0	0	
1419871017364449563	CPU_4	15.38	0	33.65	0	48.07	2.88	0	0	0	
1419871018334944582	CPU_4	9.18	0	38.77	0	48.97	2.04	1.02	0	0	
1419871019199067762	CPU_4	15.62	0	33.33	0	50.00	1.04	0	0	0	
1419871020064446981	CPU_4	17.39	0	31.52	0	48.91	2.17	0	0	0	
1419871020967384113	CPU_4	16.66	0	31.25	0	50.00	1.04	1.04	0	0	
1419871021948137858	CPU_4	15.68	0	33.33	0	47.05	3.92	0	0	0	
1419871022867138870	CPU_4	12.74	0	37.25	0	47.05	1.96	.98	0	0	
1419871023759688485	CPU_4	14.73	0	35.78	0	47.36	2.10	0	0	0	
1419871024619783799	CPU_4	15.38	0	35.16	0	48.35	1.09	0	0	0	
1419871025518518650	CPU_4	11.70	0	36.17	0	48.93	2.12	1.06	0	0	
1419871026425176149	CPU_4	11.45	0	35.41	0	51.04	2.08	0	0	0	
1419871027310371238	CPU_4	15.21	0	35.86	0	47.82	1.08	0	0	0	
1419871028233537116	CPU_4	15.53	0	33.00	0	48.54	1.94	.97	0	0	
1419871029139662199	CPU_4	13.68	0	34.73	0	49.47	2.10	0	0	0	
1419871030034613850	CPU_4	12.63	0	37.89	0	46.31	2.10	1.05	0	0	
1419871031082372775	CPU_4	13.82	0	34.04	0	46.80	5.31	0	0	0	
1419871031945113666	CPU_4	8.79	0	41.75	0	43.95	5.49	0	0	0	
1419871032920437257	CPU_4	15.00	0	35.00	0	44.00	5.00	1.00	0	0	
1419871033804596808	CPU_4	12.35	0	39.32	0	44.94	3.37	0	0	0	
1419871034696695632	CPU_4	11.82	0	34.40	0	51.61	2.15	0	0	0	
1419871035663604492	CPU_4	12.90	0	36.55	0	46.23	3.22	1.07	0	0	
1419871036563290340	CPU_4	16.16	0	34.34	0	48.48	1.01	0	0	0	
1419871037408513731	CPU_4	17.89	0	30.52	0	48.42	2.10	1.05	0	0	
1419871038425813308	CPU_4	17.82	0	33.66	0	46.53	1.98	0	0	0	
1419871039333867762	CPU_4	12.90	0	36.55	0	47.31	3.22	0	0	0	
1419871040196639279	CPU_4	17.82	0	31.68	0	47.52	1.98	.99	0	0	
1419871041104818316	CPU_4	22.22	0	28.28	0	48.48	1.01	0	0	0	
1419871041996626432	CPU_4	10.52	0	38.94	0	48.42	2.10	0	0	0	
1419871042904690428	CPU_4	12.22	0	36.66	0	46.66	3.33	1.11	0	0	
1419871043787806606	CPU_4	16.48	0	31.86	0	49.45	2.19	0	0	0	
1419871044704873456	CPU_4	12.76	0	34.04	0	50.00	2.12	1.06	0	0	
1419871045641266553	CPU_4	11.45	0	35.41	0	51.04	2.08	0	0	0	
1419871046548688467	CPU_4	14.44	0	36.66	1.11	42.22	5.55	0	0	0	
1419871047458051751	CPU_4	20.00	0	29.47	0	47.36	2.10	1.05	0	0	
1419871048337877062	CPU_4	15.05	0	35.48	0	47.31	2.15	0	0	0	
1419871049302459011	CPU_4	15.38	0	34.61	0	47.11	2.88	0	0	0	
1419871050199456907	CPU_4	13.82	0	32.97	0	50.00	2.12	1.06	0	0	
1419871051117532379	CPU_4	17.02	0	29.78	0	52.12	1.06	0	0	0	
1419871052024930668	CPU_4	14.73	0	35.78	0	46.31	2.10	1.05	0	0	
1419871052928678715	CPU_4	15.00	0	35.00	0	48.00	2.00	0	0	0	
1419871053809284733	CPU_4	11.82	0	37.63	0	48.38	2.15	0	0	0	
1419871054697618940	CPU_4	12.35	0	33.70	0	51.68	1.12	1.12	0	0	
1419871055633287539	CPU_4	16.16	0	33.33	0	47.47	3.03	0	0	0	
1419871056622596140	CPU_4	11.88	0	35.64	0	50.49	1.98	0	0	0	
1419871057524199733	CPU_4	17.17	0	31.31	0	48.48	2.02	1.01	0	0	
1419871058434367016	CPU_4	18.36	0	31.63	0	47.95	2.04	0	0	0	
1419871059390997483	CPU_4	11.76	0	38.23	0	48.03	1.96	0	0	0	
1419871060328123412	CPU_4	18.00	0	30.00	0	49.00	2.00	1.00	0	0	
1419871061242178686	CPU_4	12.12	0	39.39	0	46.46	2.02	0	0	0	
1419871062134653134	CPU_4	13.82	0	35.10	0	46.80	3.19	1.06	0	0	
1419871063083856493	CPU_4	12.24	0	35.71	0	50.00	2.04	0	0	0	
1419871064070339600	CPU_4	13.72	0	33.33	0	50.98	1.96	0	0	0	
1419871064955951064	CPU_4	9.67	0	38.70	0	48.38	2.15	1.07	0	0	
1419871065870402503	CPU_4	14.89	0	35.10	0	47.87	2.12	0	0	0	
1419871066751824769	CPU_4	18.36	0	32.65	0	46.93	2.04	0	0	0	
1419871067663317590	CPU_4	9.18	0	40.81	0	46.93	2.04	1.02	0	0	
1419871068578377736	CPU_4	12.76	0	36.17	0	48.93	2.12	0	0	0	
1419871069459279711	CPU_4	12.63	0	35.78	0	48.42	2.10	1.05	0	0	
1419871070357076438	CPU_4	14.73	0	34.73	0	48.42	2.10	0	0	0	
1419871071248159973	CPU_4	16.84	0	31.57	1.05	49.47	1.05	0	0	0	
1419871072144169621	CPU_4	15.95	0	30.85	0	50.00	2.12	1.06	0	0	
1419871073047888835	CPU_4	17.20	0	33.33	0	47.31	2.15	0	0	0	
1419871073929714516	CPU_4	11.57	0	37.89	0	48.42	2.10	0	0	0	
1419871074836947055	CPU_4	16.27	0	30.23	0	48.83	3.48	1.16	0	0	
1419871075733253453	CPU_4	17.17	0	34.34	0	45.45	3.03	0	0	0	
1419871076633582550	CPU_4	14.73	0	35.78	0	48.42	1.05	0	0	0	
1419871077544583747	CPU_4	17.70	0	31.25	0	47.91	2.08	1.04	0	0	
1419871078497961514	CPU_4	13.97	0	37.63	0	45.16	3.22	0	0	0	
1419871079354325170	CPU_4	18.81	0	27.72	0	50.49	1.98	.99	0	0	
1419871080249712945	CPU_4	19.38	0	32.65	0	46.93	1.02	0	0	0	
1419871081189228368	CPU_4	15.95	0	32.97	0	48.93	2.12	0	0	0	
1419871082048508017	CPU_4	13.40	0	34.02	0	49.48	2.06	1.03	0	0	
1419871083003176614	CPU_4	16.32	0	35.71	0	44.89	3.06	0	0	0	
1419871083981586906	CPU_4	12.12	0	37.37	0	48.48	2.02	0	0	0	
1419871084818332149	CPU_4	16.84	0	30.52	0	49.47	2.10	1.05	0	0	
1419871085697635378	CPU_4	13.18	0	35.16	0	50.54	1.09	0	0	0	
1419871086624930454	CPU_4	14.85	0	34.65	0	48.51	1.98	0	0	0	
1419871087579174052	CPU_4	16.83	0	31.68	0	48.51	1.98	.99	0	0	
1419871088474685993	CPU_4	9.09	0	39.77	0	47.72	3.40	0	0	0	
1419871089423068146	CPU_4	14.28	0	30.61	0	52.04	2.04	1.02	0	0	
1419871090398615112	CPU_4	14.28	0	35.23	0	48.57	1.90	0	0	0	
1419871091264623079	CPU_4	16.12	0	34.40	0	47.31	2.15	0	0	0	
1419871092173286240	CPU_4	15.00	0	35.00	0	47.00	2.00	1.00	0	0	
1419871093116639779	CPU_4	11.11	0	37.37	0	49.49	2.02	0	0	0	
1419871094067810884	CPU_4	8.13	0	44.18	0	39.53	8.13	0	0	0	
1419871095099650720	CPU_4	13.72	0	33.33	0	48.03	3.92	.98	0	0	
1419871096047089667	CPU_4	9.57	0	39.36	0	47.87	3.19	0	0	0	
1419871097008372624	CPU_4	17.47	0	33.98	0	41.74	5.82	.97	0	0	
1419871097980918888	CPU_4	16.16	0	32.32	0	49.49	2.02	0	0	0	
1419871098883928853	CPU_4	18.62	0	31.37	0	48.03	1.96	0	0	0	
1419871099764771912	CPU_4	18.27	0	32.25	0	47.31	1.07	1.07	0	0	
1419871100627835761	CPU_4	14.11	0	34.11	0	48.23	3.52	0	0	0	
1419871101573076463	CPU_4	12.37	0	32.98	0	51.54	2.06	1.03	0	0	
1419871102529679055	CPU_4	17.82	0	31.68	0	48.51	1.98	0	0	0	
1419871103403622962	CPU_4	15.95	0	32.97	0	50.00	1.06	0	0	0	
1419871104389566154	CPU_4	15.38	0	32.69	0	48.07	2.88	.96	0	0	
1419871105289208252	CPU_4	13.04	0	34.78	0	50.00	2.17	0	0	0	
1419871106227066679	CPU_4	12.50	0	36.36	0	47.72	3.40	0	0	0	
1419871107071249739	CPU_4	17.89	0	30.52	0	48.42	2.10	1.05	0	0	
1419871108013359573	CPU_4	18.36	0	30.61	0	50.00	1.02	0	0	0	
1419871108948894463	CPU_4	15.00	0	33.00	0	49.00	2.00	1.00	0	0	
1419871109909443547	CPU_4	14.58	0	35.41	0	47.91	2.08	0	0	0	
1419871110801229205	CPU_4	17.70	0	29.16	0	52.08	1.04	0	0	0	
1419871111766897901	CPU_4	12.50	0	37.50	0	44.79	4.16	1.04	0	0	
1419871112632375912	CPU_4	14.28	0	34.69	0	48.97	2.04	0	0	0	
1419871113544948855	CPU_4	15.95	0	32.97	0	48.93	2.12	0	0	0	
1419871114443494206	CPU_4	13.54	0	33.33	0	50.00	2.08	1.04	0	0	
1419871115349053124	CPU_4	12.24	0	39.79	0	45.91	2.04	0	0	0	
1419871116259252157	CPU_4	13.04	0	35.86	1.08	48.91	1.08	0	0	0	
1419871117129075615	CPU_4	18.81	0	31.68	0	46.53	1.98	.99	0	0	
1419871118083467838	CPU_4	16.12	0	33.33	0	47.31	3.22	0	0	0	
1419871118979076612	CPU_4	16.66	0	30.20	0	50.00	2.08	1.04	0	0	
1419871119888276022	CPU_4	17.20	0	30.10	0	49.46	3.22	0	0	0	
1419871120768029791	CPU_4	11.23	0	37.07	0	50.56	1.12	0	0	0	
1419871121726384796	CPU_4	15.95	0	31.91	0	48.93	2.12	1.06	0	0	
1419871122594916549	CPU_4	19.58	0	29.89	0	48.45	2.06	0	0	0	
1419871123454755905	CPU_4	17.89	0	32.63	0	47.36	2.10	0	0	0	
1419871124382744188	CPU_4	17.34	0	32.65	0	47.95	1.02	1.02	0	0	
1419871125314420213	CPU_4	14.28	0	33.67	0	48.97	3.06	0	0	0	
1419871126270555723	CPU_4	17.02	0	30.85	0	50.00	1.06	1.06	0	0	
1419871127124310844	CPU_4	12.76	0	32.97	0	52.12	2.12	0	0	0	
1419871128088920168	CPU_4	12.12	0	37.37	0	48.48	2.02	0	0	0	
1419871128984752192	CPU_4	17.70	0	31.25	0	47.91	2.08	1.04	0	0	
1419871129909515065	CPU_4	16.12	0	30.10	0	51.61	2.15	0	0	0	
1419871130802411346	CPU_4	15.21	0	32.60	0	50.00	2.17	0	0	0	
1419871131749697210	CPU_4	11.95	0	34.78	0	50.00	2.17	1.08	0	0	
1419871132609364858	CPU_4	15.95	0	31.91	0	51.06	1.06	0	0	0	
1419871133495068030	CPU_4	17.70	0	31.25	0	47.91	2.08	1.04	0	0	
1419871134398065704	CPU_4	12.08	0	36.26	0	50.54	1.09	0	0	0	
1419871135329910687	CPU_4	18.18	0	29.29	0	50.50	2.02	0	0	0	
1419871136233126610	CPU_4	13.54	0	35.41	0	47.91	2.08	1.04	0	0	
1419871137148185465	CPU_4	19.19	0	32.32	0	46.46	2.02	0	0	0	
1419871138122114601	CPU_4	11.23	0	35.95	0	49.43	3.37	0	0	0	
1419871138947309662	CPU_4	21.73	0	28.26	0	46.73	2.17	1.08	0	0	
1419871139854303243	CPU_4	15.95	0	34.04	0	48.93	1.06	0	0	0	
1419871140740150874	CPU_4	14.89	0	30.85	0	52.12	2.12	0	0	0	
1419871141744294398	CPU_4	12.38	0	33.33	0	50.47	2.85	.95	0	0	
1419871142651406021	CPU_4	17.24	0	34.48	0	45.97	2.29	0	0	0	
1419871143517923029	CPU_4	14.60	0	31.46	0	50.56	2.24	1.12	0	0	
1419871144429522058	CPU_4	14.14	0	35.35	0	48.48	2.02	0	0	0	
1419871145335259684	CPU_4	14.44	0	32.22	0	51.11	2.22	0	0	0	
1419871146224408890	CPU_4	10.00	0	36.66	0	50.00	2.22	1.11	0	0	
1419871147128149979	CPU_4	20.20	0	30.30	0	47.47	2.02	0	0	0	
1419871148008932746	CPU_4	13.48	0	34.83	0	49.43	2.24	0	0	0	
1419871148912182669	CPU_4	14.89	0	31.91	0	50.00	2.12	1.06	0	0	
1419871149851088219	CPU_4	12.37	0	36.08	0	49.48	2.06	0	0	0	
1419871150822107070	CPU_4	14.28	0	37.75	0	43.87	4.08	0	0	0	
1419871151705570622	CPU_4	13.82	0	34.04	0	50.00	1.06	1.06	0	0	
1419871152602607351	CPU_4	13.82	0	34.04	0	50.00	2.12	0	0	0	
1419871153571349332	CPU_4	13.72	0	33.33	0	50.00	1.96	.98	0	0	
1419871154464631154	CPU_4	13.04	0	35.86	0	48.91	2.17	0	0	0	
1419871155404824992	CPU_4	11.11	0	35.55	0	51.11	2.22	0	0	0	
1419871156314065735	CPU_4	15.78	0	32.63	1.05	47.36	2.10	1.05	0	0	
1419871157232296332	CPU_4	10.58	0	35.29	0	48.23	5.88	0	0	0	
1419871158114375763	CPU_4	12.35	0	37.07	0	44.94	5.61	0	0	0	
1419871159016613188	CPU_4	10.46	0	36.04	0	47.67	4.65	1.16	0	0	
1419871159910009884	CPU_4	11.11	0	40.00	0	45.55	3.33	0	0	0	
1419871160803320831	CPU_4	11.82	0	36.55	0	48.38	2.15	1.07	0	0	
1419871161756259848	CPU_4	11.82	0	32.25	0	53.76	2.15	0	0	0	
1419871162633125082	CPU_4	15.78	0	31.57	0	50.52	2.10	0	0	0	
1419871163570561593	CPU_4	11.70	0	35.10	0	50.00	2.12	1.06	0	0	
1419871164522335530	CPU_4	15.95	0	34.04	0	47.87	2.12	0	0	0	
1419871165384606006	CPU_4	12.08	0	30.76	0	54.94	1.09	1.09	0	0	
1419871166234728260	CPU_4	17.24	0	29.88	0	50.57	2.29	0	0	0	
1419871167132639821	CPU_4	13.97	0	34.40	0	49.46	2.15	0	0	0	
1419871168058070193	CPU_4	13.26	0	34.69	0	48.97	2.04	1.02	0	0	
1419871168943313325	CPU_4	13.33	0	34.44	0	50.00	2.22	0	0	0	
1419871169882997206	CPU_4	11.45	0	35.41	0	52.08	1.04	0	0	0	
1419871170753718162	CPU_4	14.13	0	34.78	0	47.82	2.17	1.08	0	0	
1419871171629995064	CPU_4	12.64	0	31.03	0	54.02	2.29	0	0	0	
1419871172535868065	CPU_4	12.63	0	36.84	0	48.42	2.10	0	0	0	
1419871173459099817	CPU_4	9.27	0	39.17	0	48.45	2.06	1.03	0	0	
1419871174355074799	CPU_4	14.44	0	35.55	0	46.66	3.33	0	0	0	
1419871175276082723	CPU_4	12.35	0	33.70	0	49.43	3.37	1.12	0	0	
1419871176261567958	CPU_4	10.63	0	34.04	0	53.19	2.12	0	0	0	
1419871177176352605	CPU_4	13.04	0	36.95	0	46.73	3.26	0	0	0	
1419871178034033174	CPU_4	13.54	0	34.37	0	50.00	1.04	1.04	0	0	
1419871178909007038	CPU_4	11.36	0	35.22	0	51.13	2.27	0	0	0	
1419871179830880252	CPU_4	10.22	0	35.22	0	52.27	2.27	0	0	0	
1419871180709604898	CPU_4	14.89	0	32.97	0	50.00	1.06	1.06	0	0	
1419871181571934582	CPU_4	13.18	0	35.16	0	49.45	2.19	0	0	0	
1419871182497475329	CPU_4	14.43	0	36.08	0	47.42	2.06	0	0	0	
1419871183488804300	CPU_4	9.37	0	35.41	0	52.08	2.08	1.04	0	0	
1419871184358846550	CPU_4	12.35	0	34.83	0	51.68	1.12	0	0	0	
1419871185278203145	CPU_4	9.18	0	35.71	0	51.02	3.06	1.02	0	0	
1419871186185184643	CPU_4	11.36	0	34.09	1.13	52.27	1.13	0	0	0	
1419871187061316462	CPU_4	10.34	0	36.78	0	50.57	2.29	0	0	0	
1419871187934553746	CPU_4	9.67	0	37.63	0	49.46	2.15	1.07	0	0	
1419871188849973183	CPU_4	11.22	0	38.77	0	47.95	2.04	0	0	0	
1419871189788222776	CPU_4	11.11	0	34.44	0	52.22	2.22	0	0	0	
1419871190800507699	CPU_4	7.29	0	36.45	0	53.12	2.08	1.04	0	0	
1419871191655101526	CPU_4	10.20	0	37.75	0	50.00	2.04	0	0	0	
1419871192574676745	CPU_4	9.67	0	36.55	0	51.61	2.15	0	0	0	
1419871193479797080	CPU_4	11.70	0	35.10	0	51.06	1.06	1.06	0	0	
1419871194427158569	CPU_4	15.62	0	33.33	0	48.95	2.08	0	0	0	
1419871195409518977	CPU_4	9.67	0	35.48	0	51.61	2.15	1.07	0	0	
1419871196300082055	CPU_4	7.77	0	40.00	0	48.88	3.33	0	0	0	
1419871197168259850	CPU_4	12.08	0	35.16	0	50.54	2.19	0	0	0	
1419871198081186793	CPU_4	13.04	0	32.60	0	51.08	2.17	1.08	0	0	
1419871199009496784	CPU_4	11.49	0	36.78	0	49.42	2.29	0	0	0	
1419871199934081200	CPU_4	12.08	0	38.46	0	43.95	5.49	0	0	0	
1419871200781165919	CPU_4	6.81	0	37.50	0	52.27	2.27	1.13	0	0	
1419871201710307408	CPU_4	13.63	0	29.54	0	55.68	1.13	0	0	0	
1419871202618135904	CPU_4	8.51	0	37.23	0	52.12	2.12	0	0	0	
1419871203499411920	CPU_4	6.45	0	43.01	0	47.31	2.15	1.07	0	0	
1419871204412831028	CPU_4	14.13	0	33.69	0	50.00	2.17	0	0	0	
1419871205360594932	CPU_4	10.34	0	34.48	0	51.72	2.29	1.14	0	0	
1419871206217990378	CPU_4	10.22	0	32.95	0	55.68	1.13	0	0	0	
1419871207078631941	CPU_4	11.49	0	35.63	0	50.57	2.29	0	0	0	
1419871207998711992	CPU_4	9.47	0	35.78	0	51.57	2.10	1.05	0	0	
1419871208902858497	CPU_4	8.04	0	36.78	0	52.87	2.29	0	0	0	
1419871209763813018	CPU_4	9.19	0	37.93	0	50.57	2.29	0	0	0	
1419871210707550848	CPU_4	9.41	0	36.47	0	49.41	3.52	1.17	0	0	
1419871211570617905	CPU_4	7.77	0	41.11	0	47.77	3.33	0	0	0	
1419871212497262150	CPU_4	12.08	0	34.06	0	50.54	2.19	1.09	0	0	
1419871213437979362	CPU_4	9.27	0	37.11	0	51.54	2.06	0	0	0	
1419871214352244093	CPU_4	11.95	0	34.78	0	52.17	1.08	0	0	0	
1419871215327558185	CPU_4	13.54	0	33.33	0	50.00	2.08	1.04	0	0	
1419871216193527694	CPU_4	9.67	0	36.55	0	51.61	2.15	0	0	0	
1419871217104191392	CPU_4	10.00	0	35.55	0	52.22	2.22	0	0	0	
1419871217993526180	CPU_4	12.50	0	34.09	0	50.00	2.27	1.13	0	0	
1419871218894105943	CPU_4	5.95	0	39.28	0	52.38	2.38	0	0	0	
1419871219809582797	CPU_4	6.89	0	39.08	0	47.12	5.74	1.14	0	0	
1419871220774871744	CPU_4	12.22	0	35.55	0	47.77	4.44	0	0	0	
1419871221696973624	CPU_4	14.44	0	33.33	0	47.77	4.44	0	0	0	
1419871222689422134	CPU_4	5.26	0	43.15	0	45.26	5.26	1.05	0	0	
1419871223563102167	CPU_4	13.04	0	33.69	0	51.08	2.17	0	0	0	
1419871224439915276	CPU_4	12.08	0	36.26	0	50.54	1.09	0	0	0	
1419871225373898921	CPU_4	10.86	0	34.78	0	51.08	2.17	1.08	0	0	
1419871226316447004	CPU_4	14.77	0	37.50	0	44.31	3.40	0	0	0	
1419871227178057856	CPU_4	11.70	0	35.10	0	51.06	1.06	1.06	0	0	
1419871228078243037	CPU_4	9.89	0	36.26	0	51.64	2.19	0	0	0	
1419871229029708349	CPU_4	10.63	0	35.10	0	52.12	2.12	0	0	0	
1419871229969695105	CPU_4	16.32	0	32.65	0	48.97	1.02	1.02	0	0	
1419871230842719848	CPU_4	11.36	0	35.22	0	51.13	2.27	0	0	0	
1419871231785839763	CPU_4	10.11	0	35.95	0	52.80	1.12	0	0	0	
1419871232614748982	CPU_4	12.08	0	35.16	0	50.54	1.09	1.09	0	0	
1419871233529871878	CPU_4	8.79	0	38.46	0	50.54	2.19	0	0	0	
1419871234463179191	CPU_4	10.11	0	37.07	0	51.68	1.12	0	0	0	
1419871235386107277	CPU_4	14.13	0	30.43	0	52.17	2.17	1.08	0	0	
1419871236292528235	CPU_4	14.73	0	31.57	0	51.57	2.10	0	0	0	
1419871237184597976	CPU_4	6.97	0	39.53	0	50.00	2.32	1.16	0	0	
1419871238032512193	CPU_4	8.79	0	39.56	0	50.54	1.09	0	0	0	
1419871238956189736	CPU_4	12.08	0	34.06	0	51.64	2.19	0	0	0	
1419871239853354048	CPU_4	9.09	0	36.36	0	51.13	2.27	1.13	0	0	
1419871240796703255	CPU_4	12.94	0	36.47	0	45.88	4.70	0	0	0	
1419871241730826482	CPU_4	8.88	0	41.11	0	45.55	4.44	0	0	0	
1419871242549984474	CPU_4	9.30	0	36.04	0	52.32	1.16	1.16	0	0	
1419871243429914409	CPU_4	4.70	0	41.17	0	52.94	1.17	0	0	0	
1419871244291441095	CPU_4	10.00	0	40.00	0	48.88	1.11	0	0	0	
1419871245245178069	CPU_4	11.11	0	35.55	0	50.00	2.22	1.11	0	0	
1419871246129401994	CPU_4	10.98	0	31.86	0	54.94	2.19	0	0	0	
1419871247062462599	CPU_4	5.68	0	40.90	0	51.13	1.13	1.13	0	0	
1419871247918272882	CPU_4	10.11	0	37.07	0	50.56	2.24	0	0	0	
1419871248860929631	CPU_4	7.22	0	39.75	0	49.39	3.61	0	0	0	
1419871249752682373	CPU_4	10.98	0	35.16	0	51.64	1.09	1.09	0	0	
1419871250608415280	CPU_4	7.05	0	36.47	0	55.29	1.17	0	0	0	
1419871251597148799	CPU_4	9.47	0	37.89	0	48.42	4.21	0	0	0	
1419871252475033989	CPU_4	8.60	0	38.70	0	49.46	2.15	1.07	0	0	
1419871253415337494	CPU_4	5.81	0	38.37	0	54.65	1.16	0	0	0	
1419871254287473155	CPU_4	10.11	0	35.95	0	52.80	1.12	0	0	0	
1419871255206295959	CPU_4	9.89	0	36.26	0	50.54	2.19	1.09	0	0	
1419871256099069240	CPU_4	10.46	0	33.72	0	54.65	1.16	0	0	0	
1419871256954549940	CPU_4	9.09	0	39.77	0	48.86	2.27	0	0	0	
1419871257860142275	CPU_4	10.75	0	35.48	0	50.53	2.15	1.07	0	0	
1419871258796781746	CPU_4	7.69	0	39.56	0	50.54	2.19	0	0	0	
1419871259759844865	CPU_4	9.41	0	37.64	0	48.23	3.52	1.17	0	0	
1419871260591711203	CPU_4	6.59	0	40.65	0	50.54	2.19	0	0	0	
1419871261563643052	CPU_4	6.81	0	39.77	0	50.00	3.40	0	0	0	
1419871262501279438	CPU_4	11.57	0	36.84	0	49.47	1.05	1.05	0	0	
1419871263422254404	CPU_4	7.86	0	40.44	0	48.31	3.37	0	0	0	
1419871264376675126	CPU_4	9.18	0	37.75	0	51.02	2.04	0	0	0	
1419871265263795545	CPU_4	10.46	0	34.88	0	52.32	1.16	1.16	0	0	
1419871266120166868	CPU_4	6.97	0	36.04	0	55.81	1.16	0	0	0	
1419871267076513502	CPU_4	11.11	0	34.44	0	51.11	2.22	1.11	0	0	
1419871267918322234	CPU_4	6.97	0	37.20	0	54.65	1.16	0	0	0	
1419871268870507086	CPU_4	7.52	0	37.63	0	52.68	2.15	0	0	0	
1419871269801916112	CPU_4	9.89	0	35.16	0	52.74	1.09	1.09	0	0	
1419871270713789265	CPU_4	7.86	0	39.32	0	50.56	2.24	0	0	0	
1419871271648350950	CPU_4	7.44	0	40.42	0	50.00	2.12	0	0	0	
1419871272569261291	CPU_4	8.98	0	38.20	0	48.31	3.37	1.12	0	0	
1419871273472628631	CPU_4	8.79	0	39.56	0	50.54	1.09	0	0	0	
1419871274306906879	CPU_4	11.95	0	35.86	0	51.08	1.08	0	0	0	
1419871275265061885	CPU_4	10.75	0	36.55	0	49.46	2.15	1.07	0	0	
1419871276083678503	CPU_4	7.22	0	39.75	1.20	49.39	2.40	0	0	0	
1419871276976031951	CPU_4	8.33	0	38.09	0	48.80	3.57	1.19	0	0	
1419871277884131072	CPU_4	11.49	0	35.63	0	50.57	2.29	0	0	0	
1419871278783503004	CPU_4	13.18	0	32.96	0	52.74	1.09	0	0	0	
1419871279684833723	CPU_4	11.11	0	33.33	0	52.22	2.22	1.11	0	0	
1419871280609322265	CPU_4	9.09	0	38.63	0	51.13	1.13	0	0	0	
1419871281558537582	CPU_4	10.86	0	35.86	0	52.17	1.08	0	0	0	
1419871282531314596	CPU_4	12.63	0	34.73	0	47.36	4.21	1.05	0	0	
1419871283474012679	CPU_4	13.82	0	31.91	0	47.87	6.38	0	0	0	
1419871284395767976	CPU_4	8.98	0	39.32	0	46.06	4.49	1.12	0	0	
1419871285318263564	CPU_4	13.09	0	36.90	0	46.42	3.57	0	0	0	
1419871286214835461	CPU_4	8.79	0	36.26	0	51.64	3.29	0	0	0	
1419871287109771070	CPU_4	9.89	0	38.46	0	49.45	1.09	1.09	0	0	
1419871288064313834	CPU_4	10.86	0	33.69	0	53.26	2.17	0	0	0	
1419871288963498058	CPU_4	10.00	0	37.77	0	50.00	2.22	0	0	0	
1419871289895468415	CPU_4	9.67	0	37.63	0	49.46	2.15	1.07	0	0	
1419871290797517883	CPU_4	12.22	0	35.55	0	50.00	2.22	0	0	0	
1419871291699113560	CPU_4	6.97	0	37.20	0	53.48	1.16	1.16	0	0	
1419871292572310928	CPU_4	12.08	0	35.16	0	50.54	2.19	0	0	0	
1419871293515801050	CPU_4	9.19	0	36.78	0	52.87	1.14	0	0	0	
1419871294354151498	CPU_4	8.79	0	38.46	0	50.54	1.09	1.09	0	0	
1419871295315236580	CPU_4	9.09	0	35.22	0	53.40	2.27	0	0	0	
1419871296194442350	CPU_4	11.23	0	38.20	0	46.06	4.49	0	0	0	
1419871297103607677	CPU_4	6.66	0	38.88	0	51.11	2.22	1.11	0	0	
1419871298053443035	CPU_4	7.69	0	39.56	0	51.64	1.09	0	0	0	
1419871298939855247	CPU_4	9.89	0	36.26	0	51.64	2.19	0	0	0	
1419871299837799224	CPU_4	11.23	0	34.83	0	50.56	2.24	1.12	0	0	
1419871300736338908	CPU_4	13.48	0	33.70	0	50.56	2.24	0	0	0	
1419871301663539985	CPU_4	7.60	0	38.04	0	52.17	1.08	1.08	0	0	
1419871302579004463	CPU_4	9.89	0	37.36	0	49.45	3.29	0	0	0	
1419871303489961619	CPU_4	8.88	0	37.77	0	52.22	1.11	0	0	0	
1419871304382350192	CPU_4	8.33	0	39.28	0	47.61	3.57	1.19	0	0	
1419871305258470678	CPU_4	12.22	0	36.66	0	48.88	2.22	0	0	0	
1419871306178495563	CPU_4	11.95	0	35.86	0	50.00	2.17	0	0	0	
1419871307060574743	CPU_4	11.62	0	32.55	0	53.48	1.16	1.16	0	0	
1419871308017815668	CPU_4	13.33	0	32.22	0	53.33	1.11	0	0	0	
1419871308888213417	CPU_4	11.23	0	34.83	0	51.68	2.24	0	0	0	
1419871309854063988	CPU_4	15.55	0	28.88	0	52.22	2.22	1.11	0	0	
1419871310749872262	CPU_4	10.63	0	32.97	0	54.25	2.12	0	0	0	
1419871311650190108	CPU_4	10.98	0	38.46	0	48.35	1.09	1.09	0	0	
1419871312563445467	CPU_4	7.52	0	40.86	0	49.46	2.15	0	0	0	
1419871313448518724	CPU_4	13.04	0	35.86	0	48.91	2.17	0	0	0	
1419871314393172802	CPU_4	8.13	0	38.37	0	50.00	2.32	1.16	0	0	
1419871315310782192	CPU_4	9.19	0	35.63	0	54.02	1.14	0	0	0	
1419871316179629653	CPU_4	8.60	0	36.55	1.07	51.61	2.15	0	0	0	
1419871317144683226	CPU_4	15.78	0	30.52	0	50.52	2.10	1.05	0	0	
1419871318092561130	CPU_4	11.36	0	34.09	0	52.27	2.27	0	0	0	
1419871318964715875	CPU_4	8.98	0	35.95	0	52.80	1.12	1.12	0	0	
1419871319918054725	CPU_4	10.86	0	35.86	0	51.08	2.17	0	0	0	
1419871320824757140	CPU_4	11.45	0	34.37	0	53.12	1.04	0	0	0	
1419871321778277740	CPU_4	9.09	0	38.63	0	48.86	2.27	1.13	0	0	
1419871322618952390	CPU_4	10.86	0	36.95	0	50.00	2.17	0	0	0	
1419871323572107199	CPU_4	13.48	0	34.83	0	50.56	1.12	0	0	0	
1419871324521620349	CPU_4	6.25	0	38.54	0	52.08	2.08	1.04	0	0	
1419871325416115293	CPU_4	9.89	0	37.36	0	50.54	2.19	0	0	0	
1419871326303234628	CPU_4	13.18	0	30.76	0	54.94	1.09	0	0	0	
1419871327204908430	CPU_4	14.44	0	32.22	0	50.00	2.22	1.11	0	0	
1419871328126109271	CPU_4	10.22	0	37.50	0	50.00	2.27	0	0	0	
1419871329094823335	CPU_4	13.04	0	32.60	0	52.17	1.08	1.08	0	0	
1419871330001477584	CPU_4	16.66	0	28.88	0	52.22	2.22	0	0	0	
1419871330868584466	CPU_4	10.75	0	36.55	0	51.61	1.07	0	0	0	
1419871331753554973	CPU_4	15.55	0	30.00	1.11	50.00	2.22	1.11	0	0	
1419871332666917081	CPU_4	10.98	0	36.26	0	51.64	1.09	0	0	0	
1419871333554812415	CPU_4	12.79	0	34.88	0	50.00	2.32	0	0	0	
1419871334449747482	CPU_4	12.50	0	34.09	0	50.00	2.27	1.13	0	0	
1419871335308438383	CPU_4	10.46	0	36.04	0	51.16	2.32	0	0	0	
1419871336197507131	CPU_4	13.48	0	34.83	0	50.56	1.12	0	0	0	
1419871337096584689	CPU_4	8.33	0	34.52	0	54.76	1.19	1.19	0	0	
1419871337981410530	CPU_4	13.18	0	36.26	0	48.35	2.19	0	0	0	
1419871338916656671	CPU_4	13.33	0	34.44	0	48.88	2.22	1.11	0	0	
1419871339817212601	CPU_4	10.75	0	35.48	0	51.61	2.15	0	0	0	
1419871340776774645	CPU_4	10.00	0	35.55	0	53.33	1.11	0	0	0	
1419871341683378560	CPU_4	11.82	0	35.48	0	49.46	2.15	1.07	0	0	
1419871342619933740	CPU_4	11.70	0	37.23	0	47.87	3.19	0	0	0	
1419871343496726975	CPU_4	9.19	0	37.93	0	50.57	2.29	0	0	0	
1419871344490256940	CPU_4	9.37	0	34.37	0	53.12	2.08	1.04	0	0	
1419871345459129255	CPU_4	14.63	0	36.58	0	43.90	4.87	0	0	0	
1419871346484770563	CPU_4	8.57	0	39.04	0	45.71	5.71	.95	0	0	
1419871347409932353	CPU_4	11.70	0	35.10	0	51.06	2.12	0	0	0	
1419871348314006733	CPU_4	11.36	0	36.36	0	47.72	4.54	0	0	0	
1419871349243555762	CPU_4	16.66	0	27.77	0	52.22	2.22	1.11	0	0	
1419871350238152476	CPU_4	11.82	0	32.25	0	54.83	1.07	0	0	0	
1419871351083574115	CPU_4	13.48	0	32.58	0	51.68	2.24	0	0	0	
1419871351984036295	CPU_4	12.35	0	33.70	0	51.68	1.12	1.12	0	0	
1419871352904912095	CPU_4	13.95	0	32.55	0	51.16	2.32	0	0	0	
1419871353829688510	CPU_4	12.50	0	34.09	0	51.13	1.13	1.13	0	0	
1419871354690032991	CPU_4	12.24	0	35.71	0	50.00	2.04	0	0	0	
1419871355594238578	CPU_4	12.64	0	33.33	0	52.87	1.14	0	0	0	
1419871356500254704	CPU_4	12.79	0	31.39	1.16	51.16	2.32	1.16	0	0	
1419871357384754004	CPU_4	12.76	0	35.10	0	51.06	1.06	0	0	0	
1419871358283609520	CPU_4	10.34	0	34.48	0	52.87	2.29	0	0	0	
1419871359195190216	CPU_4	10.98	0	38.46	0	46.15	3.29	1.09	0	0	
1419871360094898064	CPU_4	13.48	0	32.58	0	52.80	1.12	0	0	0	
1419871361054288775	CPU_4	14.89	0	32.97	0	47.87	3.19	1.06	0	0	
1419871361988730669	CPU_4	11.95	0	34.78	0	51.08	2.17	0	0	0	
1419871362894973877	CPU_4	10.11	0	37.07	0	49.43	3.37	0	0	0	
1419871363843427780	CPU_4	14.58	0	34.37	0	47.91	2.08	1.04	0	0	
1419871364774539556	CPU_4	13.18	0	35.16	0	49.45	2.19	0	0	0	
1419871365654562908	CPU_4	16.85	0	31.46	0	49.43	2.24	0	0	0	
1419871366497407261	CPU_4	12.94	0	34.11	1.17	47.05	3.52	1.17	0	0	
1419871367425304961	CPU_4	12.35	0	37.07	0	47.19	3.37	0	0	0	
1419871368365588633	CPU_4	12.90	0	34.40	0	50.53	2.15	0	0	0	
1419871369274277877	CPU_4	13.33	0	32.22	0	52.22	1.11	1.11	0	0	
1419871370139548596	CPU_4	10.11	0	35.95	0	52.80	1.12	0	0	0	
1419871371113184649	CPU_4	15.30	0	31.63	0	50.00	2.04	1.02	0	0	
1419871372008224467	CPU_4	17.58	0	30.76	0	49.45	2.19	0	0	0	
1419871372892201559	CPU_4	11.23	0	37.07	0	50.56	1.12	0	0	0	
1419871373813076026	CPU_4	15.95	0	31.91	0	48.93	2.12	1.06	0	0	
1419871374709867006	CPU_4	13.48	0	32.58	0	51.68	2.24	0	0	0	
1419871375564075333	CPU_4	14.77	0	34.09	0	48.86	2.27	0	0	0	
1419871376430250092	CPU_4	12.50	0	37.50	0	46.59	2.27	1.13	0	0	
1419871377383112860	CPU_4	12.37	0	36.08	0	50.51	1.03	0	0	0	
1419871378307907983	CPU_4	11.82	0	35.48	0	50.53	2.15	0	0	0	
1419871379204600089	CPU_4	10.58	0	34.11	0	50.58	3.52	1.17	0	0	
1419871380094111419	CPU_4	13.95	0	32.55	0	51.16	2.32	0	0	0	
1419871381048620099	CPU_4	19.10	0	31.46	0	46.06	2.24	1.12	0	0	
1419871381946980659	CPU_4	11.95	0	33.69	0	52.17	2.17	0	0	0	
1419871382817349449	CPU_4	8.04	0	36.78	0	52.87	2.29	0	0	0	
1419871383751267635	CPU_4	10.63	0	36.17	0	50.00	2.12	1.06	0	0	
1419871384649471029	CPU_4	17.97	0	30.33	0	50.56	1.12	0	0	0	
1419871385584016505	CPU_4	11.62	0	36.04	0	47.67	4.65	0	0	0	
1419871386464129148	CPU_4	13.04	0	33.69	0	51.08	1.08	1.08	0	0	
1419871387386725111	CPU_4	12.08	0	34.06	0	51.64	2.19	0	0	0	
1419871388308370658	CPU_4	13.68	0	34.73	0	49.47	1.05	1.05	0	0	
1419871389266754580	CPU_4	11.82	0	35.48	0	50.53	2.15	0	0	0	
1419871390129719221	CPU_4	13.04	0	35.86	0	48.91	2.17	0	0	0	
1419871391038337382	CPU_4	16.12	0	31.18	1.07	49.46	1.07	1.07	0	0	
1419871391954810650	CPU_4	14.77	0	30.68	0	53.40	1.13	0	0	0	
1419871392891609538	CPU_4	14.89	0	32.97	0	50.00	2.12	0	0	0	
1419871393758618378	CPU_4	13.18	0	35.16	0	48.35	2.19	1.09	0	0	
1419871394703497164	CPU_4	13.26	0	34.69	0	50.00	2.04	0	0	0	
1419871395574696161	CPU_4	11.36	0	35.22	0	51.13	1.13	1.13	0	0	
1419871396483955112	CPU_4	9.89	0	38.46	1.09	48.35	2.19	0	0	0	
1419871397443400490	CPU_4	12.35	0	35.95	0	47.19	4.49	0	0	0	
1419871398314951903	CPU_4	15.21	0	32.60	0	50.00	1.08	1.08	0	0	
1419871399240176276	CPU_4	12.22	0	38.88	0	45.55	3.33	0	0	0	
1419871400147888689	CPU_4	17.52	0	29.89	0	50.51	2.06	0	0	0	
1419871401033112279	CPU_4	12.50	0	32.95	0	51.13	2.27	1.13	0	0	
1419871401975368904	CPU_4	14.13	0	35.86	0	48.91	1.08	0	0	0	
1419871402830545604	CPU_4	16.30	0	32.60	0	48.91	2.17	0	0	0	
1419871403718498563	CPU_4	13.97	0	34.40	0	48.38	2.15	1.07	0	0	
1419871404632800919	CPU_4	17.58	0	31.86	0	49.45	1.09	0	0	0	
1419871405596137705	CPU_4	15.73	0	31.46	0	48.31	3.37	1.12	0	0	
1419871406452201195	CPU_4	9.78	0	38.04	0	51.08	1.08	0	0	0	
1419871407373647785	CPU_4	12.08	0	35.16	0	50.54	2.19	0	0	0	
1419871408316776575	CPU_4	18.18	0	30.68	0	44.31	5.68	1.13	0	0	
1419871409391878395	CPU_4	12.96	0	38.88	0	42.59	5.55	0	0	0	
1419871410275918445	CPU_4	14.60	0	32.58	0	47.19	4.49	1.12	0	0	
1419871411217887988	CPU_4	12.12	0	40.40	0	44.44	3.03	0	0	0	
1419871412271432066	CPU_4	12.74	0	35.29	0	49.01	2.94	0	0	0	
1419871413159876523	CPU_4	13.04	0	33.69	0	50.00	2.17	1.08	0	0	
1419871414100621069	CPU_4	9.78	0	38.04	0	51.08	1.08	0	0	0	
1419871414974407393	CPU_4	15.46	0	34.02	0	48.45	2.06	0	0	0	
1419871415883550303	CPU_4	15.21	0	32.60	0	50.00	1.08	1.08	0	0	
1419871416829430045	CPU_4	16.84	0	28.42	0	52.63	2.10	0	0	0	
1419871417721774994	CPU_4	11.23	0	35.95	0	49.43	2.24	1.12	0	0	
1419871418638432720	CPU_4	16.48	0	30.76	0	51.64	1.09	0	0	0	
1419871419509677425	CPU_4	15.73	0	33.70	0	48.31	2.24	0	0	0	
1419871420352509112	CPU_4	16.47	0	29.41	0	50.58	2.35	1.17	0	0	
1419871421330937529	CPU_4	14.58	0	34.37	0	48.95	2.08	0	0	0	
1419871422261228641	CPU_4	12.08	0	39.56	0	45.05	3.29	0	0	0	
1419871423159547950	CPU_4	15.62	0	32.29	0	47.91	3.12	1.04	0	0	
1419871424054102435	CPU_4	16.12	0	33.33	0	48.38	2.15	0	0	0	
1419871424953476993	CPU_4	10.86	0	36.95	0	51.08	1.08	0	0	0	
1419871425916649403	CPU_4	12.64	0	34.48	0	48.27	3.44	1.14	0	0	
1419871426789085772	CPU_4	15.55	0	30.00	1.11	52.22	1.11	0	0	0	
1419871427684653297	CPU_4	14.28	0	33.67	0	48.97	2.04	1.02	0	0	
1419871428573578670	CPU_4	12.79	0	33.72	0	51.16	2.32	0	0	0	
1419871429473820517	CPU_4	6.59	0	41.75	0	50.54	1.09	0	0	0	
1419871430354090701	CPU_4	13.33	0	32.22	0	51.11	2.22	1.11	0	0	
1419871431309659963	CPU_4	14.73	0	31.57	0	51.57	2.10	0	0	0	
1419871432209258228	CPU_4	14.60	0	34.83	0	49.43	1.12	0	0	0	
1419871433144630202	CPU_4	9.47	0	37.89	0	49.47	2.10	1.05	0	0	
1419871434032458286	CPU_4	14.60	0	32.58	0	50.56	2.24	0	0	0	
1419871434958235408	CPU_4	13.68	0	34.73	0	48.42	2.10	1.05	0	0	
1419871435890946305	CPU_4	13.40	0	35.05	0	49.48	2.06	0	0	0	
1419871436734914740	CPU_4	11.49	0	36.78	0	49.42	2.29	0	0	0	
1419871437714210572	CPU_4	14.13	0	32.60	0	51.08	1.08	1.08	0	0	
1419871438623433148	CPU_4	13.63	0	34.09	0	48.86	3.40	0	0	0	
1419871439475902396	CPU_4	15.38	0	32.96	0	50.54	1.09	0	0	0	
1419871440368620511	CPU_4	10.86	0	35.86	0	50.00	2.17	1.08	0	0	
1419871441286876150	CPU_4	11.62	0	39.53	0	46.51	2.32	0	0	0	
1419871442134150660	CPU_4	14.73	0	33.68	0	49.47	2.10	0	0	0	
1419871443037564375	CPU_4	9.89	0	37.36	0	49.45	2.19	1.09	0	0	
1419871443930080364	CPU_4	14.94	0	35.63	0	47.12	2.29	0	0	0	
1419871444822765562	CPU_4	16.30	0	30.43	0	50.00	2.17	1.08	0	0	
1419871445733682676	CPU_4	17.97	0	31.46	0	49.43	1.12	0	0	0	
1419871446627635121	CPU_4	16.32	0	32.65	0	48.97	2.04	0	0	0	
1419871447594151857	CPU_4	16.12	0	31.18	0	49.46	2.15	1.07	0	0	
1419871448454891795	CPU_4	12.22	0	35.55	0	51.11	1.11	0	0	0	
1419871449350121862	CPU_4	15.73	0	33.70	0	47.19	3.37	0	0	0	
1419871450269690998	CPU_4	12.76	0	34.04	0	51.06	1.06	1.06	0	0	
1419871451161742697	CPU_4	13.68	0	37.89	0	47.36	1.05	0	0	0	
1419871452111572138	CPU_4	16.84	0	30.52	0	50.52	2.10	0	0	0	
1419871453074274841	CPU_4	12.90	0	32.25	0	50.53	3.22	1.07	0	0	
1419871453932671868	CPU_4	13.18	0	34.06	0	51.64	1.09	0	0	0	
1419871454846589933	CPU_4	12.90	0	34.40	0	49.46	2.15	1.07	0	0	
1419871455799977116	CPU_4	11.57	0	36.84	0	49.47	2.10	0	0	0	
1419871456730575560	CPU_4	11.95	0	36.95	0	50.00	1.08	0	0	0	
1419871457617353480	CPU_4	12.24	0	35.71	0	48.97	2.04	1.02	0	0	
1419871458513891960	CPU_4	16.48	0	31.86	0	49.45	2.19	0	0	0	
1419871459458918496	CPU_4	13.04	0	33.69	0	52.17	1.08	0	0	0	
1419871460309703998	CPU_4	10.46	0	33.72	0	53.48	1.16	1.16	0	0	
1419871461254312243	CPU_4	16.49	0	31.95	0	49.48	2.06	0	0	0	
1419871462159340329	CPU_4	11.57	0	36.84	0	48.42	2.10	1.05	0	0	
1419871463055104103	CPU_4	15.21	0	32.60	0	51.08	1.08	0	0	0	
1419871463984266842	CPU_4	17.20	0	32.25	0	48.38	2.15	0	0	0	
1419871464894734499	CPU_4	15.46	0	32.98	0	49.48	1.03	1.03	0	0	
1419871465783661247	CPU_4	11.49	0	35.63	0	50.57	2.29	0	0	0	
1419871466648077551	CPU_4	15.73	0	32.58	0	50.56	1.12	0	0	0	
1419871467537566631	CPU_4	15.05	0	33.33	0	48.38	2.15	1.07	0	0	
1419871468466807995	CPU_4	15.21	0	33.69	0	50.00	1.08	0	0	0	
1419871469383919636	CPU_4	12.37	0	36.08	0	49.48	2.06	0	0	0	
1419871470310545339	CPU_4	20.43	0	29.03	0	48.38	1.07	1.07	0	0	
1419871471286406096	CPU_4	13.26	0	35.71	0	48.97	2.04	0	0	0	
1419871472381006162	CPU_4	12.14	0	37.38	0	43.92	5.60	.93	0	0	
1419871473310469650	CPU_4	15.38	0	34.61	0	46.15	3.84	0	0	0	
1419871474223916634	CPU_4	13.82	0	36.17	0	44.68	4.25	1.06	0	0	
1419871475224664833	CPU_4	18.00	0	27.00	0	53.00	2.00	0	0	0	
1419871476112901624	CPU_4	10.46	0	39.53	0	47.67	2.32	0	0	0	
1419871477023327364	CPU_4	15.15	0	35.35	0	46.46	2.02	1.01	0	0	
1419871477893425822	CPU_4	13.48	0	34.83	0	50.56	1.12	0	0	0	
1419871478814838496	CPU_4	15.73	0	32.58	0	48.31	3.37	0	0	0	
1419871479793668162	CPU_4	13.82	0	32.97	0	50.00	2.12	1.06	0	0	
1419871480661309667	CPU_4	15.78	0	32.63	0	50.52	1.05	0	0	0	
1419871481578704475	CPU_4	11.45	0	37.50	0	47.91	2.08	1.04	0	0	
1419871482509661834	CPU_4	11.57	0	36.84	0	49.47	2.10	0	0	0	
1419871483409469057	CPU_4	16.30	0	30.43	0	51.08	2.17	0	0	0	
1419871484373800007	CPU_4	17.02	0	36.17	0	42.55	3.19	1.06	0	0	
1419871485225246508	CPU_4	16.30	0	31.52	0	51.08	1.08	0	0	0	
1419871486173687494	CPU_4	12.24	0	35.71	0	50.00	2.04	0	0	0	
1419871487122553187	CPU_4	12.63	0	34.73	0	50.52	1.05	1.05	0	0	
1419871488023137950	CPU_4	19.19	0	30.30	0	48.48	2.02	0	0	0	
1419871488999265664	CPU_4	11.70	0	37.23	0	48.93	2.12	0	0	0	
1419871489863394553	CPU_4	14.73	0	32.63	0	50.52	1.05	1.05	0	0	
1419871490753259882	CPU_4	13.04	0	34.78	0	50.00	2.17	0	0	0	
1419871491688906647	CPU_4	16.49	0	37.11	0	42.26	3.09	1.03	0	0	
1419871492599888803	CPU_4	9.78	0	38.04	0	50.00	2.17	0	0	0	
1419871493537672230	CPU_4	13.33	0	34.44	0	50.00	2.22	0	0	0	
1419871494481620435	CPU_4	16.34	0	31.73	0	49.03	1.92	.96	0	0	
1419871495401867486	CPU_4	13.82	0	35.10	0	48.93	2.12	0	0	0	
1419871496339574580	CPU_4	12.08	0	36.26	1.09	49.45	1.09	0	0	0	
1419871497238039515	CPU_4	10.75	0	36.55	0	49.46	2.15	1.07	0	0	
1419871498187621331	CPU_4	11.45	0	37.50	0	50.00	1.04	0	0	0	
1419871499084437561	CPU_4	16.84	0	31.57	0	49.47	2.10	0	0	0	
1419871499998003294	CPU_4	12.22	0	34.44	0	51.11	1.11	1.11	0	0	
1419871500912657525	CPU_4	13.97	0	34.40	0	49.46	2.15	0	0	0	
1419871501814366702	CPU_4	15.00	0	33.00	0	49.00	2.00	1.00	0	0	
1419871502725653773	CPU_4	13.68	0	36.84	0	48.42	1.05	0	0	0	
1419871503638605633	CPU_4	11.95	0	35.86	0	50.00	2.17	0	0	0	
1419871504540272518	CPU_4	14.89	0	34.04	0	47.87	2.12	1.06	0	0	
1419871505450246551	CPU_4	12.76	0	34.04	0	52.12	1.06	0	0	0	
1419871506430468297	CPU_4	12.50	0	36.45	0	48.95	2.08	0	0	0	
1419871507293319230	CPU_4	14.13	0	32.60	0	51.08	1.08	1.08	0	0	
1419871508188355631	CPU_4	14.44	0	33.33	0	50.00	2.22	0	0	0	
1419871509059731753	CPU_4	17.58	0	30.76	0	49.45	1.09	1.09	0	0	
1419871509954735403	CPU_4	12.90	0	37.63	0	47.31	2.15	0	0	0	
1419871510893584536	CPU_4	13.54	0	35.41	0	48.95	2.08	0	0	0	
1419871511901683344	CPU_4	12.50	0	32.29	0	52.08	2.08	1.04	0	0	
1419871512745585404	CPU_4	3.75	0	18.75	0	77.50	0	0	0	0	
1419871513524997445	CPU_4	8.04	0	28.73	0	62.06	1.14	0	0	0	
1419871514498966206	CPU_4	14.73	0	31.57	0	50.52	2.10	1.05	0	0	
1419871515412539189	CPU_4	10.52	0	37.89	0	50.52	1.05	0	0	0	
1419871516373882937	CPU_4	10.30	0	37.11	0	51.54	1.03	0	0	0	
1419871517249305674	CPU_4	11.45	0	36.45	0	48.95	2.08	1.04	0	0	
1419871518124524079	CPU_4	15.21	0	33.69	0	50.00	1.08	0	0	0	
1419871519062407756	CPU_4	14.89	0	36.17	0	46.80	2.12	0	0	0	
1419871519981245102	CPU_4	13.13	0	33.33	0	51.51	1.01	1.01	0	0	
1419871520923596935	CPU_4	14.28	0	33.67	0	50.00	2.04	0	0	0	
1419871521864212439	CPU_4	11.70	0	34.04	1.06	51.06	1.06	1.06	0	0	
1419871522800297162	CPU_4	12.22	0	35.55	0	50.00	2.22	0	0	0	
1419871523667877168	CPU_4	11.57	0	36.84	0	49.47	2.10	0	0	0	
1419871524580297278	CPU_4	14.43	0	37.11	0	46.39	1.03	1.03	0	0	
1419871525468327528	CPU_4	15.05	0	32.25	0	50.53	2.15	0	0	0	
1419871526438877172	CPU_4	13.68	0	37.89	0	45.26	3.15	0	0	0	
1419871527403323913	CPU_4	14.89	0	31.91	0	50.00	2.12	1.06	0	0	
1419871528234629127	CPU_4	13.63	0	34.09	0	51.13	1.13	0	0	0	
1419871529172939803	CPU_4	14.44	0	36.66	0	43.33	5.55	0	0	0	
1419871530104933035	CPU_4	15.95	0	32.97	0	48.93	1.06	1.06	0	0	
1419871530984683637	CPU_4	13.68	0	35.78	0	48.42	2.10	0	0	0	
1419871531888820767	CPU_4	16.12	0	33.33	1.07	46.23	2.15	1.07	0	0	
1419871532859518952	CPU_4	14.28	0	34.69	0	48.97	2.04	0	0	0	
1419871533809231894	CPU_4	11.82	0	34.40	0	51.61	2.15	0	0	0	
1419871534749882398	CPU_4	13.97	0	38.70	0	41.93	4.30	1.07	0	0	
1419871535659016099	CPU_4	14.89	0	35.10	0	42.55	7.44	0	0	0	
1419871536583167516	CPU_4	15.38	0	32.96	0	48.35	3.29	0	0	0	
1419871537652363766	CPU_4	13.00	0	38.00	0	43.00	5.00	1.00	0	0	
1419871538499342486	CPU_4	32.22	0	56.66	0	8.88	1.11	1.11	0	0	
1419871539484474346	CPU_4	45.91	0	53.06	0	0	1.02	0	0	0	
1419871540464501468	CPU_4	47.95	0	50.00	0	0	1.02	1.02	0	0	
1419871541439338310	CPU_4	38.77	0	59.18	0	0	1.02	1.02	0	0	
1419871542419491515	CPU_4	43.87	0	55.10	0	0	0	1.02	0	0	
1419871543369398581	CPU_4	46.80	0	52.12	0	0	1.06	0	0	0	
1419871544354393650	CPU_4	39.00	0	59.00	0	0	1.00	1.00	0	0	
1419871545324373503	CPU_4	43.75	0	55.20	0	0	0	1.04	0	0	
1419871546304569208	CPU_4	41.83	0	57.14	0	0	1.02	0	0	0	
1419871547264419834	CPU_4	43.29	0	54.63	0	0	1.03	1.03	0	0	
1419871548244323748	CPU_4	41.83	0	57.14	0	0	0	1.02	0	0	
1419871549204571374	CPU_4	46.87	0	51.04	0	0	1.04	1.04	0	0	
1419871550204394617	CPU_4	42.42	0	56.56	0	0	1.01	0	0	0	
1419871551152986436	CPU_4	42.10	0	56.84	0	0	0	1.05	0	0	
1419871552109381196	CPU_4	42.70	0	55.20	0	0	1.04	1.04	0	0	
1419871553074406644	CPU_4	43.29	0	54.63	0	0	1.03	1.03	0	0	
1419871554019386679	CPU_4	41.30	0	58.69	0	0	0	0	0	0	
1419871555009366528	CPU_4	45.00	0	53.00	0	0	1.00	1.00	0	0	
1419871555994490722	CPU_4	49.49	0	48.48	0	0	1.01	1.01	0	0	
1419871556964349242	CPU_4	43.87	0	55.10	0	0	0	1.02	0	0	
1419871557919513754	CPU_4	44.08	0	54.83	0	0	1.07	0	0	0	
1419871558889505941	CPU_4	45.00	0	53.00	0	0	1.00	1.00	0	0	
1419871559824290375	CPU_4	44.08	0	54.83	0	0	0	1.07	0	0	
1419871560789231448	CPU_4	41.66	0	56.25	0	0	1.04	1.04	0	0	
1419871561754317188	CPU_4	47.91	0	51.04	0	0	1.04	0	0	0	
1419871562744326287	CPU_4	48.48	0	50.50	0	0	0	1.01	0	0	
1419871563709466443	CPU_4	48.95	0	48.95	0	0	1.04	1.04	0	0	
1419871564679338005	CPU_4	45.91	0	52.04	0	0	1.02	1.02	0	0	
1419871565639350756	CPU_4	44.21	0	55.78	0	0	0	0	0	0	
1419871566619549503	CPU_4	39.17	0	58.76	0	0	1.03	1.03	0	0	
1419871567574285641	CPU_4	44.89	0	53.06	0	0	1.02	1.02	0	0	
1419871568544515285	CPU_4	41.23	0	56.70	0	0	1.03	1.03	0	0	
1419871569519576919	CPU_4	45.83	0	54.16	0	0	0	0	0	0	
1419871570484484742	CPU_4	44.89	0	53.06	0	0	1.02	1.02	0	0	
1419871571434585183	CPU_4	37.89	0	60.00	0	0	1.05	1.05	0	0	
1419871572409562233	CPU_4	43.29	0	55.67	0	0	0	1.03	0	0	
1419871573354363269	CPU_4	40.00	0	58.94	0	0	1.05	0	0	0	
1419871574324383330	CPU_4	38.54	0	59.37	0	0	1.04	1.04	0	0	
1419871575314309138	CPU_4	57.57	0	41.41	0	0	0	1.01	0	0	
1419871576277499757	CPU_4	89.69	0	9.27	0	0	1.03	0	0	0	
1419871577239271296	CPU_4	88.42	0	11.57	0	0	0	0	0	0	
1419871578179756925	CPU_4	87.36	0	10.52	0	0	1.05	1.05	0	0	
1419871579154324393	CPU_4	89.69	0	9.27	0	0	1.03	0	0	0	
1419871580129286860	CPU_4	88.65	0	11.34	0	0	0	0	0	0	
1419871581084376372	CPU_4	88.54	0	9.37	0	0	1.04	1.04	0	0	
1419871582039331843	CPU_4	88.54	0	11.45	0	0	0	0	0	0	
1419871583029352317	CPU_4	89.89	0	9.09	0	0	1.01	0	0	0	
1419871584004365367	CPU_4	88.65	0	10.30	0	0	1.03	0	0	0	
1419871584954419933	CPU_4	86.31	0	12.63	0	0	0	1.05	0	0	
1419871585901019757	CPU_4	88.54	0	10.41	0	0	1.04	0	0	0	
1419871586849403535	CPU_4	85.10	0	13.82	1.06	0	0	0	0	0	
1419871587814366608	CPU_4	86.59	0	11.34	0	0	1.03	1.03	0	0	
1419871588789339200	CPU_4	89.69	0	10.30	0	0	0	0	0	0	
1419871589744340587	CPU_4	89.58	0	9.37	0	0	1.04	0	0	0	
1419871590719342304	CPU_4	89.79	0	8.16	0	0	1.02	1.02	0	0	
1419871591704375206	CPU_4	88.77	0	11.22	0	0	0	0	0	0	
1419871592679345881	CPU_4	91.75	0	7.21	0	0	1.03	0	0	0	
1419871593659297337	CPU_4	88.77	0	10.20	0	0	0	1.02	0	0	
1419871594664305401	CPU_4	88.11	0	10.89	0	0	.99	0	0	0	
1419871595614401758	CPU_4	87.36	0	11.57	0	0	1.05	0	0	0	
1419871596584355070	CPU_4	89.69	0	9.27	0	0	0	1.03	0	0	
1419871597614373452	CPU_4	87.50	0	11.45	0	0	1.04	0	0	0	
1419871598739405991	CPU_4	91.66	0	7.50	0	0	.83	0	0	0	
1419871599789394452	CPU_4	87.62	0	11.34	0	0	0	1.03	0	0	
1419871600754308441	CPU_4	89.42	0	9.61	0	0	.96	0	0	0	
1419871601717484185	CPU_4	88.54	0	10.41	0	0	1.04	0	0	0	
1419871602699325678	CPU_4	88.88	0	10.10	0	0	0	1.01	0	0	
1419871603674316020	CPU_4	88.77	0	10.20	0	0	1.02	0	0	0	
1419871604664370869	CPU_4	90.81	0	9.18	0	0	0	0	0	0	
1419871605639426544	CPU_4	83.67	0	14.28	0	0	1.02	1.02	0	0	
1419871606614409552	CPU_4	87.62	0	11.34	0	0	1.03	0	0	0	
1419871607594360382	CPU_4	89.79	0	10.20	0	0	0	0	0	0	
1419871608564411319	CPU_4	87.50	0	10.41	0	0	1.04	1.04	0	0	
1419871609549264013	CPU_4	87.00	0	12.00	0	0	1.00	0	0	0	
1419871610514360211	CPU_4	89.47	0	10.52	0	0	0	0	0	0	
1419871611504310435	CPU_4	88.00	0	10.00	0	0	1.00	1.00	0	0	
1419871612479331068	CPU_4	88.77	0	10.20	0	0	1.02	0	0	0	
1419871613474331697	CPU_4	87.87	0	11.11	0	0	0	1.01	0	0	
1419871614439409645	CPU_4	86.45	0	12.50	0	0	1.04	0	0	0	
1419871615414365112	CPU_4	87.75	0	11.22	0	0	1.02	0	0	0	
1419871616394343734	CPU_4	88.77	0	10.20	0	0	0	1.02	0	0	
1419871617369414742	CPU_4	87.62	0	11.34	0	0	1.03	0	0	0	
1419871618379392337	CPU_4	88.23	0	10.78	0	0	.98	0	0	0	
1419871619394457337	CPU_4	86.27	0	11.76	0	0	.98	.98	0	0	
1419871620384411352	CPU_4	90.81	0	9.18	0	0	0	0	0	0	
1419871621399348269	CPU_4	89.21	0	8.82	0	0	.98	.98	0	0	
1419871622374279986	CPU_4	86.73	0	12.24	0	0	1.02	0	0	0	
1419871623349367202	CPU_4	88.54	0	11.45	0	0	0	0	0	0	
1419871624339283510	CPU_4	88.88	0	9.09	0	0	1.01	1.01	0	0	
1419871625314459476	CPU_4	88.77	0	10.20	0	0	1.02	0	0	0	
1419871626314467927	CPU_4	90.09	0	9.90	0	0	0	0	0	0	
1419871627339429154	CPU_4	90.09	0	7.92	0	0	.99	.99	0	0	
1419871628344370469	CPU_4	89.10	0	9.90	0	0	.99	0	0	0	
1419871629339463389	CPU_4	90.00	0	9.00	0	0	0	1.00	0	0	
1419871630324418333	CPU_4	86.73	0	12.24	0	0	1.02	0	0	0	
1419871631349430560	CPU_4	87.37	0	11.65	0	0	.97	0	0	0	
1419871632346691767	CPU_4	88.88	0	9.09	0	0	1.01	1.01	0	0	
1419871633344397182	CPU_4	88.00	0	12.00	0	0	0	0	0	0	
1419871634344351674	CPU_4	90.09	0	8.91	0	0	.99	0	0	0	
1419871635344458292	CPU_4	87.00	0	11.00	0	0	1.00	1.00	0	0	
1419871636334314183	CPU_4	89.79	0	10.20	0	0	0	0	0	0	
1419871637304425744	CPU_4	86.73	0	11.22	0	0	1.02	1.02	0	0	
1419871638269402567	CPU_4	89.58	0	9.37	0	0	1.04	0	0	0	
1419871639269352518	CPU_4	88.88	0	11.11	0	0	0	0	0	0	
1419871640250304138	CPU_4	86.86	0	11.11	0	0	1.01	1.01	0	0	
1419871641239394864	CPU_4	88.77	0	10.20	0	0	1.02	0	0	0	
1419871642214396539	CPU_4	88.77	0	11.22	0	0	0	0	0	0	
1419871643219512145	CPU_4	88.11	0	9.90	0	0	.99	.99	0	0	
1419871644214437441	CPU_4	89.89	0	9.09	0	0	1.01	0	0	0	
1419871645214399684	CPU_4	89.00	0	11.00	0	0	0	0	0	0	
1419871646194509639	CPU_4	87.75	0	10.20	0	0	1.02	1.02	0	0	
1419871647174321761	CPU_4	88.88	0	10.10	0	0	1.01	0	0	0	
1419871648134473970	CPU_4	88.42	0	10.52	0	0	0	1.05	0	0	
1419871649104436865	CPU_4	87.62	0	11.34	0	0	1.03	0	0	0	
1419871650119486990	CPU_4	89.21	0	9.80	0	0	.98	0	0	0	
1419871651134470490	CPU_4	89.21	0	8.82	0	0	.98	.98	0	0	
1419871652149492864	CPU_4	91.00	0	9.00	0	0	0	0	0	0	
1419871653169443853	CPU_4	90.29	0	8.73	0	0	.97	0	0	0	
1419871654159526368	CPU_4	88.00	0	10.00	0	0	1.00	1.00	0	0	
1419871655149486676	CPU_4	90.81	0	9.18	0	0	0	0	0	0	
1419871656139373316	CPU_4	88.00	0	10.00	0	0	1.00	1.00	0	0	
1419871657126800671	CPU_4	88.77	0	10.20	0	0	1.02	0	0	0	
1419871658104434715	CPU_4	90.72	0	9.27	0	0	0	0	0	0	
1419871659104410916	CPU_4	88.00	0	10.00	0	0	1.00	1.00	0	0	
1419871660129475851	CPU_4	89.32	0	9.70	0	0	.97	0	0	0	
1419871661379480727	CPU_4	89.60	0	8.80	0	0	.80	.80	0	0	
1419871662389457947	CPU_4	88.77	0	11.22	0	0	0	0	0	0	
1419871663464438059	CPU_4	90.90	0	8.18	0	0	.90	0	0	0	
1419871664494457566	CPU_4	88.34	0	9.70	0	0	.97	.97	0	0	
1419871665504432036	CPU_4	89.10	0	10.89	0	0	0	0	0	0	
1419871666539442906	CPU_4	89.42	0	8.65	0	0	.96	.96	0	0	
1419871667609414529	CPU_4	91.58	0	7.47	0	0	.93	0	0	0	
1419871668554430315	CPU_4	90.42	0	8.51	0	0	1.06	0	0	0	
1419871669624503605	CPU_4	91.58	0	7.47	0	0	0	.93	0	0	
1419871670599487405	CPU_4	88.77	0	10.20	0	0	1.02	0	0	0	
1419871671584475474	CPU_4	89.89	0	8.08	0	0	1.01	1.01	0	0	
1419871672609381743	CPU_4	91.17	0	8.82	0	0	0	0	0	0	
1419871673559428975	CPU_4	89.47	0	9.47	0	0	1.05	0	0	0	
1419871674569495569	CPU_4	90.09	0	7.92	0	0	.99	.99	0	0	
1419871675569484937	CPU_4	90.90	0	9.09	0	0	0	0	0	0	
1419871676514447890	CPU_4	87.36	0	11.57	0	0	1.05	0	0	0	
1419871677519407912	CPU_4	89.21	0	8.82	0	0	.98	.98	0	0	
1419871678534478912	CPU_4	93.00	0	7.00	0	0	0	0	0	0	
1419871679569467241	CPU_4	87.50	0	10.57	0	0	.96	.96	0	0	
1419871680529479200	CPU_4	86.59	0	12.37	0	0	1.03	0	0	0	
1419871681564442613	CPU_4	88.34	0	10.67	0	0	.97	0	0	0	
1419871682554490337	CPU_4	89.79	0	9.18	0	0	0	1.02	0	0	
1419871683614432733	CPU_4	91.50	0	7.54	0	0	.94	0	0	0	
1419871684614471726	CPU_4	89.89	0	9.09	0	0	1.01	0	0	0	
1419871685609484021	CPU_4	87.00	0	12.00	0	0	0	1.00	0	0	
1419871686604501067	CPU_4	90.00	0	9.00	0	0	1.00	0	0	0	
1419871687619430859	CPU_4	89.32	0	8.73	0	0	.97	.97	0	0	
1419871688614384654	CPU_4	90.81	0	9.18	0	0	0	0	0	0	
1419871689594523609	CPU_4	89.79	0	9.18	0	0	1.02	0	0	0	
1419871690584508958	CPU_4	87.00	0	11.00	0	0	1.00	1.00	0	0	
1419871691569501944	CPU_4	87.75	0	12.24	0	0	0	0	0	0	
1419871692534491434	CPU_4	90.52	0	8.42	0	0	1.05	0	0	0	
1419871693514451097	CPU_4	88.00	0	10.00	0	0	1.00	1.00	0	0	
1419871694504423821	CPU_4	90.81	0	9.18	0	0	0	0	0	0	
1419871695484476276	CPU_4	87.87	0	10.10	0	0	1.01	1.01	0	0	
1419871696469492553	CPU_4	89.79	0	9.18	0	0	1.02	0	0	0	
1419871697484465220	CPU_4	90.00	0	10.00	0	0	0	0	0	0	
1419871698459344229	CPU_4	87.87	0	10.10	0	0	1.01	1.01	0	0	
1419871699489411611	CPU_4	90.29	0	8.73	0	0	.97	0	0	0	
1419871700499491163	CPU_4	89.10	0	9.90	0	0	.99	0	0	0	
1419871701511820961	CPU_4	89.10	0	9.90	0	0	0	.99	0	0	
1419871702514451864	CPU_4	89.00	0	10.00	0	0	1.00	0	0	0	
1419871703554453015	CPU_4	90.47	0	7.61	0	0	.95	.95	0	0	
1419871704599460612	CPU_4	93.20	0	6.79	0	0	0	0	0	0	
1419871705609419874	CPU_4	91.08	0	7.92	0	0	.99	0	0	0	
1419871706614451688	CPU_4	87.25	0	10.78	0	0	.98	.98	0	0	
1419871707649460683	CPU_4	92.15	0	7.84	0	0	0	0	0	0	
1419871708649416468	CPU_4	90.09	0	8.91	0	0	.99	0	0	0	
1419871709634453120	CPU_4	89.89	0	8.08	0	0	1.01	1.01	0	0	
1419871710669508699	CPU_4	87.37	0	11.65	0	0	.97	0	0	0	
1419871711689497562	CPU_4	91.17	0	7.84	0	0	0	.98	0	0	
1419871712689416388	CPU_4	90.00	0	9.00	0	0	1.00	0	0	0	
1419871713714449073	CPU_4	89.21	0	9.80	0	0	.98	0	0	0	
1419871714724473043	CPU_4	88.23	0	10.78	0	0	0	.98	0	0	
1419871715739419251	CPU_4	90.00	0	9.00	0	0	1.00	0	0	0	
1419871716724446486	CPU_4	88.88	0	10.10	0	0	1.01	0	0	0	
1419871717784516674	CPU_4	90.56	0	8.49	0	0	0	.94	0	0	
1419871718819469295	CPU_4	91.26	0	7.76	0	0	.97	0	0	0	
1419871719759487508	CPU_4	88.54	0	9.37	0	0	1.04	1.04	0	0	
1419871720774450217	CPU_4	91.08	0	7.92	0	0	.99	0	0	0	
1419871721794453788	CPU_4	90.09	0	9.90	0	0	0	0	0	0	
1419871722794582656	CPU_4	87.87	0	10.10	0	0	1.01	1.01	0	0	
1419871724044448324	CPU_4	84.61	0	14.52	0	0	.85	0	0	0	
1419871725054504668	CPU_4	87.38	0	10.81	0	0	.90	.90	0	0	
1419871726104404504	CPU_4	89.42	0	10.57	0	0	0	0	0	0	
1419871727104453997	CPU_4	87.00	0	11.00	0	0	1.00	1.00	0	0	
1419871728134362337	CPU_4	89.32	0	9.70	0	0	.97	0	0	0	
1419871729114421584	CPU_4	87.75	0	10.20	0	0	1.02	1.02	0	0	
1419871730149329663	CPU_4	87.50	0	12.50	0	0	0	0	0	0	
1419871731139363262	CPU_4	87.62	0	11.34	0	0	1.03	0	0	0	
1419871732109385532	CPU_4	84.84	0	13.13	0	0	1.01	1.01	0	0	
1419871733074400563	CPU_4	88.42	0	11.57	0	0	0	0	0	0	
1419871734084423408	CPU_4	88.23	0	9.80	0	0	.98	.98	0	0	
1419871735054431303	CPU_4	85.71	0	13.26	0	0	1.02	0	0	0	
1419871736049395182	CPU_4	88.00	0	10.00	0	0	1.00	1.00	0	0	
1419871737009446433	CPU_4	86.45	0	13.54	0	0	0	0	0	0	
1419871737959387291	CPU_4	88.17	0	10.75	0	0	1.07	0	0	0	
1419871738948861224	CPU_4	65.00	0	17.00	16.00	0	1.00	1.00	0	0	
