#Timestamp	CPU_ID	user%	nice%	sys%	idle%	iowait%	irq%	softiq%	steal%	guest%	guest_nice%
1421444505953998111	CPU_4	84.48	0	15.51	0	0	0	0	0	0	0
1421444506789014650	CPU_4	92.77	0	7.22	0	0	0	0	0	0	0
1421444507644034661	CPU_4	90.58	0	9.41	0	0	0	0	0	0	0
1421444508494089345	CPU_4	90.69	0	8.13	0	0	0	1.16	0	0	0
1421444509334021876	CPU_4	94.04	0	5.95	0	0	0	0	0	0	0
1421444510184103351	CPU_4	92.85	0	7.14	0	0	0	0	0	0	0
1421444511022068217	CPU_4	92.85	0	7.14	0	0	0	0	0	0	0
1421444511869042112	CPU_4	91.76	0	7.05	0	0	0	1.17	0	0	0
1421444512719016836	CPU_4	91.76	0	8.23	0	0	0	0	0	0	0
1421444513558985656	CPU_4	91.66	0	8.33	0	0	0	0	0	0	0
1421444514399004060	CPU_4	91.66	0	8.33	0	0	0	0	0	0	0
1421444515233992469	CPU_4	91.66	0	7.14	0	0	0	1.19	0	0	0
1421444516074033664	CPU_4	91.66	0	8.33	0	0	0	0	0	0	0
1421444516919012476	CPU_4	92.85	0	7.14	0	0	0	0	0	0	0
1421444517759060836	CPU_4	92.85	0	7.14	0	0	0	0	0	0	0
1421444518604034022	CPU_4	91.76	0	7.05	0	0	0	1.17	0	0	0
1421444519447751043	CPU_4	92.85	0	7.14	0	0	0	0	0	0	0
1421444520284000115	CPU_4	94.04	0	5.95	0	0	0	0	0	0	0
1421444521134088377	CPU_4	94.11	0	5.88	0	0	0	0	0	0	0
1421444521984018346	CPU_4	92.94	0	5.88	0	0	0	1.17	0	0	0
1421444522834056774	CPU_4	95.29	0	4.70	0	0	0	0	0	0	0
1421444523684095992	CPU_4	95.23	0	4.76	0	0	0	0	0	0	0
1421444524524098266	CPU_4	92.85	0	7.14	0	0	0	0	0	0	0
1421444525369064282	CPU_4	91.76	0	7.05	0	0	0	1.17	0	0	0
1421444526239143847	CPU_4	95.34	0	4.65	0	0	0	0	0	0	0
1421444527084283196	CPU_4	89.53	0	10.46	0	0	0	0	0	0	0
1421444527943987775	CPU_4	91.86	0	6.97	0	0	0	1.16	0	0	0
1421444528799169192	CPU_4	91.86	0	8.13	0	0	0	0	0	0	0
1421444529659162894	CPU_4	91.76	0	8.23	0	0	0	0	0	0	0
1421444530519166930	CPU_4	88.37	0	11.62	0	0	0	0	0	0	0
1421444531369168103	CPU_4	88.37	0	10.46	0	0	0	1.16	0	0	0
1421444532234210589	CPU_4	91.86	0	8.13	0	0	0	0	0	0	0
1421444533094159331	CPU_4	88.37	0	11.62	0	0	0	0	0	0	0
1421444533944215670	CPU_4	89.41	0	9.41	0	0	0	1.17	0	0	0
1421444534809136988	CPU_4	91.95	0	8.04	0	0	0	0	0	0	0
1421444535669212896	CPU_4	92.94	0	7.05	0	0	0	0	0	0	0
1421444536559216179	CPU_4	92.13	0	7.86	0	0	0	0	0	0	0
1421444537429183947	CPU_4	89.77	0	9.09	0	0	0	1.13	0	0	0
1421444538294199013	CPU_4	92.94	0	7.05	0	0	0	0	0	0	0
1421444539144204850	CPU_4	91.86	0	8.13	0	0	0	0	0	0	0
1421444540009276248	CPU_4	91.86	0	6.97	0	0	0	1.16	0	0	0
1421444540884199841	CPU_4	90.90	0	9.09	0	0	0	0	0	0	0
1421444541744199288	CPU_4	95.29	0	4.70	0	0	0	0	0	0	0
1421444542619257588	CPU_4	91.01	0	7.86	0	0	0	1.12	0	0	0
1421444543504198958	CPU_4	90.69	0	9.30	0	0	0	0	0	0	0
1421444544359160744	CPU_4	90.80	0	9.19	0	0	0	0	0	0	0
1421444545234278043	CPU_4	87.50	0	12.50	0	0	0	0	0	0	0
1421444546107373344	CPU_4	90.80	0	8.04	0	0	0	1.14	0	0	0
1421444546974223737	CPU_4	90.80	0	9.19	0	0	0	0	0	0	0
1421444547844335792	CPU_4	73.25	0	26.74	0	0	0	0	0	0	0
1421444548729283367	CPU_4	57.95	0	40.90	0	0	0	1.13	0	0	0
1421444549594234803	CPU_4	60.91	0	39.08	0	0	0	0	0	0	0
1421444550474218218	CPU_4	55.68	0	44.31	0	0	0	0	0	0	0
1421444551348235224	CPU_4	64.04	0	34.83	0	0	0	1.12	0	0	0
1421444552214292616	CPU_4	57.64	0	40.00	0	2.35	0	0	0	0	0
1421444553094310446	CPU_4	60.22	0	38.63	0	1.13	0	0	0	0	0
1421444553963368707	CPU_4	58.62	0	40.22	0	0	0	1.14	0	0	0
1421444554829256889	CPU_4	59.30	0	40.69	0	0	0	0	0	0	0
1421444555704334142	CPU_4	54.54	0	44.31	0	0	0	1.13	0	0	0
1421444556578314937	CPU_4	52.27	0	44.31	0	3.40	0	0	0	0	0
1421444557449332277	CPU_4	55.17	0	44.82	0	0	0	0	0	0	0
1421444558324227321	CPU_4	56.32	0	42.52	0	0	0	1.14	0	0	0
1421444559189183794	CPU_4	59.30	0	40.69	0	0	0	0	0	0	0
1421444560054232891	CPU_4	59.30	0	39.53	0	0	1.16	0	0	0	0
1421444560924292106	CPU_4	59.09	0	38.63	0	0	1.13	1.13	0	0	0
1421444561794420821	CPU_4	57.64	0	41.17	0	1.17	0	0	0	0	0
1421444562659318417	CPU_4	55.81	0	43.02	0	0	1.16	0	0	0	0
1421444563520504977	CPU_4	31.46	0	16.85	0	50.56	0	1.12	0	0	0
1421444564309264011	CPU_4	50.64	0	46.75	0	1.29	1.29	0	0	0	0
1421444565179311474	CPU_4	57.47	0	41.37	0	0	1.14	0	0	0	0
1421444566049263604	CPU_4	55.68	0	43.18	0	0	0	1.13	0	0	0
1421444566919268233	CPU_4	60.46	0	38.37	0	0	1.16	0	0	0	0
1421444567794324063	CPU_4	57.95	0	34.09	0	6.81	1.13	0	0	0	0
1421444568604248482	CPU_4	50.63	0	45.56	0	2.53	0	1.26	0	0	0
1421444569474289777	CPU_4	55.68	0	37.50	0	5.68	1.13	0	0	0	0
1421444570349225897	CPU_4	64.77	0	32.95	0	0	1.13	1.13	0	0	0
1421444571209213705	CPU_4	74.41	0	25.58	0	0	0	0	0	0	0
1421444572074250213	CPU_4	77.90	0	20.93	0	0	1.16	0	0	0	0
1421444572949244582	CPU_4	71.59	0	26.13	0	0	1.13	1.13	0	0	0
1421444573819281625	CPU_4	75.58	0	24.41	0	0	0	0	0	0	0
1421444574689281125	CPU_4	73.56	0	24.13	0	1.14	1.14	0	0	0	0
1421444575559315125	CPU_4	77.01	0	21.83	0	0	0	1.14	0	0	0
1421444576432800786	CPU_4	74.15	0	24.71	0	0	1.12	0	0	0	0
1421444577299257873	CPU_4	76.47	0	22.35	0	0	1.17	0	0	0	0
1421444578174231698	CPU_4	70.11	0	28.73	0	0	0	1.14	0	0	0
1421444579064341377	CPU_4	74.44	0	24.44	0	0	1.11	0	0	0	0
1421444579929290215	CPU_4	78.82	0	21.17	0	0	0	0	0	0	0
1421444580799286546	CPU_4	75.00	0	22.72	0	0	1.13	1.13	0	0	0
1421444581674379411	CPU_4	72.41	0	26.43	0	0	1.14	0	0	0	0
1421444582549310900	CPU_4	75.86	0	24.13	0	0	0	0	0	0	0
1421444583424286640	CPU_4	76.40	0	22.47	0	0	1.12	0	0	0	0
1421444584299316670	CPU_4	71.59	0	22.72	0	3.40	1.13	1.13	0	0	0
1421444585164315881	CPU_4	77.64	0	22.35	0	0	0	0	0	0	0
1421444586034292209	CPU_4	75.00	0	23.86	0	0	1.13	0	0	0	0
1421444586914299231	CPU_4	76.13	0	22.72	0	0	0	1.13	0	0	0
1421444587794323961	CPU_4	73.86	0	25.00	0	0	1.13	0	0	0	0
1421444588664136122	CPU_4	82.75	0	16.09	0	0	1.14	0	0	0	0
1421444589514133976	CPU_4	90.58	0	8.23	0	0	0	1.17	0	0	0
1421444590359154879	CPU_4	92.94	0	5.88	0	0	1.17	0	0	0	0
1421444591209140149	CPU_4	91.66	0	8.33	0	0	0	0	0	0	0
1421444592049690266	CPU_4	89.41	0	8.23	0	0	1.17	1.17	0	0	0
1421444592904110529	CPU_4	91.76	0	8.23	0	0	0	0	0	0	0
1421444593754084007	CPU_4	90.58	0	8.23	0	0	1.17	0	0	0	0
1421444594594092623	CPU_4	91.56	0	8.43	0	0	0	0	0	0	0
1421444595444080474	CPU_4	88.50	0	9.19	0	0	1.14	1.14	0	0	0
1421444596289127583	CPU_4	92.85	0	7.14	0	0	0	0	0	0	0
1421444597134184899	CPU_4	90.47	0	8.33	0	0	1.19	0	0	0	0
1421444597979107215	CPU_4	94.04	0	5.95	0	0	0	0	0	0	0
1421444598829101732	CPU_4	93.02	0	4.65	0	0	1.16	1.16	0	0	0
1421444599679087790	CPU_4	92.85	0	7.14	0	0	0	0	0	0	0
1421444600529113806	CPU_4	90.69	0	8.13	0	0	1.16	0	0	0	0
1421444601379117196	CPU_4	90.47	0	9.52	0	0	0	0	0	0	0
1421444602218646685	CPU_4	89.41	0	8.23	0	0	1.17	1.17	0	0	0
1421444603079339976	CPU_4	63.52	0	36.47	0	0	0	0	0	0	0
1421444603954334872	CPU_4	85.05	0	13.79	0	0	1.14	0	0	0	0
1421444604829343309	CPU_4	78.65	0	19.10	0	0	1.12	1.12	0	0	0
1421444605694334302	CPU_4	84.88	0	15.11	0	0	0	0	0	0	0
1421444606559333002	CPU_4	84.88	0	13.95	0	0	1.16	0	0	0	0
1421444607439311473	CPU_4	79.77	0	17.97	0	0	1.12	1.12	0	0	0
1421444608314249034	CPU_4	83.90	0	16.09	0	0	0	0	0	0	0
1421444609184226351	CPU_4	85.05	0	13.79	0	0	1.14	0	0	0	0
1421444610054231834	CPU_4	81.81	0	15.90	0	0	1.13	1.13	0	0	0
1421444610924339859	CPU_4	83.72	0	16.27	0	0	0	0	0	0	0
1421444611784259731	CPU_4	83.52	0	15.29	0	0	1.17	0	0	0	0
1421444612658437540	CPU_4	81.11	0	16.66	0	0	1.11	1.11	0	0	0
1421444613529195813	CPU_4	82.55	0	16.27	1.16	0	0	0	0	0	0
1421444614394258468	CPU_4	84.88	0	13.95	0	0	1.16	0	0	0	0
1421444615259210998	CPU_4	81.81	0	15.90	0	0	1.13	1.13	0	0	0
1421444616111781753	CPU_4	78.82	0	12.94	8.23	0	0	0	0	0	0
1421444616913365205	CPU_4	23.45	0	12.34	1.23	61.72	1.23	0	0	0	0
1421444617734275545	CPU_4	80.00	0	20.00	0	0	0	0	0	0	0
1421444618604229275	CPU_4	82.95	0	14.77	0	0	1.13	1.13	0	0	0
1421444619479251747	CPU_4	82.95	0	15.90	0	0	1.13	0	0	0	0
1421444620344232566	CPU_4	83.52	0	16.47	0	0	0	0	0	0	0
1421444621219421495	CPU_4	82.95	0	14.77	0	0	1.13	1.13	0	0	0
1421444622094353966	CPU_4	79.77	0	19.10	0	0	1.12	0	0	0	0
1421444622959331367	CPU_4	88.23	0	11.76	0	0	0	0	0	0	0
1421444623834336545	CPU_4	78.40	0	19.31	0	0	1.13	1.13	0	0	0
1421444624709408431	CPU_4	77.27	0	21.59	0	0	1.13	0	0	0	0
1421444625574384039	CPU_4	80.23	0	19.76	0	0	0	0	0	0	0
1421444626444269223	CPU_4	72.41	0	25.28	0	0	1.14	1.14	0	0	0
1421444627314321574	CPU_4	83.90	0	14.94	0	0	1.14	0	0	0	0
1421444628189332375	CPU_4	90.80	0	9.19	0	0	0	0	0	0	0
1421444629059441182	CPU_4	86.20	0	11.49	0	0	1.14	1.14	0	0	0
1421444629939377767	CPU_4	88.76	0	10.11	0	0	1.12	0	0	0	0
1421444630819373102	CPU_4	86.20	0	13.79	0	0	0	0	0	0	0
1421444631694405068	CPU_4	88.63	0	9.09	0	0	1.13	1.13	0	0	0
1421444632579347228	CPU_4	86.51	0	12.35	0	0	1.12	0	0	0	0
1421444633449280450	CPU_4	89.65	0	9.19	0	0	1.14	0	0	0	0
1421444634324295248	CPU_4	85.05	0	13.79	0	0	0	1.14	0	0	0
1421444635199381296	CPU_4	87.50	0	11.36	0	0	1.13	0	0	0	0
1421444636069250892	CPU_4	88.50	0	10.34	0	0	1.14	0	0	0	0
1421444636934268454	CPU_4	91.86	0	8.13	0	0	0	0	0	0	0
1421444637809322583	CPU_4	85.22	0	12.50	0	0	1.13	1.13	0	0	0
1421444638679748386	CPU_4	90.80	0	8.04	0	0	1.14	0	0	0	0
1421444639559404967	CPU_4	89.65	0	10.34	0	0	0	0	0	0	0
1421444640439317838	CPU_4	86.51	0	11.23	0	0	1.12	1.12	0	0	0
1421444641309466974	CPU_4	86.04	0	12.79	0	0	1.16	0	0	0	0
1421444642179450900	CPU_4	88.50	0	11.49	0	0	0	0	0	0	0
1421444643059399896	CPU_4	87.50	0	10.22	0	0	1.13	1.13	0	0	0
1421444643944308300	CPU_4	85.39	0	13.48	0	0	1.12	0	0	0	0
1421444644796510501	CPU_4	54.65	0	16.27	0	29.06	0	0	0	0	0
1421444645450678192	CPU_4	9.37	0	17.18	0	70.31	1.56	1.56	0	0	0
1421444646168886667	CPU_4	31.88	0	18.84	0	49.27	0	0	0	0	0
1421444646882651273	CPU_4	57.74	0	22.53	0	18.30	1.40	0	0	0	0
1421444647747496204	CPU_4	71.42	0	22.61	0	5.95	0	0	0	0	0
1421444648607819016	CPU_4	71.91	0	19.10	0	6.74	1.12	1.12	0	0	0
1421444649459070008	CPU_4	70.58	0	22.35	0	5.88	1.17	0	0	0	0
1421444650326002435	CPU_4	64.36	0	28.73	0	6.89	0	0	0	0	0
1421444651182387710	CPU_4	72.94	0	18.82	0	5.88	1.17	1.17	0	0	0
1421444652042816063	CPU_4	68.23	0	23.52	0	8.23	0	0	0	0	0
1421444652903296248	CPU_4	66.66	0	24.13	0	6.89	1.14	1.14	0	0	0
1421444653772836628	CPU_4	67.81	0	24.13	0	6.89	1.14	0	0	0	0
1421444654642094842	CPU_4	70.23	0	23.80	0	5.95	0	0	0	0	0
1421444655498847239	CPU_4	68.96	0	21.83	0	6.89	1.14	1.14	0	0	0
1421444656358930257	CPU_4	70.93	0	22.09	0	5.81	1.16	0	0	0	0
1421444657234318335	CPU_4	72.94	0	20.00	0	7.05	0	0	0	0	0
1421444658090219525	CPU_4	69.76	0	20.93	0	6.97	1.16	1.16	0	0	0
1421444658950221499	CPU_4	71.76	0	21.17	0	5.88	1.17	0	0	0	0
1421444659814809967	CPU_4	77.38	0	15.47	0	7.14	0	0	0	0	0
1421444660671795612	CPU_4	67.44	0	23.25	0	6.97	1.16	1.16	0	0	0
1421444661534586957	CPU_4	66.27	0	25.58	0	6.97	1.16	0	0	0	0
1421444662401295670	CPU_4	67.81	0	25.28	0	6.89	0	0	0	0	0
1421444663262184600	CPU_4	72.94	0	17.64	0	7.05	1.17	1.17	0	0	0
1421444664119266660	CPU_4	69.41	0	23.52	0	5.88	1.17	0	0	0	0
1421444664990545157	CPU_4	71.26	0	22.98	0	5.74	0	0	0	0	0
1421444665860385865	CPU_4	70.11	0	20.68	0	6.89	1.14	1.14	0	0	0
1421444666716429216	CPU_4	70.93	0	20.93	0	6.97	1.16	0	0	0	0
1421444667571462903	CPU_4	71.42	0	20.23	0	8.33	0	0	0	0	0
1421444668304628597	CPU_4	22.66	0	34.66	0	40.00	1.33	1.33	0	0	0
1421444669041717328	CPU_4	21.42	0	35.71	0	42.85	0	0	0	0	0
1421444669780937471	CPU_4	20.54	0	35.61	0	42.46	1.36	0	0	0	0
1421444670529067393	CPU_4	20.00	0	37.33	0	41.33	1.33	0	0	0	0
1421444671264141751	CPU_4	20.27	0	35.13	0	43.24	0	1.35	0	0	0
1421444672009498301	CPU_4	16.00	0	40.00	0	42.66	1.33	0	0	0	0
1421444672750447191	CPU_4	13.69	0	43.83	0	42.46	0	0	0	0	0
1421444673469821237	CPU_4	17.80	0	36.98	0	43.83	1.36	0	0	0	0
1421444674204681719	CPU_4	17.80	0	36.98	0	43.83	0	1.36	0	0	0
1421444674923336640	CPU_4	17.14	0	37.14	0	44.28	1.42	0	0	0	0
1421444675668688273	CPU_4	20.27	0	36.48	0	43.24	0	0	0	0	0
1421444676403767878	CPU_4	21.91	0	32.87	0	43.83	1.36	0	0	0	0
1421444677154473919	CPU_4	18.66	0	36.00	0	44.00	0	1.33	0	0	0
1421444677885944570	CPU_4	19.44	0	36.11	0	43.05	1.38	0	0	0	0
1421444678618390929	CPU_4	17.80	0	35.61	1.36	45.20	0	0	0	0	0
1421444679311409135	CPU_4	5.88	0	17.64	0	75.00	1.47	0	0	0	0
1421444679962617860	CPU_4	6.45	0	22.58	0	70.96	0	0	0	0	0
1421444680694158052	CPU_4	19.17	0	38.35	0	41.09	0	1.36	0	0	0
1421444681438897934	CPU_4	16.21	0	37.83	0	44.59	1.35	0	0	0	0
1421444682176838991	CPU_4	16.90	0	39.43	0	43.66	0	0	0	0	0
1421444682920708873	CPU_4	17.80	0	39.72	0	41.09	1.36	0	0	0	0
1421444683656730057	CPU_4	16.21	0	40.54	0	40.54	1.35	1.35	0	0	0
1421444684396412944	CPU_4	12.32	0	41.09	0	46.57	0	0	0	0	0
1421444685043146257	CPU_4	3.03	0	19.69	0	77.27	0	0	0	0	0
1421444685695489854	CPU_4	10.44	0	34.32	0	53.73	1.49	0	0	0	0
1421444686439598276	CPU_4	21.33	0	38.66	0	40.00	0	0	0	0	0
1421444687174434544	CPU_4	12.16	0	43.24	0	41.89	1.35	1.35	0	0	0
1421444687906920982	CPU_4	18.91	0	40.54	0	40.54	0	0	0	0	0
1421444688645303202	CPU_4	21.62	0	31.08	0	45.94	1.35	0	0	0	0
1421444689356152588	CPU_4	17.14	0	31.42	0	51.42	0	0	0	0	0
1421444690072628548	CPU_4	21.91	0	31.50	0	45.20	1.36	0	0	0	0
1421444690813693056	CPU_4	17.80	0	38.35	0	42.46	0	1.36	0	0	0
1421444691570202791	CPU_4	18.66	0	38.66	0	41.33	1.33	0	0	0	0
1421444692303932600	CPU_4	18.84	0	39.13	0	42.02	0	0	0	0	0
1421444693039547865	CPU_4	17.80	0	39.72	0	41.09	1.36	0	0	0	0
1421444693783401534	CPU_4	20.54	0	36.98	0	41.09	0	1.36	0	0	0
1421444694518067008	CPU_4	20.54	0	36.98	0	41.09	1.36	0	0	0	0
1421444695266937169	CPU_4	19.73	0	36.84	0	42.10	1.31	0	0	0	0
1421444696001650975	CPU_4	22.22	0	36.11	0	41.66	0	0	0	0	0
1421444696753358632	CPU_4	23.28	0	31.50	0	42.46	1.36	1.36	0	0	0
1421444697484514151	CPU_4	21.42	0	35.71	0	42.85	0	0	0	0	0
1421444698217061418	CPU_4	17.56	0	39.18	1.35	40.54	1.35	0	0	0	0
1421444698965093454	CPU_4	24.32	0	35.13	0	40.54	0	0	0	0	0
1421444699698611761	CPU_4	18.91	0	37.83	0	40.54	1.35	1.35	0	0	0
1421444700440447764	CPU_4	19.44	0	38.88	0	41.66	0	0	0	0	0
1421444701171058908	CPU_4	21.62	0	36.48	0	40.54	1.35	0	0	0	0
1421444701927943263	CPU_4	18.42	0	42.10	0	39.47	0	0	0	0	0
1421444702659756404	CPU_4	21.62	0	35.13	0	40.54	1.35	1.35	0	0	0
1421444703399712492	CPU_4	20.00	0	35.71	0	44.28	0	0	0	0	0
1421444704141421493	CPU_4	21.62	0	36.48	0	40.54	1.35	0	0	0	0
1421444704881782371	CPU_4	17.80	0	39.72	0	41.09	1.36	0	0	0	0
1421444705627242992	CPU_4	22.53	0	35.21	0	42.25	0	0	0	0	0
1421444706364295957	CPU_4	21.33	0	36.00	0	40.00	1.33	1.33	0	0	0
1421444707113783238	CPU_4	23.28	0	35.61	0	41.09	0	0	0	0	0
1421444707847750291	CPU_4	21.91	0	35.61	0	41.09	1.36	0	0	0	0
1421444708591469954	CPU_4	19.44	0	40.27	0	40.27	0	0	0	0	0
1421444709332229830	CPU_4	20.27	0	36.48	0	40.54	1.35	1.35	0	0	0
1421444710065880383	CPU_4	20.83	0	37.50	0	41.66	0	0	0	0	0
1421444710810144128	CPU_4	22.36	0	35.52	0	40.78	1.31	0	0	0	0
1421444711546975800	CPU_4	21.12	0	36.61	0	42.25	0	0	0	0	0
1421444712296887411	CPU_4	22.07	0	36.36	0	38.96	1.29	1.29	0	0	0
1421444713033690291	CPU_4	22.53	0	35.21	0	42.25	0	0	0	0	0
1421444713769823964	CPU_4	26.38	0	31.94	0	40.27	1.38	0	0	0	0
1421444714497368440	CPU_4	23.94	0	33.80	0	42.25	0	0	0	0	0
1421444715233054113	CPU_4	17.80	0	38.35	0	41.09	1.36	1.36	0	0	0
1421444715975748483	CPU_4	22.97	0	35.13	0	40.54	1.35	0	0	0	0
1421444716711450780	CPU_4	16.66	0	41.66	0	41.66	0	0	0	0	0
1421444717456941521	CPU_4	20.27	0	37.83	0	40.54	1.35	0	0	0	0
1421444718190584779	CPU_4	20.83	0	37.50	0	41.66	0	0	0	0	0
1421444718940473304	CPU_4	22.07	0	35.06	0	40.25	1.29	1.29	0	0	0
1421444719672422897	CPU_4	20.54	0	39.72	0	39.72	0	0	0	0	0
1421444720423358003	CPU_4	22.97	0	33.78	0	41.89	1.35	0	0	0	0
1421444721158154175	CPU_4	19.17	0	41.09	0	39.72	0	0	0	0	0
1421444721900366085	CPU_4	16.43	0	38.35	0	42.46	1.36	1.36	0	0	0
1421444722652128523	CPU_4	24.32	0	35.13	0	40.54	0	0	0	0	0
1421444723385844112	CPU_4	17.33	0	40.00	1.33	40.00	1.33	0	0	0	0
1421444724134175929	CPU_4	16.21	0	41.89	0	40.54	1.35	0	0	0	0
1421444724867255018	CPU_4	21.91	0	35.61	0	41.09	0	1.36	0	0	0
1421444725609894843	CPU_4	20.27	0	37.83	0	40.54	1.35	0	0	0	0
1421444726349116048	CPU_4	20.83	0	38.88	0	40.27	0	0	0	0	0
1421444727081741929	CPU_4	21.62	0	36.48	0	40.54	1.35	0	0	0	0
1421444727834435571	CPU_4	16.21	0	41.89	0	40.54	0	1.35	0	0	0
1421444728567038910	CPU_4	25.35	0	30.98	0	42.25	1.40	0	0	0	0
1421444729315462516	CPU_4	20.27	0	39.18	0	40.54	0	0	0	0	0
1421444730048685229	CPU_4	19.44	0	37.50	0	41.66	1.38	0	0	0	0
1421444730795627337	CPU_4	21.12	0	32.39	0	45.07	0	1.40	0	0	0
1421444731499297300	CPU_4	14.28	0	32.85	0	51.42	1.42	0	0	0	0
1421444732213257415	CPU_4	12.85	0	37.14	0	50.00	0	0	0	0	0
1421444732965120390	CPU_4	18.66	0	40.00	0	40.00	1.33	0	0	0	0
1421444733698997891	CPU_4	19.44	0	38.88	0	41.66	0	0	0	0	0
1421444734448662202	CPU_4	25.33	0	32.00	0	40.00	1.33	1.33	0	0	0
1421444735182266412	CPU_4	23.28	0	35.61	0	39.72	1.36	0	0	0	0
1421444735922820236	CPU_4	27.39	0	31.50	0	41.09	0	0	0	0	0
1421444736652527659	CPU_4	19.44	0	38.88	0	40.27	1.38	0	0	0	0
1421444737386182784	CPU_4	16.21	0	41.89	0	40.54	0	1.35	0	0	0
1421444738127542564	CPU_4	18.91	0	39.18	0	40.54	1.35	0	0	0	0
1421444738872178881	CPU_4	23.61	0	34.72	0	41.66	0	0	0	0	0
1421444739620254901	CPU_4	24.32	0	33.78	0	40.54	1.35	0	0	0	0
1421444740354843482	CPU_4	17.33	0	41.33	0	40.00	0	1.33	0	0	0
1421444741102264210	CPU_4	27.02	0	40.54	0	31.08	1.35	0	0	0	0
1421444741921874707	CPU_4	25.97	0	41.55	0	31.16	1.29	0	0	0	0
1421444742733284715	CPU_4	29.11	0	41.77	0	29.11	0	0	0	0	0
1421444743522071590	CPU_4	32.53	0	34.93	0	30.12	1.20	1.20	0	0	0
1421444744334864553	CPU_4	30.66	0	38.66	0	30.66	0	0	0	0	0
1421444745163769868	CPU_4	25.92	0	43.20	0	29.62	1.23	0	0	0	0
1421444745984558736	CPU_4	29.06	0	39.53	0	29.06	1.16	1.16	0	0	0
1421444746813780091	CPU_4	32.09	0	39.50	0	28.39	0	0	0	0	0
1421444747616404152	CPU_4	33.33	0	34.61	0	30.76	1.28	0	0	0	0
1421444748432814400	CPU_4	31.70	0	37.80	1.21	28.04	1.21	0	0	0	0
1421444749254478140	CPU_4	30.00	0	38.75	0	30.00	0	1.25	0	0	0
1421444750085521241	CPU_4	26.25	0	42.50	0	30.00	1.25	0	0	0	0
1421444750909653185	CPU_4	35.80	0	34.56	0	28.39	1.23	0	0	0	0
1421444751709745331	CPU_4	28.39	0	41.97	0	29.62	0	0	0	0	0
1421444752495306999	CPU_4	30.26	0	36.84	0	30.26	1.31	1.31	0	0	0
1421444753319167192	CPU_4	36.70	0	34.17	0	29.11	0	0	0	0	0
1421444754144094426	CPU_4	34.61	0	34.61	0	29.48	1.28	0	0	0	0
1421444754965895955	CPU_4	35.44	0	30.37	0	31.64	1.26	1.26	0	0	0
1421444755777571165	CPU_4	32.91	0	37.97	0	29.11	0	0	0	0	0
1421444756603814895	CPU_4	25.92	0	40.74	0	32.09	1.23	0	0	0	0
1421444757424570633	CPU_4	29.48	0	39.74	0	29.48	1.28	0	0	0	0
1421444758235380011	CPU_4	32.46	0	36.36	0	29.87	0	1.29	0	0	0
1421444759050857714	CPU_4	32.50	0	36.25	0	30.00	1.25	0	0	0	0
1421444759872825325	CPU_4	34.21	0	34.21	0	30.26	1.31	0	0	0	0
1421444760685912823	CPU_4	32.50	0	37.50	0	30.00	0	0	0	0	0
1421444761513423549	CPU_4	32.14	0	35.71	0	29.76	1.19	1.19	0	0	0
1421444762339685860	CPU_4	33.76	0	35.06	0	31.16	0	0	0	0	0
1421444763154156230	CPU_4	35.89	0	33.33	0	29.48	1.28	0	0	0	0
1421444763965515604	CPU_4	28.75	0	40.00	0	28.75	1.25	1.25	0	0	0
1421444764786183756	CPU_4	38.27	0	33.33	0	28.39	0	0	0	0	0
1421444765602680580	CPU_4	31.25	0	38.75	0	28.75	1.25	0	0	0	0
1421444766409714418	CPU_4	32.05	0	35.89	0	30.76	1.28	0	0	0	0
1421444767231934941	CPU_4	30.48	0	40.24	0	28.04	0	1.21	0	0	0
1421444768062362368	CPU_4	26.92	0	41.02	0	30.76	1.28	0	0	0	0
1421444768873826740	CPU_4	33.75	0	36.25	0	28.75	1.25	0	0	0	0
1421444769683908114	CPU_4	27.50	0	43.75	0	27.50	0	1.25	0	0	0
1421444770497293232	CPU_4	33.75	0	36.25	0	28.75	1.25	0	0	0	0
1421444771305457608	CPU_4	33.76	0	35.06	0	29.87	1.29	0	0	0	0
1421444772121346514	CPU_4	26.58	0	43.03	0	30.37	0	0	0	0	0
1421444772946927946	CPU_4	26.25	0	42.50	0	28.75	1.25	1.25	0	0	0
1421444773778969369	CPU_4	37.80	0	32.92	0	28.04	1.21	0	0	0	0
1421444774602570595	CPU_4	31.08	0	36.48	0	32.43	0	0	0	0	0
1421444775429332150	CPU_4	25.60	0	43.90	0	29.26	1.21	0	0	0	0
1421444776242376724	CPU_4	34.17	0	35.44	0	29.11	0	1.26	0	0	0
1421444777064405119	CPU_4	32.14	0	39.28	0	27.38	1.19	0	0	0	0
1421444777891947963	CPU_4	33.33	0	35.80	0	29.62	1.23	0	0	0	0
1421444778698933754	CPU_4	24.67	0	41.55	0	32.46	0	1.29	0	0	0
1421444779463632816	CPU_4	18.18	0	42.85	0	37.66	1.29	0	0	0	0
1421444780213584026	CPU_4	18.91	0	41.89	0	39.18	0	0	0	0	0
1421444780969616476	CPU_4	16.00	0	44.00	0	38.66	1.33	0	0	0	0
1421444781720882932	CPU_4	14.66	0	45.33	0	38.66	1.33	0	0	0	0
1421444782481893749	CPU_4	22.66	0	34.66	0	41.33	0	1.33	0	0	0
1421444783241369193	CPU_4	15.78	0	38.15	0	44.73	1.31	0	0	0	0
1421444783966282855	CPU_4	5.63	0	30.98	0	63.38	0	0	0	0	0
1421444784617133753	CPU_4	0	0	21.53	0	78.46	0	0	0	0	0
1421444785345571159	CPU_4	15.49	0	39.43	0	43.66	1.40	0	0	0	0
1421444786098993111	CPU_4	21.05	0	38.15	0	39.47	0	1.31	0	0	0
1421444786853231853	CPU_4	16.88	0	41.55	0	40.25	1.29	0	0	0	0
1421444787581481425	CPU_4	20.54	0	35.61	0	43.83	0	0	0	0	0
1421444788336127541	CPU_4	6.66	0	26.66	0	66.66	0	0	0	0	0
1421444789486542603	CPU_4	3.41	0	15.38	0	79.48	.85	.85	0	0	0
1421444790132036466	CPU_4	1.56	0	18.75	0	79.68	0	0	0	0	0
1421444790788241270	CPU_4	12.50	0	43.75	0	43.75	0	0	0	0	0
1421444791547569003	CPU_4	16.88	0	42.85	0	38.96	1.29	0	0	0	0
1421444792295758585	CPU_4	18.66	0	44.00	0	37.33	0	0	0	0	0
1421444793063313304	CPU_4	17.33	0	37.33	0	42.66	1.33	1.33	0	0	0
1421444793831925688	CPU_4	16.66	0	44.87	0	37.17	1.28	0	0	0	0
1421444794599101324	CPU_4	19.17	0	42.46	0	38.35	0	0	0	0	0
1421444795355557101	CPU_4	19.73	0	40.78	0	38.15	1.31	0	0	0	0
1421444796119787283	CPU_4	17.10	0	42.10	0	39.47	0	1.31	0	0	0
1421444796893874408	CPU_4	20.77	0	41.55	0	36.36	1.29	0	0	0	0
1421444797659138337	CPU_4	17.10	0	44.73	0	38.15	0	0	0	0	0
1421444798431269964	CPU_4	18.51	0	41.97	0	38.27	1.23	0	0	0	0
1421444799117530346	CPU_4	15.94	0	36.23	1.44	46.37	0	0	0	0	0
1421444799821381825	CPU_4	17.64	0	32.35	0	47.05	1.47	1.47	0	0	0
1421444800558358713	CPU_4	16.43	0	39.72	0	43.83	0	0	0	0	0
1421444801327504301	CPU_4	17.72	0	39.24	0	41.77	1.26	0	0	0	0
1421444802104859544	CPU_4	16.66	0	43.58	0	39.74	0	0	0	0	0
1421444802875137631	CPU_4	19.71	0	36.61	0	40.84	1.40	1.40	0	0	0
1421444803652075207	CPU_4	20.00	0	41.33	0	38.66	0	0	0	0	0
1421444804414984762	CPU_4	18.18	0	44.15	0	36.36	1.29	0	0	0	0
1421444805172844616	CPU_4	16.21	0	43.24	0	39.18	1.35	0	0	0	0
1421444805929279222	CPU_4	13.15	0	47.36	0	38.15	0	1.31	0	0	0
1421444806705745839	CPU_4	18.18	0	42.85	0	37.66	1.29	0	0	0	0
1421444807473240428	CPU_4	17.33	0	45.33	0	37.33	0	0	0	0	0
1421444808248646130	CPU_4	16.45	0	45.56	0	36.70	1.26	0	0	0	0
1421444809016107218	CPU_4	19.48	0	41.55	0	37.66	0	1.29	0	0	0
1421444809797844201	CPU_4	22.07	0	38.96	0	37.66	1.29	0	0	0	0
1421444810545589818	CPU_4	15.78	0	44.73	0	39.47	0	0	0	0	0
1421444811328361966	CPU_4	19.23	0	43.58	0	35.89	1.28	0	0	0	0
1421444812100948462	CPU_4	16.66	0	42.30	0	39.74	0	1.28	0	0	0
1421444812873507291	CPU_4	18.42	0	42.10	0	38.15	1.31	0	0	0	0
1421444813643773664	CPU_4	17.72	0	41.77	1.26	37.97	1.26	0	0	0	0
1421444814418855656	CPU_4	16.45	0	48.10	0	35.44	0	0	0	0	0
1421444815185333993	CPU_4	17.72	0	44.30	0	36.70	1.26	0	0	0	0
1421444815964757060	CPU_4	17.10	0	39.47	0	42.10	0	1.31	0	0	0
1421444816732064895	CPU_4	18.42	0	42.10	0	38.15	1.31	0	0	0	0
1421444817512681752	CPU_4	17.10	0	44.73	0	38.15	0	0	0	0	0
1421444818278970880	CPU_4	13.92	0	48.10	0	36.70	1.26	0	0	0	0
1421444819049800917	CPU_4	14.10	0	47.43	0	37.17	0	1.28	0	0	0
1421444819815611796	CPU_4	20.77	0	40.25	0	37.66	1.29	0	0	0	0
1421444820591956491	CPU_4	23.68	0	36.84	0	38.15	1.31	0	0	0	0
1421444821357031119	CPU_4	22.36	0	46.05	0	31.57	0	0	0	0	0
1421444822134119896	CPU_4	15.18	0	45.56	0	36.70	1.26	1.26	0	0	0
1421444822900192939	CPU_4	20.51	0	42.30	0	37.17	0	0	0	0	0
1421444823677447465	CPU_4	18.18	0	42.85	0	37.66	1.29	0	0	0	0
1421444824448998541	CPU_4	19.23	0	43.58	0	37.17	0	0	0	0	0
1421444825221641615	CPU_4	15.18	0	45.56	0	36.70	1.26	1.26	0	0	0
1421444825986102867	CPU_4	20.27	0	41.89	0	37.83	0	0	0	0	0
1421444826761127229	CPU_4	19.44	0	38.88	0	40.27	1.38	0	0	0	0
1421444827528480810	CPU_4	19.73	0	40.78	0	38.15	1.31	0	0	0	0
1421444828293348394	CPU_4	21.05	0	40.78	0	36.84	0	1.31	0	0	0
1421444829056998064	CPU_4	18.18	0	42.85	0	37.66	1.29	0	0	0	0
1421444829822863271	CPU_4	16.00	0	45.33	0	38.66	0	0	0	0	0
1421444830589059061	CPU_4	16.25	0	46.25	0	36.25	1.25	0	0	0	0
1421444831363675004	CPU_4	19.23	0	42.30	0	37.17	0	1.28	0	0	0
1421444832128293129	CPU_4	18.18	0	42.85	0	37.66	1.29	0	0	0	0
1421444832909020521	CPU_4	15.18	0	46.83	0	37.97	0	0	0	0	0
1421444833680093136	CPU_4	16.66	0	44.87	0	37.17	1.28	0	0	0	0
1421444834455433952	CPU_4	21.62	0	37.83	0	39.18	0	1.35	0	0	0
1421444835227274398	CPU_4	18.42	0	42.10	0	38.15	1.31	0	0	0	0
1421444835998788219	CPU_4	18.75	0	40.00	0	40.00	1.25	0	0	0	0
1421444836754863772	CPU_4	21.33	0	41.33	0	37.33	0	0	0	0	0
1421444837536447911	CPU_4	14.10	0	44.87	0	39.74	1.28	0	0	0	0
1421444838296694748	CPU_4	15.78	0	44.73	0	38.15	0	1.31	0	0	0
1421444839033081747	CPU_4	16.21	0	44.59	0	37.83	1.35	0	0	0	0
1421444839690957324	CPU_4	4.54	0	18.18	0	77.27	0	0	0	0	0
1421444840348015152	CPU_4	5.55	0	29.16	0	56.94	8.33	0	0	0	0
1421444841105597243	CPU_4	17.33	0	44.00	0	38.66	0	0	0	0	0
1421444841873250651	CPU_4	20.00	0	40.00	0	38.66	0	1.33	0	0	0
1421444842637770439	CPU_4	17.33	0	44.00	0	38.66	0	0	0	0	0
1421444843403583182	CPU_4	19.23	0	43.58	0	37.17	0	0	0	0	0
1421444844177058956	CPU_4	17.10	0	44.73	0	38.15	0	0	0	0	0
1421444844939883370	CPU_4	14.28	0	42.85	0	41.55	0	1.29	0	0	0
1421444845683282231	CPU_4	16.66	0	43.05	0	40.27	0	0	0	0	0
1421444846460446456	CPU_4	16.45	0	46.83	0	36.70	0	0	0	0	0
1421444847217082337	CPU_4	13.88	0	40.27	0	45.83	0	0	0	0	0
1421444847871075542	CPU_4	2.98	0	19.40	0	76.11	0	1.49	0	0	0
1421444848529124783	CPU_4	7.57	0	39.39	0	53.03	0	0	0	0	0
1421444849262236783	CPU_4	12.50	0	43.05	0	44.44	0	0	0	0	0
1421444850036951052	CPU_4	10.25	0	29.48	0	60.25	0	0	0	0	0
1421444850723027332	CPU_4	17.64	0	39.70	0	41.17	1.47	0	0	0	0
1421444851500867387	CPU_4	18.98	0	43.03	0	36.70	0	1.26	0	0	0
1421444852272239077	CPU_4	20.77	0	40.25	0	37.66	1.29	0	0	0	0
1421444853044998015	CPU_4	16.66	0	44.87	0	37.17	1.28	0	0	0	0
1421444853816340121	CPU_4	17.33	0	44.00	0	38.66	0	0	0	0	0
1421444854581541361	CPU_4	15.38	0	46.15	0	35.89	1.28	1.28	0	0	0
1421444855348178641	CPU_4	21.05	0	40.78	0	38.15	0	0	0	0	0
1421444856123897031	CPU_4	16.45	0	41.77	0	40.50	1.26	0	0	0	0
1421444856895961968	CPU_4	18.42	0	43.42	0	38.15	0	0	0	0	0
1421444857655452466	CPU_4	17.10	0	43.42	0	38.15	1.31	0	0	0	0
1421444858423854908	CPU_4	20.54	0	24.65	0	53.42	0	1.36	0	0	0
1421444859123238498	CPU_4	14.08	0	26.76	0	57.74	1.40	0	0	0	0
1421444859811241230	CPU_4	19.11	0	20.58	0	60.29	0	0	0	0	0
1421444860501380959	CPU_4	32.39	0	23.94	0	42.25	1.40	0	0	0	0
1421444861335069258	CPU_4	56.04	0	26.37	0	15.38	1.09	1.09	0	0	0
1421444862196176347	CPU_4	28.08	0	26.96	0	44.94	0	0	0	0	0
1421444862884985785	CPU_4	15.94	0	24.63	0	57.97	1.44	0	0	0	0
1421444863582593210	CPU_4	35.61	0	20.54	0	43.83	0	0	0	0	0
1421444864453938032	CPU_4	58.51	0	25.53	0	13.82	1.06	1.06	0	0	0
1421444865319454155	CPU_4	54.44	0	28.88	0	16.66	0	0	0	0	0
1421444866175691917	CPU_4	63.04	0	19.56	0	15.21	1.08	1.08	0	0	0
1421444867039052293	CPU_4	55.68	0	27.27	0	15.90	1.13	0	0	0	0
1421444867898280925	CPU_4	59.55	0	23.59	0	15.73	1.12	0	0	0	0
1421444868753305687	CPU_4	62.50	0	21.87	0	14.58	0	1.04	0	0	0
1421444869607278034	CPU_4	61.29	0	22.58	0	15.05	1.07	0	0	0	0
1421444870468925328	CPU_4	50.00	0	26.82	0	21.95	1.21	0	0	0	0
1421444871166104417	CPU_4	13.88	0	22.22	0	62.50	0	1.38	0	0	0
1421444872302697534	CPU_4	31.93	0	17.64	0	49.57	.84	0	0	0	0
1421444873167884029	CPU_4	60.46	0	24.41	0	15.11	0	0	0	0	0
1421444874027378741	CPU_4	52.27	0	29.54	0	15.90	1.13	1.13	0	0	0
1421444874883163542	CPU_4	51.16	0	31.39	0	16.27	1.16	0	0	0	0
1421444875751384406	CPU_4	52.27	0	30.68	0	17.04	0	0	0	0	0
1421444876600272341	CPU_4	60.86	0	22.82	0	14.13	1.08	1.08	0	0	0
1421444877470630243	CPU_4	52.32	0	30.23	0	16.27	1.16	0	0	0	0
1421444878327898290	CPU_4	56.32	0	26.43	0	16.09	1.14	0	0	0	0
1421444879183445755	CPU_4	61.11	0	22.22	0	15.55	0	1.11	0	0	0
1421444880045108961	CPU_4	52.27	0	30.68	0	15.90	1.13	0	0	0	0
1421444880900079552	CPU_4	54.94	0	27.47	0	16.48	1.09	0	0	0	0
1421444881766157958	CPU_4	54.02	0	28.73	0	16.09	0	1.14	0	0	0
1421444882629349577	CPU_4	50.56	0	32.58	0	15.73	1.12	0	0	0	0
1421444883490695282	CPU_4	54.76	0	27.38	0	15.47	1.19	1.19	0	0	0
1421444884355340606	CPU_4	55.05	0	29.21	0	15.73	0	0	0	0	0
1421444885222019011	CPU_4	51.64	0	31.86	0	15.38	1.09	0	0	0	0
1421444886077135266	CPU_4	57.44	0	24.46	0	15.95	1.06	1.06	0	0	0
1421444886938662469	CPU_4	57.60	0	26.08	0	15.21	1.08	0	0	0	0
1421444887806399286	CPU_4	54.21	0	27.71	0	18.07	0	0	0	0	0
1421444888659414210	CPU_4	57.30	0	30.33	1.12	8.98	1.12	1.12	0	0	0
1421444889529269399	CPU_4	64.36	0	34.48	0	0	1.14	0	0	0	0
1421444890384804777	CPU_4	60.00	0	40.00	0	0	0	0	0	0	0
1421444891250852429	CPU_4	72.41	0	25.28	0	0	1.14	1.14	0	0	0
1421444892119365494	CPU_4	68.60	0	30.23	0	1.16	0	0	0	0	0
1421444892999268082	CPU_4	65.16	0	32.58	0	0	1.12	1.12	0	0	0
1421444893864323110	CPU_4	68.96	0	28.73	0	1.14	1.14	0	0	0	0
1421444894734321463	CPU_4	74.71	0	24.13	0	1.14	0	0	0	0	0
1421444895594290706	CPU_4	71.26	0	26.43	0	0	1.14	1.14	0	0	0
1421444896454643574	CPU_4	67.05	0	31.76	0	0	1.17	0	0	0	0
1421444897314357691	CPU_4	65.88	0	34.11	0	0	0	0	0	0	0
1421444898189345535	CPU_4	63.63	0	34.09	0	0	1.13	1.13	0	0	0
1421444899039095126	CPU_4	67.05	0	31.76	0	1.17	0	0	0	0	0
1421444899899290701	CPU_4	64.70	0	34.11	0	0	1.17	0	0	0	0
1421444900759916857	CPU_4	65.51	0	31.03	0	1.14	1.14	1.14	0	0	0
1421444901619465807	CPU_4	62.79	0	36.04	0	1.16	0	0	0	0	0
1421444902484244748	CPU_4	66.66	0	31.03	0	0	1.14	1.14	0	0	0
1421444903350081395	CPU_4	61.62	0	37.20	0	1.16	0	0	0	0	0
1421444904219305579	CPU_4	66.27	0	31.39	0	1.16	1.16	0	0	0	0
1421444905099295745	CPU_4	70.78	0	25.84	0	1.12	1.12	1.12	0	0	0
1421444905954638783	CPU_4	66.27	0	33.72	0	0	0	0	0	0	0
1421444906814308563	CPU_4	59.52	0	39.28	0	0	1.19	0	0	0	0
1421444907674933425	CPU_4	67.81	0	29.88	0	0	1.14	1.14	0	0	0
1421444908548025309	CPU_4	67.44	0	31.39	0	1.16	0	0	0	0	0
1421444909409336294	CPU_4	62.50	0	35.22	0	1.13	1.13	0	0	0	0
1421444910279270640	CPU_4	73.56	0	25.28	0	0	0	1.14	0	0	0
1421444911144296036	CPU_4	62.79	0	31.39	0	4.65	1.16	0	0	0	0
1421444912019366415	CPU_4	69.76	0	29.06	0	0	1.16	0	0	0	0
1421444912889133718	CPU_4	73.86	0	25.00	0	0	0	1.13	0	0	0
1421444913744140586	CPU_4	93.02	0	5.81	0	0	1.16	0	0	0	0
1421444914594155879	CPU_4	95.23	0	4.76	0	0	0	0	0	0	0
1421444915449164204	CPU_4	90.80	0	6.89	0	0	1.14	1.14	0	0	0
1421444916304134447	CPU_4	94.04	0	5.95	0	0	0	0	0	0	0
1421444917164162972	CPU_4	91.86	0	6.97	0	0	1.16	0	0	0	0
1421444918022417458	CPU_4	91.86	0	8.13	0	0	0	0	0	0	0
1421444918879192071	CPU_4	89.65	0	8.04	0	0	1.14	1.14	0	0	0
1421444919739146887	CPU_4	92.94	0	7.05	0	0	0	0	0	0	0
1421444920594908210	CPU_4	91.86	0	6.97	0	0	1.16	0	0	0	0
1421444921449130326	CPU_4	92.94	0	7.05	0	0	0	0	0	0	0
1421444922309235516	CPU_4	88.50	0	9.19	0	0	1.14	1.14	0	0	0
1421444923179432689	CPU_4	74.11	0	25.88	0	0	0	0	0	0	0
1421444924054418438	CPU_4	65.16	0	32.58	0	0	1.12	1.12	0	0	0
1421444924919351327	CPU_4	65.11	0	33.72	0	0	1.16	0	0	0	0
1421444925799283193	CPU_4	63.21	0	35.63	0	0	0	1.14	0	0	0
1421444926669247198	CPU_4	67.04	0	31.81	0	0	1.13	0	0	0	0
1421444927548087981	CPU_4	69.31	0	29.54	0	0	0	1.13	0	0	0
1421444928414318909	CPU_4	62.79	0	36.04	0	0	1.16	0	0	0	0
1421444929289228656	CPU_4	66.29	0	31.46	0	0	1.12	1.12	0	0	0
1421444930164245860	CPU_4	68.96	0	29.88	0	0	0	1.14	0	0	0
1421444931034257531	CPU_4	73.25	0	25.58	0	0	1.16	0	0	0	0
1421444931909313651	CPU_4	67.41	0	30.33	0	0	1.12	1.12	0	0	0
1421444932784277896	CPU_4	70.93	0	29.06	0	0	0	0	0	0	0
1421444933654469773	CPU_4	64.77	0	32.95	0	0	1.13	1.13	0	0	0
1421444934529403976	CPU_4	70.93	0	29.06	0	0	0	0	0	0	0
1421444935404367970	CPU_4	68.18	0	29.54	0	0	1.13	1.13	0	0	0
1421444936274217263	CPU_4	62.06	0	36.78	0	0	1.14	0	0	0	0
1421444937144421972	CPU_4	65.51	0	33.33	0	0	0	1.14	0	0	0
1421444938023122167	CPU_4	72.72	0	26.13	0	0	1.13	0	0	0	0
1421444938884316598	CPU_4	62.06	0	35.63	0	0	1.14	1.14	0	0	0
1421444939754257640	CPU_4	63.95	0	36.04	0	0	0	0	0	0	0
1421444940619212814	CPU_4	81.81	0	15.90	0	0	1.13	1.13	0	0	0
1421444941484311196	CPU_4	81.17	0	18.82	0	0	0	0	0	0	0
1421444942354203237	CPU_4	82.95	0	15.90	0	0	1.13	0	0	0	0
1421444943229239727	CPU_4	81.60	0	17.24	0	0	0	1.14	0	0	0
1421444944094360899	CPU_4	81.39	0	17.44	0	0	1.16	0	0	0	0
1421444944969234806	CPU_4	76.13	0	22.72	0	0	1.13	0	0	0	0
1421444945839235761	CPU_4	80.45	0	19.54	0	0	0	0	0	0	0
1421444946699252024	CPU_4	80.23	0	17.44	0	0	1.16	1.16	0	0	0
1421444947574215721	CPU_4	82.75	0	17.24	0	0	0	0	0	0	0
1421444948444302092	CPU_4	81.60	0	17.24	0	0	1.14	0	0	0	0
1421444949304245354	CPU_4	78.16	0	20.68	0	0	0	1.14	0	0	0
1421444950174277557	CPU_4	83.90	0	14.94	0	0	1.14	0	0	0	0
1421444951039158810	CPU_4	79.06	0	19.76	0	0	1.16	0	0	0	0
1421444951904282396	CPU_4	81.39	0	18.60	0	0	0	0	0	0	0
1421444952779431090	CPU_4	75.00	0	22.72	0	0	1.13	1.13	0	0	0
1421444953654213202	CPU_4	80.45	0	19.54	0	0	0	0	0	0	0
1421444954524308445	CPU_4	81.81	0	17.04	0	0	1.13	0	0	0	0
1421444955389271529	CPU_4	82.55	0	16.27	0	0	0	1.16	0	0	0
1421444956259254022	CPU_4	78.16	0	20.68	0	0	1.14	0	0	0	0
1421444957129343597	CPU_4	80.45	0	18.39	0	0	1.14	0	0	0	0
1421444957994294097	CPU_4	80.23	0	18.60	0	0	0	1.16	0	0	0
1421444958864233422	CPU_4	85.22	0	13.63	0	0	1.13	0	0	0	0
1421444959724267013	CPU_4	82.35	0	17.64	0	0	0	0	0	0	0
1421444960594253045	CPU_4	82.95	0	15.90	0	0	1.13	0	0	0	0
1421444961459330002	CPU_4	79.06	0	19.76	0	0	0	1.16	0	0	0
1421444962319335799	CPU_4	80.45	0	18.39	0	0	1.14	0	0	0	0
1421444963199244065	CPU_4	81.60	0	17.24	0	0	1.14	0	0	0	0
1421444964059259779	CPU_4	82.55	0	16.27	0	0	0	1.16	0	0	0
1421444964919230200	CPU_4	79.31	0	19.54	0	0	1.14	0	0	0	0
1421444965789399563	CPU_4	79.06	0	20.93	0	0	0	0	0	0	0
1421444966649401109	CPU_4	79.31	0	19.54	0	0	1.14	0	0	0	0
1421444967514269772	CPU_4	83.52	0	15.29	0	0	0	1.17	0	0	0
1421444968384231676	CPU_4	84.09	0	14.77	0	0	1.13	0	0	0	0
1421444969247684423	CPU_4	44.82	0	27.58	0	27.58	0	0	0	0	0
1421444970105439805	CPU_4	57.14	0	30.95	0	9.52	1.19	1.19	0	0	0
1421444970970025549	CPU_4	51.72	0	40.22	0	6.89	1.14	0	0	0	0
1421444971826652015	CPU_4	54.76	0	39.28	0	5.95	0	0	0	0	0
1421444972692767757	CPU_4	58.62	0	32.18	0	6.89	1.14	1.14	0	0	0
1421444973557888333	CPU_4	54.02	0	37.93	0	6.89	1.14	0	0	0	0
1421444974419275832	CPU_4	55.81	0	36.04	0	6.97	1.16	0	0	0	0
1421444975281371120	CPU_4	52.32	0	37.20	0	9.30	0	1.16	0	0	0
1421444976138113626	CPU_4	56.97	0	34.88	0	6.97	1.16	0	0	0	0
1421444977001651786	CPU_4	52.87	0	39.08	0	6.89	1.14	0	0	0	0
1421444977868272525	CPU_4	58.62	0	33.33	0	6.89	0	1.14	0	0	0
1421444978729898604	CPU_4	48.23	0	44.70	0	5.88	1.17	0	0	0	0
1421444979585462527	CPU_4	46.51	0	39.53	1.16	11.62	1.16	0	0	0	0
1421444980448484770	CPU_4	49.41	0	43.52	0	5.88	0	1.17	0	0	0
1421444981320470874	CPU_4	49.42	0	42.52	0	6.89	1.14	0	0	0	0
1421444982177062210	CPU_4	48.80	0	44.04	0	5.95	1.19	0	0	0	0
1421444983043081989	CPU_4	50.58	0	31.76	0	16.47	0	1.17	0	0	0
1421444983905038274	CPU_4	50.00	0	38.37	0	10.46	1.16	0	0	0	0
1421444984771660843	CPU_4	56.32	0	34.48	0	6.89	1.14	1.14	0	0	0
1421444985642954405	CPU_4	54.02	0	40.22	0	5.74	0	0	0	0	0
1421444986530464648	CPU_4	50.57	0	41.37	0	6.89	1.14	0	0	0	0
1421444987363636811	CPU_4	52.32	0	38.37	0	6.97	1.16	1.16	0	0	0
1421444988232887999	CPU_4	51.16	0	41.86	0	6.97	0	0	0	0	0
1421444989101827896	CPU_4	48.83	0	43.02	0	6.97	1.16	0	0	0	0
1421444989968729046	CPU_4	52.22	0	38.88	0	6.66	1.11	1.11	0	0	0
1421444990832024784	CPU_4	50.00	0	44.18	0	5.81	0	0	0	0	0
1421444991629520128	CPU_4	54.32	0	35.80	0	8.64	1.23	0	0	0	0
1421444992499934438	CPU_4	54.02	0	37.93	0	5.74	1.14	1.14	0	0	0
1421444993365512213	CPU_4	51.76	0	41.17	0	7.05	0	0	0	0	0
1421444994231601195	CPU_4	61.62	0	30.23	0	6.97	1.16	0	0	0	0
1421444995098494468	CPU_4	56.17	0	33.70	0	7.86	1.12	1.12	0	0	0
1421444995970041691	CPU_4	53.48	0	39.53	0	6.97	0	0	0	0	0
1421444996830917806	CPU_4	58.62	0	34.48	0	5.74	1.14	0	0	0	0
1421444997698758367	CPU_4	53.48	0	37.20	0	6.97	1.16	1.16	0	0	0
1421444998558085359	CPU_4	51.76	0	42.35	0	5.88	0	0	0	0	0
1421444999426883335	CPU_4	54.02	0	37.93	0	6.89	1.14	0	0	0	0
1421445000311794576	CPU_4	55.05	0	35.95	0	6.74	1.12	1.12	0	0	0
1421445001178676679	CPU_4	54.65	0	38.37	0	6.97	0	0	0	0	0
1421445002045404074	CPU_4	51.16	0	40.69	0	5.81	1.16	1.16	0	0	0
1421445002905388354	CPU_4	52.32	0	38.37	0	8.13	1.16	0	0	0	0
1421445003807791816	CPU_4	18.47	0	25.00	0	6.52	50.00	0	0	0	0
1421445060127897578	CPU_4	0	0	0	0	.01	99.98	0	0	0	0
1421445062868989371	CPU_4	0	0	0	0	1.08	98.91	0	0	0	0
1421445065365658937	CPU_4	0	0	0	0	3.30	96.69	0	0	0	0
1421445066028889180	CPU_4	0	0	0	0	28.84	71.15	0	0	0	0
1421445067297201596	CPU_4	0	0	0	0	32.35	67.64	0	0	0	0
1421445068939145729	CPU_4	0	0	0	0	.99	99.00	0	0	0	0
1421445072393860627	CPU_4	0	0	0	0	2.20	97.79	0	0	0	0
1421445074233206515	CPU_4	0	0	0	0	2.23	97.76	0	0	0	0
1421445077759033245	CPU_4	0	0	0	0	1.39	98.60	0	0	0	0
1421445080099791176	CPU_4	0	0	0	0	1.26	98.73	0	0	0	0
1421445083373358979	CPU_4	0	0	0	0	1.50	98.49	0	0	0	0
1421445085168565972	CPU_4	0	0	0	0	1.63	98.36	0	0	0	0
1421445088703239210	CPU_4	0	0	0	0	2.32	97.67	0	0	0	0
1421445092098289007	CPU_4	0	0	0	0	1.92	98.07	0	0	0	0
1421445094454852937	CPU_4	0	0	0	0	3.57	96.42	0	0	0	0
1421445097522363101	CPU_4	0	0	0	0	1.50	98.49	0	0	0	0
1421445100078027652	CPU_4	0	0	0	.44	1.33	98.21	0	0	0	0
1421445102757829661	CPU_4	0	0	0	0	1.30	98.69	0	0	0	0
1421445104546724480	CPU_4	0	0	0	0	1.64	98.35	0	0	0	0
1421445108020455745	CPU_4	0	0	0	0	2.24	97.75	0	0	0	0
1421445110694549211	CPU_4	0	0	0	0	.85	99.14	0	0	0	0
1421445114079149823	CPU_4	0	0	0	0	2.47	97.52	0	0	0	0
1421445117960702517	CPU_4	0	0	0	0	2.63	97.36	0	0	0	0
1421445121126083858	CPU_4	0	0	0	0	.63	99.36	0	0	0	0
1421445123375654309	CPU_4	0	0	0	0	4.24	95.75	0	0	0	0
1421445125984954530	CPU_4	0	0	0	0	1.55	98.44	0	0	0	0
1421445128728280232	CPU_4	0	0	0	0	1.27	98.72	0	0	0	0
1421445133511483929	CPU_4	0	0	0	0	2.06	97.93	0	0	0	0
1421445136191153061	CPU_4	0	0	0	0	1.38	98.61	0	0	0	0
1421445138899887016	CPU_4	0	0	0	0	2.86	97.13	0	0	0	0
1421445141618406993	CPU_4	0	0	0	0	.64	99.35	0	0	0	0
1421445143796827582	CPU_4	0	0	0	0	2.92	97.07	0	0	0	0
1421445146810149765	CPU_4	0	0	0	0	.56	99.43	0	0	0	0
1421445148596675175	CPU_4	0	0	0	0	1.65	98.34	0	0	0	0
1421445150501756510	CPU_4	0	0	0	0	2.05	97.94	0	0	0	0
1421445153593991300	CPU_4	0	0	0	0	3.32	96.67	0	0	0	0
1421445164757198120	CPU_4	0	0	0	0	.47	99.52	0	0	0	0
1421445172236177919	CPU_4	0	0	0	0	.12	99.87	0	0	0	0
1421445172991295806	CPU_4	0	0	0	0	28.70	71.29	0	0	0	0
1421445173745928443	CPU_4	0	0	0	0	28.97	71.02	0	0	0	0
1421445174455562949	CPU_4	0	0	0	0	29.70	70.29	0	0	0	0
1421445175180073678	CPU_4	0	0	0	0	29.41	70.58	0	0	0	0
1421445175930340489	CPU_4	0	0	0	0	28.30	71.69	0	0	0	0
1421445176669296611	CPU_4	0	0	0	0	31.13	68.86	0	0	0	0
1421445177425257411	CPU_4	0	0	0	0	28.30	71.69	0	0	0	0
1421445178174870598	CPU_4	0	0	0	0	30.55	69.44	0	0	0	0
1421445178935860931	CPU_4	0	0	0	0	29.62	70.37	0	0	0	0
1421445179683427328	CPU_4	0	0	0	0	28.57	71.42	0	0	0	0
1421445180402229774	CPU_4	0	0	0	0	30.76	69.23	0	0	0	0
1421445181164166480	CPU_4	0	0	0	0	28.97	71.02	0	0	0	0
1421445181920623028	CPU_4	0	0	0	0	29.90	70.09	0	0	0	0
1421445182678658657	CPU_4	0	0	0	0	30.27	69.72	0	0	0	0
1421445183422607809	CPU_4	0	0	0	0	29.90	67.28	2.80	0	0	0
1421445184182612350	CPU_4	0	0	0	0	28.30	0	71.69	0	0	0
1421445184908566116	CPU_4	5.49	0	9.89	0	32.96	1.09	50.54	0	0	0
1421445185628666058	CPU_4	13.33	0	44.00	0	41.33	1.33	0	0	0	0
1421445186363584516	CPU_4	22.66	0	37.33	0	38.66	1.33	0	0	0	0
1421445187102255176	CPU_4	13.33	0	44.00	0	42.66	0	0	0	0	0
1421445187854335188	CPU_4	14.47	0	43.42	0	39.47	1.31	1.31	0	0	0
1421445188596329842	CPU_4	17.94	0	42.30	0	38.46	1.28	0	0	0	0
1421445189340342617	CPU_4	20.00	0	40.00	0	38.66	1.33	0	0	0	0
1421445190043629836	CPU_4	11.11	0	43.05	1.38	44.44	0	0	0	0	0
1421445190795077806	CPU_4	14.47	0	43.42	0	39.47	1.31	1.31	0	0	0
1421445191534824546	CPU_4	20.51	0	38.46	0	39.74	1.28	0	0	0	0
1421445192276603907	CPU_4	14.47	0	43.42	0	40.78	1.31	0	0	0	0
1421445193017452228	CPU_4	17.56	0	39.18	0	41.89	0	1.35	0	0	0
1421445193750304604	CPU_4	18.91	0	39.18	0	40.54	1.35	0	0	0	0
1421445194465136010	CPU_4	10.95	0	46.57	0	41.09	1.36	0	0	0	0
1421445195201732796	CPU_4	13.33	0	44.00	0	41.33	1.33	0	0	0	0
1421445195937809957	CPU_4	16.21	0	40.54	0	41.89	0	1.35	0	0	0
1421445196679115068	CPU_4	15.38	0	44.87	0	38.46	1.28	0	0	0	0
1421445197387090526	CPU_4	12.67	0	43.66	0	42.25	1.40	0	0	0	0
1421445198138714494	CPU_4	14.10	0	44.87	0	38.46	1.28	1.28	0	0	0
1421445198876353401	CPU_4	14.86	0	40.54	0	44.59	0	0	0	0	0
1421445199624762249	CPU_4	12.98	0	45.45	0	40.25	1.29	0	0	0	0
1421445200359907285	CPU_4	17.10	0	40.78	0	40.78	1.31	0	0	0	0
1421445201108945714	CPU_4	18.66	0	40.00	0	38.66	1.33	1.33	0	0	0
1421445201837902677	CPU_4	15.27	0	40.27	0	44.44	0	0	0	0	0
1421445202584507693	CPU_4	18.42	0	42.10	0	38.15	1.31	0	0	0	0
1421445203306809584	CPU_4	17.80	0	36.98	0	42.46	1.36	1.36	0	0	0
1421445204040517621	CPU_4	10.81	0	44.59	0	43.24	1.35	0	0	0	0
1421445204784911098	CPU_4	11.84	0	48.68	0	38.15	1.31	0	0	0	0
1421445205518696219	CPU_4	15.27	0	41.66	0	43.05	0	0	0	0	0
1421445206269148810	CPU_4	13.15	0	44.73	0	39.47	1.31	1.31	0	0	0
1421445206984017045	CPU_4	16.21	0	41.89	0	40.54	1.35	0	0	0	0
1421445207732349848	CPU_4	16.21	0	36.48	0	45.94	1.35	0	0	0	0
1421445208466056093	CPU_4	15.06	0	42.46	0	41.09	0	1.36	0	0	0
1421445209203219331	CPU_4	9.21	0	47.36	0	42.10	1.31	0	0	0	0
1421445209931286792	CPU_4	14.28	0	41.42	0	42.85	1.42	0	0	0	0
1421445210672193440	CPU_4	14.28	0	45.45	0	38.96	1.29	0	0	0	0
1421445211420049243	CPU_4	18.42	0	40.78	0	39.47	0	1.31	0	0	0
1421445212159859600	CPU_4	16.66	0	41.66	0	40.27	1.38	0	0	0	0
1421445212903314701	CPU_4	11.84	0	43.42	0	43.42	1.31	0	0	0	0
1421445213637447235	CPU_4	17.33	0	40.00	0	40.00	1.33	1.33	0	0	0
1421445214341707153	CPU_4	14.08	0	43.66	0	42.25	0	0	0	0	0
1421445215083132965	CPU_4	16.21	0	39.18	0	43.24	1.35	0	0	0	0
1421445215820893491	CPU_4	13.51	0	44.59	0	40.54	1.35	0	0	0	0
1421445216548121827	CPU_4	16.88	0	41.55	0	38.96	1.29	1.29	0	0	0
1421445217287838933	CPU_4	15.06	0	42.46	0	42.46	0	0	0	0	0
1421445218034138653	CPU_4	15.78	0	40.78	0	42.10	1.31	0	0	0	0
1421445218768224809	CPU_4	13.33	0	42.66	0	41.33	1.33	1.33	0	0	0
1421445219506553250	CPU_4	12.32	0	43.83	0	42.46	1.36	0	0	0	0
1421445220244172525	CPU_4	13.15	0	47.36	0	39.47	0	0	0	0	0
1421445220982081633	CPU_4	14.08	0	42.25	0	42.25	1.40	0	0	0	0
1421445221731682096	CPU_4	12.34	0	46.91	0	38.27	1.23	1.23	0	0	0
1421445222467279998	CPU_4	19.73	0	39.47	0	39.47	1.31	0	0	0	0
1421445223218097000	CPU_4	18.05	0	37.50	0	44.44	0	0	0	0	0
1421445223958556477	CPU_4	17.33	0	38.66	0	41.33	1.33	1.33	0	0	0
1421445224708640063	CPU_4	13.15	0	42.10	1.31	42.10	1.31	0	0	0	0
1421445225449435247	CPU_4	17.33	0	42.66	0	38.66	1.33	0	0	0	0
1421445226169717550	CPU_4	13.51	0	44.59	0	41.89	0	0	0	0	0
1421445226921393341	CPU_4	12.82	0	44.87	0	39.74	1.28	1.28	0	0	0
1421445227660902819	CPU_4	13.33	0	44.00	0	41.33	1.33	0	0	0	0
1421445228408504365	CPU_4	14.28	0	42.85	0	41.55	1.29	0	0	0	0
1421445229141222063	CPU_4	12.50	0	41.66	0	43.05	1.38	1.38	0	0	0
1421445229888220735	CPU_4	15.78	0	46.05	0	38.15	0	0	0	0	0
1421445230629362959	CPU_4	21.25	0	38.75	0	38.75	1.25	0	0	0	0
1421445231376908046	CPU_4	18.18	0	40.25	0	40.25	1.29	0	0	0	0
1421445232116405523	CPU_4	17.10	0	42.10	0	38.15	1.31	1.31	0	0	0
1421445232831697249	CPU_4	11.26	0	43.66	0	45.07	0	0	0	0	0
1421445233580122709	CPU_4	16.21	0	41.89	0	40.54	1.35	0	0	0	0
1421445234302556005	CPU_4	14.66	0	42.66	0	40.00	1.33	1.33	0	0	0
1421445235048853552	CPU_4	14.47	0	43.42	0	40.78	1.31	0	0	0	0
1421445235773883594	CPU_4	13.88	0	44.44	0	41.66	0	0	0	0	0
1421445236522956469	CPU_4	16.00	0	42.66	0	40.00	1.33	0	0	0	0
1421445237262688443	CPU_4	14.47	0	42.10	0	40.78	1.31	1.31	0	0	0
1421445238004762287	CPU_4	13.33	0	45.33	0	40.00	1.33	0	0	0	0
1421445238727150499	CPU_4	15.06	0	43.83	0	41.09	0	0	0	0	0
1421445239466758806	CPU_4	21.62	0	33.78	0	41.89	1.35	1.35	0	0	0
1421445240214881348	CPU_4	13.15	0	43.42	0	42.10	1.31	0	0	0	0
1421445240957065566	CPU_4	12.00	0	46.66	0	40.00	1.33	0	0	0	0
1421445241699749992	CPU_4	18.66	0	41.33	0	40.00	0	0	0	0	0
1421445242410037890	CPU_4	10.66	0	46.66	0	40.00	1.33	1.33	0	0	0
1421445243156057643	CPU_4	14.28	0	44.15	0	40.25	1.29	0	0	0	0
1421445243898406068	CPU_4	17.33	0	40.00	0	41.33	1.33	0	0	0	0
1421445244628537556	CPU_4	14.28	0	44.15	0	40.25	0	1.29	0	0	0
1421445245367373904	CPU_4	17.33	0	41.33	0	40.00	1.33	0	0	0	0
1421445246089103698	CPU_4	16.21	0	41.89	0	40.54	1.35	0	0	0	0
1421445246842489228	CPU_4	17.56	0	41.89	0	39.18	1.35	0	0	0	0
1421445247588053605	CPU_4	13.92	0	45.56	0	37.97	1.26	1.26	0	0	0
1421445248310124148	CPU_4	14.86	0	44.59	0	40.54	0	0	0	0	0
1421445249052484738	CPU_4	13.33	0	42.66	0	42.66	1.33	0	0	0	0
1421445249788148965	CPU_4	17.33	0	37.33	0	42.66	1.33	1.33	0	0	0
1421445250538561041	CPU_4	16.45	0	44.30	0	37.97	1.26	0	0	0	0
1421445251260254541	CPU_4	16.00	0	44.00	0	40.00	0	0	0	0	0
1421445252004958501	CPU_4	18.42	0	39.47	0	40.78	1.31	0	0	0	0
1421445252748328922	CPU_4	16.66	0	39.74	0	41.02	1.28	1.28	0	0	0
1421445253495380503	CPU_4	12.00	0	44.00	0	42.66	1.33	0	0	0	0
1421445254233052183	CPU_4	18.91	0	39.18	0	41.89	0	0	0	0	0
1421445254976993727	CPU_4	16.04	0	43.20	1.23	37.03	1.23	1.23	0	0	0
1421445255699650599	CPU_4	13.33	0	45.33	0	40.00	1.33	0	0	0	0
1421445256442143103	CPU_4	13.69	0	45.20	0	39.72	1.36	0	0	0	0
1421445257163616852	CPU_4	17.56	0	41.89	0	40.54	0	0	0	0	0
1421445257908224519	CPU_4	17.10	0	39.47	0	40.78	1.31	1.31	0	0	0
1421445258647707527	CPU_4	18.66	0	40.00	0	40.00	1.33	0	0	0	0
1421445259367184154	CPU_4	14.08	0	42.25	0	42.25	1.40	0	0	0	0
1421445260089711150	CPU_4	14.66	0	44.00	0	41.33	0	0	0	0	0
1421445260818907259	CPU_4	15.06	0	42.46	0	39.72	1.36	1.36	0	0	0
1421445261561775303	CPU_4	15.38	0	42.30	0	41.02	1.28	0	0	0	0
1421445262312954831	CPU_4	15.58	0	44.15	0	38.96	1.29	0	0	0	0
1421445263055999041	CPU_4	14.66	0	45.33	0	38.66	0	1.33	0	0	0
1421445263803888533	CPU_4	13.33	0	45.33	0	40.00	1.33	0	0	0	0
1421445264512274510	CPU_4	15.94	0	36.23	0	46.37	1.44	0	0	0	0
1421445265254455762	CPU_4	14.47	0	44.73	0	39.47	1.31	0	0	0	0
1421445265995135933	CPU_4	15.78	0	43.42	0	39.47	0	1.31	0	0	0
1421445266710960105	CPU_4	16.21	0	41.89	0	40.54	1.35	0	0	0	0
1421445267463524255	CPU_4	15.78	0	40.78	0	42.10	1.31	0	0	0	0
1421445268180542674	CPU_4	15.27	0	40.27	0	41.66	1.38	1.38	0	0	0
1421445268931969367	CPU_4	14.28	0	44.15	0	41.55	0	0	0	0	0
1421445269667884461	CPU_4	13.69	0	45.20	0	39.72	1.36	0	0	0	0
1421445270418772821	CPU_4	13.15	0	43.42	0	42.10	1.31	0	0	0	0
1421445271160003156	CPU_4	13.15	0	43.42	0	40.78	1.31	1.31	0	0	0
1421445271904537360	CPU_4	15.38	0	43.58	0	41.02	0	0	0	0	0
1421445272643483448	CPU_4	12.32	0	43.83	0	42.46	1.36	0	0	0	0
1421445273387758943	CPU_4	14.10	0	42.30	0	41.02	1.28	1.28	0	0	0
1421445274129327068	CPU_4	14.86	0	40.54	0	43.24	1.35	0	0	0	0
1421445274874594603	CPU_4	16.43	0	42.46	0	41.09	0	0	0	0	0
1421445275621580509	CPU_4	20.77	0	37.66	0	40.25	1.29	0	0	0	0
1421445276366327086	CPU_4	14.47	0	44.73	0	38.15	1.31	1.31	0	0	0
1421445277119435148	CPU_4	12.16	0	43.24	0	43.24	1.35	0	0	0	0
1421445277861263896	CPU_4	14.86	0	40.54	0	43.24	1.35	0	0	0	0
1421445278612432419	CPU_4	17.28	0	44.44	0	37.03	0	1.23	0	0	0
1421445279355380290	CPU_4	17.80	0	38.35	0	42.46	1.36	0	0	0	0
1421445280072884788	CPU_4	12.00	0	45.33	1.33	40.00	1.33	0	0	0	0
1421445280822583021	CPU_4	14.28	0	45.45	0	38.96	1.29	0	0	0	0
1421445281564984100	CPU_4	16.00	0	41.33	0	41.33	0	1.33	0	0	0
1421445282313218460	CPU_4	14.86	0	41.89	0	41.89	1.35	0	0	0	0
1421445283053927500	CPU_4	11.68	0	45.45	0	41.55	1.29	0	0	0	0
1421445283806611269	CPU_4	13.15	0	44.73	0	39.47	1.31	1.31	0	0	0
1421445284524665931	CPU_4	13.51	0	45.94	0	40.54	0	0	0	0	0
1421445285261727768	CPU_4	15.49	0	42.25	0	40.84	1.40	0	0	0	0
1421445286010490335	CPU_4	14.47	0	43.42	0	40.78	1.31	0	0	0	0
1421445286751807581	CPU_4	13.92	0	43.03	0	40.50	1.26	1.26	0	0	0
1421445287504800514	CPU_4	16.66	0	41.66	0	40.27	1.38	0	0	0	0
1421445288242403016	CPU_4	13.51	0	45.94	0	40.54	0	0	0	0	0
1421445288965866168	CPU_4	10.81	0	45.94	0	40.54	1.35	1.35	0	0	0
1421445289709377742	CPU_4	16.66	0	41.02	0	41.02	1.28	0	0	0	0
1421445290454181939	CPU_4	16.00	0	42.66	0	40.00	1.33	0	0	0	0
1421445291197524721	CPU_4	18.91	0	39.18	0	41.89	0	0	0	0	0
1421445291936096720	CPU_4	10.38	0	45.45	0	41.55	1.29	1.29	0	0	0
1421445292688842902	CPU_4	18.18	0	41.55	0	38.96	1.29	0	0	0	0
1421445293430085104	CPU_4	12.00	0	41.33	0	45.33	1.33	0	0	0	0
1421445294178070086	CPU_4	16.66	0	43.58	0	38.46	0	1.28	0	0	0
1421445294918459914	CPU_4	14.66	0	45.33	0	38.66	1.33	0	0	0	0
1421445295670535846	CPU_4	19.73	0	38.15	0	40.78	1.31	0	0	0	0
1421445296408013971	CPU_4	15.78	0	40.78	0	42.10	1.31	0	0	0	0
1421445297159425154	CPU_4	18.42	0	42.10	0	38.15	0	1.31	0	0	0
1421445297888438417	CPU_4	17.80	0	38.35	0	42.46	1.36	0	0	0	0
1421445298636092690	CPU_4	12.98	0	42.85	0	42.85	1.29	0	0	0	0
1421445299380632717	CPU_4	23.37	0	35.06	0	38.96	1.29	1.29	0	0	0
1421445300093847049	CPU_4	16.66	0	41.66	0	41.66	0	0	0	0	0
1421445300841854612	CPU_4	12.00	0	46.66	0	40.00	1.33	0	0	0	0
1421445301578422986	CPU_4	14.86	0	43.24	0	40.54	1.35	0	0	0	0
1421445302330056209	CPU_4	14.86	0	43.24	0	39.18	1.35	1.35	0	0	0
1421445303047667407	CPU_4	17.33	0	41.33	0	41.33	0	0	0	0	0
1421445303804862036	CPU_4	14.28	0	42.85	0	41.55	1.29	0	0	0	0
1421445304543762030	CPU_4	11.84	0	43.42	0	42.10	1.31	1.31	0	0	0
1421445305288319389	CPU_4	12.98	0	45.45	0	40.25	1.29	0	0	0	0
1421445306035445993	CPU_4	15.38	0	44.87	0	38.46	1.28	0	0	0	0
1421445306750263737	CPU_4	11.11	0	47.22	0	41.66	0	0	0	0	0
1421445307503612246	CPU_4	13.15	0	43.42	0	40.78	1.31	1.31	0	0	0
1421445308245225943	CPU_4	18.18	0	38.96	0	41.55	1.29	0	0	0	0
1421445308962722931	CPU_4	15.27	0	43.05	0	41.66	0	0	0	0	0
1421445309705488583	CPU_4	15.58	0	42.85	1.29	37.66	1.29	1.29	0	0	0
1421445310432795679	CPU_4	12.16	0	45.94	0	40.54	1.35	0	0	0	0
1421445311174779749	CPU_4	14.86	0	43.24	0	40.54	1.35	0	0	0	0
1421445311916718527	CPU_4	20.25	0	37.97	0	40.50	1.26	0	0	0	0
1421445312665515542	CPU_4	11.84	0	48.68	0	38.15	0	1.31	0	0	0
1421445313407180612	CPU_4	17.33	0	41.33	0	40.00	1.33	0	0	0	0
1421445314130676255	CPU_4	12.00	0	46.66	0	40.00	1.33	0	0	0	0
1421445314875600110	CPU_4	14.47	0	39.47	0	43.42	1.31	1.31	0	0	0
1421445315623117793	CPU_4	12.98	0	46.75	0	40.25	0	0	0	0	0
1421445316367856189	CPU_4	19.23	0	42.30	0	37.17	1.28	0	0	0	0
1421445317102741186	CPU_4	17.80	0	38.35	0	42.46	1.36	0	0	0	0
1421445317855165694	CPU_4	12.98	0	42.85	0	41.55	1.29	1.29	0	0	0
1421445318581178206	CPU_4	17.80	0	41.09	0	41.09	0	0	0	0	0
1421445319312892832	CPU_4	10.66	0	48.00	0	40.00	1.33	0	0	0	0
1421445320031515690	CPU_4	18.91	0	37.83	0	40.54	1.35	1.35	0	0	0
1421445320777217583	CPU_4	17.33	0	40.00	0	41.33	1.33	0	0	0	0
1421445321522662893	CPU_4	15.78	0	43.42	0	40.78	0	0	0	0	0
1421445322262817421	CPU_4	14.66	0	41.33	0	42.66	1.33	0	0	0	0
1421445323015089135	CPU_4	19.23	0	41.02	0	37.17	1.28	1.28	0	0	0
1421445323733771492	CPU_4	13.69	0	41.09	0	43.83	1.36	0	0	0	0
1421445324480871673	CPU_4	15.06	0	43.83	0	41.09	0	0	0	0	0
1421445325220405409	CPU_4	16.00	0	40.00	0	41.33	1.33	1.33	0	0	0
1421445325973818162	CPU_4	14.28	0	45.45	0	38.96	1.29	0	0	0	0
1421445326712204107	CPU_4	16.43	0	41.09	0	41.09	1.36	0	0	0	0
1421445327461601033	CPU_4	12.16	0	44.59	0	41.89	1.35	0	0	0	0
1421445328202357766	CPU_4	14.66	0	44.00	0	40.00	0	1.33	0	0	0
1421445328946259451	CPU_4	18.91	0	37.83	0	41.89	1.35	0	0	0	0
1421445329693171714	CPU_4	14.28	0	41.55	1.29	41.55	1.29	0	0	0	0
1421445330433225073	CPU_4	16.00	0	42.66	0	38.66	1.33	1.33	0	0	0
1421445331178574546	CPU_4	18.91	0	39.18	0	41.89	0	0	0	0	0
1421445331922488605	CPU_4	14.86	0	40.54	0	43.24	1.35	0	0	0	0
1421445332665460458	CPU_4	15.78	0	43.42	0	39.47	1.31	0	0	0	0
1421445333402724070	CPU_4	16.43	0	39.72	0	41.09	1.36	1.36	0	0	0
1421445334152578368	CPU_4	18.66	0	37.33	0	44.00	0	0	0	0	0
1421445334899254380	CPU_4	11.68	0	46.75	0	40.25	1.29	0	0	0	0
1421445335639369069	CPU_4	18.42	0	39.47	0	39.47	1.31	1.31	0	0	0
1421445336387203203	CPU_4	13.33	0	42.66	0	42.66	1.33	0	0	0	0
1421445337131633093	CPU_4	18.66	0	42.66	0	38.66	0	0	0	0	0
1421445337880881016	CPU_4	14.28	0	45.45	0	38.96	1.29	0	0	0	0
1421445338622318619	CPU_4	13.15	0	39.47	0	44.73	1.31	1.31	0	0	0
1421445339371535750	CPU_4	15.38	0	44.87	0	38.46	1.28	0	0	0	0
1421445340108853943	CPU_4	13.33	0	46.66	0	38.66	1.33	0	0	0	0
1421445340863301814	CPU_4	21.05	0	36.84	0	40.78	0	1.31	0	0	0
1421445341608706075	CPU_4	17.33	0	38.66	0	42.66	1.33	0	0	0	0
1421445342353168963	CPU_4	10.66	0	46.66	0	41.33	1.33	0	0	0	0
1421445343100702596	CPU_4	14.47	0	44.73	0	39.47	1.31	0	0	0	0
1421445343827284515	CPU_4	18.66	0	38.66	0	41.33	0	1.33	0	0	0
1421445344576543310	CPU_4	13.15	0	43.42	0	42.10	1.31	0	0	0	0
1421445345304872393	CPU_4	18.18	0	42.85	0	37.66	1.29	0	0	0	0
1421445346054566604	CPU_4	17.10	0	40.78	0	39.47	1.31	1.31	0	0	0
1421445346782508519	CPU_4	16.21	0	43.24	0	40.54	0	0	0	0	0
1421445347520067335	CPU_4	17.56	0	41.89	0	39.18	1.35	0	0	0	0
1421445348261908684	CPU_4	18.42	0	38.15	0	42.10	1.31	0	0	0	0
1421445349005567779	CPU_4	13.33	0	41.33	0	42.66	1.33	1.33	0	0	0
1421445349751454454	CPU_4	12.16	0	44.59	0	43.24	0	0	0	0	0
1421445350496570380	CPU_4	14.47	0	43.42	0	40.78	1.31	0	0	0	0
1421445351245317299	CPU_4	15.78	0	42.10	0	39.47	1.31	1.31	0	0	0
1421445351976193999	CPU_4	15.27	0	41.66	0	41.66	1.38	0	0	0	0
1421445352702681958	CPU_4	17.33	0	42.66	0	40.00	0	0	0	0	0
1421445353448308715	CPU_4	14.47	0	43.42	0	40.78	1.31	0	0	0	0
1421445354155336415	CPU_4	15.71	0	38.57	0	42.85	1.42	1.42	0	0	0
1421445354908445201	CPU_4	13.75	0	46.25	1.25	37.50	1.25	0	0	0	0
1421445355631524289	CPU_4	16.00	0	42.66	0	41.33	0	0	0	0	0
1421445356377534003	CPU_4	16.66	0	43.58	0	37.17	1.28	1.28	0	0	0
1421445357094024186	CPU_4	13.51	0	44.59	0	40.54	1.35	0	0	0	0
1421445357847049095	CPU_4	23.07	0	35.89	0	39.74	1.28	0	0	0	0
1421445358587231860	CPU_4	15.78	0	43.42	0	39.47	1.31	0	0	0	0
1421445359294484850	CPU_4	15.71	0	40.00	0	42.85	0	1.42	0	0	0
1421445360042548184	CPU_4	14.47	0	40.78	0	43.42	1.31	0	0	0	0
1421445360785364694	CPU_4	14.86	0	41.89	0	41.89	1.35	0	0	0	0
1421445361539740808	CPU_4	17.50	0	42.50	0	37.50	1.25	1.25	0	0	0
1421445362286851893	CPU_4	14.47	0	43.42	0	42.10	0	0	0	0	0
1421445363038535011	CPU_4	15.58	0	44.15	0	38.96	1.29	0	0	0	0
1421445363783034683	CPU_4	15.06	0	43.83	0	39.72	1.36	0	0	0	0
1421445364534281635	CPU_4	13.33	0	44.00	0	40.00	1.33	1.33	0	0	0
1421445365236746632	CPU_4	17.14	0	41.42	0	41.42	0	0	0	0	0
1421445365971422821	CPU_4	14.28	0	45.45	0	38.96	1.29	0	0	0	0
1421445366721755274	CPU_4	15.58	0	40.25	0	41.55	1.29	1.29	0	0	0
1421445367467038235	CPU_4	17.33	0	40.00	0	41.33	1.33	0	0	0	0
1421445368207815329	CPU_4	18.91	0	37.83	0	43.24	0	0	0	0	0
1421445368951979876	CPU_4	15.38	0	43.58	0	39.74	1.28	0	0	0	0
1421445369695762881	CPU_4	16.88	0	41.55	0	38.96	1.29	1.29	0	0	0
1421445370440355301	CPU_4	18.66	0	36.00	0	44.00	1.33	0	0	0	0
1421445371189013213	CPU_4	10.81	0	47.29	0	40.54	1.35	0	0	0	0
1421445371935665629	CPU_4	12.16	0	44.59	0	41.89	0	1.35	0	0	0
1421445372668646277	CPU_4	17.80	0	41.09	0	39.72	1.36	0	0	0	0
1421445373397073142	CPU_4	17.56	0	39.18	0	41.89	1.35	0	0	0	0
1421445374138865482	CPU_4	16.88	0	40.25	0	41.55	1.29	0	0	0	0
1421445374895200588	CPU_4	18.18	0	40.25	0	40.25	0	1.29	0	0	0
1421445375630179232	CPU_4	13.33	0	44.00	0	41.33	1.33	0	0	0	0
1421445376381246013	CPU_4	14.28	0	45.45	0	38.96	1.29	0	0	0	0
1421445377125586348	CPU_4	12.00	0	44.00	0	41.33	1.33	1.33	0	0	0
1421445377869311017	CPU_4	14.66	0	45.33	0	40.00	0	0	0	0	0
1421445378612791686	CPU_4	16.21	0	39.18	0	43.24	1.35	0	0	0	0
1421445379354015734	CPU_4	18.66	0	37.33	0	42.66	1.33	0	0	0	0
1421445380103501684	CPU_4	16.43	0	41.09	0	39.72	1.36	1.36	0	0	0
1421445380849978014	CPU_4	14.86	0	44.59	0	40.54	0	0	0	0	0
1421445381605579410	CPU_4	16.88	0	41.55	0	40.25	1.29	0	0	0	0
1421445382341463633	CPU_4	17.10	0	39.47	0	40.78	1.31	1.31	0	0	0
1421445383093995285	CPU_4	12.98	0	44.15	0	41.55	1.29	0	0	0	0
1421445383836825954	CPU_4	18.42	0	39.47	0	42.10	0	0	0	0	0
1421445384583175449	CPU_4	12.98	0	48.05	0	37.66	1.29	0	0	0	0
1421445385289972807	CPU_4	15.27	0	40.27	0	41.66	1.38	1.38	0	0	0
1421445386023011326	CPU_4	18.05	0	37.50	0	43.05	1.38	0	0	0	0
1421445386774783102	CPU_4	18.91	0	41.89	0	39.18	0	0	0	0	0
1421445387489784528	CPU_4	16.90	0	38.02	0	42.25	1.40	1.40	0	0	0
1421445388245313755	CPU_4	17.33	0	38.66	0	42.66	1.33	0	0	0	0
1421445388986780425	CPU_4	12.82	0	47.43	0	38.46	1.28	0	0	0	0
1421445389700846476	CPU_4	15.49	0	42.25	0	42.25	0	0	0	0	0
1421445390446394096	CPU_4	15.78	0	43.42	0	38.15	1.31	1.31	0	0	0
1421445391188242223	CPU_4	12.32	0	42.46	0	43.83	1.36	0	0	0	0
1421445391942845576	CPU_4	18.42	0	42.10	0	38.15	1.31	0	0	0	0
1421445392660079704	CPU_4	13.69	0	38.35	0	45.20	1.36	1.36	0	0	0
1421445393414001850	CPU_4	18.66	0	42.66	0	38.66	0	0	0	0	0
1421445394132373725	CPU_4	13.04	0	42.02	0	43.47	1.44	0	0	0	0
1421445394879231925	CPU_4	15.38	0	43.58	0	39.74	1.28	0	0	0	0
1421445395625461500	CPU_4	24.35	0	37.17	0	35.89	1.28	1.28	0	0	0
1421445396361858843	CPU_4	20.00	0	43.75	0	36.25	0	0	0	0	0
1421445397113827615	CPU_4	25.00	0	35.00	0	38.75	1.25	0	0	0	0
1421445397864636848	CPU_4	20.51	0	38.46	0	38.46	1.28	1.28	0	0	0
1421445398627497351	CPU_4	16.88	0	40.25	0	41.55	1.29	0	0	0	0
1421445399379553706	CPU_4	12.32	0	45.20	0	42.46	0	0	0	0	0
1421445400136908010	CPU_4	18.07	0	44.57	1.20	34.93	1.20	0	0	0	0
1421445400890732528	CPU_4	21.79	0	38.46	0	37.17	1.28	1.28	0	0	0
1421445401623794917	CPU_4	17.72	0	44.30	0	36.70	1.26	0	0	0	0
1421445402369505032	CPU_4	27.27	0	33.76	0	38.96	0	0	0	0	0
1421445403130622245	CPU_4	18.29	0	40.24	0	39.02	1.21	1.21	0	0	0
1421445403879103938	CPU_4	17.50	0	42.50	0	38.75	1.25	0	0	0	0
1421445404640396317	CPU_4	16.25	0	47.50	0	35.00	1.25	0	0	0	0
1421445405349695372	CPU_4	18.30	0	39.43	0	40.84	0	1.40	0	0	0
1421445406102165974	CPU_4	22.22	0	38.27	0	38.27	1.23	0	0	0	0
1421445406858039986	CPU_4	20.73	0	41.46	0	36.58	1.21	0	0	0	0
1421445407612819042	CPU_4	22.50	0	36.25	0	40.00	1.25	0	0	0	0
1421445408367774014	CPU_4	23.80	0	40.47	0	33.33	1.19	1.19	0	0	0
1421445409094993202	CPU_4	21.33	0	40.00	0	38.66	0	0	0	0	0
1421445409823109181	CPU_4	20.25	0	41.77	0	36.70	1.26	0	0	0	0
1421445410566488631	CPU_4	15.78	0	44.73	0	38.15	1.31	0	0	0	0
1421445411303113385	CPU_4	16.88	0	42.85	0	37.66	1.29	1.29	0	0	0
1421445412045029796	CPU_4	19.73	0	42.10	0	38.15	0	0	0	0	0
1421445412758144508	CPU_4	22.22	0	36.11	0	40.27	1.38	0	0	0	0
1421445413522375712	CPU_4	16.66	0	42.85	0	38.09	1.19	1.19	0	0	0
1421445414274150021	CPU_4	15.38	0	44.87	0	38.46	1.28	0	0	0	0
1421445415031167987	CPU_4	15.38	0	44.87	0	39.74	0	0	0	0	0
1421445415780552175	CPU_4	16.88	0	44.15	0	37.66	1.29	0	0	0	0
1421445416512504269	CPU_4	16.88	0	42.85	0	37.66	1.29	1.29	0	0	0
1421445417263835827	CPU_4	18.18	0	40.25	0	40.25	1.29	0	0	0	0
1421445418025885867	CPU_4	16.88	0	44.15	0	38.96	0	0	0	0	0
1421445418776618509	CPU_4	19.23	0	41.02	0	37.17	1.28	1.28	0	0	0
1421445419514652091	CPU_4	19.23	0	42.30	0	37.17	1.28	0	0	0	0
1421445420238917240	CPU_4	20.51	0	41.02	0	37.17	1.28	0	0	0	0
1421445420992122335	CPU_4	17.10	0	43.42	0	39.47	0	0	0	0	0
1421445421746134596	CPU_4	20.48	0	39.75	0	37.34	1.20	1.20	0	0	0
1421445422497753361	CPU_4	16.43	0	42.46	0	39.72	1.36	0	0	0	0
1421445423229317245	CPU_4	20.00	0	42.50	0	36.25	1.25	0	0	0	0
1421445423981141718	CPU_4	18.18	0	41.55	0	38.96	0	1.29	0	0	0
1421445424700634373	CPU_4	20.00	0	41.25	0	37.50	1.25	0	0	0	0
1421445425451240139	CPU_4	22.36	0	39.47	0	36.84	1.31	0	0	0	0
1421445426212805801	CPU_4	19.23	0	42.30	0	37.17	1.28	0	0	0	0
1421445426961974944	CPU_4	17.10	0	42.10	0	39.47	0	1.31	0	0	0
1421445427714243622	CPU_4	20.51	0	39.74	0	38.46	1.28	0	0	0	0
1421445428468908088	CPU_4	18.57	0	35.71	0	44.28	1.42	0	0	0	0
1421445429220661892	CPU_4	16.45	0	41.77	0	39.24	1.26	1.26	0	0	0
1421445429982566261	CPU_4	22.78	0	36.70	1.26	39.24	0	0	0	0	0
1421445430732802067	CPU_4	23.75	0	36.25	0	38.75	1.25	0	0	0	0
1421445431496277266	CPU_4	17.72	0	44.30	0	36.70	1.26	0	0	0	0
1421445432222582448	CPU_4	21.95	0	40.24	0	35.36	1.21	1.21	0	0	0
1421445432986062688	CPU_4	17.10	0	40.78	0	40.78	1.31	0	0	0	0
1421445433736297076	CPU_4	18.42	0	40.78	0	40.78	0	0	0	0	0
1421445434486982297	CPU_4	17.28	0	43.20	0	37.03	1.23	1.23	0	0	0
1421445435235939896	CPU_4	13.15	0	46.05	0	39.47	1.31	0	0	0	0
1421445435990275526	CPU_4	18.42	0	42.10	0	38.15	1.31	0	0	0	0
1421445436742159203	CPU_4	17.10	0	43.42	0	39.47	0	0	0	0	0
1421445437489568928	CPU_4	23.75	0	37.50	0	36.25	1.25	1.25	0	0	0
1421445438239402191	CPU_4	15.00	0	46.25	0	37.50	1.25	0	0	0	0
1421445438989362912	CPU_4	23.37	0	38.96	0	36.36	1.29	0	0	0	0
1421445439747238701	CPU_4	20.23	0	40.47	0	36.90	1.19	1.19	0	0	0
1421445440492059181	CPU_4	19.73	0	43.42	0	36.84	0	0	0	0	0
1421445441224567974	CPU_4	20.83	0	37.50	0	40.27	1.38	0	0	0	0
1421445441978806186	CPU_4	19.75	0	40.74	0	38.27	1.23	0	0	0	0
1421445442739085803	CPU_4	15.06	0	43.83	0	38.35	1.36	1.36	0	0	0
1421445443490562478	CPU_4	17.94	0	42.30	0	39.74	0	0	0	0	0
1421445444252378050	CPU_4	17.72	0	41.77	0	39.24	1.26	0	0	0	0
1421445445007886550	CPU_4	16.88	0	40.25	0	40.25	1.29	1.29	0	0	0
1421445445765344922	CPU_4	18.98	0	43.03	0	36.70	1.26	0	0	0	0
1421445446519825382	CPU_4	22.07	0	38.96	0	38.96	0	0	0	0	0
1421445447266315064	CPU_4	17.94	0	43.58	0	35.89	1.28	1.28	0	0	0
1421445447998002399	CPU_4	19.71	0	38.02	0	40.84	1.40	0	0	0	0
1421445448752292358	CPU_4	15.78	0	40.78	0	42.10	1.31	0	0	0	0
1421445449514351636	CPU_4	17.10	0	42.10	0	40.78	0	0	0	0	0
1421445450267585347	CPU_4	21.62	0	32.43	0	43.24	1.35	1.35	0	0	0
1421445451026960672	CPU_4	20.77	0	41.55	0	36.36	1.29	0	0	0	0
1421445451750873352	CPU_4	17.33	0	40.00	0	41.33	1.33	0	0	0	0
1421445452514489794	CPU_4	19.17	0	42.46	0	38.35	0	0	0	0	0
1421445453265930173	CPU_4	16.45	0	40.50	0	40.50	1.26	1.26	0	0	0
1421445454020552964	CPU_4	20.00	0	38.66	0	40.00	1.33	0	0	0	0
1421445454772613051	CPU_4	12.98	0	46.75	1.29	37.66	1.29	0	0	0	0
1421445455532286623	CPU_4	18.07	0	43.37	0	37.34	0	1.20	0	0	0
1421445456285743373	CPU_4	22.89	0	42.16	0	33.73	1.20	0	0	0	0
1421445457010897425	CPU_4	15.58	0	42.85	0	40.25	1.29	0	0	0	0
1421445457764084050	CPU_4	17.28	0	43.20	0	38.27	1.23	0	0	0	0
1421445458517245133	CPU_4	20.27	0	39.18	0	37.83	1.35	1.35	0	0	0
1421445459277490245	CPU_4	15.18	0	45.56	0	39.24	0	0	0	0	0
1421445460028899706	CPU_4	17.94	0	41.02	0	39.74	1.28	0	0	0	0
1421445460790582356	CPU_4	23.75	0	37.50	0	36.25	1.25	1.25	0	0	0
1421445461546794600	CPU_4	14.28	0	44.15	0	40.25	1.29	0	0	0	0
1421445462306912294	CPU_4	17.94	0	44.87	0	37.17	0	0	0	0	0
1421445463030111431	CPU_4	18.66	0	41.33	0	38.66	1.33	0	0	0	0
1421445463789024335	CPU_4	17.85	0	44.04	0	35.71	1.19	1.19	0	0	0
1421445464540213586	CPU_4	26.31	0	32.89	0	39.47	1.31	0	0	0	0
1421445465288875467	CPU_4	23.45	0	40.74	0	35.80	0	0	0	0	0
1421445466017444593	CPU_4	17.10	0	42.10	0	38.15	1.31	1.31	0	0	0
1421445466768048262	CPU_4	17.72	0	43.03	0	37.97	1.26	0	0	0	0
1421445467530235534	CPU_4	17.33	0	38.66	0	42.66	1.33	0	0	0	0
1421445468281890742	CPU_4	17.10	0	42.10	0	40.78	0	0	0	0	0
1421445469040997602	CPU_4	20.51	0	41.02	0	35.89	1.28	1.28	0	0	0
1421445469757365624	CPU_4	15.78	0	44.73	0	38.15	1.31	0	0	0	0
1421445470495364690	CPU_4	21.25	0	41.25	0	36.25	1.25	0	0	0	0
1421445471244704276	CPU_4	20.77	0	37.66	0	40.25	0	1.29	0	0	0
1421445472009484250	CPU_4	24.39	0	40.24	0	34.14	1.21	0	0	0	0
1421445472729324806	CPU_4	18.42	0	42.10	0	38.15	1.31	0	0	0	0
1421445473443144748	CPU_4	18.98	0	43.03	0	36.70	1.26	0	0	0	0
1421445474205743184	CPU_4	16.27	0	44.18	0	36.04	2.32	1.16	0	0	0
1421445474958091805	CPU_4	20.00	0	41.25	0	38.75	0	0	0	0	0
1421445475718757244	CPU_4	19.23	0	43.58	0	37.17	0	0	0	0	0
1421445476467846620	CPU_4	19.27	0	44.57	0	33.73	1.20	1.20	0	0	0
1421445477202763064	CPU_4	14.10	0	47.43	0	37.17	1.28	0	0	0	0
1421445477954944476	CPU_4	19.23	0	41.02	0	39.74	0	0	0	0	0
1421445478718581658	CPU_4	18.98	0	39.24	0	40.50	1.26	0	0	0	0
1421445479467716867	CPU_4	19.75	0	40.74	0	37.03	1.23	1.23	0	0	0
1421445480222805440	CPU_4	17.10	0	43.42	0	38.15	1.31	0	0	0	0
1421445480956053427	CPU_4	14.47	0	46.05	0	39.47	0	0	0	0	0
1421445481712072497	CPU_4	18.42	0	38.15	0	40.78	1.31	1.31	0	0	0
1421445482472550893	CPU_4	18.51	0	43.20	0	37.03	1.23	0	0	0	0
1421445483224516386	CPU_4	14.47	0	43.42	0	40.78	1.31	0	0	0	0
1421445483984965531	CPU_4	22.61	0	42.85	0	34.52	0	0	0	0	0
1421445484712031654	CPU_4	21.79	0	38.46	0	37.17	1.28	1.28	0	0	0
1421445485472506506	CPU_4	18.98	0	43.03	0	36.70	1.26	0	0	0	0
1421445486229277449	CPU_4	14.47	0	43.42	0	40.78	1.31	0	0	0	0
1421445486988411303	CPU_4	16.45	0	46.83	0	35.44	0	1.26	0	0	0
1421445487737244260	CPU_4	21.51	0	40.50	0	36.70	1.26	0	0	0	0
1421445488462483176	CPU_4	22.61	0	39.28	0	34.52	3.57	0	0	0	0
1421445489235536713	CPU_4	0	0	0	0	29.35	70.64	0	0	0	0
1421445489960693087	CPU_4	0	0	0	.97	28.15	70.87	0	0	0	0
1421445490739312029	CPU_4	0	0	0	0	29.09	70.90	0	0	0	0
1421445491508765988	CPU_4	0	0	0	0	28.70	71.29	0	0	0	0
1421445492287488264	CPU_4	0	0	0	0	27.77	72.22	0	0	0	0
1421445493021556037	CPU_4	0	0	0	0	29.12	70.87	0	0	0	0
1421445493799214314	CPU_4	0	0	0	0	29.72	70.27	0	0	0	0
1421445494563351073	CPU_4	0	0	0	0	27.61	72.38	0	0	0	0
1421445495330852201	CPU_4	0	0	0	0	28.03	71.96	0	0	0	0
1421445496102566904	CPU_4	0	0	0	0	28.70	71.29	0	0	0	0
1421445496879357515	CPU_4	0	0	0	0	27.10	72.89	0	0	0	0
1421445497611623165	CPU_4	0	0	0	0	29.12	70.87	0	0	0	0
1421445498346938810	CPU_4	0	0	0	0	28.84	71.15	0	0	0	0
1421445499118484137	CPU_4	0	0	0	0	29.35	70.64	0	0	0	0
1421445499896825619	CPU_4	0	0	0	0	28.70	71.29	0	0	0	0
1421445500660358002	CPU_4	0	0	0	0	28.03	71.96	0	0	0	0
1421445501440934313	CPU_4	0	0	0	0	28.44	71.55	0	0	0	0
1421445502206758691	CPU_4	0	0	0	0	27.61	72.38	0	0	0	0
1421445502936977302	CPU_4	0	0	0	0	28.84	71.15	0	0	0	0
1421445503699530020	CPU_4	0	0	0	0	29.62	70.37	0	0	0	0
1421445504478751332	CPU_4	0	0	0	0	28.44	71.55	0	0	0	0
1421445505249044909	CPU_4	0	0	0	0	29.35	70.64	0	0	0	0
1421445506015925452	CPU_4	0	0	0	0	29.62	70.37	0	0	0	0
1421445506789009857	CPU_4	0	0	0	0	27.10	72.89	0	0	0	0
1421445507530033655	CPU_4	0	0	0	0	28.84	71.15	0	0	0	0
1421445508303310726	CPU_4	0	0	0	0	28.70	71.29	0	0	0	0
1421445509073359970	CPU_4	0	0	0	0	28.70	71.29	0	0	0	0
1421445509837410099	CPU_4	0	0	0	0	28.70	71.29	0	0	0	0
1421445510610538670	CPU_4	0	0	0	0	27.35	72.64	0	0	0	0
1421445511343516565	CPU_4	0	0	0	0	29.12	70.87	0	0	0	0
1421445512112535476	CPU_4	0	0	0	0	28.03	71.96	0	0	0	0
1421445512887348126	CPU_4	0	0	0	0	28.44	71.55	0	0	0	0
1421445513653626250	CPU_4	0	0	0	0	28.30	71.69	0	0	0	0
1421445514431837519	CPU_4	0	0	0	0	29.09	70.90	0	0	0	0
1421445515173650354	CPU_4	0	0	0	.95	28.57	70.47	0	0	0	0
1421445515950211125	CPU_4	0	0	0	0	28.44	71.55	0	0	0	0
1421445516720955365	CPU_4	0	0	0	0	28.03	71.96	0	0	0	0
1421445517461948035	CPU_4	0	0	0	0	28.15	71.84	0	0	0	0
1421445518234882520	CPU_4	0	0	0	0	29.35	70.64	0	0	0	0
1421445519008792461	CPU_4	0	0	0	0	29.09	70.90	0	0	0	0
1421445519780195491	CPU_4	0	0	0	0	29.35	70.64	0	0	0	0
1421445520555476262	CPU_4	0	0	0	0	27.35	72.64	0	0	0	0
1421445521293928436	CPU_4	0	0	0	0	28.84	71.15	0	0	0	0
1421445522072212785	CPU_4	0	0	0	0	29.09	70.90	0	0	0	0
1421445522842645148	CPU_4	0	0	0	0	29.35	70.64	0	0	0	0
1421445523618774542	CPU_4	0	0	0	0	29.09	70.90	0	0	0	0
1421445524390733360	CPU_4	0	0	0	0	27.35	72.64	0	0	0	0
1421445525158248937	CPU_4	0	0	0	0	28.70	71.29	0	0	0	0
1421445525920413439	CPU_4	0	0	0	0	28.30	71.69	0	0	0	0
1421445526700077284	CPU_4	0	0	0	0	27.10	72.89	0	0	0	0
1421445527437837498	CPU_4	0	0	0	0	30.18	69.81	0	0	0	0
1421445528208822900	CPU_4	0	0	0	0	27.35	72.64	0	0	0	0
1421445528956362596	CPU_4	0	0	0	0	28.84	71.15	0	0	0	0
1421445529735861482	CPU_4	0	0	0	0	27.10	72.89	0	0	0	0
1421445530500778561	CPU_4	0	0	0	0	28.03	71.96	0	0	0	0
1421445531245365636	CPU_4	0	0	0	0	28.15	71.84	0	0	0	0
1421445532011867545	CPU_4	0	0	0	0	30.63	69.36	0	0	0	0
1421445532793342510	CPU_4	0	0	0	0	27.77	72.22	0	0	0	0
1421445533529510766	CPU_4	0	0	0	0	28.15	71.84	0	0	0	0
1421445534308287277	CPU_4	0	0	0	0	29.72	70.27	0	0	0	0
1421445535081920214	CPU_4	0	0	0	0	29.35	70.64	0	0	0	0
1421445535854429277	CPU_4	0	0	0	0	27.35	72.64	0	0	0	0
1421445536637348904	CPU_4	0	0	0	0	28.82	71.17	0	0	0	0
1421445537409152052	CPU_4	0	0	0	0	27.35	72.64	0	0	0	0
1421445538168651639	CPU_4	0	0	0	0	29.62	70.37	0	0	0	0
1421445538944957069	CPU_4	0	0	0	0	28.70	71.29	0	0	0	0
1421445539703549657	CPU_4	0	0	0	0	27.61	72.38	0	0	0	0
1421445540434564463	CPU_4	0	0	0	0	29.12	70.87	0	0	0	0
1421445541181535405	CPU_4	0	0	0	0	27.88	72.11	0	0	0	0
1421445541953444260	CPU_4	0	0	0	0	29.35	70.64	0	0	0	0
1421445542733041599	CPU_4	0	0	0	0	29.09	70.90	0	0	0	0
1421445543503700747	CPU_4	0	0	0	0	29.35	70.64	0	0	0	0
1421445544272132357	CPU_4	0	0	0	0	28.70	71.29	0	0	0	0
1421445545042063213	CPU_4	0	0	0	0	28.03	71.96	0	0	0	0
1421445545822261759	CPU_4	0	0	0	0	29.09	70.90	0	0	0	0
1421445546593735988	CPU_4	0	0	0	0	29.35	70.64	0	0	0	0
1421445547368875917	CPU_4	0	0	0	0	28.44	71.55	0	0	0	0
1421445548136999360	CPU_4	0	0	0	0	29.35	70.64	0	0	0	0
1421445548918389902	CPU_4	0	0	0	0	27.10	72.89	0	0	0	0
1421445549658869604	CPU_4	0	0	0	0	28.84	71.15	0	0	0	0
1421445550410660993	CPU_4	0	0	0	0	28.57	71.42	0	0	0	0
1421445551178143061	CPU_4	0	0	0	0	27.35	72.64	0	0	0	0
1421445551958888687	CPU_4	0	0	0	0	29.72	70.27	0	0	0	0
1421445552716480147	CPU_4	0	0	0	0	27.61	72.38	0	0	0	0
1421445553468730326	CPU_4	0	0	0	0	28.57	71.42	0	0	0	0
1421445554240699259	CPU_4	0	0	0	0	29.35	70.64	0	0	0	0
1421445554992295314	CPU_4	0	0	0	.95	27.61	71.42	0	0	0	0
1421445555758161716	CPU_4	0	0	0	0	28.03	71.96	0	0	0	0
1421445556538234592	CPU_4	0	0	0	0	29.09	70.90	0	0	0	0
1421445557306788905	CPU_4	0	0	0	0	28.97	71.02	0	0	0	0
1421445558071491393	CPU_4	0	0	0	0	28.03	71.96	0	0	0	0
1421445558815417002	CPU_4	0	0	0	0	28.15	71.84	0	0	0	0
1421445559562811687	CPU_4	0	0	0	0	29.24	70.75	0	0	0	0
1421445560332010082	CPU_4	0	0	0	0	28.70	71.29	0	0	0	0
1421445561107660715	CPU_4	0	0	0	0	28.44	71.55	0	0	0	0
1421445561881362101	CPU_4	0	0	0	0	28.03	71.96	0	0	0	0
1421445562647448500	CPU_4	0	0	0	0	28.70	71.29	0	0	0	0
1421445563410579697	CPU_4	0	0	0	0	27.61	72.38	0	0	0	0
1421445564148044900	CPU_4	0	0	0	0	28.84	71.15	0	0	0	0
1421445564920945245	CPU_4	0	0	0	0	29.35	70.64	0	0	0	0
1421445565709806642	CPU_4	0	0	0	0	29.46	70.53	0	0	0	0
1421445566480559157	CPU_4	0	0	0	0	28.70	71.29	0	0	0	0
1421445567248097719	CPU_4	0	0	0	0	28.03	71.96	0	0	0	0
1421445568000071561	CPU_4	0	0	0	0	27.88	72.11	0	0	0	0
1421445568786716670	CPU_4	0	0	0	0	29.09	70.90	0	0	0	0
1421445569558828806	CPU_4	0	0	0	0	27.77	72.22	0	0	0	0
1421445570337225222	CPU_4	0	0	0	0	27.77	72.22	0	0	0	0
1421445571109476691	CPU_4	0	0	0	0	28.70	71.29	0	0	0	0
1421445571879308622	CPU_4	0	0	0	0	28.03	71.96	0	0	0	0
1421445572592064494	CPU_4	0	0	0	0	29.00	71.00	0	0	0	0
1421445573364806502	CPU_4	0	0	0	0	29.35	70.64	0	0	0	0
1421445574139129133	CPU_4	0	0	0	0	27.10	72.89	0	0	0	0
1421445574912960889	CPU_4	0	0	0	0	29.35	70.64	0	0	0	0
1421445575654709414	CPU_4	0	0	0	0	28.84	71.15	0	0	0	0
1421445576427607463	CPU_4	0	0	0	0	27.77	72.22	0	0	0	0
1421445577208366539	CPU_4	0	0	0	0	28.44	71.55	0	0	0	0
1421445577980902880	CPU_4	0	0	0	0	28.03	71.96	0	0	0	0
1421445578764620616	CPU_4	0	0	0	0	29.09	70.90	0	0	0	0
1421445579536392958	CPU_4	0	0	0	0	30.00	70.00	0	0	0	0
1421445580316490117	CPU_4	0	0	0	0	28.18	71.81	0	0	0	0
1421445581082745469	CPU_4	0	0	0	0	28.97	71.02	0	0	0	0
1421445581860385799	CPU_4	0	0	0	0	27.77	72.22	0	0	0	0
1421445582597383038	CPU_4	0	0	0	0	28.15	71.84	0	0	0	0
1421445583380648982	CPU_4	0	0	0	0	29.72	70.27	0	0	0	0
1421445584149280204	CPU_4	0	0	0	0	29.35	70.64	0	0	0	0
1421445584925255119	CPU_4	0	0	0	0	27.35	72.64	0	0	0	0
1421445585693556007	CPU_4	0	0	0	0	29.35	70.64	0	0	0	0
1421445586473959331	CPU_4	0	0	0	0	27.77	72.22	0	0	0	0
1421445587209305155	CPU_4	0	0	0	0	28.15	71.84	0	0	0	0
1421445587989320729	CPU_4	0	0	0	0	29.09	70.90	0	0	0	0
1421445588761681441	CPU_4	0	0	0	0	28.70	71.29	0	0	0	0
1421445589536135817	CPU_4	0	0	0	0	27.35	72.64	0	0	0	0
1421445590307752072	CPU_4	0	0	0	0	29.09	70.90	0	0	0	0
1421445591086660105	CPU_4	0	0	0	0	28.70	71.29	0	0	0	0
1421445591848245212	CPU_4	0	0	0	0	27.35	72.64	0	0	0	0
1421445592601330585	CPU_4	0	0	0	0	29.90	70.09	0	0	0	0
1421445593366271226	CPU_4	0	0	0	0	28.97	71.02	0	0	0	0
1421445594145214342	CPU_4	0	0	0	0	27.77	72.22	0	0	0	0
1421445594918059051	CPU_4	0	0	0	0	29.09	70.90	0	0	0	0
1421445595694464504	CPU_4	0	0	0	0	29.35	70.64	0	0	0	0
1421445596467654546	CPU_4	0	0	0	0	27.10	72.89	0	0	0	0
1421445597210282479	CPU_4	0	0	0	0	30.18	69.81	0	0	0	0
1421445597969756796	CPU_4	0	0	0	0	27.61	72.38	0	0	0	0
1421445598712618519	CPU_4	0	0	0	0	28.84	71.15	0	0	0	0
1421445599484379563	CPU_4	0	0	0	0	28.03	71.96	0	0	0	0
1421445600263076843	CPU_4	0	0	0	.90	28.82	70.27	0	0	0	0
1421445601034837595	CPU_4	0	0	0	0	27.35	72.64	0	0	0	0
1421445601810875296	CPU_4	0	0	0	0	27.77	72.22	0	0	0	0
1421445602548885194	CPU_4	0	0	0	0	28.15	71.84	0	0	0	0
1421445603276668445	CPU_4	0	0	0	0	29.41	70.58	0	0	0	0
1421445604037891215	CPU_4	0	0	0	0	28.70	71.29	0	0	0	0
1421445604804558225	CPU_4	0	0	0	0	28.97	71.02	0	0	0	0
1421445605573968646	CPU_4	0	0	0	0	27.10	72.89	0	0	0	0
1421445606315172870	CPU_4	0	0	0	0	29.12	70.87	0	0	0	0
1421445607088112909	CPU_4	0	0	0	0	27.77	72.22	0	0	0	0
1421445607816388532	CPU_4	0	0	0	0	29.41	70.58	0	0	0	0
1421445608596281266	CPU_4	0	0	0	0	29.72	70.27	0	0	0	0
1421445609368981012	CPU_4	0	0	0	0	28.44	71.55	0	0	0	0
1421445610148679996	CPU_4	0	0	0	0	27.10	72.89	0	0	0	0
1421445610921331201	CPU_4	0	0	0	0	28.03	71.96	0	0	0	0
1421445611701107475	CPU_4	0	0	0	0	28.44	71.55	0	0	0	0
1421445612473823638	CPU_4	0	0	0	0	28.03	71.96	0	0	0	0
1421445613255926574	CPU_4	0	0	0	0	29.72	70.27	0	0	0	0
1421445614029481276	CPU_4	0	0	0	0	28.44	71.55	0	0	0	0
1421445614798867736	CPU_4	0	0	0	0	28.70	71.29	0	0	0	0
1421445615561546333	CPU_4	0	0	0	0	28.97	71.02	0	0	0	0
1421445616344406933	CPU_4	0	0	0	0	27.10	72.89	0	0	0	0
1421445617081690370	CPU_4	0	0	0	0	28.84	71.15	0	0	0	0
1421445617863387263	CPU_4	0	0	0	0	29.09	70.90	0	0	0	0
1421445618626233318	CPU_4	0	0	0	0	30.63	69.36	0	0	0	0
1421445619396862149	CPU_4	0	0	0	0	28.30	71.69	0	0	0	0
1421445620118236198	CPU_4	0	0	0	0	28.43	71.56	0	0	0	0
1421445620893576227	CPU_4	0	0	0	0	28.70	71.29	0	0	0	0
1421445621667086385	CPU_4	0	0	0	0	28.44	71.55	0	0	0	0
1421445622443551287	CPU_4	0	0	0	0	29.35	70.64	0	0	0	0
1421445623210959332	CPU_4	0	0	0	0	27.35	72.64	0	0	0	0
1421445623943836149	CPU_4	0	0	0	0	29.12	70.87	0	0	0	0
1421445624717334723	CPU_4	0	0	0	0	27.77	72.22	0	0	0	0
1421445625486684471	CPU_4	0	0	0	0	28.30	71.69	0	0	0	0
1421445626261151084	CPU_4	0	0	0	0	27.77	72.22	0	0	0	0
1421445670374252124	CPU_4	1.51	0	.13	0	0	96.80	1.54	0	0	0
1421445671239222882	CPU_4	93.02	0	6.97	0	0	0	0	0	0	0
1421445672104244806	CPU_4	93.10	0	4.59	0	0	1.14	1.14	0	0	0
1421445672969293605	CPU_4	90.80	0	9.19	0	0	0	0	0	0	0
1421445673839279644	CPU_4	94.18	0	4.65	0	0	1.16	0	0	0	0
1421445674709212183	CPU_4	93.10	0	6.89	0	0	0	0	0	0	0
1421445675584244795	CPU_4	92.04	0	5.68	0	0	1.13	1.13	0	0	0
1421445676454324000	CPU_4	93.10	0	6.89	0	0	0	0	0	0	0
1421445677324298538	CPU_4	94.25	0	4.59	0	0	1.14	0	0	0	0
1421445678204234390	CPU_4	91.01	0	6.74	0	0	1.12	1.12	0	0	0
1421445679079314501	CPU_4	93.02	0	6.97	0	0	0	0	0	0	0
1421445679954286195	CPU_4	92.04	0	6.81	0	0	1.13	0	0	0	0
1421445680829273388	CPU_4	93.10	0	6.89	0	0	0	0	0	0	0
1421445681694263976	CPU_4	91.95	0	5.74	0	0	1.14	1.14	0	0	0
1421445682559302271	CPU_4	94.18	0	5.81	0	0	0	0	0	0	0
1421445683439259996	CPU_4	91.01	0	7.86	0	0	1.12	0	0	0	0
1421445684314337313	CPU_4	91.95	0	8.04	0	0	0	0	0	0	0
1421445685184297849	CPU_4	93.10	0	4.59	0	0	1.14	1.14	0	0	0
1421445686059338457	CPU_4	94.31	0	5.68	0	0	0	0	0	0	0
1421445686924248501	CPU_4	93.02	0	5.81	0	0	1.16	0	0	0	0
1421445687794291910	CPU_4	96.51	0	3.48	0	0	0	0	0	0	0
1421445688664328402	CPU_4	88.76	0	8.98	0	0	1.12	1.12	0	0	0
1421445689534311310	CPU_4	94.18	0	5.81	0	0	0	0	0	0	0
1421445690409251584	CPU_4	93.10	0	5.74	0	0	1.14	0	0	0	0
1421445691289341931	CPU_4	92.04	0	7.95	0	0	0	0	0	0	0
1421445692159388838	CPU_4	86.36	0	11.36	0	0	1.13	1.13	0	0	0
1421445693034305611	CPU_4	93.02	0	6.97	0	0	0	0	0	0	0
1421445693909374175	CPU_4	90.90	0	7.95	0	0	1.13	0	0	0	0
1421445694784349530	CPU_4	90.90	0	7.95	0	0	0	1.13	0	0	0
1421445695654381394	CPU_4	90.80	0	8.04	0	0	1.14	0	0	0	0
1421445696529327916	CPU_4	92.04	0	6.81	0	0	1.13	0	0	0	0
1421445697394386497	CPU_4	89.53	0	9.30	0	0	0	1.16	0	0	0
1421445698264367278	CPU_4	91.95	0	6.89	0	0	1.14	0	0	0	0
1421445699139392381	CPU_4	91.95	0	8.04	0	0	0	0	0	0	0
1421445700019384100	CPU_4	89.77	0	9.09	0	0	1.13	0	0	0	0
1421445700899377985	CPU_4	93.18	0	5.68	0	0	0	1.13	0	0	0
1421445701769368347	CPU_4	89.77	0	9.09	0	0	1.13	0	0	0	0
1421445702643074410	CPU_4	91.86	0	8.13	0	0	0	0	0	0	0
1421445703514386811	CPU_4	89.88	0	7.86	0	0	1.12	1.12	0	0	0
1421445704389465913	CPU_4	91.95	0	6.89	0	0	1.14	0	0	0	0
1421445705259371399	CPU_4	93.02	0	6.97	0	0	0	0	0	0	0
1421445706129391260	CPU_4	89.77	0	7.95	0	0	1.13	1.13	0	0	0
1421445707009421934	CPU_4	89.77	0	10.22	0	0	0	0	0	0	0
1421445707879301753	CPU_4	91.86	0	6.97	0	0	1.16	0	0	0	0
1421445708749398487	CPU_4	91.95	0	8.04	0	0	0	0	0	0	0
1421445709624314170	CPU_4	91.01	0	6.74	0	0	1.12	1.12	0	0	0
1421445710504338677	CPU_4	94.25	0	5.74	0	0	0	0	0	0	0
1421445711369323962	CPU_4	89.53	0	9.30	0	0	1.16	0	0	0	0
1421445712249355009	CPU_4	89.88	0	7.86	0	0	1.12	1.12	0	0	0
1421445713119350826	CPU_4	93.10	0	6.89	0	0	0	0	0	0	0
1421445713994389049	CPU_4	91.95	0	6.89	0	0	1.14	0	0	0	0
1421445714864392948	CPU_4	89.65	0	9.19	0	0	0	1.14	0	0	0
1421445715739352879	CPU_4	90.90	0	7.95	0	0	1.13	0	0	0	0
1421445716614362726	CPU_4	95.34	0	4.65	0	0	0	0	0	0	0
1421445717494448772	CPU_4	91.01	0	7.86	0	0	1.12	0	0	0	0
1421445718359258555	CPU_4	89.65	0	9.19	0	0	0	1.14	0	0	0
1421445719234463067	CPU_4	94.25	0	4.59	0	0	1.14	0	0	0	0
1421445720104350757	CPU_4	93.10	0	5.74	0	0	1.14	0	0	0	0
1421445720984398884	CPU_4	92.04	0	6.81	0	0	0	1.13	0	0	0
1421445721859395438	CPU_4	93.10	0	5.74	0	0	1.14	0	0	0	0
1421445722734366366	CPU_4	89.77	0	10.22	0	0	0	0	0	0	0
1421445723614341618	CPU_4	90.90	0	7.95	0	0	1.13	0	0	0	0
1421445724494446619	CPU_4	90.90	0	7.95	0	0	0	1.13	0	0	0
1421445725379381610	CPU_4	89.77	0	9.09	0	0	1.13	0	0	0	0
1421445726254394454	CPU_4	93.18	0	5.68	0	0	1.13	0	0	0	0
1421445727129486339	CPU_4	91.95	0	6.89	0	0	0	1.14	0	0	0
1421445727999416067	CPU_4	90.90	0	7.95	0	0	1.13	0	0	0	0
1421445728884398474	CPU_4	89.65	0	10.34	0	0	0	0	0	0	0
1421445729749368169	CPU_4	90.90	0	6.81	0	0	1.13	1.13	0	0	0
1421445730629365251	CPU_4	93.10	0	6.89	0	0	0	0	0	0	0
1421445731514420657	CPU_4	92.13	0	6.74	0	0	1.12	0	0	0	0
1421445732389303624	CPU_4	90.80	0	8.04	0	0	1.14	0	0	0	0
1421445733264446006	CPU_4	90.90	0	7.95	0	0	0	1.13	0	0	0
1421445734144332463	CPU_4	89.77	0	9.09	0	0	1.13	0	0	0	0
1421445735029440742	CPU_4	94.25	0	5.74	0	0	0	0	0	0	0
1421445735904433374	CPU_4	90.00	0	7.77	0	0	1.11	1.11	0	0	0
1421445736774314640	CPU_4	93.02	0	6.97	0	0	0	0	0	0	0
1421445737657475464	CPU_4	92.04	0	6.81	0	0	1.13	0	0	0	0
1421445738529352934	CPU_4	94.25	0	4.59	0	0	0	1.14	0	0	0
1421445739404382023	CPU_4	89.88	0	8.98	0	0	1.12	0	0	0	0
1421445740284405227	CPU_4	91.86	0	6.97	0	0	1.16	0	0	0	0
1421445741154415659	CPU_4	92.04	0	7.95	0	0	0	0	0	0	0
1421445742034358112	CPU_4	87.50	0	10.22	0	0	1.13	1.13	0	0	0
1421445742904421001	CPU_4	90.69	0	9.30	0	0	0	0	0	0	0
1421445743774344140	CPU_4	92.04	0	6.81	0	0	1.13	0	0	0	0
1421445744649333144	CPU_4	89.77	0	9.09	0	0	0	1.13	0	0	0
1421445745528524472	CPU_4	93.25	0	5.61	0	0	1.12	0	0	0	0
1421445746404330390	CPU_4	92.94	0	7.05	0	0	0	0	0	0	0
1421445747284392675	CPU_4	91.01	0	6.74	0	0	1.12	1.12	0	0	0
1421445748159310011	CPU_4	87.50	0	11.36	0	0	1.13	0	0	0	0
1421445749034367055	CPU_4	93.02	0	6.97	0	0	0	0	0	0	0
1421445749909330640	CPU_4	93.18	0	5.68	0	0	1.13	0	0	0	0
1421445750774322078	CPU_4	93.10	0	5.74	0	0	0	1.14	0	0	0
1421445751649293954	CPU_4	88.63	0	10.22	0	0	1.13	0	0	0	0
1421445752529389361	CPU_4	91.95	0	8.04	0	0	0	0	0	0	0
1421445753399314039	CPU_4	88.63	0	9.09	0	0	1.13	1.13	0	0	0
1421445754269355632	CPU_4	95.34	0	4.65	0	0	0	0	0	0	0
1421445755134410901	CPU_4	89.65	0	9.19	0	0	1.14	0	0	0	0
1421445756019419215	CPU_4	92.04	0	5.68	0	0	1.13	1.13	0	0	0
1421445756889338391	CPU_4	90.90	0	9.09	0	0	0	0	0	0	0
1421445757769378505	CPU_4	90.80	0	8.04	0	0	1.14	0	0	0	0
1421445758649370994	CPU_4	90.90	0	9.09	0	0	0	0	0	0	0
1421445759529347857	CPU_4	89.88	0	7.86	0	0	1.12	1.12	0	0	0
1421445760400032197	CPU_4	94.18	0	5.81	0	0	0	0	0	0	0
1421445761284301343	CPU_4	85.39	0	13.48	0	0	1.12	0	0	0	0
1421445762149308944	CPU_4	91.95	0	6.89	0	0	0	1.14	0	0	0
1421445763034365296	CPU_4	93.18	0	5.68	0	0	1.13	0	0	0	0
1421445763919317023	CPU_4	88.76	0	10.11	0	0	1.12	0	0	0	0
1421445764784345206	CPU_4	94.18	0	4.65	0	0	0	1.16	0	0	0
1421445765659319077	CPU_4	92.04	0	6.81	0	0	1.13	0	0	0	0
1421445766549353919	CPU_4	89.77	0	10.22	0	0	0	0	0	0	0
1421445767419360132	CPU_4	90.80	0	8.04	0	0	1.14	0	0	0	0
1421445768299326243	CPU_4	92.04	0	6.81	0	0	0	1.13	0	0	0
1421445769179336395	CPU_4	88.76	0	10.11	0	0	1.12	0	0	0	0
1421445770054402639	CPU_4	91.95	0	8.04	0	0	0	0	0	0	0
1421445770929313383	CPU_4	86.36	0	11.36	0	0	1.13	1.13	0	0	0
1421445771804440585	CPU_4	90.80	0	8.04	0	0	1.14	0	0	0	0
1421445772674411964	CPU_4	93.10	0	6.89	0	0	0	0	0	0	0
1421445773554343156	CPU_4	92.13	0	5.61	0	0	1.12	1.12	0	0	0
1421445774433460432	CPU_4	90.90	0	9.09	0	0	0	0	0	0	0
1421445775309411715	CPU_4	90.69	0	8.13	0	0	1.16	0	0	0	0
1421445776179275926	CPU_4	91.95	0	8.04	0	0	0	0	0	0	0
1421445777064330440	CPU_4	91.01	0	6.74	0	0	1.12	1.12	0	0	0
1421445777939271473	CPU_4	90.80	0	9.19	0	0	0	0	0	0	0
1421445778814416506	CPU_4	88.63	0	10.22	0	0	1.13	0	0	0	0
1421445779694294779	CPU_4	90.90	0	6.81	0	0	1.13	1.13	0	0	0
1421445780569409145	CPU_4	93.10	0	6.89	0	0	0	0	0	0	0
1421445781449369626	CPU_4	91.01	0	7.86	0	0	1.12	0	0	0	0
1421445782324347574	CPU_4	94.25	0	4.59	0	0	0	1.14	0	0	0
1421445783199401439	CPU_4	92.04	0	6.81	0	0	1.13	0	0	0	0
1421445784074400429	CPU_4	91.86	0	8.13	0	0	0	0	0	0	0
1421445784959353148	CPU_4	92.22	0	6.66	0	0	1.11	0	0	0	0
1421445785834327304	CPU_4	90.80	0	8.04	0	0	0	1.14	0	0	0
1421445786699376687	CPU_4	90.69	0	8.13	0	0	1.16	0	0	0	0
1421445787574376175	CPU_4	90.90	0	7.95	0	0	1.13	0	0	0	0
1421445788437664645	CPU_4	90.69	0	8.13	0	0	0	1.16	0	0	0
1421445789309448889	CPU_4	90.90	0	7.95	0	0	1.13	0	0	0	0
1421445790189327366	CPU_4	93.10	0	6.89	0	0	0	0	0	0	0
1421445791072929170	CPU_4	91.01	0	6.74	0	0	1.12	1.12	0	0	0
1421445791941873585	CPU_4	89.65	0	10.34	0	0	0	0	0	0	0
1421445792819340858	CPU_4	89.65	0	9.19	0	0	1.14	0	0	0	0
1421445793694295928	CPU_4	93.18	0	5.68	0	0	1.13	0	0	0	0
1421445794559413433	CPU_4	91.86	0	6.97	0	0	0	1.16	0	0	0
1421445795439236492	CPU_4	89.88	0	8.98	0	0	1.12	0	0	0	0
1421445796323004960	CPU_4	93.10	0	6.89	0	0	0	0	0	0	0
1421445797189321837	CPU_4	90.90	0	6.81	0	0	1.13	1.13	0	0	0
1421445798069307770	CPU_4	93.18	0	6.81	0	0	0	0	0	0	0
1421445798959313433	CPU_4	92.04	0	6.81	0	0	1.13	0	0	0	0
1421445799829307969	CPU_4	93.10	0	6.89	0	0	0	0	0	0	0
1421445800704336744	CPU_4	93.25	0	4.49	0	0	1.12	1.12	0	0	0
1421445801589312333	CPU_4	89.77	0	9.09	0	0	1.13	0	0	0	0
1421445802454968792	CPU_4	95.29	0	4.70	0	0	0	0	0	0	0
1421445803324348078	CPU_4	89.77	0	7.95	0	0	1.13	1.13	0	0	0
1421445804204343009	CPU_4	92.04	0	7.95	0	0	0	0	0	0	0
1421445805079407324	CPU_4	89.65	0	9.19	0	0	1.14	0	0	0	0
1421445805954288889	CPU_4	88.63	0	10.22	0	0	0	1.13	0	0	0
1421445806834355319	CPU_4	93.25	0	5.61	0	0	1.12	0	0	0	0
1421445807704336810	CPU_4	92.94	0	7.05	0	0	0	0	0	0	0
1421445808584334489	CPU_4	89.88	0	8.98	0	0	1.12	0	0	0	0
1421445809454328813	CPU_4	90.80	0	6.89	0	0	1.14	1.14	0	0	0
1421445810329310793	CPU_4	91.95	0	8.04	0	0	0	0	0	0	0
1421445811209314096	CPU_4	91.01	0	7.86	0	0	1.12	0	0	0	0
1421445812094318890	CPU_4	92.04	0	6.81	0	0	0	1.13	0	0	0
1421445812971190698	CPU_4	94.25	0	4.59	0	0	1.14	0	0	0	0
1421445813844323848	CPU_4	92.04	0	7.95	0	0	0	0	0	0	0
1421445814724394400	CPU_4	88.63	0	9.09	0	0	1.13	1.13	0	0	0
1421445815599302753	CPU_4	89.77	0	9.09	0	0	1.13	0	0	0	0
1421445816469406824	CPU_4	93.02	0	6.97	0	0	0	0	0	0	0
1421445817344283302	CPU_4	88.63	0	10.22	0	0	1.13	0	0	0	0
1421445818224352728	CPU_4	87.64	0	11.23	0	0	0	1.12	0	0	0
1421445819099264997	CPU_4	89.53	0	9.30	0	0	1.16	0	0	0	0
1421445819979784796	CPU_4	90.90	0	9.09	0	0	0	0	0	0	0
1421445820849312116	CPU_4	90.90	0	6.81	0	0	1.13	1.13	0	0	0
1421445821724253176	CPU_4	91.95	0	6.89	0	0	1.14	0	0	0	0
1421445822594313786	CPU_4	90.80	0	9.19	0	0	0	0	0	0	0
1421445823474269627	CPU_4	91.01	0	6.74	0	0	1.12	1.12	0	0	0
1421445824349235352	CPU_4	90.69	0	9.30	0	0	0	0	0	0	0
1421445825234313724	CPU_4	89.88	0	8.98	0	0	1.12	0	0	0	0
1421445826109294115	CPU_4	90.90	0	6.81	0	0	1.13	1.13	0	0	0
1421445826974295401	CPU_4	89.53	0	10.46	0	0	0	0	0	0	0
1421445827854204365	CPU_4	88.63	0	10.22	0	0	1.13	0	0	0	0
1421445828724292765	CPU_4	91.95	0	6.89	0	0	0	1.14	0	0	0
1421445829594223290	CPU_4	90.90	0	7.95	0	0	1.13	0	0	0	0
1421445830469319846	CPU_4	90.69	0	9.30	0	0	0	0	0	0	0
1421445831344305611	CPU_4	87.50	0	11.36	0	0	1.13	0	0	0	0
1421445832214309093	CPU_4	90.80	0	6.89	0	0	1.14	1.14	0	0	0
1421445833089309815	CPU_4	90.80	0	9.19	0	0	0	0	0	0	0
1421445833969353235	CPU_4	89.77	0	9.09	0	0	1.13	0	0	0	0
1421445834838695760	CPU_4	87.50	0	11.36	0	0	0	1.13	0	0	0
1421445835502659067	CPU_4	1.49	0	20.89	76.11	0	1.49	0	0	0	0
