#Timestamp	CPU_ID	user%	nice%	sys%	idle%	iowait%	irq%	softiq%	steal%	guest%	guest_nice%
1428518787624242666	CPU_4	90.16	0	4.91	4.91	0	0	0	0	0	0
1428518788314681726	CPU_4	98.55	0	0	0	0	1.44	0	0	0	0
1428518789015795476	CPU_4	98.57	0	0	0	0	0	1.42	0	0	0
1428518789738409567	CPU_4	98.63	0	0	0	0	1.36	0	0	0	0
1428518790432579954	CPU_4	100.00	0	0	0	0	0	0	0	0	0
1428518791134171536	CPU_4	98.59	0	0	0	0	1.40	0	0	0	0
1428518791828940755	CPU_4	98.57	0	0	0	0	0	1.42	0	0	0
1428518792525212472	CPU_4	98.55	0	0	0	0	1.44	0	0	0	0
1428518793228569385	CPU_4	100.00	0	0	0	0	0	0	0	0	0
1428518793922975188	CPU_4	97.18	0	0	0	0	1.40	1.40	0	0	0
1428518794618347781	CPU_4	100.00	0	0	0	0	0	0	0	0	0
1428518795321947318	CPU_4	98.57	0	0	0	0	1.42	0	0	0	0
1428518796017756119	CPU_4	100.00	0	0	0	0	0	0	0	0	0
1428518796721010282	CPU_4	97.18	0	0	0	0	1.40	1.40	0	0	0
1428518797417897081	CPU_4	100.00	0	0	0	0	0	0	0	0	0
1428518798114516046	CPU_4	98.55	0	0	0	0	1.44	0	0	0	0
1428518798818003084	CPU_4	98.59	0	0	0	0	0	1.40	0	0	0
1428518799513233094	CPU_4	98.57	0	0	0	0	1.42	0	0	0	0
1428518800210375267	CPU_4	98.55	0	0	0	0	1.44	0	0	0	0
1428518800913956346	CPU_4	100.00	0	0	0	0	0	0	0	0	0
1428518801612347017	CPU_4	97.14	0	0	0	0	1.42	1.42	0	0	0
1428518802310148439	CPU_4	100.00	0	0	0	0	0	0	0	0	0
1428518803012305479	CPU_4	98.57	0	0	0	0	1.42	0	0	0	0
1428518803711946023	CPU_4	100.00	0	0	0	0	0	0	0	0	0
1428518804419051555	CPU_4	97.22	0	0	0	0	1.38	1.38	0	0	0
1428518805114952022	CPU_4	100.00	0	0	0	0	0	0	0	0	0
1428518805812369861	CPU_4	98.57	0	0	0	0	1.42	0	0	0	0
1428518806518956435	CPU_4	98.59	0	0	0	0	0	1.40	0	0	0
1428518807214775944	CPU_4	98.57	0	0	0	0	1.42	0	0	0	0
1428518807911964450	CPU_4	100.00	0	0	0	0	0	0	0	0	0
1428518808620971562	CPU_4	98.61	0	0	0	0	1.38	0	0	0	0
1428518809316344696	CPU_4	98.55	0	0	0	0	0	1.44	0	0	0
1428518810033544086	CPU_4	98.61	0	0	0	0	1.38	0	0	0	0
1428518810732540589	CPU_4	100.00	0	0	0	0	0	0	0	0	0
1428518811428906222	CPU_4	97.18	0	0	0	0	1.40	1.40	0	0	0
1428518812135806920	CPU_4	100.00	0	0	0	0	0	0	0	0	0
1428518812836284379	CPU_4	98.57	0	0	0	0	1.42	0	0	0	0
1428518813529962849	CPU_4	98.57	0	0	0	0	1.42	0	0	0	0
1428518814239926918	CPU_4	98.59	0	0	0	0	0	1.40	0	0	0
1428518814937204882	CPU_4	98.57	0	0	0	0	1.42	0	0	0	0
1428518815635869927	CPU_4	100.00	0	0	0	0	0	0	0	0	0
1428518816341730294	CPU_4	98.59	0	0	0	0	1.40	0	0	0	0
1428518817039273591	CPU_4	98.57	0	0	0	0	0	1.42	0	0	0
1428518817750164699	CPU_4	98.59	0	0	0	0	1.40	0	0	0	0
1428518818449276702	CPU_4	100.00	0	0	0	0	0	0	0	0	0
1428518819157871648	CPU_4	97.22	0	0	0	0	1.38	1.38	0	0	0
1428518819865547220	CPU_4	100.00	0	0	0	0	0	0	0	0	0
1428518820563207266	CPU_4	98.57	0	0	0	0	1.42	0	0	0	0
1428518821262121603	CPU_4	100.00	0	0	0	0	0	0	0	0	0
1428518821971000964	CPU_4	97.22	0	0	0	0	1.38	1.38	0	0	0
1428518822674296835	CPU_4	97.14	0	2.85	0	0	0	0	0	0	0
1428518823385901734	CPU_4	98.59	0	0	0	0	1.40	0	0	0	0
1428518824081709700	CPU_4	98.57	0	0	0	0	0	1.42	0	0	0
1428518824780337120	CPU_4	98.57	0	0	0	0	1.42	0	0	0	0
1428518825487076735	CPU_4	98.57	0	0	0	0	1.42	0	0	0	0
1428518826185082448	CPU_4	100.00	0	0	0	0	0	0	0	0	0
1428518826882560078	CPU_4	97.14	0	0	0	0	1.42	1.42	0	0	0
1428518827587466904	CPU_4	100.00	0	0	0	0	0	0	0	0	0
1428518828285904116	CPU_4	98.57	0	0	0	0	1.42	0	0	0	0
1428518828983814537	CPU_4	98.57	0	0	0	0	0	1.42	0	0	0
1428518829694281479	CPU_4	98.61	0	0	0	0	1.38	0	0	0	0
1428518830391459859	CPU_4	100.00	0	0	0	0	0	0	0	0	0
1428518831099491347	CPU_4	98.61	0	0	0	0	1.38	0	0	0	0
1428518831796174520	CPU_4	98.55	0	0	0	0	0	1.44	0	0	0
1428518832494017774	CPU_4	98.59	0	0	0	0	1.40	0	0	0	0
1428518833202534011	CPU_4	100.00	0	0	0	0	0	0	0	0	0
1428518833897728020	CPU_4	98.57	0	0	0	0	1.42	0	0	0	0
1428518834596219606	CPU_4	98.57	0	0	0	0	0	1.42	0	0	0
1428518835304661635	CPU_4	98.59	0	0	0	0	1.40	0	0	0	0
1428518836000714100	CPU_4	100.00	0	0	0	0	0	0	0	0	0
1428518836708091630	CPU_4	97.22	0	0	0	0	1.38	1.38	0	0	0
1428518837411256168	CPU_4	100.00	0	0	0	0	0	0	0	0	0
1428518838107230341	CPU_4	98.55	0	0	0	0	1.44	0	0	0	0
1428518838815652245	CPU_4	98.59	0	0	0	0	1.40	0	0	0	0
1428518839513553290	CPU_4	98.57	0	0	0	0	0	1.42	0	0	0
1428518840214273290	CPU_4	98.59	0	0	0	0	1.40	0	0	0	0
1428518840921719528	CPU_4	100.00	0	0	0	0	0	0	0	0	0
1428518841622378486	CPU_4	97.18	0	0	0	0	1.40	1.40	0	0	0
1428518842318821909	CPU_4	100.00	0	0	0	0	0	0	0	0	0
1428518843028356102	CPU_4	98.59	0	0	0	0	1.40	0	0	0	0
1428518843728292727	CPU_4	100.00	0	0	0	0	0	0	0	0	0
1428518844434784884	CPU_4	97.22	0	0	0	0	1.38	1.38	0	0	0
1428518845132974012	CPU_4	100.00	0	0	0	0	0	0	0	0	0
1428518845836346799	CPU_4	98.57	0	0	0	0	1.42	0	0	0	0
1428518846543098955	CPU_4	98.59	0	0	0	0	0	1.40	0	0	0
1428518847243536579	CPU_4	98.59	0	0	0	0	1.40	0	0	0	0
1428518847942767747	CPU_4	100.00	0	0	0	0	0	0	0	0	0
1428518848651021693	CPU_4	98.61	0	0	0	0	1.38	0	0	0	0
1428518849351176943	CPU_4	97.14	0	0	0	0	1.42	1.42	0	0	0
1428518850067716833	CPU_4	100.00	0	0	0	0	0	0	0	0	0
1428518850766807751	CPU_4	98.57	0	0	0	0	1.42	0	0	0	0
1428518851465941669	CPU_4	100.00	0	0	0	0	0	0	0	0	0
1428518852175747403	CPU_4	97.22	0	0	0	0	1.38	1.38	0	0	0
1428518852874076239	CPU_4	100.00	0	0	0	0	0	0	0	0	0
1428518853574304406	CPU_4	98.57	0	0	0	0	1.42	0	0	0	0
1428518854290676046	CPU_4	98.61	0	0	0	0	0	1.38	0	0	0
1428518854989400590	CPU_4	98.57	0	0	0	0	1.42	0	0	0	0
1428518855697987743	CPU_4	100.00	0	0	0	0	0	0	0	0	0
1428518856403803358	CPU_4	98.59	0	0	0	0	1.40	0	0	0	0
1428518857101228987	CPU_4	98.57	0	0	0	0	0	1.42	0	0	0
1428518857814866923	CPU_4	98.59	0	0	0	0	1.40	0	0	0	0
1428518858514257508	CPU_4	100.00	0	0	0	0	0	0	0	0	0
1428518859214070591	CPU_4	97.14	0	0	0	0	1.42	1.42	0	0	0
1428518859923012326	CPU_4	98.61	0	0	0	0	1.38	0	0	0	0
1428518860624173658	CPU_4	100.00	0	0	0	0	0	0	0	0	0
1428518861330749647	CPU_4	98.57	0	0	0	0	1.42	0	0	0	0
1428518862035523139	CPU_4	98.59	0	0	0	0	0	1.40	0	0	0
1428518862736554679	CPU_4	98.59	0	0	0	0	1.40	0	0	0	0
1428518863445136706	CPU_4	100.00	0	0	0	0	0	0	0	0	0
1428518864146129621	CPU_4	97.18	0	0	0	0	1.40	1.40	0	0	0
1428518864847370410	CPU_4	100.00	0	0	0	0	0	0	0	0	0
1428518865555735480	CPU_4	98.59	0	0	0	0	1.40	0	0	0	0
1428518866257486851	CPU_4	100.00	0	0	0	0	0	0	0	0	0
1428518866962151510	CPU_4	97.18	0	0	0	0	1.40	1.40	0	0	0
1428518867664753922	CPU_4	100.00	0	0	0	0	0	0	0	0	0
1428518868365133296	CPU_4	98.57	0	0	0	0	1.42	0	0	0	0
1428518869076121070	CPU_4	98.59	0	0	0	0	0	1.40	0	0	0
1428518869776174152	CPU_4	98.57	0	0	0	0	1.42	0	0	0	0
1428518870476849859	CPU_4	98.57	0	0	0	0	1.42	0	0	0	0
1428518871186664676	CPU_4	100.00	0	0	0	0	0	0	0	0	0
1428518871889794754	CPU_4	97.18	0	0	0	0	1.40	1.40	0	0	0
1428518872589662420	CPU_4	100.00	0	0	0	0	0	0	0	0	0
1428518873300450860	CPU_4	98.59	0	0	0	0	1.40	0	0	0	0
1428518873998493029	CPU_4	100.00	0	0	0	0	0	0	0	0	0
1428518874709709010	CPU_4	97.22	0	0	0	0	1.38	1.38	0	0	0
1428518875410206842	CPU_4	100.00	0	0	0	0	0	0	0	0	0
1428518876108793510	CPU_4	98.59	0	0	0	0	1.40	0	0	0	0
1428518876820905615	CPU_4	98.59	0	0	0	0	0	1.40	0	0	0
1428518877521704946	CPU_4	98.57	0	0	0	0	1.42	0	0	0	0
1428518878220016990	CPU_4	100.00	0	0	0	0	0	0	0	0	0
1428518878930693972	CPU_4	98.61	0	0	0	0	1.38	0	0	0	0
1428518879632460427	CPU_4	98.57	0	0	0	0	0	1.42	0	0	0
1428518880342512076	CPU_4	98.59	0	0	0	0	1.40	0	0	0	0
1428518881042489700	CPU_4	100.00	0	0	0	0	0	0	0	0	0
1428518881749191147	CPU_4	97.22	0	0	0	0	1.38	1.38	0	0	0
1428518882460810002	CPU_4	98.59	0	0	0	0	1.40	0	0	0	0
1428518883162900290	CPU_4	100.00	0	0	0	0	0	0	0	0	0
1428518883876223809	CPU_4	98.59	0	0	0	0	1.40	0	0	0	0
1428518884581028883	CPU_4	98.59	0	0	0	0	0	1.40	0	0	0
1428518885283218212	CPU_4	98.59	0	0	0	0	1.40	0	0	0	0
1428518885994246193	CPU_4	100.00	0	0	0	0	0	0	0	0	0
1428518886695090357	CPU_4	97.18	0	0	0	0	1.40	1.40	0	0	0
1428518887400301848	CPU_4	100.00	0	0	0	0	0	0	0	0	0
1428518888111605204	CPU_4	98.59	0	0	0	0	1.40	0	0	0	0
1428518888815412780	CPU_4	100.00	0	0	0	0	0	0	0	0	0
1428518889516649526	CPU_4	97.18	0	0	0	0	1.40	1.40	0	0	0
1428518890226341385	CPU_4	100.00	0	0	0	0	0	0	0	0	0
1428518890930992793	CPU_4	98.59	0	0	0	0	1.40	0	0	0	0
1428518891641051233	CPU_4	98.59	0	0	0	0	0	1.40	0	0	0
1428518892344045894	CPU_4	98.59	0	0	0	0	1.40	0	0	0	0
1428518893047405012	CPU_4	100.00	0	0	0	0	0	0	0	0	0
1428518893757391870	CPU_4	98.59	0	0	0	0	1.40	0	0	0	0
1428518894460924196	CPU_4	97.18	0	0	0	0	1.40	1.40	0	0	0
1428518895180725663	CPU_4	100.00	0	0	0	0	0	0	0	0	0
1428518895882847658	CPU_4	98.59	0	0	0	0	1.40	0	0	0	0
1428518896584672279	CPU_4	100.00	0	0	0	0	0	0	0	0	0
1428518897298190172	CPU_4	97.22	0	0	0	0	1.38	1.38	0	0	0
1428518897998453712	CPU_4	100.00	0	0	0	0	0	0	0	0	0
1428518898704104201	CPU_4	98.59	0	0	0	0	1.40	0	0	0	0
1428518899416253013	CPU_4	98.59	0	0	0	0	0	1.40	0	0	0
1428518900117836843	CPU_4	98.59	0	0	0	0	1.40	0	0	0	0
1428518900839108098	CPU_4	100.00	0	0	0	0	0	0	0	0	0
1428518901541111844	CPU_4	98.59	0	0	0	0	1.40	0	0	0	0
1428518902240494260	CPU_4	98.57	0	0	0	0	0	1.42	0	0	0
1428518902956142316	CPU_4	98.61	0	0	0	0	1.38	0	0	0	0
1428518903669259502	CPU_4	100.00	0	0	0	0	0	0	0	0	0
1428518904378057111	CPU_4	97.22	0	0	0	0	1.38	1.38	0	0	0
1428518905167716798	CPU_4	98.73	0	0	0	0	1.26	0	0	0	0
1428518905873190496	CPU_4	100.00	0	0	0	0	0	0	0	0	0
1428518906585030808	CPU_4	98.59	0	0	0	0	1.40	0	0	0	0
1428518907287953677	CPU_4	98.57	0	0	0	0	0	1.42	0	0	0
1428518907994894039	CPU_4	98.59	0	0	0	0	1.40	0	0	0	0
1428518908705461770	CPU_4	100.00	0	0	0	0	0	0	0	0	0
1428518909410590302	CPU_4	97.18	0	0	0	0	1.40	1.40	0	0	0
1428518910119950243	CPU_4	100.00	0	0	0	0	0	0	0	0	0
1428518910821930696	CPU_4	98.57	0	0	0	0	1.42	0	0	0	0
1428518911524370357	CPU_4	100.00	0	0	0	0	0	0	0	0	0
1428518912233380007	CPU_4	97.22	0	0	0	0	1.38	1.38	0	0	0
1428518912936444667	CPU_4	100.00	0	0	0	0	0	0	0	0	0
1428518913650771433	CPU_4	98.59	0	0	0	0	1.40	0	0	0	0
1428518914357096130	CPU_4	98.59	0	0	0	0	0	1.40	0	0	0
1428518915059407707	CPU_4	98.59	0	0	0	0	1.40	0	0	0	0
1428518915771572227	CPU_4	98.59	0	0	0	0	1.40	0	0	0	0
1428518916471807641	CPU_4	100.00	0	0	0	0	0	0	0	0	0
1428518917175304092	CPU_4	97.22	0	0	0	0	1.38	1.38	0	0	0
1428518917889591275	CPU_4	100.00	0	0	0	0	0	0	0	0	0
1428518918591580936	CPU_4	98.57	0	0	0	0	1.42	0	0	0	0
1428518919313083649	CPU_4	98.61	0	0	0	0	0	1.38	0	0	0
1428518920018851013	CPU_4	98.59	0	0	0	0	1.40	0	0	0	0
1428518920718333095	CPU_4	100.00	0	0	0	0	0	0	0	0	0
1428518921431257322	CPU_4	98.61	0	0	0	0	1.38	0	0	0	0
1428518922132966650	CPU_4	98.57	0	0	0	0	0	1.42	0	0	0
1428518922834379937	CPU_4	98.59	0	0	0	0	1.40	0	0	0	0
1428518923545898208	CPU_4	100.00	0	0	0	0	0	0	0	0	0
1428518924247356203	CPU_4	98.57	0	0	0	0	1.42	0	0	0	0
1428518924967055336	CPU_4	98.61	0	0	0	0	0	1.38	0	0	0
1428518925669758621	CPU_4	98.59	0	0	0	0	1.40	0	0	0	0
1428518926372173573	CPU_4	98.57	0	0	0	0	1.42	0	0	0	0
1428518927085630382	CPU_4	98.59	0	0	0	0	0	1.40	0	0	0
1428518927784470423	CPU_4	98.59	0	0	0	0	1.40	0	0	0	0
1428518928488273706	CPU_4	100.00	0	0	0	0	0	0	0	0	0
1428518929200131226	CPU_4	98.61	0	0	0	0	1.38	0	0	0	0
1428518929902140095	CPU_4	98.57	0	0	0	0	0	1.42	0	0	0
1428518930616539903	CPU_4	98.61	0	0	0	0	1.38	0	0	0	0
1428518931320065144	CPU_4	100.00	0	0	0	0	0	0	0	0	0
1428518932022743971	CPU_4	97.18	0	0	0	0	1.40	1.40	0	0	0
1428518932734945157	CPU_4	100.00	0	0	0	0	0	0	0	0	0
1428518933438379024	CPU_4	98.59	0	0	0	0	1.40	0	0	0	0
1428518934142286265	CPU_4	100.00	0	0	0	0	0	0	0	0	0
1428518934855023283	CPU_4	97.26	0	0	0	0	1.36	1.36	0	0	0
1428518935557958651	CPU_4	100.00	0	0	0	0	0	0	0	0	0
1428518936271559959	CPU_4	98.59	0	0	0	0	1.40	0	0	0	0
1428518936977173406	CPU_4	97.18	0	0	0	0	1.40	1.40	0	0	0
1428518937682442061	CPU_4	100.00	0	0	0	0	0	0	0	0	0
1428518938394861497	CPU_4	98.59	0	0	0	0	1.40	0	0	0	0
1428518939097368448	CPU_4	100.00	0	0	0	0	0	0	0	0	0
1428518939801185731	CPU_4	97.18	0	0	0	0	1.40	1.40	0	0	0
1428518940511929919	CPU_4	100.00	0	0	0	0	0	0	0	0	0
1428518941214549495	CPU_4	98.57	0	0	0	0	1.42	0	0	0	0
1428518941928966635	CPU_4	100.00	0	0	0	0	0	0	0	0	0
1428518942633178167	CPU_4	97.22	0	0	0	0	1.38	1.38	0	0	0
1428518943336091076	CPU_4	100.00	0	0	0	0	0	0	0	0	0
1428518944050743216	CPU_4	98.61	0	0	0	0	1.38	0	0	0	0
1428518944755227039	CPU_4	98.57	0	0	0	0	0	1.42	0	0	0
1428518945457935865	CPU_4	98.59	0	0	0	0	1.40	0	0	0	0
1428518946169727343	CPU_4	100.00	0	0	0	0	0	0	0	0	0
1428518946875604830	CPU_4	98.59	0	0	0	0	1.40	0	0	0	0
1428518947585775978	CPU_4	98.59	0	0	0	0	0	1.40	0	0	0
1428518948289171011	CPU_4	98.57	0	0	0	0	1.42	0	0	0	0
1428518948992759252	CPU_4	98.59	0	0	0	0	1.40	0	0	0	0
1428518949709084847	CPU_4	98.61	0	0	0	0	0	1.38	0	0	0
1428518950412306297	CPU_4	98.57	0	0	0	0	1.42	0	0	0	0
1428518951115589622	CPU_4	100.00	0	0	0	0	0	0	0	0	0
1428518951825781477	CPU_4	98.59	0	0	0	0	1.40	0	0	0	0
1428518952529356801	CPU_4	98.59	0	0	0	0	0	1.40	0	0	0
1428518953240908154	CPU_4	98.59	0	0	0	0	1.40	0	0	0	0
1428518953943840146	CPU_4	100.00	0	0	0	0	0	0	0	0	0
1428518954650656757	CPU_4	97.18	0	0	0	0	1.40	1.40	0	0	0
1428518955364621273	CPU_4	100.00	0	0	0	0	0	0	0	0	0
1428518956067500015	CPU_4	98.57	0	0	0	0	1.42	0	0	0	0
1428518956773469877	CPU_4	100.00	0	0	0	0	0	0	0	0	0
1428518957485268437	CPU_4	97.26	0	0	0	0	1.36	1.36	0	0	0
1428518958186601890	CPU_4	100.00	0	0	0	0	0	0	0	0	0
1428518958900382489	CPU_4	98.61	0	0	0	0	1.38	0	0	0	0
1428518959607446641	CPU_4	97.18	0	0	0	0	1.40	1.40	0	0	0
1428518960311622172	CPU_4	100.00	0	0	0	0	0	0	0	0	0
1428518961025775188	CPU_4	98.59	0	0	0	0	1.40	0	0	0	0
1428518961729111720	CPU_4	100.00	0	0	0	0	0	0	0	0	0
1428518962450257766	CPU_4	97.26	0	0	0	0	1.36	1.36	0	0	0
1428518963151572052	CPU_4	100.00	0	0	0	0	0	0	0	0	0
1428518963855771750	CPU_4	98.57	0	0	0	0	1.42	0	0	0	0
1428518964569056350	CPU_4	100.00	0	0	0	0	0	0	0	0	0
1428518965271260301	CPU_4	97.18	0	0	0	0	1.40	1.40	0	0	0
1428518965977485787	CPU_4	100.00	0	0	0	0	0	0	0	0	0
1428518966690839178	CPU_4	98.61	0	0	0	0	1.38	0	0	0	0
1428518967391838506	CPU_4	98.57	0	0	0	0	0	1.42	0	0	0
1428518968108372642	CPU_4	98.61	0	0	0	0	1.38	0	0	0	0
1428518968810988426	CPU_4	100.00	0	0	0	0	0	0	0	0	0
1428518969513321043	CPU_4	98.59	0	0	0	0	1.40	0	0	0	0
1428518970227496100	CPU_4	97.22	0	0	0	0	1.38	1.38	0	0	0
1428518970931703256	CPU_4	100.00	0	0	0	0	0	0	0	0	0
1428518971633379374	CPU_4	98.59	0	0	0	0	1.40	0	0	0	0
1428518972347971722	CPU_4	98.61	0	0	0	0	0	1.38	0	0	0
1428518973053514209	CPU_4	98.59	0	0	0	0	1.40	0	0	0	0
1428518973767708182	CPU_4	100.00	0	0	0	0	0	0	0	0	0
1428518974472655545	CPU_4	98.59	0	0	0	0	1.40	0	0	0	0
1428518975177185783	CPU_4	98.57	0	0	0	0	0	1.42	0	0	0
1428518975891932672	CPU_4	98.61	0	0	0	0	1.38	0	0	0	0
1428518976595220955	CPU_4	100.00	0	0	0	0	0	0	0	0	0
1428518977298345112	CPU_4	97.18	0	0	0	0	1.40	1.40	0	0	0
1428518978014812581	CPU_4	100.00	0	0	0	0	0	0	0	0	0
1428518978716922407	CPU_4	98.57	0	0	0	0	1.42	0	0	0	0
1428518979434814124	CPU_4	100.00	0	0	0	0	0	0	0	0	0
1428518980140210528	CPU_4	97.18	0	0	0	0	1.40	1.40	0	0	0
1428518980843003936	CPU_4	98.59	0	0	0	0	1.40	0	0	0	0
1428518981557405033	CPU_4	100.00	0	0	0	0	0	0	0	0	0
1428518982263103770	CPU_4	97.22	0	0	0	0	1.38	1.38	0	0	0
1428518982978815657	CPU_4	100.00	0	0	0	0	0	0	0	0	0
1428518983688209346	CPU_4	98.61	0	0	0	0	1.38	0	0	0	0
1428518984392243460	CPU_4	100.00	0	0	0	0	0	0	0	0	0
1428518985107849097	CPU_4	97.26	0	0	0	0	1.36	1.36	0	0	0
1428518985812462543	CPU_4	100.00	0	0	0	0	0	0	0	0	0
1428518986517780155	CPU_4	98.57	0	0	0	0	1.42	0	0	0	0
1428518987234038791	CPU_4	98.61	0	0	0	0	0	1.38	0	0	0
1428518987937204032	CPU_4	98.59	0	0	0	0	1.40	0	0	0	0
1428518988652012295	CPU_4	100.00	0	0	0	0	0	0	0	0	0
1428518989356920782	CPU_4	98.59	0	0	0	0	1.40	0	0	0	0
1428518990064045891	CPU_4	98.59	0	0	0	0	0	1.40	0	0	0
1428518990779346612	CPU_4	98.61	0	0	0	0	1.38	0	0	0	0
1428518991485216848	CPU_4	100.00	0	0	0	0	0	0	0	0	0
1428518992189685420	CPU_4	98.57	0	0	0	0	1.42	0	0	0	0
1428518992904085225	CPU_4	97.26	0	0	0	0	1.36	1.36	0	0	0
1428518993609982794	CPU_4	100.00	0	0	0	0	0	0	0	0	0
1428518994322114145	CPU_4	98.61	0	0	0	0	1.38	0	0	0	0
1428518995028151672	CPU_4	98.59	0	0	0	0	0	1.40	0	0	0
1428518995732395244	CPU_4	98.57	0	0	0	0	1.42	0	0	0	0
1428518996445120927	CPU_4	100.00	0	0	0	0	0	0	0	0	0
1428518997150518830	CPU_4	98.59	0	0	0	0	1.40	0	0	0	0
1428518997870343960	CPU_4	98.59	0	0	0	0	0	1.40	0	0	0
1428518998579099524	CPU_4	98.59	0	0	0	0	1.40	0	0	0	0
1428518999282616139	CPU_4	100.00	0	0	0	0	0	0	0	0	0
1428518999998548483	CPU_4	97.26	0	0	0	0	1.36	1.36	0	0	0
1428519000704399052	CPU_4	100.00	0	0	0	0	0	0	0	0	0
1428519001408228499	CPU_4	98.59	0	0	0	0	1.40	0	0	0	0
1428519002128258295	CPU_4	100.00	0	0	0	0	0	0	0	0	0
1428519002834142114	CPU_4	97.18	0	0	0	0	1.40	1.40	0	0	0
1428519003546777381	CPU_4	98.59	0	0	0	0	1.40	0	0	0	0
1428519004253823614	CPU_4	100.00	0	0	0	0	0	0	0	0	0
1428519004959852266	CPU_4	97.18	0	0	0	0	1.40	1.40	0	0	0
1428519005673990155	CPU_4	100.00	0	0	0	0	0	0	0	0	0
1428519006379461974	CPU_4	98.59	0	0	0	0	1.40	0	0	0	0
1428519007100420102	CPU_4	100.00	0	0	0	0	0	0	0	0	0
1428519007809017041	CPU_4	97.22	0	0	0	0	1.38	1.38	0	0	0
1428519008515308443	CPU_4	100.00	0	0	0	0	0	0	0	0	0
1428519009231170870	CPU_4	98.61	0	0	0	0	1.38	0	0	0	0
1428519009937512147	CPU_4	98.57	0	0	0	0	0	1.42	0	0	0
1428519010642536008	CPU_4	98.59	0	0	0	0	1.40	0	0	0	0
1428519011356978105	CPU_4	100.00	0	0	0	0	0	0	0	0	0
1428519012063784588	CPU_4	98.59	0	0	0	0	1.40	0	0	0	0
1428519012776467396	CPU_4	97.22	0	0	0	0	1.38	1.38	0	0	0
1428519013481517716	CPU_4	100.00	0	0	0	0	0	0	0	0	0
1428519014188504033	CPU_4	98.59	0	0	0	0	1.40	0	0	0	0
1428519014900892382	CPU_4	98.59	0	0	0	0	0	1.40	0	0	0
1428519015610471028	CPU_4	98.59	0	0	0	0	1.40	0	0	0	0
1428519016317558428	CPU_4	100.00	0	0	0	0	0	0	0	0	0
1428519017031453733	CPU_4	98.61	0	0	0	0	1.38	0	0	0	0
1428519017736663178	CPU_4	98.57	0	0	0	0	0	1.42	0	0	0
1428519018451828398	CPU_4	98.61	0	0	0	0	1.38	0	0	0	0
1428519019159962296	CPU_4	100.00	0	0	0	0	0	0	0	0	0
1428519019863016910	CPU_4	97.22	0	0	0	0	1.38	1.38	0	0	0
1428519020578430838	CPU_4	100.00	0	0	0	0	0	0	0	0	0
1428519021284028532	CPU_4	98.57	0	0	0	0	1.42	0	0	0	0
1428519022000154209	CPU_4	100.00	0	0	0	0	0	0	0	0	0
1428519022706102902	CPU_4	97.18	0	0	0	0	1.40	1.40	0	0	0
1428519023411460054	CPU_4	98.59	0	0	0	0	1.40	0	0	0	0
1428519024136053384	CPU_4	100.00	0	0	0	0	0	0	0	0	0
1428519024847425693	CPU_4	97.22	0	0	0	0	1.38	1.38	0	0	0
1428519025556060298	CPU_4	100.00	0	0	0	0	0	0	0	0	0
1428519026271360851	CPU_4	98.61	0	0	0	0	1.38	0	0	0	0
1428519026979340749	CPU_4	100.00	0	0	0	0	0	0	0	0	0
1428519027700080710	CPU_4	97.26	0	0	0	0	1.36	1.36	0	0	0
1428519028406308361	CPU_4	100.00	0	0	0	0	0	0	0	0	0
1428519029121612205	CPU_4	98.61	0	0	0	0	1.38	0	0	0	0
1428519029837037549	CPU_4	98.59	0	0	0	0	0	1.40	0	0	0
1428519030544642615	CPU_4	98.61	0	0	0	0	1.38	0	0	0	0
1428519031257859754	CPU_4	100.00	0	0	0	0	0	0	0	0	0
1428519031964711779	CPU_4	98.59	0	0	0	0	1.40	0	0	0	0
1428519032670126306	CPU_4	97.18	0	0	0	0	1.40	1.40	0	0	0
1428519033386153149	CPU_4	100.00	0	0	0	0	0	0	0	0	0
1428519034093343256	CPU_4	98.59	0	0	0	0	1.40	0	0	0	0
1428519034808200101	CPU_4	100.00	0	0	0	0	0	0	0	0	0
1428519035521773323	CPU_4	97.22	0	0	0	0	1.38	1.38	0	0	0
1428519036229830888	CPU_4	100.00	0	0	0	0	0	0	0	0	0
1428519036946012022	CPU_4	98.61	0	0	0	0	1.38	0	0	0	0
1428519037655188501	CPU_4	98.59	0	0	0	0	0	1.40	0	0	0
1428519038359113030	CPU_4	98.59	0	0	0	0	1.40	0	0	0	0
1428519039077008079	CPU_4	100.00	0	0	0	0	0	0	0	0	0
1428519039785353559	CPU_4	98.59	0	0	0	0	1.40	0	0	0	0
1428519040498470198	CPU_4	98.61	0	0	0	0	0	1.38	0	0	0
1428519041205356806	CPU_4	98.57	0	0	0	0	1.42	0	0	0	0
1428519041912339372	CPU_4	100.00	0	0	0	0	0	0	0	0	0
1428519042629020630	CPU_4	97.26	0	0	0	0	1.36	1.36	0	0	0
1428519043335367405	CPU_4	98.59	0	0	0	0	1.40	0	0	0	0
1428519044048251461	CPU_4	100.00	0	0	0	0	0	0	0	0	0
1428519044761693600	CPU_4	98.61	0	0	0	0	1.38	0	0	0	0
1428519045466451086	CPU_4	98.57	0	0	0	0	0	1.42	0	0	0
1428519046185415841	CPU_4	98.61	0	0	0	0	1.38	0	0	0	0
1428519046891092617	CPU_4	100.00	0	0	0	0	0	0	0	0	0
1428519047597919308	CPU_4	97.22	0	0	0	0	1.38	1.38	0	0	0
1428519048314843607	CPU_4	100.00	0	0	0	0	0	0	0	0	0
1428519049023217462	CPU_4	98.59	0	0	0	0	1.40	0	0	0	0
1428519049737151558	CPU_4	100.00	0	0	0	0	0	0	0	0	0
1428519050444504790	CPU_4	97.22	0	0	0	0	1.38	1.38	0	0	0
1428519051151155647	CPU_4	100.00	0	0	0	0	0	0	0	0	0
1428519051869326986	CPU_4	98.59	0	0	0	0	1.40	0	0	0	0
1428519052574217514	CPU_4	98.59	0	0	0	0	0	1.40	0	0	0
1428519053288172984	CPU_4	98.59	0	0	0	0	1.40	0	0	0	0
1428519053999220793	CPU_4	98.61	0	0	0	0	1.38	0	0	0	0
1428519054705693318	CPU_4	100.00	0	0	0	0	0	0	0	0	0
1428519055420824995	CPU_4	97.22	0	0	0	0	1.38	1.38	0	0	0
1428519056127505061	CPU_4	100.00	0	0	0	0	0	0	0	0	0
1428519056830971382	CPU_4	98.59	0	0	0	0	1.40	0	0	0	0
1428519057546687641	CPU_4	98.59	0	0	0	0	0	1.40	0	0	0
1428519058255921328	CPU_4	98.61	0	0	0	0	1.38	0	0	0	0
1428519058972305336	CPU_4	100.00	0	0	0	0	0	0	0	0	0
1428519059685266892	CPU_4	98.61	0	0	0	0	1.38	0	0	0	0
1428519060392726498	CPU_4	98.59	0	0	0	0	0	1.40	0	0	0
1428519061112110752	CPU_4	98.61	0	0	0	0	1.38	0	0	0	0
1428519061816826737	CPU_4	100.00	0	0	0	0	0	0	0	0	0
1428519062522314805	CPU_4	97.18	0	0	0	0	1.40	1.40	0	0	0
1428519063241692183	CPU_4	98.61	0	0	0	0	1.38	0	0	0	0
1428519063948100457	CPU_4	100.00	0	0	0	0	0	0	0	0	0
1428519064668904750	CPU_4	98.63	0	0	0	0	1.36	0	0	0	0
1428519065375575857	CPU_4	98.57	0	0	0	0	0	1.42	0	0	0
1428519066082334006	CPU_4	98.59	0	0	0	0	1.40	0	0	0	0
1428519066799319597	CPU_4	100.00	0	0	0	0	0	0	0	0	0
1428519067506896202	CPU_4	98.59	0	0	0	0	1.40	0	0	0	0
1428519068224815166	CPU_4	98.61	0	0	0	0	0	1.38	0	0	0
1428519068931734815	CPU_4	98.59	0	0	0	0	1.40	0	0	0	0
1428519069645973451	CPU_4	100.00	0	0	0	0	0	0	0	0	0
1428519070364500914	CPU_4	97.26	0	0	0	0	1.36	1.36	0	0	0
1428519071069005399	CPU_4	100.00	0	0	0	0	0	0	0	0	0
1428519071790184108	CPU_4	98.59	0	0	0	0	1.40	0	0	0	0
1428519072498272421	CPU_4	100.00	0	0	0	0	0	0	0	0	0
1428519073204928361	CPU_4	97.18	0	0	0	0	1.40	1.40	0	0	0
1428519073922354868	CPU_4	98.61	0	0	0	0	1.38	0	0	0	0
1428519074630124181	CPU_4	100.00	0	0	0	0	0	0	0	0	0
1428519075337436370	CPU_4	97.22	0	0	0	0	1.38	1.38	0	0	0
1428519076092900565	CPU_4	98.66	0	1.33	0	0	0	0	0	0	0
1428519076798257257	CPU_4	98.59	0	0	0	0	1.40	0	0	0	0
1428519077513345225	CPU_4	98.59	0	0	0	0	0	1.40	0	0	0
1428519078215935505	CPU_4	98.59	0	0	0	0	1.40	0	0	0	0
1428519078921599989	CPU_4	100.00	0	0	0	0	0	0	0	0	0
1428519079636713999	CPU_4	98.61	0	0	0	0	1.38	0	0	0	0
1428519080341327359	CPU_4	98.59	0	0	0	0	0	1.40	0	0	0
1428519081055818536	CPU_4	98.61	0	0	0	0	1.38	0	0	0	0
1428519081769793506	CPU_4	98.59	0	0	0	0	1.40	0	0	0	0
1428519082476919487	CPU_4	98.57	0	0	0	0	0	1.42	0	0	0
1428519083191949705	CPU_4	98.61	0	0	0	0	1.38	0	0	0	0
1428519083897855854	CPU_4	100.00	0	0	0	0	0	0	0	0	0
1428519084608114413	CPU_4	98.59	0	0	0	0	1.40	0	0	0	0
1428519085318558639	CPU_4	98.61	0	0	0	0	0	1.38	0	0	0
1428519086025045204	CPU_4	98.59	0	0	0	0	1.40	0	0	0	0
1428519086747447869	CPU_4	100.00	0	0	0	0	0	0	0	0	0
1428519087451693396	CPU_4	97.18	0	0	0	0	1.40	1.40	0	0	0
1428519088157864211	CPU_4	100.00	0	0	0	0	0	0	0	0	0
1428519088873417637	CPU_4	98.61	0	0	0	0	1.38	0	0	0	0
1428519089576736582	CPU_4	100.00	0	0	0	0	0	0	0	0	0
1428519090294982503	CPU_4	97.22	0	0	0	0	1.38	1.38	0	0	0
1428519091004048814	CPU_4	98.61	0	0	0	0	1.38	0	0	0	0
1428519091712351792	CPU_4	100.00	0	0	0	0	0	0	0	0	0
1428519092426225720	CPU_4	97.26	0	0	0	0	1.36	1.36	0	0	0
1428519093134563866	CPU_4	100.00	0	0	0	0	0	0	0	0	0
1428519093849784208	CPU_4	98.59	0	0	0	0	1.40	0	0	0	0
1428519094558449353	CPU_4	100.00	0	0	0	0	0	0	0	0	0
1428519095264853085	CPU_4	97.22	0	0	0	0	1.38	1.38	0	0	0
1428519095984471961	CPU_4	100.00	0	0	0	0	0	0	0	0	0
1428519096688105448	CPU_4	98.59	0	0	0	0	1.40	0	0	0	0
1428519097394489596	CPU_4	100.00	0	0	0	0	0	0	0	0	0
1428519098109775063	CPU_4	97.22	0	0	0	0	1.38	1.38	0	0	0
1428519098815663379	CPU_4	100.00	0	0	0	0	0	0	0	0	0
1428519099531668095	CPU_4	98.61	0	0	0	0	1.38	0	0	0	0
1428519100240206823	CPU_4	98.59	0	0	0	0	0	1.40	0	0	0
1428519100950807048	CPU_4	98.59	0	0	0	0	1.40	0	0	0	0
1428519101667339179	CPU_4	98.59	0	0	0	0	1.40	0	0	0	0
1428519102375125034	CPU_4	100.00	0	0	0	0	0	0	0	0	0
1428519103094523994	CPU_4	97.22	0	0	0	0	1.38	1.38	0	0	0
1428519103800186477	CPU_4	100.00	0	0	0	0	0	0	0	0	0
1428519104508380372	CPU_4	98.61	0	0	0	0	1.38	0	0	0	0
1428519105225069170	CPU_4	98.59	0	0	0	0	0	1.40	0	0	0
1428519105929687571	CPU_4	98.59	0	0	0	0	1.40	0	0	0	0
1428519106636131302	CPU_4	100.00	0	0	0	0	0	0	0	0	0
1428519107354092389	CPU_4	98.61	0	0	0	0	1.38	0	0	0	0
1428519108059877122	CPU_4	98.59	0	0	0	0	0	1.40	0	0	0
1428519108776364587	CPU_4	98.59	0	0	0	0	1.40	0	0	0	0
1428519109483842774	CPU_4	100.00	0	0	0	0	0	0	0	0	0
1428519110192688502	CPU_4	97.18	0	0	0	0	1.40	1.40	0	0	0
1428519110906881762	CPU_4	100.00	0	0	0	0	0	0	0	0	0
1428519111614824157	CPU_4	98.59	0	0	0	0	1.40	0	0	0	0
1428519112328420835	CPU_4	98.59	0	0	0	0	1.40	0	0	0	0
1428519113039169351	CPU_4	98.61	0	0	0	0	0	1.38	0	0	0
1428519113747068829	CPU_4	98.59	0	0	0	0	1.40	0	0	0	0
1428519114466677998	CPU_4	100.00	0	0	0	0	0	0	0	0	0
1428519115173158020	CPU_4	97.18	0	0	0	0	1.40	1.40	0	0	0
1428519115879879626	CPU_4	100.00	0	0	0	0	0	0	0	0	0
1428519116599250461	CPU_4	98.61	0	0	0	0	1.38	0	0	0	0
1428519117309390769	CPU_4	100.00	0	0	0	0	0	0	0	0	0
1428519118026253733	CPU_4	97.26	0	0	0	0	1.36	1.36	0	0	0
1428519118734465211	CPU_4	100.00	0	0	0	0	0	0	0	0	0
1428519119441855357	CPU_4	98.59	0	0	0	0	1.40	0	0	0	0
1428519120157148157	CPU_4	98.59	0	0	0	0	0	1.40	0	0	0
1428519120865827217	CPU_4	98.61	0	0	0	0	1.38	0	0	0	0
1428519121590516918	CPU_4	98.59	0	0	0	0	1.40	0	0	0	0
1428519122297747856	CPU_4	100.00	0	0	0	0	0	0	0	0	0
1428519123006062917	CPU_4	97.22	0	0	0	0	1.38	1.38	0	0	0
1428519123726125334	CPU_4	100.00	0	0	0	0	0	0	0	0	0
1428519124437452182	CPU_4	98.59	0	0	0	0	1.40	0	0	0	0
1428519125142158665	CPU_4	98.59	0	0	0	0	0	1.40	0	0	0
1428519125859542795	CPU_4	98.61	0	0	0	0	1.38	0	0	0	0
1428519126567474190	CPU_4	100.00	0	0	0	0	0	0	0	0	0
1428519127283239572	CPU_4	98.61	0	0	0	0	1.38	0	0	0	0
1428519127989711177	CPU_4	98.59	0	0	0	0	0	1.40	0	0	0
1428519128698435196	CPU_4	98.59	0	0	0	0	1.40	0	0	0	0
1428519129412742830	CPU_4	100.00	0	0	0	0	0	0	0	0	0
1428519130120817517	CPU_4	97.22	0	0	0	0	1.38	1.38	0	0	0
1428519130845961925	CPU_4	100.00	0	0	0	0	0	0	0	0	0
1428519131555305359	CPU_4	98.59	0	0	0	0	1.40	0	0	0	0
1428519132261059466	CPU_4	98.59	0	0	0	0	1.40	0	0	0	0
1428519132978835844	CPU_4	98.61	0	0	0	0	0	1.38	0	0	0
1428519133685475033	CPU_4	98.59	0	0	0	0	1.40	0	0	0	0
1428519134391394472	CPU_4	100.00	0	0	0	0	0	0	0	0	0
1428519135108129228	CPU_4	97.26	0	0	0	0	1.36	1.36	0	0	0
1428519135816291205	CPU_4	100.00	0	0	0	0	0	0	0	0	0
1428519136533730959	CPU_4	98.61	0	0	0	0	1.38	0	0	0	0
1428519137244464891	CPU_4	100.00	0	0	0	0	0	0	0	0	0
1428519137951090496	CPU_4	97.18	0	0	0	0	1.40	1.40	0	0	0
1428519138670787413	CPU_4	100.00	0	0	0	0	0	0	0	0	0
1428519139377947684	CPU_4	98.57	0	0	0	0	1.42	0	0	0	0
1428519140095268563	CPU_4	98.61	0	0	0	0	0	1.38	0	0	0
1428519140802553042	CPU_4	98.59	0	0	0	0	1.40	0	0	0	0
1428519141508988564	CPU_4	98.59	0	0	0	0	1.40	0	0	0	0
1428519142226838192	CPU_4	100.00	0	0	0	0	0	0	0	0	0
1428519142934657461	CPU_4	97.22	0	0	0	0	1.38	1.38	0	0	0
1428519143646300683	CPU_4	100.00	0	0	0	0	0	0	0	0	0
1428519144373145255	CPU_4	98.63	0	0	0	0	1.36	0	0	0	0
1428519145177508618	CPU_4	98.75	0	0	0	0	0	1.25	0	0	0
1428519145895949829	CPU_4	98.63	0	0	0	0	1.36	0	0	0	0
1428519146606305219	CPU_4	100.00	0	0	0	0	0	0	0	0	0
1428519147323140890	CPU_4	98.61	0	0	0	0	1.38	0	0	0	0
1428519148030626327	CPU_4	98.59	0	0	0	0	0	1.40	0	0	0
1428519148739183637	CPU_4	98.59	0	0	0	0	1.40	0	0	0	0
1428519149454494685	CPU_4	100.00	0	0	0	0	0	0	0	0	0
1428519150162271830	CPU_4	97.18	0	0	0	0	1.40	1.40	0	0	0
1428519150881908330	CPU_4	98.61	0	0	0	0	1.38	0	0	0	0
1428519151588383851	CPU_4	100.00	0	0	0	0	0	0	0	0	0
1428519152296600370	CPU_4	98.59	0	0	0	0	1.40	0	0	0	0
1428519153016780827	CPU_4	98.61	0	0	0	0	0	1.38	0	0	0
1428519153727298759	CPU_4	98.61	0	0	0	0	1.38	0	0	0	0
1428519154435116861	CPU_4	100.00	0	0	0	0	0	0	0	0	0
1428519155152209324	CPU_4	97.22	0	0	0	0	1.38	1.38	0	0	0
1428519155861448507	CPU_4	100.00	0	0	0	0	0	0	0	0	0
1428519156580336467	CPU_4	98.61	0	0	0	0	1.38	0	0	0	0
1428519157290452024	CPU_4	100.00	0	0	0	0	0	0	0	0	0
1428519157999292624	CPU_4	97.22	0	0	0	0	1.38	1.38	0	0	0
1428519158717410168	CPU_4	100.00	0	0	0	0	0	0	0	0	0
1428519159426699768	CPU_4	98.59	0	0	0	0	1.40	0	0	0	0
1428519160144684188	CPU_4	97.26	0	0	0	0	1.36	1.36	0	0	0
1428519160854266620	CPU_4	100.00	0	0	0	0	0	0	0	0	0
1428519161560576017	CPU_4	98.59	0	0	0	0	1.40	0	0	0	0
1428519162280267058	CPU_4	100.00	0	0	0	0	0	0	0	0	0
1428519162989161492	CPU_4	97.22	0	0	0	0	1.38	1.38	0	0	0
1428519163705518497	CPU_4	100.00	0	0	0	0	0	0	0	0	0
1428519164419932547	CPU_4	98.61	0	0	0	0	1.38	0	0	0	0
1428519165127323233	CPU_4	98.57	0	0	0	0	0	1.42	0	0	0
1428519165846899691	CPU_4	98.63	0	0	0	0	1.36	0	0	0	0
1428519166554275169	CPU_4	100.00	0	0	0	0	0	0	0	0	0
1428519167262556020	CPU_4	98.59	0	0	0	0	1.40	0	0	0	0
1428519167982537227	CPU_4	97.22	0	0	0	0	1.38	1.38	0	0	0
1428519168689364789	CPU_4	100.00	0	0	0	0	0	0	0	0	0
1428519169407361417	CPU_4	98.59	0	0	0	0	1.40	0	0	0	0
1428519170116809558	CPU_4	98.59	0	0	0	0	0	1.40	0	0	0
1428519170824384577	CPU_4	98.61	0	0	0	0	1.38	0	0	0	0
1428519171542117829	CPU_4	100.00	0	0	0	0	0	0	0	0	0
1428519172250560597	CPU_4	98.61	0	0	0	0	1.38	0	0	0	0
1428519172973785132	CPU_4	98.61	0	0	0	0	0	1.38	0	0	0
1428519173681440151	CPU_4	98.59	0	0	0	0	1.40	0	0	0	0
1428519174391953248	CPU_4	100.00	0	0	0	0	0	0	0	0	0
1428519175110574458	CPU_4	97.26	0	0	0	0	1.36	1.36	0	0	0
1428519175818837642	CPU_4	98.59	0	0	0	0	1.40	0	0	0	0
1428519176543459758	CPU_4	100.00	0	0	0	0	0	0	0	0	0
1428519177253420648	CPU_4	98.59	0	0	0	0	1.40	0	0	0	0
1428519177960329793	CPU_4	98.59	0	0	0	0	0	1.40	0	0	0
1428519178681976372	CPU_4	98.61	0	0	0	0	1.38	0	0	0	0
1428519179394172300	CPU_4	100.00	0	0	0	0	0	0	0	0	0
1428519180107413893	CPU_4	97.22	0	0	0	0	1.38	1.38	0	0	0
1428519180822509150	CPU_4	100.00	0	0	0	0	0	0	0	0	0
1428519181533099747	CPU_4	98.59	0	0	0	0	1.40	0	0	0	0
1428519182251256040	CPU_4	100.00	0	0	0	0	0	0	0	0	0
1428519182959463933	CPU_4	97.22	0	0	0	0	1.38	1.38	0	0	0
1428519183669622864	CPU_4	100.00	0	0	0	0	0	0	0	0	0
1428519184390529486	CPU_4	98.61	0	0	0	0	1.38	0	0	0	0
1428519185097934296	CPU_4	97.22	0	0	0	0	1.38	1.38	0	0	0
1428519185818790585	CPU_4	100.00	0	0	0	0	0	0	0	0	0
1428519186527262143	CPU_4	98.57	0	0	0	0	1.42	0	0	0	0
1428519187237845282	CPU_4	100.00	0	0	0	0	0	0	0	0	0
1428519187954811035	CPU_4	97.26	0	0	0	0	1.36	1.36	0	0	0
1428519188665811840	CPU_4	100.00	0	0	0	0	0	0	0	0	0
1428519189384732965	CPU_4	98.61	0	0	0	0	1.38	0	0	0	0
1428519190092427900	CPU_4	98.59	0	0	0	0	0	1.40	0	0	0
1428519190801370041	CPU_4	98.59	0	0	0	0	1.40	0	0	0	0
1428519191523080911	CPU_4	100.00	0	0	0	0	0	0	0	0	0
1428519192234088883	CPU_4	98.59	0	0	0	0	1.40	0	0	0	0
1428519192948223140	CPU_4	97.22	0	0	0	0	1.38	1.38	0	0	0
1428519193662999230	CPU_4	100.00	0	0	0	0	0	0	0	0	0
1428519194374422742	CPU_4	98.61	0	0	0	0	1.38	0	0	0	0
1428519195095651447	CPU_4	98.61	0	0	0	0	0	1.38	0	0	0
1428519195806484376	CPU_4	98.61	0	0	0	0	1.38	0	0	0	0
1428519196515868350	CPU_4	100.00	0	0	0	0	0	0	0	0	0
1428519197234982391	CPU_4	97.26	0	0	0	0	1.36	1.36	0	0	0
1428519197945288863	CPU_4	100.00	0	0	0	0	0	0	0	0	0
1428519198666458859	CPU_4	98.61	0	0	0	0	1.38	0	0	0	0
1428519199376438457	CPU_4	100.00	0	0	0	0	0	0	0	0	0
1428519200084186350	CPU_4	97.22	0	0	0	0	1.38	1.38	0	0	0
1428519200803827015	CPU_4	100.00	0	0	0	0	0	0	0	0	0
1428519201514813736	CPU_4	98.59	0	0	0	0	1.40	0	0	0	0
1428519202231265989	CPU_4	97.22	0	0	0	0	1.38	1.38	0	0	0
1428519202942869709	CPU_4	100.00	0	0	0	0	0	0	0	0	0
1428519203654939178	CPU_4	98.59	0	0	0	0	1.40	0	0	0	0
1428519204379395044	CPU_4	100.00	0	0	0	0	0	0	0	0	0
1428519205086770437	CPU_4	97.22	0	0	0	0	1.38	1.38	0	0	0
1428519205807077351	CPU_4	100.00	0	0	0	0	0	0	0	0	0
1428519206518026988	CPU_4	98.59	0	0	0	0	1.40	0	0	0	0
1428519207227277170	CPU_4	98.59	0	0	0	0	0	1.40	0	0	0
1428519207947327043	CPU_4	98.63	0	0	0	0	1.36	0	0	0	0
1428519208658922804	CPU_4	100.00	0	0	0	0	0	0	0	0	0
1428519209385597957	CPU_4	98.61	0	0	0	0	1.38	0	0	0	0
1428519210097437468	CPU_4	97.26	0	0	0	0	1.36	1.36	0	0	0
1428519210840675762	CPU_4	100.00	0	0	0	0	0	0	0	0	0
1428519211562193507	CPU_4	98.61	0	0	0	0	1.38	0	0	0	0
1428519212271067939	CPU_4	98.59	0	0	0	0	0	1.40	0	0	0
1428519212998319966	CPU_4	98.63	0	0	0	0	1.36	0	0	0	0
1428519213711144934	CPU_4	100.00	0	0	0	0	0	0	0	0	0
1428519214422857861	CPU_4	98.61	0	0	0	0	1.38	0	0	0	0
1428519215139849072	CPU_4	98.61	0	0	0	0	0	1.38	0	0	0
1428519215851464666	CPU_4	98.59	0	0	0	0	1.40	0	0	0	0
1428519216566675547	CPU_4	100.00	0	0	0	0	0	0	0	0	0
1428519217280459762	CPU_4	97.26	0	0	0	0	1.36	1.36	0	0	0
1428519217991542691	CPU_4	98.59	0	0	0	0	1.40	0	0	0	0
1428519218714316892	CPU_4	100.00	0	0	0	0	0	0	0	0	0
1428519219425551362	CPU_4	98.59	0	0	0	0	1.40	0	0	0	0
1428519220134161044	CPU_4	98.59	0	0	0	0	0	1.40	0	0	0
1428519220853909459	CPU_4	98.61	0	0	0	0	1.38	0	0	0	0
1428519221566146635	CPU_4	100.00	0	0	0	0	0	0	0	0	0
1428519222283351637	CPU_4	97.26	0	0	0	0	1.36	1.36	0	0	0
1428519222995412981	CPU_4	100.00	0	0	0	0	0	0	0	0	0
1428519223705006245	CPU_4	98.59	0	0	0	0	1.40	0	0	0	0
1428519224429220860	CPU_4	100.00	0	0	0	0	0	0	0	0	0
1428519225137892584	CPU_4	97.22	0	0	0	0	1.38	1.38	0	0	0
1428519225859119787	CPU_4	98.61	0	0	0	0	1.38	0	0	0	0
1428519226597622588	CPU_4	100.00	0	0	0	0	0	0	0	0	0
1428519227307303310	CPU_4	97.22	0	0	0	0	1.38	1.38	0	0	0
1428519228028893596	CPU_4	100.00	0	0	0	0	0	0	0	0	0
1428519228741430397	CPU_4	98.59	0	0	0	0	1.40	0	0	0	0
1428519229470287463	CPU_4	98.63	0	0	0	0	0	1.36	0	0	0
1428519230179213978	CPU_4	98.59	0	0	0	0	1.40	0	0	0	0
1428519230890223031	CPU_4	100.00	0	0	0	0	0	0	0	0	0
1428519231628823748	CPU_4	98.66	0	0	0	0	1.33	0	0	0	0
1428519232339827801	CPU_4	98.57	0	0	0	0	0	1.42	0	0	0
1428519233065005039	CPU_4	98.63	0	0	0	0	1.36	0	0	0	0
1428519233774553220	CPU_4	98.59	0	0	0	0	1.40	0	0	0	0
1428519234485531356	CPU_4	98.59	0	0	0	0	0	1.40	0	0	0
1428519235203117232	CPU_4	98.61	0	0	0	0	1.38	0	0	0	0
1428519235915028075	CPU_4	100.00	0	0	0	0	0	0	0	0	0
1428519236626329253	CPU_4	98.59	0	0	0	0	1.40	0	0	0	0
1428519237344269128	CPU_4	98.61	0	0	0	0	0	1.38	0	0	0
1428519238055527222	CPU_4	98.61	0	0	0	0	1.38	0	0	0	0
1428519238776677342	CPU_4	100.00	0	0	0	0	0	0	0	0	0
1428519239486610647	CPU_4	97.22	0	0	0	0	1.38	1.38	0	0	0
1428519240195202912	CPU_4	100.00	0	0	0	0	0	0	0	0	0
1428519240915967741	CPU_4	98.61	0	0	0	0	1.38	0	0	0	0
1428519241631720369	CPU_4	98.61	0	0	0	0	1.38	0	0	0	0
1428519242378887613	CPU_4	98.66	0	0	0	0	0	1.33	0	0	0
1428519243091409497	CPU_4	98.59	0	0	0	0	1.40	0	0	0	0
1428519243801629718	CPU_4	100.00	0	0	0	0	0	0	0	0	0
1428519244523410961	CPU_4	97.29	0	0	0	0	1.35	1.35	0	0	0
1428519245229932105	CPU_4	100.00	0	0	0	0	0	0	0	0	0
1428519245951574974	CPU_4	98.61	0	0	0	0	1.38	0	0	0	0
1428519246663324358	CPU_4	100.00	0	0	0	0	0	0	0	0	0
1428519247376847615	CPU_4	97.22	0	0	0	0	1.38	1.38	0	0	0
1428519248095561614	CPU_4	98.59	0	0	0	0	1.40	0	0	0	0
1428519248808554955	CPU_4	100.00	0	0	0	0	0	0	0	0	0
1428519249531881779	CPU_4	97.26	0	0	0	0	1.36	1.36	0	0	0
1428519250242363999	CPU_4	100.00	0	0	0	0	0	0	0	0	0
1428519250953444677	CPU_4	98.59	0	0	0	0	1.40	0	0	0	0
1428519251675125920	CPU_4	100.00	0	0	0	0	0	0	0	0	0
1428519252386001223	CPU_4	97.22	0	0	0	0	1.38	1.38	0	0	0
1428519253116189536	CPU_4	100.00	0	0	0	0	0	0	0	0	0
1428519253826615048	CPU_4	98.61	0	0	0	0	1.38	0	0	0	0
1428519254539023140	CPU_4	98.61	0	0	0	0	0	1.38	0	0	0
1428519255256701181	CPU_4	98.59	0	0	0	0	1.40	0	0	0	0
1428519255968948857	CPU_4	98.61	0	0	0	0	1.38	0	0	0	0
1428519256680994366	CPU_4	100.00	0	0	0	0	0	0	0	0	0
1428519257402168402	CPU_4	97.26	0	0	0	0	1.36	1.36	0	0	0
1428519258138911204	CPU_4	100.00	0	0	0	0	0	0	0	0	0
1428519258861158030	CPU_4	98.63	0	0	0	0	1.36	0	0	0	0
1428519259572188832	CPU_4	98.59	0	0	0	0	0	1.40	0	0	0
1428519260290629331	CPU_4	98.61	0	0	0	0	1.38	0	0	0	0
1428519261006520667	CPU_4	100.00	0	0	0	0	0	0	0	0	0
1428519261719853632	CPU_4	97.22	0	0	0	0	1.38	1.38	0	0	0
1428519262441434833	CPU_4	98.61	0	0	0	0	1.38	0	0	0	0
1428519263165202490	CPU_4	100.00	0	0	0	0	0	0	0	0	0
1428519263888308481	CPU_4	98.63	0	0	0	0	1.36	0	0	0	0
1428519264615020216	CPU_4	98.63	0	0	0	0	0	1.36	0	0	0
1428519265329503137	CPU_4	98.61	0	0	0	0	1.38	0	0	0	0
1428519266050800798	CPU_4	100.00	0	0	0	0	0	0	0	0	0
1428519266765559969	CPU_4	97.26	0	0	0	0	1.36	1.36	0	0	0
1428519267479739849	CPU_4	100.00	0	0	0	0	0	0	0	0	0
1428519268196820224	CPU_4	98.61	0	0	0	0	1.38	0	0	0	0
1428519268909929690	CPU_4	100.00	0	0	0	0	0	0	0	0	0
1428519269659891762	CPU_4	97.36	0	0	0	0	1.31	1.31	0	0	0
1428519270371498563	CPU_4	98.59	0	0	0	0	1.40	0	0	0	0
1428519271095046178	CPU_4	100.00	0	0	0	0	0	0	0	0	0
1428519271808213768	CPU_4	97.26	0	0	0	0	1.36	1.36	0	0	0
1428519272520273235	CPU_4	100.00	0	0	0	0	0	0	0	0	0
1428519273243019309	CPU_4	98.61	0	0	0	0	1.38	0	0	0	0
1428519273952922571	CPU_4	100.00	0	0	0	0	0	0	0	0	0
1428519274666413786	CPU_4	97.26	0	0	0	0	1.36	1.36	0	0	0
1428519275386433323	CPU_4	100.00	0	0	0	0	0	0	0	0	0
1428519276096668543	CPU_4	98.59	0	0	0	0	1.40	0	0	0	0
1428519276819635325	CPU_4	98.63	0	0	0	0	0	1.36	0	0	0
1428519277531665083	CPU_4	98.59	0	0	0	0	1.40	0	0	0	0
1428519278244118466	CPU_4	100.00	0	0	0	0	0	0	0	0	0
1428519278983967179	CPU_4	98.66	0	0	0	0	1.33	0	0	0	0
1428519279694821939	CPU_4	97.22	0	0	0	0	1.38	1.38	0	0	0
1428519280416500474	CPU_4	100.00	0	0	0	0	0	0	0	0	0
1428519281126778068	CPU_4	98.59	0	0	0	0	1.40	0	0	0	0
1428519281838564619	CPU_4	98.61	0	0	0	0	0	1.38	0	0	0
1428519282560032070	CPU_4	98.61	0	0	0	0	1.38	0	0	0	0
1428519283273880159	CPU_4	100.00	0	0	0	0	0	0	0	0	0
1428519284011828875	CPU_4	97.29	0	0	0	0	1.35	1.35	0	0	0
1428519284724105716	CPU_4	100.00	0	0	0	0	0	0	0	0	0
1428519285435114642	CPU_4	98.59	0	0	0	0	1.40	0	0	0	0
1428519286157686383	CPU_4	98.61	0	0	0	0	1.38	0	0	0	0
1428519286869373600	CPU_4	98.61	0	0	0	0	0	1.38	0	0	0
1428519287591492259	CPU_4	98.61	0	0	0	0	1.38	0	0	0	0
1428519288301760561	CPU_4	100.00	0	0	0	0	0	0	0	0	0
1428519289029204836	CPU_4	97.29	0	0	0	0	1.35	1.35	0	0	0
1428519289747489917	CPU_4	100.00	0	0	0	0	0	0	0	0	0
1428519290460035091	CPU_4	98.61	0	0	0	0	1.38	0	0	0	0
1428519291182227666	CPU_4	100.00	0	0	0	0	0	0	0	0	0
1428519291891791511	CPU_4	97.22	0	0	0	0	1.38	1.38	0	0	0
1428519292604950017	CPU_4	100.00	0	0	0	0	0	0	0	0	0
1428519293326507843	CPU_4	98.61	0	0	0	0	1.38	0	0	0	0
1428519294035719689	CPU_4	98.59	0	0	0	0	0	1.40	0	0	0
1428519294756908724	CPU_4	98.61	0	0	0	0	1.38	0	0	0	0
1428519295467738275	CPU_4	98.59	0	0	0	0	1.40	0	0	0	0
1428519296181437572	CPU_4	100.00	0	0	0	0	0	0	0	0	0
1428519296904247312	CPU_4	97.29	0	0	0	0	1.35	1.35	0	0	0
1428519297619863398	CPU_4	100.00	0	0	0	0	0	0	0	0	0
1428519298342692054	CPU_4	98.61	0	0	0	0	1.38	0	0	0	0
1428519299054434854	CPU_4	98.59	0	0	0	0	0	1.40	0	0	0
1428519299765558239	CPU_4	98.61	0	0	0	0	1.38	0	0	0	0
1428519300487858146	CPU_4	100.00	0	0	0	0	0	0	0	0	0
1428519301203298440	CPU_4	98.61	0	0	0	0	1.38	0	0	0	0
1428519301925033599	CPU_4	98.61	0	0	0	0	0	1.38	0	0	0
1428519302637745314	CPU_4	98.59	0	0	0	0	1.40	0	0	0	0
1428519303350643070	CPU_4	98.61	0	0	0	0	1.38	0	0	0	0
1428519304071831437	CPU_4	98.61	0	0	0	0	0	1.38	0	0	0
1428519304793244346	CPU_4	98.61	0	0	0	0	1.38	0	0	0	0
1428519305515878670	CPU_4	100.00	0	0	0	0	0	0	0	0	0
1428519306229656300	CPU_4	98.61	0	0	0	0	1.38	0	0	0	0
1428519306940297101	CPU_4	98.59	0	0	0	0	0	1.40	0	0	0
1428519307664043465	CPU_4	98.61	0	0	0	0	1.38	0	0	0	0
1428519308375079890	CPU_4	100.00	0	0	0	0	0	0	0	0	0
1428519309098044505	CPU_4	97.26	0	0	0	0	1.36	1.36	0	0	0
1428519309809827346	CPU_4	100.00	0	0	0	0	0	0	0	0	0
1428519310522802894	CPU_4	98.59	0	0	0	0	1.40	0	0	0	0
1428519311245320051	CPU_4	100.00	0	0	0	0	0	0	0	0	0
1428519311955780352	CPU_4	97.18	0	0	0	0	1.40	1.40	0	0	0
1428519312677389386	CPU_4	98.61	0	0	0	0	1.38	0	0	0	0
1428519313389883601	CPU_4	100.00	0	0	0	0	0	0	0	0	0
1428519314101369901	CPU_4	97.22	0	0	0	0	1.38	1.38	0	0	0
1428519314824052932	CPU_4	100.00	0	0	0	0	0	0	0	0	0
1428519315535611815	CPU_4	98.59	0	0	0	0	1.40	0	0	0	0
1428519316262275590	CPU_4	100.00	0	0	0	0	0	0	0	0	0
1428519316976554469	CPU_4	97.26	0	0	0	0	1.36	1.36	0	0	0
1428519317690512848	CPU_4	100.00	0	0	0	0	0	0	0	0	0
1428519318412452714	CPU_4	98.63	0	0	0	0	1.36	0	0	0	0
1428519319124538346	CPU_4	98.59	0	0	0	0	0	1.40	0	0	0
1428519319850099248	CPU_4	98.61	0	0	0	0	1.38	0	0	0	0
1428519320568592328	CPU_4	98.63	0	0	0	0	1.36	0	0	0	0
1428519321280886876	CPU_4	98.59	0	0	0	0	0	1.40	0	0	0
1428519322003128866	CPU_4	98.61	0	0	0	0	1.38	0	0	0	0
1428519322716595913	CPU_4	100.00	0	0	0	0	0	0	0	0	0
1428519323438271571	CPU_4	98.61	0	0	0	0	1.38	0	0	0	0
1428519324157190275	CPU_4	98.61	0	0	0	0	0	1.38	0	0	0
1428519324870538488	CPU_4	98.61	0	0	0	0	1.38	0	0	0	0
1428519325598816719	CPU_4	100.00	0	0	0	0	0	0	0	0	0
1428519326312192973	CPU_4	97.22	0	0	0	0	1.38	1.38	0	0	0
1428519327026606351	CPU_4	100.00	0	0	0	0	0	0	0	0	0
1428519327751306879	CPU_4	98.63	0	0	0	0	1.36	0	0	0	0
1428519328463172595	CPU_4	100.00	0	0	0	0	0	0	0	0	0
1428519329187476415	CPU_4	97.26	0	0	0	0	1.36	1.36	0	0	0
1428519329897672341	CPU_4	98.61	0	0	0	0	1.38	0	0	0	0
1428519330614597215	CPU_4	100.00	0	0	0	0	0	0	0	0	0
1428519331335197875	CPU_4	97.29	0	0	0	0	1.35	1.35	0	0	0
1428519332045680009	CPU_4	100.00	0	0	0	0	0	0	0	0	0
1428519332768123707	CPU_4	98.61	0	0	0	0	1.38	0	0	0	0
1428519333482249877	CPU_4	100.00	0	0	0	0	0	0	0	0	0
1428519334196303339	CPU_4	97.26	0	0	0	0	1.36	1.36	0	0	0
1428519334923486862	CPU_4	100.00	0	0	0	0	0	0	0	0	0
1428519335636901158	CPU_4	98.59	0	0	0	0	1.40	0	0	0	0
1428519336363231100	CPU_4	98.63	0	0	0	0	0	1.36	0	0	0
1428519337078953309	CPU_4	98.61	0	0	0	0	1.38	0	0	0	0
1428519337792755646	CPU_4	98.59	0	0	0	0	1.40	0	0	0	0
1428519338515211136	CPU_4	100.00	0	0	0	0	0	0	0	0	0
1428519339231504260	CPU_4	97.22	0	0	0	0	1.38	1.38	0	0	0
1428519339952648127	CPU_4	100.00	0	0	0	0	0	0	0	0	0
1428519340666955046	CPU_4	98.59	0	0	0	0	1.40	0	0	0	0
1428519341386370457	CPU_4	98.61	0	0	0	0	0	1.38	0	0	0
1428519342110296694	CPU_4	98.63	0	0	0	0	1.36	0	0	0	0
1428519342821715410	CPU_4	100.00	0	0	0	0	0	0	0	0	0
1428519343544962815	CPU_4	98.63	0	0	0	0	1.36	0	0	0	0
1428519344259233026	CPU_4	98.61	0	0	0	0	0	1.38	0	0	0
1428519344971742782	CPU_4	98.57	0	0	0	0	1.42	0	0	0	0
1428519345697871348	CPU_4	98.63	0	0	0	0	1.36	0	0	0	0
1428519346411562019	CPU_4	98.61	0	0	0	0	0	1.38	0	0	0
1428519347135845797	CPU_4	98.63	0	0	0	0	1.36	0	0	0	0
1428519347848075261	CPU_4	100.00	0	0	0	0	0	0	0	0	0
1428519348562992887	CPU_4	98.61	0	0	0	0	1.38	0	0	0	0
1428519349285722501	CPU_4	98.61	0	0	0	0	0	1.38	0	0	0
1428519349997673716	CPU_4	98.59	0	0	0	0	1.40	0	0	0	0
1428519350722748867	CPU_4	100.00	0	0	0	0	0	0	0	0	0
1428519351435832747	CPU_4	97.26	0	0	0	0	1.36	1.36	0	0	0
1428519352153338202	CPU_4	100.00	0	0	0	0	0	0	0	0	0
1428519352872099531	CPU_4	98.59	0	0	0	0	1.40	0	0	0	0
1428519353585848701	CPU_4	98.61	0	0	0	0	1.38	0	0	0	0
1428519354310992894	CPU_4	98.63	0	0	0	0	0	1.36	0	0	0
1428519355028039225	CPU_4	98.59	0	0	0	0	1.40	0	0	0	0
1428519355742782602	CPU_4	100.00	0	0	0	0	0	0	0	0	0
1428519356466191339	CPU_4	97.29	0	0	0	0	1.35	1.35	0	0	0
1428519357182343422	CPU_4	100.00	0	0	0	0	0	0	0	0	0
1428519357904796452	CPU_4	98.61	0	0	0	0	1.38	0	0	0	0
1428519358621212701	CPU_4	98.61	0	0	0	0	0	1.38	0	0	0
1428519359340626903	CPU_4	98.61	0	0	0	0	1.38	0	0	0	0
1428519360059790564	CPU_4	100.00	0	0	0	0	0	0	0	0	0
1428519360773213318	CPU_4	98.61	0	0	0	0	1.38	0	0	0	0
1428519361497608929	CPU_4	97.26	0	0	0	0	1.36	1.36	0	0	0
1428519362215789966	CPU_4	100.00	0	0	0	0	0	0	0	0	0
1428519362937757622	CPU_4	98.61	0	0	0	0	1.38	0	0	0	0
1428519363656362993	CPU_4	98.61	0	0	0	0	0	1.38	0	0	0
1428519364370316412	CPU_4	98.61	0	0	0	0	1.38	0	0	0	0
1428519365095092522	CPU_4	100.00	0	0	0	0	0	0	0	0	0
1428519365809241441	CPU_4	98.61	0	0	0	0	1.38	0	0	0	0
1428519366528344227	CPU_4	98.59	0	0	0	0	0	1.40	0	0	0
1428519367252139213	CPU_4	98.63	0	0	0	0	1.36	0	0	0	0
1428519367968438878	CPU_4	100.00	0	0	0	0	0	0	0	0	0
1428519368692364365	CPU_4	97.26	0	0	0	0	1.36	1.36	0	0	0
1428519369408204656	CPU_4	100.00	0	0	0	0	0	0	0	0	0
1428519370132840266	CPU_4	98.61	0	0	0	0	1.38	0	0	0	0
1428519370856148420	CPU_4	98.63	0	0	0	0	1.36	0	0	0	0
1428519371569022882	CPU_4	98.61	0	0	0	0	0	1.38	0	0	0
1428519372294125408	CPU_4	98.63	0	0	0	0	1.36	0	0	0	0
1428519373010017865	CPU_4	100.00	0	0	0	0	0	0	0	0	0
1428519373737600012	CPU_4	97.26	0	0	0	0	1.36	1.36	0	0	0
1428519374453113845	CPU_4	100.00	0	0	0	0	0	0	0	0	0
1428519375171464966	CPU_4	98.61	0	0	0	0	1.38	0	0	0	0
1428519375896708908	CPU_4	100.00	0	0	0	0	0	0	0	0	0
1428519376610829118	CPU_4	97.22	0	0	0	0	1.38	1.38	0	0	0
1428519377345262420	CPU_4	100.00	0	0	0	0	0	0	0	0	0
1428519378061318919	CPU_4	98.63	0	0	0	0	1.36	0	0	0	0
1428519378779298956	CPU_4	97.22	0	0	0	0	1.38	1.38	0	0	0
1428519379504705065	CPU_4	100.00	0	0	0	0	0	0	0	0	0
1428519380219324399	CPU_4	98.61	0	0	0	0	1.38	0	0	0	0
1428519380952958786	CPU_4	100.00	0	0	0	0	0	0	0	0	0
1428519381672186779	CPU_4	97.26	0	0	0	0	1.36	1.36	0	0	0
1428519382386372656	CPU_4	100.00	0	0	0	0	0	0	0	0	0
1428519383114688968	CPU_4	98.63	0	0	0	0	1.36	0	0	0	0
1428519383838807995	CPU_4	98.63	0	0	0	0	0	1.36	0	0	0
1428519384567497765	CPU_4	98.63	0	0	0	0	1.36	0	0	0	0
1428519385284084637	CPU_4	100.00	0	0	0	0	0	0	0	0	0
1428519385997954806	CPU_4	97.18	0	0	0	0	1.40	1.40	0	0	0
1428519386727200533	CPU_4	98.64	0	0	0	0	1.35	0	0	0	0
1428519387440234537	CPU_4	57.14	0	1.42	41.42	0	0	0	0	0	0
