#Timestamp	CPU_ID	user%	nice%	sys%	idle%	iowait%	irq%	softiq%	steal%	guest%	guest_nice%
1428510354872178613	CPU_4	79.03	0	16.12	3.22	0	1.61	0	0	0	0
1428510355582172929	CPU_4	97.18	0	0	0	0	1.40	1.40	0	0	0
1428510356308012795	CPU_4	97.26	0	0	0	0	1.36	1.36	0	0	0
1428510357019829774	CPU_4	98.59	0	0	0	0	1.40	0	0	0	0
1428510357737979781	CPU_4	95.83	0	0	0	0	2.77	1.38	0	0	0
1428510358460507528	CPU_4	98.61	0	0	0	0	1.38	0	0	0	0
1428510359175907791	CPU_4	97.22	0	0	0	0	1.38	1.38	0	0	0
1428510359905843273	CPU_4	98.63	0	0	0	0	1.36	0	0	0	0
1428510360623513865	CPU_4	97.22	0	0	0	0	1.38	1.38	0	0	0
1428510361337951171	CPU_4	98.59	0	0	0	0	1.40	0	0	0	0
1428510362064805660	CPU_4	97.26	0	0	0	0	1.36	1.36	0	0	0
1428510362780878963	CPU_4	98.59	0	0	0	0	1.40	0	0	0	0
1428510363504829833	CPU_4	97.26	0	0	0	0	1.36	1.36	0	0	0
1428510364220784262	CPU_4	98.59	0	0	0	0	1.40	0	0	0	0
1428510364939692018	CPU_4	97.26	0	0	0	0	1.36	1.36	0	0	0
1428510365667853046	CPU_4	97.22	0	0	0	0	1.38	1.38	0	0	0
1428510366382341853	CPU_4	98.59	0	0	0	0	1.40	0	0	0	0
1428510367107844053	CPU_4	97.26	0	0	0	0	1.36	1.36	0	0	0
1428510367823354191	CPU_4	98.59	0	0	0	0	1.40	0	0	0	0
1428510368542626321	CPU_4	97.22	0	0	0	0	1.38	1.38	0	0	0
1428510369267952897	CPU_4	98.61	0	0	0	0	1.38	0	0	0	0
1428510369988980315	CPU_4	97.26	0	0	0	0	1.36	1.36	0	0	0
1428510370718414382	CPU_4	98.61	0	0	0	0	1.38	0	0	0	0
1428510371437172763	CPU_4	97.26	0	0	0	0	1.36	1.36	0	0	0
1428510372154662856	CPU_4	98.59	0	0	0	0	1.40	0	0	0	0
1428510372886228960	CPU_4	97.29	0	0	0	0	1.35	1.35	0	0	0
1428510373603962636	CPU_4	97.22	0	0	0	0	2.77	0	0	0	0
1428510374331786998	CPU_4	97.22	0	0	0	0	1.38	1.38	0	0	0
1428510375050642129	CPU_4	97.26	0	0	0	0	1.36	1.36	0	0	0
1428510375771325590	CPU_4	98.59	0	0	0	0	1.40	0	0	0	0
1428510376499191577	CPU_4	97.29	0	0	0	0	1.35	1.35	0	0	0
1428510377217510627	CPU_4	98.59	0	0	0	0	1.40	0	0	0	0
1428510377949420314	CPU_4	97.29	0	0	0	0	1.35	1.35	0	0	0
1428510378669167235	CPU_4	98.59	0	0	0	0	1.40	0	0	0	0
1428510379387503076	CPU_4	97.22	0	0	0	0	1.38	1.38	0	0	0
1428510380116169646	CPU_4	98.63	0	0	0	0	1.36	0	0	0	0
1428510380834859361	CPU_4	97.22	0	0	0	0	1.38	1.38	0	0	0
1428510381564873011	CPU_4	98.61	0	0	0	0	1.38	0	0	0	0
1428510382282956728	CPU_4	97.22	0	0	0	0	1.38	1.38	0	0	0
1428510382999905822	CPU_4	97.22	0	0	0	0	1.38	1.38	0	0	0
1428510383744009983	CPU_4	98.64	0	0	0	0	1.35	0	0	0	0
1428510384495909253	CPU_4	97.26	0	0	0	0	1.36	1.36	0	0	0
1428510385265439027	CPU_4	98.73	0	0	0	0	1.26	0	0	0	0
1428510385984415867	CPU_4	97.26	0	0	0	0	1.36	1.36	0	0	0
1428510386714038934	CPU_4	97.26	0	0	0	0	2.73	0	0	0	0
1428510387432858775	CPU_4	97.22	0	0	0	0	1.38	1.38	0	0	0
1428510388155274608	CPU_4	97.22	0	0	0	0	1.38	1.38	0	0	0
1428510388883727636	CPU_4	98.61	0	0	0	0	1.38	0	0	0	0
1428510389622806642	CPU_4	97.33	0	0	0	0	1.33	1.33	0	0	0
1428510390352960375	CPU_4	98.61	0	0	0	0	1.38	0	0	0	0
1428510391075581499	CPU_4	97.26	0	0	0	0	1.36	1.36	0	0	0
1428510391804173819	CPU_4	98.63	0	0	0	0	1.36	0	0	0	0
1428510392522087412	CPU_4	97.18	0	0	0	0	1.40	1.40	0	0	0
1428510393241204711	CPU_4	98.61	0	0	0	0	1.38	0	0	0	0
1428510393971117736	CPU_4	97.26	0	0	0	0	1.36	1.36	0	0	0
1428510394691166949	CPU_4	97.22	0	0	0	0	1.38	1.38	0	0	0
1428510395418386189	CPU_4	98.61	0	0	0	0	1.38	0	0	0	0
1428510396140038691	CPU_4	97.26	0	0	0	0	1.36	1.36	0	0	0
1428510396859424572	CPU_4	98.61	0	0	0	0	1.38	0	0	0	0
1428510397589716347	CPU_4	97.26	0	0	0	0	1.36	1.36	0	0	0
1428510398307014983	CPU_4	97.22	0	0	0	0	2.77	0	0	0	0
1428510399037455383	CPU_4	97.26	0	0	0	0	1.36	1.36	0	0	0
1428510399758953093	CPU_4	98.61	0	0	0	0	1.38	0	0	0	0
1428510400481362510	CPU_4	97.26	0	0	0	0	1.36	1.36	0	0	0
1428510401208850083	CPU_4	98.61	0	0	0	0	1.38	0	0	0	0
1428510401927613383	CPU_4	97.22	0	0	0	0	1.38	1.38	0	0	0
1428510402660572861	CPU_4	97.29	0	0	0	0	1.35	1.35	0	0	0
1428510403381032574	CPU_4	98.59	0	0	0	0	1.40	0	0	0	0
1428510404098014502	CPU_4	97.22	0	0	0	0	1.38	1.38	0	0	0
1428510404827761821	CPU_4	98.63	0	0	0	0	1.36	0	0	0	0
1428510405546247496	CPU_4	97.22	0	0	0	0	1.38	1.38	0	0	0
1428510406279569890	CPU_4	98.63	0	0	0	0	1.36	0	0	0	0
1428510406997525775	CPU_4	97.22	0	0	0	0	1.38	1.38	0	0	0
1428510407722122396	CPU_4	98.59	0	0	0	0	1.40	0	0	0	0
1428510408446197060	CPU_4	97.29	0	0	0	0	1.35	1.35	0	0	0
1428510409166444524	CPU_4	98.59	0	0	0	0	1.40	0	0	0	0
1428510409898313671	CPU_4	97.29	0	0	0	0	1.35	1.35	0	0	0
1428510410618530343	CPU_4	97.22	0	0	0	0	1.38	1.38	0	0	0
1428510411358496265	CPU_4	98.63	0	0	0	0	1.36	0	0	0	0
1428510412081377056	CPU_4	97.26	0	0	0	0	1.36	1.36	0	0	0
1428510412801492937	CPU_4	98.61	0	0	0	0	1.38	0	0	0	0
1428510413533425751	CPU_4	97.26	0	0	0	0	1.36	1.36	0	0	0
1428510414259926077	CPU_4	98.63	0	0	0	0	1.36	0	0	0	0
1428510414994931134	CPU_4	95.94	0	0	0	0	2.70	1.35	0	0	0
1428510415714054351	CPU_4	98.61	0	0	0	0	1.38	0	0	0	0
1428510416434379148	CPU_4	97.22	0	0	0	0	1.38	1.38	0	0	0
1428510417169007498	CPU_4	98.63	0	0	0	0	1.36	0	0	0	0
1428510417892107248	CPU_4	97.22	0	0	0	0	1.38	1.38	0	0	0
1428510418623407147	CPU_4	97.29	0	0	0	0	1.35	1.35	0	0	0
1428510419344514817	CPU_4	98.61	0	0	0	0	1.38	0	0	0	0
1428510420066084529	CPU_4	97.22	0	0	0	0	1.38	1.38	0	0	0
1428510420799791298	CPU_4	98.63	0	0	0	0	1.36	0	0	0	0
1428510421519235306	CPU_4	97.26	0	0	0	0	1.36	1.36	0	0	0
1428510422253038324	CPU_4	98.61	0	0	0	0	1.38	0	0	0	0
1428510422973152831	CPU_4	97.22	0	0	0	0	1.38	1.38	0	0	0
1428510423717790951	CPU_4	98.64	0	0	0	0	1.35	0	0	0	0
1428510424437415584	CPU_4	97.26	0	0	0	0	1.36	1.36	0	0	0
1428510425159437836	CPU_4	98.61	0	0	0	0	1.38	0	0	0	0
1428510425891173776	CPU_4	97.26	0	0	0	0	1.36	1.36	0	0	0
1428510426614231068	CPU_4	97.26	0	0	0	0	1.36	1.36	0	0	0
1428510427350108958	CPU_4	98.63	0	0	0	0	1.36	0	0	0	0
1428510428071564629	CPU_4	95.89	0	0	0	0	2.73	1.36	0	0	0
1428510428793037299	CPU_4	98.59	0	0	0	0	1.40	0	0	0	0
1428510429526511861	CPU_4	97.29	0	0	0	0	1.35	1.35	0	0	0
1428510430245310995	CPU_4	98.61	0	0	0	0	1.38	0	0	0	0
1428510430985597792	CPU_4	97.29	0	0	0	0	1.35	1.35	0	0	0
1428510431775026735	CPU_4	98.73	0	0	0	0	1.26	0	0	0	0
1428510432510241084	CPU_4	97.26	0	0	0	0	1.36	1.36	0	0	0
1428510433230896798	CPU_4	97.22	0	0	0	0	1.38	1.38	0	0	0
1428510433952128345	CPU_4	98.61	0	0	0	0	1.38	0	0	0	0
1428510434685536990	CPU_4	97.29	0	0	0	0	1.35	1.35	0	0	0
1428510435407615076	CPU_4	98.59	0	0	0	0	1.40	0	0	0	0
1428510436140867680	CPU_4	97.29	0	0	0	0	1.35	1.35	0	0	0
1428510436862004894	CPU_4	98.61	0	0	0	0	1.38	0	0	0	0
1428510437586265309	CPU_4	97.26	0	0	0	0	1.36	1.36	0	0	0
1428510438320133161	CPU_4	98.63	0	0	0	0	1.36	0	0	0	0
1428510439042652789	CPU_4	97.22	0	0	0	0	1.38	1.38	0	0	0
1428510439776612641	CPU_4	97.29	0	0	0	0	1.35	1.35	0	0	0
1428510440496022067	CPU_4	98.59	0	0	0	0	1.40	0	0	0	0
1428510441235418325	CPU_4	96.00	0	0	0	0	2.66	1.33	0	0	0
1428510441956104164	CPU_4	98.61	0	0	0	0	1.38	0	0	0	0
1428510442681870451	CPU_4	97.26	0	0	0	0	1.36	1.36	0	0	0
1428510443411943479	CPU_4	98.61	0	0	0	0	1.38	0	0	0	0
1428510444134357648	CPU_4	97.26	0	0	0	0	1.36	1.36	0	0	0
1428510444868754167	CPU_4	98.63	0	0	0	0	1.36	0	0	0	0
1428510445592749292	CPU_4	97.26	0	0	0	0	1.36	1.36	0	0	0
1428510446311309677	CPU_4	97.22	0	0	0	0	1.38	1.38	0	0	0
1428510447044709615	CPU_4	98.63	0	0	0	0	1.36	0	0	0	0
1428510447771734900	CPU_4	97.26	0	0	0	0	1.36	1.36	0	0	0
1428510448504632505	CPU_4	98.63	0	0	0	0	1.36	0	0	0	0
1428510449224541763	CPU_4	97.22	0	0	0	0	1.38	1.38	0	0	0
1428510449946838975	CPU_4	98.59	0	0	0	0	1.40	0	0	0	0
1428510450677655127	CPU_4	97.29	0	0	0	0	1.35	1.35	0	0	0
1428510451400874003	CPU_4	98.61	0	0	0	0	1.38	0	0	0	0
1428510452133096485	CPU_4	97.26	0	0	0	0	1.36	1.36	0	0	0
1428510452857900900	CPU_4	98.61	0	0	0	0	1.38	0	0	0	0
1428510453591123338	CPU_4	97.29	0	0	0	0	1.35	1.35	0	0	0
1428510454314401339	CPU_4	97.26	0	0	0	0	1.36	1.36	0	0	0
1428510455033521808	CPU_4	98.59	0	0	0	0	1.40	0	0	0	0
1428510455768055619	CPU_4	97.29	0	0	0	0	1.35	1.35	0	0	0
1428510456490022373	CPU_4	98.61	0	0	0	0	1.38	0	0	0	0
1428510457222743854	CPU_4	95.94	0	0	0	0	2.70	1.35	0	0	0
1428510457942345822	CPU_4	98.59	0	0	0	0	1.40	0	0	0	0
1428510458666825029	CPU_4	97.26	0	0	0	0	1.36	1.36	0	0	0
1428510459402923170	CPU_4	98.63	0	0	0	0	1.36	0	0	0	0
1428510460126660546	CPU_4	97.26	0	0	0	0	1.36	1.36	0	0	0
1428510460861730522	CPU_4	98.63	0	0	0	0	1.36	0	0	0	0
1428510461585234899	CPU_4	97.26	0	0	0	0	1.36	1.36	0	0	0
1428510462318340338	CPU_4	97.26	0	0	0	0	1.36	1.36	0	0	0
1428510463045093957	CPU_4	98.63	0	0	0	0	1.36	0	0	0	0
1428510463765971881	CPU_4	97.22	0	0	0	0	1.38	1.38	0	0	0
1428510464500024234	CPU_4	98.63	0	0	0	0	1.36	0	0	0	0
1428510465223148028	CPU_4	97.22	0	0	0	0	1.38	1.38	0	0	0
1428510465957883589	CPU_4	98.63	0	0	0	0	1.36	0	0	0	0
1428510466680714634	CPU_4	97.26	0	0	0	0	1.36	1.36	0	0	0
1428510467403543803	CPU_4	98.61	0	0	0	0	1.38	0	0	0	0
1428510468137604366	CPU_4	97.29	0	0	0	0	1.35	1.35	0	0	0
1428510468862505739	CPU_4	97.22	0	0	0	0	1.38	1.38	0	0	0
1428510469599283296	CPU_4	98.63	0	0	0	0	1.36	0	0	0	0
1428510470319597846	CPU_4	97.26	0	0	0	0	1.36	1.36	0	0	0
1428510471044065138	CPU_4	98.61	0	0	0	0	1.38	0	0	0	0
1428510471782237358	CPU_4	96.00	0	0	0	0	2.66	1.33	0	0	0
1428510472507781231	CPU_4	98.61	0	0	0	0	1.38	0	0	0	0
1428510473241030920	CPU_4	97.29	0	0	0	0	1.35	1.35	0	0	0
1428510473967292624	CPU_4	98.61	0	0	0	0	1.38	0	0	0	0
1428510474702917225	CPU_4	97.26	0	0	0	0	1.36	1.36	0	0	0
1428510475425225105	CPU_4	97.26	0	0	0	0	1.36	1.36	0	0	0
1428510476146693569	CPU_4	98.61	0	0	0	0	1.38	0	0	0	0
1428510476882004296	CPU_4	97.26	0	0	0	0	1.36	1.36	0	0	0
1428510477608984999	CPU_4	98.63	0	0	0	0	1.36	0	0	0	0
1428510478342970479	CPU_4	97.26	0	0	0	0	1.36	1.36	0	0	0
1428510479064898860	CPU_4	98.61	0	0	0	0	1.38	0	0	0	0
1428510479789032402	CPU_4	97.26	0	0	0	0	1.36	1.36	0	0	0
1428510480522185925	CPU_4	98.63	0	0	0	0	1.36	0	0	0	0
1428510481248154464	CPU_4	97.26	0	0	0	0	1.36	1.36	0	0	0
1428510481980298406	CPU_4	97.26	0	0	0	0	1.36	1.36	0	0	0
1428510482704819240	CPU_4	97.26	0	0	0	0	2.73	0	0	0	0
1428510483444626166	CPU_4	97.29	0	0	0	0	1.35	1.35	0	0	0
1428510484168552417	CPU_4	98.61	0	0	0	0	1.38	0	0	0	0
1428510484891943045	CPU_4	97.26	0	0	0	0	1.36	1.36	0	0	0
1428510485625868109	CPU_4	98.63	0	0	0	0	1.36	0	0	0	0
1428510486350448901	CPU_4	97.26	0	0	0	0	1.36	1.36	0	0	0
1428510487084955880	CPU_4	98.63	0	0	0	0	1.36	0	0	0	0
1428510487810733627	CPU_4	97.26	0	0	0	0	1.36	1.36	0	0	0
1428510488531295845	CPU_4	97.22	0	0	0	0	1.38	1.38	0	0	0
1428510489265805991	CPU_4	98.61	0	0	0	0	1.38	0	0	0	0
1428510489989234452	CPU_4	97.26	0	0	0	0	1.36	1.36	0	0	0
1428510490724086680	CPU_4	98.63	0	0	0	0	1.36	0	0	0	0
1428510491444805481	CPU_4	97.26	0	0	0	0	1.36	1.36	0	0	0
1428510492170639937	CPU_4	98.61	0	0	0	0	1.38	0	0	0	0
1428510492903238212	CPU_4	97.26	0	0	0	0	1.36	1.36	0	0	0
1428510493626541882	CPU_4	98.61	0	0	0	0	1.38	0	0	0	0
1428510494362176859	CPU_4	97.29	0	0	0	0	1.35	1.35	0	0	0
1428510495090797351	CPU_4	98.61	0	0	0	0	1.38	0	0	0	0
1428510495825155331	CPU_4	97.29	0	0	0	0	1.35	1.35	0	0	0
1428510496547717878	CPU_4	97.26	0	0	0	0	1.36	1.36	0	0	0
1428510497274098000	CPU_4	97.26	0	0	0	0	2.73	0	0	0	0
1428510498008936604	CPU_4	97.29	0	0	0	0	1.35	1.35	0	0	0
1428510498732943106	CPU_4	98.59	0	0	0	0	1.40	0	0	0	0
1428510499466931837	CPU_4	97.29	0	0	0	0	1.35	1.35	0	0	0
1428510500208856093	CPU_4	98.64	0	0	0	0	1.35	0	0	0	0
1428510500948029271	CPU_4	97.29	0	0	0	0	1.35	1.35	0	0	0
1428510501676183848	CPU_4	97.26	0	0	0	0	1.36	1.36	0	0	0
1428510502399966725	CPU_4	98.61	0	0	0	0	1.38	0	0	0	0
1428510503134994288	CPU_4	97.29	0	0	0	0	1.35	1.35	0	0	0
1428510503867429147	CPU_4	98.61	0	0	0	0	1.38	0	0	0	0
1428510504606906117	CPU_4	97.33	0	0	0	0	1.33	1.33	0	0	0
1428510505345300088	CPU_4	98.63	0	0	0	0	1.36	0	0	0	0
1428510506070260630	CPU_4	97.26	0	0	0	0	1.36	1.36	0	0	0
1428510506809240559	CPU_4	97.29	0	0	0	0	2.70	0	0	0	0
1428510507530265485	CPU_4	97.22	0	0	0	0	1.38	1.38	0	0	0
1428510508267728292	CPU_4	97.29	0	0	0	0	1.35	1.35	0	0	0
1428510508994693122	CPU_4	98.63	0	0	0	0	1.36	0	0	0	0
1428510509760891327	CPU_4	97.40	0	0	0	0	1.29	1.29	0	0	0
1428510510499122341	CPU_4	98.63	0	0	0	0	1.36	0	0	0	0
1428510511221795846	CPU_4	97.26	0	0	0	0	1.36	1.36	0	0	0
1428510511957919157	CPU_4	98.63	0	0	0	0	1.36	0	0	0	0
1428510512684238946	CPU_4	97.26	0	0	0	0	1.36	1.36	0	0	0
1428510513419331301	CPU_4	98.63	0	0	0	0	1.36	0	0	0	0
1428510514141507057	CPU_4	97.22	0	0	0	0	1.38	1.38	0	0	0
1428510514878501241	CPU_4	97.29	0	0	0	0	1.35	1.35	0	0	0
1428510515602510369	CPU_4	98.61	0	0	0	0	1.38	0	0	0	0
1428510516327982369	CPU_4	97.26	0	0	0	0	1.36	1.36	0	0	0
1428510517062466850	CPU_4	98.63	0	0	0	0	1.36	0	0	0	0
1428510517788576681	CPU_4	97.26	0	0	0	0	1.36	1.36	0	0	0
1428510518524242826	CPU_4	98.63	0	0	0	0	1.36	0	0	0	0
1428510519249548660	CPU_4	95.94	0	0	0	0	2.70	1.35	0	0	0
1428510519971603834	CPU_4	98.59	0	0	0	0	1.40	0	0	0	0
1428510520708095478	CPU_4	97.29	0	0	0	0	1.35	1.35	0	0	0
1428510521431653232	CPU_4	97.26	0	0	0	0	1.36	1.36	0	0	0
1428510522167676793	CPU_4	98.63	0	0	0	0	1.36	0	0	0	0
1428510522896493119	CPU_4	97.26	0	0	0	0	1.36	1.36	0	0	0
1428510523630576935	CPU_4	98.63	0	0	0	0	1.36	0	0	0	0
1428510524356247143	CPU_4	97.26	0	0	0	0	1.36	1.36	0	0	0
1428510525084497096	CPU_4	98.61	0	0	0	0	1.38	0	0	0	0
1428510525820156949	CPU_4	97.29	0	0	0	0	1.35	1.35	0	0	0
1428510526542997997	CPU_4	98.61	0	0	0	0	1.38	0	0	0	0
1428510527280401639	CPU_4	97.29	0	0	0	0	1.35	1.35	0	0	0
1428510528006167555	CPU_4	98.61	0	0	0	0	1.38	0	0	0	0
1428510528746052234	CPU_4	97.26	0	0	0	0	1.36	1.36	0	0	0
1428510529474203645	CPU_4	97.33	0	0	0	0	1.33	1.33	0	0	0
1428510530199074647	CPU_4	98.59	0	0	0	0	1.40	0	0	0	0
1428510530935062750	CPU_4	96.00	0	0	0	0	2.66	1.33	0	0	0
1428510531664967200	CPU_4	98.63	0	0	0	0	1.36	0	0	0	0
1428510532403584214	CPU_4	97.29	0	0	0	0	1.35	1.35	0	0	0
1428510533126580387	CPU_4	98.61	0	0	0	0	1.38	0	0	0	0
1428510533851469472	CPU_4	97.26	0	0	0	0	1.36	1.36	0	0	0
1428510534587465492	CPU_4	98.63	0	0	0	0	1.36	0	0	0	0
1428510535312613536	CPU_4	97.22	0	0	0	0	1.38	1.38	0	0	0
1428510536046074811	CPU_4	97.29	0	0	0	0	1.35	1.35	0	0	0
1428510536773515308	CPU_4	98.61	0	0	0	0	1.38	0	0	0	0
1428510537506535210	CPU_4	97.26	0	0	0	0	1.36	1.36	0	0	0
1428510538237179991	CPU_4	98.63	0	0	0	0	1.36	0	0	0	0
1428510538959910373	CPU_4	97.26	0	0	0	0	1.36	1.36	0	0	0
1428510539695103812	CPU_4	98.63	0	0	0	0	1.36	0	0	0	0
1428510540420015898	CPU_4	97.26	0	0	0	0	1.36	1.36	0	0	0
1428510541156715708	CPU_4	98.63	0	0	0	0	1.36	0	0	0	0
1428510541885895577	CPU_4	97.26	0	0	0	0	1.36	1.36	0	0	0
1428510542609829414	CPU_4	97.26	0	0	0	0	1.36	1.36	0	0	0
1428510543346010976	CPU_4	97.29	0	0	0	0	2.70	0	0	0	0
1428510544070892645	CPU_4	97.26	0	0	0	0	1.36	1.36	0	0	0
1428510544807722623	CPU_4	98.63	0	0	0	0	1.36	0	0	0	0
1428510545530213630	CPU_4	97.26	0	0	0	0	1.36	1.36	0	0	0
1428510546271714598	CPU_4	98.61	0	0	0	0	1.38	0	0	0	0
1428510546998068056	CPU_4	97.29	0	0	0	0	1.35	1.35	0	0	0
1428510547723557349	CPU_4	98.61	0	0	0	0	1.38	0	0	0	0
1428510548458027498	CPU_4	97.29	0	0	0	0	1.35	1.35	0	0	0
1428510549185939911	CPU_4	97.26	0	0	0	0	1.36	1.36	0	0	0
1428510549922794388	CPU_4	98.63	0	0	0	0	1.36	0	0	0	0
1428510550648352765	CPU_4	97.26	0	0	0	0	1.36	1.36	0	0	0
1428510551372131770	CPU_4	98.61	0	0	0	0	1.38	0	0	0	0
1428510552108303499	CPU_4	97.29	0	0	0	0	1.35	1.35	0	0	0
1428510552834725166	CPU_4	98.61	0	0	0	0	1.38	0	0	0	0
1428510553570541770	CPU_4	97.29	0	0	0	0	1.35	1.35	0	0	0
1428510554299675723	CPU_4	98.61	0	0	0	0	1.38	0	0	0	0
1428510555034927496	CPU_4	97.29	0	0	0	0	1.35	1.35	0	0	0
1428510555768725980	CPU_4	97.29	0	0	0	0	2.70	0	0	0	0
1428510556494908147	CPU_4	97.26	0	0	0	0	1.36	1.36	0	0	0
1428510557232500082	CPU_4	97.29	0	0	0	0	1.35	1.35	0	0	0
1428510557959256664	CPU_4	98.61	0	0	0	0	1.38	0	0	0	0
1428510558697835888	CPU_4	97.29	0	0	0	0	1.35	1.35	0	0	0
1428510559424065597	CPU_4	98.63	0	0	0	0	1.36	0	0	0	0
1428510560149993765	CPU_4	97.26	0	0	0	0	1.36	1.36	0	0	0
1428510560889870945	CPU_4	98.63	0	0	0	0	1.36	0	0	0	0
1428510561619347522	CPU_4	97.29	0	0	0	0	1.35	1.35	0	0	0
1428510562357504372	CPU_4	98.61	0	0	0	0	1.38	0	0	0	0
1428510563086667575	CPU_4	97.26	0	0	0	0	1.36	1.36	0	0	0
1428510563824255552	CPU_4	97.33	0	0	0	0	1.33	1.33	0	0	0
1428510564550577594	CPU_4	98.61	0	0	0	0	1.38	0	0	0	0
1428510565277913884	CPU_4	97.26	0	0	0	0	1.36	1.36	0	0	0
1428510566015283944	CPU_4	98.63	0	0	0	0	1.36	0	0	0	0
1428510566741853570	CPU_4	97.26	0	0	0	0	1.36	1.36	0	0	0
1428510567481922333	CPU_4	98.64	0	0	0	0	1.35	0	0	0	0
1428510568205410465	CPU_4	97.26	0	0	0	0	1.36	1.36	0	0	0
1428510568946580767	CPU_4	97.26	0	0	0	0	2.73	0	0	0	0
1428510569673950974	CPU_4	97.26	0	0	0	0	1.36	1.36	0	0	0
1428510570401735430	CPU_4	97.29	0	0	0	0	1.35	1.35	0	0	0
1428510571137759869	CPU_4	98.63	0	0	0	0	1.36	0	0	0	0
1428510571865300367	CPU_4	97.26	0	0	0	0	1.36	1.36	0	0	0
1428510572602001596	CPU_4	98.63	0	0	0	0	1.36	0	0	0	0
1428510573332241964	CPU_4	97.29	0	0	0	0	1.35	1.35	0	0	0
1428510574055145097	CPU_4	98.61	0	0	0	0	1.38	0	0	0	0
1428510574792672366	CPU_4	97.29	0	0	0	0	1.35	1.35	0	0	0
1428510575517875786	CPU_4	98.59	0	0	0	0	1.40	0	0	0	0
1428510576255869762	CPU_4	97.33	0	0	0	0	1.33	1.33	0	0	0
1428510576984076885	CPU_4	97.22	0	0	0	0	1.38	1.38	0	0	0
1428510577718155786	CPU_4	98.63	0	0	0	0	1.36	0	0	0	0
1428510578444938786	CPU_4	97.29	0	0	0	0	1.35	1.35	0	0	0
1428510579174620030	CPU_4	98.61	0	0	0	0	1.38	0	0	0	0
1428510579911441093	CPU_4	97.29	0	0	0	0	1.35	1.35	0	0	0
1428510580635474557	CPU_4	98.61	0	0	0	0	1.38	0	0	0	0
1428510581373127951	CPU_4	97.29	0	0	0	0	1.35	1.35	0	0	0
1428510582100074660	CPU_4	98.63	0	0	0	0	1.36	0	0	0	0
1428510582836600681	CPU_4	95.94	0	0	0	0	2.70	1.35	0	0	0
1428510583567955547	CPU_4	97.26	0	0	0	0	1.36	1.36	0	0	0
1428510584296821793	CPU_4	98.63	0	0	0	0	1.36	0	0	0	0
1428510585035900976	CPU_4	97.29	0	0	0	0	1.35	1.35	0	0	0
1428510585764503306	CPU_4	98.63	0	0	0	0	1.36	0	0	0	0
1428510586503130865	CPU_4	97.29	0	0	0	0	1.35	1.35	0	0	0
1428510587226420540	CPU_4	98.61	0	0	0	0	1.38	0	0	0	0
1428510587954132497	CPU_4	97.26	0	0	0	0	1.36	1.36	0	0	0
1428510588690794644	CPU_4	98.63	0	0	0	0	1.36	0	0	0	0
1428510589420696346	CPU_4	97.26	0	0	0	0	1.36	1.36	0	0	0
1428510590154955081	CPU_4	97.29	0	0	0	0	1.35	1.35	0	0	0
1428510590882806663	CPU_4	98.61	0	0	0	0	1.38	0	0	0	0
1428510591620874682	CPU_4	97.29	0	0	0	0	1.35	1.35	0	0	0
1428510592373871044	CPU_4	98.63	0	0	0	0	1.36	0	0	0	0
1428510593107873321	CPU_4	94.73	0	2.63	0	0	1.31	1.31	0	0	0
1428510593845378591	CPU_4	98.63	0	0	0	0	1.36	0	0	0	0
1428510594581300656	CPU_4	97.29	0	0	0	0	1.35	1.35	0	0	0
1428510595321939711	CPU_4	97.29	0	0	0	0	2.70	0	0	0	0
1428510596050089918	CPU_4	97.26	0	0	0	0	1.36	1.36	0	0	0
1428510596789490601	CPU_4	97.33	0	0	0	0	1.33	1.33	0	0	0
1428510597516672268	CPU_4	98.61	0	0	0	0	1.38	0	0	0	0
1428510598244134184	CPU_4	97.26	0	0	0	0	1.36	1.36	0	0	0
1428510598984996114	CPU_4	98.64	0	0	0	0	1.35	0	0	0	0
1428510599718396268	CPU_4	97.26	0	0	0	0	1.36	1.36	0	0	0
1428510600459601739	CPU_4	98.64	0	0	0	0	1.35	0	0	0	0
1428510601188174236	CPU_4	97.26	0	0	0	0	1.36	1.36	0	0	0
1428510601931153203	CPU_4	97.29	0	0	0	0	1.35	1.35	0	0	0
1428510602663272485	CPU_4	98.63	0	0	0	0	1.36	0	0	0	0
1428510603394837185	CPU_4	97.29	0	0	0	0	1.35	1.35	0	0	0
1428510604130333460	CPU_4	98.63	0	0	0	0	1.36	0	0	0	0
1428510604863262740	CPU_4	97.26	0	0	0	0	1.36	1.36	0	0	0
1428510605602404215	CPU_4	98.64	0	0	0	0	1.35	0	0	0	0
1428510606331989711	CPU_4	97.26	0	0	0	0	1.36	1.36	0	0	0
1428510607073450015	CPU_4	97.29	0	0	0	0	2.70	0	0	0	0
1428510607800965974	CPU_4	97.26	0	0	0	0	1.36	1.36	0	0	0
1428510608530588886	CPU_4	97.29	0	0	0	0	1.35	1.35	0	0	0
1428510609271960648	CPU_4	98.63	0	0	0	0	1.36	0	0	0	0
1428510610005084095	CPU_4	97.29	0	0	0	0	1.35	1.35	0	0	0
1428510610744741403	CPU_4	98.64	0	0	0	0	1.35	0	0	0	0
1428510611476006354	CPU_4	97.26	0	0	0	0	1.36	1.36	0	0	0
1428510612215758412	CPU_4	98.64	0	0	0	0	1.35	0	0	0	0
1428510612945448491	CPU_4	97.26	0	0	0	0	1.36	1.36	0	0	0
1428510613675009279	CPU_4	97.26	0	0	0	0	1.36	1.36	0	0	0
1428510614413939755	CPU_4	98.63	0	0	0	0	1.36	0	0	0	0
1428510615145949913	CPU_4	97.29	0	0	0	0	1.35	1.35	0	0	0
1428510615887417675	CPU_4	98.63	0	0	0	0	1.36	0	0	0	0
1428510616616743131	CPU_4	97.29	0	0	0	0	1.35	1.35	0	0	0
1428510617367822290	CPU_4	98.64	0	0	0	0	1.35	0	0	0	0
1428510618096628663	CPU_4	95.94	0	0	0	0	2.70	1.35	0	0	0
1428510618825133911	CPU_4	98.63	0	0	0	0	1.36	0	0	0	0
1428510619566539591	CPU_4	97.29	0	0	0	0	1.35	1.35	0	0	0
1428510620298061875	CPU_4	97.26	0	0	0	0	1.36	1.36	0	0	0
1428510621041187009	CPU_4	98.64	0	0	0	0	1.35	0	0	0	0
1428510621772583127	CPU_4	97.29	0	0	0	0	1.35	1.35	0	0	0
1428510622515132554	CPU_4	98.63	0	0	0	0	1.36	0	0	0	0
1428510623246103173	CPU_4	97.29	0	0	0	0	1.35	1.35	0	0	0
1428510623985481482	CPU_4	98.63	0	0	0	0	1.36	0	0	0	0
1428510624741923297	CPU_4	97.36	0	0	0	0	1.31	1.31	0	0	0
1428510625473252540	CPU_4	97.26	0	0	0	0	1.36	1.36	0	0	0
1428510626213315931	CPU_4	98.64	0	0	0	0	1.35	0	0	0	0
1428510626945923671	CPU_4	97.29	0	0	0	0	1.35	1.35	0	0	0
1428510627688944931	CPU_4	97.29	0	0	0	0	2.70	0	0	0	0
1428510628418944927	CPU_4	97.26	0	0	0	0	1.36	1.36	0	0	0
1428510629148003925	CPU_4	98.63	0	0	0	0	1.36	0	0	0	0
1428510629889584772	CPU_4	97.33	0	0	0	0	1.33	1.33	0	0	0
1428510630622786469	CPU_4	97.26	0	0	0	0	1.36	1.36	0	0	0
1428510631364400691	CPU_4	98.64	0	0	0	0	1.35	0	0	0	0
1428510632092437399	CPU_4	97.26	0	0	0	0	1.36	1.36	0	0	0
1428510632831868292	CPU_4	98.63	0	0	0	0	1.36	0	0	0	0
1428510633561922497	CPU_4	97.26	0	0	0	0	1.36	1.36	0	0	0
1428510634290964120	CPU_4	98.63	0	0	0	0	1.36	0	0	0	0
1428510635034237546	CPU_4	97.29	0	0	0	0	1.35	1.35	0	0	0
1428510635764917083	CPU_4	98.63	0	0	0	0	1.36	0	0	0	0
1428510636505137641	CPU_4	97.29	0	0	0	0	1.35	1.35	0	0	0
1428510637235408678	CPU_4	97.29	0	0	0	0	1.35	1.35	0	0	0
1428510637976584151	CPU_4	97.29	0	0	0	0	2.70	0	0	0	0
1428510638704467902	CPU_4	97.26	0	0	0	0	1.36	1.36	0	0	0
1428510639435673938	CPU_4	98.63	0	0	0	0	1.36	0	0	0	0
1428510640177488243	CPU_4	97.29	0	0	0	0	1.35	1.35	0	0	0
1428510640907096782	CPU_4	98.63	0	0	0	0	1.36	0	0	0	0
1428510641648897295	CPU_4	97.29	0	0	0	0	1.35	1.35	0	0	0
1428510642375867715	CPU_4	97.26	0	0	0	0	1.36	1.36	0	0	0
1428510643116583022	CPU_4	98.63	0	0	0	0	1.36	0	0	0	0
1428510643846956934	CPU_4	97.29	0	0	0	0	1.35	1.35	0	0	0
1428510644577690763	CPU_4	98.61	0	0	0	0	1.38	0	0	0	0
1428510645321195273	CPU_4	97.33	0	0	0	0	1.33	1.33	0	0	0
1428510646051152061	CPU_4	98.63	0	0	0	0	1.36	0	0	0	0
1428510646792551784	CPU_4	97.29	0	0	0	0	1.35	1.35	0	0	0
1428510647524004070	CPU_4	98.63	0	0	0	0	1.36	0	0	0	0
1428510648263441130	CPU_4	95.94	0	0	0	0	2.70	1.35	0	0	0
1428510648992892795	CPU_4	97.29	0	0	0	0	1.35	1.35	0	0	0
1428510649723303791	CPU_4	98.61	0	0	0	0	1.38	0	0	0	0
1428510650466512343	CPU_4	97.33	0	0	0	0	1.33	1.33	0	0	0
1428510651195764592	CPU_4	98.63	0	0	0	0	1.36	0	0	0	0
1428510651936950149	CPU_4	97.29	0	0	0	0	1.35	1.35	0	0	0
1428510652666709521	CPU_4	98.63	0	0	0	0	1.36	0	0	0	0
1428510653411697278	CPU_4	97.29	0	0	0	0	1.35	1.35	0	0	0
1428510654142387899	CPU_4	97.26	0	0	0	0	1.36	1.36	0	0	0
1428510654874292726	CPU_4	98.63	0	0	0	0	1.36	0	0	0	0
1428510655618450776	CPU_4	97.33	0	0	0	0	1.33	1.33	0	0	0
1428510656346855985	CPU_4	98.61	0	0	0	0	1.38	0	0	0	0
1428510657094974611	CPU_4	97.36	0	0	0	0	1.31	1.31	0	0	0
1428510657825386982	CPU_4	97.26	0	0	0	0	2.73	0	0	0	0
1428510658568934784	CPU_4	97.29	0	0	0	0	1.35	1.35	0	0	0
1428510659302992148	CPU_4	97.29	0	0	0	0	1.35	1.35	0	0	0
1428510660032656521	CPU_4	98.61	0	0	0	0	1.38	0	0	0	0
1428510660775664783	CPU_4	97.33	0	0	0	0	1.33	1.33	0	0	0
1428510661507252694	CPU_4	98.63	0	0	0	0	1.36	0	0	0	0
1428510662255054487	CPU_4	97.33	0	0	0	0	1.33	1.33	0	0	0
1428510662985788317	CPU_4	98.61	0	0	0	0	1.38	0	0	0	0
1428510663732930445	CPU_4	97.33	0	0	0	0	1.33	1.33	0	0	0
1428510664464694022	CPU_4	98.63	0	0	0	0	1.36	0	0	0	0
1428510665195940184	CPU_4	97.26	0	0	0	0	1.36	1.36	0	0	0
1428510665938064906	CPU_4	97.33	0	0	0	0	1.33	1.33	0	0	0
1428510666666952323	CPU_4	98.61	0	0	0	0	1.38	0	0	0	0
1428510667411947664	CPU_4	96.05	0	0	0	0	2.63	1.31	0	0	0
1428510668142594619	CPU_4	98.61	0	0	0	0	1.38	0	0	0	0
1428510668883901343	CPU_4	97.33	0	0	0	0	1.33	1.33	0	0	0
1428510669616607668	CPU_4	98.63	0	0	0	0	1.36	0	0	0	0
1428510670345856251	CPU_4	97.26	0	0	0	0	1.36	1.36	0	0	0
1428510671087768932	CPU_4	97.29	0	0	0	0	1.35	1.35	0	0	0
1428510671818495512	CPU_4	98.63	0	0	0	0	1.36	0	0	0	0
1428510672564298519	CPU_4	97.29	0	0	0	0	1.35	1.35	0	0	0
1428510673296670303	CPU_4	98.63	0	0	0	0	1.36	0	0	0	0
1428510674037177404	CPU_4	97.33	0	0	0	0	1.33	1.33	0	0	0
1428510674767922151	CPU_4	98.61	0	0	0	0	1.38	0	0	0	0
1428510675500530644	CPU_4	97.29	0	0	0	0	1.35	1.35	0	0	0
1428510676242207909	CPU_4	97.29	0	0	0	0	1.35	1.35	0	0	0
1428510676971644033	CPU_4	98.63	0	0	0	0	1.36	0	0	0	0
1428510677717113332	CPU_4	96.00	0	0	0	0	2.66	1.33	0	0	0
1428510678447159497	CPU_4	98.63	0	0	0	0	1.36	0	0	0	0
1428510679189887802	CPU_4	97.33	0	0	0	0	1.33	1.33	0	0	0
1428510679920237258	CPU_4	98.61	0	0	0	0	1.38	0	0	0	0
1428510680649143801	CPU_4	97.26	0	0	0	0	1.36	1.36	0	0	0
1428510681391992689	CPU_4	98.64	0	0	0	0	1.35	0	0	0	0
1428510682123295268	CPU_4	97.26	0	0	0	0	1.36	1.36	0	0	0
1428510682867573944	CPU_4	97.33	0	0	0	0	1.33	1.33	0	0	0
1428510683597973526	CPU_4	98.61	0	0	0	0	1.38	0	0	0	0
1428510684337279838	CPU_4	97.33	0	0	0	0	1.33	1.33	0	0	0
1428510685067426170	CPU_4	98.61	0	0	0	0	1.38	0	0	0	0
1428510685798182625	CPU_4	97.29	0	0	0	0	1.35	1.35	0	0	0
1428510686539712099	CPU_4	98.64	0	0	0	0	1.35	0	0	0	0
1428510687273086383	CPU_4	95.94	0	0	0	0	2.70	1.35	0	0	0
1428510688015817813	CPU_4	97.29	0	0	0	0	1.35	1.35	0	0	0
1428510688746546352	CPU_4	98.63	0	0	0	0	1.36	0	0	0	0
1428510689489961448	CPU_4	97.33	0	0	0	0	1.33	1.33	0	0	0
1428510690221326152	CPU_4	98.61	0	0	0	0	1.38	0	0	0	0
1428510690951683275	CPU_4	97.29	0	0	0	0	1.35	1.35	0	0	0
1428510691695425037	CPU_4	98.63	0	0	0	0	1.36	0	0	0	0
1428510692426563408	CPU_4	97.29	0	0	0	0	1.35	1.35	0	0	0
1428510693172374291	CPU_4	98.64	0	0	0	0	1.35	0	0	0	0
1428510693904477202	CPU_4	97.26	0	0	0	0	1.36	1.36	0	0	0
1428510694646161260	CPU_4	97.33	0	0	0	0	1.33	1.33	0	0	0
1428510695378443546	CPU_4	98.61	0	0	0	0	1.38	0	0	0	0
1428510696111957246	CPU_4	97.29	0	0	0	0	1.35	1.35	0	0	0
1428510696855710633	CPU_4	97.33	0	0	0	0	2.66	0	0	0	0
1428510697586820963	CPU_4	97.26	0	0	0	0	1.36	1.36	0	0	0
1428510698329890185	CPU_4	98.64	0	0	0	0	1.35	0	0	0	0
1428510699062018513	CPU_4	97.26	0	0	0	0	1.36	1.36	0	0	0
1428510699807674313	CPU_4	97.33	0	0	0	0	1.33	1.33	0	0	0
1428510700540250973	CPU_4	98.63	0	0	0	0	1.36	0	0	0	0
1428510701272877259	CPU_4	97.29	0	0	0	0	1.35	1.35	0	0	0
1428510702013119278	CPU_4	98.63	0	0	0	0	1.36	0	0	0	0
1428510702746526937	CPU_4	97.29	0	0	0	0	1.35	1.35	0	0	0
1428510703491877030	CPU_4	98.64	0	0	0	0	1.35	0	0	0	0
1428510704229121514	CPU_4	97.29	0	0	0	0	1.35	1.35	0	0	0
1428510704971885737	CPU_4	97.29	0	0	0	0	1.35	1.35	0	0	0
1428510705705682603	CPU_4	98.63	0	0	0	0	1.36	0	0	0	0
1428510706436235852	CPU_4	95.94	0	0	0	0	2.70	1.35	0	0	0
1428510707180162989	CPU_4	98.64	0	0	0	0	1.35	0	0	0	0
1428510707912279276	CPU_4	97.29	0	0	0	0	1.35	1.35	0	0	0
1428510708659962530	CPU_4	98.64	0	0	0	0	1.35	0	0	0	0
1428510709389677739	CPU_4	97.29	0	0	0	0	1.35	1.35	0	0	0
1428510710132796544	CPU_4	97.29	0	0	0	0	1.35	1.35	0	0	0
1428510710865605996	CPU_4	98.61	0	0	0	0	1.38	0	0	0	0
1428510711605135685	CPU_4	97.29	0	0	0	0	1.35	1.35	0	0	0
1428510712348245449	CPU_4	98.64	0	0	0	0	1.35	0	0	0	0
1428510713081183609	CPU_4	97.29	0	0	0	0	1.35	1.35	0	0	0
1428510713824308081	CPU_4	98.64	0	0	0	0	1.35	0	0	0	0
1428510714556222827	CPU_4	97.29	0	0	0	0	1.35	1.35	0	0	0
1428510715301911003	CPU_4	97.29	0	0	0	0	2.70	0	0	0	0
1428510716036858367	CPU_4	97.29	0	0	0	0	1.35	1.35	0	0	0
1428510716788119948	CPU_4	97.33	0	0	0	0	1.33	1.33	0	0	0
1428510717521542149	CPU_4	98.63	0	0	0	0	1.36	0	0	0	0
1428510718254997225	CPU_4	97.29	0	0	0	0	1.35	1.35	0	0	0
1428510719000073027	CPU_4	98.64	0	0	0	0	1.35	0	0	0	0
1428510719735666474	CPU_4	97.29	0	0	0	0	1.35	1.35	0	0	0
1428510720476032119	CPU_4	98.63	0	0	0	0	1.36	0	0	0	0
1428510721207943324	CPU_4	97.29	0	0	0	0	1.35	1.35	0	0	0
1428510721951120005	CPU_4	97.29	0	0	0	0	1.35	1.35	0	0	0
1428510722684743456	CPU_4	98.63	0	0	0	0	1.36	0	0	0	0
1428510723418879114	CPU_4	95.94	0	0	0	0	2.70	1.35	0	0	0
1428510724162313378	CPU_4	98.64	0	0	0	0	1.35	0	0	0	0
1428510724895869246	CPU_4	97.29	0	0	0	0	1.35	1.35	0	0	0
1428510725640883799	CPU_4	98.64	0	0	0	0	1.35	0	0	0	0
1428510726374041209	CPU_4	97.29	0	0	0	0	1.35	1.35	0	0	0
1428510727119791968	CPU_4	98.64	0	0	0	0	1.35	0	0	0	0
1428510727850172593	CPU_4	97.26	0	0	0	0	1.36	1.36	0	0	0
1428510728581336092	CPU_4	97.26	0	0	0	0	1.36	1.36	0	0	0
1428510729329604929	CPU_4	98.66	0	0	0	0	1.33	0	0	0	0
1428510730061281009	CPU_4	97.26	0	0	0	0	1.36	1.36	0	0	0
1428510730807883225	CPU_4	98.64	0	0	0	0	1.35	0	0	0	0
1428510731538966141	CPU_4	97.29	0	0	0	0	1.35	1.35	0	0	0
1428510732284239734	CPU_4	97.29	0	0	0	0	2.70	0	0	0	0
1428510733015488024	CPU_4	97.29	0	0	0	0	1.35	1.35	0	0	0
1428510733757661374	CPU_4	97.29	0	0	0	0	1.35	1.35	0	0	0
1428510734504535173	CPU_4	98.64	0	0	0	0	1.35	0	0	0	0
1428510735236378920	CPU_4	97.29	0	0	0	0	1.35	1.35	0	0	0
1428510735978514646	CPU_4	98.64	0	0	0	0	1.35	0	0	0	0
1428510736713405595	CPU_4	97.26	0	0	0	0	1.36	1.36	0	0	0
1428510737456787026	CPU_4	98.64	0	0	0	0	1.35	0	0	0	0
1428510738193813971	CPU_4	97.29	0	0	0	0	1.35	1.35	0	0	0
1428510738935579406	CPU_4	98.64	0	0	0	0	1.35	0	0	0	0
1428510739673276807	CPU_4	97.29	0	0	0	0	1.35	1.35	0	0	0
1428510740406533010	CPU_4	97.29	0	0	0	0	1.35	1.35	0	0	0
1428510741151777646	CPU_4	97.29	0	0	0	0	2.70	0	0	0	0
1428510741886841428	CPU_4	97.29	0	0	0	0	1.35	1.35	0	0	0
1428510742630384235	CPU_4	98.64	0	0	0	0	1.35	0	0	0	0
1428510743365472517	CPU_4	97.29	0	0	0	0	1.35	1.35	0	0	0
1428510744115003936	CPU_4	98.66	0	0	0	0	1.33	0	0	0	0
1428510744857409453	CPU_4	97.29	0	0	0	0	1.35	1.35	0	0	0
1428510745710167737	CPU_4	97.64	0	0	0	0	1.17	1.17	0	0	0
1428510746442600317	CPU_4	98.63	0	0	0	0	1.36	0	0	0	0
1428510747193011692	CPU_4	97.33	0	0	0	0	1.33	1.33	0	0	0
1428510747924848106	CPU_4	98.63	0	0	0	0	1.36	0	0	0	0
1428510748660355096	CPU_4	97.29	0	0	0	0	1.35	1.35	0	0	0
1428510749404497277	CPU_4	96.00	0	0	0	0	2.66	1.33	0	0	0
1428510750141756721	CPU_4	98.63	0	0	0	0	1.36	0	0	0	0
1428510750885400653	CPU_4	97.33	0	0	0	0	1.33	1.33	0	0	0
1428510751617735733	CPU_4	98.63	0	0	0	0	1.36	0	0	0	0
1428510752362314371	CPU_4	97.33	0	0	0	0	1.33	1.33	0	0	0
1428510753100102648	CPU_4	98.63	0	0	0	0	1.36	0	0	0	0
1428510753835040973	CPU_4	97.29	0	0	0	0	1.35	1.35	0	0	0
1428510754580818483	CPU_4	98.64	0	0	0	0	1.35	0	0	0	0
1428510755314919435	CPU_4	97.26	0	0	0	0	1.36	1.36	0	0	0
1428510756060133988	CPU_4	97.33	0	0	0	0	1.33	1.33	0	0	0
1428510756794281940	CPU_4	98.63	0	0	0	0	1.36	0	0	0	0
1428510757539937950	CPU_4	97.33	0	0	0	0	1.33	1.33	0	0	0
1428510758273914402	CPU_4	98.63	0	0	0	0	1.36	0	0	0	0
1428510759012270054	CPU_4	97.29	0	0	0	0	1.35	1.35	0	0	0
1428510759754121489	CPU_4	98.64	0	0	0	0	1.35	0	0	0	0
1428510760490105979	CPU_4	97.29	0	0	0	0	1.35	1.35	0	0	0
1428510761235244657	CPU_4	96.00	0	0	0	0	2.66	1.33	0	0	0
1428510761968492820	CPU_4	98.63	0	0	0	0	1.36	0	0	0	0
1428510762711541544	CPU_4	97.33	0	0	0	0	1.33	1.33	0	0	0
1428510763444730040	CPU_4	98.63	0	0	0	0	1.36	0	0	0	0
1428510764189726011	CPU_4	97.33	0	0	0	0	1.33	1.33	0	0	0
1428510764926775248	CPU_4	98.63	0	0	0	0	1.36	0	0	0	0
1428510765667130437	CPU_4	97.29	0	0	0	0	1.35	1.35	0	0	0
1428510766411997284	CPU_4	97.29	0	0	0	0	1.35	1.35	0	0	0
1428510767144545781	CPU_4	98.63	0	0	0	0	1.36	0	0	0	0
1428510767890667083	CPU_4	97.33	0	0	0	0	1.33	1.33	0	0	0
1428510768623178163	CPU_4	98.63	0	0	0	0	1.36	0	0	0	0
1428510769367794885	CPU_4	97.33	0	0	0	0	1.33	1.33	0	0	0
1428510770098434261	CPU_4	97.26	0	0	0	0	2.73	0	0	0	0
1428510770835009167	CPU_4	97.29	0	0	0	0	1.35	1.35	0	0	0
1428510771579760264	CPU_4	98.64	0	0	0	0	1.35	0	0	0	0
1428510772314767589	CPU_4	97.29	0	0	0	0	1.35	1.35	0	0	0
1428510773058963937	CPU_4	97.29	0	0	0	0	1.35	1.35	0	0	0
1428510773791349352	CPU_4	98.63	0	0	0	0	1.36	0	0	0	0
1428510774535845199	CPU_4	97.33	0	0	0	0	1.33	1.33	0	0	0
1428510775270379859	CPU_4	98.63	0	0	0	0	1.36	0	0	0	0
1428510776025323934	CPU_4	97.33	0	0	0	0	1.33	1.33	0	0	0
1428510776760083511	CPU_4	98.64	0	0	0	0	1.35	0	0	0	0
1428510777491332219	CPU_4	97.26	0	0	0	0	1.36	1.36	0	0	0
1428510778236239024	CPU_4	96.00	0	0	0	0	2.66	1.33	0	0	0
1428510778969367646	CPU_4	98.63	0	0	0	0	1.36	0	0	0	0
1428510779716719987	CPU_4	97.33	0	0	0	0	1.33	1.33	0	0	0
1428510780449501235	CPU_4	98.63	0	0	0	0	1.36	0	0	0	0
1428510781197368658	CPU_4	97.33	0	0	0	0	1.33	1.33	0	0	0
1428510781931440611	CPU_4	98.63	0	0	0	0	1.36	0	0	0	0
1428510782666431854	CPU_4	97.29	0	0	0	0	1.35	1.35	0	0	0
1428510783412227616	CPU_4	97.29	0	0	0	0	1.35	1.35	0	0	0
1428510784145737153	CPU_4	98.63	0	0	0	0	1.36	0	0	0	0
1428510784892898162	CPU_4	97.33	0	0	0	0	1.33	1.33	0	0	0
1428510785631005815	CPU_4	98.64	0	0	0	0	1.35	0	0	0	0
1428510786378099824	CPU_4	97.33	0	0	0	0	1.33	1.33	0	0	0
1428510787111761195	CPU_4	98.63	0	0	0	0	1.36	0	0	0	0
1428510787846040398	CPU_4	97.29	0	0	0	0	1.35	1.35	0	0	0
1428510788593485615	CPU_4	97.29	0	0	0	0	2.70	0	0	0	0
1428510789324958115	CPU_4	97.29	0	0	0	0	1.35	1.35	0	0	0
1428510790070648919	CPU_4	97.33	0	0	0	0	1.33	1.33	0	0	0
1428510790806144911	CPU_4	98.63	0	0	0	0	1.36	0	0	0	0
1428510791555154750	CPU_4	97.33	0	0	0	0	1.33	1.33	0	0	0
1428510792291215699	CPU_4	98.63	0	0	0	0	1.36	0	0	0	0
1428510793030667433	CPU_4	97.29	0	0	0	0	1.35	1.35	0	0	0
1428510793771232956	CPU_4	98.64	0	0	0	0	1.35	0	0	0	0
1428510794505785825	CPU_4	97.29	0	0	0	0	1.35	1.35	0	0	0
1428510795250650464	CPU_4	97.29	0	0	0	0	1.35	1.35	0	0	0
1428510795987163288	CPU_4	98.63	0	0	0	0	1.36	0	0	0	0
1428510796731698886	CPU_4	97.33	0	0	0	0	1.33	1.33	0	0	0
1428510797466858712	CPU_4	98.63	0	0	0	0	1.36	0	0	0	0
1428510798213769722	CPU_4	97.33	0	0	0	0	1.33	1.33	0	0	0
1428510798949033090	CPU_4	98.63	0	0	0	0	1.36	0	0	0	0
1428510799685477497	CPU_4	96.00	0	0	0	0	2.66	1.33	0	0	0
1428510800429369806	CPU_4	98.64	0	0	0	0	1.35	0	0	0	0
1428510801163030719	CPU_4	97.26	0	0	0	0	1.36	1.36	0	0	0
1428510801912675431	CPU_4	97.36	0	0	0	0	1.31	1.31	0	0	0
1428510802647603550	CPU_4	98.63	0	0	0	0	1.36	0	0	0	0
1428510803394022311	CPU_4	97.33	0	0	0	0	1.33	1.33	0	0	0
1428510804125566187	CPU_4	98.61	0	0	0	0	1.38	0	0	0	0
1428510804860907055	CPU_4	97.29	0	0	0	0	1.35	1.35	0	0	0
1428510805606536568	CPU_4	98.64	0	0	0	0	1.35	0	0	0	0
1428510806342604935	CPU_4	97.29	0	0	0	0	1.35	1.35	0	0	0
1428510807091931940	CPU_4	97.33	0	0	0	0	1.33	1.33	0	0	0
1428510807829104971	CPU_4	98.63	0	0	0	0	1.36	0	0	0	0
1428510808572359198	CPU_4	97.33	0	0	0	0	1.33	1.33	0	0	0
1428510809306788568	CPU_4	97.29	0	0	0	0	2.70	0	0	0	0
1428510810048330840	CPU_4	97.29	0	0	0	0	1.35	1.35	0	0	0
1428510810788036032	CPU_4	98.64	0	0	0	0	1.35	0	0	0	0
1428510811518459161	CPU_4	97.26	0	0	0	0	1.36	1.36	0	0	0
1428510812268109749	CPU_4	97.33	0	0	0	0	1.33	1.33	0	0	0
1428510813002048704	CPU_4	98.63	0	0	0	0	1.36	0	0	0	0
1428510813748849798	CPU_4	97.33	0	0	0	0	1.33	1.33	0	0	0
1428510814482267129	CPU_4	98.63	0	0	0	0	1.36	0	0	0	0
1428510815227049436	CPU_4	97.33	0	0	0	0	1.33	1.33	0	0	0
1428510815961508390	CPU_4	98.63	0	0	0	0	1.36	0	0	0	0
1428510816698466505	CPU_4	97.29	0	0	0	0	1.35	1.35	0	0	0
1428510817447134054	CPU_4	98.64	0	0	0	0	1.35	0	0	0	0
1428510818181787465	CPU_4	97.29	0	0	0	0	1.35	1.35	0	0	0
1428510818928030853	CPU_4	97.33	0	0	0	0	1.33	1.33	0	0	0
1428510819664012220	CPU_4	97.26	0	0	0	0	2.73	0	0	0	0
1428510820409620775	CPU_4	97.36	0	0	0	0	1.31	1.31	0	0	0
1428510821145042894	CPU_4	98.63	0	0	0	0	1.36	0	0	0	0
1428510821882157634	CPU_4	97.29	0	0	0	0	1.35	1.35	0	0	0
1428510822627541523	CPU_4	98.64	0	0	0	0	1.35	0	0	0	0
1428510823360368939	CPU_4	97.29	0	0	0	0	1.35	1.35	0	0	0
1428510824105843953	CPU_4	97.29	0	0	0	0	1.35	1.35	0	0	0
1428510824840700532	CPU_4	98.63	0	0	0	0	1.36	0	0	0	0
1428510825586364671	CPU_4	97.33	0	0	0	0	1.33	1.33	0	0	0
1428510826322157414	CPU_4	98.63	0	0	0	0	1.36	0	0	0	0
1428510827074979954	CPU_4	97.33	0	0	0	0	1.33	1.33	0	0	0
1428510827811087280	CPU_4	98.64	0	0	0	0	1.35	0	0	0	0
1428510828545845359	CPU_4	97.29	0	0	0	0	1.35	1.35	0	0	0
1428510829293176411	CPU_4	97.29	0	0	0	0	1.35	1.35	0	0	0
1428510830030664942	CPU_4	97.29	0	0	0	0	2.70	0	0	0	0
1428510830774884376	CPU_4	97.33	0	0	0	0	1.33	1.33	0	0	0
1428510831509425330	CPU_4	98.63	0	0	0	0	1.36	0	0	0	0
1428510832255367636	CPU_4	97.33	0	0	0	0	1.33	1.33	0	0	0
1428510832994393455	CPU_4	98.64	0	0	0	0	1.35	0	0	0	0
1428510833730645989	CPU_4	97.26	0	0	0	0	1.36	1.36	0	0	0
1428510834472468720	CPU_4	98.64	0	0	0	0	1.35	0	0	0	0
1428510835211365999	CPU_4	97.29	0	0	0	0	1.35	1.35	0	0	0
1428510835958523385	CPU_4	97.33	0	0	0	0	1.33	1.33	0	0	0
1428510836693091464	CPU_4	98.63	0	0	0	0	1.36	0	0	0	0
1428510837439722810	CPU_4	97.33	0	0	0	0	1.33	1.33	0	0	0
1428510838174009265	CPU_4	98.63	0	0	0	0	1.36	0	0	0	0
1428510838920775944	CPU_4	97.33	0	0	0	0	1.33	1.33	0	0	0
1428510839655633356	CPU_4	97.29	0	0	0	0	2.70	0	0	0	0
1428510840391848141	CPU_4	97.29	0	0	0	0	1.35	1.35	0	0	0
1428510841137471364	CPU_4	97.29	0	0	0	0	1.35	1.35	0	0	0
1428510841875603311	CPU_4	98.64	0	0	0	0	1.35	0	0	0	0
1428510842621023909	CPU_4	97.33	0	0	0	0	1.33	1.33	0	0	0
1428510843360496354	CPU_4	98.63	0	0	0	0	1.36	0	0	0	0
1428510844106126660	CPU_4	97.33	0	0	0	0	1.33	1.33	0	0	0
1428510844842601736	CPU_4	98.63	0	0	0	0	1.36	0	0	0	0
1428510845592287784	CPU_4	97.33	0	0	0	0	1.33	1.33	0	0	0
1428510846330587231	CPU_4	98.64	0	0	0	0	1.35	0	0	0	0
1428510847067235015	CPU_4	97.26	0	0	0	0	1.36	1.36	0	0	0
1428510847817294437	CPU_4	97.36	0	0	0	0	1.31	1.31	0	0	0
1428510848554225262	CPU_4	98.63	0	0	0	0	1.36	0	0	0	0
1428510849302838604	CPU_4	96.05	0	0	0	0	2.63	1.31	0	0	0
1428510850036483436	CPU_4	98.63	0	0	0	0	1.36	0	0	0	0
1428510850783994281	CPU_4	97.33	0	0	0	0	1.33	1.33	0	0	0
1428510851518743319	CPU_4	98.63	0	0	0	0	1.36	0	0	0	0
1428510852254607438	CPU_4	97.29	0	0	0	0	1.35	1.35	0	0	0
1428510853002085032	CPU_4	97.33	0	0	0	0	1.33	1.33	0	0	0
1428510853737833277	CPU_4	98.61	0	0	0	0	1.38	0	0	0	0
1428510854484804373	CPU_4	97.36	0	0	0	0	1.31	1.31	0	0	0
1428510855220173576	CPU_4	98.63	0	0	0	0	1.36	0	0	0	0
1428510855967082214	CPU_4	97.33	0	0	0	0	1.33	1.33	0	0	0
1428510856703502165	CPU_4	98.63	0	0	0	0	1.36	0	0	0	0
1428510857458269828	CPU_4	97.33	0	0	0	0	1.33	1.33	0	0	0
1428510858193416782	CPU_4	98.64	0	0	0	0	1.35	0	0	0	0
1428510858931421105	CPU_4	95.94	0	0	0	0	2.70	1.35	0	0	0
1428510859680425906	CPU_4	97.36	0	0	0	0	1.31	1.31	0	0	0
1428510860415942901	CPU_4	98.63	0	0	0	0	1.36	0	0	0	0
1428510861166493989	CPU_4	97.33	0	0	0	0	1.33	1.33	0	0	0
1428510861905657810	CPU_4	98.64	0	0	0	0	1.35	0	0	0	0
1428510862653273780	CPU_4	97.33	0	0	0	0	1.33	1.33	0	0	0
1428510863388468359	CPU_4	98.61	0	0	0	0	1.38	0	0	0	0
1428510864132303004	CPU_4	97.33	0	0	0	0	1.33	1.33	0	0	0
1428510864887514416	CPU_4	97.36	0	0	0	0	1.31	1.31	0	0	0
1428510865721671496	CPU_4	98.78	0	0	0	0	1.21	0	0	0	0
1428510866462306855	CPU_4	97.33	0	0	0	0	1.33	1.33	0	0	0
1428510867197726768	CPU_4	97.29	0	0	0	0	2.70	0	0	0	0
1428510867946178444	CPU_4	97.33	0	0	0	0	1.33	1.33	0	0	0
1428510868682476438	CPU_4	97.29	0	0	0	0	1.35	1.35	0	0	0
1428510869431935946	CPU_4	98.64	0	0	0	0	1.35	0	0	0	0
1428510870170773935	CPU_4	97.33	0	0	0	0	1.33	1.33	0	0	0
1428510870920213109	CPU_4	98.64	0	0	0	0	1.35	0	0	0	0
1428510871653138610	CPU_4	97.26	0	0	0	0	1.36	1.36	0	0	0
1428510872389138355	CPU_4	98.63	0	0	0	0	1.36	0	0	0	0
1428510873136233743	CPU_4	97.36	0	0	0	0	1.31	1.31	0	0	0
1428510873873485610	CPU_4	98.63	0	0	0	0	1.36	0	0	0	0
1428510874626136236	CPU_4	97.33	0	0	0	0	1.33	1.33	0	0	0
1428510875360163319	CPU_4	97.29	0	0	0	0	1.35	1.35	0	0	0
1428510876105841877	CPU_4	98.64	0	0	0	0	1.35	0	0	0	0
1428510876842447620	CPU_4	97.29	0	0	0	0	1.35	1.35	0	0	0
1428510877589401467	CPU_4	97.33	0	0	0	0	2.66	0	0	0	0
1428510878324607630	CPU_4	97.29	0	0	0	0	1.35	1.35	0	0	0
1428510879058155339	CPU_4	98.63	0	0	0	0	1.36	0	0	0	0
1428510879809907717	CPU_4	97.33	0	0	0	0	1.33	1.33	0	0	0
1428510880546071420	CPU_4	97.29	0	0	0	0	1.35	1.35	0	0	0
1428510881292752768	CPU_4	98.64	0	0	0	0	1.35	0	0	0	0
1428510882031367799	CPU_4	97.33	0	0	0	0	1.33	1.33	0	0	0
1428510882779034186	CPU_4	98.63	0	0	0	0	1.36	0	0	0	0
1428510883515928013	CPU_4	97.33	0	0	0	0	1.33	1.33	0	0	0
1428510884257843371	CPU_4	98.63	0	0	0	0	1.36	0	0	0	0
1428510885005496133	CPU_4	97.36	0	0	0	0	1.31	1.31	0	0	0
1428510885743712957	CPU_4	97.26	0	0	0	0	1.36	1.36	0	0	0
1428510886493261840	CPU_4	97.33	0	0	0	0	2.66	0	0	0	0
1428510887229029420	CPU_4	97.29	0	0	0	0	1.35	1.35	0	0	0
1428510887979799217	CPU_4	98.66	0	0	0	0	1.33	0	0	0	0
1428510888715908129	CPU_4	97.29	0	0	0	0	1.35	1.35	0	0	0
1428510889464157307	CPU_4	98.64	0	0	0	0	1.35	0	0	0	0
1428510890201907882	CPU_4	97.33	0	0	0	0	1.33	1.33	0	0	0
1428510890938581126	CPU_4	97.26	0	0	0	0	1.36	1.36	0	0	0
1428510891688073468	CPU_4	98.66	0	0	0	0	1.33	0	0	0	0
1428510892424820629	CPU_4	97.29	0	0	0	0	1.35	1.35	0	0	0
1428510893172927016	CPU_4	98.64	0	0	0	0	1.35	0	0	0	0
1428510893910611758	CPU_4	97.29	0	0	0	0	1.35	1.35	0	0	0
1428510894662255971	CPU_4	98.66	0	0	0	0	1.33	0	0	0	0
1428510895399891004	CPU_4	97.29	0	0	0	0	1.35	1.35	0	0	0
1428510896149253097	CPU_4	97.33	0	0	0	0	1.33	1.33	0	0	0
1428510896885923091	CPU_4	97.29	0	0	0	0	2.70	0	0	0	0
1428510897624275916	CPU_4	97.29	0	0	0	0	1.35	1.35	0	0	0
1428510898371544263	CPU_4	98.64	0	0	0	0	1.35	0	0	0	0
1428510899107401634	CPU_4	97.29	0	0	0	0	1.35	1.35	0	0	0
1428510899855236105	CPU_4	98.66	0	0	0	0	1.33	0	0	0	0
1428510900596025882	CPU_4	97.29	0	0	0	0	1.35	1.35	0	0	0
1428510901343398188	CPU_4	97.33	0	0	0	0	1.33	1.33	0	0	0
1428510902083382467	CPU_4	98.63	0	0	0	0	1.36	0	0	0	0
1428510902835355429	CPU_4	97.33	0	0	0	0	1.33	1.33	0	0	0
1428510903571058884	CPU_4	98.64	0	0	0	0	1.35	0	0	0	0
1428510904309052626	CPU_4	97.29	0	0	0	0	1.35	1.35	0	0	0
1428510905058567302	CPU_4	98.64	0	0	0	0	1.35	0	0	0	0
1428510905801222951	CPU_4	97.33	0	0	0	0	1.33	1.33	0	0	0
1428510906550635252	CPU_4	98.66	0	0	0	0	1.33	0	0	0	0
1428510907286695540	CPU_4	95.94	0	0	0	0	2.70	1.35	0	0	0
1428510908036307008	CPU_4	97.33	0	0	0	0	1.33	1.33	0	0	0
1428510908773036669	CPU_4	98.63	0	0	0	0	1.36	0	0	0	0
1428510909524734924	CPU_4	97.36	0	0	0	0	1.31	1.31	0	0	0
1428510910261637252	CPU_4	98.63	0	0	0	0	1.36	0	0	0	0
1428510911001215491	CPU_4	97.33	0	0	0	0	1.33	1.33	0	0	0
1428510911748002214	CPU_4	97.29	0	0	0	0	1.35	1.35	0	0	0
1428510912486448539	CPU_4	98.63	0	0	0	0	1.36	0	0	0	0
1428510913234990426	CPU_4	97.36	0	0	0	0	1.31	1.31	0	0	0
1428510913972426503	CPU_4	98.63	0	0	0	0	1.36	0	0	0	0
1428510914723916300	CPU_4	97.33	0	0	0	0	1.33	1.33	0	0	0
1428510915458269216	CPU_4	98.63	0	0	0	0	1.36	0	0	0	0
1428510916218325163	CPU_4	97.36	0	0	0	0	1.31	1.31	0	0	0
1428510916955293115	CPU_4	97.33	0	0	0	0	2.66	0	0	0	0
1428510917692481568	CPU_4	97.26	0	0	0	0	1.36	1.36	0	0	0
1428510918441802703	CPU_4	97.36	0	0	0	0	1.31	1.31	0	0	0
1428510919177652700	CPU_4	98.63	0	0	0	0	1.36	0	0	0	0
1428510919926893586	CPU_4	97.33	0	0	0	0	1.33	1.33	0	0	0
1428510920664172788	CPU_4	98.63	0	0	0	0	1.36	0	0	0	0
1428510921416350876	CPU_4	97.36	0	0	0	0	1.31	1.31	0	0	0
1428510922153986036	CPU_4	98.63	0	0	0	0	1.36	0	0	0	0
1428510922908812035	CPU_4	97.33	0	0	0	0	1.33	1.33	0	0	0
1428510923647066069	CPU_4	97.33	0	0	0	0	1.33	1.33	0	0	0
1428510924385259895	CPU_4	98.63	0	0	0	0	1.36	0	0	0	0
1428510925134478447	CPU_4	97.36	0	0	0	0	1.31	1.31	0	0	0
1428510925871284651	CPU_4	98.63	0	0	0	0	1.36	0	0	0	0
1428510926623227781	CPU_4	96.05	0	0	0	0	2.63	1.31	0	0	0
1428510927357331449	CPU_4	98.63	0	0	0	0	1.36	0	0	0	0
1428510928108238456	CPU_4	97.33	0	0	0	0	1.33	1.33	0	0	0
1428510928845110451	CPU_4	97.29	0	0	0	0	1.35	1.35	0	0	0
1428510929582677070	CPU_4	98.63	0	0	0	0	1.36	0	0	0	0
1428510930332598455	CPU_4	97.36	0	0	0	0	1.31	1.31	0	0	0
1428510931073175151	CPU_4	98.63	0	0	0	0	1.36	0	0	0	0
1428510931819746793	CPU_4	97.33	0	0	0	0	1.33	1.33	0	0	0
1428510932558213535	CPU_4	98.63	0	0	0	0	1.36	0	0	0	0
1428510933307895337	CPU_4	97.36	0	0	0	0	1.31	1.31	0	0	0
1428510934047676409	CPU_4	97.29	0	0	0	0	1.35	1.35	0	0	0
1428510934797475669	CPU_4	98.64	0	0	0	0	1.35	0	0	0	0
1428510935534012291	CPU_4	97.29	0	0	0	0	1.35	1.35	0	0	0
1428510936272796241	CPU_4	98.64	0	0	0	0	1.35	0	0	0	0
1428510937024592622	CPU_4	96.05	0	0	0	0	2.63	1.31	0	0	0
1428510937763505988	CPU_4	98.63	0	0	0	0	1.36	0	0	0	0
1428510938512361000	CPU_4	97.36	0	0	0	0	1.31	1.31	0	0	0
1428510939253830611	CPU_4	97.29	0	0	0	0	1.35	1.35	0	0	0
1428510940002423249	CPU_4	98.64	0	0	0	0	1.35	0	0	0	0
1428510940741589032	CPU_4	97.33	0	0	0	0	1.33	1.33	0	0	0
1428510941490012420	CPU_4	98.64	0	0	0	0	1.35	0	0	0	0
1428510942232314071	CPU_4	97.29	0	0	0	0	1.35	1.35	0	0	0
1428510942974850472	CPU_4	98.64	0	0	0	0	1.35	0	0	0	0
1428510943728228308	CPU_4	97.36	0	0	0	0	1.31	1.31	0	0	0
1428510944465583553	CPU_4	97.29	0	0	0	0	1.35	1.35	0	0	0
1428510945217473476	CPU_4	98.64	0	0	0	0	1.35	0	0	0	0
1428510945956441676	CPU_4	96.00	0	0	0	0	2.66	1.33	0	0	0
1428510946706789769	CPU_4	98.66	0	0	0	0	1.33	0	0	0	0
1428510947446285259	CPU_4	97.29	0	0	0	0	1.35	1.35	0	0	0
1428510948203081213	CPU_4	98.66	0	0	0	0	1.33	0	0	0	0
1428510948941388415	CPU_4	97.33	0	0	0	0	1.33	1.33	0	0	0
1428510949679859366	CPU_4	97.29	0	0	0	0	1.35	1.35	0	0	0
1428510950430952041	CPU_4	98.64	0	0	0	0	1.35	0	0	0	0
1428510951170160532	CPU_4	97.29	0	0	0	0	1.35	1.35	0	0	0
1428510951921744164	CPU_4	98.66	0	0	0	0	1.33	0	0	0	0
1428510952662183986	CPU_4	97.29	0	0	0	0	1.35	1.35	0	0	0
1428510953412481079	CPU_4	98.66	0	0	0	0	1.33	0	0	0	0
1428510954153855108	CPU_4	97.29	0	0	0	0	1.35	1.35	0	0	0
1428510954903864619	CPU_4	34.66	0	2.66	61.33	0	1.33	0	0	0	0
