#Timestamp	CPU_ID	user%	nice%	sys%	idle%	iowait%	irq%	softiq%	steal%	guest%	guest_nice%
1428561535985841521	CPU_0	75.86	0	18.96	0	0	3.44	1.72	0	0	0
1428561536610291335	CPU_0	93.54	0	1.61	0	0	3.22	1.61	0	0	0
1428561537235979020	CPU_0	92.06	0	1.58	0	0	4.76	1.58	0	0	0
1428561537860201168	CPU_0	95.16	0	0	0	0	3.22	1.61	0	0	0
1428561538494051037	CPU_0	90.62	0	3.12	0	0	4.68	1.56	0	0	0
1428561539117068981	CPU_0	93.44	0	1.63	0	0	3.27	1.63	0	0	0
1428561539741389004	CPU_0	92.06	0	1.58	0	0	4.76	1.58	0	0	0
1428561540365613277	CPU_0	90.47	0	4.76	0	0	3.17	1.58	0	0	0
1428561541005338295	CPU_0	90.62	0	3.12	0	0	4.68	1.56	0	0	0
1428561541631267105	CPU_0	87.30	0	7.93	0	0	3.17	1.58	0	0	0
1428561542256290417	CPU_0	90.16	0	4.91	0	0	3.27	1.63	0	0	0
1428561542881208939	CPU_0	92.06	0	1.58	0	0	4.76	1.58	0	0	0
1428561543514101394	CPU_0	92.06	0	1.58	0	0	4.76	1.58	0	0	0
1428561544141904990	CPU_0	90.62	0	3.12	0	0	4.68	1.56	0	0	0
1428561544767169761	CPU_0	95.16	0	0	0	0	3.22	1.61	0	0	0
1428561545392233240	CPU_0	93.54	0	1.61	0	0	3.22	1.61	0	0	0
1428561546019372547	CPU_0	90.47	0	3.17	0	0	4.76	1.58	0	0	0
1428561546651371714	CPU_0	92.06	0	3.17	0	0	3.17	1.58	0	0	0
1428561547276877150	CPU_0	93.65	0	0	0	0	4.76	1.58	0	0	0
1428561547903195876	CPU_0	93.54	0	1.61	0	0	3.22	1.61	0	0	0
1428561548531161722	CPU_0	90.62	0	3.12	0	0	4.68	1.56	0	0	0
1428561549164356886	CPU_0	93.65	0	1.58	0	0	3.17	1.58	0	0	0
1428561549791325651	CPU_0	93.65	0	0	0	0	4.76	1.58	0	0	0
1428561550418329667	CPU_0	91.93	0	3.22	0	0	3.22	1.61	0	0	0
1428561551046046347	CPU_0	93.65	0	1.58	0	0	3.17	1.58	0	0	0
1428561551679331219	CPU_0	92.18	0	1.56	0	0	4.68	1.56	0	0	0
1428561552305682737	CPU_0	90.32	0	4.83	0	0	3.22	1.61	0	0	0
1428561552931792172	CPU_0	93.65	0	0	0	0	4.76	1.58	0	0	0
1428561553559593769	CPU_0	90.47	0	3.17	0	0	4.76	1.58	0	0	0
1428561554192336934	CPU_0	91.93	0	3.22	0	0	3.22	1.61	0	0	0
1428561554822011151	CPU_0	92.18	0	1.56	0	0	4.68	1.56	0	0	0
1428561555448759501	CPU_0	91.93	0	3.22	0	0	3.22	1.61	0	0	0
1428561556076611056	CPU_0	92.18	0	1.56	0	0	4.68	1.56	0	0	0
1428561556702341451	CPU_0	91.93	0	3.22	0	0	3.22	1.61	0	0	0
1428561557335914698	CPU_0	92.18	0	1.56	0	0	4.68	1.56	0	0	0
1428561557962502382	CPU_0	93.54	0	1.61	0	0	3.22	1.61	0	0	0
1428561558590994352	CPU_0	95.16	0	0	0	0	3.22	1.61	0	0	0
1428561559217436745	CPU_0	90.47	0	3.17	0	0	4.76	1.58	0	0	0
1428561559851120741	CPU_0	90.62	0	4.68	0	0	3.12	1.56	0	0	0
1428561560478820589	CPU_0	90.32	0	3.22	0	0	4.83	1.61	0	0	0
1428561561106676145	CPU_0	95.23	0	0	0	0	3.17	1.58	0	0	0
1428561561733071080	CPU_0	92.06	0	1.58	0	0	4.76	1.58	0	0	0
1428561562367488283	CPU_0	90.32	0	4.83	0	0	3.22	1.61	0	0	0
1428561562995395547	CPU_0	93.75	0	0	0	0	4.68	1.56	0	0	0
1428561563623564560	CPU_0	90.47	0	4.76	0	0	3.17	1.58	0	0	0
1428561564251544282	CPU_0	92.06	0	1.58	0	0	4.76	1.58	0	0	0
1428561564885795944	CPU_0	93.75	0	1.56	0	0	3.12	1.56	0	0	0
1428561565514308914	CPU_0	95.16	0	0	0	0	3.22	1.61	0	0	0
1428561566143349050	CPU_0	90.47	0	3.17	0	0	4.76	1.58	0	0	0
1428561566770673900	CPU_0	92.06	0	3.17	0	0	3.17	1.58	0	0	0
1428561567404520313	CPU_0	85.48	0	8.06	0	0	4.83	1.61	0	0	0
1428561568036756106	CPU_0	90.62	0	3.12	0	0	4.68	1.56	0	0	0
1428561568664350288	CPU_0	93.65	0	1.58	0	0	3.17	1.58	0	0	0
1428561569291224264	CPU_0	95.16	0	0	0	0	3.22	1.61	0	0	0
1428561569918536947	CPU_0	90.47	0	3.17	0	0	4.76	1.58	0	0	0
1428561570554237146	CPU_0	90.62	0	3.12	0	0	4.68	1.56	0	0	0
1428561571182240369	CPU_0	95.16	0	0	0	0	3.22	1.61	0	0	0
1428561571809808177	CPU_0	90.47	0	3.17	0	0	4.76	1.58	0	0	0
1428561572438179523	CPU_0	93.54	0	1.61	0	0	3.22	1.61	0	0	0
1428561573073907723	CPU_0	92.30	0	1.53	0	0	4.61	1.53	0	0	0
1428561573702002529	CPU_0	93.54	0	1.61	0	0	3.22	1.61	0	0	0
1428561574330067127	CPU_0	93.65	0	1.58	0	0	3.17	1.58	0	0	0
1428561574958170183	CPU_0	92.06	0	1.58	0	0	4.76	1.58	0	0	0
1428561575593969883	CPU_0	92.06	0	3.17	0	0	3.17	1.58	0	0	0
1428561576222386813	CPU_0	90.62	0	3.12	0	0	4.68	1.56	0	0	0
1428561576850034995	CPU_0	93.54	0	1.61	0	0	3.22	1.61	0	0	0
1428561577477247971	CPU_0	90.32	0	4.83	0	0	3.22	1.61	0	0	0
1428561578113096879	CPU_0	89.06	0	4.68	0	0	4.68	1.56	0	0	0
1428561578741422018	CPU_0	92.06	0	3.17	0	0	3.17	1.58	0	0	0
1428561579369119659	CPU_0	93.75	0	0	0	0	4.68	1.56	0	0	0
1428561579996909550	CPU_0	88.88	0	4.76	0	0	4.76	1.58	0	0	0
1428561580632983916	CPU_0	93.65	0	1.58	0	0	3.17	1.58	0	0	0
1428561581261371472	CPU_0	93.54	0	1.61	0	0	3.22	1.61	0	0	0
1428561581888952072	CPU_0	92.06	0	1.58	0	0	4.76	1.58	0	0	0
1428561582516946504	CPU_0	93.65	0	1.58	0	0	3.17	1.58	0	0	0
1428561583147271429	CPU_0	93.65	0	0	0	0	4.76	1.58	0	0	0
1428561583781154302	CPU_0	92.06	0	3.17	0	0	3.17	1.58	0	0	0
1428561584408880068	CPU_0	93.65	0	1.58	0	0	3.17	1.58	0	0	0
1428561585037058166	CPU_0	92.06	0	1.58	0	0	4.76	1.58	0	0	0
1428561585667527633	CPU_0	93.54	0	1.61	0	0	3.22	1.61	0	0	0
1428561586302709919	CPU_0	92.18	0	1.56	0	0	4.68	1.56	0	0	0
1428561586930310727	CPU_0	93.75	0	1.56	0	0	3.12	1.56	0	0	0
1428561587557738745	CPU_0	91.93	0	1.61	0	0	4.83	1.61	0	0	0
1428561588186607425	CPU_0	90.47	0	3.17	0	0	4.76	1.58	0	0	0
1428561588821564378	CPU_0	95.23	0	0	0	0	3.17	1.58	0	0	0
1428561589449135854	CPU_0	93.65	0	1.58	0	0	3.17	1.58	0	0	0
1428561590077445035	CPU_0	91.93	0	1.61	0	0	4.83	1.61	0	0	0
1428561590705288260	CPU_0	93.75	0	1.56	0	0	3.12	1.56	0	0	0
1428561591340248381	CPU_0	92.18	0	1.56	0	0	4.68	1.56	0	0	0
1428561591967767940	CPU_0	91.93	0	3.22	0	0	3.22	1.61	0	0	0
1428561592596536787	CPU_0	93.65	0	0	0	0	4.76	1.58	0	0	0
1428561593223912889	CPU_0	91.93	0	3.22	0	0	3.22	1.61	0	0	0
1428561593858923384	CPU_0	92.18	0	1.56	0	0	4.68	1.56	0	0	0
1428561594486929567	CPU_0	93.65	0	1.58	0	0	3.17	1.58	0	0	0
1428561595115259082	CPU_0	91.93	0	3.22	0	0	3.22	1.61	0	0	0
1428561595742656226	CPU_0	88.88	0	4.76	0	0	4.76	1.58	0	0	0
1428561596379565132	CPU_0	89.23	0	4.61	0	0	4.61	1.53	0	0	0
1428561597007812481	CPU_0	95.08	0	0	0	0	3.27	1.63	0	0	0
1428561597637035744	CPU_0	92.18	0	1.56	0	0	4.68	1.56	0	0	0
1428561598265214677	CPU_0	88.52	0	4.91	0	0	4.91	1.63	0	0	0
1428561598893219111	CPU_0	95.23	0	0	0	0	3.17	1.58	0	0	0
1428561599527794941	CPU_0	92.06	0	3.17	0	0	3.17	1.58	0	0	0
1428561600156693539	CPU_0	92.18	0	1.56	0	0	4.68	1.56	0	0	0
1428561600785252470	CPU_0	95.16	0	0	0	0	3.22	1.61	0	0	0
1428561601412713739	CPU_0	88.88	0	4.76	0	0	4.76	1.58	0	0	0
1428561602048033442	CPU_0	95.23	0	0	0	0	3.17	1.58	0	0	0
1428561602676992415	CPU_0	93.65	0	0	0	0	4.76	1.58	0	0	0
1428561603305509597	CPU_0	92.06	0	3.17	0	0	3.17	1.58	0	0	0
1428561603933409281	CPU_0	92.06	0	1.58	0	0	4.76	1.58	0	0	0
1428561604569015151	CPU_0	93.65	0	1.58	0	0	3.17	1.58	0	0	0
1428561605197729624	CPU_0	93.65	0	1.58	0	0	3.17	1.58	0	0	0
1428561605826110724	CPU_0	87.50	0	4.68	0	0	6.25	1.56	0	0	0
1428561606454002242	CPU_0	95.16	0	0	0	0	3.22	1.61	0	0	0
1428561607090048068	CPU_0	93.75	0	1.56	0	0	3.12	1.56	0	0	0
1428561607719815497	CPU_0	90.47	0	3.17	0	0	4.76	1.58	0	0	0
1428561608349562134	CPU_0	93.65	0	0	0	0	4.76	1.58	0	0	0
1428561608978522066	CPU_0	91.93	0	3.22	0	0	3.22	1.61	0	0	0
1428561609615990513	CPU_0	90.62	0	3.12	0	0	4.68	1.56	0	0	0
1428561610244223197	CPU_0	95.23	0	0	0	0	3.17	1.58	0	0	0
1428561610873351336	CPU_0	93.65	0	0	0	0	4.76	1.58	0	0	0
1428561611502097519	CPU_0	92.06	0	3.17	0	0	3.17	1.58	0	0	0
1428561612139068468	CPU_0	92.06	0	3.17	0	0	3.17	1.58	0	0	0
1428561612767874233	CPU_0	90.62	0	3.12	0	0	4.68	1.56	0	0	0
1428561613397592996	CPU_0	90.32	0	4.83	0	0	3.22	1.61	0	0	0
1428561614027224176	CPU_0	90.47	0	3.17	0	0	4.76	1.58	0	0	0
1428561614665850079	CPU_0	93.75	0	1.56	0	0	3.12	1.56	0	0	0
1428561615294584595	CPU_0	90.47	0	3.17	0	0	4.76	1.58	0	0	0
1428561615924503690	CPU_0	93.65	0	1.58	0	0	3.17	1.58	0	0	0
1428561616554063537	CPU_0	93.65	0	0	0	0	4.76	1.58	0	0	0
1428561617185818669	CPU_0	92.06	0	3.17	0	0	3.17	1.58	0	0	0
1428561617819856045	CPU_0	93.75	0	0	0	0	4.68	1.56	0	0	0
1428561618449727932	CPU_0	93.65	0	1.58	0	0	3.17	1.58	0	0	0
1428561619078899447	CPU_0	90.32	0	4.83	0	0	3.22	1.61	0	0	0
1428561619709542625	CPU_0	90.62	0	3.12	0	0	4.68	1.56	0	0	0
1428561620345051037	CPU_0	95.23	0	0	0	0	3.17	1.58	0	0	0
1428561620974752342	CPU_0	92.06	0	1.58	0	0	4.76	1.58	0	0	0
1428561621603090235	CPU_0	93.65	0	1.58	0	0	3.17	1.58	0	0	0
1428561622233532497	CPU_0	90.47	0	3.17	0	0	4.76	1.58	0	0	0
1428561622869178034	CPU_0	95.31	0	0	0	0	3.12	1.56	0	0	0
1428561623499298297	CPU_0	82.81	0	6.25	0	0	7.81	3.12	0	0	0
1428561624128207104	CPU_0	83.60	0	4.91	0	0	9.83	1.63	0	0	0
1428561624759151531	CPU_0	82.53	0	7.93	0	0	7.93	1.58	0	0	0
1428561625396539814	CPU_0	89.06	0	4.68	0	0	4.68	1.56	0	0	0
1428561626027316158	CPU_0	92.06	0	1.58	0	0	4.76	1.58	0	0	0
1428561626657905002	CPU_0	93.65	0	1.58	0	0	3.17	1.58	0	0	0
1428561627287955265	CPU_0	92.06	0	1.58	0	0	4.76	1.58	0	0	0
1428561627924860758	CPU_0	92.18	0	1.56	0	0	4.68	1.56	0	0	0
1428561628556403016	CPU_0	92.06	0	1.58	0	0	4.76	1.58	0	0	0
1428561629187737276	CPU_0	92.18	0	1.56	0	0	3.12	3.12	0	0	0
1428561629818871036	CPU_0	90.47	0	3.17	0	0	4.76	1.58	0	0	0
1428561630456899941	CPU_0	92.18	0	3.12	0	0	3.12	1.56	0	0	0
1428561631087396828	CPU_0	87.30	0	6.34	0	0	4.76	1.58	0	0	0
1428561631718483714	CPU_0	92.06	0	3.17	0	0	3.17	1.58	0	0	0
1428561632348914643	CPU_0	95.16	0	0	0	0	3.22	1.61	0	0	0
1428561632985282762	CPU_0	93.84	0	0	0	0	4.61	1.53	0	0	0
1428561633616411522	CPU_0	92.06	0	3.17	0	0	3.17	1.58	0	0	0
1428561634246934410	CPU_0	92.06	0	1.58	0	0	4.76	1.58	0	0	0
1428561634876537966	CPU_0	93.54	0	1.61	0	0	3.22	1.61	0	0	0
1428561635512597628	CPU_0	92.18	0	3.12	0	0	3.12	1.56	0	0	0
1428561636142311393	CPU_0	90.47	0	1.58	0	0	6.34	1.58	0	0	0
1428561636772731406	CPU_0	93.65	0	1.58	0	0	3.17	1.58	0	0	0
1428561637402072005	CPU_0	93.65	0	0	0	0	4.76	1.58	0	0	0
1428561638041737490	CPU_0	92.18	0	3.12	0	0	3.12	1.56	0	0	0
1428561638672404919	CPU_0	90.62	0	3.12	0	0	4.68	1.56	0	0	0
1428561639302863807	CPU_0	95.16	0	0	0	0	3.22	1.61	0	0	0
1428561639933493652	CPU_0	90.62	0	3.12	0	0	4.68	1.56	0	0	0
1428561640563891499	CPU_0	95.16	0	0	0	0	3.22	1.61	0	0	0
1428561641200011953	CPU_0	90.76	0	3.07	0	0	4.61	1.53	0	0	0
1428561641829370011	CPU_0	93.54	0	1.61	0	0	3.22	1.61	0	0	0
1428561642458966610	CPU_0	92.06	0	1.58	0	0	4.76	1.58	0	0	0
1428561643088562584	CPU_0	95.16	0	0	0	0	3.22	1.61	0	0	0
1428561643726733824	CPU_0	92.30	0	3.07	0	0	3.07	1.53	0	0	0
1428561644357067296	CPU_0	93.54	0	0	0	0	4.83	1.61	0	0	0
1428561644988352057	CPU_0	93.75	0	1.56	0	0	3.12	1.56	0	0	0
1428561645618789612	CPU_0	88.88	0	4.76	0	0	4.76	1.58	0	0	0
1428561646258149807	CPU_0	92.18	0	1.56	0	0	4.68	1.56	0	0	0
1428561646888528279	CPU_0	95.16	0	0	0	0	3.22	1.61	0	0	0
1428561647519362500	CPU_0	93.75	0	1.56	0	0	3.12	1.56	0	0	0
1428561648149396848	CPU_0	93.75	0	0	0	0	4.68	1.56	0	0	0
1428561648788563793	CPU_0	90.32	0	4.83	0	0	3.22	1.61	0	0	0
1428561649418759099	CPU_0	87.50	0	6.25	0	0	4.68	1.56	0	0	0
1428561650049429571	CPU_0	93.65	0	1.58	0	0	3.17	1.58	0	0	0
1428561650679600794	CPU_0	92.18	0	1.56	0	0	4.68	1.56	0	0	0
1428561651318367199	CPU_0	91.93	0	3.22	0	0	3.22	1.61	0	0	0
1428561651949095004	CPU_0	92.18	0	1.56	0	0	4.68	1.56	0	0	0
1428561652579759809	CPU_0	92.06	0	3.17	0	0	3.17	1.58	0	0	0
1428561653211266695	CPU_0	92.06	0	1.58	0	0	4.76	1.58	0	0	0
1428561653848917770	CPU_0	93.65	0	1.58	0	0	3.17	1.58	0	0	0
1428561654479253660	CPU_0	90.62	0	3.12	0	0	4.68	1.56	0	0	0
1428561655109174301	CPU_0	92.06	0	3.17	0	0	3.17	1.58	0	0	0
1428561655740505937	CPU_0	92.06	0	1.58	0	0	4.76	1.58	0	0	0
1428561656378335763	CPU_0	92.06	0	3.17	0	0	3.17	1.58	0	0	0
1428561657009110151	CPU_0	92.06	0	1.58	0	0	4.76	1.58	0	0	0
1428561657639584665	CPU_0	92.06	0	3.17	0	0	3.17	1.58	0	0	0
1428561658271056510	CPU_0	92.18	0	1.56	0	0	4.68	1.56	0	0	0
1428561658908823919	CPU_0	93.65	0	1.58	0	0	3.17	1.58	0	0	0
1428561659539190475	CPU_0	92.06	0	3.17	0	0	3.17	1.58	0	0	0
1428561660169507824	CPU_0	93.75	0	0	0	0	4.68	1.56	0	0	0
1428561660801062377	CPU_0	90.47	0	3.17	0	0	4.76	1.58	0	0	0
1428561661439174410	CPU_0	90.47	0	4.76	0	0	3.17	1.58	0	0	0
1428561662069974965	CPU_0	90.62	0	3.12	0	0	4.68	1.56	0	0	0
1428561662700564646	CPU_0	95.23	0	0	0	0	3.17	1.58	0	0	0
1428561663332438740	CPU_0	93.54	0	1.61	0	0	3.22	1.61	0	0	0
1428561663970246400	CPU_0	90.76	0	3.07	0	0	4.61	1.53	0	0	0
1428561664601148122	CPU_0	95.16	0	0	0	0	3.22	1.61	0	0	0
1428561665232205343	CPU_0	90.62	0	3.12	0	0	4.68	1.56	0	0	0
1428561665862747150	CPU_0	92.06	0	3.17	0	0	3.17	1.58	0	0	0
1428561666500477060	CPU_0	89.06	0	4.68	0	0	4.68	1.56	0	0	0
1428561667131110366	CPU_0	88.88	0	6.34	0	0	3.17	1.58	0	0	0
1428561667762558336	CPU_0	93.54	0	1.61	0	0	3.22	1.61	0	0	0
1428561668392731811	CPU_0	92.18	0	1.56	0	0	4.68	1.56	0	0	0
1428561669034458459	CPU_0	92.06	0	3.17	0	0	3.17	1.58	0	0	0
1428561669665542181	CPU_0	92.18	0	1.56	0	0	4.68	1.56	0	0	0
1428561670297171651	CPU_0	93.65	0	1.58	0	0	3.17	1.58	0	0	0
1428561670927769374	CPU_0	92.18	0	1.56	0	0	4.68	1.56	0	0	0
1428561671561318464	CPU_0	93.54	0	1.61	0	0	3.22	1.61	0	0	0
1428561672197068172	CPU_0	90.76	0	3.07	0	0	4.61	1.53	0	0	0
1428561672828290560	CPU_0	95.16	0	0	0	0	3.22	1.61	0	0	0
1428561673458960700	CPU_0	88.88	0	4.76	0	0	4.76	1.58	0	0	0
1428561674090222880	CPU_0	92.18	0	1.56	0	0	4.68	1.56	0	0	0
1428561674727939082	CPU_0	93.65	0	1.58	0	0	3.17	1.58	0	0	0
1428561675359542095	CPU_0	90.62	0	3.12	0	0	4.68	1.56	0	0	0
1428561675989765695	CPU_0	92.06	0	1.58	0	0	4.76	1.58	0	0	0
1428561676620456460	CPU_0	95.16	0	0	0	0	3.22	1.61	0	0	0
1428561677260215115	CPU_0	92.30	0	3.07	0	0	3.07	1.53	0	0	0
1428561677891240796	CPU_0	92.06	0	1.58	0	0	4.76	1.58	0	0	0
1428561678521640104	CPU_0	93.65	0	1.58	0	0	3.17	1.58	0	0	0
1428561679152471744	CPU_0	92.06	0	1.58	0	0	4.76	1.58	0	0	0
1428561679792253773	CPU_0	92.18	0	3.12	0	0	3.12	1.56	0	0	0
1428561680422783581	CPU_0	93.65	0	0	0	0	4.76	1.58	0	0	0
1428561681053800179	CPU_0	91.93	0	3.22	0	0	3.22	1.61	0	0	0
1428561681685540317	CPU_0	92.30	0	1.53	0	0	4.61	1.53	0	0	0
1428561682324622849	CPU_0	95.23	0	0	0	0	3.17	1.58	0	0	0
1428561682955827571	CPU_0	92.06	0	1.58	0	0	4.76	1.58	0	0	0
1428561683586635462	CPU_0	92.18	0	3.12	0	0	3.12	1.56	0	0	0
1428561684217865809	CPU_0	90.32	0	4.83	0	0	3.22	1.61	0	0	0
1428561684857349965	CPU_0	89.23	0	4.61	0	0	4.61	1.53	0	0	0
1428561685488372522	CPU_0	91.93	0	3.22	0	0	3.22	1.61	0	0	0
1428561686119608912	CPU_0	87.50	0	3.12	0	0	6.25	3.12	0	0	0
1428561686750777218	CPU_0	92.06	0	3.17	0	0	3.17	1.58	0	0	0
1428561687390521873	CPU_0	90.76	0	3.07	0	0	4.61	1.53	0	0	0
1428561688021315931	CPU_0	93.54	0	1.61	0	0	3.22	1.61	0	0	0
1428561688651718406	CPU_0	93.65	0	0	0	0	4.76	1.58	0	0	0
1428561689283511503	CPU_0	92.06	0	3.17	0	0	3.17	1.58	0	0	0
1428561689922266953	CPU_0	95.31	0	0	0	0	3.12	1.56	0	0	0
1428561690553694759	CPU_0	90.47	0	3.17	0	0	4.76	1.58	0	0	0
1428561691185004982	CPU_0	90.62	0	4.68	0	0	3.12	1.56	0	0	0
1428561691817220661	CPU_0	93.65	0	0	0	0	4.76	1.58	0	0	0
1428561692456179611	CPU_0	95.23	0	0	0	0	3.17	1.58	0	0	0
1428561693087183293	CPU_0	89.06	0	4.68	0	0	4.68	1.56	0	0	0
1428561693719279930	CPU_0	90.47	0	4.76	0	0	3.17	1.58	0	0	0
1428561694352109024	CPU_0	93.65	0	0	0	0	4.76	1.58	0	0	0
1428561694991431890	CPU_0	93.75	0	1.56	0	0	3.12	1.56	0	0	0
1428561695621966074	CPU_0	90.62	0	3.12	0	0	4.68	1.56	0	0	0
1428561696252988590	CPU_0	93.54	0	1.61	0	0	3.22	1.61	0	0	0
1428561696885043936	CPU_0	90.62	0	3.12	0	0	4.68	1.56	0	0	0
1428561697524092594	CPU_0	93.65	0	1.58	0	0	3.17	1.58	0	0	0
1428561698154720987	CPU_0	93.75	0	0	0	0	4.68	1.56	0	0	0
1428561698785577962	CPU_0	90.32	0	4.83	0	0	3.22	1.61	0	0	0
1428561699416991393	CPU_0	92.18	0	1.56	0	0	4.68	1.56	0	0	0
1428561700055806969	CPU_0	92.18	0	3.12	0	0	3.12	1.56	0	0	0
1428561700686807736	CPU_0	92.06	0	1.58	0	0	4.76	1.58	0	0	0
1428561701318949832	CPU_0	95.16	0	0	0	0	3.22	1.61	0	0	0
1428561701949416267	CPU_0	90.76	0	3.07	0	0	4.61	1.53	0	0	0
1428561702587243262	CPU_0	91.93	0	3.22	0	0	3.22	1.61	0	0	0
1428561703218816027	CPU_0	93.65	0	1.58	0	0	3.17	1.58	0	0	0
1428561703850667291	CPU_0	93.75	0	0	0	0	4.68	1.56	0	0	0
1428561704481892057	CPU_0	93.65	0	1.58	0	0	3.17	1.58	0	0	0
1428561705121443840	CPU_0	89.06	0	4.68	0	0	4.68	1.56	0	0	0
1428561705752418023	CPU_0	95.23	0	0	0	0	3.17	1.58	0	0	0
1428561706384703036	CPU_0	88.88	0	4.76	0	0	4.76	1.58	0	0	0
1428561707015852136	CPU_0	92.06	0	1.58	0	0	4.76	1.58	0	0	0
1428561707653371925	CPU_0	93.75	0	1.56	0	0	3.12	1.56	0	0	0
1428561708287247808	CPU_0	93.65	0	1.58	0	0	3.17	1.58	0	0	0
1428561708919098031	CPU_0	89.06	0	4.68	0	0	4.68	1.56	0	0	0
1428561709551052254	CPU_0	93.54	0	1.61	0	0	3.22	1.61	0	0	0
1428561710184063765	CPU_0	89.06	0	4.68	0	0	4.68	1.56	0	0	0
1428561710821255888	CPU_0	92.18	0	3.12	0	0	3.12	1.56	0	0	0
1428561711452700446	CPU_0	92.06	0	1.58	0	0	4.76	1.58	0	0	0
1428561712084279545	CPU_0	93.65	0	1.58	0	0	3.17	1.58	0	0	0
1428561712716031560	CPU_0	90.62	0	3.12	0	0	4.68	1.56	0	0	0
1428561713355503093	CPU_0	93.65	0	1.58	0	0	3.17	1.58	0	0	0
1428561713987385025	CPU_0	93.75	0	0	0	0	4.68	1.56	0	0	0
1428561714619453122	CPU_0	87.30	0	6.34	0	0	4.76	1.58	0	0	0
1428561715251040888	CPU_0	93.65	0	1.58	0	0	3.17	1.58	0	0	0
1428561715891090087	CPU_0	92.18	0	1.56	0	0	4.68	1.56	0	0	0
1428561716522860186	CPU_0	90.47	0	3.17	0	0	4.76	1.58	0	0	0
1428561717154505576	CPU_0	95.23	0	0	0	0	3.17	1.58	0	0	0
1428561717785915635	CPU_0	92.06	0	3.17	0	0	3.17	1.58	0	0	0
1428561718425210711	CPU_0	90.76	0	3.07	0	0	4.61	1.53	0	0	0
1428561719056734019	CPU_0	93.54	0	1.61	0	0	3.22	1.61	0	0	0
1428561719689249115	CPU_0	89.06	0	4.68	0	0	4.68	1.56	0	0	0
1428561720320888840	CPU_0	85.48	0	8.06	0	0	4.83	1.61	0	0	0
1428561720961062913	CPU_0	93.75	0	1.56	0	0	3.12	1.56	0	0	0
1428561721592249139	CPU_0	93.65	0	0	0	0	3.17	3.17	0	0	0
1428561722223589281	CPU_0	90.62	0	3.12	0	0	4.68	1.56	0	0	0
1428561722855984670	CPU_0	95.16	0	0	0	0	3.22	1.61	0	0	0
1428561723494559458	CPU_0	92.30	0	3.07	0	0	4.61	0	0	0	0
1428561724126345890	CPU_0	90.47	0	3.17	0	0	3.17	3.17	0	0	0
1428561724758378989	CPU_0	88.88	0	4.76	0	0	4.76	1.58	0	0	0
1428561725391317126	CPU_0	93.65	0	1.58	0	0	3.17	1.58	0	0	0
1428561726031322201	CPU_0	89.06	0	4.68	0	0	4.68	1.56	0	0	0
1428561726663785965	CPU_0	92.06	0	3.17	0	0	3.17	1.58	0	0	0
1428561727295576898	CPU_0	93.75	0	0	0	0	4.68	1.56	0	0	0
1428561727928431369	CPU_0	93.65	0	1.58	0	0	3.17	1.58	0	0	0
1428561728567833946	CPU_0	92.18	0	1.56	0	0	4.68	1.56	0	0	0
1428561729199768045	CPU_0	92.06	0	3.17	0	0	3.17	1.58	0	0	0
1428561729832171476	CPU_0	93.65	0	0	0	0	4.76	1.58	0	0	0
1428561730465220114	CPU_0	90.62	0	4.68	0	0	3.12	1.56	0	0	0
1428561731104629983	CPU_0	92.18	0	1.56	0	0	4.68	1.56	0	0	0
1428561731736335374	CPU_0	91.93	0	3.22	0	0	3.22	1.61	0	0	0
1428561732369457262	CPU_0	89.23	0	3.07	0	0	6.15	1.53	0	0	0
1428561733001485028	CPU_0	95.16	0	0	0	0	3.22	1.61	0	0	0
1428561733640908272	CPU_0	93.75	0	1.56	0	0	3.12	1.56	0	0	0
1428561734272785496	CPU_0	93.65	0	0	0	0	4.76	1.58	0	0	0
1428561734906828173	CPU_0	90.47	0	3.17	0	0	4.76	1.58	0	0	0
1428561735538667523	CPU_0	93.65	0	1.58	0	0	3.17	1.58	0	0	0
1428561736177940226	CPU_0	92.18	0	1.56	0	0	4.68	1.56	0	0	0
1428561736809460702	CPU_0	90.62	0	4.68	0	0	3.12	1.56	0	0	0
1428561737442301924	CPU_0	93.65	0	1.58	0	0	3.17	1.58	0	0	0
1428561738074070941	CPU_0	85.71	0	7.93	0	0	4.76	1.58	0	0	0
1428561738713252645	CPU_0	90.47	0	4.76	0	0	3.17	1.58	0	0	0
1428561739345077870	CPU_0	93.75	0	0	0	0	4.68	1.56	0	0	0
1428561739978799423	CPU_0	93.65	0	1.58	0	0	3.17	1.58	0	0	0
1428561740610583774	CPU_0	90.47	0	3.17	0	0	4.76	1.58	0	0	0
1428561741249868185	CPU_0	92.30	0	1.53	0	0	4.61	1.53	0	0	0
1428561741882779366	CPU_0	95.23	0	0	0	0	3.17	1.58	0	0	0
1428561742515494922	CPU_0	92.18	0	1.56	0	0	4.68	1.56	0	0	0
1428561743148211812	CPU_0	90.47	0	3.17	0	0	4.76	1.58	0	0	0
1428561743787287974	CPU_0	85.93	0	3.12	0	0	7.81	3.12	0	0	0
1428561744420515821	CPU_0	80.95	0	6.34	0	0	11.11	1.58	0	0	0
1428561745053457252	CPU_0	81.25	0	10.93	0	0	6.25	1.56	0	0	0
1428561745686907348	CPU_0	95.16	0	0	0	0	3.22	1.61	0	0	0
1428561746326869299	CPU_0	86.15	0	6.15	0	0	6.15	1.53	0	0	0
1428561746960636561	CPU_0	93.54	0	1.61	0	0	3.22	1.61	0	0	0
1428561747594438198	CPU_0	92.18	0	1.56	0	0	4.68	1.56	0	0	0
1428561748226642839	CPU_0	92.06	0	3.17	0	0	3.17	1.58	0	0	0
1428561748866161667	CPU_0	93.75	0	1.56	0	0	3.12	1.56	0	0	0
1428561749499808930	CPU_0	90.47	0	3.17	0	0	4.76	1.58	0	0	0
1428561750132422029	CPU_0	90.62	0	3.12	0	0	4.68	1.56	0	0	0
1428561750765208794	CPU_0	90.47	0	4.76	0	0	3.17	1.58	0	0	0
1428561751405731453	CPU_0	92.18	0	1.56	0	0	4.68	1.56	0	0	0
1428561752038284552	CPU_0	93.65	0	1.58	0	0	3.17	1.58	0	0	0
1428561752670248611	CPU_0	92.18	0	1.56	0	0	4.68	1.56	0	0	0
1428561753302772086	CPU_0	95.16	0	0	0	0	3.22	1.61	0	0	0
1428561753943866076	CPU_0	92.30	0	1.53	0	0	4.61	1.53	0	0	0
1428561754597131030	CPU_0	89.06	0	3.12	0	0	4.68	3.12	0	0	0
1428561755231217625	CPU_0	87.69	0	6.15	0	0	4.61	1.53	0	0	0
1428561755863154726	CPU_0	90.47	0	4.76	0	0	3.17	1.58	0	0	0
1428561756502809638	CPU_0	89.23	0	4.61	0	0	4.61	1.53	0	0	0
1428561757133732868	CPU_0	93.54	0	1.61	0	0	3.22	1.61	0	0	0
1428561757764374848	CPU_0	95.31	0	0	0	0	3.12	1.56	0	0	0
1428561758397229989	CPU_0	87.30	0	6.34	0	0	4.76	1.58	0	0	0
1428561759036934775	CPU_0	95.23	0	0	0	0	3.17	1.58	0	0	0
1428561759668984252	CPU_0	92.18	0	1.56	0	0	4.68	1.56	0	0	0
1428561760301121103	CPU_0	91.93	0	3.22	0	0	3.22	1.61	0	0	0
1428561760934162951	CPU_0	90.62	0	3.12	0	0	4.68	1.56	0	0	0
1428561761574100529	CPU_0	92.18	0	3.12	0	0	3.12	1.56	0	0	0
1428561762206128298	CPU_0	92.06	0	1.58	0	0	4.76	1.58	0	0	0
1428561762838322815	CPU_0	92.06	0	3.17	0	0	3.17	1.58	0	0	0
1428561763471489497	CPU_0	93.75	0	0	0	0	4.68	1.56	0	0	0
1428561764111618908	CPU_0	93.75	0	1.56	0	0	3.12	1.56	0	0	0
1428561764744570465	CPU_0	90.62	0	3.12	0	0	4.68	1.56	0	0	0
1428561765378365312	CPU_0	88.70	0	6.45	0	0	3.22	1.61	0	0	0
1428561766012526533	CPU_0	89.06	0	4.68	0	0	4.68	1.56	0	0	0
1428561766653331692	CPU_0	92.06	0	3.17	0	0	3.17	1.58	0	0	0
1428561767285860459	CPU_0	92.30	0	1.53	0	0	4.61	1.53	0	0	0
1428561767919878305	CPU_0	95.16	0	0	0	0	3.22	1.61	0	0	0
1428561768552818155	CPU_0	92.18	0	1.56	0	0	4.68	1.56	0	0	0
1428561769193821146	CPU_0	93.75	0	1.56	0	0	3.12	1.56	0	0	0
1428561769826158040	CPU_0	93.65	0	1.58	0	0	3.17	1.58	0	0	0
1428561770461418424	CPU_0	89.06	0	3.12	0	0	4.68	3.12	0	0	0
1428561771094697064	CPU_0	93.75	0	0	0	0	4.68	1.56	0	0	0
1428561771736133763	CPU_0	95.23	0	0	0	0	3.17	1.58	0	0	0
1428561772369072446	CPU_0	90.62	0	3.12	0	0	4.68	1.56	0	0	0
1428561773003413042	CPU_0	92.06	0	3.17	0	0	3.17	1.58	0	0	0
1428561773636712849	CPU_0	90.62	0	4.68	0	0	3.12	1.56	0	0	0
1428561774278035049	CPU_0	90.62	0	3.12	0	0	4.68	1.56	0	0	0
1428561774911824855	CPU_0	92.06	0	3.17	0	0	3.17	1.58	0	0	0
1428561775547803112	CPU_0	92.18	0	1.56	0	0	4.68	1.56	0	0	0
1428561776181943750	CPU_0	92.06	0	3.17	0	0	3.17	1.58	0	0	0
1428561776823950907	CPU_0	92.30	0	1.53	0	0	4.61	1.53	0	0	0
1428561777458540544	CPU_0	92.06	0	3.17	0	0	3.17	1.58	0	0	0
1428561778092757140	CPU_0	92.18	0	1.56	0	0	4.68	1.56	0	0	0
1428561778726575821	CPU_0	93.54	0	1.61	0	0	3.22	1.61	0	0	0
1428561779368593269	CPU_0	93.84	0	0	0	0	4.61	1.53	0	0	0
1428561780003556405	CPU_0	92.06	0	3.17	0	0	3.17	1.58	0	0	0
1428561780637875168	CPU_0	90.62	0	3.12	0	0	4.68	1.56	0	0	0
1428561781271912807	CPU_0	93.65	0	1.58	0	0	3.17	1.58	0	0	0
1428561781914363712	CPU_0	92.30	0	1.53	0	0	4.61	1.53	0	0	0
1428561782549312557	CPU_0	92.06	0	3.17	0	0	3.17	1.58	0	0	0
1428561783183269655	CPU_0	92.06	0	1.58	0	0	4.76	1.58	0	0	0
1428561783817074253	CPU_0	95.23	0	0	0	0	3.17	1.58	0	0	0
1428561784459657741	CPU_0	90.90	0	3.03	0	0	4.54	1.51	0	0	0
1428561785093070841	CPU_0	95.16	0	0	0	0	3.22	1.61	0	0	0
1428561785726976772	CPU_0	93.75	0	1.56	0	0	3.12	1.56	0	0	0
1428561786361243744	CPU_0	90.32	0	3.22	0	0	4.83	1.61	0	0	0
1428561787003950649	CPU_0	92.30	0	1.53	0	0	4.61	1.53	0	0	0
1428561787637698789	CPU_0	95.23	0	0	0	0	3.17	1.58	0	0	0
1428561788271628762	CPU_0	92.18	0	3.12	0	0	3.12	1.56	0	0	0
1428561788905723901	CPU_0	90.47	0	3.17	0	0	4.76	1.58	0	0	0
1428561789548821847	CPU_0	92.18	0	1.56	0	0	4.68	1.56	0	0	0
1428561790182274030	CPU_0	93.75	0	1.56	0	0	3.12	1.56	0	0	0
1428561790817430833	CPU_0	89.06	0	4.68	0	0	4.68	1.56	0	0	0
1428561791451970888	CPU_0	90.47	0	4.76	0	0	3.17	1.58	0	0	0
1428561792094926793	CPU_0	92.18	0	1.56	0	0	4.68	1.56	0	0	0
1428561792728933683	CPU_0	90.47	0	4.76	0	0	3.17	1.58	0	0	0
1428561793362711240	CPU_0	95.31	0	0	0	0	3.12	1.56	0	0	0
1428561793997854960	CPU_0	93.65	0	0	0	0	4.76	1.58	0	0	0
1428561794638985995	CPU_0	92.18	0	3.12	0	0	3.12	1.56	0	0	0
1428561795272515012	CPU_0	92.18	0	1.56	0	0	4.68	1.56	0	0	0
1428561795906483444	CPU_0	93.65	0	1.58	0	0	3.17	1.58	0	0	0
1428561796541522914	CPU_0	90.47	0	3.17	0	0	4.76	1.58	0	0	0
1428561797182563825	CPU_0	92.30	0	1.53	0	0	4.61	1.53	0	0	0
1428561797815855009	CPU_0	93.75	0	1.56	0	0	3.12	1.56	0	0	0
1428561798449448817	CPU_0	92.06	0	1.58	0	0	3.17	3.17	0	0	0
1428561799083879248	CPU_0	95.23	0	0	0	0	4.76	0	0	0	0
1428561799724231453	CPU_0	93.75	0	1.56	0	0	3.12	1.56	0	0	0
1428561800357341805	CPU_0	88.88	0	4.76	0	0	4.76	1.58	0	0	0
1428561800992437942	CPU_0	90.62	0	3.12	0	0	3.12	3.12	0	0	0
1428561801625731043	CPU_0	92.18	0	1.56	0	0	4.68	1.56	0	0	0
1428561802266990079	CPU_0	92.06	0	3.17	0	0	3.17	1.58	0	0	0
1428561802900133889	CPU_0	92.18	0	1.56	0	0	4.68	1.56	0	0	0
1428561803535244484	CPU_0	93.65	0	1.58	0	0	3.17	1.58	0	0	0
1428561804168706585	CPU_0	92.18	0	1.56	0	0	4.68	1.56	0	0	0
1428561804810190120	CPU_0	92.18	0	3.12	0	0	3.12	1.56	0	0	0
1428561805444031887	CPU_0	92.18	0	1.56	0	0	4.68	1.56	0	0	0
1428561806079235274	CPU_0	88.88	0	4.76	0	0	4.76	1.58	0	0	0
1428561806713192332	CPU_0	92.06	0	3.17	0	0	3.17	1.58	0	0	0
1428561807355823531	CPU_0	92.30	0	1.53	0	0	4.61	1.53	0	0	0
1428561807990970168	CPU_0	93.65	0	1.58	0	0	3.17	1.58	0	0	0
1428561808626010057	CPU_0	89.06	0	4.68	0	0	4.68	1.56	0	0	0
1428561809260134031	CPU_0	88.88	0	6.34	0	0	3.17	1.58	0	0	0
1428561809902434231	CPU_0	87.69	0	6.15	0	0	4.61	1.53	0	0	0
1428561810537781993	CPU_0	91.93	0	3.22	0	0	3.22	1.61	0	0	0
1428561811172551840	CPU_0	90.62	0	3.12	0	0	4.68	1.56	0	0	0
1428561811807223105	CPU_0	93.65	0	1.58	0	0	3.17	1.58	0	0	0
1428561812448989723	CPU_0	92.18	0	1.56	0	0	4.68	1.56	0	0	0
1428561813084813068	CPU_0	93.75	0	1.56	0	0	3.12	1.56	0	0	0
1428561813719848290	CPU_0	92.18	0	1.56	0	0	4.68	1.56	0	0	0
1428561814355136677	CPU_0	90.47	0	4.76	0	0	3.17	1.58	0	0	0
1428561814997721835	CPU_0	92.30	0	1.53	0	0	4.61	1.53	0	0	0
1428561815633523471	CPU_0	93.65	0	1.58	0	0	3.17	1.58	0	0	0
1428561816268332944	CPU_0	90.47	0	3.17	0	0	4.76	1.58	0	0	0
1428561816903248583	CPU_0	92.18	0	1.56	0	0	4.68	1.56	0	0	0
1428561817546263448	CPU_0	92.30	0	1.53	0	0	3.07	3.07	0	0	0
1428561818181349879	CPU_0	92.06	0	1.58	0	0	4.76	1.58	0	0	0
1428561818816356434	CPU_0	93.75	0	1.56	0	0	3.12	1.56	0	0	0
1428561819451530281	CPU_0	92.06	0	1.58	0	0	4.76	1.58	0	0	0
1428561820095005728	CPU_0	93.84	0	1.53	0	0	3.07	1.53	0	0	0
1428561820730114201	CPU_0	90.47	0	3.17	0	0	4.76	1.58	0	0	0
1428561821364986715	CPU_0	93.65	0	1.58	0	0	3.17	1.58	0	0	0
1428561822002857013	CPU_0	89.06	0	4.68	0	0	4.68	1.56	0	0	0
1428561822643949342	CPU_0	92.18	0	1.56	0	0	4.68	1.56	0	0	0
1428561823279617563	CPU_0	93.75	0	1.56	0	0	3.12	1.56	0	0	0
1428561823915230784	CPU_0	93.75	0	1.56	0	0	3.12	1.56	0	0	0
1428561824562333804	CPU_0	92.18	0	1.56	0	0	4.68	1.56	0	0	0
1428561825197786775	CPU_0	95.23	0	0	0	0	3.17	1.58	0	0	0
1428561825832746165	CPU_0	92.18	0	1.56	0	0	4.68	1.56	0	0	0
1428561826466961016	CPU_0	90.62	0	4.68	0	0	3.12	1.56	0	0	0
1428561827109661924	CPU_0	90.62	0	3.12	0	0	4.68	1.56	0	0	0
1428561827744169899	CPU_0	92.06	0	3.17	0	0	3.17	1.58	0	0	0
1428561828378766873	CPU_0	90.62	0	3.12	0	0	4.68	1.56	0	0	0
1428561829013339972	CPU_0	93.65	0	1.58	0	0	3.17	1.58	0	0	0
1428561829656425713	CPU_0	92.30	0	1.53	0	0	4.61	1.53	0	0	0
1428561830291492686	CPU_0	92.18	0	3.12	0	0	3.12	1.56	0	0	0
1428561830925486579	CPU_0	93.54	0	0	0	0	4.83	1.61	0	0	0
1428561831561225092	CPU_0	92.18	0	3.12	0	0	3.12	1.56	0	0	0
1428561832202977087	CPU_0	93.65	0	1.58	0	0	3.17	1.58	0	0	0
1428561832838596267	CPU_0	92.18	0	1.56	0	0	4.68	1.56	0	0	0
1428561833473507616	CPU_0	95.23	0	0	0	0	3.17	1.58	0	0	0
1428561834109697503	CPU_0	89.23	0	4.61	0	0	4.61	1.53	0	0	0
1428561834751355457	CPU_0	93.75	0	0	0	0	4.68	1.56	0	0	0
1428561835386513513	CPU_0	95.31	0	0	0	0	3.12	1.56	0	0	0
1428561836021133780	CPU_0	92.06	0	1.58	0	0	4.76	1.58	0	0	0
1428561836656494044	CPU_0	92.06	0	3.17	0	0	3.17	1.58	0	0	0
1428561837298101957	CPU_0	90.76	0	3.07	0	0	4.61	1.53	0	0	0
1428561837932095934	CPU_0	93.65	0	1.58	0	0	3.17	1.58	0	0	0
1428561838566840783	CPU_0	93.65	0	1.58	0	0	3.17	1.58	0	0	0
1428561839201585425	CPU_0	92.18	0	1.56	0	0	4.68	1.56	0	0	0
1428561839845157332	CPU_0	95.31	0	0	0	0	3.12	1.56	0	0	0
1428561840480174306	CPU_0	90.62	0	3.12	0	0	4.68	1.56	0	0	0
1428561841116308027	CPU_0	92.06	0	1.58	0	0	4.76	1.58	0	0	0
1428561841750545628	CPU_0	92.18	0	3.12	0	0	3.12	1.56	0	0	0
1428561842392826039	CPU_0	91.93	0	3.22	0	0	3.22	1.61	0	0	0
1428561843028129221	CPU_0	92.18	0	1.56	0	0	4.68	1.56	0	0	0
1428561843663689777	CPU_0	92.06	0	1.58	0	0	4.76	1.58	0	0	0
1428561844298839043	CPU_0	92.18	0	3.12	0	0	3.12	1.56	0	0	0
1428561844942381741	CPU_0	92.18	0	1.56	0	0	3.12	3.12	0	0	0
1428561845577695007	CPU_0	90.62	0	3.12	0	0	4.68	1.56	0	0	0
1428561846212065483	CPU_0	92.06	0	3.17	0	0	3.17	1.58	0	0	0
1428561846846775501	CPU_0	92.18	0	1.56	0	0	4.68	1.56	0	0	0
1428561847488470580	CPU_0	93.75	0	1.56	0	0	3.12	1.56	0	0	0
1428561848124891176	CPU_0	90.62	0	3.12	0	0	4.68	1.56	0	0	0
1428561848760328066	CPU_0	92.18	0	3.12	0	0	3.12	1.56	0	0	0
1428561849395308208	CPU_0	92.18	0	1.56	0	0	4.68	1.56	0	0	0
1428561850038030076	CPU_0	93.65	0	1.58	0	0	3.17	1.58	0	0	0
1428561850674300422	CPU_0	92.18	0	1.56	0	0	4.68	1.56	0	0	0
1428561851310412019	CPU_0	92.06	0	3.17	0	0	3.17	1.58	0	0	0
1428561851945486160	CPU_0	93.75	0	0	0	0	4.68	1.56	0	0	0
1428561852590352856	CPU_0	92.18	0	3.12	0	0	3.12	1.56	0	0	0
1428561853225865538	CPU_0	93.84	0	0	0	0	4.61	1.53	0	0	0
1428561853861639761	CPU_0	93.65	0	1.58	0	0	3.17	1.58	0	0	0
1428561854497013777	CPU_0	92.06	0	1.58	0	0	4.76	1.58	0	0	0
1428561855141335849	CPU_0	93.84	0	1.53	0	0	3.07	1.53	0	0	0
1428561855777240905	CPU_0	90.47	0	3.17	0	0	4.76	1.58	0	0	0
1428561856413818209	CPU_0	90.47	0	4.76	0	0	3.17	1.58	0	0	0
1428561857049678974	CPU_0	93.75	0	0	0	0	4.68	1.56	0	0	0
1428561857694308504	CPU_0	92.18	0	3.12	0	0	3.12	1.56	0	0	0
1428561858329793687	CPU_0	90.76	0	3.07	0	0	4.61	1.53	0	0	0
1428561858965814076	CPU_0	95.16	0	0	0	0	3.22	1.61	0	0	0
1428561859601990590	CPU_0	92.18	0	1.56	0	0	4.68	1.56	0	0	0
1428561860244902917	CPU_0	92.30	0	3.07	0	0	3.07	1.53	0	0	0
1428561860880060475	CPU_0	92.18	0	1.56	0	0	4.68	1.56	0	0	0
1428561861516065323	CPU_0	95.16	0	0	0	0	3.22	1.61	0	0	0
1428561862154973746	CPU_0	89.23	0	4.61	0	0	4.61	1.53	0	0	0
1428561862796361244	CPU_0	92.06	0	3.17	0	0	3.17	1.58	0	0	0
1428561863432102343	CPU_0	78.46	0	10.76	0	0	7.69	3.07	0	0	0
1428561864067693734	CPU_0	87.50	0	3.12	0	0	7.81	1.56	0	0	0
1428561864714328842	CPU_0	82.81	0	6.25	0	0	9.37	1.56	0	0	0
1428561865351065646	CPU_0	88.88	0	4.76	0	0	4.76	1.58	0	0	0
1428561865987059828	CPU_0	90.62	0	3.12	0	0	4.68	1.56	0	0	0
1428561866624553797	CPU_0	88.88	0	4.76	0	0	4.76	1.58	0	0	0
1428561867266138462	CPU_0	92.30	0	1.53	0	0	4.61	1.53	0	0	0
1428561867902358476	CPU_0	93.75	0	1.56	0	0	3.12	1.56	0	0	0
1428561868537699702	CPU_0	95.16	0	0	0	0	3.22	1.61	0	0	0
1428561869173992341	CPU_0	92.18	0	1.56	0	0	4.68	1.56	0	0	0
1428561869817279876	CPU_0	92.30	0	3.07	0	0	3.07	1.53	0	0	0
1428561870453162517	CPU_0	92.06	0	1.58	0	0	4.76	1.58	0	0	0
1428561871088933991	CPU_0	93.75	0	1.56	0	0	3.12	1.56	0	0	0
1428561871725697962	CPU_0	90.62	0	3.12	0	0	4.68	1.56	0	0	0
1428561872368930498	CPU_0	95.31	0	0	0	0	3.12	1.56	0	0	0
1428561873004346765	CPU_0	92.06	0	1.58	0	0	4.76	1.58	0	0	0
1428561873643246564	CPU_0	93.75	0	1.56	0	0	3.12	1.56	0	0	0
1428561874278838497	CPU_0	90.62	0	3.12	0	0	4.68	1.56	0	0	0
1428561874921906991	CPU_0	95.31	0	0	0	0	3.12	1.56	0	0	0
1428561875557519342	CPU_0	90.62	0	3.12	0	0	4.68	1.56	0	0	0
1428561876194046772	CPU_0	92.06	0	1.58	0	0	3.17	3.17	0	0	0
1428561876829121291	CPU_0	93.75	0	0	0	0	4.68	1.56	0	0	0
1428561877472690743	CPU_0	93.84	0	1.53	0	0	3.07	1.53	0	0	0
1428561878107424554	CPU_0	90.47	0	3.17	0	0	4.76	1.58	0	0	0
1428561878744425525	CPU_0	92.18	0	3.12	0	0	3.12	1.56	0	0	0
1428561879378702296	CPU_0	92.06	0	1.58	0	0	4.76	1.58	0	0	0
1428561880022399414	CPU_0	92.18	0	3.12	0	0	3.12	1.56	0	0	0
1428561880658234306	CPU_0	89.23	0	4.61	0	0	4.61	1.53	0	0	0
1428561881294179614	CPU_0	88.88	0	6.34	0	0	3.17	1.58	0	0	0
1428561881929255383	CPU_0	92.18	0	1.56	0	0	4.68	1.56	0	0	0
1428561882572433003	CPU_0	92.18	0	3.12	0	0	3.12	1.56	0	0	0
1428561883208855268	CPU_0	92.18	0	1.56	0	0	4.68	1.56	0	0	0
1428561883844257161	CPU_0	93.54	0	1.61	0	0	3.22	1.61	0	0	0
1428561884479635887	CPU_0	92.30	0	3.07	0	0	3.07	1.53	0	0	0
1428561885122712299	CPU_0	92.06	0	1.58	0	0	4.76	1.58	0	0	0
1428561885758827982	CPU_0	93.75	0	1.56	0	0	3.12	1.56	0	0	0
1428561886394593583	CPU_0	89.06	0	4.68	0	0	4.68	1.56	0	0	0
1428561887029247145	CPU_0	93.75	0	0	0	0	4.68	1.56	0	0	0
1428561887672126724	CPU_0	92.18	0	3.12	0	0	3.12	1.56	0	0	0
1428561888308557698	CPU_0	92.18	0	1.56	0	0	4.68	1.56	0	0	0
1428561888945883544	CPU_0	95.23	0	0	0	0	3.17	1.58	0	0	0
1428561889582606684	CPU_0	90.62	0	3.12	0	0	4.68	1.56	0	0	0
1428561890227555966	CPU_0	93.84	0	1.53	0	0	3.07	1.53	0	0	0
1428561890863966148	CPU_0	95.16	0	0	0	0	3.22	1.61	0	0	0
1428561891499782707	CPU_0	85.93	0	7.81	0	0	4.68	1.56	0	0	0
1428561892136290389	CPU_0	93.65	0	1.58	0	0	3.17	1.58	0	0	0
1428561892780290258	CPU_0	92.30	0	1.53	0	0	4.61	1.53	0	0	0
1428561893417206564	CPU_0	95.23	0	0	0	0	3.17	1.58	0	0	0
1428561894052856707	CPU_0	90.62	0	3.12	0	0	4.68	1.56	0	0	0
1428561894689222723	CPU_0	93.75	0	1.56	0	0	3.12	1.56	0	0	0
1428561895332122386	CPU_0	90.62	0	3.12	0	0	4.68	1.56	0	0	0
1428561895968931401	CPU_0	93.75	0	1.56	0	0	3.12	1.56	0	0	0
1428561896604204046	CPU_0	92.18	0	1.56	0	0	4.68	1.56	0	0	0
1428561897252355402	CPU_0	90.62	0	3.12	0	0	4.68	1.56	0	0	0
1428561897887473047	CPU_0	93.75	0	1.56	0	0	3.12	1.56	0	0	0
1428561898524053813	CPU_0	93.65	0	1.58	0	0	3.17	1.58	0	0	0
1428561899158771667	CPU_0	87.50	0	6.25	0	0	4.68	1.56	0	0	0
1428561899802534578	CPU_0	93.75	0	1.56	0	0	3.12	1.56	0	0	0
1428561900437582474	CPU_0	93.75	0	0	0	0	4.68	1.56	0	0	0
1428561901074228948	CPU_0	93.65	0	1.58	0	0	3.17	1.58	0	0	0
1428561901711170130	CPU_0	89.23	0	4.61	0	0	4.61	1.53	0	0	0
1428561902355181165	CPU_0	93.75	0	0	0	0	3.12	3.12	0	0	0
1428561902990486102	CPU_0	93.75	0	0	0	0	4.68	1.56	0	0	0
1428561903629188528	CPU_0	92.06	0	3.17	0	0	3.17	1.58	0	0	0
1428561904265557212	CPU_0	92.30	0	1.53	0	0	4.61	1.53	0	0	0
1428561904909115749	CPU_0	93.65	0	1.58	0	0	3.17	1.58	0	0	0
1428561905545599807	CPU_0	92.18	0	1.56	0	0	4.68	1.56	0	0	0
1428561906182183574	CPU_0	93.65	0	1.58	0	0	3.17	1.58	0	0	0
1428561906819820837	CPU_0	92.30	0	1.53	0	0	4.61	1.53	0	0	0
1428561907464384413	CPU_0	92.18	0	3.12	0	0	3.12	1.56	0	0	0
1428561908100865930	CPU_0	92.18	0	1.56	0	0	4.68	1.56	0	0	0
1428561908738876734	CPU_0	95.23	0	0	0	0	3.17	1.58	0	0	0
1428561909374990252	CPU_0	90.62	0	3.12	0	0	4.68	1.56	0	0	0
1428561910018580123	CPU_0	93.75	0	1.56	0	0	3.12	1.56	0	0	0
1428561910654739599	CPU_0	92.18	0	3.12	0	0	3.12	1.56	0	0	0
1428561911292810945	CPU_0	92.06	0	1.58	0	0	4.76	1.58	0	0	0
1428561911928322673	CPU_0	92.30	0	1.53	0	0	4.61	1.53	0	0	0
1428561912572565292	CPU_0	92.06	0	3.17	0	0	3.17	1.58	0	0	0
1428561913208048479	CPU_0	92.18	0	1.56	0	0	4.68	1.56	0	0	0
1428561913845029787	CPU_0	92.18	0	3.12	0	0	3.12	1.56	0	0	0
1428561914481279763	CPU_0	93.65	0	0	0	0	4.76	1.58	0	0	0
1428561915124692718	CPU_0	90.76	0	4.61	0	0	3.07	1.53	0	0	0
1428561915761890775	CPU_0	92.18	0	1.56	0	0	4.68	1.56	0	0	0
1428561916398110877	CPU_0	92.06	0	3.17	0	0	3.17	1.58	0	0	0
1428561917034438520	CPU_0	87.50	0	6.25	0	0	4.68	1.56	0	0	0
1428561917677669809	CPU_0	92.18	0	3.12	0	0	3.12	1.56	0	0	0
1428561918314859491	CPU_0	92.18	0	1.56	0	0	4.68	1.56	0	0	0
1428561918950970510	CPU_0	93.65	0	1.58	0	0	3.17	1.58	0	0	0
1428561919587001196	CPU_0	90.62	0	3.12	0	0	4.68	1.56	0	0	0
1428561920230238777	CPU_0	93.75	0	1.56	0	0	3.12	1.56	0	0	0
1428561920867363668	CPU_0	93.75	0	0	0	0	4.68	1.56	0	0	0
1428561921504623808	CPU_0	93.65	0	1.58	0	0	3.17	1.58	0	0	0
1428561922142119656	CPU_0	90.76	0	1.53	0	0	4.61	3.07	0	0	0
1428561922784984030	CPU_0	93.75	0	1.56	0	0	3.12	1.56	0	0	0
1428561923421633548	CPU_0	90.62	0	3.12	0	0	4.68	1.56	0	0	0
1428561924057961900	CPU_0	95.23	0	0	0	0	3.17	1.58	0	0	0
1428561924701229148	CPU_0	92.18	0	1.56	0	0	4.68	1.56	0	0	0
1428561925341374655	CPU_0	92.18	0	3.12	0	0	3.12	1.56	0	0	0
1428561925977278758	CPU_0	93.75	0	0	0	0	4.68	1.56	0	0	0
1428561926613106612	CPU_0	90.62	0	4.68	0	0	3.12	1.56	0	0	0
1428561927258882728	CPU_0	90.76	0	3.07	0	0	4.61	1.53	0	0	0
1428561927895758412	CPU_0	95.23	0	0	0	0	3.17	1.58	0	0	0
1428561928532140347	CPU_0	92.18	0	1.56	0	0	4.68	1.56	0	0	0
1428561929168474949	CPU_0	93.65	0	1.58	0	0	3.17	1.58	0	0	0
1428561929813685025	CPU_0	93.75	0	1.56	0	0	3.12	1.56	0	0	0
1428561930450444543	CPU_0	92.30	0	1.53	0	0	4.61	1.53	0	0	0
1428561931087334477	CPU_0	89.06	0	4.68	0	0	4.68	1.56	0	0	0
1428561931724069412	CPU_0	92.06	0	3.17	0	0	3.17	1.58	0	0	0
1428561932369452404	CPU_0	90.76	0	3.07	0	0	4.61	1.53	0	0	0
1428561933006021381	CPU_0	93.65	0	1.58	0	0	3.17	1.58	0	0	0
1428561933642944774	CPU_0	90.62	0	3.12	0	0	4.68	1.56	0	0	0
1428561934281059204	CPU_0	92.18	0	3.12	0	0	3.12	1.56	0	0	0
1428561934925380992	CPU_0	87.50	0	6.25	0	0	4.68	1.56	0	0	0
1428561935561990552	CPU_0	92.06	0	3.17	0	0	3.17	1.58	0	0	0
1428561936198935611	CPU_0	95.31	0	0	0	0	3.12	1.56	0	0	0
1428561936836794001	CPU_0	89.06	0	4.68	0	0	4.68	1.56	0	0	0
1428561937481142539	CPU_0	92.18	0	3.12	0	0	3.12	1.56	0	0	0
1428561938118571097	CPU_0	90.62	0	3.12	0	0	4.68	1.56	0	0	0
1428561938755978113	CPU_0	93.75	0	1.56	0	0	3.12	1.56	0	0	0
1428561939394979042	CPU_0	90.62	0	3.12	0	0	4.68	1.56	0	0	0
1428561940040273327	CPU_0	93.84	0	0	0	0	4.61	1.53	0	0	0
1428561940677253470	CPU_0	95.23	0	0	0	0	3.17	1.58	0	0	0
1428561941315353234	CPU_0	90.62	0	3.12	0	0	4.68	1.56	0	0	0
1428561941952314961	CPU_0	95.23	0	0	0	0	3.17	1.58	0	0	0
1428561942596331666	CPU_0	90.76	0	3.07	0	0	4.61	1.53	0	0	0
1428561943232974227	CPU_0	90.47	0	4.76	0	0	3.17	1.58	0	0	0
1428561943869996995	CPU_0	93.75	0	0	0	0	4.68	1.56	0	0	0
1428561944506681181	CPU_0	92.18	0	1.56	0	0	3.12	3.12	0	0	0
1428561945151218802	CPU_0	89.23	0	3.07	0	0	6.15	1.53	0	0	0
1428561945788952901	CPU_0	92.06	0	3.17	0	0	3.17	1.58	0	0	0
1428561946425650670	CPU_0	95.31	0	0	0	0	3.12	1.56	0	0	0
1428561947063354270	CPU_0	92.06	0	1.58	0	0	4.76	1.58	0	0	0
1428561947705727939	CPU_0	90.76	0	3.07	0	0	4.61	1.53	0	0	0
1428561948343077082	CPU_0	95.31	0	0	0	0	3.12	1.56	0	0	0
1428561948980261891	CPU_0	89.06	0	4.68	0	0	4.68	1.56	0	0	0
1428561949626864423	CPU_0	95.31	0	0	0	0	3.12	1.56	0	0	0
1428561950264183482	CPU_0	93.75	0	1.56	0	0	3.12	1.56	0	0	0
1428561950900730336	CPU_0	92.18	0	1.56	0	0	4.68	1.56	0	0	0
1428561951538219853	CPU_0	93.65	0	1.58	0	0	3.17	1.58	0	0	0
1428561952181686019	CPU_0	86.15	0	7.69	0	0	4.61	1.53	0	0	0
1428561952819854326	CPU_0	95.31	0	0	0	0	3.12	1.56	0	0	0
1428561953456584013	CPU_0	93.65	0	0	0	0	4.76	1.58	0	0	0
1428561954094643862	CPU_0	93.75	0	1.56	0	0	3.12	1.56	0	0	0
1428561954739370316	CPU_0	90.76	0	3.07	0	0	4.61	1.53	0	0	0
1428561955378290871	CPU_0	93.65	0	1.58	0	0	3.17	1.58	0	0	0
1428561956014858475	CPU_0	93.84	0	0	0	0	4.61	1.53	0	0	0
1428561956652900616	CPU_0	93.65	0	1.58	0	0	3.17	1.58	0	0	0
1428561957296542324	CPU_0	92.30	0	1.53	0	0	4.61	1.53	0	0	0
1428561957933999341	CPU_0	93.54	0	1.61	0	0	3.22	1.61	0	0	0
1428561958570598487	CPU_0	90.62	0	3.12	0	0	4.68	1.56	0	0	0
1428561959207142466	CPU_0	93.65	0	1.58	0	0	3.17	1.58	0	0	0
1428561959851307714	CPU_0	92.42	0	1.51	0	0	4.54	1.51	0	0	0
1428561960487577069	CPU_0	95.23	0	0	0	0	3.17	1.58	0	0	0
1428561961123241759	CPU_0	90.47	0	3.17	0	0	4.76	1.58	0	0	0
1428561961759120907	CPU_0	95.23	0	0	0	0	3.17	1.58	0	0	0
1428561962403471655	CPU_0	93.84	0	0	0	0	4.61	1.53	0	0	0
1428561963039387053	CPU_0	92.18	0	3.12	0	0	3.12	1.56	0	0	0
1428561963675303534	CPU_0	92.18	0	1.56	0	0	4.68	1.56	0	0	0
1428561964311105724	CPU_0	93.44	0	1.63	0	0	3.27	1.63	0	0	0
1428561964955903429	CPU_0	90.90	0	3.03	0	0	4.54	1.51	0	0	0
1428561965592238784	CPU_0	95.23	0	0	0	0	3.17	1.58	0	0	0
1428561966227588809	CPU_0	95.23	0	0	0	0	3.17	1.58	0	0	0
1428561966866132324	CPU_0	92.18	0	1.56	0	0	4.68	1.56	0	0	0
1428561967509801783	CPU_0	92.30	0	1.53	0	0	4.61	1.53	0	0	0
1428561968146222721	CPU_0	92.18	0	3.12	0	0	3.12	1.56	0	0	0
1428561968782108453	CPU_0	93.54	0	1.61	0	0	3.22	1.61	0	0	0
1428561969419828638	CPU_0	89.23	0	4.61	0	0	4.61	1.53	0	0	0
1428561970062944431	CPU_0	90.47	0	4.76	0	0	3.17	1.58	0	0	0
1428561970700491242	CPU_0	89.23	0	4.61	0	0	4.61	1.53	0	0	0
1428561971339005174	CPU_0	93.65	0	1.58	0	0	3.17	1.58	0	0	0
1428561971976457527	CPU_0	92.30	0	0	0	0	4.61	3.07	0	0	0
1428561972619751695	CPU_0	90.62	0	4.68	0	0	3.12	1.56	0	0	0
1428561973256810049	CPU_0	90.62	0	3.12	0	0	4.68	1.56	0	0	0
1428561973894369609	CPU_0	95.23	0	0	0	0	3.17	1.58	0	0	0
1428561974538409734	CPU_0	89.23	0	4.61	0	0	4.61	1.53	0	0	0
1428561975178236288	CPU_0	93.65	0	1.58	0	0	3.17	1.58	0	0	0
1428561975815010101	CPU_0	93.84	0	0	0	0	4.61	1.53	0	0	0
1428561976452965619	CPU_0	92.06	0	3.17	0	0	3.17	1.58	0	0	0
1428561977096372579	CPU_0	90.76	0	3.07	0	0	4.61	1.53	0	0	0
1428561977733355724	CPU_0	93.65	0	0	0	0	4.76	1.58	0	0	0
1428561978371652991	CPU_0	93.75	0	1.56	0	0	3.12	1.56	0	0	0
1428561979008457846	CPU_0	95.23	0	0	0	0	3.17	1.58	0	0	0
1428561979652746429	CPU_0	93.84	0	0	0	0	4.61	1.53	0	0	0
1428561980290137699	CPU_0	93.75	0	1.56	0	0	3.12	1.56	0	0	0
1428561980927977717	CPU_0	93.75	0	0	0	0	4.68	1.56	0	0	0
1428561981564286366	CPU_0	90.47	0	3.17	0	0	4.76	1.58	0	0	0
1428561982209057947	CPU_0	92.18	0	3.12	0	0	3.12	1.56	0	0	0
1428561982845811344	CPU_0	92.18	0	1.56	0	0	4.68	1.56	0	0	0
1428561983484127445	CPU_0	85.93	0	6.25	0	0	6.25	1.56	0	0	0
1428561984121133091	CPU_0	84.37	0	4.68	0	0	7.81	3.12	0	0	0
1428561984766389838	CPU_0	83.07	0	6.15	0	0	9.23	1.53	0	0	0
1428561985415865072	CPU_0	92.18	0	1.56	0	0	4.68	1.56	0	0	0
1428561986054338464	CPU_0	93.75	0	1.56	0	0	3.12	1.56	0	0	0
1428561986691527027	CPU_0	87.50	0	6.25	0	0	4.68	1.56	0	0	0
1428561987337013023	CPU_0	90.76	0	3.07	0	0	4.61	1.53	0	0	0
1428561987976107622	CPU_0	92.06	0	3.17	0	0	3.17	1.58	0	0	0
1428561988613908808	CPU_0	87.30	0	6.34	0	0	4.76	1.58	0	0	0
1428561989250924788	CPU_0	90.76	0	3.07	0	0	4.61	1.53	0	0	0
1428561989898513403	CPU_0	92.30	0	1.53	0	0	4.61	1.53	0	0	0
1428561990535922549	CPU_0	93.65	0	1.58	0	0	3.17	1.58	0	0	0
1428561991174182567	CPU_0	89.06	0	3.12	0	0	4.68	3.12	0	0	0
1428561991812359210	CPU_0	93.75	0	0	0	0	4.68	1.56	0	0	0
1428561992456901585	CPU_0	90.76	0	4.61	0	0	3.07	1.53	0	0	0
1428561993093600524	CPU_0	90.62	0	3.12	0	0	4.68	1.56	0	0	0
1428561993731747126	CPU_0	93.65	0	1.58	0	0	3.17	1.58	0	0	0
1428561994376234335	CPU_0	90.76	0	3.07	0	0	4.61	1.53	0	0	0
1428561995014481895	CPU_0	89.06	0	4.68	0	0	4.68	1.56	0	0	0
1428561995650777961	CPU_0	92.18	0	1.56	0	0	4.68	1.56	0	0	0
1428561996287979232	CPU_0	93.65	0	1.58	0	0	3.17	1.58	0	0	0
1428561996933143814	CPU_0	90.62	0	4.68	0	0	3.12	1.56	0	0	0
1428561997571315666	CPU_0	93.75	0	0	0	0	4.68	1.56	0	0	0
1428561998207769398	CPU_0	90.62	0	3.12	0	0	4.68	1.56	0	0	0
1428561998845577960	CPU_0	95.23	0	0	0	0	3.17	1.58	0	0	0
1428561999490955458	CPU_0	92.30	0	1.53	0	0	4.61	1.53	0	0	0
1428562000128804978	CPU_0	92.06	0	3.17	0	0	3.17	1.58	0	0	0
1428562000765769792	CPU_0	92.30	0	1.53	0	0	4.61	1.53	0	0	0
1428562001404321727	CPU_0	95.23	0	0	0	0	3.17	1.58	0	0	0
1428562002049201060	CPU_0	92.18	0	1.56	0	0	4.68	1.56	0	0	0
1428562002687028663	CPU_0	93.75	0	1.56	0	0	3.12	1.56	0	0	0
1428562003325742181	CPU_0	92.18	0	1.56	0	0	4.68	1.56	0	0	0
1428562003964607657	CPU_0	90.76	0	3.07	0	0	4.61	1.53	0	0	0
1428562004609678447	CPU_0	93.75	0	1.56	0	0	3.12	1.56	0	0	0
1428562005247526468	CPU_0	87.50	0	6.25	0	0	4.68	1.56	0	0	0
1428562005885254155	CPU_0	93.65	0	1.58	0	0	3.17	1.58	0	0	0
1428562006524518922	CPU_0	90.62	0	4.68	0	0	3.12	1.56	0	0	0
1428562007169870837	CPU_0	93.84	0	0	0	0	4.61	1.53	0	0	0
1428562007808522563	CPU_0	93.65	0	1.58	0	0	3.17	1.58	0	0	0
1428562008447573789	CPU_0	90.76	0	3.07	0	0	4.61	1.53	0	0	0
1428562009086511681	CPU_0	92.18	0	1.56	0	0	3.12	3.12	0	0	0
1428562009729631978	CPU_0	95.31	0	0	0	0	4.68	0	0	0	0
1428562010367117750	CPU_0	90.62	0	3.12	0	0	3.12	3.12	0	0	0
1428562011005929351	CPU_0	93.75	0	0	0	0	4.68	1.56	0	0	0
1428562011650975268	CPU_0	92.18	0	1.56	0	0	4.68	1.56	0	0	0
1428562012289172329	CPU_0	92.06	0	3.17	0	0	3.17	1.58	0	0	0
1428562012928112847	CPU_0	95.31	0	0	0	0	3.12	1.56	0	0	0
1428562013566245159	CPU_0	90.76	0	3.07	0	0	4.61	1.53	0	0	0
1428562014211859157	CPU_0	89.23	0	4.61	0	0	4.61	1.53	0	0	0
1428562014849002847	CPU_0	95.23	0	0	0	0	3.17	1.58	0	0	0
1428562015488133948	CPU_0	93.65	0	1.58	0	0	3.17	1.58	0	0	0
1428562016126276802	CPU_0	92.30	0	1.53	0	0	4.61	1.53	0	0	0
1428562016771292135	CPU_0	92.18	0	3.12	0	0	3.12	1.56	0	0	0
1428562017408135201	CPU_0	93.75	0	0	0	0	4.68	1.56	0	0	0
1428562018046971595	CPU_0	93.65	0	1.58	0	0	3.17	1.58	0	0	0
1428562018684517075	CPU_0	90.76	0	3.07	0	0	4.61	1.53	0	0	0
1428562019329465201	CPU_0	93.65	0	1.58	0	0	3.17	1.58	0	0	0
1428562019968872260	CPU_0	92.18	0	1.56	0	0	4.68	1.56	0	0	0
1428562020606579323	CPU_0	92.18	0	3.12	0	0	3.12	1.56	0	0	0
1428562021244444720	CPU_0	90.76	0	3.07	0	0	4.61	1.53	0	0	0
1428562021890304551	CPU_0	87.50	0	6.25	0	0	4.68	1.56	0	0	0
1428562022530078526	CPU_0	93.75	0	1.56	0	0	3.12	1.56	0	0	0
1428562023167760965	CPU_0	81.25	0	10.93	0	0	6.25	1.56	0	0	0
1428562023805942319	CPU_0	93.65	0	1.58	0	0	3.17	1.58	0	0	0
1428562024452630148	CPU_0	92.30	0	1.53	0	0	4.61	1.53	0	0	0
1428562025091083877	CPU_0	93.75	0	1.56	0	0	3.12	1.56	0	0	0
1428562025729438064	CPU_0	89.06	0	4.68	0	0	4.68	1.56	0	0	0
1428562026369201872	CPU_0	92.06	0	3.17	0	0	3.17	1.58	0	0	0
1428562027013991290	CPU_0	92.30	0	0	0	0	4.61	3.07	0	0	0
1428562027652375102	CPU_0	90.62	0	4.68	0	0	3.12	1.56	0	0	0
1428562028289954625	CPU_0	90.76	0	3.07	0	0	4.61	1.53	0	0	0
1428562028934959251	CPU_0	92.18	0	1.56	0	0	4.68	1.56	0	0	0
1428562029573292689	CPU_0	95.23	0	0	0	0	3.17	1.58	0	0	0
1428562030210817254	CPU_0	93.75	0	1.56	0	0	3.12	1.56	0	0	0
1428562030848712318	CPU_0	93.75	0	0	0	0	4.68	1.56	0	0	0
1428562031494364984	CPU_0	90.76	0	3.07	0	0	4.61	1.53	0	0	0
1428562032132177215	CPU_0	92.06	0	3.17	0	0	3.17	1.58	0	0	0
1428562032769531281	CPU_0	92.30	0	1.53	0	0	4.61	1.53	0	0	0
1428562033407017471	CPU_0	92.06	0	1.58	0	0	4.76	1.58	0	0	0
1428562034054057050	CPU_0	87.30	0	6.34	0	0	4.76	1.58	0	0	0
1428562034692158822	CPU_0	92.30	0	1.53	0	0	4.61	1.53	0	0	0
1428562035329764012	CPU_0	92.18	0	1.56	0	0	4.68	1.56	0	0	0
1428562035968952781	CPU_0	92.18	0	3.12	0	0	3.12	1.56	0	0	0
1428562036615933485	CPU_0	90.62	0	3.12	0	0	4.68	1.56	0	0	0
1428562037253810383	CPU_0	92.18	0	1.56	0	0	4.68	1.56	0	0	0
1428562037892458695	CPU_0	92.06	0	3.17	0	0	3.17	1.58	0	0	0
1428562038532215463	CPU_0	95.31	0	0	0	0	3.12	1.56	0	0	0
1428562039178951626	CPU_0	89.23	0	3.07	0	0	6.15	1.53	0	0	0
1428562039817556522	CPU_0	92.18	0	3.12	0	0	3.12	1.56	0	0	0
1428562040455653420	CPU_0	92.18	0	3.12	0	0	3.12	1.56	0	0	0
1428562041095058480	CPU_0	87.50	0	6.25	0	0	4.68	1.56	0	0	0
1428562041740347064	CPU_0	90.76	0	4.61	0	0	3.07	1.53	0	0	0
1428562042378067546	CPU_0	93.65	0	0	0	0	4.76	1.58	0	0	0
1428562043017547732	CPU_0	95.31	0	0	0	0	3.12	1.56	0	0	0
1428562043657476332	CPU_0	92.18	0	1.56	0	0	4.68	1.56	0	0	0
1428562044301675045	CPU_0	90.76	0	1.53	0	0	4.61	3.07	0	0	0
1428562044939638360	CPU_0	93.75	0	1.56	0	0	3.12	1.56	0	0	0
1428562045579054379	CPU_0	92.18	0	1.56	0	0	4.68	1.56	0	0	0
1428562046223241801	CPU_0	92.30	0	1.53	0	0	4.61	1.53	0	0	0
1428562046862541820	CPU_0	95.23	0	0	0	0	3.17	1.58	0	0	0
1428562047501074175	CPU_0	90.62	0	3.12	0	0	4.68	1.56	0	0	0
1428562048139429489	CPU_0	93.75	0	1.56	0	0	3.12	1.56	0	0	0
1428562048785196073	CPU_0	93.84	0	0	0	0	4.61	1.53	0	0	0
1428562049423411054	CPU_0	92.06	0	1.58	0	0	4.76	1.58	0	0	0
1428562050062765823	CPU_0	90.62	0	4.68	0	0	3.12	1.56	0	0	0
1428562050701775552	CPU_0	95.31	0	0	0	0	3.12	1.56	0	0	0
1428562051347482011	CPU_0	89.23	0	4.61	0	0	4.61	1.53	0	0	0
1428562051986295783	CPU_0	90.62	0	3.12	0	0	4.68	1.56	0	0	0
1428562052626703591	CPU_0	95.31	0	0	0	0	3.12	1.56	0	0	0
1428562053265582112	CPU_0	92.18	0	1.56	0	0	4.68	1.56	0	0	0
1428562053912985441	CPU_0	92.18	0	3.12	0	0	3.12	1.56	0	0	0
1428562054553218000	CPU_0	93.75	0	0	0	0	4.68	1.56	0	0	0
1428562055191824314	CPU_0	93.75	0	1.56	0	0	3.12	1.56	0	0	0
1428562055830967876	CPU_0	92.18	0	1.56	0	0	4.68	1.56	0	0	0
1428562056476902335	CPU_0	93.75	0	1.56	0	0	3.12	1.56	0	0	0
1428562057117038394	CPU_0	89.23	0	4.61	0	0	4.61	1.53	0	0	0
1428562057755324084	CPU_0	92.06	0	3.17	0	0	3.17	1.58	0	0	0
1428562058394484188	CPU_0	89.06	0	4.68	0	0	4.68	1.56	0	0	0
1428562059040264689	CPU_0	90.62	0	4.68	0	0	3.12	1.56	0	0	0
1428562059680358166	CPU_0	89.23	0	4.61	0	0	4.61	1.53	0	0	0
1428562060318889355	CPU_0	93.65	0	1.58	0	0	3.17	1.58	0	0	0
1428562060969140510	CPU_0	93.84	0	0	0	0	4.61	1.53	0	0	0
1428562061609253528	CPU_0	93.75	0	1.56	0	0	3.12	1.56	0	0	0
1428562062248774214	CPU_0	90.76	0	3.07	0	0	4.61	1.53	0	0	0
1428562062887319904	CPU_0	95.23	0	0	0	0	3.17	1.58	0	0	0
1428562063534778609	CPU_0	90.90	0	3.03	0	0	4.54	1.51	0	0	0
1428562064174021921	CPU_0	92.06	0	1.58	0	0	3.17	3.17	0	0	0
1428562064814162231	CPU_0	90.76	0	3.07	0	0	4.61	1.53	0	0	0
1428562065453416919	CPU_0	90.47	0	3.17	0	0	4.76	1.58	0	0	0
1428562066101837330	CPU_0	93.84	0	1.53	0	0	3.07	1.53	0	0	0
1428562066740868143	CPU_0	90.76	0	3.07	0	0	4.61	1.53	0	0	0
1428562067379581582	CPU_0	93.65	0	1.58	0	0	3.17	1.58	0	0	0
1428562068018918603	CPU_0	90.47	0	4.76	0	0	3.17	1.58	0	0	0
1428562068665986393	CPU_0	93.93	0	0	0	0	4.54	1.51	0	0	0
1428562069305799954	CPU_0	90.62	0	3.12	0	0	4.68	1.56	0	0	0
1428562069945925931	CPU_0	90.62	0	3.12	0	0	4.68	1.56	0	0	0
1428562070586788781	CPU_0	95.23	0	0	0	0	3.17	1.58	0	0	0
1428562071233899071	CPU_0	92.30	0	1.53	0	0	4.61	1.53	0	0	0
1428562071872679969	CPU_0	90.47	0	4.76	0	0	3.17	1.58	0	0	0
1428562072512039073	CPU_0	92.30	0	1.53	0	0	4.61	1.53	0	0	0
1428562073152744174	CPU_0	95.23	0	0	0	0	3.17	1.58	0	0	0
1428562073798063303	CPU_0	89.23	0	4.61	0	0	4.61	1.53	0	0	0
1428562074436739659	CPU_0	93.75	0	1.56	0	0	3.12	1.56	0	0	0
1428562075077422510	CPU_0	92.18	0	1.56	0	0	4.68	1.56	0	0	0
1428562075723379679	CPU_0	89.23	0	4.61	0	0	4.61	1.53	0	0	0
1428562076362792867	CPU_0	89.06	0	6.25	0	0	3.12	1.56	0	0	0
1428562077002091764	CPU_0	92.06	0	3.17	0	0	3.17	1.58	0	0	0
1428562077642486615	CPU_0	87.69	0	6.15	0	0	4.61	1.53	0	0	0
1428562078288790450	CPU_0	92.18	0	1.56	0	0	4.68	1.56	0	0	0
1428562078927604598	CPU_0	93.84	0	1.53	0	0	3.07	1.53	0	0	0
1428562079568472699	CPU_0	90.62	0	3.12	0	0	4.68	1.56	0	0	0
1428562080207818679	CPU_0	93.65	0	0	0	0	3.17	3.17	0	0	0
1428562080854812928	CPU_0	93.93	0	0	0	0	4.54	1.51	0	0	0
1428562081494260241	CPU_0	90.47	0	4.76	0	0	3.17	1.58	0	0	0
1428562082134864218	CPU_0	90.76	0	3.07	0	0	4.61	1.53	0	0	0
1428562082774437323	CPU_0	93.75	0	1.56	0	0	3.12	1.56	0	0	0
1428562083420869824	CPU_0	93.75	0	0	0	0	4.68	1.56	0	0	0
1428562084061189260	CPU_0	93.75	0	1.56	0	0	3.12	1.56	0	0	0
1428562084700904614	CPU_0	92.30	0	1.53	0	0	4.61	1.53	0	0	0
1428562085341311967	CPU_0	93.65	0	1.58	0	0	3.17	1.58	0	0	0
1428562085989196964	CPU_0	92.30	0	1.53	0	0	4.61	1.53	0	0	0
1428562086630570105	CPU_0	91.93	0	3.22	0	0	3.22	1.61	0	0	0
1428562087270313709	CPU_0	89.06	0	4.68	0	0	4.68	1.56	0	0	0
1428562087921291364	CPU_0	90.76	0	3.07	0	0	4.61	1.53	0	0	0
1428562088561785800	CPU_0	95.23	0	0	0	0	3.17	1.58	0	0	0
1428562089202254277	CPU_0	92.18	0	3.12	0	0	3.12	1.56	0	0	0
1428562089841749008	CPU_0	90.76	0	3.07	0	0	4.61	1.53	0	0	0
1428562090488814549	CPU_0	93.84	0	0	0	0	4.61	1.53	0	0	0
1428562091129307485	CPU_0	93.65	0	1.58	0	0	3.17	1.58	0	0	0
1428562091768348967	CPU_0	93.75	0	0	0	0	4.68	1.56	0	0	0
1428562092407880281	CPU_0	93.75	0	1.56	0	0	3.12	1.56	0	0	0
1428562093053780951	CPU_0	92.30	0	1.53	0	0	4.61	1.53	0	0	0
1428562093694413012	CPU_0	92.18	0	3.12	0	0	3.12	1.56	0	0	0
1428562094333359744	CPU_0	89.06	0	6.25	0	0	3.12	1.56	0	0	0
1428562094973053516	CPU_0	90.62	0	3.12	0	0	4.68	1.56	0	0	0
1428562095620368057	CPU_0	92.30	0	1.53	0	0	4.61	1.53	0	0	0
1428562096259923830	CPU_0	95.23	0	0	0	0	3.17	1.58	0	0	0
1428562096898140898	CPU_0	90.76	0	1.53	0	0	4.61	3.07	0	0	0
1428562097537274422	CPU_0	92.18	0	3.12	0	0	3.12	1.56	0	0	0
1428562098184692879	CPU_0	93.84	0	0	0	0	4.61	1.53	0	0	0
1428562098823840070	CPU_0	92.18	0	3.12	0	0	3.12	1.56	0	0	0
1428562099462306513	CPU_0	88.88	0	3.17	0	0	6.34	1.58	0	0	0
1428562100104232028	CPU_0	93.75	0	1.56	0	0	3.12	1.56	0	0	0
1428562100748359954	CPU_0	89.23	0	4.61	0	0	4.61	1.53	0	0	0
1428562101387347062	CPU_0	90.62	0	3.12	0	0	4.68	1.56	0	0	0
1428562102026458420	CPU_0	95.23	0	0	0	0	3.17	1.58	0	0	0
1428562102673447629	CPU_0	93.84	0	1.53	0	0	3.07	1.53	0	0	0
1428562103312515278	CPU_0	85.71	0	6.34	0	0	6.34	1.58	0	0	0
1428562103951944552	CPU_0	78.46	0	9.23	0	0	10.76	1.53	0	0	0
1428562104590310328	CPU_0	85.93	0	4.68	0	0	7.81	1.56	0	0	0
1428562105239546781	CPU_0	81.81	0	9.09	0	0	6.06	3.03	0	0	0
1428562105879621178	CPU_0	92.18	0	1.56	0	0	4.68	1.56	0	0	0
1428562106519488575	CPU_0	92.06	0	3.17	0	0	3.17	1.58	0	0	0
1428562107160228387	CPU_0	90.62	0	3.12	0	0	4.68	1.56	0	0	0
1428562107807622262	CPU_0	93.84	0	0	0	0	4.61	1.53	0	0	0
1428562108446172705	CPU_0	92.18	0	3.12	0	0	3.12	1.56	0	0	0
1428562109085637187	CPU_0	93.65	0	1.58	0	0	3.17	1.58	0	0	0
1428562109726295082	CPU_0	89.23	0	4.61	0	0	4.61	1.53	0	0	0
1428562110374165581	CPU_0	92.18	0	1.56	0	0	4.68	1.56	0	0	0
1428562111013685688	CPU_0	92.06	0	3.17	0	0	3.17	1.58	0	0	0
1428562111654003709	CPU_0	89.23	0	4.61	0	0	4.61	1.53	0	0	0
1428562112293725607	CPU_0	90.62	0	4.68	0	0	3.12	1.56	0	0	0
1428562112941031358	CPU_0	90.76	0	3.07	0	0	4.61	1.53	0	0	0
1428562113581219755	CPU_0	93.75	0	1.56	0	0	3.12	1.56	0	0	0
1428562114222245400	CPU_0	92.18	0	1.56	0	0	4.68	1.56	0	0	0
1428562114870633522	CPU_0	92.30	0	3.07	0	0	3.07	1.53	0	0	0
1428562115510559420	CPU_0	92.18	0	1.56	0	0	4.68	1.56	0	0	0
1428562116151341482	CPU_0	95.31	0	0	0	0	3.12	1.56	0	0	0
1428562116791103006	CPU_0	87.50	0	6.25	0	0	4.68	1.56	0	0	0
1428562117438131758	CPU_0	92.30	0	1.53	0	0	4.61	1.53	0	0	0
1428562118080127608	CPU_0	92.18	0	1.56	0	0	3.12	3.12	0	0	0
1428562118722213291	CPU_0	90.62	0	3.12	0	0	4.68	1.56	0	0	0
1428562119362498772	CPU_0	93.75	0	1.56	0	0	3.12	1.56	0	0	0
1428562120011175644	CPU_0	93.84	0	0	0	0	4.61	1.53	0	0	0
1428562120653165369	CPU_0	92.18	0	3.12	0	0	3.12	1.56	0	0	0
1428562121293501266	CPU_0	92.30	0	1.53	0	0	4.61	1.53	0	0	0
1428562121933723914	CPU_0	93.65	0	1.58	0	0	3.17	1.58	0	0	0
1428562122581033540	CPU_0	93.84	0	0	0	0	4.61	1.53	0	0	0
1428562123222041019	CPU_0	92.18	0	3.12	0	0	3.12	1.56	0	0	0
1428562123861815668	CPU_0	92.30	0	1.53	0	0	4.61	1.53	0	0	0
1428562124502443773	CPU_0	89.06	0	4.68	0	0	4.68	1.56	0	0	0
1428562125150332106	CPU_0	92.18	0	3.12	0	0	3.12	1.56	0	0	0
1428562125790068588	CPU_0	92.18	0	1.56	0	0	4.68	1.56	0	0	0
1428562126429910071	CPU_0	93.75	0	1.56	0	0	3.12	1.56	0	0	0
1428562127076475450	CPU_0	92.18	0	1.56	0	0	4.68	1.56	0	0	0
1428562127717916469	CPU_0	92.18	0	3.12	0	0	3.12	1.56	0	0	0
1428562128358298033	CPU_0	93.75	0	1.56	0	0	3.12	1.56	0	0	0
1428562128998692806	CPU_0	90.62	0	3.12	0	0	4.68	1.56	0	0	0
1428562129647060680	CPU_0	89.23	0	6.15	0	0	3.07	1.53	0	0	0
1428562130287535160	CPU_0	90.62	0	3.12	0	0	4.68	1.56	0	0	0
1428562130927867433	CPU_0	92.30	0	1.53	0	0	4.61	1.53	0	0	0
1428562131568590913	CPU_0	95.23	0	0	0	0	3.17	1.58	0	0	0
1428562132218055076	CPU_0	92.30	0	1.53	0	0	4.61	1.53	0	0	0
1428562132858228266	CPU_0	92.30	0	3.07	0	0	3.07	1.53	0	0	0
1428562133498440664	CPU_0	93.65	0	0	0	0	4.76	1.58	0	0	0
1428562134138807770	CPU_0	92.18	0	3.12	0	0	3.12	1.56	0	0	0
1428562134788500474	CPU_0	90.90	0	1.51	0	0	4.54	3.03	0	0	0
1428562135428763539	CPU_0	95.31	0	0	0	0	3.12	1.56	0	0	0
1428562136082377815	CPU_0	12.12	0	7.57	72.72	0	7.57	0	0	0	0
