#Timestamp	CPU_ID	user%	nice%	sys%	idle%	iowait%	irq%	softiq%	steal%	guest%	guest_nice%
1421336326278826785	CPU_4	87.71	0	10.52	0	0	1.75	0	0	0	0
1421336327098734067	CPU_4	93.82	0	6.17	0	0	0	0	0	0	0
1421336327928760414	CPU_4	92.77	0	6.02	0	0	1.20	0	0	0	0
1421336328753795294	CPU_4	92.68	0	7.31	0	0	0	0	0	0	0
1421336329583816520	CPU_4	92.77	0	7.22	0	0	0	0	0	0	0
1421336330413797040	CPU_4	94.04	0	4.76	0	0	1.19	0	0	0	0
1421336331278850597	CPU_4	98.83	0	1.16	0	0	0	0	0	0	0
1421336332118816934	CPU_4	94.04	0	4.76	0	0	1.19	0	0	0	0
1421336332958834565	CPU_4	94.04	0	5.95	0	0	0	0	0	0	0
1421336333788781385	CPU_4	90.36	0	8.43	0	0	1.20	0	0	0	0
1421336334618823415	CPU_4	93.97	0	6.02	0	0	0	0	0	0	0
1421336335448813155	CPU_4	92.77	0	6.02	0	0	1.20	0	0	0	0
1421336336288812419	CPU_4	92.85	0	7.14	0	0	0	0	0	0	0
1421336337118844163	CPU_4	91.66	0	7.14	0	0	1.19	0	0	0	0
1421336337953786295	CPU_4	93.90	0	6.09	0	0	0	0	0	0	0
1421336338788816346	CPU_4	91.76	0	7.05	0	0	1.17	0	0	0	0
1421336339618842304	CPU_4	96.34	0	3.65	0	0	0	0	0	0	0
1421336340473870028	CPU_4	95.29	0	4.70	0	0	0	0	0	0	0
1421336341308808752	CPU_4	92.85	0	5.95	0	0	1.19	0	0	0	0
1421336342153827208	CPU_4	96.42	0	3.57	0	0	0	0	0	0	0
1421336342983771257	CPU_4	92.85	0	5.95	0	0	1.19	0	0	0	0
1421336343813829600	CPU_4	93.90	0	6.09	0	0	0	0	0	0	0
1421336344651786147	CPU_4	92.94	0	5.88	0	0	1.17	0	0	0	0
1421336345498963723	CPU_4	89.15	0	10.84	0	0	0	0	0	0	0
1421336346333929083	CPU_4	88.23	0	10.58	0	0	1.17	0	0	0	0
1421336347173903790	CPU_4	86.90	0	13.09	0	0	0	0	0	0	0
1421336348018965468	CPU_4	90.47	0	8.33	0	0	1.19	0	0	0	0
1421336348858930387	CPU_4	89.28	0	10.71	0	0	0	0	0	0	0
1421336349699027266	CPU_4	87.05	0	11.76	0	0	1.17	0	0	0	0
1421336350533921262	CPU_4	89.02	0	10.97	0	0	0	0	0	0	0
1421336351378915074	CPU_4	88.37	0	10.46	0	0	1.16	0	0	0	0
1421336352214005155	CPU_4	91.56	0	8.43	0	0	0	0	0	0	0
1421336353053959335	CPU_4	89.15	0	9.63	0	0	1.20	0	0	0	0
1421336353893954224	CPU_4	88.23	0	10.58	0	0	1.17	0	0	0	0
1421336354734041657	CPU_4	91.56	0	8.43	0	0	0	0	0	0	0
1421336355578960145	CPU_4	85.88	0	12.94	0	0	1.17	0	0	0	0
1421336356429655142	CPU_4	91.86	0	8.13	0	0	0	0	0	0	0
1421336357268959377	CPU_4	91.56	0	7.22	0	0	1.20	0	0	0	0
1421336358113939662	CPU_4	89.41	0	10.58	0	0	0	0	0	0	0
1421336358948977344	CPU_4	89.28	0	9.52	0	0	1.19	0	0	0	0
1421336359793946092	CPU_4	90.47	0	9.52	0	0	0	0	0	0	0
1421336360633989705	CPU_4	88.09	0	10.71	0	0	1.19	0	0	0	0
1421336361468903352	CPU_4	90.36	0	9.63	0	0	0	0	0	0	0
1421336362313896314	CPU_4	90.58	0	8.23	0	0	1.17	0	0	0	0
1421336363148956630	CPU_4	81.92	0	18.07	0	0	0	0	0	0	0
1421336363994063845	CPU_4	53.57	0	45.23	0	0	1.19	0	0	0	0
1421336364839067522	CPU_4	60.00	0	38.82	0	0	1.17	0	0	0	0
1421336365674077302	CPU_4	57.31	0	42.68	0	0	0	0	0	0	0
1421336366518963483	CPU_4	57.64	0	41.17	0	0	1.17	0	0	0	0
1421336367358991779	CPU_4	55.95	0	42.85	0	0	1.19	0	0	0	0
1421336368194024732	CPU_4	58.33	0	40.47	0	1.19	0	0	0	0	0
1421336369038998168	CPU_4	51.76	0	45.88	0	1.17	1.17	0	0	0	0
1421336369874222749	CPU_4	54.21	0	36.14	0	9.63	0	0	0	0	0
1421336370718544235	CPU_4	54.76	0	40.47	0	3.57	1.19	0	0	0	0
1421336371421693866	CPU_4	51.38	0	40.27	0	6.94	1.38	0	0	0	0
1421336372234017257	CPU_4	53.16	0	45.56	0	1.26	0	0	0	0	0
1421336373079104994	CPU_4	55.29	0	43.52	0	0	1.17	0	0	0	0
1421336373865204547	CPU_4	21.51	0	17.72	0	60.75	0	0	0	0	0
1421336374509081958	CPU_4	4.83	0	20.96	0	74.19	0	0	0	0	0
1421336375359113504	CPU_4	51.16	0	43.02	0	4.65	1.16	0	0	0	0
1421336376191232284	CPU_4	50.60	0	28.91	1.20	19.27	0	0	0	0	0
1421336376846980211	CPU_4	4.54	0	18.18	0	75.75	1.51	0	0	0	0
1421336377504145632	CPU_4	9.37	0	25.00	0	65.62	0	0	0	0	0
1421336378359044238	CPU_4	51.72	0	45.97	0	1.14	1.14	0	0	0	0
1421336379194053675	CPU_4	56.62	0	43.37	0	0	0	0	0	0	0
1421336380044081315	CPU_4	52.94	0	45.88	0	0	1.17	0	0	0	0
1421336380889088445	CPU_4	59.52	0	40.47	0	0	0	0	0	0	0
1421336381734107328	CPU_4	58.82	0	40.00	0	0	1.17	0	0	0	0
1421336382579046254	CPU_4	52.94	0	44.70	0	1.17	1.17	0	0	0	0
1421336383414047492	CPU_4	54.21	0	45.78	0	0	0	0	0	0	0
1421336384259110921	CPU_4	55.29	0	43.52	0	0	1.17	0	0	0	0
1421336385104046395	CPU_4	57.14	0	41.66	0	0	1.19	0	0	0	0
1421336385943989568	CPU_4	67.85	0	30.95	0	1.19	0	0	0	0	0
1421336386784002283	CPU_4	76.19	0	22.61	0	0	1.19	0	0	0	0
1421336387629051638	CPU_4	75.00	0	25.00	0	0	0	0	0	0	0
1421336388469001399	CPU_4	76.19	0	22.61	0	0	1.19	0	0	0	0
1421336389316550992	CPU_4	74.11	0	24.70	0	1.17	0	0	0	0	0
1421336390163987046	CPU_4	76.19	0	21.42	0	1.19	1.19	0	0	0	0
1421336391004087312	CPU_4	76.19	0	22.61	0	0	1.19	0	0	0	0
1421336391852332448	CPU_4	74.11	0	24.70	0	1.17	0	0	0	0	0
1421336392693992543	CPU_4	74.11	0	24.70	0	0	1.17	0	0	0	0
1421336393544088630	CPU_4	73.80	0	26.19	0	0	0	0	0	0	0
1421336394382284541	CPU_4	75.00	0	22.61	0	1.19	1.19	0	0	0	0
1421336395233955372	CPU_4	75.58	0	23.25	0	0	1.16	0	0	0	0
1421336396078939329	CPU_4	66.66	0	23.80	4.76	4.76	0	0	0	0	0
1421336396728943993	CPU_4	9.09	0	13.63	0	77.27	0	0	0	0	0
1421336397379026991	CPU_4	23.43	0	25.00	0	50.00	1.56	0	0	0	0
1421336398233963935	CPU_4	76.47	0	23.52	0	0	0	0	0	0	0
1421336399061371837	CPU_4	34.93	0	14.45	0	50.60	0	0	0	0	0
1421336399692219620	CPU_4	1.56	0	17.18	0	79.68	1.56	0	0	0	0
1421336400438993589	CPU_4	70.27	0	27.02	0	2.70	0	0	0	0	0
1421336401289051861	CPU_4	74.11	0	24.70	0	0	1.17	0	0	0	0
1421336402124002267	CPU_4	77.38	0	22.61	0	0	0	0	0	0	0
1421336402974043167	CPU_4	75.29	0	22.35	0	1.17	1.17	0	0	0	0
1421336403813133427	CPU_4	74.69	0	25.30	0	0	0	0	0	0	0
1421336404643892613	CPU_4	88.09	0	10.71	0	0	1.19	0	0	0	0
1421336405488862467	CPU_4	95.18	0	4.81	0	0	0	0	0	0	0
1421336406323876340	CPU_4	91.76	0	5.88	0	0	1.17	1.17	0	0	0
1421336407183907816	CPU_4	94.11	0	5.88	0	0	0	0	0	0	0
1421336408033845062	CPU_4	91.76	0	7.05	0	0	1.17	0	0	0	0
1421336408863830721	CPU_4	91.56	0	8.43	0	0	0	0	0	0	0
1421336409718871482	CPU_4	91.86	0	5.81	0	0	1.16	1.16	0	0	0
1421336410553837615	CPU_4	92.77	0	7.22	0	0	0	0	0	0	0
1421336411403912618	CPU_4	94.11	0	4.70	0	0	1.17	0	0	0	0
1421336412248856695	CPU_4	92.94	0	7.05	0	0	0	0	0	0	0
1421336413078887196	CPU_4	90.47	0	7.14	0	0	1.19	1.19	0	0	0
1421336413913829628	CPU_4	91.56	0	8.43	0	0	0	0	0	0	0
1421336414753920906	CPU_4	89.15	0	9.63	0	0	1.20	0	0	0	0
1421336415583852330	CPU_4	91.56	0	8.43	0	0	0	0	0	0	0
1421336416419011766	CPU_4	75.29	0	22.35	0	0	1.17	1.17	0	0	0
1421336417264029520	CPU_4	85.71	0	14.28	0	0	0	0	0	0	0
1421336418119110384	CPU_4	83.52	0	15.29	0	0	1.17	0	0	0	0
1421336418969068530	CPU_4	84.70	0	14.11	0	0	1.17	0	0	0	0
1421336419813974916	CPU_4	82.14	0	16.66	0	0	0	1.19	0	0	0
1421336420659015678	CPU_4	85.88	0	12.94	0	0	1.17	0	0	0	0
1421336421504149608	CPU_4	84.52	0	15.47	0	0	0	0	0	0	0
1421336422344084279	CPU_4	73.80	0	23.80	0	0	1.19	1.19	0	0	0
1421336423194099142	CPU_4	83.72	0	15.11	0	0	1.16	0	0	0	0
1421336424034002067	CPU_4	86.74	0	13.25	0	0	0	0	0	0	0
1421336424879008630	CPU_4	85.88	0	12.94	0	0	1.17	0	0	0	0
1421336425734084636	CPU_4	86.04	0	11.62	0	0	1.16	1.16	0	0	0
1421336426579093078	CPU_4	86.74	0	13.25	0	0	0	0	0	0	0
1421336427429023535	CPU_4	77.64	0	21.17	0	0	1.17	0	0	0	0
1421336428279085076	CPU_4	84.88	0	13.95	0	0	0	1.16	0	0	0
1421336429124182815	CPU_4	79.76	0	19.04	0	0	1.19	0	0	0	0
1421336429979153747	CPU_4	83.72	0	15.11	0	0	1.16	0	0	0	0
1421336430814063091	CPU_4	83.13	0	15.66	0	0	0	1.20	0	0	0
1421336431658983462	CPU_4	80.00	0	18.82	0	0	1.17	0	0	0	0
1421336432499130529	CPU_4	81.92	0	16.86	0	0	1.20	0	0	0	0
1421336433349194664	CPU_4	82.35	0	17.64	0	0	0	0	0	0	0
1421336434199137261	CPU_4	82.55	0	15.11	0	0	1.16	1.16	0	0	0
1421336435054072705	CPU_4	83.52	0	16.47	0	0	0	0	0	0	0
1421336435889019976	CPU_4	83.13	0	15.66	0	0	1.20	0	0	0	0
1421336436744027216	CPU_4	82.55	0	15.11	0	0	1.16	1.16	0	0	0
1421336437589087598	CPU_4	74.11	0	25.88	0	0	0	0	0	0	0
1421336438989031401	CPU_4	90.57	0	8.69	0	0	.72	0	0	0	0
1421336439839051551	CPU_4	89.53	0	8.13	0	0	1.16	1.16	0	0	0
1421336440689100786	CPU_4	83.72	0	15.11	0	0	1.16	0	0	0	0
1421336441533964887	CPU_4	87.95	0	12.04	0	0	0	0	0	0	0
1421336442389097929	CPU_4	85.05	0	12.64	0	0	1.14	1.14	0	0	0
1421336443239133545	CPU_4	85.88	0	12.94	0	0	1.17	0	0	0	0
1421336444079161555	CPU_4	87.95	0	12.04	0	0	0	0	0	0	0
1421336444929209882	CPU_4	86.04	0	11.62	0	0	1.16	1.16	0	0	0
1421336445789089571	CPU_4	84.88	0	13.95	0	0	1.16	0	0	0	0
1421336446644170374	CPU_4	89.28	0	10.71	0	0	0	0	0	0	0
1421336447499231386	CPU_4	86.04	0	12.79	0	0	1.16	0	0	0	0
1421336448349276846	CPU_4	89.53	0	9.30	0	0	0	1.16	0	0	0
1421336449194183380	CPU_4	85.71	0	13.09	0	0	1.19	0	0	0	0
1421336450039116499	CPU_4	89.41	0	9.41	0	0	1.17	0	0	0	0
1421336450884034619	CPU_4	88.09	0	10.71	0	0	0	1.19	0	0	0
1421336451729013992	CPU_4	83.52	0	15.29	0	0	1.17	0	0	0	0
1421336452574174073	CPU_4	86.90	0	11.90	0	0	1.19	0	0	0	0
1421336453424082295	CPU_4	85.88	0	12.94	0	0	0	1.17	0	0	0
1421336454270473539	CPU_4	51.16	0	17.44	0	30.23	1.16	0	0	0	0
1421336454905524514	CPU_4	11.11	0	15.87	0	73.01	0	0	0	0	0
1421336455592224190	CPU_4	28.78	0	18.18	0	53.03	0	0	0	0	0
1421336456297452342	CPU_4	31.42	0	18.57	0	48.57	1.42	0	0	0	0
1421336457008529211	CPU_4	28.98	0	20.28	0	49.27	0	1.44	0	0	0
1421336457750986317	CPU_4	61.84	0	19.73	0	17.10	1.31	0	0	0	0
1421336458577267063	CPU_4	69.51	0	21.95	0	8.53	0	0	0	0	0
1421336459430491320	CPU_4	68.23	0	23.52	0	7.05	1.17	0	0	0	0
1421336460262981825	CPU_4	71.42	0	19.04	0	7.14	1.19	1.19	0	0	0
1421336461100703342	CPU_4	70.73	0	20.73	0	8.53	0	0	0	0	0
1421336461783748550	CPU_4	30.88	0	17.64	0	50.00	1.47	0	0	0	0
1421336462500641146	CPU_4	30.55	0	22.22	0	47.22	0	0	0	0	0
1421336463221222388	CPU_4	51.35	0	18.91	0	27.02	1.35	1.35	0	0	0
1421336464065959038	CPU_4	64.36	0	18.39	0	17.24	0	0	0	0	0
1421336464908023205	CPU_4	69.41	0	22.35	0	7.05	1.17	0	0	0	0
1421336465742898083	CPU_4	61.17	0	17.64	0	20.00	0	1.17	0	0	0
1421336466590947052	CPU_4	70.23	0	20.23	0	8.33	1.19	0	0	0	0
1421336467427547631	CPU_4	68.67	0	22.89	0	7.22	1.20	0	0	0	0
1421336468263797423	CPU_4	69.41	0	21.17	0	8.23	0	1.17	0	0	0
1421336469111896605	CPU_4	69.41	0	21.17	0	8.23	1.17	0	0	0	0
1421336469960774952	CPU_4	70.73	0	20.73	0	8.53	0	0	0	0	0
1421336470799720817	CPU_4	72.09	0	18.60	0	6.97	1.16	1.16	0	0	0
1421336471642568702	CPU_4	72.28	0	19.27	0	7.22	1.20	0	0	0	0
1421336472477264303	CPU_4	76.19	0	15.47	0	8.33	0	0	0	0	0
1421336473341982232	CPU_4	68.18	0	22.72	0	6.81	1.13	1.13	0	0	0
1421336474174585390	CPU_4	71.08	0	19.27	0	8.43	1.20	0	0	0	0
1421336475013635138	CPU_4	76.82	0	15.85	0	7.31	0	0	0	0	0
1421336475845062931	CPU_4	71.76	0	17.64	0	8.23	1.17	1.17	0	0	0
1421336476677234097	CPU_4	72.61	0	19.04	0	8.33	0	0	0	0	0
1421336477404624326	CPU_4	18.05	0	30.55	0	50.00	1.38	0	0	0	0
1421336478097733753	CPU_4	17.14	0	28.57	0	54.28	0	0	0	0	0
1421336478811015941	CPU_4	9.85	0	43.66	0	45.07	1.40	0	0	0	0
1421336479534326697	CPU_4	13.33	0	40.00	0	45.33	0	1.33	0	0	0
1421336480256050255	CPU_4	16.21	0	39.18	0	43.24	1.35	0	0	0	0
1421336480966451297	CPU_4	18.84	0	34.78	0	46.37	0	0	0	0	0
1421336481687138322	CPU_4	14.86	0	37.83	0	45.94	1.35	0	0	0	0
1421336482401479677	CPU_4	5.00	0	22.50	0	57.50	13.75	1.25	0	0	0
1421336483035976574	CPU_4	1.56	0	18.75	0	79.68	0	0	0	0	0
1421336483679933585	CPU_4	6.06	0	34.84	0	59.09	0	0	0	0	0
1421336484398145629	CPU_4	17.80	0	36.98	0	45.20	0	0	0	0	0
1421336485111184454	CPU_4	12.67	0	30.98	0	56.33	0	0	0	0	0
1421336485750122414	CPU_4	3.22	0	14.51	0	82.25	0	0	0	0	0
1421336486390188369	CPU_4	8.06	0	19.35	0	72.58	0	0	0	0	0
1421336487105700141	CPU_4	20.83	0	33.33	0	44.44	0	1.38	0	0	0
1421336487807296662	CPU_4	12.85	0	28.57	0	58.57	0	0	0	0	0
1421336488440729033	CPU_4	4.68	0	15.62	0	79.68	0	0	0	0	0
1421336489078396671	CPU_4	1.61	0	20.96	0	77.41	0	0	0	0	0
1421336489809359819	CPU_4	17.56	0	37.83	0	44.59	0	0	0	0	0
1421336490529786986	CPU_4	17.80	0	35.61	0	45.20	0	1.36	0	0	0
1421336491249177328	CPU_4	18.57	0	30.00	0	51.42	0	0	0	0	0
1421336491968580753	CPU_4	15.49	0	32.39	0	52.11	0	0	0	0	0
1421336492686018400	CPU_4	16.66	0	34.72	0	48.61	0	0	0	0	0
1421336493397827455	CPU_4	18.84	0	34.78	0	46.37	0	0	0	0	0
1421336494047017036	CPU_4	4.61	0	20.00	0	73.84	0	1.53	0	0	0
1421336494768579579	CPU_4	24.63	0	27.53	0	47.82	0	0	0	0	0
1421336495499568654	CPU_4	18.05	0	37.50	0	44.44	0	0	0	0	0
1421336496215615356	CPU_4	20.00	0	31.42	1.42	47.14	0	0	0	0	0
1421336496939510098	CPU_4	16.90	0	36.61	0	46.47	0	0	0	0	0
1421336497664446544	CPU_4	15.27	0	37.50	0	45.83	0	1.38	0	0	0
1421336498381589202	CPU_4	5.55	0	23.61	0	70.83	0	0	0	0	0
1421336499020981180	CPU_4	1.58	0	19.04	0	79.36	0	0	0	0	0
1421336499689090912	CPU_4	15.15	0	34.84	0	50.00	0	0	0	0	0
1421336500414262737	CPU_4	24.28	0	30.00	0	45.71	0	0	0	0	0
1421336501138732775	CPU_4	18.30	0	33.80	0	46.47	0	1.40	0	0	0
1421336501855923647	CPU_4	20.27	0	36.48	0	43.24	0	0	0	0	0
1421336502579084029	CPU_4	18.91	0	37.83	0	43.24	0	0	0	0	0
1421336503295592282	CPU_4	20.54	0	30.13	0	47.94	1.36	0	0	0	0
1421336504018756374	CPU_4	18.57	0	35.71	0	45.71	0	0	0	0	0
1421336504747158022	CPU_4	19.17	0	34.24	0	43.83	1.36	1.36	0	0	0
1421336505463678612	CPU_4	12.67	0	40.84	0	46.47	0	0	0	0	0
1421336506197133816	CPU_4	18.05	0	34.72	0	45.83	1.38	0	0	0	0
1421336506907966942	CPU_4	22.38	0	29.85	0	47.76	0	0	0	0	0
1421336507633280070	CPU_4	15.27	0	38.88	0	44.44	1.38	0	0	0	0
1421336508352555734	CPU_4	12.67	0	30.98	0	54.92	0	1.40	0	0	0
1421336509063495529	CPU_4	8.33	0	31.94	0	58.33	1.38	0	0	0	0
1421336509702062945	CPU_4	1.56	0	18.75	0	79.68	0	0	0	0	0
1421336510345684208	CPU_4	10.93	0	37.50	0	51.56	0	0	0	0	0
1421336511069532559	CPU_4	13.33	0	41.33	0	44.00	1.33	0	0	0	0
1421336511783010428	CPU_4	17.33	0	38.66	0	42.66	0	1.33	0	0	0
1421336512506275784	CPU_4	17.56	0	37.83	0	43.24	1.35	0	0	0	0
1421336513224866752	CPU_4	18.57	0	35.71	0	45.71	0	0	0	0	0
1421336513949013481	CPU_4	20.00	0	36.00	0	42.66	1.33	0	0	0	0
1421336514666378500	CPU_4	14.28	0	40.00	0	45.71	0	0	0	0	0
1421336515397300401	CPU_4	14.66	0	40.00	0	42.66	1.33	1.33	0	0	0
1421336516120363681	CPU_4	18.57	0	35.71	0	45.71	0	0	0	0	0
1421336516845909241	CPU_4	14.86	0	40.54	0	43.24	1.35	0	0	0	0
1421336517571563176	CPU_4	20.83	0	34.72	0	44.44	0	0	0	0	0
1421336518286886504	CPU_4	16.66	0	36.11	0	44.44	1.38	1.38	0	0	0
1421336519013385895	CPU_4	12.32	0	42.46	0	45.20	0	0	0	0	0
1421336519729941677	CPU_4	22.53	0	30.98	0	45.07	1.40	0	0	0	0
1421336520453596087	CPU_4	14.28	0	38.57	0	47.14	0	0	0	0	0
1421336521181310308	CPU_4	16.43	0	38.35	0	43.83	1.36	0	0	0	0
1421336521904854221	CPU_4	18.30	0	36.61	0	43.66	0	1.40	0	0	0
1421336522624632656	CPU_4	16.66	0	37.50	0	44.44	1.38	0	0	0	0
1421336523341728108	CPU_4	15.71	0	38.57	0	45.71	0	0	0	0	0
1421336524063738908	CPU_4	16.90	0	36.61	0	45.07	1.40	0	0	0	0
1421336524780844404	CPU_4	17.33	0	40.00	0	42.66	0	0	0	0	0
1421336525506401520	CPU_4	18.05	0	34.72	0	44.44	1.38	1.38	0	0	0
1421336526237205482	CPU_4	13.15	0	43.42	0	43.42	0	0	0	0	0
1421336526955757390	CPU_4	14.28	0	38.57	0	45.71	1.42	0	0	0	0
1421336527688307137	CPU_4	15.71	0	38.57	0	45.71	0	0	0	0	0
1421336528413788509	CPU_4	19.17	0	34.24	0	43.83	1.36	1.36	0	0	0
1421336529134037452	CPU_4	17.39	0	36.23	0	46.37	0	0	0	0	0
1421336529866332580	CPU_4	17.33	0	37.33	0	44.00	1.33	0	0	0	0
1421336530583357253	CPU_4	13.04	0	42.02	0	44.92	0	0	0	0	0
1421336531308872712	CPU_4	17.56	0	36.48	1.35	43.24	1.35	0	0	0	0
1421336532033465303	CPU_4	20.83	0	31.94	0	45.83	0	1.38	0	0	0
1421336532757734230	CPU_4	21.33	0	34.66	0	42.66	1.33	0	0	0	0
1421336533486370926	CPU_4	18.57	0	35.71	0	45.71	0	0	0	0	0
1421336534203131815	CPU_4	22.85	0	31.42	0	44.28	1.42	0	0	0	0
1421336534930878684	CPU_4	16.43	0	39.72	0	43.83	0	0	0	0	0
1421336535650031312	CPU_4	16.66	0	36.11	0	44.44	1.38	1.38	0	0	0
1421336536380716710	CPU_4	15.27	0	40.27	0	44.44	0	0	0	0	0
1421336537101628913	CPU_4	12.00	0	44.00	0	42.66	1.33	0	0	0	0
1421336537827348633	CPU_4	15.27	0	40.27	0	44.44	0	0	0	0	0
1421336538531294684	CPU_4	16.90	0	35.21	0	45.07	1.40	1.40	0	0	0
1421336539255880287	CPU_4	21.12	0	32.39	0	46.47	0	0	0	0	0
1421336539971950773	CPU_4	13.69	0	41.09	0	43.83	1.36	0	0	0	0
1421336540697412040	CPU_4	10.81	0	45.94	0	43.24	0	0	0	0	0
1421336541416205680	CPU_4	9.72	0	23.61	0	66.66	0	0	0	0	0
1421336542214218668	CPU_4	7.50	0	16.25	0	73.75	1.25	1.25	0	0	0
1421336542934961174	CPU_4	13.88	0	41.66	0	44.44	0	0	0	0	0
1421336543640082561	CPU_4	14.49	0	36.23	0	47.82	1.44	0	0	0	0
1421336544371433260	CPU_4	16.43	0	41.09	0	42.46	0	0	0	0	0
1421336545088606748	CPU_4	21.12	0	32.39	0	45.07	1.40	0	0	0	0
1421336545813234779	CPU_4	14.86	0	40.54	0	43.24	0	1.35	0	0	0
1421336546538647557	CPU_4	20.83	0	31.94	0	45.83	1.38	0	0	0	0
1421336547260191565	CPU_4	18.05	0	37.50	0	44.44	0	0	0	0	0
1421336547993611134	CPU_4	16.21	0	39.18	0	43.24	1.35	0	0	0	0
1421336548717405716	CPU_4	20.27	0	36.48	0	43.24	0	0	0	0	0
1421336549448330760	CPU_4	14.66	0	38.66	0	44.00	1.33	1.33	0	0	0
1421336550164722594	CPU_4	17.39	0	37.68	0	44.92	0	0	0	0	0
1421336550883495624	CPU_4	16.66	0	37.50	0	44.44	1.38	0	0	0	0
1421336551611638270	CPU_4	16.90	0	38.02	0	45.07	0	0	0	0	0
1421336552329132185	CPU_4	18.30	0	33.80	0	45.07	1.40	1.40	0	0	0
1421336553061210061	CPU_4	16.43	0	39.72	0	43.83	0	0	0	0	0
1421336553784980985	CPU_4	22.85	0	37.14	0	38.57	1.42	0	0	0	0
1421336554555360068	CPU_4	22.66	0	28.00	0	49.33	0	0	0	0	0
1421336555200983638	CPU_4	14.06	0	23.43	0	62.50	0	0	0	0	0
1421336555983058740	CPU_4	25.00	0	37.50	0	34.72	1.38	1.38	0	0	0
1421336556774934957	CPU_4	24.67	0	41.55	0	32.46	1.29	0	0	0	0
1421336557561791703	CPU_4	27.39	0	38.35	0	34.24	0	0	0	0	0
1421336558334204114	CPU_4	28.57	0	33.76	0	36.36	1.29	0	0	0	0
1421336558986477486	CPU_4	7.57	0	21.21	0	71.21	0	0	0	0	0
1421336559771452788	CPU_4	27.39	0	36.98	0	34.24	0	1.36	0	0	0
1421336560546874561	CPU_4	30.66	0	34.66	0	33.33	1.33	0	0	0	0
1421336561322217627	CPU_4	22.53	0	36.61	0	39.43	1.40	0	0	0	0
1421336561968582995	CPU_4	1.56	0	21.87	0	76.56	0	0	0	0	0
1421336562763394123	CPU_4	23.07	0	43.58	0	32.05	0	1.28	0	0	0
1421336563530750279	CPU_4	27.94	0	35.29	0	35.29	1.47	0	0	0	0
1421336564305695853	CPU_4	26.92	0	38.46	0	33.33	1.28	0	0	0	0
1421336565084240159	CPU_4	25.71	0	40.00	0	34.28	0	0	0	0	0
1421336565880357160	CPU_4	25.33	0	38.66	0	33.33	1.33	1.33	0	0	0
1421336566642628850	CPU_4	24.67	0	44.15	0	31.16	0	0	0	0	0
1421336567444506447	CPU_4	28.00	0	36.00	0	34.66	1.33	0	0	0	0
1421336568228477937	CPU_4	25.67	0	40.54	0	33.78	0	0	0	0	0
1421336569009790150	CPU_4	29.48	0	35.89	0	32.05	1.28	1.28	0	0	0
1421336569779852011	CPU_4	29.16	0	34.72	0	34.72	1.38	0	0	0	0
1421336570564199669	CPU_4	23.07	0	38.46	0	38.46	0	0	0	0	0
1421336571338230053	CPU_4	27.27	0	36.36	0	35.06	1.29	0	0	0	0
1421336572121594927	CPU_4	27.14	0	37.14	0	34.28	0	1.42	0	0	0
1421336572904721054	CPU_4	25.35	0	38.02	0	35.21	1.40	0	0	0	0
1421336573673859677	CPU_4	27.14	0	37.14	0	35.71	0	0	0	0	0
1421336574443675464	CPU_4	27.14	0	37.14	0	34.28	1.42	0	0	0	0
1421336575217292732	CPU_4	19.44	0	22.22	0	58.33	0	0	0	0	0
1421336575851826393	CPU_4	1.56	0	17.18	0	78.12	1.56	1.56	0	0	0
1421336576496980456	CPU_4	25.80	0	30.64	0	43.54	0	0	0	0	0
1421336577293575433	CPU_4	23.94	0	39.43	0	35.21	1.40	0	0	0	0
1421336578068253325	CPU_4	27.27	0	35.06	0	37.66	0	0	0	0	0
1421336578849483390	CPU_4	28.00	0	37.33	0	32.00	1.33	1.33	0	0	0
1421336579618214025	CPU_4	23.43	0	39.06	0	37.50	0	0	0	0	0
1421336580417359244	CPU_4	29.26	0	39.02	0	30.48	1.21	0	0	0	0
1421336581191281937	CPU_4	28.20	0	37.17	0	33.33	1.28	0	0	0	0
1421336581975032035	CPU_4	25.75	0	34.84	0	37.87	0	1.51	0	0	0
1421336582750882095	CPU_4	24.28	0	38.57	0	35.71	1.42	0	0	0	0
1421336583538225926	CPU_4	28.94	0	38.15	0	32.89	0	0	0	0	0
1421336584302719135	CPU_4	25.71	0	38.57	0	34.28	1.42	0	0	0	0
1421336585024976493	CPU_4	6.75	0	24.32	0	68.91	0	0	0	0	0
1421336585670233152	CPU_4	6.34	0	19.04	0	69.84	0	4.76	0	0	0
1421336586452816681	CPU_4	21.33	0	42.66	1.33	33.33	1.33	0	0	0	0
1421336587242135550	CPU_4	30.00	0	38.75	0	31.25	0	0	0	0	0
1421336588031270254	CPU_4	27.50	0	38.75	0	32.50	1.25	0	0	0	0
1421336588810603722	CPU_4	29.33	0	36.00	0	33.33	1.33	0	0	0	0
1421336589601154880	CPU_4	26.31	0	40.78	0	32.89	0	0	0	0	0
1421336590374855423	CPU_4	19.71	0	40.84	0	38.02	1.40	0	0	0	0
1421336591161121732	CPU_4	27.14	0	38.57	0	34.28	0	0	0	0	0
1421336591937743636	CPU_4	31.16	0	35.06	0	32.46	1.29	0	0	0	0
1421336592716394448	CPU_4	24.24	0	36.36	0	37.87	1.51	0	0	0	0
1421336593494661597	CPU_4	30.98	0	35.21	0	33.80	0	0	0	0	0
1421336594264590042	CPU_4	18.91	0	39.18	0	40.54	1.35	0	0	0	0
1421336594998068397	CPU_4	17.18	0	34.37	0	48.43	0	0	0	0	0
1421336595723714005	CPU_4	5.63	0	28.16	0	64.78	0	1.40	0	0	0
1421336596364468912	CPU_4	1.53	0	18.46	0	78.46	1.53	0	0	0	0
1421336597130078469	CPU_4	15.58	0	29.87	0	54.54	0	0	0	0	0
1421336597866068982	CPU_4	16.66	0	37.87	0	45.45	0	0	0	0	0
1421336598591550345	CPU_4	12.00	0	21.33	0	65.33	1.33	0	0	0	0
1421336599232213298	CPU_4	1.58	0	17.46	0	80.95	0	0	0	0	0
1421336599887160174	CPU_4	7.40	0	35.18	0	55.55	0	1.85	0	0	0
1421336600590496203	CPU_4	22.66	0	34.66	0	41.33	1.33	0	0	0	0
1421336601327786380	CPU_4	10.95	0	32.87	0	56.16	0	0	0	0	0
1421336602258674710	CPU_4	2.15	0	12.90	0	84.94	0	0	0	0	0
1421336602894984483	CPU_4	0	0	20.00	0	78.46	1.53	0	0	0	0
1421336603563742581	CPU_4	19.40	0	32.83	0	47.76	0	0	0	0	0
1421336604294735423	CPU_4	13.43	0	40.29	0	44.77	0	1.49	0	0	0
1421336605015585279	CPU_4	14.28	0	27.14	0	57.14	1.42	0	0	0	0
1421336605661488838	CPU_4	12.30	0	24.61	0	63.07	0	0	0	0	0
1421336606406823564	CPU_4	20.00	0	38.66	1.33	38.66	1.33	0	0	0	0
1421336607134905218	CPU_4	14.86	0	44.59	0	40.54	0	0	0	0	0
1421336607856877739	CPU_4	17.33	0	38.66	0	41.33	1.33	1.33	0	0	0
1421336608590429824	CPU_4	19.17	0	39.72	0	41.09	0	0	0	0	0
1421336609327639474	CPU_4	14.51	0	35.48	0	48.38	1.61	0	0	0	0
1421336610066722489	CPU_4	15.49	0	40.84	0	43.66	0	0	0	0	0
1421336610806154546	CPU_4	18.18	0	38.96	0	40.25	1.29	1.29	0	0	0
1421336611546785722	CPU_4	17.10	0	43.42	0	39.47	0	0	0	0	0
1421336612278743738	CPU_4	15.49	0	39.43	0	43.66	1.40	0	0	0	0
1421336613010393382	CPU_4	14.86	0	44.59	0	40.54	0	0	0	0	0
1421336613714338386	CPU_4	14.92	0	37.31	0	46.26	1.49	0	0	0	0
1421336614454739610	CPU_4	14.86	0	40.54	0	43.24	0	1.35	0	0	0
1421336615202407587	CPU_4	21.33	0	32.00	0	46.66	0	0	0	0	0
1421336615942560981	CPU_4	22.97	0	33.78	0	41.89	1.35	0	0	0	0
1421336616681280717	CPU_4	17.39	0	40.57	0	42.02	0	0	0	0	0
1421336617415353105	CPU_4	11.68	0	45.45	0	40.25	1.29	1.29	0	0	0
1421336618165129742	CPU_4	10.76	0	41.53	0	47.69	0	0	0	0	0
1421336618903834524	CPU_4	18.66	0	37.33	0	42.66	1.33	0	0	0	0
1421336619638552329	CPU_4	17.24	0	32.75	0	50.00	0	0	0	0	0
1421336620386359855	CPU_4	16.66	0	34.84	0	46.96	1.51	0	0	0	0
1421336621124348811	CPU_4	9.85	0	46.47	0	42.25	0	1.40	0	0	0
1421336621863333637	CPU_4	13.51	0	36.48	0	48.64	1.35	0	0	0	0
1421336622501203013	CPU_4	3.12	0	17.18	0	79.68	0	0	0	0	0
1421336623143753864	CPU_4	3.33	0	38.33	0	58.33	0	0	0	0	0
1421336623885502679	CPU_4	10.66	0	48.00	0	40.00	1.33	0	0	0	0
1421336624619463413	CPU_4	16.00	0	42.66	0	40.00	0	1.33	0	0	0
1421336625359171449	CPU_4	16.90	0	39.43	0	42.25	1.40	0	0	0	0
1421336626104490956	CPU_4	25.33	0	33.33	0	41.33	0	0	0	0	0
1421336626843202793	CPU_4	20.51	0	39.74	0	38.46	1.28	0	0	0	0
1421336627579807141	CPU_4	18.18	0	36.36	0	45.45	0	0	0	0	0
1421336628312304763	CPU_4	15.94	0	36.23	0	44.92	1.44	1.44	0	0	0
1421336629063937158	CPU_4	9.33	0	49.33	0	41.33	0	0	0	0	0
1421336629807118641	CPU_4	7.24	0	46.37	0	44.92	1.44	0	0	0	0
1421336630554836268	CPU_4	6.32	0	55.69	0	37.97	0	0	0	0	0
1421336631289471924	CPU_4	16.43	0	39.72	0	41.09	1.36	1.36	0	0	0
1421336632040453661	CPU_4	9.23	0	44.61	0	46.15	0	0	0	0	0
1421336632776673978	CPU_4	18.42	0	40.78	0	39.47	1.31	0	0	0	0
1421336633521908206	CPU_4	17.80	0	41.09	0	41.09	0	0	0	0	0
1421336634260341680	CPU_4	17.80	0	38.35	0	42.46	1.36	0	0	0	0
1421336635004684207	CPU_4	27.39	0	30.13	0	41.09	0	1.36	0	0	0
1421336635756293946	CPU_4	20.63	0	30.15	0	47.61	1.58	0	0	0	0
1421336636489025621	CPU_4	15.94	0	40.57	0	43.47	0	0	0	0	0
1421336637240844570	CPU_4	12.98	0	46.75	0	38.96	1.29	0	0	0	0
1421336637976025442	CPU_4	19.48	0	41.55	0	38.96	0	0	0	0	0
1421336638718905441	CPU_4	22.07	0	33.76	0	41.55	1.29	1.29	0	0	0
1421336639454915062	CPU_4	16.90	0	40.84	0	42.25	0	0	0	0	0
1421336640196477112	CPU_4	25.00	0	31.94	0	41.66	1.38	0	0	0	0
1421336640934787597	CPU_4	20.27	0	39.18	0	40.54	0	0	0	0	0
1421336641679873214	CPU_4	16.17	0	35.29	0	45.58	1.47	1.47	0	0	0
1421336642428454938	CPU_4	14.28	0	42.85	0	42.85	0	0	0	0	0
1421336643169779578	CPU_4	15.49	0	40.84	0	42.25	1.40	0	0	0	0
1421336643919553339	CPU_4	11.11	0	47.22	0	41.66	0	0	0	0	0
1421336644658336453	CPU_4	20.27	0	37.83	0	40.54	1.35	0	0	0	0
1421336645404970151	CPU_4	10.25	0	50.00	0	38.46	0	1.28	0	0	0
1421336646151948514	CPU_4	18.30	0	36.61	0	43.66	1.40	0	0	0	0
1421336646898132425	CPU_4	19.11	0	36.76	0	44.11	0	0	0	0	0
1421336647626749057	CPU_4	22.66	0	37.33	0	38.66	1.33	0	0	0	0
1421336648359927456	CPU_4	9.45	0	45.94	0	43.24	0	1.35	0	0	0
1421336649104656253	CPU_4	25.97	0	33.76	0	38.96	1.29	0	0	0	0
1421336649854708273	CPU_4	36.84	0	23.68	0	39.47	0	0	0	0	0
1421336650600960772	CPU_4	8.21	0	49.31	0	41.09	1.36	0	0	0	0
1421336651343099545	CPU_4	15.71	0	40.00	0	44.28	0	0	0	0	0
1421336652086178064	CPU_4	4.61	0	46.15	0	46.15	1.53	1.53	0	0	0
1421336652834279015	CPU_4	14.47	0	44.73	0	40.78	0	0	0	0	0
1421336653579416776	CPU_4	20.83	0	37.50	0	40.27	1.38	0	0	0	0
1421336654314292592	CPU_4	13.04	0	43.47	0	43.47	0	0	0	0	0
1421336655058843191	CPU_4	9.58	0	46.57	0	41.09	1.36	1.36	0	0	0
1421336655806551066	CPU_4	24.67	0	35.06	0	40.25	0	0	0	0	0
1421336656514539529	CPU_4	13.43	0	40.29	0	44.77	1.49	0	0	0	0
1421336657273386514	CPU_4	27.39	0	30.13	0	42.46	0	0	0	0	0
1421336658016732457	CPU_4	10.14	0	44.92	0	43.47	1.44	0	0	0	0
1421336658758431785	CPU_4	14.49	0	40.57	0	43.47	0	1.44	0	0	0
1421336659494609603	CPU_4	17.80	0	39.72	0	41.09	1.36	0	0	0	0
1421336660251701643	CPU_4	30.76	0	29.48	0	39.74	0	0	0	0	0
1421336660993583973	CPU_4	15.58	0	44.15	0	38.96	1.29	0	0	0	0
1421336661730184459	CPU_4	24.00	0	34.66	0	40.00	0	1.33	0	0	0
1421336662474347155	CPU_4	24.00	0	36.00	0	38.66	1.33	0	0	0	0
1421336663198792623	CPU_4	17.33	0	42.66	0	40.00	0	0	0	0	0
1421336663957085121	CPU_4	11.68	0	45.45	0	41.55	1.29	0	0	0	0
1421336664696222222	CPU_4	11.76	0	44.11	0	44.11	0	0	0	0	0
1421336665439016389	CPU_4	11.47	0	36.06	0	49.18	1.63	1.63	0	0	0
1421336666187459151	CPU_4	14.28	0	40.00	0	45.71	0	0	0	0	0
1421336666935930664	CPU_4	23.68	0	35.52	0	39.47	1.31	0	0	0	0
1421336667671139749	CPU_4	16.66	0	41.66	0	41.66	0	0	0	0	0
1421336668414906456	CPU_4	21.05	0	36.84	0	39.47	1.31	1.31	0	0	0
1421336669164307051	CPU_4	10.76	0	41.53	0	47.69	0	0	0	0	0
1421336669898856184	CPU_4	32.00	0	28.00	0	38.66	1.33	0	0	0	0
1421336670658025646	CPU_4	27.63	0	26.31	0	46.05	0	0	0	0	0
1421336671322317322	CPU_4	10.76	0	21.53	0	66.15	1.53	0	0	0	0
1421336671986735373	CPU_4	11.94	0	20.89	0	65.67	0	1.49	0	0	0
1421336672675598671	CPU_4	40.00	0	27.14	0	31.42	1.42	0	0	0	0
1421336673359939951	CPU_4	19.44	0	20.83	0	59.72	0	0	0	0	0
1421336674053846973	CPU_4	41.42	0	22.85	0	34.28	1.42	0	0	0	0
1421336674908794017	CPU_4	60.46	0	19.76	0	18.60	0	1.16	0	0	0
1421336675755579355	CPU_4	54.65	0	26.74	0	17.44	1.16	0	0	0	0
1421336676607141669	CPU_4	62.35	0	15.29	1.17	20.00	1.17	0	0	0	0
1421336677454955838	CPU_4	51.76	0	29.41	0	17.64	0	1.17	0	0	0
1421336678312389234	CPU_4	60.67	0	20.22	0	17.97	1.12	0	0	0	0
1421336679010101686	CPU_4	14.49	0	24.63	0	60.86	0	0	0	0	0
1421336679703773525	CPU_4	38.23	0	23.52	0	36.76	1.47	0	0	0	0
1421336680559207788	CPU_4	59.09	0	19.31	0	19.31	1.13	1.13	0	0	0
1421336681408776543	CPU_4	73.17	0	9.75	0	17.07	0	0	0	0	0
1421336682258835840	CPU_4	44.18	0	36.04	0	18.60	1.16	0	0	0	0
1421336683119399620	CPU_4	47.67	0	30.23	0	19.76	1.16	1.16	0	0	0
1421336683967010183	CPU_4	49.41	0	29.41	0	21.17	0	0	0	0	0
1421336684824636734	CPU_4	52.87	0	28.73	0	17.24	1.14	0	0	0	0
1421336685669879689	CPU_4	57.47	0	22.98	0	17.24	1.14	1.14	0	0	0
1421336686506881816	CPU_4	56.97	0	22.09	0	20.93	0	0	0	0	0
1421336687349394040	CPU_4	55.95	0	23.80	0	19.04	1.19	0	0	0	0
1421336688190960020	CPU_4	49.41	0	29.41	0	18.82	1.17	1.17	0	0	0
1421336689042365155	CPU_4	45.23	0	34.52	0	20.23	0	0	0	0	0
1421336689897428147	CPU_4	54.54	0	27.27	0	17.04	1.13	0	0	0	0
1421336690762929539	CPU_4	51.11	0	28.88	0	17.77	1.11	1.11	0	0	0
1421336691625430326	CPU_4	45.45	0	36.36	0	18.18	0	0	0	0	0
1421336692484445467	CPU_4	55.55	0	25.55	0	17.77	1.11	0	0	0	0
1421336693346179052	CPU_4	61.62	0	18.60	0	17.44	1.16	1.16	0	0	0
1421336694184776394	CPU_4	46.51	0	34.88	0	18.60	0	0	0	0	0
1421336695016332818	CPU_4	41.46	0	37.80	0	19.51	1.21	0	0	0	0
1421336695870244411	CPU_4	50.00	0	31.11	0	16.66	1.11	1.11	0	0	0
1421336696727549945	CPU_4	62.65	0	19.27	0	18.07	0	0	0	0	0
1421336697584068901	CPU_4	58.62	0	37.93	0	2.29	1.14	0	0	0	0
1421336698423373914	CPU_4	70.58	0	27.05	0	1.17	0	1.17	0	0	0
1421336699259298405	CPU_4	65.06	0	32.53	0	1.20	1.20	0	0	0	0
1421336700098235756	CPU_4	73.80	0	23.80	0	1.19	1.19	0	0	0	0
1421336700939007348	CPU_4	67.85	0	29.76	0	1.19	0	1.19	0	0	0
1421336701778218076	CPU_4	62.65	0	33.73	0	2.40	1.20	0	0	0	0
1421336702623016900	CPU_4	67.05	0	27.05	0	4.70	0	1.17	0	0	0
1421336703474036148	CPU_4	70.58	0	28.23	0	0	1.17	0	0	0	0
1421336704322185206	CPU_4	65.47	0	32.14	0	1.19	1.19	0	0	0	0
1421336705158946787	CPU_4	67.46	0	31.32	0	0	0	1.20	0	0	0
1421336706009096753	CPU_4	63.52	0	35.29	0	0	1.17	0	0	0	0
1421336706843812890	CPU_4	63.09	0	35.71	0	1.19	0	0	0	0	0
1421336707684048415	CPU_4	65.47	0	28.57	0	3.57	1.19	1.19	0	0	0
1421336708524031360	CPU_4	65.47	0	33.33	0	1.19	0	0	0	0	0
1421336709354232819	CPU_4	72.61	0	26.19	0	0	1.19	0	0	0	0
1421336710194023559	CPU_4	65.06	0	30.12	0	2.40	1.20	1.20	0	0	0
1421336711034077049	CPU_4	68.67	0	30.12	0	1.20	0	0	0	0	0
1421336711888731502	CPU_4	70.58	0	28.23	0	0	1.17	0	0	0	0
1421336712734445381	CPU_4	71.76	0	25.88	0	1.17	0	1.17	0	0	0
1421336713573744463	CPU_4	65.88	0	31.76	0	1.17	1.17	0	0	0	0
1421336714418954265	CPU_4	69.87	0	30.12	0	0	0	0	0	0	0
1421336715258264642	CPU_4	64.70	0	31.76	0	1.17	1.17	1.17	0	0	0
1421336716094227248	CPU_4	67.46	0	31.32	0	0	1.20	0	0	0	0
1421336716939058098	CPU_4	64.28	0	34.52	0	1.19	0	0	0	0	0
1421336717779046060	CPU_4	64.70	0	32.94	0	0	1.17	1.17	0	0	0
1421336718623997204	CPU_4	69.04	0	29.76	0	1.19	0	0	0	0	0
1421336719463888711	CPU_4	91.66	0	7.14	0	0	1.19	0	0	0	0
1421336720298881247	CPU_4	95.18	0	4.81	0	0	0	0	0	0	0
1421336721138881589	CPU_4	90.58	0	7.05	0	0	1.17	1.17	0	0	0
1421336721988919628	CPU_4	96.42	0	3.57	0	0	0	0	0	0	0
1421336722823887627	CPU_4	94.04	0	4.76	0	0	1.19	0	0	0	0
1421336723658876627	CPU_4	93.97	0	6.02	0	0	0	0	0	0	0
1421336724498863102	CPU_4	90.58	0	7.05	0	0	1.17	1.17	0	0	0
1421336725338919243	CPU_4	94.04	0	5.95	0	0	0	0	0	0	0
1421336726181721163	CPU_4	91.66	0	7.14	0	0	1.19	0	0	0	0
1421336727033889241	CPU_4	92.85	0	7.14	0	0	0	0	0	0	0
1421336727869149873	CPU_4	89.28	0	9.52	0	0	0	1.19	0	0	0
1421336728709007314	CPU_4	70.23	0	28.57	0	0	1.19	0	0	0	0
1421336729554045186	CPU_4	68.23	0	29.41	0	0	1.17	1.17	0	0	0
1421336730404045616	CPU_4	63.52	0	36.47	0	0	0	0	0	0	0
1421336731249009908	CPU_4	67.05	0	30.58	0	0	1.17	1.17	0	0	0
1421336732104176187	CPU_4	67.85	0	32.14	0	0	0	0	0	0	0
1421336732959768258	CPU_4	66.27	0	31.39	0	0	1.16	1.16	0	0	0
1421336733804181641	CPU_4	69.41	0	29.41	0	0	1.17	0	0	0	0
1421336734644170759	CPU_4	57.14	0	41.66	0	0	0	1.19	0	0	0
1421336735489098143	CPU_4	72.61	0	26.19	0	0	1.19	0	0	0	0
1421336736333936487	CPU_4	58.82	0	40.00	0	0	0	1.17	0	0	0
1421336737183974345	CPU_4	72.94	0	25.88	0	0	1.17	0	0	0	0
1421336738024014386	CPU_4	70.23	0	28.57	0	0	0	1.19	0	0	0
1421336738869030442	CPU_4	67.85	0	30.95	0	0	1.19	0	0	0	0
1421336739709051902	CPU_4	60.00	0	37.64	0	0	1.17	1.17	0	0	0
1421336740558994517	CPU_4	66.66	0	33.33	0	0	0	0	0	0	0
1421336741399007022	CPU_4	69.41	0	28.23	0	0	1.17	1.17	0	0	0
1421336742248982307	CPU_4	69.04	0	30.95	0	0	0	0	0	0	0
1421336743099043427	CPU_4	63.95	0	33.72	0	0	1.16	1.16	0	0	0
1421336743948915007	CPU_4	63.09	0	36.90	0	0	0	0	0	0	0
1421336744783998337	CPU_4	83.52	0	14.11	0	0	1.17	1.17	0	0	0
1421336745633962045	CPU_4	80.95	0	19.04	0	0	0	0	0	0	0
1421336746466282809	CPU_4	80.95	0	17.85	0	0	1.19	0	0	0	0
1421336747318970589	CPU_4	78.57	0	20.23	1.19	0	0	0	0	0	0
1421336748158980439	CPU_4	83.52	0	14.11	0	0	1.17	1.17	0	0	0
1421336749009034778	CPU_4	79.06	0	19.76	0	0	1.16	0	0	0	0
1421336749854010729	CPU_4	79.51	0	20.48	0	0	0	0	0	0	0
1421336750699032557	CPU_4	85.88	0	12.94	0	0	1.17	0	0	0	0
1421336751534039274	CPU_4	81.92	0	16.86	0	0	0	1.20	0	0	0
1421336752374000466	CPU_4	80.00	0	18.82	0	0	1.17	0	0	0	0
1421336753219082964	CPU_4	83.13	0	16.86	0	0	0	0	0	0	0
1421336754068981896	CPU_4	55.81	0	19.76	0	23.25	1.16	0	0	0	0
1421336754913985898	CPU_4	85.71	0	13.09	0	0	0	1.19	0	0	0
1421336755754008137	CPU_4	73.80	0	25.00	0	0	1.19	0	0	0	0
1421336756593975420	CPU_4	77.64	0	21.17	1.17	0	0	0	0	0	0
1421336757428970189	CPU_4	78.57	0	19.04	0	0	1.19	1.19	0	0	0
1421336758274194279	CPU_4	83.33	0	16.66	0	0	0	0	0	0	0
1421336759114047067	CPU_4	76.19	0	22.61	0	0	1.19	0	0	0	0
1421336759948973091	CPU_4	80.72	0	19.27	0	0	0	0	0	0	0
1421336760793997937	CPU_4	81.39	0	16.27	0	0	1.16	1.16	0	0	0
1421336761639732989	CPU_4	80.95	0	19.04	0	0	0	0	0	0	0
1421336762479048993	CPU_4	77.10	0	21.68	0	0	1.20	0	0	0	0
1421336763318967455	CPU_4	76.19	0	23.80	0	0	0	0	0	0	0
1421336764159162791	CPU_4	80.00	0	17.64	0	0	1.17	1.17	0	0	0
1421336764999042214	CPU_4	74.69	0	25.30	0	0	0	0	0	0	0
1421336765843989069	CPU_4	82.35	0	16.47	0	0	1.17	0	0	0	0
1421336766678974730	CPU_4	80.72	0	19.27	0	0	0	0	0	0	0
1421336767527607318	CPU_4	82.55	0	15.11	0	0	1.16	1.16	0	0	0
1421336768364000100	CPU_4	86.58	0	13.41	0	0	0	0	0	0	0
1421336769204007529	CPU_4	82.35	0	16.47	0	0	1.17	0	0	0	0
1421336770053944698	CPU_4	80.00	0	18.82	0	0	0	1.17	0	0	0
1421336770764180878	CPU_4	14.08	0	30.98	0	53.52	1.40	0	0	0	0
1421336771478442329	CPU_4	27.53	0	20.28	0	52.17	0	0	0	0	0
1421336772185355362	CPU_4	18.30	0	26.76	0	53.52	1.40	0	0	0	0
1421336772885685765	CPU_4	23.52	0	25.00	0	51.47	0	0	0	0	0
1421336773619727487	CPU_4	24.67	0	28.57	0	44.15	1.29	1.29	0	0	0
1421336774459965050	CPU_4	57.64	0	35.29	0	7.05	0	0	0	0	0
1421336775306992285	CPU_4	50.00	0	41.25	0	7.50	1.25	0	0	0	0
1421336776160204030	CPU_4	48.23	0	38.82	0	11.76	0	1.17	0	0	0
1421336777029446732	CPU_4	54.94	0	36.26	0	7.69	1.09	0	0	0	0
1421336777904832110	CPU_4	57.30	0	34.83	0	6.74	1.12	0	0	0	0
1421336778754058381	CPU_4	53.40	0	37.50	0	7.95	0	1.13	0	0	0
1421336779617651202	CPU_4	49.35	0	41.55	0	7.79	1.29	0	0	0	0
1421336780490026851	CPU_4	56.04	0	35.16	0	7.69	1.09	0	0	0	0
1421336781345086679	CPU_4	55.05	0	35.95	0	7.86	0	1.12	0	0	0
1421336782196661610	CPU_4	56.81	0	35.22	0	6.81	1.13	0	0	0	0
1421336783061422680	CPU_4	54.65	0	34.88	0	9.30	1.16	0	0	0	0
1421336783909012553	CPU_4	55.68	0	36.36	0	6.81	0	1.13	0	0	0
1421336784754755020	CPU_4	52.94	0	38.82	0	7.05	1.17	0	0	0	0
1421336785616029405	CPU_4	57.95	0	34.09	0	7.95	0	0	0	0	0
1421336786464706444	CPU_4	57.83	0	33.73	0	7.22	1.20	0	0	0	0
1421336787324439340	CPU_4	60.71	0	28.57	0	8.33	1.19	1.19	0	0	0
1421336788166086169	CPU_4	58.33	0	34.52	0	7.14	0	0	0	0	0
1421336789019301353	CPU_4	56.17	0	34.83	0	7.86	1.12	0	0	0	0
1421336789867186277	CPU_4	56.66	0	34.44	0	6.66	1.11	1.11	0	0	0
1421336790622290202	CPU_4	47.22	0	43.05	0	9.72	0	0	0	0	0
1421336791480371073	CPU_4	55.68	0	34.09	0	9.09	1.13	0	0	0	0
1421336792324978310	CPU_4	58.82	0	32.94	0	7.05	0	1.17	0	0	0
1421336793169702714	CPU_4	56.47	0	35.29	0	7.05	1.17	0	0	0	0
1421336794022533952	CPU_4	54.11	0	37.64	0	7.05	1.17	0	0	0	0
1421336794867124818	CPU_4	50.63	0	39.24	0	8.86	0	1.26	0	0	0
1421336795722012339	CPU_4	46.34	0	45.12	0	7.31	1.21	0	0	0	0
1421336796572236803	CPU_4	61.11	0	31.11	0	6.66	1.11	0	0	0	0
1421336797425969583	CPU_4	54.94	0	34.06	0	9.89	0	1.09	0	0	0
1421336798274506225	CPU_4	49.38	0	41.97	0	7.40	1.23	0	0	0	0
1421336799134358350	CPU_4	48.31	0	38.20	0	13.48	0	0	0	0	0
1421336799986588184	CPU_4	50.60	0	39.75	0	7.22	1.20	1.20	0	0	0
1421336800830581689	CPU_4	46.42	0	44.04	0	8.33	1.19	0	0	0	0
1421336801674995860	CPU_4	39.53	0	52.32	0	8.13	0	0	0	0	0
1421336802525677874	CPU_4	48.88	0	42.22	0	6.66	1.11	1.11	0	0	0
1421336803366109402	CPU_4	55.17	0	35.63	0	8.04	1.14	0	0	0	0
1421336804220900355	CPU_4	57.47	0	35.63	0	6.89	0	0	0	0	0
1421336805053956759	CPU_4	78.57	0	19.04	0	0	1.19	1.19	0	0	0
1421336805888965196	CPU_4	92.77	0	7.22	0	0	0	0	0	0	0
1421336806734043163	CPU_4	91.66	0	7.14	0	0	1.19	0	0	0	0
1421336807583992940	CPU_4	94.04	0	5.95	0	0	0	0	0	0	0
1421336808424001479	CPU_4	91.86	0	6.97	0	0	1.16	0	0	0	0
1421336809263970353	CPU_4	93.97	0	4.81	0	0	0	1.20	0	0	0
1421336810103981270	CPU_4	92.94	0	5.88	0	0	1.17	0	0	0	0
1421336810948904621	CPU_4	92.85	0	7.14	0	0	0	0	0	0	0
1421336811788984707	CPU_4	91.66	0	7.14	0	0	1.19	0	0	0	0
1421336812628964087	CPU_4	91.66	0	7.14	0	0	0	1.19	0	0	0
1421336813474011941	CPU_4	92.94	0	5.88	0	0	1.17	0	0	0	0
1421336814318989047	CPU_4	92.85	0	7.14	0	0	0	0	0	0	0
1421336815164004321	CPU_4	89.28	0	9.52	0	0	1.19	0	0	0	0
1421336816003930290	CPU_4	91.66	0	7.14	0	0	0	1.19	0	0	0
1421336816843945885	CPU_4	94.04	0	5.95	0	0	0	0	0	0	0
1421336817683947732	CPU_4	91.76	0	7.05	0	0	1.17	0	0	0	0
1421336818519722103	CPU_4	91.56	0	8.43	0	0	0	0	0	0	0
1421336819363940596	CPU_4	91.76	0	5.88	0	0	1.17	1.17	0	0	0
1421336820214007435	CPU_4	94.04	0	5.95	0	0	0	0	0	0	0
1421336821048951022	CPU_4	91.66	0	7.14	0	0	1.19	0	0	0	0
1421336821903990379	CPU_4	91.76	0	8.23	0	0	0	0	0	0	0
1421336822748942666	CPU_4	90.58	0	7.05	0	0	1.17	1.17	0	0	0
1421336823583941716	CPU_4	92.77	0	7.22	0	0	0	0	0	0	0
1421336824433956813	CPU_4	94.18	0	4.65	0	0	1.16	0	0	0	0
1421336825268932407	CPU_4	92.77	0	7.22	0	0	0	0	0	0	0
1421336826114025282	CPU_4	91.76	0	5.88	0	0	1.17	1.17	0	0	0
1421336826958942243	CPU_4	92.85	0	7.14	0	0	0	0	0	0	0
1421336827798937982	CPU_4	94.04	0	4.76	0	0	1.19	0	0	0	0
1421336828628958400	CPU_4	91.46	0	8.53	0	0	0	0	0	0	0
1421336829464649123	CPU_4	89.53	0	8.13	0	0	1.16	1.16	0	0	0
1421336830308945468	CPU_4	96.38	0	3.61	0	0	0	0	0	0	0
1421336831148990253	CPU_4	91.66	0	8.33	0	0	0	0	0	0	0
1421336831983933275	CPU_4	91.66	0	7.14	0	0	1.19	0	0	0	0
1421336832828940787	CPU_4	91.66	0	7.14	0	0	0	1.19	0	0	0
1421336833668888203	CPU_4	94.04	0	4.76	0	0	1.19	0	0	0	0
1421336834508968160	CPU_4	92.85	0	7.14	0	0	0	0	0	0	0
1421336835348924287	CPU_4	95.23	0	3.57	0	0	1.19	0	0	0	0
1421336836188957206	CPU_4	94.04	0	5.95	0	0	0	0	0	0	0
1421336837034000516	CPU_4	91.76	0	5.88	0	0	1.17	1.17	0	0	0
1421336837883984594	CPU_4	95.23	0	4.76	0	0	0	0	0	0	0
1421336838733980672	CPU_4	94.18	0	4.65	0	0	1.16	0	0	0	0
1421336839578959112	CPU_4	93.97	0	6.02	0	0	0	0	0	0	0
1421336840421826732	CPU_4	91.76	0	5.88	0	0	1.17	1.17	0	0	0
1421336841258956258	CPU_4	95.23	0	4.76	0	0	0	0	0	0	0
1421336842114521313	CPU_4	94.18	0	4.65	0	0	1.16	0	0	0	0
1421336842958920928	CPU_4	94.04	0	5.95	0	0	0	0	0	0	0
1421336843803966250	CPU_4	92.85	0	5.95	0	0	0	1.19	0	0	0
1421336844654031588	CPU_4	89.53	0	9.30	0	0	1.16	0	0	0	0
1421336845488944924	CPU_4	92.77	0	7.22	0	0	0	0	0	0	0
1421336846333979500	CPU_4	91.66	0	7.14	0	0	1.19	0	0	0	0
1421336847179058161	CPU_4	92.85	0	5.95	0	0	0	1.19	0	0	0
1421336848018968850	CPU_4	91.86	0	6.97	0	0	1.16	0	0	0	0
1421336848868991112	CPU_4	95.18	0	4.81	0	0	0	0	0	0	0
1421336849708948178	CPU_4	91.76	0	7.05	0	0	1.17	0	0	0	0
1421336850548945163	CPU_4	91.66	0	7.14	0	0	0	1.19	0	0	0
1421336851398964763	CPU_4	91.76	0	7.05	0	0	1.17	0	0	0	0
1421336852238977791	CPU_4	92.77	0	7.22	0	0	0	0	0	0	0
1421336853078984780	CPU_4	90.58	0	8.23	0	0	1.17	0	0	0	0
1421336853923950077	CPU_4	95.23	0	3.57	0	0	0	1.19	0	0	0
1421336854774003598	CPU_4	91.86	0	6.97	0	0	1.16	0	0	0	0
1421336855618959357	CPU_4	93.97	0	6.02	0	0	0	0	0	0	0
1421336856458998142	CPU_4	94.11	0	4.70	0	0	1.17	0	0	0	0
1421336857298948679	CPU_4	92.85	0	5.95	0	0	0	1.19	0	0	0
1421336858150014868	CPU_4	92.94	0	7.05	0	0	0	0	0	0	0
1421336858993985762	CPU_4	94.11	0	4.70	0	0	1.17	0	0	0	0
1421336859843927126	CPU_4	95.23	0	4.76	0	0	0	0	0	0	0
1421336860688989683	CPU_4	91.76	0	7.05	0	0	1.17	0	0	0	0
1421336861534017284	CPU_4	94.11	0	4.70	0	0	0	1.17	0	0	0
1421336862373233417	CPU_4	67.85	0	28.57	0	2.38	1.19	0	0	0	0
1421336863194006314	CPU_4	6.25	0	78.75	0	12.50	1.25	1.25	0	0	0
1421336864028488766	CPU_4	15.85	0	76.82	0	7.31	0	0	0	0	0
1421336864846035517	CPU_4	12.19	0	74.39	0	10.97	1.21	1.21	0	0	0
1421336865660515701	CPU_4	12.34	0	79.01	0	6.17	1.23	1.23	0	0	0
1421336866449687770	CPU_4	13.15	0	77.63	0	9.21	0	0	0	0	0
1421336867229682846	CPU_4	10.52	0	78.94	0	7.89	1.31	1.31	0	0	0
1421336867964777867	CPU_4	12.00	0	74.66	0	10.66	1.33	1.33	0	0	0
1421336868725318005	CPU_4	16.00	0	78.66	0	5.33	0	0	0	0	0
1421336869548023528	CPU_4	15.66	0	71.08	0	10.84	1.20	1.20	0	0	0
1421336870367543902	CPU_4	13.58	0	75.30	0	9.87	1.23	0	0	0	0
1421336871193178036	CPU_4	12.65	0	77.21	0	8.86	0	1.26	0	0	0
1421336872001004807	CPU_4	9.63	0	81.92	1.20	4.81	1.20	1.20	0	0	0
1421336872835121358	CPU_4	14.45	0	71.08	0	13.25	1.20	0	0	0	0
1421336873589490495	CPU_4	10.95	0	69.86	0	17.80	0	1.36	0	0	0
1421336874402882907	CPU_4	14.10	0	78.20	0	5.12	1.28	1.28	0	0	0
1421336875228797463	CPU_4	11.90	0	76.19	0	10.71	1.19	0	0	0	0
1421336876063753723	CPU_4	13.92	0	78.48	0	6.32	0	1.26	0	0	0
1421336876874507277	CPU_4	14.81	0	74.07	0	8.64	1.23	1.23	0	0	0
1421336877700546462	CPU_4	12.19	0	81.70	0	4.87	1.21	0	0	0	0
1421336878533569445	CPU_4	13.41	0	71.95	0	12.19	1.21	1.21	0	0	0
1421336879365068436	CPU_4	13.41	0	74.39	0	10.97	0	1.21	0	0	0
1421336880190466711	CPU_4	9.63	0	78.31	0	10.84	1.20	0	0	0	0
1421336881013860664	CPU_4	11.25	0	78.75	0	7.50	1.25	1.25	0	0	0
1421336881843159338	CPU_4	16.47	0	74.11	0	8.23	0	1.17	0	0	0
1421336882662102193	CPU_4	10.97	0	79.26	0	8.53	1.21	0	0	0	0
1421336883489888585	CPU_4	12.19	0	81.70	0	3.65	1.21	1.21	0	0	0
1421336884241442001	CPU_4	15.27	0	76.38	0	6.94	0	1.38	0	0	0
1421336884995003575	CPU_4	17.33	0	72.00	0	9.33	1.33	0	0	0	0
1421336885818313869	CPU_4	14.45	0	78.31	0	4.81	1.20	1.20	0	0	0
1421336886604683524	CPU_4	11.25	0	78.75	0	10.00	0	0	0	0	0
1421336887424776963	CPU_4	18.07	0	74.69	0	4.81	1.20	1.20	0	0	0
1421336888235165537	CPU_4	17.28	0	69.13	0	11.11	1.23	1.23	0	0	0
1421336889020056161	CPU_4	12.00	0	81.33	0	5.33	1.33	0	0	0	0
1421336889785132181	CPU_4	17.56	0	66.21	0	14.86	0	1.35	0	0	0
1421336890607674696	CPU_4	14.63	0	80.48	0	2.43	1.21	1.21	0	0	0
1421336891375280497	CPU_4	13.15	0	81.57	0	3.94	1.31	0	0	0	0
1421336892152114834	CPU_4	11.39	0	78.48	1.26	7.59	0	1.26	0	0	0
1421336892973750523	CPU_4	12.34	0	74.07	0	11.11	1.23	1.23	0	0	0
1421336893800544229	CPU_4	12.19	0	74.39	0	12.19	1.21	0	0	0	0
1421336894626618231	CPU_4	12.04	0	78.31	0	8.43	0	1.20	0	0	0
1421336895453341398	CPU_4	14.63	0	73.17	0	10.97	1.21	0	0	0	0
1421336896280063191	CPU_4	8.53	0	81.70	0	7.31	1.21	1.21	0	0	0
1421336897102080426	CPU_4	10.84	0	77.10	0	10.84	0	1.20	0	0	0
1421336897921138261	CPU_4	14.81	0	80.24	0	3.70	1.23	0	0	0	0
1421336898709871796	CPU_4	16.45	0	68.35	0	12.65	1.26	1.26	0	0	0
1421336899538323002	CPU_4	14.63	0	71.95	0	12.19	0	1.21	0	0	0
1421336900373692381	CPU_4	18.29	0	73.17	0	7.31	1.21	0	0	0	0
1421336901191000439	CPU_4	9.87	0	83.95	0	3.70	1.23	1.23	0	0	0
1421336901945019325	CPU_4	12.00	0	82.66	0	4.00	0	1.33	0	0	0
1421336902763879294	CPU_4	12.19	0	79.26	0	7.31	1.21	0	0	0	0
1421336903560368296	CPU_4	13.75	0	73.75	0	10.00	1.25	1.25	0	0	0
1421336904381363881	CPU_4	16.04	0	69.13	0	12.34	1.23	1.23	0	0	0
1421336905214391613	CPU_4	12.19	0	76.82	0	10.97	0	0	0	0	0
1421336906034934953	CPU_4	15.66	0	75.90	0	6.02	1.20	1.20	0	0	0
1421336906861267472	CPU_4	14.45	0	71.08	1.20	10.84	1.20	1.20	0	0	0
1421336907638606955	CPU_4	11.84	0	84.21	0	3.94	0	0	0	0	0
1421336908435267672	CPU_4	10.97	0	70.73	0	15.85	1.21	1.21	0	0	0
1421336909255062478	CPU_4	9.75	0	85.36	0	3.65	1.21	0	0	0	0
1421336910039735926	CPU_4	14.10	0	79.48	0	5.12	0	1.28	0	0	0
1421336910800756372	CPU_4	8.21	0	83.56	0	5.47	1.36	1.36	0	0	0
1421336911596116475	CPU_4	16.88	0	77.92	0	3.89	1.29	0	0	0	0
1421336912425662278	CPU_4	14.11	0	80.00	0	4.70	0	1.17	0	0	0
1421336913252995219	CPU_4	9.63	0	72.28	0	15.66	1.20	1.20	0	0	0
1421336914078384795	CPU_4	8.64	0	80.24	0	9.87	1.23	0	0	0	0
1421336914819589058	CPU_4	5.71	0	81.42	0	11.42	0	1.42	0	0	0
1421336915649416031	CPU_4	10.71	0	84.52	0	2.38	1.19	1.19	0	0	0
1421336916423122794	CPU_4	12.98	0	81.81	0	3.89	1.29	0	0	0	0
1421336917247455381	CPU_4	13.09	0	75.00	0	10.71	0	1.19	0	0	0
1421336918070176228	CPU_4	9.87	0	82.71	0	4.93	1.23	1.23	0	0	0
1421336918854744063	CPU_4	11.68	0	79.22	0	7.79	1.29	0	0	0	0
1421336919611100087	CPU_4	10.95	0	75.34	0	12.32	0	1.36	0	0	0
1421336920435255055	CPU_4	12.19	0	75.60	0	10.97	1.21	0	0	0	0
1421336921201103407	CPU_4	7.89	0	85.52	0	3.94	1.31	1.31	0	0	0
1421336922030517517	CPU_4	14.81	0	76.54	0	7.40	0	1.23	0	0	0
1421336922858452802	CPU_4	8.75	0	86.25	0	3.75	1.25	0	0	0	0
1421336923678859378	CPU_4	10.46	0	72.09	0	11.62	1.16	4.65	0	0	0
1421336924508344324	CPU_4	15.85	0	75.60	0	7.31	1.21	0	0	0	0
1421336925345683231	CPU_4	9.30	0	70.93	0	15.11	4.65	0	0	0	0
1421336926164923649	CPU_4	16.66	0	80.95	0	2.38	0	0	0	0	0
1421336926919636067	CPU_4	13.15	0	81.57	0	5.26	0	0	0	0	0
1421336927666383776	CPU_4	16.00	0	77.33	0	6.66	0	0	0	0	0
1421336928487953061	CPU_4	15.85	0	79.26	0	3.65	0	1.21	0	0	0
1421336929308771559	CPU_4	7.40	0	80.24	0	11.11	0	1.23	0	0	0
1421336930134395908	CPU_4	10.84	0	77.10	0	12.04	0	0	0	0	0
1421336930904601918	CPU_4	12.98	0	77.92	0	6.49	1.29	1.29	0	0	0
1421336931732195718	CPU_4	13.58	0	79.01	1.23	4.93	1.23	0	0	0	0
1421336932556444454	CPU_4	14.63	0	80.48	0	3.65	0	1.21	0	0	0
1421336933345248955	CPU_4	13.75	0	80.00	0	3.75	1.25	1.25	0	0	0
1421336934141187129	CPU_4	7.69	0	83.33	0	7.69	1.28	0	0	0	0
1421336934888128389	CPU_4	12.00	0	81.33	0	5.33	0	1.33	0	0	0
1421336935639729667	CPU_4	10.66	0	76.00	0	10.66	1.33	1.33	0	0	0
1421336936475290059	CPU_4	13.41	0	75.60	0	9.75	1.21	0	0	0	0
1421336937301320167	CPU_4	8.53	0	85.36	0	3.65	1.21	1.21	0	0	0
1421336938115911876	CPU_4	13.41	0	74.39	0	10.97	0	1.21	0	0	0
1421336938933451364	CPU_4	10.97	0	78.04	0	9.75	1.21	0	0	0	0
1421336939756682240	CPU_4	15.66	0	73.49	0	8.43	1.20	1.20	0	0	0
1421336940572387239	CPU_4	14.45	0	78.31	0	6.02	0	1.20	0	0	0
1421336941386137332	CPU_4	12.19	0	78.04	0	8.53	1.21	0	0	0	0
1421336942221096527	CPU_4	18.29	0	75.60	0	3.65	1.21	1.21	0	0	0
1421336943050095795	CPU_4	12.04	0	79.51	0	8.43	0	0	0	0	0
1421336943873269261	CPU_4	9.75	0	70.73	0	17.07	1.21	1.21	0	0	0
1421336944695427691	CPU_4	10.71	0	76.19	0	10.71	1.19	1.19	0	0	0
1421336945515282093	CPU_4	13.58	0	81.48	0	3.70	1.23	0	0	0	0
1421336946344989446	CPU_4	9.63	0	77.10	0	12.04	0	1.20	0	0	0
1421336947099719515	CPU_4	12.98	0	77.92	0	6.49	1.29	1.29	0	0	0
1421336947928142501	CPU_4	13.25	0	75.90	0	9.63	1.20	0	0	0	0
1421336948765680651	CPU_4	10.84	0	83.13	0	4.81	0	1.20	0	0	0
1421336949560776602	CPU_4	11.25	0	72.50	0	13.75	1.25	1.25	0	0	0
1421336950400128786	CPU_4	11.11	0	76.54	0	11.11	1.23	0	0	0	0
1421336951223149305	CPU_4	7.22	0	83.13	0	8.43	0	1.20	0	0	0
1421336952046336699	CPU_4	10.00	0	80.00	0	7.50	1.25	1.25	0	0	0
1421336952869954175	CPU_4	13.75	0	82.50	0	2.50	1.25	0	0	0	0
1421336953629828061	CPU_4	11.84	0	81.57	0	5.26	0	1.31	0	0	0
1421336954385396136	CPU_4	13.88	0	72.22	0	12.50	1.38	0	0	0	0
1421336955179327350	CPU_4	10.25	0	82.05	0	5.12	1.28	1.28	0	0	0
1421336956003471036	CPU_4	15.18	0	79.74	0	3.79	0	1.26	0	0	0
1421336956825664276	CPU_4	13.95	0	74.41	1.16	9.30	1.16	0	0	0	0
1421336957659245500	CPU_4	16.66	0	77.38	0	3.57	1.19	1.19	0	0	0
1421336958445636549	CPU_4	10.12	0	79.74	0	7.59	1.26	1.26	0	0	0
1421336959275763960	CPU_4	13.58	0	74.07	0	12.34	0	0	0	0	0
1421336960027291812	CPU_4	7.89	0	77.63	0	11.84	1.31	1.31	0	0	0
1421336960856178566	CPU_4	12.04	0	77.10	0	8.43	1.20	1.20	0	0	0
1421336961665038046	CPU_4	12.19	0	76.82	0	10.97	0	0	0	0	0
1421336962494157425	CPU_4	18.29	0	76.82	0	2.43	1.21	1.21	0	0	0
1421336963270031367	CPU_4	11.68	0	80.51	0	5.19	1.29	1.29	0	0	0
1421336964105129802	CPU_4	15.47	0	69.04	0	15.47	0	0	0	0	0
1421336964941554647	CPU_4	8.43	0	78.31	0	10.84	1.20	1.20	0	0	0
1421336965766847426	CPU_4	16.27	0	74.41	0	6.97	1.16	1.16	0	0	0
1421336966592166247	CPU_4	10.00	0	86.25	0	3.75	0	0	0	0	0
1421336967359614945	CPU_4	13.51	0	77.02	0	6.75	1.35	1.35	0	0	0
1421336968184233688	CPU_4	14.28	0	73.80	0	9.52	1.19	1.19	0	0	0
1421336969007214066	CPU_4	5.06	0	89.87	0	3.79	1.26	0	0	0	0
1421336969769219962	CPU_4	12.82	0	73.07	0	12.82	0	1.28	0	0	0
1421336970603237036	CPU_4	13.95	0	75.58	0	8.13	1.16	1.16	0	0	0
1421336971387795904	CPU_4	23.68	0	73.68	0	2.63	0	0	0	0	0
1421336972247835640	CPU_4	67.81	0	24.13	0	5.74	1.14	1.14	0	0	0
1421336973092747747	CPU_4	73.80	0	25.00	0	0	1.19	0	0	0	0
1421336973944147321	CPU_4	70.11	0	27.58	0	1.14	0	1.14	0	0	0
1421336974789028347	CPU_4	71.42	0	27.38	0	0	1.19	0	0	0	0
1421336975632977712	CPU_4	69.04	0	23.80	0	5.95	0	1.19	0	0	0
1421336976482970380	CPU_4	74.71	0	22.98	0	1.14	1.14	0	0	0	0
1421336977337883817	CPU_4	66.66	0	28.57	0	3.57	0	1.19	0	0	0
1421336978167866548	CPU_4	69.87	0	27.71	0	1.20	1.20	0	0	0	0
1421336979002322340	CPU_4	73.49	0	25.30	0	0	0	1.20	0	0	0
1421336979857846361	CPU_4	71.76	0	25.88	0	1.17	1.17	0	0	0	0
1421336980709192529	CPU_4	70.93	0	22.09	0	4.65	1.16	1.16	0	0	0
1421336981547319932	CPU_4	70.23	0	29.76	0	0	0	0	0	0	0
1421336982397688358	CPU_4	66.66	0	28.57	0	2.38	1.19	1.19	0	0	0
1421336983238383583	CPU_4	65.47	0	28.57	0	5.95	0	0	0	0	0
1421336984083589828	CPU_4	74.11	0	22.35	0	1.17	1.17	1.17	0	0	0
1421336984933845592	CPU_4	71.42	0	27.38	0	1.19	0	0	0	0	0
1421336985783498942	CPU_4	72.09	0	25.58	0	0	1.16	1.16	0	0	0
1421336986573180804	CPU_4	67.94	0	32.05	0	0	0	0	0	0	0
1421336987432687316	CPU_4	73.25	0	20.93	0	3.48	1.16	1.16	0	0	0
1421336988273966296	CPU_4	73.80	0	25.00	0	1.19	0	0	0	0	0
1421336989123071821	CPU_4	71.26	0	26.43	0	0	1.14	1.14	0	0	0
1421336989977621736	CPU_4	67.85	0	29.76	0	1.19	1.19	0	0	0	0
1421336990819213426	CPU_4	74.11	0	24.70	0	0	0	1.17	0	0	0
1421336991638971436	CPU_4	34.93	0	33.73	0	30.12	1.20	0	0	0	0
1421336992355719630	CPU_4	15.49	0	35.21	0	47.88	0	1.40	0	0	0
1421336993110194093	CPU_4	16.43	0	39.72	0	42.46	1.36	0	0	0	0
1421336993824668384	CPU_4	15.94	0	34.78	0	47.82	1.44	0	0	0	0
1421336994550330911	CPU_4	13.69	0	42.46	0	42.46	1.36	0	0	0	0
1421336995244525097	CPU_4	13.69	0	41.09	0	43.83	0	1.36	0	0	0
1421336995962890662	CPU_4	18.91	0	35.13	0	44.59	1.35	0	0	0	0
1421336996686318869	CPU_4	10.14	0	40.57	0	47.82	1.44	0	0	0	0
1421336997395679357	CPU_4	12.50	0	43.05	0	44.44	0	0	0	0	0
1421336998121274971	CPU_4	17.14	0	35.71	0	44.28	1.42	1.42	0	0	0
1421336998837290677	CPU_4	12.32	0	43.83	0	42.46	1.36	0	0	0	0
1421336999547289997	CPU_4	15.27	0	41.66	0	43.05	0	0	0	0	0
1421337000243366429	CPU_4	15.94	0	36.23	0	46.37	1.44	0	0	0	0
1421337000957541313	CPU_4	16.66	0	34.72	0	45.83	1.38	1.38	0	0	0
1421337001661054668	CPU_4	19.11	0	35.29	0	45.58	0	0	0	0	0
1421337002361408373	CPU_4	18.57	0	34.28	0	45.71	1.42	0	0	0	0
1421337003079092658	CPU_4	18.30	0	36.61	0	43.66	1.40	0	0	0	0
1421337003776051923	CPU_4	16.41	0	35.82	0	46.26	0	1.49	0	0	0
1421337004494164125	CPU_4	13.69	0	38.35	0	46.57	1.36	0	0	0	0
1421337005215052647	CPU_4	16.43	0	39.72	0	42.46	1.36	0	0	0	0
1421337005904426411	CPU_4	17.14	0	37.14	0	44.28	1.42	0	0	0	0
1421337006620943957	CPU_4	16.66	0	38.88	0	43.05	0	1.38	0	0	0
1421337007315570029	CPU_4	16.90	0	36.61	0	45.07	1.40	0	0	0	0
1421337008032389325	CPU_4	16.90	0	38.02	0	43.66	1.40	0	0	0	0
1421337008748350959	CPU_4	16.21	0	36.48	0	45.94	0	1.35	0	0	0
1421337009474921167	CPU_4	17.33	0	40.00	0	41.33	1.33	0	0	0	0
1421337010192759918	CPU_4	15.27	0	38.88	0	44.44	1.38	0	0	0	0
1421337010914819608	CPU_4	15.58	0	44.15	0	40.25	0	0	0	0	0
1421337011630864120	CPU_4	9.33	0	40.00	0	48.00	1.33	1.33	0	0	0
1421337012297275798	CPU_4	4.68	0	18.75	0	75.00	1.56	0	0	0	0
1421337012955222351	CPU_4	4.47	0	22.38	0	73.13	0	0	0	0	0
1421337013644824456	CPU_4	16.41	0	35.82	0	46.26	1.49	0	0	0	0
1421337014359587353	CPU_4	13.69	0	42.46	0	43.83	0	0	0	0	0
1421337015085291196	CPU_4	21.91	0	32.87	0	42.46	1.36	1.36	0	0	0
1421337015802223751	CPU_4	18.91	0	35.13	0	44.59	1.35	0	0	0	0
1421337016526088605	CPU_4	13.88	0	40.27	0	45.83	0	0	0	0	0
1421337017243753491	CPU_4	13.04	0	40.57	0	44.92	1.44	0	0	0	0
1421337017963317660	CPU_4	13.51	0	41.89	0	41.89	1.35	1.35	0	0	0
1421337018688198845	CPU_4	14.08	0	38.02	0	46.47	1.40	0	0	0	0
1421337019408054306	CPU_4	12.85	0	40.00	0	47.14	0	0	0	0	0
1421337020100170030	CPU_4	11.59	0	42.02	0	44.92	1.44	0	0	0	0
1421337020818521250	CPU_4	13.69	0	38.35	0	45.20	1.36	1.36	0	0	0
1421337021540389996	CPU_4	14.86	0	43.24	0	41.89	0	0	0	0	0
1421337022267323300	CPU_4	18.05	0	34.72	0	45.83	1.38	0	0	0	0
1421337022986114562	CPU_4	11.11	0	44.44	0	43.05	1.38	0	0	0	0
1421337023712768369	CPU_4	14.08	0	39.43	0	45.07	0	1.40	0	0	0
1421337024432700960	CPU_4	15.71	0	38.57	0	44.28	1.42	0	0	0	0
1421337025123824779	CPU_4	15.06	0	39.72	0	43.83	1.36	0	0	0	0
1421337025854346153	CPU_4	18.66	0	36.00	0	44.00	0	1.33	0	0	0
1421337026566028746	CPU_4	14.08	0	38.02	0	46.47	1.40	0	0	0	0
1421337027267930222	CPU_4	12.67	0	40.84	0	45.07	1.40	0	0	0	0
1421337027982936175	CPU_4	14.08	0	42.25	0	42.25	1.40	0	0	0	0
1421337028697670006	CPU_4	16.43	0	36.98	0	45.20	0	1.36	0	0	0
1421337029423564532	CPU_4	16.66	0	38.88	0	43.05	1.38	0	0	0	0
1421337030143319965	CPU_4	16.43	0	39.72	0	42.46	1.36	0	0	0	0
1421337030869973364	CPU_4	12.67	0	40.84	0	46.47	0	0	0	0	0
1421337031590038088	CPU_4	16.21	0	35.13	0	45.94	1.35	1.35	0	0	0
1421337032304509549	CPU_4	15.49	0	38.02	0	45.07	1.40	0	0	0	0
1421337033033570688	CPU_4	19.44	0	37.50	0	43.05	0	0	0	0	0
1421337033752311672	CPU_4	12.85	0	41.42	0	44.28	1.42	0	0	0	0
1421337034482561349	CPU_4	16.88	0	35.06	0	44.15	1.29	2.59	0	0	0
1421337035202300746	CPU_4	10.81	0	45.94	0	41.89	1.35	0	0	0	0
1421337035922996722	CPU_4	12.67	0	42.25	0	45.07	0	0	0	0	0
1421337036639574178	CPU_4	15.71	0	37.14	0	45.71	1.42	0	0	0	0
1421337037336161233	CPU_4	13.04	0	40.57	0	44.92	1.44	0	0	0	0
1421337038056242381	CPU_4	15.06	0	43.83	0	41.09	0	0	0	0	0
1421337038752719272	CPU_4	13.88	0	41.66	0	43.05	1.38	0	0	0	0
1421337039473001296	CPU_4	16.21	0	37.83	0	44.59	1.35	0	0	0	0
1421337040177416608	CPU_4	10.60	0	40.90	0	46.96	0	1.51	0	0	0
1421337040898275547	CPU_4	11.42	0	38.57	0	48.57	1.42	0	0	0	0
1421337041622357180	CPU_4	11.42	0	42.85	0	44.28	1.42	0	0	0	0
1421337042335834449	CPU_4	11.26	0	42.25	0	46.47	0	0	0	0	0
1421337043053595073	CPU_4	10.95	0	45.20	0	41.09	1.36	1.36	0	0	0
1421337043780868609	CPU_4	9.45	0	44.59	0	44.59	1.35	0	0	0	0
1421337044499665938	CPU_4	17.10	0	40.78	0	40.78	1.31	0	0	0	0
1421337045227541306	CPU_4	14.08	0	39.43	0	46.47	0	0	0	0	0
1421337045944911185	CPU_4	12.16	0	43.24	0	41.89	1.35	1.35	0	0	0
1421337046664893928	CPU_4	12.16	0	41.89	0	44.59	1.35	0	0	0	0
1421337047360753914	CPU_4	14.28	0	40.00	0	45.71	0	0	0	0	0
1421337048076881219	CPU_4	16.21	0	39.18	0	41.89	1.35	1.35	0	0	0
1421337048800739486	CPU_4	12.67	0	39.43	0	46.47	1.40	0	0	0	0
1421337049519479779	CPU_4	13.33	0	45.33	0	41.33	0	0	0	0	0
1421337050239375401	CPU_4	19.17	0	36.98	0	42.46	1.36	0	0	0	0
1421337050955223960	CPU_4	15.49	0	35.21	0	46.47	1.40	1.40	0	0	0
1421337051675210333	CPU_4	8.45	0	43.66	0	47.88	0	0	0	0	0
1421337052406814858	CPU_4	16.21	0	39.18	0	43.24	1.35	0	0	0	0
1421337053126572400	CPU_4	15.06	0	41.09	0	42.46	1.36	0	0	0	0
1421337053846686191	CPU_4	10.95	0	43.83	0	42.46	1.36	1.36	0	0	0
1421337054558875689	CPU_4	16.43	0	41.09	0	42.46	0	0	0	0	0
1421337055278298652	CPU_4	12.32	0	41.09	0	45.20	1.36	0	0	0	0
1421337055999766315	CPU_4	12.85	0	40.00	0	45.71	1.42	0	0	0	0
1421337056715356840	CPU_4	14.49	0	36.23	0	47.82	0	1.44	0	0	0
1421337057434479890	CPU_4	9.45	0	47.29	0	41.89	1.35	0	0	0	0
1421337058156490469	CPU_4	15.06	0	41.09	0	42.46	1.36	0	0	0	0
1421337058876960764	CPU_4	12.00	0	45.33	0	41.33	1.33	0	0	0	0
1421337059605835728	CPU_4	13.69	0	39.72	0	45.20	0	1.36	0	0	0
1421337060302441892	CPU_4	12.85	0	40.00	0	45.71	1.42	0	0	0	0
1421337061020776908	CPU_4	17.80	0	36.98	0	43.83	1.36	0	0	0	0
1421337061746846096	CPU_4	20.28	0	34.78	0	44.92	0	0	0	0	0
1421337062463420623	CPU_4	14.08	0	39.43	0	43.66	1.40	1.40	0	0	0
1421337063184619545	CPU_4	16.21	0	39.18	0	43.24	1.35	0	0	0	0
1421337063892786657	CPU_4	17.14	0	40.00	0	42.85	0	0	0	0	0
1421337064614538994	CPU_4	10.95	0	42.46	0	45.20	1.36	0	0	0	0
1421337065342990924	CPU_4	16.90	0	33.80	0	46.47	1.40	1.40	0	0	0
1421337066060688616	CPU_4	14.86	0	41.89	0	41.89	1.35	0	0	0	0
1421337066752621519	CPU_4	13.43	0	38.80	0	47.76	0	0	0	0	0
1421337067454359874	CPU_4	15.27	0	40.27	0	43.05	1.38	0	0	0	0
1421337068173370187	CPU_4	16.00	0	40.00	0	41.33	1.33	1.33	0	0	0
1421337068903039366	CPU_4	13.51	0	41.89	0	44.59	0	0	0	0	0
1421337069618818113	CPU_4	14.08	0	39.43	0	45.07	1.40	0	0	0	0
1421337070342377531	CPU_4	19.17	0	35.61	0	43.83	1.36	0	0	0	0
1421337071037456048	CPU_4	17.39	0	36.23	0	44.92	0	1.44	0	0	0
1421337071757864317	CPU_4	15.06	0	38.35	0	45.20	1.36	0	0	0	0
1421337072484354806	CPU_4	14.86	0	41.89	0	41.89	1.35	0	0	0	0
1421337073204826451	CPU_4	15.71	0	40.00	0	44.28	0	0	0	0	0
1421337073929486076	CPU_4	19.40	0	29.85	0	47.76	1.49	1.49	0	0	0
1421337074647924816	CPU_4	17.80	0	35.61	0	45.20	1.36	0	0	0	0
1421337075367662759	CPU_4	15.49	0	39.43	0	43.66	1.40	0	0	0	0
1421337076065985099	CPU_4	20.00	0	34.28	0	45.71	0	0	0	0	0
1421337076785186254	CPU_4	13.69	0	38.35	0	45.20	1.36	1.36	0	0	0
1421337077506546524	CPU_4	15.06	0	38.35	0	45.20	1.36	0	0	0	0
1421337078223225902	CPU_4	13.88	0	43.05	0	43.05	0	0	0	0	0
1421337078942193560	CPU_4	10.81	0	47.29	0	40.54	1.35	0	0	0	0
1421337079643556264	CPU_4	17.14	0	35.71	0	44.28	1.42	1.42	0	0	0
1421337080364530457	CPU_4	15.49	0	38.02	0	46.47	0	0	0	0	0
1421337081082823829	CPU_4	17.33	0	38.66	0	42.66	1.33	0	0	0	0
1421337081804486270	CPU_4	15.71	0	35.71	0	47.14	1.42	0	0	0	0
1421337082523670890	CPU_4	18.91	0	37.83	0	41.89	0	1.35	0	0	0
1421337083254500329	CPU_4	18.42	0	39.47	0	40.78	1.31	0	0	0	0
1421337083975942856	CPU_4	14.86	0	39.18	0	44.59	1.35	0	0	0	0
1421337084704225393	CPU_4	12.00	0	42.66	0	44.00	0	1.33	0	0	0
1421337085425869670	CPU_4	14.86	0	39.18	0	44.59	1.35	0	0	0	0
1421337086146403788	CPU_4	9.58	0	43.83	0	45.20	1.36	0	0	0	0
1421337086874870409	CPU_4	14.66	0	41.33	1.33	41.33	1.33	0	0	0	0
1421337087595712944	CPU_4	13.88	0	40.27	0	44.44	0	1.38	0	0	0
1421337088323091863	CPU_4	10.95	0	43.83	0	43.83	1.36	0	0	0	0
1421337089047146633	CPU_4	13.69	0	41.09	0	43.83	1.36	0	0	0	0
1421337089767653547	CPU_4	16.66	0	40.27	0	43.05	0	0	0	0	0
1421337090474873192	CPU_4	10.81	0	44.59	0	41.89	1.35	1.35	0	0	0
1421337091194502736	CPU_4	20.27	0	36.48	0	41.89	1.35	0	0	0	0
1421337091890835269	CPU_4	17.39	0	36.23	0	44.92	1.44	0	0	0	0
1421337092611992308	CPU_4	12.16	0	43.24	0	44.59	0	0	0	0	0
1421337093328921617	CPU_4	19.71	0	33.80	0	43.66	1.40	1.40	0	0	0
1421337094058435658	CPU_4	13.69	0	41.09	0	43.83	1.36	0	0	0	0
1421337094779980572	CPU_4	11.11	0	41.66	0	47.22	0	0	0	0	0
1421337095509830030	CPU_4	15.06	0	38.35	0	45.20	1.36	0	0	0	0
1421337096230520741	CPU_4	16.66	0	37.50	0	43.05	1.38	1.38	0	0	0
1421337096947724678	CPU_4	15.27	0	38.88	0	45.83	0	0	0	0	0
1421337097658106316	CPU_4	10.95	0	42.46	0	45.20	1.36	0	0	0	0
1421337098374762591	CPU_4	19.11	0	35.29	0	44.11	1.47	0	0	0	0
1421337099103927264	CPU_4	19.17	0	34.24	0	45.20	0	1.36	0	0	0
1421337099821134746	CPU_4	13.88	0	41.66	0	43.05	1.38	0	0	0	0
1421337100544399908	CPU_4	16.90	0	35.21	0	46.47	1.40	0	0	0	0
1421337101268458066	CPU_4	13.69	0	41.09	0	42.46	1.36	1.36	0	0	0
1421337101988676036	CPU_4	12.67	0	40.84	0	46.47	0	0	0	0	0
1421337102708162385	CPU_4	20.54	0	35.61	0	42.46	1.36	0	0	0	0
1421337103419242484	CPU_4	15.06	0	39.72	0	43.83	1.36	0	0	0	0
1421337104143344187	CPU_4	14.08	0	38.02	0	46.47	0	1.40	0	0	0
1421337104860600508	CPU_4	14.86	0	41.89	0	41.89	1.35	0	0	0	0
1421337105580481650	CPU_4	13.88	0	38.88	0	45.83	1.38	0	0	0	0
1421337106304540773	CPU_4	13.69	0	41.09	0	45.20	0	0	0	0	0
1421337107019770855	CPU_4	13.88	0	41.66	0	41.66	1.38	1.38	0	0	0
1421337107709642686	CPU_4	18.84	0	33.33	0	46.37	1.44	0	0	0	0
1421337108434458808	CPU_4	21.73	0	33.33	0	43.47	1.44	0	0	0	0
1421337109156625484	CPU_4	19.44	0	34.72	0	45.83	0	0	0	0	0
1421337109880315362	CPU_4	13.69	0	39.72	0	43.83	1.36	1.36	0	0	0
1421337110602840247	CPU_4	20.83	0	34.72	0	43.05	1.38	0	0	0	0
1421337111325925505	CPU_4	13.88	0	40.27	0	45.83	0	0	0	0	0
1421337112048417933	CPU_4	17.80	0	36.98	1.36	42.46	1.36	0	0	0	0
1421337112767473545	CPU_4	20.00	0	30.00	0	47.14	1.42	1.42	0	0	0
1421337113493606791	CPU_4	13.69	0	43.83	0	42.46	0	0	0	0	0
1421337114210918746	CPU_4	16.66	0	36.11	0	45.83	1.38	0	0	0	0
1421337114937924239	CPU_4	14.86	0	39.18	0	44.59	1.35	0	0	0	0
1421337115652503376	CPU_4	13.04	0	37.68	0	47.82	0	1.44	0	0	0
1421337116373105776	CPU_4	17.14	0	38.57	0	42.85	1.42	0	0	0	0
1421337117083448893	CPU_4	13.51	0	40.54	0	44.59	1.35	0	0	0	0
1421337117803865545	CPU_4	18.05	0	36.11	0	44.44	1.38	0	0	0	0
1421337118528933927	CPU_4	15.27	0	40.27	0	43.05	0	1.38	0	0	0
1421337119243569192	CPU_4	18.57	0	32.85	0	47.14	1.42	0	0	0	0
1421337119963431016	CPU_4	13.88	0	43.05	0	41.66	1.38	0	0	0	0
1421337120667769541	CPU_4	14.86	0	43.24	0	41.89	0	0	0	0	0
1421337121387249160	CPU_4	15.94	0	33.33	0	47.82	1.44	1.44	0	0	0
1421337122110348763	CPU_4	18.05	0	38.88	0	41.66	1.38	0	0	0	0
1421337122824806866	CPU_4	13.69	0	43.83	0	42.46	0	0	0	0	0
1421337123522959674	CPU_4	19.11	0	32.35	0	45.58	1.47	1.47	0	0	0
1421337124250658715	CPU_4	11.26	0	43.66	0	43.66	1.40	0	0	0	0
1421337124971452707	CPU_4	14.28	0	37.14	0	47.14	1.42	0	0	0	0
1421337125697221926	CPU_4	15.38	0	44.87	0	39.74	0	0	0	0	0
1421337126417621505	CPU_4	12.16	0	39.18	0	45.94	1.35	1.35	0	0	0
1421337127138851497	CPU_4	14.08	0	39.43	0	45.07	1.40	0	0	0	0
1421337127862747018	CPU_4	14.49	0	40.57	0	44.92	0	0	0	0	0
1421337128584818258	CPU_4	15.49	0	39.43	0	43.66	1.40	0	0	0	0
1421337129289084042	CPU_4	12.32	0	42.46	0	42.46	1.36	1.36	0	0	0
1421337130010502995	CPU_4	15.27	0	37.50	0	47.22	0	0	0	0	0
1421337130732305613	CPU_4	14.66	0	41.33	0	42.66	1.33	0	0	0	0
1421337131459770913	CPU_4	13.69	0	39.72	0	45.20	1.36	0	0	0	0
1421337132156304487	CPU_4	13.88	0	38.88	1.38	43.05	1.38	1.38	0	0	0
1421337132883033626	CPU_4	16.66	0	40.27	0	43.05	0	0	0	0	0
1421337133604229250	CPU_4	13.88	0	38.88	0	45.83	1.38	0	0	0	0
1421337134322561430	CPU_4	14.47	0	43.42	0	40.78	1.31	0	0	0	0
1421337135044907592	CPU_4	15.49	0	39.43	0	43.66	0	1.40	0	0	0
1421337135761947988	CPU_4	18.30	0	33.80	0	46.47	1.40	0	0	0	0
1421337136481469915	CPU_4	13.51	0	40.54	0	44.59	1.35	0	0	0	0
1421337137201301216	CPU_4	18.84	0	37.68	0	43.47	0	0	0	0	0
1421337137901978860	CPU_4	16.43	0	36.98	0	43.83	1.36	1.36	0	0	0
1421337138632288779	CPU_4	18.30	0	36.61	0	43.66	1.40	0	0	0	0
1421337139352356540	CPU_4	15.27	0	37.50	0	45.83	1.38	0	0	0	0
1421337140079440934	CPU_4	14.28	0	40.00	0	44.28	0	1.42	0	0	0
1421337140801003731	CPU_4	14.86	0	39.18	0	44.59	1.35	0	0	0	0
1421337141519253044	CPU_4	14.86	0	41.89	0	41.89	1.35	0	0	0	0
1421337142217278788	CPU_4	14.92	0	38.80	0	46.26	0	0	0	0	0
1421337142933932652	CPU_4	13.33	0	42.66	0	41.33	1.33	1.33	0	0	0
1421337143664248493	CPU_4	17.56	0	37.83	0	43.24	1.35	0	0	0	0
1421337144384569550	CPU_4	15.94	0	36.23	0	47.82	0	0	0	0	0
1421337145105182480	CPU_4	17.80	0	35.61	0	45.20	1.36	0	0	0	0
1421337145832724795	CPU_4	14.66	0	38.66	0	44.00	1.33	1.33	0	0	0
1421337146552188650	CPU_4	14.49	0	39.13	0	44.92	1.44	0	0	0	0
1421337147279406635	CPU_4	13.51	0	43.24	0	43.24	0	0	0	0	0
1421337148000589191	CPU_4	15.06	0	39.72	0	43.83	1.36	0	0	0	0
1421337148722636243	CPU_4	16.66	0	36.11	0	44.44	1.38	1.38	0	0	0
1421337149454046835	CPU_4	15.49	0	40.84	0	43.66	0	0	0	0	0
1421337150172105700	CPU_4	15.06	0	38.35	0	45.20	1.36	0	0	0	0
1421337150902238467	CPU_4	20.00	0	34.28	0	44.28	1.42	0	0	0	0
1421337151623853524	CPU_4	18.05	0	34.72	0	45.83	0	1.38	0	0	0
1421337152326570590	CPU_4	12.50	0	40.27	1.38	44.44	1.38	0	0	0	0
1421337153052884085	CPU_4	14.66	0	42.66	0	41.33	1.33	0	0	0	0
1421337153772233031	CPU_4	16.43	0	38.35	0	45.20	0	0	0	0	0
1421337154500684684	CPU_4	15.49	0	36.61	0	45.07	1.40	1.40	0	0	0
1421337155223384365	CPU_4	15.49	0	39.43	0	43.66	1.40	0	0	0	0
1421337155921476414	CPU_4	16.17	0	35.29	0	47.05	1.47	0	0	0	0
1421337156644022348	CPU_4	20.83	0	33.33	0	45.83	0	0	0	0	0
1421337157364063169	CPU_4	16.21	0	36.48	0	44.59	1.35	1.35	0	0	0
1421337158093735695	CPU_4	17.56	0	39.18	0	41.89	1.35	0	0	0	0
1421337158811376529	CPU_4	15.49	0	42.25	0	42.25	0	0	0	0	0
1421337159507044219	CPU_4	8.00	0	48.00	0	42.66	1.33	0	0	0	0
1421337160229812280	CPU_4	11.26	0	39.43	0	46.47	1.40	1.40	0	0	0
1421337160952340010	CPU_4	8.00	0	48.00	0	44.00	0	0	0	0	0
1421337161668881311	CPU_4	15.27	0	40.27	0	43.05	1.38	0	0	0	0
1421337162373586335	CPU_4	15.49	0	39.43	0	43.66	1.40	0	0	0	0
1421337163104695068	CPU_4	15.06	0	39.72	0	42.46	1.36	1.36	0	0	0
1421337163822140866	CPU_4	12.50	0	41.66	0	45.83	0	0	0	0	0
1421337164541848822	CPU_4	13.04	0	37.68	0	47.82	1.44	0	0	0	0
1421337165272051561	CPU_4	13.69	0	38.35	0	45.20	1.36	1.36	0	0	0
1421337165994073965	CPU_4	17.64	0	33.82	0	48.52	0	0	0	0	0
1421337166722111883	CPU_4	17.10	0	42.10	0	39.47	1.31	0	0	0	0
1421337167419401739	CPU_4	18.57	0	32.85	0	47.14	1.42	0	0	0	0
1421337168142409266	CPU_4	18.05	0	37.50	0	43.05	0	1.38	0	0	0
1421337168872634842	CPU_4	12.32	0	42.46	0	43.83	1.36	0	0	0	0
1421337169586348039	CPU_4	13.69	0	42.46	0	42.46	1.36	0	0	0	0
1421337170299313699	CPU_4	20.58	0	33.82	0	45.58	0	0	0	0	0
1421337171008809793	CPU_4	13.51	0	39.18	0	44.59	1.35	1.35	0	0	0
1421337171732523611	CPU_4	16.00	0	38.66	0	44.00	1.33	0	0	0	0
1421337172458880918	CPU_4	15.27	0	37.50	0	45.83	1.38	0	0	0	0
1421337173182625821	CPU_4	14.28	0	41.42	0	44.28	0	0	0	0	0
1421337173912469613	CPU_4	16.21	0	36.48	0	44.59	1.35	1.35	0	0	0
1421337174630688919	CPU_4	14.28	0	40.00	0	44.28	1.42	0	0	0	0
1421337175352854624	CPU_4	18.05	0	36.11	0	45.83	0	0	0	0	0
1421337176083306456	CPU_4	15.06	0	38.35	0	45.20	1.36	0	0	0	0
1421337176805394538	CPU_4	16.43	0	35.61	0	45.20	1.36	1.36	0	0	0
1421337177527852035	CPU_4	16.21	0	41.89	0	41.89	0	0	0	0	0
1421337178250867030	CPU_4	15.49	0	39.43	0	43.66	1.40	0	0	0	0
1421337178983470022	CPU_4	17.33	0	40.00	0	41.33	1.33	0	0	0	0
1421337179673923048	CPU_4	16.17	0	35.29	0	45.58	1.47	1.47	0	0	0
1421337180370964127	CPU_4	18.05	0	38.88	0	43.05	0	0	0	0	0
1421337181100271845	CPU_4	14.86	0	37.83	0	45.94	1.35	0	0	0	0
1421337181820928105	CPU_4	15.27	0	38.88	0	44.44	1.38	0	0	0	0
1421337182542590195	CPU_4	15.27	0	41.66	0	41.66	0	1.38	0	0	0
1421337183272187247	CPU_4	18.91	0	37.83	0	41.89	1.35	0	0	0	0
1421337183990024523	CPU_4	17.14	0	34.28	0	47.14	1.42	0	0	0	0
1421337184721199569	CPU_4	10.95	0	43.83	0	42.46	1.36	1.36	0	0	0
1421337185437874727	CPU_4	16.90	0	36.61	0	46.47	0	0	0	0	0
1421337186170648767	CPU_4	16.21	0	37.83	0	44.59	1.35	0	0	0	0
1421337186887454759	CPU_4	16.43	0	36.98	0	45.20	1.36	0	0	0	0
1421337187610986469	CPU_4	15.49	0	39.43	0	43.66	0	1.40	0	0	0
1421337188342357935	CPU_4	16.43	0	39.72	0	42.46	1.36	0	0	0	0
1421337189064770528	CPU_4	11.42	0	40.00	0	47.14	1.42	0	0	0	0
1421337189795766664	CPU_4	15.94	0	36.23	0	47.82	0	0	0	0	0
1421337190517510511	CPU_4	12.00	0	42.66	0	42.66	1.33	1.33	0	0	0
1421337191232020726	CPU_4	20.28	0	33.33	0	44.92	1.44	0	0	0	0
1421337191937735900	CPU_4	14.28	0	40.00	0	44.28	1.42	0	0	0	0
1421337192648918382	CPU_4	9.85	0	45.07	0	45.07	0	0	0	0	0
1421337193375008378	CPU_4	16.43	0	38.35	0	42.46	1.36	1.36	0	0	0
1421337194097376101	CPU_4	13.88	0	38.88	0	45.83	1.38	0	0	0	0
1421337194815148721	CPU_4	15.49	0	40.84	0	43.66	0	0	0	0	0
1421337195547327149	CPU_4	13.51	0	40.54	0	44.59	1.35	0	0	0	0
1421337196266374681	CPU_4	20.83	0	33.33	0	43.05	1.38	1.38	0	0	0
1421337196977604667	CPU_4	10.44	0	41.79	0	47.76	0	0	0	0	0
1421337197696419743	CPU_4	18.30	0	33.80	0	46.47	1.40	0	0	0	0
1421337198417882016	CPU_4	17.14	0	37.14	0	44.28	1.42	0	0	0	0
1421337199137929088	CPU_4	11.59	0	40.57	0	44.92	1.44	1.44	0	0	0
1421337199848886370	CPU_4	13.04	0	39.13	0	47.82	0	0	0	0	0
1421337200579112854	CPU_4	16.43	0	39.72	0	42.46	1.36	0	0	0	0
1421337201275634413	CPU_4	20.89	0	31.34	0	46.26	1.49	0	0	0	0
1421337201997787770	CPU_4	16.88	0	33.76	1.29	42.85	3.89	1.29	0	0	0
1421337202726646054	CPU_4	18.91	0	39.18	0	41.89	0	0	0	0	0
1421337203448065790	CPU_4	12.50	0	41.66	0	45.83	0	0	0	0	0
1421337204178839067	CPU_4	13.69	0	42.46	0	42.46	0	1.36	0	0	0
1421337204871354774	CPU_4	22.72	0	30.30	0	46.96	0	0	0	0	0
1421337205597433491	CPU_4	13.51	0	40.54	0	44.59	1.35	0	0	0	0
1421337206323132210	CPU_4	16.43	0	38.35	0	45.20	0	0	0	0	0
1421337207048365432	CPU_4	16.43	0	35.61	0	45.20	1.36	1.36	0	0	0
1421337207780145624	CPU_4	14.08	0	42.25	0	42.25	1.40	0	0	0	0
1421337208499384959	CPU_4	16.90	0	38.02	0	43.66	1.40	0	0	0	0
1421337209213913692	CPU_4	12.32	0	42.46	0	45.20	0	0	0	0	0
1421337209936780594	CPU_4	10.81	0	43.24	0	43.24	1.35	1.35	0	0	0
1421337210656205847	CPU_4	18.91	0	35.13	0	44.59	1.35	0	0	0	0
1421337211386628176	CPU_4	16.21	0	39.18	0	44.59	0	0	0	0	0
1421337212117309239	CPU_4	18.18	0	41.55	0	38.96	1.29	0	0	0	0
1421337212852562827	CPU_4	14.86	0	40.54	0	41.89	1.35	1.35	0	0	0
1421337213578933904	CPU_4	19.17	0	39.72	0	41.09	0	0	0	0	0
1421337214306740975	CPU_4	16.66	0	39.74	0	42.30	1.28	0	0	0	0
1421337215040451736	CPU_4	16.00	0	42.66	0	40.00	1.33	0	0	0	0
1421337215742781224	CPU_4	15.06	0	41.09	0	41.09	1.36	1.36	0	0	0
1421337216477519482	CPU_4	10.81	0	45.94	0	43.24	0	0	0	0	0
1421337217207148880	CPU_4	20.27	0	35.13	0	43.24	1.35	0	0	0	0
1421337217940351684	CPU_4	16.43	0	39.72	0	42.46	1.36	0	0	0	0
1421337218670400040	CPU_4	18.66	0	41.33	0	38.66	0	1.33	0	0	0
1421337219393511252	CPU_4	17.80	0	36.98	0	43.83	1.36	0	0	0	0
1421337220132950119	CPU_4	20.00	0	38.66	0	40.00	1.33	0	0	0	0
1421337220861291189	CPU_4	19.17	0	35.61	0	43.83	0	1.36	0	0	0
1421337221593762787	CPU_4	22.78	0	37.97	0	37.97	1.26	0	0	0	0
1421337222323995600	CPU_4	14.66	0	40.00	1.33	42.66	1.33	0	0	0	0
1421337223051892338	CPU_4	16.00	0	42.66	0	40.00	1.33	0	0	0	0
1421337223785119600	CPU_4	17.56	0	41.89	0	39.18	0	1.35	0	0	0
1421337224490093330	CPU_4	16.00	0	41.33	0	41.33	1.33	0	0	0	0
1421337225227361537	CPU_4	16.00	0	40.00	0	42.66	1.33	0	0	0	0
1421337225957484560	CPU_4	15.27	0	40.27	0	44.44	0	0	0	0	0
1421337226690150532	CPU_4	18.42	0	36.84	0	42.10	1.31	1.31	0	0	0
1421337227399826830	CPU_4	20.54	0	34.24	0	43.83	1.36	0	0	0	0
1421337228129323812	CPU_4	18.05	0	38.88	0	41.66	1.38	0	0	0	0
1421337228868450139	CPU_4	16.00	0	41.33	0	42.66	0	0	0	0	0
1421337229586974074	CPU_4	15.78	0	40.78	0	40.78	1.31	1.31	0	0	0
1421337230324440947	CPU_4	17.10	0	42.10	0	39.47	1.31	0	0	0	0
1421337231022129492	CPU_4	18.57	0	38.57	0	42.85	0	0	0	0	0
1421337231751814516	CPU_4	20.00	0	37.33	0	40.00	1.33	1.33	0	0	0
1421337232457745701	CPU_4	20.54	0	36.98	0	41.09	1.36	0	0	0	0
1421337233183172364	CPU_4	16.66	0	41.66	0	41.66	0	0	0	0	0
1421337233919106200	CPU_4	16.21	0	39.18	0	43.24	1.35	0	0	0	0
1421337234645424152	CPU_4	18.42	0	39.47	0	39.47	1.31	1.31	0	0	0
1421337235335991345	CPU_4	16.41	0	34.32	0	49.25	0	0	0	0	0
1421337236071476142	CPU_4	17.56	0	39.18	0	41.89	1.35	0	0	0	0
1421337236800402959	CPU_4	16.88	0	42.85	0	38.96	1.29	0	0	0	0
1421337237530946564	CPU_4	15.58	0	40.25	0	41.55	1.29	1.29	0	0	0
1421337238255278188	CPU_4	21.62	0	37.83	0	40.54	0	0	0	0	0
1421337238988441909	CPU_4	15.06	0	41.09	0	42.46	1.36	0	0	0	0
1421337239713395490	CPU_4	16.43	0	39.72	0	42.46	1.36	0	0	0	0
1421337240440565897	CPU_4	18.91	0	36.48	0	43.24	0	1.35	0	0	0
1421337241170660252	CPU_4	17.10	0	42.10	0	39.47	1.31	0	0	0	0
1421337241898801698	CPU_4	17.33	0	38.66	0	42.66	1.33	0	0	0	0
1421337242628804012	CPU_4	21.62	0	35.13	0	41.89	1.35	0	0	0	0
1421337243359552616	CPU_4	21.91	0	36.98	0	39.72	0	1.36	0	0	0
1421337244056678329	CPU_4	13.69	0	42.46	0	42.46	1.36	0	0	0	0
1421337244795660114	CPU_4	15.78	0	42.10	0	40.78	1.31	0	0	0	0
1421337245491340124	CPU_4	16.21	0	40.54	0	41.89	0	1.35	0	0	0
1421337246228589665	CPU_4	18.42	0	38.15	0	42.10	1.31	0	0	0	0
1421337246955104366	CPU_4	19.48	0	40.25	0	38.96	1.29	0	0	0	0
1421337247689395291	CPU_4	18.91	0	40.54	0	40.54	0	0	0	0	0
1421337248426363499	CPU_4	17.33	0	40.00	0	40.00	1.33	1.33	0	0	0
1421337249153423406	CPU_4	17.10	0	39.47	0	42.10	1.31	0	0	0	0
1421337249891336986	CPU_4	18.66	0	38.66	0	41.33	1.33	0	0	0	0
1421337250610935793	CPU_4	18.91	0	40.54	0	40.54	0	0	0	0	0
1421337251336590330	CPU_4	17.56	0	39.18	0	40.54	1.35	1.35	0	0	0
1421337252031595800	CPU_4	17.80	0	36.98	1.36	42.46	1.36	0	0	0	0
1421337252727593018	CPU_4	18.05	0	40.27	0	41.66	0	0	0	0	0
1421337253466380928	CPU_4	18.42	0	40.78	0	39.47	1.31	0	0	0	0
1421337254197510780	CPU_4	18.42	0	36.84	0	42.10	1.31	1.31	0	0	0
1421337254929630921	CPU_4	20.27	0	39.18	0	40.54	0	0	0	0	0
1421337255659961901	CPU_4	14.86	0	39.18	0	44.59	1.35	0	0	0	0
1421337256388141763	CPU_4	16.88	0	40.25	0	40.25	1.29	1.29	0	0	0
1421337257125295304	CPU_4	15.78	0	39.47	0	43.42	1.31	0	0	0	0
1421337257844490737	CPU_4	18.91	0	41.89	0	39.18	0	0	0	0	0
1421337258579467535	CPU_4	17.56	0	40.54	0	40.54	1.35	0	0	0	0
1421337259309381932	CPU_4	19.23	0	39.74	0	38.46	1.28	1.28	0	0	0
1421337260025971832	CPU_4	17.80	0	39.72	0	42.46	0	0	0	0	0
1421337260736680293	CPU_4	22.22	0	33.33	0	43.05	1.38	0	0	0	0
1421337261469445598	CPU_4	16.21	0	39.18	0	43.24	1.35	0	0	0	0
1421337262205150727	CPU_4	21.62	0	36.48	0	40.54	0	1.35	0	0	0
1421337262913744320	CPU_4	16.90	0	39.43	0	42.25	1.40	0	0	0	0
1421337263651828774	CPU_4	19.73	0	39.47	0	39.47	1.31	0	0	0	0
1421337264384142498	CPU_4	15.78	0	40.78	0	42.10	1.31	0	0	0	0
1421337265109461994	CPU_4	18.66	0	40.00	0	40.00	0	1.33	0	0	0
1421337265856373669	CPU_4	17.10	0	38.15	0	43.42	1.31	0	0	0	0
1421337266578926675	CPU_4	20.77	0	38.96	0	38.96	1.29	0	0	0	0
1421337267285875231	CPU_4	17.56	0	40.54	0	40.54	0	1.35	0	0	0
1421337268016278086	CPU_4	21.33	0	37.33	0	40.00	1.33	0	0	0	0
1421337268750714885	CPU_4	14.28	0	42.85	0	41.55	1.29	0	0	0	0
1421337269483392857	CPU_4	17.56	0	37.83	0	43.24	1.35	0	0	0	0
1421337270209161894	CPU_4	15.78	0	39.47	0	43.42	0	1.31	0	0	0
1421337270946115102	CPU_4	17.10	0	42.10	0	39.47	1.31	0	0	0	0
1421337271649495545	CPU_4	13.69	0	43.83	0	41.09	1.36	0	0	0	0
1421337272382882640	CPU_4	21.33	0	37.33	0	41.33	0	0	0	0	0
1421337273112821537	CPU_4	15.27	0	40.27	0	41.66	1.38	1.38	0	0	0
1421337273839615529	CPU_4	16.66	0	40.27	0	41.66	1.38	0	0	0	0
1421337274543577803	CPU_4	16.66	0	41.66	0	41.66	0	0	0	0	0
1421337275272591496	CPU_4	17.80	0	35.61	0	45.20	1.36	0	0	0	0
1421337276013860148	CPU_4	15.27	0	38.88	0	43.05	1.38	1.38	0	0	0
1421337276743340464	CPU_4	18.91	0	37.83	0	43.24	0	0	0	0	0
1421337277467754171	CPU_4	14.66	0	40.00	0	44.00	1.33	0	0	0	0
1421337278204658713	CPU_4	20.00	0	38.66	0	40.00	1.33	0	0	0	0
1421337278930328291	CPU_4	16.00	0	41.33	0	40.00	1.33	1.33	0	0	0
1421337279669601200	CPU_4	17.10	0	40.78	0	42.10	0	0	0	0	0
1421337280391839956	CPU_4	14.86	0	41.89	0	41.89	1.35	0	0	0	0
1421337281115448917	CPU_4	13.51	0	43.24	0	40.54	1.35	1.35	0	0	0
1421337281821484893	CPU_4	17.80	0	41.09	0	41.09	0	0	0	0	0
1421337282516469363	CPU_4	15.27	0	40.27	0	43.05	1.38	0	0	0	0
1421337283252402908	CPU_4	15.18	0	45.56	0	37.97	1.26	0	0	0	0
1421337283972638629	CPU_4	22.97	0	33.78	0	40.54	1.35	1.35	0	0	0
1421337284686382372	CPU_4	20.00	0	40.00	0	40.00	0	0	0	0	0
1421337285409092335	CPU_4	18.18	0	38.96	0	41.55	1.29	0	0	0	0
1421337286114070689	CPU_4	14.28	0	40.00	0	44.28	1.42	0	0	0	0
1421337286853609139	CPU_4	18.91	0	37.83	0	41.89	0	1.35	0	0	0
1421337287578587803	CPU_4	19.48	0	38.96	0	40.25	1.29	0	0	0	0
1421337288298170401	CPU_4	15.71	0	40.00	0	42.85	1.42	0	0	0	0
1421337289028098882	CPU_4	19.17	0	39.72	0	41.09	0	0	0	0	0
1421337289760992978	CPU_4	14.86	0	39.18	0	43.24	1.35	1.35	0	0	0
1421337290500005221	CPU_4	13.15	0	43.42	0	42.10	1.31	0	0	0	0
1421337291228989455	CPU_4	14.08	0	43.66	0	42.25	0	0	0	0	0
1421337291965378790	CPU_4	12.82	0	42.30	0	42.30	1.28	1.28	0	0	0
1421337292694295900	CPU_4	18.66	0	40.00	0	40.00	1.33	0	0	0	0
1421337293432418937	CPU_4	19.44	0	36.11	0	43.05	1.38	0	0	0	0
1421337294158088057	CPU_4	19.17	0	35.61	0	45.20	0	0	0	0	0
1421337294891253611	CPU_4	14.86	0	41.89	0	40.54	1.35	1.35	0	0	0
1421337295626233408	CPU_4	18.66	0	37.33	0	42.66	1.33	0	0	0	0
1421337296354893560	CPU_4	17.80	0	41.09	0	41.09	0	0	0	0	0
1421337297062931446	CPU_4	16.21	0	37.83	1.35	43.24	1.35	0	0	0	0
1421337297787569195	CPU_4	16.00	0	41.33	0	40.00	1.33	1.33	0	0	0
1421337298520136542	CPU_4	17.56	0	41.89	0	40.54	0	0	0	0	0
1421337299225167896	CPU_4	18.05	0	38.88	0	41.66	1.38	0	0	0	0
1421337299953417133	CPU_4	16.21	0	39.18	0	43.24	1.35	0	0	0	0
1421337300691593254	CPU_4	20.00	0	34.66	0	42.66	1.33	1.33	0	0	0
1421337301416728167	CPU_4	18.42	0	42.10	0	39.47	0	0	0	0	0
1421337302112135386	CPU_4	16.66	0	40.27	0	41.66	1.38	0	0	0	0
1421337302847161142	CPU_4	17.33	0	41.33	0	40.00	1.33	0	0	0	0
1421337303576155334	CPU_4	20.00	0	38.66	0	40.00	0	1.33	0	0	0
1421337304315982825	CPU_4	19.48	0	37.66	0	41.55	1.29	0	0	0	0
1421337305048307256	CPU_4	16.21	0	41.89	0	40.54	1.35	0	0	0	0
1421337305791038612	CPU_4	18.18	0	37.66	0	42.85	0	1.29	0	0	0
1421337306522978628	CPU_4	14.28	0	42.85	0	41.55	1.29	0	0	0	0
1421337307219894175	CPU_4	15.49	0	39.43	0	43.66	1.40	0	0	0	0
1421337307955636012	CPU_4	19.17	0	39.72	0	39.72	1.36	0	0	0	0
1421337308687058863	CPU_4	17.56	0	40.54	0	40.54	0	1.35	0	0	0
1421337309428873430	CPU_4	12.50	0	41.66	0	44.44	1.38	0	0	0	0
1421337310159490242	CPU_4	20.00	0	36.00	0	42.66	1.33	0	0	0	0
1421337310887700854	CPU_4	18.66	0	41.33	0	40.00	0	0	0	0	0
1421337311599361061	CPU_4	12.50	0	40.27	0	44.44	1.38	1.38	0	0	0
1421337312327205341	CPU_4	21.33	0	37.33	0	40.00	1.33	0	0	0	0
1421337313063727550	CPU_4	21.05	0	35.52	0	43.42	0	0	0	0	0
1421337313793993322	CPU_4	19.17	0	36.98	0	41.09	1.36	1.36	0	0	0
1421337314526082837	CPU_4	24.00	0	32.00	0	42.66	1.33	0	0	0	0
1421337315256698399	CPU_4	17.56	0	40.54	0	40.54	1.35	0	0	0	0
1421337315991351198	CPU_4	18.91	0	41.89	0	39.18	0	0	0	0	0
1421337316685325380	CPU_4	13.88	0	38.88	0	44.44	1.38	1.38	0	0	0
1421337317419124432	CPU_4	17.56	0	40.54	0	40.54	1.35	0	0	0	0
1421337318154160271	CPU_4	17.56	0	41.89	0	40.54	0	0	0	0	0
1421337318887359075	CPU_4	15.06	0	39.72	0	43.83	1.36	0	0	0	0
1421337319627239064	CPU_4	19.73	0	38.15	0	39.47	1.31	1.31	0	0	0
1421337320353361391	CPU_4	18.66	0	40.00	0	40.00	1.33	0	0	0	0
1421337321081876043	CPU_4	17.10	0	39.47	0	43.42	0	0	0	0	0
1421337321819717415	CPU_4	19.48	0	37.66	0	41.55	1.29	0	0	0	0
1421337322549981895	CPU_4	17.80	0	35.61	0	43.83	1.36	1.36	0	0	0
1421337323291581254	CPU_4	20.00	0	40.00	0	40.00	0	0	0	0	0
1421337324017682664	CPU_4	14.66	0	42.66	0	41.33	1.33	0	0	0	0
1421337324758430110	CPU_4	23.07	0	35.89	0	38.46	1.28	1.28	0	0	0
1421337325473385598	CPU_4	15.49	0	38.02	0	45.07	1.40	0	0	0	0
1421337326204143951	CPU_4	19.73	0	38.15	0	42.10	0	0	0	0	0
1421337326942817695	CPU_4	19.48	0	36.36	0	42.85	1.29	0	0	0	0
1421337327670497100	CPU_4	17.33	0	40.00	0	40.00	1.33	1.33	0	0	0
1421337328409574926	CPU_4	17.56	0	41.89	0	40.54	0	0	0	0	0
1421337329139331907	CPU_4	18.66	0	36.00	0	44.00	1.33	0	0	0	0
1421337329878648608	CPU_4	16.66	0	41.02	0	41.02	1.28	0	0	0	0
1421337330608213798	CPU_4	16.00	0	42.66	0	40.00	0	1.33	0	0	0
1421337331307858586	CPU_4	14.70	0	39.70	0	44.11	1.47	0	0	0	0
1421337332049020947	CPU_4	18.66	0	40.00	0	40.00	1.33	0	0	0	0
1421337332775527106	CPU_4	16.21	0	39.18	0	43.24	1.35	0	0	0	0
1421337333514192933	CPU_4	17.33	0	41.33	0	40.00	0	1.33	0	0	0
1421337334240110094	CPU_4	18.66	0	37.33	0	42.66	1.33	0	0	0	0
1421337334970548198	CPU_4	17.80	0	39.72	0	41.09	1.36	0	0	0	0
1421337335672577187	CPU_4	17.14	0	38.57	0	42.85	0	1.42	0	0	0
1421337336405557408	CPU_4	14.66	0	37.33	0	46.66	1.33	0	0	0	0
1421337337144105402	CPU_4	19.73	0	38.15	1.31	39.47	1.31	0	0	0	0
1421337337876724499	CPU_4	17.80	0	39.72	0	42.46	0	0	0	0	0
1421337338614652454	CPU_4	17.10	0	40.78	0	39.47	1.31	1.31	0	0	0
1421337339313325787	CPU_4	15.58	0	44.15	0	38.96	1.29	0	0	0	0
1421337340043394934	CPU_4	10.95	0	41.09	0	47.94	0	0	0	0	0
1421337340778813689	CPU_4	15.06	0	39.72	0	43.83	1.36	0	0	0	0
1421337341507577590	CPU_4	16.66	0	42.30	0	38.46	1.28	1.28	0	0	0
1421337342243933967	CPU_4	17.56	0	39.18	0	41.89	1.35	0	0	0	0
1421337342943896921	CPU_4	20.28	0	36.23	0	43.47	0	0	0	0	0
1421337343672586364	CPU_4	15.78	0	42.10	0	40.78	1.31	0	0	0	0
1421337344412813228	CPU_4	20.83	0	33.33	0	43.05	1.38	1.38	0	0	0
1421337345133514655	CPU_4	17.80	0	39.72	0	42.46	0	0	0	0	0
1421337345863033596	CPU_4	20.00	0	38.66	0	40.00	1.33	0	0	0	0
1421337346595180653	CPU_4	15.78	0	38.15	0	43.42	1.31	1.31	0	0	0
1421337347332172110	CPU_4	18.75	0	40.00	0	40.00	1.25	0	0	0	0
1421337348057104566	CPU_4	16.00	0	44.00	0	40.00	0	0	0	0	0
1421337348789220498	CPU_4	20.27	0	37.83	0	40.54	1.35	0	0	0	0
1421337349493714146	CPU_4	16.66	0	38.88	0	41.66	1.38	1.38	0	0	0
1421337350189762862	CPU_4	22.85	0	32.85	0	44.28	0	0	0	0	0
1421337350928231190	CPU_4	18.18	0	38.96	0	41.55	1.29	0	0	0	0
1421337351654736016	CPU_4	14.66	0	41.33	0	42.66	1.33	0	0	0	0
1421337352384986704	CPU_4	18.91	0	39.18	0	40.54	0	1.35	0	0	0
1421337353115617807	CPU_4	17.33	0	41.33	0	40.00	1.33	0	0	0	0
1421337353818523418	CPU_4	16.17	0	38.23	0	44.11	1.47	0	0	0	0
1421337354556612789	CPU_4	18.42	0	40.78	0	39.47	1.31	0	0	0	0
1421337355274609517	CPU_4	15.49	0	36.61	0	46.47	0	1.40	0	0	0
1421337356005716786	CPU_4	22.66	0	36.00	0	40.00	1.33	0	0	0	0
1421337356715662249	CPU_4	18.18	0	40.25	0	40.25	1.29	0	0	0	0
1421337357448013472	CPU_4	19.73	0	39.47	1.31	39.47	0	0	0	0	0
1421337358157980435	CPU_4	19.71	0	35.21	0	42.25	1.40	1.40	0	0	0
1421337358884971967	CPU_4	21.12	0	35.21	0	42.25	1.40	0	0	0	0
1421337359619283516	CPU_4	21.42	0	32.85	0	45.71	0	0	0	0	0
1421337360349552204	CPU_4	17.33	0	37.33	0	42.66	1.33	1.33	0	0	0
1421337361082566758	CPU_4	18.91	0	39.18	0	40.54	1.35	0	0	0	0
1421337361800456445	CPU_4	15.71	0	37.14	0	47.14	0	0	0	0	0
1421337362528083725	CPU_4	14.86	0	43.24	0	40.54	1.35	0	0	0	0
1421337363269567335	CPU_4	16.88	0	41.55	0	38.96	1.29	1.29	0	0	0
1421337363993189045	CPU_4	23.28	0	34.24	0	41.09	1.36	0	0	0	0
1421337364723637232	CPU_4	22.66	0	33.33	0	44.00	0	0	0	0	0
1421337365463368806	CPU_4	14.86	0	40.54	0	43.24	1.35	0	0	0	0
1421337366190960752	CPU_4	20.54	0	32.87	0	43.83	1.36	1.36	0	0	0
1421337366933118026	CPU_4	14.86	0	44.59	0	40.54	0	0	0	0	0
1421337367663677838	CPU_4	16.21	0	39.18	0	43.24	1.35	0	0	0	0
1421337368404626825	CPU_4	20.00	0	38.66	0	40.00	1.33	0	0	0	0
1421337369130867109	CPU_4	15.06	0	42.46	0	39.72	1.36	1.36	0	0	0
1421337369832812015	CPU_4	16.43	0	41.09	0	42.46	0	0	0	0	0
1421337370576434576	CPU_4	14.66	0	44.00	0	40.00	1.33	0	0	0	0
1421337371283456215	CPU_4	14.08	0	38.02	0	46.47	1.40	0	0	0	0
1421337372023835787	CPU_4	17.72	0	43.03	0	37.97	0	1.26	0	0	0
1421337372749210991	CPU_4	19.73	0	39.47	0	39.47	1.31	0	0	0	0
1421337373487983192	CPU_4	16.00	0	41.33	0	41.33	1.33	0	0	0	0
1421337374226411895	CPU_4	17.33	0	40.00	0	41.33	0	1.33	0	0	0
1421337374929809171	CPU_4	16.66	0	40.27	0	41.66	1.38	0	0	0	0
1421337375644429660	CPU_4	15.78	0	43.42	0	39.47	1.31	0	0	0	0
1421337376378063629	CPU_4	19.23	0	37.17	0	42.30	1.28	0	0	0	0
1421337377107929318	CPU_4	15.27	0	41.66	0	41.66	0	1.38	0	0	0
1421337377822243600	CPU_4	15.49	0	42.25	0	40.84	1.40	0	0	0	0
1421337378548522385	CPU_4	18.66	0	38.66	0	41.33	1.33	0	0	0	0
1421337379291416531	CPU_4	20.27	0	36.48	0	43.24	0	0	0	0	0
1421337380026950660	CPU_4	13.51	0	40.54	0	43.24	1.35	1.35	0	0	0
1421337380763837826	CPU_4	20.27	0	39.18	0	39.18	1.35	0	0	0	0
1421337381468776056	CPU_4	14.28	0	37.14	0	48.57	0	0	0	0	0
1421337382212966448	CPU_4	20.54	0	38.35	0	39.72	1.36	0	0	0	0
1421337382920521127	CPU_4	18.91	0	36.48	0	41.89	1.35	1.35	0	0	0
1421337383646831953	CPU_4	22.97	0	35.13	0	40.54	1.35	0	0	0	0
1421337384387425690	CPU_4	15.58	0	42.85	0	41.55	0	0	0	0	0
1421337385114446847	CPU_4	12.00	0	44.00	0	41.33	1.33	1.33	0	0	0
1421337385859195529	CPU_4	16.66	0	43.58	0	38.46	1.28	0	0	0	0
1421337386557726821	CPU_4	15.71	0	37.14	0	47.14	0	0	0	0	0
1421337387286404931	CPU_4	18.66	0	38.66	1.33	40.00	1.33	0	0	0	0
1421337388025152716	CPU_4	20.77	0	37.66	0	38.96	1.29	1.29	0	0	0
1421337388759879973	CPU_4	14.86	0	41.89	0	43.24	0	0	0	0	0
1421337389494820062	CPU_4	16.21	0	41.89	0	40.54	1.35	0	0	0	0
1421337390223025507	CPU_4	16.00	0	44.00	0	38.66	1.33	0	0	0	0
1421337390934939838	CPU_4	15.27	0	38.88	0	43.05	1.38	1.38	0	0	0
1421337391662535201	CPU_4	18.98	0	39.24	0	41.77	0	0	0	0	0
1421337392398906536	CPU_4	17.80	0	38.35	0	42.46	1.36	0	0	0	0
1421337393142494888	CPU_4	17.10	0	42.10	0	39.47	1.31	0	0	0	0
1421337393873243158	CPU_4	14.66	0	41.33	0	42.66	0	1.33	0	0	0
1421337394614592893	CPU_4	18.42	0	40.78	0	39.47	1.31	0	0	0	0
1421337395333662118	CPU_4	17.56	0	37.83	0	43.24	1.35	0	0	0	0
1421337396078822173	CPU_4	14.66	0	42.66	0	41.33	1.33	0	0	0	0
1421337396774644016	CPU_4	14.08	0	42.25	0	42.25	0	1.40	0	0	0
1421337397505850451	CPU_4	16.66	0	43.58	0	38.46	1.28	0	0	0	0
1421337398244016113	CPU_4	20.00	0	38.66	0	40.00	1.33	0	0	0	0
1421337398977374165	CPU_4	18.42	0	36.84	0	43.42	0	1.31	0	0	0
1421337399718846483	CPU_4	18.66	0	37.33	0	42.66	1.33	0	0	0	0
1421337400449993876	CPU_4	17.72	0	36.70	0	40.50	1.26	3.79	0	0	0
1421337401181568185	CPU_4	23.61	0	34.72	0	41.66	0	0	0	0	0
1421337401886414414	CPU_4	20.00	0	38.66	0	40.00	1.33	0	0	0	0
1421337402615581064	CPU_4	18.66	0	37.33	0	42.66	1.33	0	0	0	0
1421337403357299298	CPU_4	17.10	0	40.78	0	40.78	1.31	0	0	0	0
1421337404077649393	CPU_4	18.05	0	38.88	0	43.05	0	0	0	0	0
1421337404806811585	CPU_4	17.80	0	39.72	0	41.09	1.36	0	0	0	0
1421337405513193434	CPU_4	18.05	0	38.88	0	41.66	1.38	0	0	0	0
1421337406242878041	CPU_4	13.51	0	39.18	0	47.29	0	0	0	0	0
1421337406976636259	CPU_4	20.00	0	38.66	0	40.00	1.33	0	0	0	0
1421337407703630999	CPU_4	16.21	0	39.18	0	43.24	1.35	0	0	0	0
1421337408441403246	CPU_4	18.18	0	42.85	0	38.96	0	0	0	0	0
1421337409171772683	CPU_4	17.33	0	41.33	0	40.00	1.33	0	0	0	0
1421337409902908535	CPU_4	13.51	0	40.54	0	44.59	1.35	0	0	0	0
1421337410642771441	CPU_4	18.66	0	36.00	0	42.66	1.33	1.33	0	0	0
1421337411367373147	CPU_4	16.21	0	43.24	0	40.54	0	0	0	0	0
1421337412049232661	CPU_4	14.08	0	42.25	0	42.25	1.40	0	0	0	0
1421337412782690713	CPU_4	16.00	0	38.66	0	44.00	1.33	0	0	0	0
1421337413514563812	CPU_4	17.80	0	39.72	0	41.09	0	1.36	0	0	0
1421337414249486318	CPU_4	19.17	0	38.35	0	41.09	1.36	0	0	0	0
1421337414987315731	CPU_4	14.86	0	41.89	0	41.89	1.35	0	0	0	0
1421337415717027462	CPU_4	16.21	0	41.89	0	40.54	1.35	0	0	0	0
1421337416424707058	CPU_4	15.27	0	40.27	0	43.05	0	1.38	0	0	0
1421337417164332006	CPU_4	13.69	0	39.72	1.36	43.83	1.36	0	0	0	0
1421337417902108836	CPU_4	18.98	0	40.50	0	39.24	1.26	0	0	0	0
1421337418635695180	CPU_4	16.43	0	41.09	0	41.09	0	1.36	0	0	0
1421337419371907515	CPU_4	15.38	0	42.30	0	41.02	1.28	0	0	0	0
1421337420104983777	CPU_4	15.78	0	40.78	0	42.10	1.31	0	0	0	0
1421337420839244243	CPU_4	17.56	0	39.18	0	43.24	0	0	0	0	0
1421337421571325800	CPU_4	15.06	0	39.72	0	42.46	1.36	1.36	0	0	0
1421337422311562497	CPU_4	14.47	0	40.78	0	43.42	1.31	0	0	0	0
1421337423036561368	CPU_4	17.56	0	40.54	0	40.54	1.35	0	0	0	0
1421337423773715367	CPU_4	18.66	0	38.66	0	42.66	0	0	0	0	0
1421337424507567418	CPU_4	13.33	0	41.33	0	42.66	1.33	1.33	0	0	0
1421337425243884086	CPU_4	21.79	0	38.46	0	38.46	1.28	0	0	0	0
1421337425987584438	CPU_4	17.33	0	40.00	0	42.66	0	0	0	0	0
1421337426712833684	CPU_4	13.15	0	44.73	0	40.78	1.31	0	0	0	0
1421337427435975770	CPU_4	17.33	0	38.66	0	41.33	1.33	1.33	0	0	0
1421337428165778668	CPU_4	16.66	0	41.66	0	41.66	0	0	0	0	0
1421337428904255662	CPU_4	17.56	0	40.54	0	40.54	1.35	0	0	0	0
1421337429638089046	CPU_4	14.86	0	40.54	0	43.24	1.35	0	0	0	0
1421337430372249888	CPU_4	13.88	0	38.88	0	44.44	1.38	1.38	0	0	0
1421337431118345065	CPU_4	15.78	0	42.10	0	42.10	0	0	0	0	0
1421337431853002280	CPU_4	20.77	0	38.96	0	38.96	1.29	0	0	0	0
1421337432576105283	CPU_4	14.47	0	40.78	0	42.10	1.31	1.31	0	0	0
1421337433313340281	CPU_4	14.66	0	45.33	0	40.00	0	0	0	0	0
1421337434053851144	CPU_4	16.21	0	39.18	0	43.24	1.35	0	0	0	0
1421337434785901242	CPU_4	20.77	0	36.36	0	41.55	1.29	0	0	0	0
1421337435519780043	CPU_4	14.28	0	44.15	0	38.96	1.29	1.29	0	0	0
1421337436238192853	CPU_4	22.22	0	36.11	0	41.66	0	0	0	0	0
1421337436970656617	CPU_4	18.05	0	38.88	0	41.66	1.38	0	0	0	0
1421337437712902141	CPU_4	18.42	0	36.84	0	43.42	1.31	0	0	0	0
1421337438499098687	CPU_4	39.47	0	59.21	0	0	0	1.31	0	0	0
1421337439362518062	CPU_4	43.02	0	55.81	0	0	1.16	0	0	0	0
1421337440229160511	CPU_4	48.27	0	50.57	0	0	0	1.14	0	0	0
1421337441094135465	CPU_4	45.97	0	51.72	0	0	1.14	1.14	0	0	0
1421337441959046586	CPU_4	45.88	0	54.11	0	0	0	0	0	0	0
1421337442819457305	CPU_4	48.86	0	48.86	0	0	1.13	1.13	0	0	0
1421337443689124828	CPU_4	45.88	0	54.11	0	0	0	0	0	0	0
1421337444549193464	CPU_4	49.42	0	48.27	0	0	1.14	1.14	0	0	0
1421337445424157386	CPU_4	44.82	0	54.02	0	0	1.14	0	0	0	0
1421337446294444947	CPU_4	42.52	0	56.32	0	0	0	1.14	0	0	0
1421337447159144778	CPU_4	43.02	0	55.81	0	0	1.16	0	0	0	0
1421337448019170748	CPU_4	43.67	0	55.17	0	0	0	1.14	0	0	0
1421337448884144660	CPU_4	43.67	0	54.02	0	0	1.14	1.14	0	0	0
1421337449749198948	CPU_4	48.23	0	51.76	0	0	0	0	0	0	0
1421337450614177693	CPU_4	47.12	0	50.57	0	0	1.14	1.14	0	0	0
1421337451479163189	CPU_4	45.34	0	54.65	0	0	0	0	0	0	0
1421337452344322309	CPU_4	45.45	0	52.27	0	0	1.13	1.13	0	0	0
1421337453209122347	CPU_4	49.41	0	49.41	0	0	1.17	0	0	0	0
1421337454072546056	CPU_4	48.27	0	50.57	0	0	0	1.14	0	0	0
1421337454934118063	CPU_4	48.83	0	50.00	0	0	1.16	0	0	0	0
1421337455789049342	CPU_4	47.67	0	51.16	0	0	0	1.16	0	0	0
1421337456644393786	CPU_4	41.86	0	55.81	0	0	1.16	1.16	0	0	0
1421337457504125674	CPU_4	45.23	0	54.76	0	0	0	0	0	0	0
1421337458379035470	CPU_4	46.06	0	51.68	0	0	1.12	1.12	0	0	0
1421337459244004216	CPU_4	53.48	0	46.51	0	0	0	0	0	0	0
1421337460094333302	CPU_4	43.02	0	54.65	0	0	1.16	1.16	0	0	0
1421337460964049032	CPU_4	47.67	0	52.32	0	0	0	0	0	0	0
1421337461829125777	CPU_4	43.02	0	54.65	0	0	1.16	1.16	0	0	0
1421337462684064639	CPU_4	47.12	0	50.57	0	0	1.14	1.14	0	0	0
1421337463534050226	CPU_4	48.80	0	51.19	0	0	0	0	0	0	0
1421337464394086321	CPU_4	49.42	0	48.27	0	0	1.14	1.14	0	0	0
1421337465254170916	CPU_4	49.41	0	50.58	0	0	0	0	0	0	0
1421337466114052679	CPU_4	47.12	0	50.57	0	0	1.14	1.14	0	0	0
1421337466969416706	CPU_4	48.23	0	51.76	0	0	0	0	0	0	0
1421337467834089411	CPU_4	50.00	0	47.67	0	0	1.16	1.16	0	0	0
1421337468694018715	CPU_4	44.18	0	55.81	0	0	0	0	0	0	0
1421337469554730766	CPU_4	44.82	0	52.87	0	0	1.14	1.14	0	0	0
1421337470414165822	CPU_4	52.94	0	47.05	0	0	0	0	0	0	0
1421337471282658223	CPU_4	44.82	0	52.87	0	0	1.14	1.14	0	0	0
1421337472156312231	CPU_4	48.83	0	50.00	0	0	1.16	0	0	0	0
1421337473029152160	CPU_4	47.19	0	51.68	0	0	0	1.12	0	0	0
1421337473889060422	CPU_4	61.62	0	37.20	0	0	1.16	0	0	0	0
1421337474734105816	CPU_4	92.94	0	5.88	0	0	0	1.17	0	0	0
1421337475594070787	CPU_4	95.34	0	3.48	0	0	1.16	0	0	0	0
1421337476464062474	CPU_4	94.11	0	5.88	0	0	0	0	0	0	0
1421337477319119461	CPU_4	94.25	0	4.59	0	0	1.14	0	0	0	0
1421337478184065207	CPU_4	93.10	0	5.74	0	0	0	1.14	0	0	0
1421337479039146818	CPU_4	91.86	0	6.97	0	0	1.16	0	0	0	0
1421337479894073430	CPU_4	94.11	0	5.88	0	0	0	0	0	0	0
1421337480749179583	CPU_4	94.04	0	5.95	0	0	0	0	0	0	0
1421337481599110878	CPU_4	89.53	0	8.13	0	0	1.16	1.16	0	0	0
1421337482454097907	CPU_4	95.29	0	4.70	0	0	0	0	0	0	0
1421337483309066560	CPU_4	93.02	0	5.81	0	0	1.16	0	0	0	0
1421337484166886621	CPU_4	92.94	0	7.05	0	0	0	0	0	0	0
1421337485022505772	CPU_4	87.35	0	10.34	0	0	1.14	1.14	0	0	0
1421337485884148279	CPU_4	95.29	0	4.70	0	0	0	0	0	0	0
1421337486739122724	CPU_4	93.02	0	5.81	0	0	1.16	0	0	0	0
1421337487594086377	CPU_4	95.29	0	4.70	0	0	0	0	0	0	0
1421337488449631446	CPU_4	93.02	0	4.65	0	0	1.16	1.16	0	0	0
1421337489309061918	CPU_4	94.18	0	5.81	0	0	0	0	0	0	0
1421337490169044638	CPU_4	94.18	0	4.65	0	0	1.16	0	0	0	0
1421337491019199141	CPU_4	92.85	0	7.14	0	0	0	0	0	0	0
1421337491874130669	CPU_4	90.80	0	6.89	0	0	1.14	1.14	0	0	0
1421337492734131014	CPU_4	93.02	0	6.97	0	0	0	0	0	0	0
1421337493594051277	CPU_4	95.29	0	4.70	0	0	0	0	0	0	0
1421337494449121846	CPU_4	91.86	0	6.97	0	0	1.16	0	0	0	0
1421337495314098842	CPU_4	93.02	0	5.81	0	0	0	1.16	0	0	0
1421337496174080729	CPU_4	93.10	0	5.74	0	0	1.14	0	0	0	0
1421337497024087774	CPU_4	94.04	0	5.95	0	0	0	0	0	0	0
1421337497879093177	CPU_4	91.86	0	6.97	0	0	1.16	0	0	0	0
1421337498734176247	CPU_4	95.29	0	4.70	0	0	0	0	0	0	0
1421337499599082534	CPU_4	90.90	0	6.81	0	0	1.13	1.13	0	0	0
1421337500459128379	CPU_4	91.76	0	8.23	0	0	0	0	0	0	0
1421337501319185683	CPU_4	93.02	0	5.81	0	0	1.16	0	0	0	0
1421337502184041012	CPU_4	93.02	0	6.97	0	0	0	0	0	0	0
1421337503044129357	CPU_4	91.95	0	5.74	0	0	1.14	1.14	0	0	0
1421337503899140469	CPU_4	91.76	0	8.23	0	0	0	0	0	0	0
1421337504759114855	CPU_4	91.86	0	6.97	0	0	1.16	0	0	0	0
1421337505619065618	CPU_4	91.86	0	6.97	0	0	0	1.16	0	0	0
1421337506472827233	CPU_4	93.02	0	5.81	0	0	1.16	0	0	0	0
1421337507339064808	CPU_4	89.41	0	10.58	0	0	0	0	0	0	0
1421337508194123503	CPU_4	90.69	0	8.13	0	0	1.16	0	0	0	0
1421337509049057115	CPU_4	89.53	0	9.30	0	0	0	1.16	0	0	0
1421337509909104293	CPU_4	90.69	0	8.13	0	0	1.16	0	0	0	0
1421337510767002770	CPU_4	93.02	0	6.97	0	0	0	0	0	0	0
1421337511624147000	CPU_4	91.86	0	5.81	0	0	1.16	1.16	0	0	0
1421337512499168212	CPU_4	88.37	0	11.62	0	0	0	0	0	0	0
1421337513367007032	CPU_4	90.80	0	8.04	0	0	1.14	0	0	0	0
1421337514224121636	CPU_4	94.18	0	5.81	0	0	0	0	0	0	0
1421337515089052590	CPU_4	93.10	0	4.59	0	0	1.14	1.14	0	0	0
1421337515949194518	CPU_4	93.02	0	6.97	0	0	0	0	0	0	0
1421337516819099289	CPU_4	90.80	0	8.04	0	0	1.14	0	0	0	0
1421337517679080010	CPU_4	91.86	0	6.97	0	0	1.16	0	0	0	0
1421337518534023913	CPU_4	90.69	0	8.13	0	0	0	1.16	0	0	0
1421337519394102508	CPU_4	91.86	0	6.97	0	0	1.16	0	0	0	0
1421337520254102186	CPU_4	92.94	0	7.05	0	0	0	0	0	0	0
1421337521114199198	CPU_4	91.95	0	5.74	0	0	1.14	1.14	0	0	0
1421337521979195568	CPU_4	95.34	0	4.65	0	0	0	0	0	0	0
1421337522849087756	CPU_4	91.95	0	6.89	0	0	1.14	0	0	0	0
1421337523709084476	CPU_4	91.86	0	8.13	0	0	0	0	0	0	0
1421337524569078696	CPU_4	89.65	0	8.04	0	0	1.14	1.14	0	0	0
1421337525424112766	CPU_4	91.66	0	8.33	0	0	0	0	0	0	0
1421337526284183528	CPU_4	91.95	0	6.89	0	0	1.14	0	0	0	0
1421337527144096873	CPU_4	91.86	0	6.97	0	0	0	1.16	0	0	0
1421337528009143243	CPU_4	90.80	0	8.04	0	0	1.14	0	0	0	0
1421337528864146480	CPU_4	92.85	0	7.14	0	0	0	0	0	0	0
1421337529729087892	CPU_4	88.50	0	10.34	0	0	1.14	0	0	0	0
1421337530592055436	CPU_4	91.86	0	6.97	0	0	0	1.16	0	0	0
1421337531449071082	CPU_4	90.69	0	8.13	0	0	1.16	0	0	0	0
1421337532309048011	CPU_4	90.69	0	9.30	0	0	0	0	0	0	0
1421337533169152481	CPU_4	89.65	0	8.04	0	0	1.14	1.14	0	0	0
1421337534034061393	CPU_4	95.34	0	4.65	0	0	0	0	0	0	0
1421337534894103405	CPU_4	89.41	0	9.41	0	0	1.17	0	0	0	0
1421337535752478088	CPU_4	91.86	0	8.13	0	0	0	0	0	0	0
1421337536614131428	CPU_4	89.65	0	8.04	0	0	1.14	1.14	0	0	0
1421337537474152023	CPU_4	87.20	0	11.62	0	0	1.16	0	0	0	0
1421337538329040552	CPU_4	92.94	0	7.05	0	0	0	0	0	0	0
1421337539189165563	CPU_4	91.86	0	6.97	0	0	1.16	0	0	0	0
1421337540054058392	CPU_4	90.80	0	8.04	0	0	0	1.14	0	0	0
1421337540904146728	CPU_4	92.85	0	5.95	0	0	1.19	0	0	0	0
1421337541769093223	CPU_4	90.80	0	9.19	0	0	0	0	0	0	0
1421337542624108627	CPU_4	91.86	0	5.81	0	0	1.16	1.16	0	0	0
1421337543484038597	CPU_4	92.94	0	7.05	0	0	0	0	0	0	0
1421337544349130009	CPU_4	91.95	0	6.89	0	0	1.14	0	0	0	0
1421337545234123397	CPU_4	93.10	0	6.89	0	0	0	0	0	0	0
1421337546089192008	CPU_4	89.65	0	8.04	0	0	1.14	1.14	0	0	0
1421337546949094062	CPU_4	90.58	0	9.41	0	0	0	0	0	0	0
1421337547816937423	CPU_4	91.95	0	6.89	0	0	1.14	0	0	0	0
1421337548674146443	CPU_4	93.02	0	5.81	0	0	0	1.16	0	0	0
1421337549544207547	CPU_4	89.77	0	9.09	0	0	1.13	0	0	0	0
1421337550416971350	CPU_4	90.69	0	9.30	0	0	0	0	0	0	0
1421337551274206246	CPU_4	89.65	0	9.19	0	0	1.14	0	0	0	0
1421337552134081592	CPU_4	91.86	0	6.97	0	0	0	1.16	0	0	0
1421337552989184286	CPU_4	89.41	0	9.41	0	0	1.17	0	0	0	0
1421337553849067298	CPU_4	93.02	0	5.81	0	0	1.16	0	0	0	0
1421337554719169152	CPU_4	91.95	0	6.89	0	0	0	1.14	0	0	0
1421337555574108180	CPU_4	90.69	0	8.13	0	0	1.16	0	0	0	0
1421337556434115275	CPU_4	91.76	0	8.23	0	0	0	0	0	0	0
1421337557309113321	CPU_4	92.04	0	6.81	0	0	1.13	0	0	0	0
1421337558169088583	CPU_4	90.69	0	8.13	0	0	0	1.16	0	0	0
1421337559034084661	CPU_4	90.80	0	8.04	0	0	1.14	0	0	0	0
1421337559889156064	CPU_4	91.76	0	8.23	0	0	0	0	0	0	0
1421337560754042601	CPU_4	90.69	0	8.13	0	0	1.16	0	0	0	0
1421337561609085296	CPU_4	89.53	0	9.30	0	0	0	1.16	0	0	0
1421337562464129366	CPU_4	92.94	0	5.88	0	0	1.17	0	0	0	0
1421337563324099086	CPU_4	94.18	0	5.81	0	0	0	0	0	0	0
1421337564184135889	CPU_4	89.65	0	8.04	0	0	1.14	1.14	0	0	0
1421337565051036169	CPU_4	93.02	0	6.97	0	0	0	0	0	0	0
1421337565909129437	CPU_4	91.86	0	6.97	0	0	1.16	0	0	0	0
1421337566779148625	CPU_4	93.02	0	6.97	0	0	0	0	0	0	0
1421337567644178328	CPU_4	89.77	0	7.95	0	0	1.13	1.13	0	0	0
1421337568509078907	CPU_4	90.69	0	9.30	0	0	0	0	0	0	0
1421337569369155377	CPU_4	94.18	0	4.65	0	0	1.16	0	0	0	0
1421337570229113138	CPU_4	90.80	0	6.89	0	0	1.14	1.14	0	0	0
1421337571094093884	CPU_4	92.94	0	7.05	0	0	0	0	0	0	0
1421337571954128354	CPU_4	89.53	0	9.30	0	0	1.16	0	0	0	0
1421337572819134640	CPU_4	93.02	0	6.97	0	0	0	0	0	0	0
1421337573679126902	CPU_4	88.50	0	9.19	0	0	1.14	1.14	0	0	0
1421337574544112856	CPU_4	94.18	0	5.81	0	0	0	0	0	0	0
1421337575399148259	CPU_4	91.86	0	6.97	0	0	1.16	0	0	0	0
1421337576259098395	CPU_4	93.02	0	5.81	0	0	0	1.16	0	0	0
1421337577119142448	CPU_4	89.53	0	9.30	0	0	1.16	0	0	0	0
1421337577979098044	CPU_4	95.29	0	4.70	0	0	0	0	0	0	0
1421337578844090414	CPU_4	88.63	0	10.22	0	0	1.13	0	0	0	0
1421337579699078650	CPU_4	90.58	0	8.23	0	0	0	1.17	0	0	0
1421337580554148386	CPU_4	91.86	0	6.97	0	0	1.16	0	0	0	0
1421337581414079356	CPU_4	91.76	0	8.23	0	0	0	0	0	0	0
1421337582279219393	CPU_4	88.63	0	9.09	0	0	1.13	1.13	0	0	0
1421337583154029397	CPU_4	90.80	0	9.19	0	0	0	0	0	0	0
1421337584019196350	CPU_4	91.86	0	6.97	0	0	1.16	0	0	0	0
1421337584886912378	CPU_4	92.94	0	7.05	0	0	0	0	0	0	0
1421337585749193924	CPU_4	89.77	0	7.95	0	0	1.13	1.13	0	0	0
1421337586609050103	CPU_4	89.53	0	10.46	0	0	0	0	0	0	0
1421337587464212005	CPU_4	94.18	0	4.65	0	0	1.16	0	0	0	0
1421337588329106209	CPU_4	95.29	0	4.70	0	0	0	0	0	0	0
1421337589189122387	CPU_4	89.65	0	8.04	0	0	1.14	1.14	0	0	0
1421337590049076857	CPU_4	89.53	0	9.30	0	0	1.16	0	0	0	0
1421337590909126535	CPU_4	92.94	0	7.05	0	0	0	0	0	0	0
1421337591779120056	CPU_4	89.88	0	7.86	0	0	1.12	1.12	0	0	0
1421337592634093084	CPU_4	92.94	0	7.05	0	0	0	0	0	0	0
1421337593494127679	CPU_4	91.86	0	6.97	0	0	1.16	0	0	0	0
1421337594349084248	CPU_4	94.04	0	5.95	0	0	0	0	0	0	0
1421337595204113651	CPU_4	88.50	0	9.19	0	0	1.14	1.14	0	0	0
1421337596064171663	CPU_4	91.76	0	8.23	0	0	0	0	0	0	0
1421337596919151024	CPU_4	90.69	0	8.13	0	0	1.16	0	0	0	0
1421337597784122353	CPU_4	93.02	0	5.81	0	0	0	1.16	0	0	0
1421337598644050448	CPU_4	90.80	0	8.04	0	0	1.14	0	0	0	0
1421337599504202209	CPU_4	93.02	0	6.97	0	0	0	0	0	0	0
1421337600369135746	CPU_4	93.02	0	5.81	0	0	1.16	0	0	0	0
1421337601224149357	CPU_4	90.69	0	8.13	0	0	0	1.16	0	0	0
1421337602084132035	CPU_4	90.69	0	8.13	0	0	1.16	0	0	0	0
1421337602949187238	CPU_4	93.02	0	6.97	0	0	0	0	0	0	0
1421337603819158426	CPU_4	90.80	0	8.04	0	0	1.14	0	0	0	0
1421337604674184078	CPU_4	94.18	0	4.65	0	0	0	1.16	0	0	0
1421337605544110391	CPU_4	93.10	0	5.74	0	0	1.14	0	0	0	0
1421337606404149360	CPU_4	92.94	0	7.05	0	0	0	0	0	0	0
1421337607259082180	CPU_4	90.80	0	6.89	0	0	1.14	1.14	0	0	0
1421337608119105567	CPU_4	91.76	0	8.23	0	0	0	0	0	0	0
1421337608984127187	CPU_4	90.80	0	8.04	0	0	1.14	0	0	0	0
1421337609839111881	CPU_4	92.85	0	7.14	0	0	0	0	0	0	0
1421337610699150684	CPU_4	88.50	0	9.19	0	0	1.14	1.14	0	0	0
1421337611554099796	CPU_4	94.11	0	5.88	0	0	0	0	0	0	0
1421337612414166807	CPU_4	90.80	0	8.04	0	0	1.14	0	0	0	0
1421337613279098886	CPU_4	90.80	0	6.89	0	0	1.14	1.14	0	0	0
1421337614159197039	CPU_4	93.10	0	6.89	0	0	0	0	0	0	0
1421337615022600831	CPU_4	91.86	0	6.97	0	0	1.16	0	0	0	0
1421337615884123088	CPU_4	93.02	0	6.97	0	0	0	0	0	0	0
1421337616749116041	CPU_4	92.04	0	5.68	0	0	1.13	1.13	0	0	0
1421337617604199611	CPU_4	91.66	0	8.33	0	0	0	0	0	0	0
1421337618464227705	CPU_4	89.53	0	9.30	0	0	1.16	0	0	0	0
1421337619349231718	CPU_4	89.77	0	9.09	0	0	0	1.13	0	0	0
1421337620204145288	CPU_4	91.95	0	6.89	0	0	1.14	0	0	0	0
1421337621064184049	CPU_4	91.76	0	8.23	0	0	0	0	0	0	0
1421337621932068993	CPU_4	89.65	0	9.19	0	0	1.14	0	0	0	0
1421337622794098789	CPU_4	86.20	0	9.19	0	3.44	0	1.14	0	0	0
1421337623654110218	CPU_4	88.37	0	10.46	0	0	1.16	0	0	0	0
1421337624509171995	CPU_4	91.76	0	8.23	0	0	0	0	0	0	0
1421337625369105132	CPU_4	89.65	0	8.04	0	0	1.14	1.14	0	0	0
1421337626224086785	CPU_4	89.41	0	10.58	0	0	0	0	0	0	0
1421337627079106604	CPU_4	87.05	0	11.76	0	0	1.17	0	0	0	0
1421337627939034574	CPU_4	89.53	0	9.30	0	0	1.16	0	0	0	0
1421337628794076852	CPU_4	88.37	0	10.46	0	0	0	1.16	0	0	0
1421337629649041463	CPU_4	90.69	0	8.13	0	0	1.16	0	0	0	0
1421337630509081224	CPU_4	90.58	0	9.41	0	0	0	0	0	0	0
1421337631369084944	CPU_4	89.65	0	8.04	0	0	1.14	1.14	0	0	0
1421337632219081697	CPU_4	92.94	0	7.05	0	0	0	0	0	0	0
1421337633074088058	CPU_4	91.76	0	7.05	0	0	1.17	0	0	0	0
1421337633931963243	CPU_4	90.58	0	9.41	0	0	0	0	0	0	0
1421337634789070014	CPU_4	89.65	0	8.04	0	0	1.14	1.14	0	0	0
1421337635649032609	CPU_4	91.76	0	8.23	0	0	0	0	0	0	0
1421337636509179536	CPU_4	94.18	0	4.65	0	0	1.16	0	0	0	0
1421337637369082715	CPU_4	87.35	0	10.34	0	0	1.14	1.14	0	0	0
1421337638221243752	CPU_4	53.48	0	11.62	34.88	0	0	0	0	0	0
