#Timestamp	CPU_ID	user%	nice%	sys%	idle%	iowait%	irq%	softiq%	steal%	guest%	guest_nice%
1428524811574182294	CPU_4	88.52	0	4.91	6.55	0	0	0	0	0	0
1428524812261668313	CPU_4	100.00	0	0	0	0	0	0	0	0	0
1428524812967126556	CPU_4	98.59	0	0	0	0	1.40	0	0	0	0
1428524813655747240	CPU_4	98.55	0	0	0	0	0	1.44	0	0	0
1428524814345270130	CPU_4	100.00	0	0	0	0	0	0	0	0	0
1428524815039913430	CPU_4	98.57	0	0	0	0	1.42	0	0	0	0
1428524815732616315	CPU_4	100.00	0	0	0	0	0	0	0	0	0
1428524816423534328	CPU_4	100.00	0	0	0	0	0	0	0	0	0
1428524817121675873	CPU_4	98.57	0	0	0	0	1.42	0	0	0	0
1428524817811038096	CPU_4	98.55	0	0	0	0	0	1.44	0	0	0
1428524818502007234	CPU_4	100.00	0	0	0	0	0	0	0	0	0
1428524819201293818	CPU_4	98.57	0	0	0	0	1.42	0	0	0	0
1428524819891704290	CPU_4	100.00	0	0	0	0	0	0	0	0	0
1428524820581853845	CPU_4	98.57	0	0	0	0	1.42	0	0	0	0
1428524821282014428	CPU_4	98.57	0	0	0	0	0	1.42	0	0	0
1428524821972983607	CPU_4	100.00	0	0	0	0	0	0	0	0	0
1428524822664590118	CPU_4	98.57	0	0	0	0	1.42	0	0	0	0
1428524823364546075	CPU_4	100.00	0	0	0	0	0	0	0	0	0
1428524824054978255	CPU_4	100.00	0	0	0	0	0	0	0	0	0
1428524824760711788	CPU_4	97.18	0	0	0	0	1.40	1.40	0	0	0
1428524825451929465	CPU_4	100.00	0	0	0	0	0	0	0	0	0
1428524826146281139	CPU_4	100.00	0	0	0	0	0	0	0	0	0
1428524826849227217	CPU_4	98.59	0	0	0	0	1.40	0	0	0	0
1428524827541409560	CPU_4	100.00	0	0	0	0	0	0	0	0	0
1428524828233195570	CPU_4	98.55	0	0	0	0	0	1.44	0	0	0
1428524828972137682	CPU_4	97.29	0	1.35	0	0	1.35	0	0	0	0
1428524829664263858	CPU_4	100.00	0	0	0	0	0	0	0	0	0
1428524830351532665	CPU_4	100.00	0	0	0	0	0	0	0	0	0
1428524831049745499	CPU_4	98.59	0	0	0	0	1.40	0	0	0	0
1428524831739911677	CPU_4	98.55	0	0	0	0	0	1.44	0	0	0
1428524832444328669	CPU_4	100.00	0	0	0	0	0	0	0	0	0
1428524833136005637	CPU_4	98.57	0	0	0	0	1.42	0	0	0	0
1428524833826650148	CPU_4	100.00	0	0	0	0	0	0	0	0	0
1428524834524273065	CPU_4	100.00	0	0	0	0	0	0	0	0	0
1428524835215159034	CPU_4	98.55	0	0	0	0	1.44	0	0	0	0
1428524835907837791	CPU_4	98.55	0	0	0	0	0	1.44	0	0	0
1428524836606438540	CPU_4	100.00	0	0	0	0	0	0	0	0	0
1428524837298195174	CPU_4	98.57	0	0	0	0	1.42	0	0	0	0
1428524837987191353	CPU_4	100.00	0	0	0	0	0	0	0	0	0
1428524838691056511	CPU_4	100.00	0	0	0	0	0	0	0	0	0
1428524839381874729	CPU_4	97.14	0	0	0	0	1.42	1.42	0	0	0
1428524840071290407	CPU_4	100.00	0	0	0	0	0	0	0	0	0
1428524840773180734	CPU_4	98.57	0	0	0	0	1.42	0	0	0	0
1428524841465164575	CPU_4	100.00	0	0	0	0	0	0	0	0	0
1428524842155257752	CPU_4	100.00	0	0	0	0	0	0	0	0	0
1428524842857532412	CPU_4	97.18	0	0	0	0	1.40	1.40	0	0	0
1428524843549677961	CPU_4	100.00	0	0	0	0	0	0	0	0	0
1428524844251018747	CPU_4	100.00	0	0	0	0	0	0	0	0	0
1428524844942453254	CPU_4	98.55	0	0	0	0	1.44	0	0	0	0
1428524845634089553	CPU_4	100.00	0	0	0	0	0	0	0	0	0
1428524846334454840	CPU_4	98.57	0	0	0	0	0	1.42	0	0	0
1428524847027195179	CPU_4	98.57	0	0	0	0	1.42	0	0	0	0
1428524847723105139	CPU_4	100.00	0	0	0	0	0	0	0	0	0
1428524848425115632	CPU_4	100.00	0	0	0	0	0	0	0	0	0
1428524849117501512	CPU_4	98.55	0	0	0	0	1.44	0	0	0	0
1428524849808379354	CPU_4	100.00	0	0	0	0	0	0	0	0	0
1428524850510675554	CPU_4	98.59	0	0	0	0	0	1.40	0	0	0
1428524851205388306	CPU_4	98.57	0	0	0	0	1.42	0	0	0	0
1428524851907153632	CPU_4	100.00	0	0	0	0	0	0	0	0	0
1428524852604278797	CPU_4	100.00	0	0	0	0	0	0	0	0	0
1428524853296351511	CPU_4	98.55	0	0	0	0	1.44	0	0	0	0
1428524853998071837	CPU_4	98.59	0	0	0	0	0	1.40	0	0	0
1428524854692568214	CPU_4	100.00	0	0	0	0	0	0	0	0	0
1428524855383409637	CPU_4	98.55	0	0	0	0	1.44	0	0	0	0
1428524856085790795	CPU_4	100.00	0	0	0	0	0	0	0	0	0
1428524856780209839	CPU_4	100.00	0	0	0	0	0	0	0	0	0
1428524857470985512	CPU_4	97.14	0	0	0	0	1.42	1.42	0	0	0
1428524858176559373	CPU_4	100.00	0	0	0	0	0	0	0	0	0
1428524858871424457	CPU_4	98.57	0	0	0	0	1.42	0	0	0	0
1428524859562379047	CPU_4	100.00	0	0	0	0	0	0	0	0	0
1428524860267408284	CPU_4	100.00	0	0	0	0	0	0	0	0	0
1428524860961438285	CPU_4	97.14	0	0	0	0	1.42	1.42	0	0	0
1428524861672117139	CPU_4	100.00	0	0	0	0	0	0	0	0	0
1428524862365407516	CPU_4	100.00	0	0	0	0	0	0	0	0	0
1428524863056612438	CPU_4	98.55	0	0	0	0	1.44	0	0	0	0
1428524863760824967	CPU_4	100.00	0	0	0	0	0	0	0	0	0
1428524864454094719	CPU_4	98.55	0	0	0	0	0	1.44	0	0	0
1428524865147577263	CPU_4	98.57	0	0	0	0	1.42	0	0	0	0
1428524865850239668	CPU_4	100.00	0	0	0	0	0	0	0	0	0
1428524866544684210	CPU_4	100.00	0	0	0	0	0	0	0	0	0
1428524867237559671	CPU_4	98.55	0	0	0	0	1.44	0	0	0	0
1428524867940817867	CPU_4	98.59	0	0	0	0	0	1.40	0	0	0
1428524868634471660	CPU_4	100.00	0	0	0	0	0	0	0	0	0
1428524869327420370	CPU_4	98.57	0	0	0	0	1.42	0	0	0	0
1428524870030463316	CPU_4	100.00	0	0	0	0	0	0	0	0	0
1428524870726923980	CPU_4	100.00	0	0	0	0	0	0	0	0	0
1428524871428196178	CPU_4	98.59	0	0	0	0	1.40	0	0	0	0
1428524872122080636	CPU_4	98.55	0	0	0	0	0	1.44	0	0	0
1428524872815744095	CPU_4	100.00	0	0	0	0	0	0	0	0	0
1428524873518522499	CPU_4	98.59	0	0	0	0	1.40	0	0	0	0
1428524874213769581	CPU_4	100.00	0	0	0	0	0	0	0	0	0
1428524874905825416	CPU_4	100.00	0	0	0	0	0	0	0	0	0
1428524875608515070	CPU_4	97.18	0	0	0	0	1.40	1.40	0	0	0
1428524876307880562	CPU_4	100.00	0	0	0	0	0	0	0	0	0
1428524876999420315	CPU_4	98.55	0	0	0	0	1.44	0	0	0	0
1428524877703932508	CPU_4	100.00	0	0	0	0	0	0	0	0	0
1428524878398750589	CPU_4	100.00	0	0	0	0	0	0	0	0	0
1428524879106429444	CPU_4	97.22	0	0	0	0	1.38	1.38	0	0	0
1428524879801436983	CPU_4	100.00	0	0	0	0	0	0	0	0	0
1428524880496991021	CPU_4	100.00	0	0	0	0	0	0	0	0	0
1428524881198399259	CPU_4	98.59	0	0	0	0	1.40	0	0	0	0
1428524881958754958	CPU_4	100.00	0	0	0	0	0	0	0	0	0
1428524882653222039	CPU_4	98.55	0	0	0	0	0	1.44	0	0	0
1428524883356332191	CPU_4	98.59	0	0	0	0	1.40	0	0	0	0
1428524884049981690	CPU_4	100.00	0	0	0	0	0	0	0	0	0
1428524884790678456	CPU_4	100.00	0	0	0	0	0	0	0	0	0
1428524885482033041	CPU_4	98.57	0	0	0	0	1.42	0	0	0	0
1428524886177947411	CPU_4	98.55	0	0	0	0	0	1.44	0	0	0
1428524886882783394	CPU_4	100.00	0	0	0	0	0	0	0	0	0
1428524887575247102	CPU_4	98.57	0	0	0	0	1.42	0	0	0	0
1428524888270555181	CPU_4	100.00	0	0	0	0	0	0	0	0	0
1428524888974735039	CPU_4	100.00	0	0	0	0	0	0	0	0	0
1428524889669814285	CPU_4	97.14	0	0	0	0	1.42	1.42	0	0	0
1428524890372962394	CPU_4	100.00	0	0	0	0	0	0	0	0	0
1428524891073092383	CPU_4	100.00	0	0	0	0	0	0	0	0	0
1428524891766863797	CPU_4	98.55	0	0	0	0	1.44	0	0	0	0
1428524892471013404	CPU_4	100.00	0	0	0	0	0	0	0	0	0
1428524893167873522	CPU_4	98.59	0	0	0	0	1.40	0	0	0	0
1428524893861544436	CPU_4	98.55	0	0	0	0	0	1.44	0	0	0
1428524894566094043	CPU_4	100.00	0	0	0	0	0	0	0	0	0
1428524895292199744	CPU_4	98.63	0	0	0	0	1.36	0	0	0	0
1428524895985632783	CPU_4	100.00	0	0	0	0	0	0	0	0	0
1428524896691665554	CPU_4	100.00	0	0	0	0	0	0	0	0	0
1428524897389383587	CPU_4	97.18	0	0	0	0	1.40	1.40	0	0	0
1428524898092167529	CPU_4	100.00	0	0	0	0	0	0	0	0	0
1428524898789845686	CPU_4	100.00	0	0	0	0	0	0	0	0	0
1428524899485447846	CPU_4	98.57	0	0	0	0	1.42	0	0	0	0
1428524900188930037	CPU_4	100.00	0	0	0	0	0	0	0	0	0
1428524900886068070	CPU_4	98.55	0	0	0	0	0	1.44	0	0	0
1428524901578493776	CPU_4	98.57	0	0	0	0	1.42	0	0	0	0
1428524902284995337	CPU_4	100.00	0	0	0	0	0	0	0	0	0
1428524902980313164	CPU_4	100.00	0	0	0	0	0	0	0	0	0
1428524903685487893	CPU_4	98.59	0	0	0	0	1.40	0	0	0	0
1428524904396862239	CPU_4	98.59	0	0	0	0	0	1.40	0	0	0
1428524905171344539	CPU_4	100.00	0	0	0	0	0	0	0	0	0
1428524905908415557	CPU_4	98.64	0	0	0	0	1.35	0	0	0	0
1428524906603906633	CPU_4	100.00	0	0	0	0	0	0	0	0	0
1428524907304798951	CPU_4	100.00	0	0	0	0	0	0	0	0	0
1428524908004974853	CPU_4	97.22	0	0	0	0	1.38	1.38	0	0	0
1428524908698012891	CPU_4	100.00	0	0	0	0	0	0	0	0	0
1428524909402867870	CPU_4	98.57	0	0	0	0	1.42	0	0	0	0
1428524910097290488	CPU_4	100.00	0	0	0	0	0	0	0	0	0
1428524910791981398	CPU_4	100.00	0	0	0	0	0	0	0	0	0
1428524911496923751	CPU_4	97.22	0	0	0	0	1.38	1.38	0	0	0
1428524912192373076	CPU_4	100.00	0	0	0	0	0	0	0	0	0
1428524912887517777	CPU_4	100.00	0	0	0	0	0	0	0	0	0
1428524913592045839	CPU_4	98.59	0	0	0	0	1.40	0	0	0	0
1428524914290225535	CPU_4	100.00	0	0	0	0	0	0	0	0	0
1428524914985797693	CPU_4	98.55	0	0	0	0	0	1.44	0	0	0
1428524915691247253	CPU_4	98.59	0	0	0	0	1.40	0	0	0	0
1428524916422753402	CPU_4	100.00	0	0	0	0	0	0	0	0	0
1428524917125691716	CPU_4	100.00	0	0	0	0	0	0	0	0	0
1428524917822242747	CPU_4	98.57	0	0	0	0	1.42	0	0	0	0
1428524918517307655	CPU_4	98.55	0	0	0	0	0	1.44	0	0	0
1428524919219505470	CPU_4	100.00	0	0	0	0	0	0	0	0	0
1428524919915973709	CPU_4	98.57	0	0	0	0	1.42	0	0	0	0
1428524920611737324	CPU_4	100.00	0	0	0	0	0	0	0	0	0
1428524921314723845	CPU_4	100.00	0	0	0	0	0	0	0	0	0
1428524922010889709	CPU_4	98.57	0	0	0	0	1.42	0	0	0	0
1428524922717366017	CPU_4	98.57	0	0	0	0	0	1.42	0	0	0
1428524923411834425	CPU_4	100.00	0	0	0	0	0	0	0	0	0
1428524924106550958	CPU_4	98.55	0	0	0	0	1.44	0	0	0	0
1428524924812272683	CPU_4	100.00	0	0	0	0	0	0	0	0	0
1428524925506576508	CPU_4	100.00	0	0	0	0	0	0	0	0	0
1428524926202117581	CPU_4	97.14	0	0	0	0	1.42	1.42	0	0	0
1428524926942516299	CPU_4	100.00	0	0	0	0	0	0	0	0	0
1428524927636318624	CPU_4	98.55	0	0	0	0	1.44	0	0	0	0
1428524928342835223	CPU_4	100.00	0	0	0	0	0	0	0	0	0
1428524929044404495	CPU_4	100.00	0	0	0	0	0	0	0	0	0
1428524929737711320	CPU_4	97.14	0	0	0	0	1.42	1.42	0	0	0
1428524930443600419	CPU_4	100.00	0	0	0	0	0	0	0	0	0
1428524931138496617	CPU_4	100.00	0	0	0	0	0	0	0	0	0
1428524931867549851	CPU_4	98.61	0	0	0	0	1.38	0	0	0	0
1428524932572809242	CPU_4	100.00	0	0	0	0	0	0	0	0	0
1428524933271769809	CPU_4	98.57	0	0	0	0	0	1.42	0	0	0
1428524933966180132	CPU_4	98.57	0	0	0	0	1.42	0	0	0	0
1428524934671309398	CPU_4	100.00	0	0	0	0	0	0	0	0	0
1428524935369457508	CPU_4	100.00	0	0	0	0	0	0	0	0	0
1428524936072852693	CPU_4	98.59	0	0	0	0	1.40	0	0	0	0
1428524936770040845	CPU_4	98.57	0	0	0	0	0	1.42	0	0	0
1428524937463600794	CPU_4	100.00	0	0	0	0	0	0	0	0	0
1428524938168972518	CPU_4	98.59	0	0	0	0	1.40	0	0	0	0
1428524938864815630	CPU_4	100.00	0	0	0	0	0	0	0	0	0
1428524939558303453	CPU_4	100.00	0	0	0	0	0	0	0	0	0
1428524940264861300	CPU_4	97.22	0	0	0	0	1.38	1.38	0	0	0
1428524940962263118	CPU_4	100.00	0	0	0	0	0	0	0	0	0
1428524941666029885	CPU_4	100.00	0	0	0	0	0	0	0	0	0
1428524942386418587	CPU_4	98.61	0	0	0	0	1.38	0	0	0	0
1428524943085077528	CPU_4	100.00	0	0	0	0	0	0	0	0	0
1428524943790011960	CPU_4	100.00	0	0	0	0	0	0	0	0	0
1428524944485919487	CPU_4	97.18	0	0	0	0	1.40	1.40	0	0	0
1428524945182357764	CPU_4	100.00	0	0	0	0	0	0	0	0	0
1428524945887854362	CPU_4	100.00	0	0	0	0	0	0	0	0	0
1428524946583743389	CPU_4	98.57	0	0	0	0	1.42	0	0	0	0
1428524947281024123	CPU_4	100.00	0	0	0	0	0	0	0	0	0
1428524947984636306	CPU_4	97.22	0	0	0	0	1.38	1.38	0	0	0
1428524948681667540	CPU_4	100.00	0	0	0	0	0	0	0	0	0
1428524949388039385	CPU_4	100.00	0	0	0	0	0	0	0	0	0
1428524950084027454	CPU_4	98.57	0	0	0	0	1.42	0	0	0	0
1428524950782293561	CPU_4	100.00	0	0	0	0	0	0	0	0	0
1428524951511864540	CPU_4	98.63	0	0	0	0	0	1.36	0	0	0
1428524952206318152	CPU_4	98.57	0	0	0	0	1.42	0	0	0	0
1428524952944030078	CPU_4	100.00	0	0	0	0	0	0	0	0	0
1428524953644859264	CPU_4	100.00	0	0	0	0	0	0	0	0	0
1428524954340591957	CPU_4	98.57	0	0	0	0	1.42	0	0	0	0
1428524955046650136	CPU_4	98.59	0	0	0	0	0	1.40	0	0	0
1428524955746301990	CPU_4	100.00	0	0	0	0	0	0	0	0	0
1428524956442264016	CPU_4	98.57	0	0	0	0	1.42	0	0	0	0
1428524957147909403	CPU_4	100.00	0	0	0	0	0	0	0	0	0
1428524957844822302	CPU_4	100.00	0	0	0	0	0	0	0	0	0
1428524958539988912	CPU_4	97.14	0	0	0	0	1.42	1.42	0	0	0
1428524959246411673	CPU_4	100.00	0	0	0	0	0	0	0	0	0
1428524959943869529	CPU_4	100.00	0	0	0	0	0	0	0	0	0
1428524960652797036	CPU_4	98.59	0	0	0	0	1.40	0	0	0	0
1428524961351185599	CPU_4	100.00	0	0	0	0	0	0	0	0	0
1428524962047562790	CPU_4	98.57	0	0	0	0	0	1.42	0	0	0
1428524962752288011	CPU_4	98.59	0	0	0	0	1.40	0	0	0	0
1428524963481569948	CPU_4	100.00	0	0	0	0	0	0	0	0	0
1428524964178260888	CPU_4	100.00	0	0	0	0	0	0	0	0	0
1428524964883538233	CPU_4	98.59	0	0	0	0	1.40	0	0	0	0
1428524965581055380	CPU_4	100.00	0	0	0	0	0	0	0	0	0
1428524966295514961	CPU_4	97.22	0	0	0	0	1.38	1.38	0	0	0
1428524966992339943	CPU_4	100.00	0	0	0	0	0	0	0	0	0
1428524967691494462	CPU_4	100.00	0	0	0	0	0	0	0	0	0
1428524968399758927	CPU_4	98.61	0	0	0	0	1.38	0	0	0	0
1428524969096349367	CPU_4	100.00	0	0	0	0	0	0	0	0	0
1428524969794211930	CPU_4	98.57	0	0	0	0	0	1.42	0	0	0
1428524970501399437	CPU_4	98.59	0	0	0	0	1.40	0	0	0	0
1428524971196884587	CPU_4	100.00	0	0	0	0	0	0	0	0	0
1428524971894551733	CPU_4	100.00	0	0	0	0	0	0	0	0	0
1428524972601315991	CPU_4	98.59	0	0	0	0	1.40	0	0	0	0
1428524973297136181	CPU_4	98.57	0	0	0	0	0	1.42	0	0	0
1428524974036159060	CPU_4	100.00	0	0	0	0	0	0	0	0	0
1428524974734093372	CPU_4	98.57	0	0	0	0	1.42	0	0	0	0
1428524975430260270	CPU_4	100.00	0	0	0	0	0	0	0	0	0
1428524976137104902	CPU_4	100.00	0	0	0	0	0	0	0	0	0
1428524976836180879	CPU_4	97.18	0	0	0	0	1.40	1.40	0	0	0
1428524977531240736	CPU_4	100.00	0	0	0	0	0	0	0	0	0
1428524978238304659	CPU_4	100.00	0	0	0	0	0	0	0	0	0
1428524978937533927	CPU_4	98.57	0	0	0	0	1.42	0	0	0	0
1428524979645690849	CPU_4	100.00	0	0	0	0	0	0	0	0	0
1428524980345125074	CPU_4	98.57	0	0	0	0	0	1.42	0	0	0
1428524981044011800	CPU_4	98.59	0	0	0	0	1.40	0	0	0	0
1428524981750197808	CPU_4	100.00	0	0	0	0	0	0	0	0	0
1428524982449613950	CPU_4	100.00	0	0	0	0	0	0	0	0	0
1428524983148594592	CPU_4	98.59	0	0	0	0	1.40	0	0	0	0
1428524983869802703	CPU_4	98.57	0	0	0	0	0	1.42	0	0	0
1428524984567927097	CPU_4	98.61	0	0	0	0	1.38	0	0	0	0
1428524985279564679	CPU_4	100.00	0	0	0	0	0	0	0	0	0
1428524985977847447	CPU_4	100.00	0	0	0	0	0	0	0	0	0
1428524986677641588	CPU_4	98.57	0	0	0	0	1.42	0	0	0	0
1428524987387067840	CPU_4	98.61	0	0	0	0	0	1.38	0	0	0
1428524988084106026	CPU_4	100.00	0	0	0	0	0	0	0	0	0
1428524988782938835	CPU_4	98.59	0	0	0	0	1.40	0	0	0	0
1428524989491414754	CPU_4	100.00	0	0	0	0	0	0	0	0	0
1428524990187995191	CPU_4	100.00	0	0	0	0	0	0	0	0	0
1428524990888378997	CPU_4	97.18	0	0	0	0	1.40	1.40	0	0	0
1428524991596637333	CPU_4	100.00	0	0	0	0	0	0	0	0	0
1428524992293382644	CPU_4	100.00	0	0	0	0	0	0	0	0	0
1428524993002351729	CPU_4	98.59	0	0	0	0	1.40	0	0	0	0
1428524993701383620	CPU_4	100.00	0	0	0	0	0	0	0	0	0
1428524994409973539	CPU_4	98.61	0	0	0	0	0	1.38	0	0	0
1428524995118925290	CPU_4	98.59	0	0	0	0	1.40	0	0	0	0
1428524995817973056	CPU_4	100.00	0	0	0	0	0	0	0	0	0
1428524996516729196	CPU_4	100.00	0	0	0	0	0	0	0	0	0
1428524997224511033	CPU_4	98.59	0	0	0	0	1.40	0	0	0	0
1428524997923304756	CPU_4	100.00	0	0	0	0	0	0	0	0	0
1428524998632723715	CPU_4	98.59	0	0	0	0	0	1.40	0	0	0
1428524999331574647	CPU_4	98.57	0	0	0	0	1.42	0	0	0	0
1428525000031056661	CPU_4	100.00	0	0	0	0	0	0	0	0	0
1428525000737556957	CPU_4	100.00	0	0	0	0	0	0	0	0	0
1428525001436595721	CPU_4	98.57	0	0	0	0	1.42	0	0	0	0
1428525002136050943	CPU_4	98.57	0	0	0	0	0	1.42	0	0	0
1428525002842305156	CPU_4	98.59	0	0	0	0	1.40	0	0	0	0
1428525003541425378	CPU_4	100.00	0	0	0	0	0	0	0	0	0
1428525004254905664	CPU_4	100.00	0	0	0	0	0	0	0	0	0
1428525004953871928	CPU_4	98.59	0	0	0	0	1.40	0	0	0	0
1428525005651970651	CPU_4	98.57	0	0	0	0	0	1.42	0	0	0
1428525006360250902	CPU_4	100.00	0	0	0	0	0	0	0	0	0
1428525007058977166	CPU_4	98.57	0	0	0	0	1.42	0	0	0	0
1428525007757945263	CPU_4	100.00	0	0	0	0	0	0	0	0	0
1428525008467865386	CPU_4	100.00	0	0	0	0	0	0	0	0	0
1428525009164963652	CPU_4	97.18	0	0	0	0	1.40	1.40	0	0	0
1428525009864170874	CPU_4	100.00	0	0	0	0	0	0	0	0	0
1428525010575078120	CPU_4	100.00	0	0	0	0	0	0	0	0	0
1428525011271755261	CPU_4	98.57	0	0	0	0	1.42	0	0	0	0
1428525011980575052	CPU_4	100.00	0	0	0	0	0	0	0	0	0
1428525012681121021	CPU_4	98.59	0	0	0	0	0	1.40	0	0	0
1428525013378518328	CPU_4	98.57	0	0	0	0	1.42	0	0	0	0
1428525014086898202	CPU_4	100.00	0	0	0	0	0	0	0	0	0
1428525014787209713	CPU_4	100.00	0	0	0	0	0	0	0	0	0
1428525015485752268	CPU_4	98.57	0	0	0	0	1.42	0	0	0	0
1428525016226902429	CPU_4	98.64	0	0	0	0	0	1.35	0	0	0
1428525016926626107	CPU_4	100.00	0	0	0	0	0	0	0	0	0
1428525017633582983	CPU_4	98.61	0	0	0	0	1.38	0	0	0	0
1428525018332861577	CPU_4	100.00	0	0	0	0	0	0	0	0	0
1428525019032812005	CPU_4	98.59	0	0	0	0	1.40	0	0	0	0
1428525019739502506	CPU_4	98.59	0	0	0	0	0	1.40	0	0	0
1428525020439875599	CPU_4	100.00	0	0	0	0	0	0	0	0	0
1428525021139560276	CPU_4	98.57	0	0	0	0	1.42	0	0	0	0
1428525021846920859	CPU_4	100.00	0	0	0	0	0	0	0	0	0
1428525022547527910	CPU_4	100.00	0	0	0	0	0	0	0	0	0
1428525023259809152	CPU_4	97.22	0	0	0	0	1.38	1.38	0	0	0
1428525023964006073	CPU_4	100.00	0	0	0	0	0	0	0	0	0
1428525024666301871	CPU_4	100.00	0	0	0	0	0	0	0	0	0
1428525025376297366	CPU_4	98.59	0	0	0	0	1.40	0	0	0	0
1428525026075046377	CPU_4	100.00	0	0	0	0	0	0	0	0	0
1428525026798565812	CPU_4	98.63	0	0	0	0	0	1.36	0	0	0
1428525027508950639	CPU_4	98.59	0	0	0	0	1.40	0	0	0	0
1428525028206646568	CPU_4	100.00	0	0	0	0	0	0	0	0	0
1428525028917092313	CPU_4	100.00	0	0	0	0	0	0	0	0	0
1428525029643366409	CPU_4	98.63	0	0	0	0	1.36	0	0	0	0
1428525030343072335	CPU_4	98.57	0	0	0	0	0	1.42	0	0	0
1428525031052805580	CPU_4	100.00	0	0	0	0	0	0	0	0	0
1428525031752777380	CPU_4	98.57	0	0	0	0	1.42	0	0	0	0
1428525032451925265	CPU_4	100.00	0	0	0	0	0	0	0	0	0
1428525033161936759	CPU_4	98.61	0	0	0	0	1.38	0	0	0	0
1428525033860738144	CPU_4	98.57	0	0	0	0	0	1.42	0	0	0
1428525034572747135	CPU_4	100.00	0	0	0	0	0	0	0	0	0
1428525035271878936	CPU_4	98.57	0	0	0	0	1.42	0	0	0	0
1428525035973252275	CPU_4	100.00	0	0	0	0	0	0	0	0	0
1428525036682614770	CPU_4	100.00	0	0	0	0	0	0	0	0	0
1428525037381764945	CPU_4	98.59	0	0	0	0	1.40	0	0	0	0
1428525038082540910	CPU_4	98.57	0	0	0	0	0	1.42	0	0	0
1428525038793395319	CPU_4	100.00	0	0	0	0	0	0	0	0	0
1428525039492640952	CPU_4	98.57	0	0	0	0	1.42	0	0	0	0
1428525040203367861	CPU_4	100.00	0	0	0	0	0	0	0	0	0
1428525040905299824	CPU_4	100.00	0	0	0	0	0	0	0	0	0
1428525041605788663	CPU_4	97.18	0	0	0	0	1.40	1.40	0	0	0
1428525042336798668	CPU_4	100.00	0	0	0	0	0	0	0	0	0
1428525043038316214	CPU_4	100.00	0	0	0	0	0	0	0	0	0
1428525043736653807	CPU_4	98.57	0	0	0	0	1.42	0	0	0	0
1428525044447989797	CPU_4	100.00	0	0	0	0	0	0	0	0	0
1428525045148844636	CPU_4	98.59	0	0	0	0	0	1.40	0	0	0
1428525045856008924	CPU_4	98.59	0	0	0	0	1.40	0	0	0	0
1428525046557423011	CPU_4	100.00	0	0	0	0	0	0	0	0	0
1428525047258296225	CPU_4	100.00	0	0	0	0	0	0	0	0	0
1428525047969650923	CPU_4	98.61	0	0	0	0	1.38	0	0	0	0
1428525048668600889	CPU_4	98.57	0	0	0	0	0	1.42	0	0	0
1428525049368858436	CPU_4	98.57	0	0	0	0	1.42	0	0	0	0
1428525050077519471	CPU_4	100.00	0	0	0	0	0	0	0	0	0
1428525050777729060	CPU_4	100.00	0	0	0	0	0	0	0	0	0
1428525051487479968	CPU_4	98.59	0	0	0	0	1.40	0	0	0	0
1428525052188928471	CPU_4	98.59	0	0	0	0	0	1.40	0	0	0
1428525052889589184	CPU_4	100.00	0	0	0	0	0	0	0	0	0
1428525053600544007	CPU_4	98.59	0	0	0	0	1.40	0	0	0	0
1428525054298069391	CPU_4	100.00	0	0	0	0	0	0	0	0	0
1428525054999258686	CPU_4	100.00	0	0	0	0	0	0	0	0	0
1428525055708073261	CPU_4	97.22	0	0	0	0	1.38	1.38	0	0	0
1428525056406144894	CPU_4	100.00	0	0	0	0	0	0	0	0	0
1428525057119192255	CPU_4	100.00	0	0	0	0	0	0	0	0	0
1428525057820434758	CPU_4	98.59	0	0	0	0	1.40	0	0	0	0
1428525058520007388	CPU_4	100.00	0	0	0	0	0	0	0	0	0
1428525059230561961	CPU_4	98.61	0	0	0	0	0	1.38	0	0	0
1428525059931162006	CPU_4	98.57	0	0	0	0	1.42	0	0	0	0
1428525060631419509	CPU_4	100.00	0	0	0	0	0	0	0	0	0
1428525061342758664	CPU_4	100.00	0	0	0	0	0	0	0	0	0
1428525062044730415	CPU_4	98.59	0	0	0	0	1.40	0	0	0	0
1428525062749424662	CPU_4	98.57	0	0	0	0	0	1.42	0	0	0
1428525063455924573	CPU_4	98.61	0	0	0	0	1.38	0	0	0	0
1428525064156330201	CPU_4	100.00	0	0	0	0	0	0	0	0	0
1428525064865232401	CPU_4	100.00	0	0	0	0	0	0	0	0	0
1428525065566175903	CPU_4	98.57	0	0	0	0	1.42	0	0	0	0
1428525066267722112	CPU_4	98.59	0	0	0	0	0	1.40	0	0	0
1428525066975300563	CPU_4	100.00	0	0	0	0	0	0	0	0	0
1428525067677278813	CPU_4	98.59	0	0	0	0	1.40	0	0	0	0
1428525068377950023	CPU_4	100.00	0	0	0	0	0	0	0	0	0
1428525069092088131	CPU_4	100.00	0	0	0	0	0	0	0	0	0
1428525069792832300	CPU_4	97.22	0	0	0	0	1.38	1.38	0	0	0
1428525070504398036	CPU_4	100.00	0	0	0	0	0	0	0	0	0
1428525071203117123	CPU_4	100.00	0	0	0	0	0	0	0	0	0
1428525071904730874	CPU_4	98.57	0	0	0	0	1.42	0	0	0	0
1428525072615848735	CPU_4	100.00	0	0	0	0	0	0	0	0	0
1428525073315991570	CPU_4	98.57	0	0	0	0	0	1.42	0	0	0
1428525074023028563	CPU_4	98.59	0	0	0	0	1.40	0	0	0	0
1428525074730885762	CPU_4	100.00	0	0	0	0	0	0	0	0	0
1428525075430336098	CPU_4	98.57	0	0	0	0	1.42	0	0	0	0
1428525076142137666	CPU_4	100.00	0	0	0	0	0	0	0	0	0
1428525076843776999	CPU_4	98.57	0	0	0	0	0	1.42	0	0	0
1428525077544090417	CPU_4	98.59	0	0	0	0	1.40	0	0	0	0
1428525078257507066	CPU_4	100.00	0	0	0	0	0	0	0	0	0
1428525078959031606	CPU_4	100.00	0	0	0	0	0	0	0	0	0
1428525079664747266	CPU_4	98.59	0	0	0	0	1.40	0	0	0	0
1428525080371173675	CPU_4	98.59	0	0	0	0	0	1.40	0	0	0
1428525081072692174	CPU_4	100.00	0	0	0	0	0	0	0	0	0
1428525081784396491	CPU_4	98.61	0	0	0	0	1.38	0	0	0	0
1428525082484860200	CPU_4	100.00	0	0	0	0	0	0	0	0	0
1428525083187085656	CPU_4	100.00	0	0	0	0	0	0	0	0	0
1428525083897457517	CPU_4	98.59	0	0	0	0	1.40	0	0	0	0
1428525084601893136	CPU_4	98.59	0	0	0	0	0	1.40	0	0	0
1428525085313076245	CPU_4	100.00	0	0	0	0	0	0	0	0	0
1428525086022439524	CPU_4	98.59	0	0	0	0	1.40	0	0	0	0
1428525086722230566	CPU_4	100.00	0	0	0	0	0	0	0	0	0
1428525087434342882	CPU_4	100.00	0	0	0	0	0	0	0	0	0
1428525088137371045	CPU_4	97.18	0	0	0	0	1.40	1.40	0	0	0
1428525088836923670	CPU_4	100.00	0	0	0	0	0	0	0	0	0
1428525089548406528	CPU_4	100.00	0	0	0	0	0	0	0	0	0
1428525090252121898	CPU_4	98.59	0	0	0	0	1.40	0	0	0	0
1428525090963026799	CPU_4	100.00	0	0	0	0	0	0	0	0	0
1428525091666937334	CPU_4	97.22	0	0	0	0	1.38	1.38	0	0	0
1428525092372335992	CPU_4	100.00	0	0	0	0	0	0	0	0	0
1428525093084996682	CPU_4	100.00	0	0	0	0	0	0	0	0	0
1428525093784922806	CPU_4	98.59	0	0	0	0	1.40	0	0	0	0
1428525094488449883	CPU_4	100.00	0	0	0	0	0	0	0	0	0
1428525095199715450	CPU_4	98.59	0	0	0	0	0	1.40	0	0	0
1428525095901554071	CPU_4	98.57	0	0	0	0	1.42	0	0	0	0
1428525096615793174	CPU_4	100.00	0	0	0	0	0	0	0	0	0
1428525097317268629	CPU_4	100.00	0	0	0	0	0	0	0	0	0
1428525098017492211	CPU_4	98.57	0	0	0	0	1.42	0	0	0	0
1428525098729672608	CPU_4	98.61	0	0	0	0	0	1.38	0	0	0
1428525099429891065	CPU_4	100.00	0	0	0	0	0	0	0	0	0
1428525100135329388	CPU_4	98.57	0	0	0	0	1.42	0	0	0	0
1428525100844772998	CPU_4	100.00	0	0	0	0	0	0	0	0	0
1428525101545558870	CPU_4	100.00	0	0	0	0	0	0	0	0	0
1428525102254578563	CPU_4	97.18	0	0	0	0	1.40	1.40	0	0	0
1428525102961066010	CPU_4	100.00	0	0	0	0	0	0	0	0	0
1428525103660807341	CPU_4	100.00	0	0	0	0	0	0	0	0	0
1428525104371355532	CPU_4	98.59	0	0	0	0	1.40	0	0	0	0
1428525105072826152	CPU_4	100.00	0	0	0	0	0	0	0	0	0
1428525105772871233	CPU_4	98.59	0	0	0	0	0	1.40	0	0	0
1428525106483921714	CPU_4	98.61	0	0	0	0	1.38	0	0	0	0
1428525107186488583	CPU_4	100.00	0	0	0	0	0	0	0	0	0
1428525107892618780	CPU_4	98.59	0	0	0	0	1.40	0	0	0	0
1428525108599658558	CPU_4	100.00	0	0	0	0	0	0	0	0	0
1428525109301539427	CPU_4	98.57	0	0	0	0	0	1.42	0	0	0
1428525110010358161	CPU_4	98.59	0	0	0	0	1.40	0	0	0	0
1428525110715950400	CPU_4	100.00	0	0	0	0	0	0	0	0	0
1428525111418960017	CPU_4	100.00	0	0	0	0	0	0	0	0	0
1428525112130320747	CPU_4	98.61	0	0	0	0	1.38	0	0	0	0
1428525112832605907	CPU_4	98.57	0	0	0	0	0	1.42	0	0	0
1428525113551730459	CPU_4	100.00	0	0	0	0	0	0	0	0	0
1428525114258283571	CPU_4	98.61	0	0	0	0	1.38	0	0	0	0
1428525114958428108	CPU_4	100.00	0	0	0	0	0	0	0	0	0
1428525115670995378	CPU_4	100.00	0	0	0	0	0	0	0	0	0
1428525116375050243	CPU_4	97.22	0	0	0	0	1.38	1.38	0	0	0
1428525117076352570	CPU_4	100.00	0	0	0	0	0	0	0	0	0
1428525117790354462	CPU_4	100.00	0	0	0	0	0	0	0	0	0
1428525118491881163	CPU_4	98.57	0	0	0	0	1.42	0	0	0	0
1428525119202522060	CPU_4	100.00	0	0	0	0	0	0	0	0	0
1428525119905825801	CPU_4	98.59	0	0	0	0	0	1.40	0	0	0
1428525120612294911	CPU_4	98.59	0	0	0	0	1.40	0	0	0	0
1428525121325301804	CPU_4	100.00	0	0	0	0	0	0	0	0	0
1428525122027741463	CPU_4	100.00	0	0	0	0	0	0	0	0	0
1428525122732265951	CPU_4	98.59	0	0	0	0	1.40	0	0	0	0
1428525123443574388	CPU_4	98.59	0	0	0	0	0	1.40	0	0	0
1428525124146821294	CPU_4	98.59	0	0	0	0	1.40	0	0	0	0
1428525124858726147	CPU_4	100.00	0	0	0	0	0	0	0	0	0
1428525125559267307	CPU_4	100.00	0	0	0	0	0	0	0	0	0
1428525126262631088	CPU_4	98.59	0	0	0	0	1.40	0	0	0	0
1428525126973999358	CPU_4	100.00	0	0	0	0	0	0	0	0	0
1428525127675769349	CPU_4	98.57	0	0	0	0	0	1.42	0	0	0
1428525128378250506	CPU_4	98.59	0	0	0	0	1.40	0	0	0	0
1428525129092556313	CPU_4	100.00	0	0	0	0	0	0	0	0	0
1428525129793526972	CPU_4	100.00	0	0	0	0	0	0	0	0	0
1428525130507312071	CPU_4	98.59	0	0	0	0	1.40	0	0	0	0
1428525131210789643	CPU_4	98.59	0	0	0	0	0	1.40	0	0	0
1428525131912603009	CPU_4	100.00	0	0	0	0	0	0	0	0	0
1428525132624822318	CPU_4	98.59	0	0	0	0	1.40	0	0	0	0
1428525133327116891	CPU_4	100.00	0	0	0	0	0	0	0	0	0
1428525134029328339	CPU_4	100.00	0	0	0	0	0	0	0	0	0
1428525134742295314	CPU_4	97.22	0	0	0	0	1.38	1.38	0	0	0
1428525135445769052	CPU_4	100.00	0	0	0	0	0	0	0	0	0
1428525136160346607	CPU_4	100.00	0	0	0	0	0	0	0	0	0
1428525136862174889	CPU_4	98.59	0	0	0	0	1.40	0	0	0	0
1428525137565404960	CPU_4	100.00	0	0	0	0	0	0	0	0	0
1428525138278446475	CPU_4	98.61	0	0	0	0	0	1.38	0	0	0
1428525138979543674	CPU_4	98.57	0	0	0	0	1.42	0	0	0	0
1428525139699777263	CPU_4	100.00	0	0	0	0	0	0	0	0	0
1428525140402053835	CPU_4	98.59	0	0	0	0	1.40	0	0	0	0
1428525141102707784	CPU_4	100.00	0	0	0	0	0	0	0	0	0
1428525141815087008	CPU_4	98.59	0	0	0	0	0	1.40	0	0	0
1428525142520368701	CPU_4	98.59	0	0	0	0	1.40	0	0	0	0
1428525143221687108	CPU_4	100.00	0	0	0	0	0	0	0	0	0
1428525143938145534	CPU_4	100.00	0	0	0	0	0	0	0	0	0
1428525144644970432	CPU_4	98.59	0	0	0	0	1.40	0	0	0	0
1428525145354722785	CPU_4	98.61	0	0	0	0	0	1.38	0	0	0
1428525146057157523	CPU_4	100.00	0	0	0	0	0	0	0	0	0
1428525146761164050	CPU_4	98.59	0	0	0	0	1.40	0	0	0	0
1428525147479932889	CPU_4	100.00	0	0	0	0	0	0	0	0	0
1428525148183557583	CPU_4	100.00	0	0	0	0	0	0	0	0	0
1428525148888114901	CPU_4	97.18	0	0	0	0	1.40	1.40	0	0	0
1428525149628282000	CPU_4	100.00	0	0	0	0	0	0	0	0	0
1428525150331026070	CPU_4	100.00	0	0	0	0	0	0	0	0	0
1428525151044382667	CPU_4	98.61	0	0	0	0	1.38	0	0	0	0
1428525151746922070	CPU_4	100.00	0	0	0	0	0	0	0	0	0
1428525152452274053	CPU_4	98.59	0	0	0	0	0	1.40	0	0	0
1428525153166300481	CPU_4	98.61	0	0	0	0	1.38	0	0	0	0
1428525153870659298	CPU_4	100.00	0	0	0	0	0	0	0	0	0
1428525154580493108	CPU_4	98.61	0	0	0	0	1.38	0	0	0	0
1428525155284412884	CPU_4	100.00	0	0	0	0	0	0	0	0	0
1428525155987979368	CPU_4	98.59	0	0	0	0	0	1.40	0	0	0
1428525156700674798	CPU_4	98.59	0	0	0	0	1.40	0	0	0	0
1428525157405977905	CPU_4	100.00	0	0	0	0	0	0	0	0	0
1428525158109047849	CPU_4	100.00	0	0	0	0	0	0	0	0	0
1428525158821000238	CPU_4	98.61	0	0	0	0	1.38	0	0	0	0
1428525159525342887	CPU_4	98.59	0	0	0	0	0	1.40	0	0	0
1428525160239309106	CPU_4	100.00	0	0	0	0	0	0	0	0	0
1428525160942945632	CPU_4	98.59	0	0	0	0	1.40	0	0	0	0
1428525161646751574	CPU_4	100.00	0	0	0	0	0	0	0	0	0
1428525162360589418	CPU_4	100.00	0	0	0	0	0	0	0	0	0
1428525163065448358	CPU_4	97.22	0	0	0	0	1.38	1.38	0	0	0
1428525163767909843	CPU_4	100.00	0	0	0	0	0	0	0	0	0
1428525164481916312	CPU_4	100.00	0	0	0	0	0	0	0	0	0
1428525165188260708	CPU_4	98.59	0	0	0	0	1.40	0	0	0	0
1428525165899519721	CPU_4	100.00	0	0	0	0	0	0	0	0	0
1428525166604846119	CPU_4	98.59	0	0	0	0	0	1.40	0	0	0
1428525167310038224	CPU_4	98.59	0	0	0	0	1.40	0	0	0	0
1428525168025203982	CPU_4	100.00	0	0	0	0	0	0	0	0	0
1428525168730521588	CPU_4	98.59	0	0	0	0	1.40	0	0	0	0
1428525169450166172	CPU_4	100.00	0	0	0	0	0	0	0	0	0
1428525170151112575	CPU_4	98.59	0	0	0	0	0	1.40	0	0	0
1428525170856571430	CPU_4	98.59	0	0	0	0	1.40	0	0	0	0
1428525171570925647	CPU_4	100.00	0	0	0	0	0	0	0	0	0
1428525172273558339	CPU_4	100.00	0	0	0	0	0	0	0	0	0
1428525172977562195	CPU_4	98.57	0	0	0	0	1.42	0	0	0	0
1428525173692441244	CPU_4	98.61	0	0	0	0	0	1.38	0	0	0
1428525174395544769	CPU_4	100.00	0	0	0	0	0	0	0	0	0
1428525175108794612	CPU_4	98.61	0	0	0	0	1.38	0	0	0	0
1428525175813486884	CPU_4	100.00	0	0	0	0	0	0	0	0	0
1428525176519859194	CPU_4	100.00	0	0	0	0	0	0	0	0	0
1428525177232010414	CPU_4	97.22	0	0	0	0	1.38	1.38	0	0	0
1428525177936025603	CPU_4	100.00	0	0	0	0	0	0	0	0	0
1428525178642105164	CPU_4	100.00	0	0	0	0	0	0	0	0	0
1428525179355147756	CPU_4	98.59	0	0	0	0	1.40	0	0	0	0
1428525180058548238	CPU_4	100.00	0	0	0	0	0	0	0	0	0
1428525180772824870	CPU_4	98.61	0	0	0	0	0	1.38	0	0	0
1428525181475021686	CPU_4	98.59	0	0	0	0	1.40	0	0	0	0
1428525182178860208	CPU_4	100.00	0	0	0	0	0	0	0	0	0
1428525182893560173	CPU_4	98.59	0	0	0	0	1.40	0	0	0	0
1428525183600116399	CPU_4	100.00	0	0	0	0	0	0	0	0	0
1428525184319691148	CPU_4	98.61	0	0	0	0	0	1.38	0	0	0
1428525185025128918	CPU_4	98.59	0	0	0	0	1.40	0	0	0	0
1428525185729014981	CPU_4	100.00	0	0	0	0	0	0	0	0	0
1428525186443408821	CPU_4	100.00	0	0	0	0	0	0	0	0	0
1428525187147022384	CPU_4	98.57	0	0	0	0	1.42	0	0	0	0
1428525187851270738	CPU_4	100.00	0	0	0	0	0	0	0	0	0
1428525188564954287	CPU_4	98.59	0	0	0	0	0	1.40	0	0	0
1428525189269528473	CPU_4	98.59	0	0	0	0	1.40	0	0	0	0
1428525189984491853	CPU_4	100.00	0	0	0	0	0	0	0	0	0
1428525190686733376	CPU_4	100.00	0	0	0	0	0	0	0	0	0
1428525191391285729	CPU_4	98.59	0	0	0	0	1.40	0	0	0	0
1428525192105639276	CPU_4	98.59	0	0	0	0	0	1.40	0	0	0
1428525192808357257	CPU_4	100.00	0	0	0	0	0	0	0	0	0
1428525193513804775	CPU_4	98.57	0	0	0	0	1.42	0	0	0	0
1428525194227822531	CPU_4	100.00	0	0	0	0	0	0	0	0	0
1428525194929834387	CPU_4	100.00	0	0	0	0	0	0	0	0	0
1428525195645627890	CPU_4	97.26	0	0	0	0	1.36	1.36	0	0	0
1428525196350632075	CPU_4	100.00	0	0	0	0	0	0	0	0	0
1428525197051665390	CPU_4	100.00	0	0	0	0	0	0	0	0	0
1428525197767373476	CPU_4	98.61	0	0	0	0	1.38	0	0	0	0
1428525198470384206	CPU_4	100.00	0	0	0	0	0	0	0	0	0
1428525199185642125	CPU_4	97.22	0	0	0	0	1.38	1.38	0	0	0
1428525199891972058	CPU_4	100.00	0	0	0	0	0	0	0	0	0
1428525200596073493	CPU_4	100.00	0	0	0	0	0	0	0	0	0
1428525201309903373	CPU_4	98.61	0	0	0	0	1.38	0	0	0	0
1428525202014803891	CPU_4	100.00	0	0	0	0	0	0	0	0	0
1428525202719526742	CPU_4	98.59	0	0	0	0	0	1.40	0	0	0
1428525203436595200	CPU_4	98.61	0	0	0	0	1.38	0	0	0	0
1428525204138359847	CPU_4	100.00	0	0	0	0	0	0	0	0	0
1428525204857120261	CPU_4	100.00	0	0	0	0	0	0	0	0	0
1428525205562837985	CPU_4	98.59	0	0	0	0	1.40	0	0	0	0
1428525206266523671	CPU_4	98.57	0	0	0	0	0	1.42	0	0	0
1428525206980196925	CPU_4	100.00	0	0	0	0	0	0	0	0	0
1428525207689734352	CPU_4	98.59	0	0	0	0	1.40	0	0	0	0
1428525208393540870	CPU_4	100.00	0	0	0	0	0	0	0	0	0
1428525209108382664	CPU_4	100.00	0	0	0	0	0	0	0	0	0
1428525209814083679	CPU_4	97.22	0	0	0	0	1.38	1.38	0	0	0
1428525210527438767	CPU_4	100.00	0	0	0	0	0	0	0	0	0
1428525211232918532	CPU_4	100.00	0	0	0	0	0	0	0	0	0
1428525211938820755	CPU_4	98.59	0	0	0	0	1.40	0	0	0	0
1428525212653486715	CPU_4	100.00	0	0	0	0	0	0	0	0	0
1428525213360143729	CPU_4	98.59	0	0	0	0	0	1.40	0	0	0
1428525214078104684	CPU_4	98.61	0	0	0	0	1.38	0	0	0	0
1428525214786236903	CPU_4	100.00	0	0	0	0	0	0	0	0	0
1428525215489498171	CPU_4	98.59	0	0	0	0	1.40	0	0	0	0
1428525216203270674	CPU_4	100.00	0	0	0	0	0	0	0	0	0
1428525216909264855	CPU_4	98.59	0	0	0	0	0	1.40	0	0	0
1428525217614482870	CPU_4	98.59	0	0	0	0	1.40	0	0	0	0
1428525218330027953	CPU_4	100.00	0	0	0	0	0	0	0	0	0
1428525219035343009	CPU_4	100.00	0	0	0	0	0	0	0	0	0
1428525219750782342	CPU_4	98.61	0	0	0	0	1.38	0	0	0	0
1428525220456586981	CPU_4	98.59	0	0	0	0	0	1.40	0	0	0
1428525221163094201	CPU_4	100.00	0	0	0	0	0	0	0	0	0
1428525221877945910	CPU_4	98.61	0	0	0	0	1.38	0	0	0	0
1428525222586140253	CPU_4	100.00	0	0	0	0	0	0	0	0	0
1428525223307070578	CPU_4	100.00	0	0	0	0	0	0	0	0	0
1428525224015245587	CPU_4	97.22	0	0	0	0	1.38	1.38	0	0	0
1428525224718799437	CPU_4	100.00	0	0	0	0	0	0	0	0	0
1428525225434472560	CPU_4	100.00	0	0	0	0	0	0	0	0	0
1428525226140192448	CPU_4	98.59	0	0	0	0	1.40	0	0	0	0
1428525226843438340	CPU_4	100.00	0	0	0	0	0	0	0	0	0
1428525227560951835	CPU_4	98.61	0	0	0	0	0	1.38	0	0	0
1428525228267847596	CPU_4	98.59	0	0	0	0	1.40	0	0	0	0
1428525228981506472	CPU_4	100.00	0	0	0	0	0	0	0	0	0
1428525229690955229	CPU_4	98.61	0	0	0	0	1.38	0	0	0	0
1428525230397293699	CPU_4	100.00	0	0	0	0	0	0	0	0	0
1428525231113502362	CPU_4	98.61	0	0	0	0	0	1.38	0	0	0
1428525231819862790	CPU_4	98.59	0	0	0	0	1.40	0	0	0	0
1428525232538153534	CPU_4	100.00	0	0	0	0	0	0	0	0	0
1428525233250816119	CPU_4	100.00	0	0	0	0	0	0	0	0	0
1428525233955942257	CPU_4	98.59	0	0	0	0	1.40	0	0	0	0
1428525234671987253	CPU_4	98.61	0	0	0	0	0	1.38	0	0	0
1428525235378208889	CPU_4	100.00	0	0	0	0	0	0	0	0	0
1428525236082458903	CPU_4	98.57	0	0	0	0	1.42	0	0	0	0
1428525236799330064	CPU_4	100.00	0	0	0	0	0	0	0	0	0
1428525237504697451	CPU_4	100.00	0	0	0	0	0	0	0	0	0
1428525238216662537	CPU_4	97.22	0	0	0	0	1.38	1.38	0	0	0
1428525238924173628	CPU_4	100.00	0	0	0	0	0	0	0	0	0
1428525239632689344	CPU_4	100.00	0	0	0	0	0	0	0	0	0
1428525240347696466	CPU_4	98.59	0	0	0	0	1.40	0	0	0	0
1428525241057494679	CPU_4	100.00	0	0	0	0	0	0	0	0	0
1428525241766118060	CPU_4	98.59	0	0	0	0	0	1.40	0	0	0
1428525242482357847	CPU_4	98.61	0	0	0	0	1.38	0	0	0	0
1428525243187579025	CPU_4	100.00	0	0	0	0	0	0	0	0	0
1428525243903335854	CPU_4	98.61	0	0	0	0	1.38	0	0	0	0
1428525244609687863	CPU_4	100.00	0	0	0	0	0	0	0	0	0
1428525245314125500	CPU_4	98.57	0	0	0	0	0	1.42	0	0	0
1428525246030209620	CPU_4	98.61	0	0	0	0	1.38	0	0	0	0
1428525246735752214	CPU_4	100.00	0	0	0	0	0	0	0	0	0
1428525247450253211	CPU_4	100.00	0	0	0	0	0	0	0	0	0
1428525248155262138	CPU_4	98.59	0	0	0	0	1.40	0	0	0	0
1428525248863005770	CPU_4	98.61	0	0	0	0	0	1.38	0	0	0
1428525249576444143	CPU_4	100.00	0	0	0	0	0	0	0	0	0
1428525250283232484	CPU_4	98.61	0	0	0	0	1.38	0	0	0	0
1428525250992003322	CPU_4	100.00	0	0	0	0	0	0	0	0	0
1428525251713532142	CPU_4	100.00	0	0	0	0	0	0	0	0	0
1428525252418950193	CPU_4	97.22	0	0	0	0	1.38	1.38	0	0	0
1428525253136025685	CPU_4	100.00	0	0	0	0	0	0	0	0	0
1428525253845031856	CPU_4	100.00	0	0	0	0	0	0	0	0	0
1428525254549893241	CPU_4	98.59	0	0	0	0	1.40	0	0	0	0
1428525255265453652	CPU_4	100.00	0	0	0	0	0	0	0	0	0
1428525255973874907	CPU_4	98.59	0	0	0	0	0	1.40	0	0	0
1428525256688033569	CPU_4	98.61	0	0	0	0	1.38	0	0	0	0
1428525257397894072	CPU_4	100.00	0	0	0	0	0	0	0	0	0
1428525258104866745	CPU_4	98.57	0	0	0	0	1.42	0	0	0	0
1428525258819311948	CPU_4	100.00	0	0	0	0	0	0	0	0	0
1428525259526258746	CPU_4	98.57	0	0	0	0	0	1.42	0	0	0
1428525260235004625	CPU_4	98.61	0	0	0	0	1.38	0	0	0	0
1428525260951179117	CPU_4	100.00	0	0	0	0	0	0	0	0	0
1428525261658913706	CPU_4	100.00	0	0	0	0	0	0	0	0	0
1428525262375203656	CPU_4	98.61	0	0	0	0	1.38	0	0	0	0
1428525263087781653	CPU_4	98.59	0	0	0	0	0	1.40	0	0	0
1428525263804450437	CPU_4	100.00	0	0	0	0	0	0	0	0	0
1428525264570429564	CPU_4	98.64	0	0	0	0	1.35	0	0	0	0
1428525265293527712	CPU_4	100.00	0	0	0	0	0	0	0	0	0
1428525266010386495	CPU_4	100.00	0	0	0	0	0	0	0	0	0
1428525266714769295	CPU_4	97.22	0	0	0	0	1.38	1.38	0	0	0
1428525267433430158	CPU_4	100.00	0	0	0	0	0	0	0	0	0
1428525268144505282	CPU_4	100.00	0	0	0	0	0	0	0	0	0
1428525268853912867	CPU_4	98.59	0	0	0	0	1.40	0	0	0	0
1428525269569397151	CPU_4	100.00	0	0	0	0	0	0	0	0	0
1428525270275813323	CPU_4	97.22	0	0	0	0	1.38	1.38	0	0	0
1428525270985628365	CPU_4	100.00	0	0	0	0	0	0	0	0	0
1428525271699763776	CPU_4	100.00	0	0	0	0	0	0	0	0	0
1428525272406661113	CPU_4	98.59	0	0	0	0	1.40	0	0	0	0
1428525273118801860	CPU_4	100.00	0	0	0	0	0	0	0	0	0
1428525273819830290	CPU_4	98.57	0	0	0	0	0	1.42	0	0	0
1428525274522865466	CPU_4	98.59	0	0	0	0	1.40	0	0	0	0
1428525275234868921	CPU_4	100.00	0	0	0	0	0	0	0	0	0
1428525275937196473	CPU_4	100.00	0	0	0	0	0	0	0	0	0
1428525276639959941	CPU_4	98.59	0	0	0	0	1.40	0	0	0	0
1428525277352409479	CPU_4	98.59	0	0	0	0	0	1.40	0	0	0
1428525278054962280	CPU_4	100.00	0	0	0	0	0	0	0	0	0
1428525278768871857	CPU_4	98.61	0	0	0	0	1.38	0	0	0	0
1428525279472844448	CPU_4	100.00	0	0	0	0	0	0	0	0	0
1428525280174254334	CPU_4	100.00	0	0	0	0	0	0	0	0	0
1428525280887803911	CPU_4	97.22	0	0	0	0	1.38	1.38	0	0	0
1428525281591588294	CPU_4	100.00	0	0	0	0	0	0	0	0	0
1428525282295593885	CPU_4	98.57	0	0	0	0	1.42	0	0	0	0
1428525283007798296	CPU_4	100.00	0	0	0	0	0	0	0	0	0
1428525283711008638	CPU_4	100.00	0	0	0	0	0	0	0	0	0
1428525284425246296	CPU_4	97.26	0	0	0	0	1.36	1.36	0	0	0
1428525285127907055	CPU_4	100.00	0	0	0	0	0	0	0	0	0
1428525285833098560	CPU_4	100.00	0	0	0	0	0	0	0	0	0
1428525286548059468	CPU_4	98.59	0	0	0	0	1.40	0	0	0	0
1428525287246645732	CPU_4	100.00	0	0	0	0	0	0	0	0	0
1428525287959988266	CPU_4	98.59	0	0	0	0	0	1.40	0	0	0
1428525288663419940	CPU_4	98.61	0	0	0	0	1.38	0	0	0	0
1428525289363069411	CPU_4	100.00	0	0	0	0	0	0	0	0	0
1428525290074031199	CPU_4	100.00	0	0	0	0	0	0	0	0	0
1428525290776786790	CPU_4	98.57	0	0	0	0	1.42	0	0	0	0
1428525291477098760	CPU_4	98.57	0	0	0	0	0	1.42	0	0	0
1428525292188835421	CPU_4	100.00	0	0	0	0	0	0	0	0	0
1428525292892415261	CPU_4	98.57	0	0	0	0	1.42	0	0	0	0
1428525293599229262	CPU_4	100.00	0	0	0	0	0	0	0	0	0
1428525294307671803	CPU_4	100.00	0	0	0	0	0	0	0	0	0
1428525295012088724	CPU_4	97.18	0	0	0	0	1.40	1.40	0	0	0
1428525295722686178	CPU_4	100.00	0	0	0	0	0	0	0	0	0
1428525296427469849	CPU_4	98.57	0	0	0	0	1.42	0	0	0	0
1428525297130604939	CPU_4	100.00	0	0	0	0	0	0	0	0	0
1428525297843506514	CPU_4	100.00	0	0	0	0	0	0	0	0	0
1428525298547576061	CPU_4	97.18	0	0	0	0	1.40	1.40	0	0	0
1428525299267691000	CPU_4	100.00	0	0	0	0	0	0	0	0	0
1428525299970335882	CPU_4	100.00	0	0	0	0	0	0	0	0	0
1428525300674166595	CPU_4	98.59	0	0	0	0	1.40	0	0	0	0
1428525301387392919	CPU_4	100.00	0	0	0	0	0	0	0	0	0
1428525302091649423	CPU_4	98.59	0	0	0	0	0	1.40	0	0	0
1428525302803173708	CPU_4	98.61	0	0	0	0	1.38	0	0	0	0
1428525303517864280	CPU_4	100.00	0	0	0	0	0	0	0	0	0
1428525304224377072	CPU_4	100.00	0	0	0	0	0	0	0	0	0
1428525304939819184	CPU_4	98.61	0	0	0	0	1.38	0	0	0	0
1428525305643310647	CPU_4	98.57	0	0	0	0	0	1.42	0	0	0
1428525306348001358	CPU_4	100.00	0	0	0	0	0	0	0	0	0
1428525307061394140	CPU_4	98.59	0	0	0	0	1.40	0	0	0	0
1428525307766907350	CPU_4	100.00	0	0	0	0	0	0	0	0	0
1428525308471782477	CPU_4	98.59	0	0	0	0	1.40	0	0	0	0
1428525309183820760	CPU_4	98.61	0	0	0	0	0	1.38	0	0	0
1428525309889704844	CPU_4	100.00	0	0	0	0	0	0	0	0	0
1428525310604866956	CPU_4	98.59	0	0	0	0	1.40	0	0	0	0
1428525311307821919	CPU_4	100.00	0	0	0	0	0	0	0	0	0
1428525312014916584	CPU_4	100.00	0	0	0	0	0	0	0	0	0
1428525312732175567	CPU_4	97.22	0	0	0	0	1.38	1.38	0	0	0
1428525313437451318	CPU_4	100.00	0	0	0	0	0	0	0	0	0
1428525314151862555	CPU_4	100.00	0	0	0	0	0	0	0	0	0
1428525314857068056	CPU_4	98.59	0	0	0	0	1.40	0	0	0	0
1428525315565219886	CPU_4	100.00	0	0	0	0	0	0	0	0	0
1428525316277922500	CPU_4	98.59	0	0	0	0	0	1.40	0	0	0
1428525316984180791	CPU_4	98.61	0	0	0	0	1.38	0	0	0	0
1428525317689380375	CPU_4	100.00	0	0	0	0	0	0	0	0	0
1428525318401487073	CPU_4	100.00	0	0	0	0	0	0	0	0	0
1428525319107127615	CPU_4	98.59	0	0	0	0	1.40	0	0	0	0
1428525319822263683	CPU_4	98.61	0	0	0	0	0	1.38	0	0	0
1428525320528057641	CPU_4	100.00	0	0	0	0	0	0	0	0	0
1428525321234277556	CPU_4	98.57	0	0	0	0	1.42	0	0	0	0
1428525321950677289	CPU_4	100.00	0	0	0	0	0	0	0	0	0
1428525322654356166	CPU_4	98.59	0	0	0	0	1.40	0	0	0	0
1428525323372051272	CPU_4	98.61	0	0	0	0	0	1.38	0	0	0
1428525324077997312	CPU_4	100.00	0	0	0	0	0	0	0	0	0
1428525324782243438	CPU_4	98.57	0	0	0	0	1.42	0	0	0	0
1428525325496735799	CPU_4	100.00	0	0	0	0	0	0	0	0	0
1428525326202586130	CPU_4	100.00	0	0	0	0	0	0	0	0	0
1428525326908574462	CPU_4	97.22	0	0	0	0	1.38	1.38	0	0	0
1428525327625531818	CPU_4	100.00	0	0	0	0	0	0	0	0	0
1428525328329785693	CPU_4	100.00	0	0	0	0	0	0	0	0	0
1428525329045808843	CPU_4	98.61	0	0	0	0	1.38	0	0	0	0
1428525329754574545	CPU_4	100.00	0	0	0	0	0	0	0	0	0
1428525330465659951	CPU_4	98.59	0	0	0	0	0	1.40	0	0	0
1428525331180364519	CPU_4	98.61	0	0	0	0	1.38	0	0	0	0
1428525331884884018	CPU_4	100.00	0	0	0	0	0	0	0	0	0
1428525332605406661	CPU_4	100.00	0	0	0	0	0	0	0	0	0
1428525333310946908	CPU_4	98.59	0	0	0	0	1.40	0	0	0	0
1428525334015047825	CPU_4	98.57	0	0	0	0	0	1.42	0	0	0
1428525334730328558	CPU_4	98.61	0	0	0	0	1.38	0	0	0	0
1428525335435921847	CPU_4	100.00	0	0	0	0	0	0	0	0	0
1428525336146573128	CPU_4	100.00	0	0	0	0	0	0	0	0	0
1428525336858760116	CPU_4	98.61	0	0	0	0	1.38	0	0	0	0
1428525337565695986	CPU_4	98.59	0	0	0	0	0	1.40	0	0	0
1428525338280810385	CPU_4	100.00	0	0	0	0	0	0	0	0	0
1428525338985866424	CPU_4	98.57	0	0	0	0	1.42	0	0	0	0
1428525339692769461	CPU_4	100.00	0	0	0	0	0	0	0	0	0
1428525340407308069	CPU_4	100.00	0	0	0	0	0	0	0	0	0
1428525341111569734	CPU_4	97.18	0	0	0	0	1.40	1.40	0	0	0
1428525341832729874	CPU_4	100.00	0	0	0	0	0	0	0	0	0
1428525342539282536	CPU_4	100.00	0	0	0	0	0	0	0	0	0
1428525343243303993	CPU_4	98.59	0	0	0	0	1.40	0	0	0	0
1428525343960281430	CPU_4	100.00	0	0	0	0	0	0	0	0	0
1428525344667730548	CPU_4	98.59	0	0	0	0	0	1.40	0	0	0
1428525345376464665	CPU_4	98.61	0	0	0	0	1.38	0	0	0	0
1428525346091738104	CPU_4	100.00	0	0	0	0	0	0	0	0	0
1428525346798506973	CPU_4	100.00	0	0	0	0	0	0	0	0	0
1428525347515139744	CPU_4	98.61	0	0	0	0	1.38	0	0	0	0
1428525348219408450	CPU_4	98.59	0	0	0	0	0	1.40	0	0	0
1428525348925360195	CPU_4	98.59	0	0	0	0	1.40	0	0	0	0
1428525349642106424	CPU_4	100.00	0	0	0	0	0	0	0	0	0
1428525350347153670	CPU_4	100.00	0	0	0	0	0	0	0	0	0
1428525351065837062	CPU_4	98.61	0	0	0	0	1.38	0	0	0	0
1428525351774745802	CPU_4	98.61	0	0	0	0	0	1.38	0	0	0
1428525352478916007	CPU_4	100.00	0	0	0	0	0	0	0	0	0
1428525353196193276	CPU_4	98.59	0	0	0	0	1.40	0	0	0	0
1428525353901260814	CPU_4	100.00	0	0	0	0	0	0	0	0	0
1428525354610446094	CPU_4	100.00	0	0	0	0	0	0	0	0	0
1428525355323353911	CPU_4	97.26	0	0	0	0	1.36	1.36	0	0	0
1428525356031336027	CPU_4	100.00	0	0	0	0	0	0	0	0	0
1428525356745234134	CPU_4	100.00	0	0	0	0	0	0	0	0	0
1428525357450305171	CPU_4	98.59	0	0	0	0	1.40	0	0	0	0
1428525358157102205	CPU_4	100.00	0	0	0	0	0	0	0	0	0
1428525358873599558	CPU_4	98.61	0	0	0	0	0	1.38	0	0	0
1428525359578246511	CPU_4	98.59	0	0	0	0	1.40	0	0	0	0
1428525360300318189	CPU_4	100.00	0	0	0	0	0	0	0	0	0
1428525361006541765	CPU_4	98.59	0	0	0	0	1.40	0	0	0	0
1428525361716475627	CPU_4	100.00	0	0	0	0	0	0	0	0	0
1428525362430547024	CPU_4	98.61	0	0	0	0	0	1.38	0	0	0
1428525363138460681	CPU_4	98.59	0	0	0	0	1.40	0	0	0	0
1428525363846500546	CPU_4	100.00	0	0	0	0	0	0	0	0	0
1428525364562041691	CPU_4	100.00	0	0	0	0	0	0	0	0	0
1428525365267563517	CPU_4	98.59	0	0	0	0	1.40	0	0	0	0
1428525365985218701	CPU_4	98.63	0	0	0	0	0	1.36	0	0	0
1428525366691729109	CPU_4	100.00	0	0	0	0	0	0	0	0	0
1428525367399719183	CPU_4	98.59	0	0	0	0	1.40	0	0	0	0
1428525368117488784	CPU_4	100.00	0	0	0	0	0	0	0	0	0
1428525368822383198	CPU_4	100.00	0	0	0	0	0	0	0	0	0
1428525369537825849	CPU_4	97.26	0	0	0	0	1.36	1.36	0	0	0
1428525370245384926	CPU_4	100.00	0	0	0	0	0	0	0	0	0
1428525370949519382	CPU_4	100.00	0	0	0	0	0	0	0	0	0
1428525371667151947	CPU_4	98.61	0	0	0	0	1.38	0	0	0	0
1428525372373815441	CPU_4	100.00	0	0	0	0	0	0	0	0	0
1428525373094248502	CPU_4	98.61	0	0	0	0	0	1.38	0	0	0
1428525373802046453	CPU_4	98.59	0	0	0	0	1.40	0	0	0	0
1428525374509961279	CPU_4	100.00	0	0	0	0	0	0	0	0	0
1428525375224849679	CPU_4	98.61	0	0	0	0	1.38	0	0	0	0
1428525375930404216	CPU_4	98.59	0	0	0	0	0	1.40	0	0	0
1428525376636875752	CPU_4	100.00	0	0	0	0	0	0	0	0	0
1428525377352829776	CPU_4	98.61	0	0	0	0	1.38	0	0	0	0
1428525378057609230	CPU_4	100.00	0	0	0	0	0	0	0	0	0
1428525378774713419	CPU_4	100.00	0	0	0	0	0	0	0	0	0
1428525379480638955	CPU_4	97.18	0	0	0	0	1.40	1.40	0	0	0
1428525380185496825	CPU_4	100.00	0	0	0	0	0	0	0	0	0
1428525380899865017	CPU_4	100.00	0	0	0	0	0	0	0	0	0
1428525381610602963	CPU_4	98.59	0	0	0	0	1.40	0	0	0	0
1428525382326639736	CPU_4	100.00	0	0	0	0	0	0	0	0	0
1428525383035214601	CPU_4	98.59	0	0	0	0	0	1.40	0	0	0
1428525383757887615	CPU_4	98.63	0	0	0	0	1.36	0	0	0	0
1428525384505811723	CPU_4	100.00	0	0	0	0	0	0	0	0	0
1428525385253247289	CPU_4	100.00	0	0	0	0	0	0	0	0	0
1428525385969124770	CPU_4	98.61	0	0	0	0	1.38	0	0	0	0
1428525386677653259	CPU_4	98.57	0	0	0	0	0	1.42	0	0	0
1428525387386388374	CPU_4	98.61	0	0	0	0	1.38	0	0	0	0
1428525388101967896	CPU_4	100.00	0	0	0	0	0	0	0	0	0
1428525388812203591	CPU_4	100.00	0	0	0	0	0	0	0	0	0
1428525389527480322	CPU_4	98.61	0	0	0	0	1.38	0	0	0	0
1428525390236456686	CPU_4	98.61	0	0	0	0	0	1.38	0	0	0
1428525390939392181	CPU_4	100.00	0	0	0	0	0	0	0	0	0
1428525391656335493	CPU_4	98.61	0	0	0	0	1.38	0	0	0	0
1428525392362525651	CPU_4	100.00	0	0	0	0	0	0	0	0	0
1428525393068487226	CPU_4	100.00	0	0	0	0	0	0	0	0	0
1428525393786545245	CPU_4	97.26	0	0	0	0	1.36	1.36	0	0	0
1428525394493585401	CPU_4	100.00	0	0	0	0	0	0	0	0	0
1428525395207942716	CPU_4	100.00	0	0	0	0	0	0	0	0	0
1428525395916499245	CPU_4	98.57	0	0	0	0	1.42	0	0	0	0
1428525396624280359	CPU_4	100.00	0	0	0	0	0	0	0	0	0
1428525397341497086	CPU_4	98.61	0	0	0	0	0	1.38	0	0	0
1428525398048893283	CPU_4	98.59	0	0	0	0	1.40	0	0	0	0
1428525398766606301	CPU_4	100.00	0	0	0	0	0	0	0	0	0
1428525399474854455	CPU_4	100.00	0	0	0	0	0	0	0	0	0
1428525400183096735	CPU_4	98.59	0	0	0	0	1.40	0	0	0	0
1428525400899319045	CPU_4	98.61	0	0	0	0	0	1.38	0	0	0
1428525401609135739	CPU_4	98.59	0	0	0	0	1.40	0	0	0	0
1428525402318102809	CPU_4	100.00	0	0	0	0	0	0	0	0	0
1428525403033532829	CPU_4	100.00	0	0	0	0	0	0	0	0	0
1428525403742851481	CPU_4	98.59	0	0	0	0	1.40	0	0	0	0
1428525404459217041	CPU_4	98.61	0	0	0	0	0	1.38	0	0	0
1428525405167710236	CPU_4	100.00	0	0	0	0	0	0	0	0	0
1428525405875482056	CPU_4	98.61	0	0	0	0	1.38	0	0	0	0
1428525406595558486	CPU_4	100.00	0	0	0	0	0	0	0	0	0
1428525407301401767	CPU_4	100.00	0	0	0	0	0	0	0	0	0
1428525408021733530	CPU_4	97.26	0	0	0	0	1.36	1.36	0	0	0
1428525408729745683	CPU_4	100.00	0	0	0	0	0	0	0	0	0
1428525409435990630	CPU_4	100.00	0	0	0	0	0	0	0	0	0
1428525410157567391	CPU_4	98.61	0	0	0	0	1.38	0	0	0	0
1428525410865730918	CPU_4	100.00	0	0	0	0	0	0	0	0	0
1428525411581981185	CPU_4	30.13	0	1.36	67.12	0	0	1.36	0	0	0
