#Timestamp	CPU_ID	user%	nice%	sys%	idle%	iowait%	irq%	softiq%	steal%	guest%	guest_nice%
1428612717196144184	CPU_0	8.06	0	9.67	72.58	0	9.67	0	0	0	0
1428612717810425583	CPU_0	0	0	1.63	98.36	0	0	0	0	0	0
1428612718425682729	CPU_0	0	0	0	100.00	0	0	0	0	0	0
1428612719039814711	CPU_0	0	0	0	100.00	0	0	0	0	0	0
1428612719661628633	CPU_0	0	0	1.58	96.82	0	0	1.58	0	0	0
1428612720277034696	CPU_0	0	0	0	100.00	0	0	0	0	0	0
1428612720892824175	CPU_0	0	0	0	98.33	1.66	0	0	0	0	0
1428612721508244904	CPU_0	1.63	0	1.63	96.72	0	0	0	0	0	0
1428612722125156005	CPU_0	0	0	0	100.00	0	0	0	0	0	0
1428612722748692631	CPU_0	0	0	1.61	98.38	0	0	0	0	0	0
1428612723365479983	CPU_0	0	0	0	100.00	0	0	0	0	0	0
1428612723982222543	CPU_0	0	0	3.22	96.77	0	0	0	0	0	0
1428612724599038852	CPU_0	0	0	0	100.00	0	0	0	0	0	0
1428612725222584771	CPU_0	0	0	1.63	98.36	0	0	0	0	0	0
1428612725842134449	CPU_0	0	0	0	100.00	0	0	0	0	0	0
1428612726459279008	CPU_0	0	0	1.61	96.77	0	0	1.61	0	0	0
1428612727076843108	CPU_0	0	0	0	100.00	0	0	0	0	0	0
1428612727694713707	CPU_0	0	0	0	95.31	0	4.68	0	0	0	0
1428612728318407000	CPU_0	0	0	3.17	96.82	0	0	0	0	0	0
1428612728936405849	CPU_0	0	0	0	100.00	0	0	0	0	0	0
1428612729553948283	CPU_0	0	0	0	100.00	0	0	0	0	0	0
1428612730171443717	CPU_0	0	0	1.63	98.36	0	0	0	0	0	0
1428612730789077817	CPU_0	0	0	1.63	98.36	0	0	0	0	0	0
1428612731412920652	CPU_0	0	0	0	100.00	0	0	0	0	0	0
1428612732030387294	CPU_0	0	0	1.61	96.77	0	1.61	0	0	0	0
1428612732648085561	CPU_0	0	0	0	98.36	0	0	1.63	0	0	0
1428612733266726784	CPU_0	0	0	0	98.36	0	1.63	0	0	0	0
1428612733891000576	CPU_0	0	0	1.61	98.38	0	0	0	0	0	0
1428612734509061134	CPU_0	0	0	0	100.00	0	0	0	0	0	0
1428612735126724568	CPU_0	0	0	1.66	98.33	0	0	0	0	0	0
1428612735745167875	CPU_0	0	0	0	98.36	0	1.63	0	0	0	0
1428612736363320350	CPU_0	0	0	1.61	98.38	0	0	0	0	0	0
1428612736987592851	CPU_0	0	0	0	98.38	0	1.61	0	0	0	0
1428612737605160869	CPU_0	0	0	0	100.00	0	0	0	0	0	0
1428612738223453426	CPU_0	0	0	0	98.36	0	0	1.63	0	0	0
1428612738841498861	CPU_0	0	0	1.61	96.77	0	1.61	0	0	0	0
1428612739466031527	CPU_0	0	0	1.61	98.38	0	0	0	0	0	0
1428612740083788295	CPU_0	0	0	0	98.38	0	1.61	0	0	0	0
1428612740702839434	CPU_0	0	0	0	100.00	0	0	0	0	0	0
1428612741321663449	CPU_0	0	0	1.66	96.66	0	1.66	0	0	0	0
1428612741940146590	CPU_0	0	0	0	100.00	0	0	0	0	0	0
1428612742564583800	CPU_0	0	0	0	98.38	0	1.61	0	0	0	0
1428612743183055691	CPU_0	0	0	3.27	95.08	0	0	1.63	0	0	0
1428612743801690999	CPU_0	0	0	0	96.61	0	3.38	0	0	0	0
1428612744420608014	CPU_0	0	0	1.66	96.66	0	1.66	0	0	0	0
1428612745045965138	CPU_0	11.94	0	2.98	76.11	0	1.49	7.46	0	0	0
1428612745666190651	CPU_0	0	0	0	98.38	0	1.61	0	0	0	0
1428612746286954828	CPU_0	0	0	0	100.00	0	0	0	0	0	0
1428612746905879719	CPU_0	0	0	1.61	96.77	0	1.61	0	0	0	0
1428612747524950151	CPU_0	0	0	0	100.00	0	0	0	0	0	0
1428612748149829110	CPU_0	0	0	0	100.00	0	0	0	0	0	0
1428612748769228624	CPU_0	0	0	0	98.36	0	1.63	0	0	0	0
1428612749388213765	CPU_0	8.06	0	1.61	88.70	0	1.61	0	0	0	0
1428612750006982781	CPU_0	0	0	1.63	98.36	0	0	0	0	0	0
1428612750632755530	CPU_0	0	0	0	100.00	0	0	0	0	0	0
1428612751253945416	CPU_0	0	0	3.33	91.66	0	5.00	0	0	0	0
1428612751873409681	CPU_0	0	0	1.61	98.38	0	0	0	0	0	0
1428612752492339405	CPU_0	0	0	0	100.00	0	0	0	0	0	0
1428612753109074552	CPU_0	1.58	0	1.58	95.23	0	1.58	0	0	0	0
1428612753732335224	CPU_0	0	0	0	91.04	0	8.95	0	0	0	0
1428612754350097326	CPU_0	1.69	0	3.38	94.91	0	0	0	0	0	0
1428612754967067056	CPU_0	0	0	0	100.00	0	0	0	0	0	0
1428612755585048033	CPU_0	8.77	0	5.26	85.96	0	0	0	0	0	0
1428612756214129900	CPU_0	15.87	0	7.93	73.01	1.58	1.58	0	0	0	0
1428612756833354082	CPU_0	0	0	0	100.00	0	0	0	0	0	0
1428612757451738434	CPU_0	0	0	1.63	96.72	0	1.63	0	0	0	0
1428612758069902827	CPU_0	0	0	0	100.00	0	0	0	0	0	0
1428612758688773803	CPU_0	0	0	0	98.38	0	1.61	0	0	0	0
1428612759313924804	CPU_0	0	0	1.63	98.36	0	0	0	0	0	0
1428612759932949988	CPU_0	0	0	0	100.00	0	0	0	0	0	0
1428612760551670255	CPU_0	0	0	0	98.36	0	1.63	0	0	0	0
1428612761170816855	CPU_0	0	0	3.27	95.08	0	1.63	0	0	0	0
1428612761796550606	CPU_0	0	0	0	98.41	0	1.58	0	0	0	0
1428612762415335498	CPU_0	0	0	1.63	98.36	0	0	0	0	0	0
1428612763033709600	CPU_0	0	0	1.63	98.36	0	0	0	0	0	0
1428612763652499202	CPU_0	0	0	0	100.00	0	0	0	0	0	0
1428612764272137051	CPU_0	0	0	0	98.36	0	1.63	0	0	0	0
1428612764897161012	CPU_0	0	0	1.61	98.38	0	0	0	0	0	0
1428612765516120862	CPU_0	0	0	0	98.36	0	1.63	0	0	0	0
1428612766135612462	CPU_0	0	0	1.66	96.66	0	1.66	0	0	0	0
1428612766754992021	CPU_0	0	0	0	100.00	0	0	0	0	0	0
1428612767380340398	CPU_0	0	0	0	98.36	0	1.63	0	0	0	0
1428612767999141624	CPU_0	0	0	1.61	98.38	0	0	0	0	0	0
1428612768617821851	CPU_0	0	0	0	100.00	0	0	0	0	0	0
1428612769236511870	CPU_0	0	0	0	98.38	0	1.61	0	0	0	0
1428612769855977845	CPU_0	0	0	1.63	98.36	0	0	0	0	0	0
1428612770480654432	CPU_0	0	0	0	98.38	0	1.61	0	0	0	0
1428612771099505867	CPU_0	0	0	1.66	96.66	0	1.66	0	0	0	0
1428612771718855968	CPU_0	0	0	0	100.00	0	0	0	0	0	0
1428612772338055361	CPU_0	0	0	0	95.23	0	4.76	0	0	0	0
1428612772963436780	CPU_0	0	0	0	100.00	0	0	0	0	0	0
1428612773582451507	CPU_0	0	0	0	100.00	0	0	0	0	0	0
1428612774201321567	CPU_0	0	0	1.61	95.16	0	0	3.22	0	0	0
1428612774820848418	CPU_0	0	0	0	100.00	0	0	0	0	0	0
1428612775439747270	CPU_0	0	0	1.63	98.36	0	0	0	0	0	0
1428612776064881774	CPU_0	0	0	0	92.98	1.75	5.26	0	0	0	0
1428612776684965373	CPU_0	0	0	1.53	92.30	0	6.15	0	0	0	0
1428612777305488263	CPU_0	1.63	0	0	98.36	0	0	0	0	0	0
1428612777925125281	CPU_0	0	0	1.61	98.38	0	0	0	0	0	0
1428612778551062283	CPU_0	0	0	1.61	98.38	0	0	0	0	0	0
1428612779170134635	CPU_0	0	0	0	100.00	0	0	0	0	0	0
1428612779790240443	CPU_0	0	0	0	100.00	0	0	0	0	0	0
1428612780409950002	CPU_0	0	0	1.63	98.36	0	0	0	0	0	0
1428612781030238560	CPU_0	0	0	1.66	98.33	0	0	0	0	0	0
1428612781654558274	CPU_0	0	0	1.58	95.23	0	3.17	0	0	0	0
1428612782274495666	CPU_0	0	0	0	100.00	0	0	0	0	0	0
1428612782893839352	CPU_0	0	0	1.63	98.36	0	0	0	0	0	0
1428612783513754119	CPU_0	0	0	0	100.00	0	0	0	0	0	0
1428612784140130787	CPU_0	0	0	1.61	98.38	0	0	0	0	0	0
1428612784759825722	CPU_0	0	0	0	100.00	0	0	0	0	0	0
1428612785379424698	CPU_0	0	0	0	98.36	0	0	1.63	0	0	0
1428612785998882967	CPU_0	0	0	1.63	93.44	0	4.91	0	0	0	0
1428612786624519679	CPU_0	0	0	0	100.00	0	0	0	0	0	0
1428612787246635858	CPU_0	0	0	1.61	98.38	0	0	0	0	0	0
1428612787867277582	CPU_0	0	0	0	100.00	0	0	0	0	0	0
1428612788486465894	CPU_0	0	0	0	98.36	0	1.63	0	0	0	0
1428612789106249620	CPU_0	1.61	0	1.61	96.77	0	0	0	0	0	0
1428612789732636206	CPU_0	0	0	0	98.36	0	1.63	0	0	0	0
1428612790352960264	CPU_0	0	0	0	96.82	0	0	3.17	0	0	0
1428612790972471034	CPU_0	0	0	0	100.00	0	0	0	0	0	0
1428612791591971136	CPU_0	0	0	1.61	96.77	0	1.61	0	0	0	0
1428612792218026431	CPU_0	0	0	0	100.00	0	0	0	0	0	0
1428612792839459737	CPU_0	0	0	1.58	96.82	0	1.58	0	0	0	0
1428612793459192590	CPU_0	0	0	0	100.00	0	0	0	0	0	0
1428612794079551190	CPU_0	0	0	0	100.00	0	0	0	0	0	0
1428612794699304293	CPU_0	0	0	1.61	96.77	0	1.61	0	0	0	0
1428612795326228586	CPU_0	0	0	0	100.00	0	0	0	0	0	0
1428612795946234188	CPU_0	0	0	0	98.36	0	1.63	0	0	0	0
1428612796566314914	CPU_0	0	0	1.61	98.38	0	0	0	0	0	0
1428612797186209683	CPU_0	0	0	1.63	98.36	0	0	0	0	0	0
1428612797813422351	CPU_0	0	0	0	98.38	0	1.61	0	0	0	0
1428612798433383745	CPU_0	0	0	0	100.00	0	0	0	0	0	0
1428612799053442430	CPU_0	0	0	0	100.00	0	0	0	0	0	0
1428612799673405908	CPU_0	0	0	1.61	96.77	0	1.61	0	0	0	0
1428612800293709384	CPU_0	0	0	1.61	98.38	0	0	0	0	0	0
1428612800919446889	CPU_0	0	0	0	96.77	1.61	1.61	0	0	0	0
1428612801539722741	CPU_0	1.63	0	1.63	96.72	0	0	0	0	0	0
1428612802159474219	CPU_0	0	0	1.51	92.42	0	1.51	4.54	0	0	0
1428612802779323114	CPU_0	0	0	0	100.00	0	0	0	0	0	0
1428612803406005450	CPU_0	0	0	1.58	96.82	0	1.58	0	0	0	0
1428612804026067261	CPU_0	0	0	0	100.00	0	0	0	0	0	0
1428612804645887864	CPU_0	0	0	0	100.00	0	0	0	0	0	0
1428612805265838134	CPU_0	0	0	0	98.38	0	1.61	0	0	0	0
1428612805886028820	CPU_0	0	0	0	100.00	0	0	0	0	0	0
1428612806512056700	CPU_0	0	0	1.53	93.84	0	4.61	0	0	0	0
1428612807131506013	CPU_0	0	0	0	100.00	0	0	0	0	0	0
1428612807751422825	CPU_0	0	0	1.61	98.38	0	0	0	0	0	0
1428612808372268759	CPU_0	0	0	0	100.00	0	0	0	0	0	0
1428612808999229887	CPU_0	0	0	1.61	98.38	0	0	0	0	0	0
1428612809618802617	CPU_0	0	0	0	100.00	0	0	0	0	0	0
1428612810238875886	CPU_0	0	0	0	100.00	0	0	0	0	0	0
1428612810859173239	CPU_0	0	0	1.63	98.36	0	0	0	0	0	0
1428612811481305004	CPU_0	0	0	1.61	96.77	0	1.61	0	0	0	0
1428612812105631014	CPU_0	0	0	0	100.00	0	0	0	0	0	0
1428612812725667618	CPU_0	0	0	1.58	96.82	0	1.58	0	0	0	0
1428612813346315845	CPU_0	0	0	1.58	95.23	0	3.17	0	0	0	0
1428612813966227991	CPU_0	0	0	0	100.00	0	0	0	0	0	0
1428612814592282580	CPU_0	0	0	1.61	98.38	0	0	0	0	0	0
1428612815212224726	CPU_0	0	0	1.61	98.38	0	0	0	0	0	0
1428612815832531454	CPU_0	0	0	0	100.00	0	0	0	0	0	0
1428612816452443809	CPU_0	0	0	1.63	98.36	0	0	0	0	0	0
1428612817079681520	CPU_0	0	0	1.58	96.82	0	1.58	0	0	0	0
1428612817699493833	CPU_0	0	0	1.61	98.38	0	0	0	0	0	0
1428612818319644854	CPU_0	0	0	0	98.36	0	1.63	0	0	0	0
1428612818939099835	CPU_0	0	0	1.61	98.38	0	0	0	0	0	0
1428612819558366441	CPU_0	0	0	0	93.75	0	1.56	4.68	0	0	0
1428612820184994363	CPU_0	0	0	1.61	98.38	0	0	0	0	0	0
1428612820804587719	CPU_0	0	0	0	93.75	0	6.25	0	0	0	0
1428612821425196197	CPU_0	1.66	0	0	98.33	0	0	0	0	0	0
1428612822045542509	CPU_0	0	0	0	100.00	0	0	0	0	0	0
1428612822671124101	CPU_0	0	0	0	100.00	0	0	0	0	0	0
1428612823291123997	CPU_0	0	0	3.17	96.82	0	0	0	0	0	0
1428612823911989517	CPU_0	0	0	0	100.00	0	0	0	0	0	0
1428612824532513037	CPU_0	0	0	0	100.00	0	0	0	0	0	0
1428612825152685017	CPU_0	0	0	1.63	98.36	0	0	0	0	0	0
1428612825778552108	CPU_0	0	0	1.61	98.38	0	0	0	0	0	0
1428612826399289003	CPU_0	0	0	1.63	96.72	1.63	0	0	0	0	0
1428612827019064859	CPU_0	0	0	0	98.38	0	1.61	0	0	0	0
1428612827639538963	CPU_0	0	0	1.63	98.36	0	0	0	0	0	0
1428612828265683012	CPU_0	0	0	0	98.38	0	1.61	0	0	0	0
1428612828887086448	CPU_0	0	0	1.61	98.38	0	0	0	0	0	0
1428612829507121303	CPU_0	0	0	0	100.00	0	0	0	0	0	0
1428612830127359700	CPU_0	0	0	0	98.38	0	1.61	0	0	0	0
1428612830747882180	CPU_0	0	0	1.63	98.36	0	0	0	0	0	0
1428612831375047560	CPU_0	0	0	0	98.38	0	1.61	0	0	0	0
1428612831995088957	CPU_0	0	0	0	100.00	0	0	0	0	0	0
1428612832614948939	CPU_0	0	0	1.63	98.36	0	0	0	0	0	0
1428612833235106336	CPU_0	0	0	0	98.38	0	1.61	0	0	0	0
1428612833862509049	CPU_0	0	0	0	100.00	0	0	0	0	0	0
1428612834483166862	CPU_0	0	0	0	98.36	0	1.63	0	0	0	0
1428612835103335802	CPU_0	0	0	1.63	98.36	0	0	0	0	0	0
1428612835724128948	CPU_0	0	0	0	100.00	0	0	0	0	0	0
1428612836347574046	CPU_0	0	0	0	96.82	0	1.58	1.58	0	0	0
1428612836972705473	CPU_0	0	0	0	100.00	0	0	0	0	0	0
1428612837593827660	CPU_0	0	0	0	98.33	0	1.66	0	0	0	0
1428612838214133099	CPU_0	0	0	1.61	98.38	0	0	0	0	0	0
1428612838835609619	CPU_0	0	0	0	98.36	0	1.63	0	0	0	0
1428612839462415251	CPU_0	0	0	1.61	98.38	0	0	0	0	0	0
1428612840083807355	CPU_0	0	0	0	100.00	0	0	0	0	0	0
1428612840705005625	CPU_0	0	0	0	98.38	0	1.61	0	0	0	0
1428612841326289313	CPU_0	0	0	1.66	98.33	0	0	0	0	0	0
1428612841953057403	CPU_0	0	0	1.58	96.82	0	1.58	0	0	0	0
1428612842574064674	CPU_0	0	0	0	98.38	0	0	1.61	0	0	0
1428612843194241781	CPU_0	0	0	3.22	96.77	0	0	0	0	0	0
1428612843815461802	CPU_0	0	0	0	96.77	0	3.22	0	0	0	0
1428612844435994450	CPU_0	0	0	0	100.00	0	0	0	0	0	0
1428612845062974415	CPU_0	0	0	0	100.00	0	0	0	0	0	0
1428612845682694565	CPU_0	0	0	1.49	91.04	0	7.46	0	0	0	0
1428612846303063922	CPU_0	0	0	0	100.00	0	0	0	0	0	0
1428612846923409654	CPU_0	0	0	0	100.00	0	0	0	0	0	0
1428612847550320661	CPU_0	0	0	0	100.00	0	0	0	0	0	0
1428612848170425519	CPU_0	0	0	0	98.36	0	0	1.63	0	0	0
1428612848790685626	CPU_0	0	0	1.61	98.38	0	0	0	0	0	0
1428612849411405441	CPU_0	0	0	0	100.00	0	0	0	0	0	0
1428612850031570423	CPU_0	0	0	1.63	98.36	0	0	0	0	0	0
1428612850657856933	CPU_0	0	0	1.61	98.38	0	0	0	0	0	0
1428612851278101874	CPU_0	0	0	1.63	98.36	0	0	0	0	0	0
1428612851898996105	CPU_0	0	0	0	100.00	0	0	0	0	0	0
1428612852519320254	CPU_0	0	0	1.63	98.36	0	0	0	0	0	0
1428612853145808888	CPU_0	0	0	0	100.00	0	0	0	0	0	0
1428612853766565078	CPU_0	0	0	1.58	95.23	0	1.58	1.58	0	0	0
1428612854387268393	CPU_0	0	0	0	100.00	0	0	0	0	0	0
1428612855007773792	CPU_0	0	0	1.61	98.38	0	0	0	0	0	0
1428612855630561269	CPU_0	0	0	3.22	95.16	0	1.61	0	0	0	0
1428612856254536826	CPU_0	0	0	0	100.00	0	0	0	0	0	0
1428612856876118681	CPU_0	0	0	0	98.38	0	1.61	0	0	0	0
1428612857496645122	CPU_0	0	0	0	100.00	0	0	0	0	0	0
1428612858117057897	CPU_0	0	0	1.61	98.38	0	0	0	0	0	0
1428612858744173697	CPU_0	0	0	0	95.31	0	4.68	0	0	0	0
1428612859365115220	CPU_0	0	0	1.53	93.84	0	0	4.61	0	0	0
1428612859985820494	CPU_0	0	0	0	100.00	0	0	0	0	0	0
1428612860606302061	CPU_0	0	0	1.61	98.38	0	0	0	0	0	0
1428612861233542694	CPU_0	0	0	0	98.36	1.63	0	0	0	0	0
1428612861854906175	CPU_0	0	0	1.63	98.36	0	0	0	0	0	0
1428612862476480906	CPU_0	0	0	1.61	98.38	0	0	0	0	0	0
1428612863097635929	CPU_0	0	0	1.63	96.72	0	1.63	0	0	0	0
1428612863719373784	CPU_0	0	0	1.66	95.00	0	3.33	0	0	0	0
1428612864346610793	CPU_0	0	0	0	98.30	0	1.69	0	0	0	0
1428612864969173021	CPU_0	11.29	0	4.83	82.25	0	1.61	0	0	0	0
1428612865590857085	CPU_0	0	0	0	98.36	0	1.63	0	0	0	0
1428612866212208775	CPU_0	0	0	0	100.00	0	0	0	0	0	0
1428612866839589992	CPU_0	0	0	0	98.38	0	1.61	0	0	0	0
1428612867461092474	CPU_0	1.53	0	1.53	92.30	0	4.61	0	0	0	0
1428612868081390041	CPU_0	0	0	1.61	98.38	0	0	0	0	0	0
1428612868702310191	CPU_0	0	0	0	100.00	0	0	0	0	0	0
1428612869326625624	CPU_0	6.66	0	1.66	91.66	0	0	0	0	0	0
1428612869951003598	CPU_0	0	0	0	100.00	0	0	0	0	0	0
1428612870572488705	CPU_0	0	0	0	100.00	0	0	0	0	0	0
1428612871193695979	CPU_0	0	0	0	100.00	0	0	0	0	0	0
1428612871815533377	CPU_0	0	0	1.61	98.38	0	0	0	0	0	0
1428612872444241675	CPU_0	0	0	0	98.38	0	1.61	0	0	0	0
1428612873066391697	CPU_0	0	0	0	100.00	0	0	0	0	0	0
1428612873687705221	CPU_0	1.63	0	0	98.36	0	0	0	0	0	0
1428612874309839035	CPU_0	0	0	1.51	92.42	0	6.06	0	0	0	0
1428612874937688876	CPU_0	0	0	0	95.31	0	0	4.68	0	0	0
1428612875559733899	CPU_0	0	0	0	100.00	0	0	0	0	0	0
1428612876181124298	CPU_0	0	0	1.63	98.36	0	0	0	0	0	0
1428612876802452156	CPU_0	0	0	0	100.00	0	0	0	0	0	0
1428612877424330721	CPU_0	0	0	1.63	98.36	0	0	0	0	0	0
1428612878051659189	CPU_0	0	0	0	100.00	0	0	0	0	0	0
1428612878673145797	CPU_0	0	0	0	100.00	0	0	0	0	0	0
1428612879294135489	CPU_0	0	0	1.61	98.38	0	0	0	0	0	0
1428612879915966013	CPU_0	0	0	0	100.00	0	0	0	0	0	0
1428612880543246981	CPU_0	0	0	0	98.41	0	1.58	0	0	0	0
1428612881164720881	CPU_0	0	0	0	100.00	0	0	0	0	0	0
1428612881785438699	CPU_0	0	0	3.03	92.42	0	4.54	0	0	0	0
1428612882407586014	CPU_0	0	0	0	100.00	0	0	0	0	0	0
1428612883036586187	CPU_0	0	0	1.61	98.38	0	0	0	0	0	0
1428612883658505253	CPU_0	0	0	0	100.00	0	0	0	0	0	0
1428612884279670820	CPU_0	0	0	0	100.00	0	0	0	0	0	0
1428612884901960093	CPU_0	0	0	1.61	98.38	0	0	0	0	0	0
1428612885522856995	CPU_0	0	0	0	100.00	0	0	0	0	0	0
1428612886151121336	CPU_0	0	0	0	98.36	0	1.63	0	0	0	0
1428612886772412112	CPU_0	0	0	1.61	98.38	0	0	0	0	0	0
1428612887394241470	CPU_0	0	0	0	100.00	0	0	0	0	0	0
1428612888017005367	CPU_0	0	0	0	98.36	0	1.63	0	0	0	0
1428612888645729292	CPU_0	0	0	0	100.00	0	0	0	0	0	0
1428612889267540900	CPU_0	0	0	0	100.00	0	0	0	0	0	0
1428612889889446424	CPU_0	0	0	1.58	96.82	0	1.58	0	0	0	0
1428612890511948406	CPU_0	0	0	0	100.00	0	0	0	0	0	0
1428612891133695306	CPU_0	0	0	0	98.36	0	1.63	0	0	0	0
1428612891761272817	CPU_0	0	0	1.51	90.90	0	3.03	4.54	0	0	0
1428612892382771051	CPU_0	0	0	0	100.00	0	0	0	0	0	0
1428612893004959325	CPU_0	0	0	0	100.00	0	0	0	0	0	0
1428612893626707434	CPU_0	0	0	1.63	98.36	0	0	0	0	0	0
1428612894254729652	CPU_0	0	0	1.58	98.41	0	0	0	0	0	0
1428612894876122387	CPU_0	0	0	0	100.00	0	0	0	0	0	0
1428612895498124620	CPU_0	0	0	1.61	96.77	0	1.61	0	0	0	0
1428612896119413147	CPU_0	0	0	1.63	96.72	1.63	0	0	0	0	0
1428612896747042950	CPU_0	0	0	1.58	96.82	0	1.58	0	0	0	0
1428612897368019811	CPU_0	1.61	0	0	98.38	0	0	0	0	0	0
1428612897990700293	CPU_0	0	0	0	98.36	0	1.63	0	0	0	0
1428612898612036278	CPU_0	0	0	0	98.38	0	0	1.61	0	0	0
1428612899233330722	CPU_0	0	0	1.58	96.82	0	1.58	0	0	0	0
1428612899861454274	CPU_0	0	0	0	100.00	0	0	0	0	0	0
1428612900483725257	CPU_0	0	0	0	100.00	0	0	0	0	0	0
1428612901105421325	CPU_0	0	0	4.68	93.75	0	1.56	0	0	0	0
1428612901727257101	CPU_0	0	0	1.61	96.77	0	1.61	0	0	0	0
1428612902355672611	CPU_0	0	0	3.22	96.77	0	0	0	0	0	0
1428612902977983970	CPU_0	0	0	0	100.00	0	0	0	0	0	0
1428612903598948331	CPU_0	0	0	0	100.00	0	0	0	0	0	0
1428612904220185693	CPU_0	0	0	1.58	96.82	0	1.58	0	0	0	0
1428612904847885705	CPU_0	0	0	0	100.00	0	0	0	0	0	0
1428612905473130848	CPU_0	0	0	0	98.38	0	1.61	0	0	0	0
1428612906094068168	CPU_0	0	0	0	100.00	0	0	0	0	0	0
1428612906715548446	CPU_0	0	0	1.61	98.38	0	0	0	0	0	0
1428612907336912057	CPU_0	0	0	0	98.36	0	1.63	0	0	0	0
1428612907965338026	CPU_0	0	0	1.56	96.87	0	1.56	0	0	0	0
1428612908586956345	CPU_0	0	0	0	100.00	0	0	0	0	0	0
1428612909207970999	CPU_0	0	0	0	100.00	0	0	0	0	0	0
1428612909829488985	CPU_0	0	0	1.61	98.38	0	0	0	0	0	0
1428612910457807413	CPU_0	0	0	1.58	96.82	0	1.58	0	0	0	0
1428612911079505524	CPU_0	0	0	0	100.00	0	0	0	0	0	0
1428612911701111426	CPU_0	0	0	1.58	95.23	0	3.17	0	0	0	0
1428612912322930787	CPU_0	0	0	0	100.00	0	0	0	0	0	0
1428612912950231551	CPU_0	11.29	0	4.83	83.87	0	0	0	0	0	0
1428612913578705895	CPU_0	0	0	0	100.00	0	0	0	0	0	0
1428612914199452551	CPU_0	0	0	0	96.77	0	1.61	1.61	0	0	0
1428612914820227331	CPU_0	0	0	0	100.00	0	0	0	0	0	0
1428612915441438485	CPU_0	0	0	1.63	98.36	0	0	0	0	0	0
1428612916068894749	CPU_0	0	0	0	96.82	1.58	1.58	0	0	0	0
1428612916690714027	CPU_0	0	0	0	100.00	0	0	0	0	0	0
1428612917312256388	CPU_0	0	0	1.61	96.77	0	1.61	0	0	0	0
1428612917933836500	CPU_0	0	0	0	100.00	0	0	0	0	0	0
1428612918561790513	CPU_0	0	0	1.58	96.82	0	1.58	0	0	0	0
1428612919185943452	CPU_0	0	0	0	96.82	0	0	3.17	0	0	0
1428612919807828730	CPU_0	0	0	0	100.00	0	0	0	0	0	0
1428612920429109010	CPU_0	0	0	0	98.38	0	1.61	0	0	0	0
1428612921051664245	CPU_0	0	0	4.54	90.90	0	4.54	0	0	0	0
1428612921680696547	CPU_0	0	0	0	100.00	0	0	0	0	0	0
1428612922302448367	CPU_0	0	0	1.63	98.36	0	0	0	0	0	0
1428612922924054688	CPU_0	0	0	0	100.00	0	0	0	0	0	0
1428612923546428632	CPU_0	0	0	1.63	98.36	0	0	0	0	0	0
1428612924175005811	CPU_0	0	0	0	100.00	0	0	0	0	0	0
1428612924796551965	CPU_0	0	0	1.61	98.38	0	0	0	0	0	0
1428612925418539243	CPU_0	0	0	0	100.00	0	0	0	0	0	0
1428612926041425311	CPU_0	0	0	1.63	96.72	0	1.63	0	0	0	0
1428612926663454256	CPU_0	0	0	0	100.00	0	0	0	0	0	0
1428612927291848477	CPU_0	0	0	1.51	92.42	0	1.51	4.54	0	0	0
1428612927913976672	CPU_0	0	0	1.61	98.38	0	0	0	0	0	0
1428612928537018323	CPU_0	0	0	0	100.00	0	0	0	0	0	0
1428612929159081435	CPU_0	0	0	0	98.36	0	1.63	0	0	0	0
1428612929787311741	CPU_0	0	0	1.61	98.38	0	0	0	0	0	0
1428612930409077770	CPU_0	0	0	0	96.82	0	3.17	0	0	0	0
1428612931031450506	CPU_0	0	0	0	98.36	1.63	0	0	0	0	0
1428612931653676952	CPU_0	0	0	1.63	98.36	0	0	0	0	0	0
1428612932282950171	CPU_0	0	0	0	100.00	0	0	0	0	0	0
1428612932904988284	CPU_0	0	0	1.61	98.38	0	0	0	0	0	0
1428612933527304604	CPU_0	0	0	0	100.00	0	0	0	0	0	0
1428612934149286591	CPU_0	0	0	0	98.38	0	1.61	0	0	0	0
1428612934771016371	CPU_0	0	0	0	98.38	0	1.61	0	0	0	0
1428612935399590135	CPU_0	0	0	0	100.00	0	0	0	0	0	0
1428612936022867203	CPU_0	0	0	0	96.77	0	3.22	0	0	0	0
1428612936645606272	CPU_0	0	0	1.61	98.38	0	0	0	0	0	0
1428612937267460636	CPU_0	0	0	0	100.00	0	0	0	0	0	0
1428612937896545606	CPU_0	0	0	0	100.00	0	0	0	0	0	0
1428612938519202635	CPU_0	3.27	0	1.63	95.08	0	0	0	0	0	0
1428612939141154581	CPU_0	0	0	0	100.00	0	0	0	0	0	0
1428612939763304819	CPU_0	0	0	0	96.82	0	3.17	0	0	0	0
1428612940387750468	CPU_0	0	0	3.17	96.82	0	0	0	0	0	0
1428612941014665070	CPU_0	0	0	1.61	98.38	0	0	0	0	0	0
1428612941637140307	CPU_0	0	0	0	100.00	0	0	0	0	0	0
1428612942259378920	CPU_0	0	0	3.17	96.82	0	0	0	0	0	0
1428612942881783907	CPU_0	0	0	0	98.38	0	1.61	0	0	0	0
1428612943510849712	CPU_0	0	0	1.61	98.38	0	0	0	0	0	0
1428612944133266992	CPU_0	0	0	0	98.38	0	1.61	0	0	0	0
1428612944755360022	CPU_0	0	0	0	100.00	0	0	0	0	0	0
1428612945378079134	CPU_0	0	0	0	100.00	0	0	0	0	0	0
1428612946007099398	CPU_0	0	0	1.58	96.82	0	1.58	0	0	0	0
1428612946630201467	CPU_0	0	0	1.63	98.36	0	0	0	0	0	0
1428612947252383581	CPU_0	0	0	0	92.42	0	1.51	6.06	0	0	0
1428612947875424401	CPU_0	0	0	1.61	98.38	0	0	0	0	0	0
1428612948498774345	CPU_0	0	0	0	100.00	0	0	0	0	0	0
1428612949127789609	CPU_0	0	0	0	98.38	0	1.61	0	0	0	0
1428612949750253264	CPU_0	0	0	1.63	98.36	0	0	0	0	0	0
1428612950372771210	CPU_0	0	0	0	98.38	0	1.61	0	0	0	0
1428612950996057905	CPU_0	0	0	0	100.00	0	0	0	0	0	0
1428612951625625918	CPU_0	0	0	3.17	95.23	0	1.58	0	0	0	0
1428612952248574405	CPU_0	0	0	0	100.00	0	0	0	0	0	0
1428612952871753017	CPU_0	0	0	0	100.00	0	0	0	0	0	0
1428612953495616711	CPU_0	0	0	0	98.38	0	1.61	0	0	0	0
1428612954124724600	CPU_0	0	0	1.61	98.38	0	0	0	0	0	0
1428612954747089339	CPU_0	0	0	0	98.38	0	1.61	0	0	0	0
1428612955370229826	CPU_0	0	0	1.61	98.38	0	0	0	0	0	0
1428612955993154564	CPU_0	0	0	0	95.31	0	4.68	0	0	0	0
1428612956616554801	CPU_0	0	0	1.63	98.36	0	0	0	0	0	0
1428612957245482274	CPU_0	0	0	0	100.00	0	0	0	0	0	0
1428612957868980469	CPU_0	0	0	1.63	98.36	0	0	0	0	0	0
1428612958491634583	CPU_0	0	0	0	100.00	0	0	0	0	0	0
1428612959115184696	CPU_0	0	0	0	100.00	0	0	0	0	0	0
1428612959744105918	CPU_0	0	0	3.17	96.82	0	0	0	0	0	0
1428612960367244156	CPU_0	0	0	1.56	95.31	0	3.12	0	0	0	0
1428612960989527687	CPU_0	0	0	1.61	98.38	0	0	0	0	0	0
1428612961613319007	CPU_0	1.66	0	0	96.66	1.66	0	0	0	0	0
1428612962241997273	CPU_0	0	0	0	100.00	0	0	0	0	0	0
1428612962865775760	CPU_0	0	0	1.61	98.38	0	0	0	0	0	0
1428612963488774706	CPU_0	0	0	1.63	98.36	0	0	0	0	0	0
1428612964112423777	CPU_0	0	0	0	98.38	0	1.61	0	0	0	0
1428612964735070433	CPU_0	0	0	0	100.00	0	0	0	0	0	0
1428612965364791280	CPU_0	0	0	1.58	96.82	0	1.58	0	0	0	0
1428612965987508019	CPU_0	0	0	0	100.00	0	0	0	0	0	0
1428612966611776630	CPU_0	0	0	0	98.36	0	1.63	0	0	0	0
1428612967234321078	CPU_0	0	0	1.58	96.82	0	0	1.58	0	0	0
1428612967864663133	CPU_0	0	0	0	98.38	0	1.61	0	0	0	0
1428612968487972996	CPU_0	0	0	0	100.00	0	0	0	0	0	0
1428612969111605692	CPU_0	0	0	0	95.31	0	4.68	0	0	0	0
1428612969735222221	CPU_0	0	0	0	100.00	0	0	0	0	0	0
1428612970364154405	CPU_0	0	0	1.61	98.38	0	0	0	0	0	0
1428612970987447643	CPU_0	0	0	0	100.00	0	0	0	0	0	0
1428612971610324633	CPU_0	0	0	0	100.00	0	0	0	0	0	0
1428612972233245497	CPU_0	0	0	1.63	98.36	0	0	0	0	0	0
1428612972855937154	CPU_0	0	0	1.53	93.84	0	0	4.61	0	0	0
1428612973485306378	CPU_0	0	0	0	100.00	0	0	0	0	0	0
1428612974108808992	CPU_0	0	0	0	100.00	0	0	0	0	0	0
1428612974731996273	CPU_0	0	0	0	98.41	0	1.58	0	0	0	0
1428612975355168304	CPU_0	0	0	1.63	98.36	0	0	0	0	0	0
1428612975984613611	CPU_0	0	0	0	100.00	0	0	0	0	0	0
1428612976608168641	CPU_0	0	0	1.58	96.82	0	1.58	0	0	0	0
1428612977230584799	CPU_0	0	0	0	98.38	0	1.61	0	0	0	0
1428612977853307332	CPU_0	0	0	0	100.00	0	0	0	0	0	0
1428612978482207974	CPU_0	0	0	3.12	96.87	0	0	0	0	0	0
1428612979105630838	CPU_0	0	0	0	100.00	0	0	0	0	0	0
1428612979728988870	CPU_0	0	0	1.58	96.82	0	1.58	0	0	0	0
1428612980352078651	CPU_0	0	0	1.58	96.82	0	1.58	0	0	0	0
1428612980975036558	CPU_0	0	0	0	100.00	0	0	0	0	0	0
1428612981605595364	CPU_0	0	0	1.61	98.38	0	0	0	0	0	0
1428612982229032603	CPU_0	0	0	0	100.00	0	0	0	0	0	0
1428612982852379968	CPU_0	0	0	1.58	96.82	0	1.58	0	0	0	0
1428612983475523167	CPU_0	0	0	1.66	96.66	0	1.66	0	0	0	0
1428612984106667138	CPU_0	0	0	1.63	95.08	0	3.27	0	0	0	0
1428612984730673126	CPU_0	11.66	0	3.33	83.33	0	1.66	0	0	0	0
1428612985354886364	CPU_0	0	0	0	98.38	0	1.61	0	0	0	0
1428612985978313604	CPU_0	0	0	0	100.00	0	0	0	0	0	0
1428612986609331326	CPU_0	0	0	1.61	96.77	0	1.61	0	0	0	0
1428612987232646649	CPU_0	0	0	1.58	96.82	0	1.58	0	0	0	0
1428612987855714390	CPU_0	0	0	0	100.00	0	0	0	0	0	0
1428612988478998089	CPU_0	0	0	1.61	98.38	0	0	0	0	0	0
1428612989102556662	CPU_0	3.03	0	1.51	89.39	0	6.06	0	0	0	0
1428612989732080596	CPU_0	6.45	0	0	93.54	0	0	0	0	0	0
1428612990355142962	CPU_0	0	0	0	100.00	0	0	0	0	0	0
1428612990979201951	CPU_0	0	0	0	100.00	0	0	0	0	0	0
1428612991602946441	CPU_0	0	0	1.58	95.23	0	0	3.17	0	0	0
1428612992233231457	CPU_0	0	0	1.61	98.38	0	0	0	0	0	0
1428612992855925699	CPU_0	0	0	0	100.00	0	0	0	0	0	0
1428612993480033730	CPU_0	0	0	0	100.00	0	0	0	0	0	0
1428612994104008678	CPU_0	0	0	1.63	98.36	0	0	0	0	0	0
1428612994733906028	CPU_0	0	0	0	100.00	0	0	0	0	0	0
1428612995356805978	CPU_0	0	0	0	98.38	0	1.61	0	0	0	0
1428612995980213219	CPU_0	0	0	0	100.00	0	0	0	0	0	0
1428612996604087376	CPU_0	0	0	0	98.38	0	1.61	0	0	0	0
1428612997227475992	CPU_0	0	0	1.58	96.82	0	1.58	0	0	0	0
1428612997857082802	CPU_0	0	0	0	100.00	0	0	0	0	0	0
1428612998480178169	CPU_0	0	0	0	100.00	0	0	0	0	0	0
1428612999104583366	CPU_0	0	0	3.22	96.77	0	0	0	0	0	0
1428612999728436065	CPU_0	0	0	1.58	96.82	0	1.58	0	0	0	0
1428613000358685540	CPU_0	0	0	0	100.00	0	0	0	0	0	0
1428613000982409072	CPU_0	0	0	0	100.00	0	0	0	0	0	0
1428613001607369810	CPU_0	0	0	0	96.77	1.61	1.61	0	0	0	0
1428613002230510261	CPU_0	0	0	0	100.00	0	0	0	0	0	0
1428613002860322196	CPU_0	0	0	1.51	92.42	0	1.51	4.54	0	0	0
1428613003483676563	CPU_0	0	0	0	100.00	0	0	0	0	0	0
1428613004107834595	CPU_0	0	0	0	98.38	0	1.61	0	0	0	0
1428613004731648627	CPU_0	0	0	0	100.00	0	0	0	0	0	0
1428613005360896355	CPU_0	0	0	0	100.00	0	0	0	0	0	0
1428613005986826341	CPU_0	0	0	0	98.38	0	1.61	0	0	0	0
1428613006610864415	CPU_0	0	0	3.17	96.82	0	0	0	0	0	0
1428613007234362074	CPU_0	0	0	0	100.00	0	0	0	0	0	0
1428613007858057399	CPU_0	0	0	0	98.36	0	1.63	0	0	0	0
1428613008487620293	CPU_0	0	0	1.58	98.41	0	0	0	0	0	0
1428613009111531868	CPU_0	0	0	0	98.36	0	1.63	0	0	0	0
1428613009734178196	CPU_0	0	0	0	100.00	0	0	0	0	0	0
1428613010357556438	CPU_0	0	0	0	95.31	0	4.68	0	0	0	0
1428613010987254291	CPU_0	0	0	0	100.00	0	0	0	0	0	0
1428613011611597031	CPU_0	0	0	1.63	98.36	0	0	0	0	0	0
1428613012234527734	CPU_0	0	0	1.61	98.38	0	0	0	0	0	0
1428613012858056726	CPU_0	0	0	0	100.00	0	0	0	0	0	0
1428613013491175029	CPU_0	0	0	1.58	98.41	0	0	0	0	0	0
1428613014115327062	CPU_0	0	0	0	100.00	0	0	0	0	0	0
1428613014738111265	CPU_0	0	0	1.63	98.36	0	0	0	0	0	0
1428613015361202842	CPU_0	0	0	0	98.38	0	1.61	0	0	0	0
1428613015985487042	CPU_0	0	0	1.61	98.38	0	0	0	0	0	0
1428613016616259267	CPU_0	0	0	0	96.82	1.58	1.58	0	0	0	0
1428613017239889510	CPU_0	0	0	0	93.84	0	0	6.15	0	0	0
1428613017863807585	CPU_0	0	0	1.63	98.36	0	0	0	0	0	0
1428613018486549497	CPU_0	0	0	3.17	95.23	0	1.58	0	0	0	0
1428613019117541389	CPU_0	0	0	1.56	96.87	0	1.56	0	0	0	0
1428613019741609506	CPU_0	0	0	0	100.00	0	0	0	0	0	0
1428613020365529457	CPU_0	0	0	0	100.00	0	0	0	0	0	0
1428613020988883451	CPU_0	0	0	1.58	96.82	0	1.58	0	0	0	0
1428613021620189551	CPU_0	0	0	1.63	98.36	0	0	0	0	0	0
1428613022244088835	CPU_0	0	0	1.58	96.82	0	1.58	0	0	0	0
1428613022869039450	CPU_0	0	0	0	100.00	0	0	0	0	0	0
1428613023492899693	CPU_0	0	0	0	100.00	0	0	0	0	0	0
1428613024119079014	CPU_0	0	0	0	93.84	0	6.15	0	0	0	0
1428613024749615366	CPU_0	0	0	1.58	98.41	0	0	0	0	0	0
1428613025374057191	CPU_0	0	0	0	100.00	0	0	0	0	0	0
1428613025997715977	CPU_0	0	0	1.61	98.38	0	0	0	0	0	0
1428613026623027050	CPU_0	0	0	0	100.00	0	0	0	0	0	0
1428613027253322278	CPU_0	0	0	0	100.00	0	0	0	0	0	0
1428613027878719267	CPU_0	0	0	1.63	98.36	0	0	0	0	0	0
1428613028502883427	CPU_0	0	0	0	100.00	0	0	0	0	0	0
1428613029128953998	CPU_0	0	0	0	100.00	0	0	0	0	0	0
1428613029759647851	CPU_0	0	0	0	100.00	0	0	0	0	0	0
1428613030384579842	CPU_0	0	0	0	98.38	0	1.61	0	0	0	0
1428613031008477419	CPU_0	0	0	0	100.00	0	0	0	0	0	0
1428613031634413116	CPU_0	0	0	1.61	96.77	1.61	0	0	0	0	0
1428613032269027626	CPU_0	0	0	0	98.38	0	1.61	0	0	0	0
1428613032894648240	CPU_0	0	0	1.58	98.41	0	0	0	0	0	0
1428613033518826734	CPU_0	0	0	0	100.00	0	0	0	0	0	0
1428613034144107599	CPU_0	0	0	1.58	96.82	0	1.58	0	0	0	0
1428613034768202801	CPU_0	0	0	0	100.00	0	0	0	0	0	0
1428613035399667319	CPU_0	0	0	1.58	96.82	0	1.58	0	0	0	0
1428613036024059479	CPU_0	0	0	0	92.42	0	7.57	0	0	0	0
1428613036649635927	CPU_0	0	0	0	100.00	0	0	0	0	0	0
1428613037274599002	CPU_0	0	0	1.61	98.38	0	0	0	0	0	0
1428613037905113023	CPU_0	0	0	3.17	96.82	0	0	0	0	0	0
1428613038528892017	CPU_0	0	0	0	100.00	0	0	0	0	0	0
1428613039153826926	CPU_0	0	0	0	100.00	0	0	0	0	0	0
1428613039778255878	CPU_0	0	0	0	100.00	0	0	0	0	0	0
1428613040408645565	CPU_0	0	0	1.61	98.38	0	0	0	0	0	0
1428613041033096017	CPU_0	0	0	0	100.00	0	0	0	0	0	0
1428613041658597175	CPU_0	0	0	0	100.00	0	0	0	0	0	0
1428613042282862585	CPU_0	0	0	0	100.00	0	0	0	0	0	0
1428613042907265288	CPU_0	0	0	1.61	98.38	0	0	0	0	0	0
1428613043537539101	CPU_0	0	0	1.49	92.53	0	0	5.97	0	0	0
1428613044162459260	CPU_0	0	0	0	100.00	0	0	0	0	0	0
1428613044787286753	CPU_0	0	0	1.61	98.38	0	0	0	0	0	0
1428613045411554164	CPU_0	0	0	1.58	96.82	0	1.58	0	0	0	0
1428613046042257309	CPU_0	0	0	0	100.00	0	0	0	0	0	0
1428613046667166094	CPU_0	0	0	1.58	96.82	0	1.58	0	0	0	0
1428613047292333920	CPU_0	0	0	0	100.00	0	0	0	0	0	0
1428613047916952622	CPU_0	0	0	1.51	90.90	0	7.57	0	0	0	0
1428613048548859973	CPU_0	3.22	0	0	96.77	0	0	0	0	0	0
1428613049174923714	CPU_0	0	0	0	100.00	0	0	0	0	0	0
1428613049800598539	CPU_0	0	0	0	100.00	0	0	0	0	0	0
1428613050425216699	CPU_0	0	0	0	100.00	0	0	0	0	0	0
1428613051058476964	CPU_0	0	0	1.61	98.38	0	0	0	0	0	0
1428613051684694830	CPU_0	0	0	0	98.38	1.61	0	0	0	0	0
1428613052310100530	CPU_0	0	0	0	100.00	0	0	0	0	0	0
1428613052934646817	CPU_0	0	0	3.17	96.82	0	0	0	0	0	0
1428613053559678685	CPU_0	0	0	0	100.00	0	0	0	0	0	0
1428613054191295746	CPU_0	0	0	0	100.00	0	0	0	0	0	0
1428613054816256323	CPU_0	0	0	0	100.00	0	0	0	0	0	0
1428613055440601027	CPU_0	0	0	0	98.38	0	1.61	0	0	0	0
1428613056065572187	CPU_0	0	0	1.61	98.38	0	0	0	0	0	0
1428613056697806872	CPU_0	0	0	1.63	98.36	0	0	0	0	0	0
1428613057322188992	CPU_0	0	0	0	98.38	0	1.61	0	0	0	0
1428613057946481196	CPU_0	0	0	1.61	98.38	0	0	0	0	0	0
1428613058571002442	CPU_0	1.58	0	1.58	96.82	0	0	0	0	0	0
1428613059202798169	CPU_0	0	0	0	98.41	0	1.58	0	0	0	0
1428613059828006163	CPU_0	0	0	1.61	98.38	0	0	0	0	0	0
1428613060452965282	CPU_0	0	0	0	98.38	0	1.61	0	0	0	0
1428613061078202568	CPU_0	0	0	0	100.00	0	0	0	0	0	0
1428613061710503378	CPU_0	0	0	0	100.00	0	0	0	0	0	0
1428613062338411282	CPU_0	0	0	0	98.41	0	1.58	0	0	0	0
1428613062963100652	CPU_0	0	0	1.61	98.38	0	0	0	0	0	0
1428613063588511854	CPU_0	0	0	0	98.38	0	1.61	0	0	0	0
1428613064214603930	CPU_0	0	0	0	100.00	0	0	0	0	0	0
1428613064846881240	CPU_0	0	0	1.61	98.38	0	0	0	0	0	0
1428613065471786943	CPU_0	0	0	1.58	96.82	0	1.58	0	0	0	0
1428613066097284854	CPU_0	0	0	1.61	98.38	0	0	0	0	0	0
1428613066723378513	CPU_0	0	0	0	95.16	1.61	1.61	1.61	0	0	0
1428613067356053323	CPU_0	0	0	1.58	98.41	0	0	0	0	0	0
1428613067980822443	CPU_0	0	0	1.58	96.82	0	1.58	0	0	0	0
1428613068606878894	CPU_0	0	0	0	100.00	0	0	0	0	0	0
1428613069232534846	CPU_0	0	0	1.61	98.38	0	0	0	0	0	0
1428613069865426739	CPU_0	0	0	0	98.41	0	1.58	0	0	0	0
1428613070489907611	CPU_0	0	0	0	100.00	0	0	0	0	0	0
1428613071116315561	CPU_0	1.51	0	1.51	90.90	0	6.06	0	0	0	0
1428613071742700178	CPU_0	0	0	1.58	96.82	0	0	1.58	0	0	0
1428613072376168070	CPU_0	0	0	0	100.00	0	0	0	0	0	0
1428613073001297440	CPU_0	0	0	1.63	98.36	0	0	0	0	0	0
1428613073627310517	CPU_0	0	0	0	100.00	0	0	0	0	0	0
1428613074253143094	CPU_0	0	0	0	100.00	0	0	0	0	0	0
1428613074879059421	CPU_0	0	0	0	100.00	0	0	0	0	0	0
1428613075510129652	CPU_0	0	0	0	100.00	0	0	0	0	0	0
1428613076135924855	CPU_0	0	0	1.61	98.38	0	0	0	0	0	0
1428613076761862473	CPU_0	0	0	0	100.00	0	0	0	0	0	0
1428613077387450718	CPU_0	0	0	0	96.82	0	3.17	0	0	0	0
1428613078018743907	CPU_0	0	0	0	98.38	0	0	1.61	0	0	0
1428613078644555402	CPU_0	0	0	3.17	96.82	0	0	0	0	0	0
1428613079269924814	CPU_0	0	0	1.61	98.38	0	0	0	0	0	0
1428613079896465098	CPU_0	0	0	0	100.00	0	0	0	0	0	0
1428613080527999162	CPU_0	0	0	0	98.38	0	1.61	0	0	0	0
1428613081154356322	CPU_0	0	0	1.61	98.38	0	0	0	0	0	0
1428613081780333358	CPU_0	0	0	1.61	96.77	1.61	0	0	0	0	0
1428613082406338769	CPU_0	0	0	0	98.38	0	1.61	0	0	0	0
1428613083038926122	CPU_0	0	0	1.58	98.41	0	0	0	0	0	0
1428613083665265074	CPU_0	0	0	0	96.82	0	1.58	1.58	0	0	0
1428613084290816111	CPU_0	0	0	0	95.31	0	4.68	0	0	0	0
1428613084916245357	CPU_0	0	0	1.61	98.38	0	0	0	0	0	0
1428613085541659103	CPU_0	0	0	0	100.00	0	0	0	0	0	0
1428613086173325667	CPU_0	0	0	1.61	98.38	0	0	0	0	0	0
1428613086799760578	CPU_0	0	0	0	100.00	0	0	0	0	0	0
1428613087424733450	CPU_0	0	0	0	100.00	0	0	0	0	0	0
1428613088049988572	CPU_0	0	0	0	100.00	0	0	0	0	0	0
1428613088682734134	CPU_0	0	0	1.58	98.41	0	0	0	0	0	0
1428613089308359171	CPU_0	0	0	0	98.38	0	0	1.61	0	0	0
1428613089934022875	CPU_0	0	0	0	98.36	0	1.63	0	0	0	0
1428613090558767748	CPU_0	0	0	1.56	95.31	0	3.12	0	0	0	0
1428613091190394147	CPU_0	0	0	1.58	98.41	0	0	0	0	0	0
1428613091816109809	CPU_0	0	0	1.63	98.36	0	0	0	0	0	0
1428613092441335140	CPU_0	0	0	1.61	98.38	0	0	0	0	0	0
1428613093066728095	CPU_0	0	0	1.61	98.38	0	0	0	0	0	0
1428613093702263734	CPU_0	0	0	0	100.00	0	0	0	0	0	0
1428613094327884231	CPU_0	0	0	1.58	96.82	0	1.58	0	0	0	0
1428613094953237269	CPU_0	0	0	0	98.38	0	0	1.61	0	0	0
1428613095577988060	CPU_0	0	0	1.61	98.38	0	0	0	0	0	0
1428613096204967220	CPU_0	0	0	1.61	96.77	0	1.61	0	0	0	0
1428613096836680243	CPU_0	0	0	0	98.38	0	1.61	0	0	0	0
1428613097462047741	CPU_0	0	0	1.61	98.38	0	0	0	0	0	0
1428613098086939698	CPU_0	0	0	3.17	96.82	0	0	0	0	0	0
1428613098712791319	CPU_0	0	0	0	98.38	0	1.61	0	0	0	0
1428613099344684093	CPU_0	0	0	0	100.00	0	0	0	0	0	0
1428613099970023049	CPU_0	0	0	0	93.84	0	1.53	4.61	0	0	0
1428613100595533588	CPU_0	0	0	0	100.00	0	0	0	0	0	0
1428613101221845167	CPU_0	0	0	1.63	96.72	1.63	0	0	0	0	0
1428613101853945732	CPU_0	0	0	1.56	96.87	0	1.56	0	0	0	0
1428613102479148563	CPU_0	0	0	0	100.00	0	0	0	0	0	0
1428613103103884188	CPU_0	1.61	0	1.61	95.16	0	1.61	0	0	0	0
1428613103730366016	CPU_0	0	0	0	98.30	0	1.69	0	0	0	0
1428613104361582792	CPU_0	0	0	1.61	93.54	0	4.83	0	0	0	0
1428613104990217074	CPU_0	11.86	0	1.69	86.44	0	0	0	0	0	0
1428613105615953030	CPU_0	0	0	0	98.38	0	1.61	0	0	0	0
1428613106242365151	CPU_0	0	0	0	98.36	0	1.63	0	0	0	0
1428613106868167731	CPU_0	0	0	1.61	98.38	0	0	0	0	0	0
1428613107500653088	CPU_0	1.61	0	0	98.38	0	0	0	0	0	0
1428613108126416627	CPU_0	0	0	1.58	96.82	0	1.58	0	0	0	0
1428613108752223666	CPU_0	0	0	1.61	98.38	0	0	0	0	0	0
1428613109377863081	CPU_0	0	0	0	95.31	0	4.68	0	0	0	0
1428613110010221688	CPU_0	0	0	0	100.00	0	0	0	0	0	0
1428613110635625978	CPU_0	0	0	0	100.00	0	0	0	0	0	0
1428613111261816558	CPU_0	0	0	1.61	98.38	0	0	0	0	0	0
1428613111888046013	CPU_0	0	0	1.61	98.38	0	0	0	0	0	0
1428613112521078036	CPU_0	0	0	0	100.00	0	0	0	0	0	0
1428613113147838823	CPU_0	0	0	0	98.36	0	1.63	0	0	0	0
1428613113774965110	CPU_0	0	0	1.58	98.41	0	0	0	0	0	0
1428613114400518692	CPU_0	0	0	1.63	98.36	0	0	0	0	0	0
1428613115033704131	CPU_0	0	0	0	100.00	0	0	0	0	0	0
1428613115660408210	CPU_0	0	0	1.42	88.57	0	1.42	8.57	0	0	0
1428613116287435372	CPU_0	0	0	1.63	98.36	0	0	0	0	0	0
1428613116913157496	CPU_0	0	0	0	100.00	0	0	0	0	0	0
1428613117539425243	CPU_0	0	0	3.12	95.31	0	1.56	0	0	0	0
1428613118172145392	CPU_0	0	0	0	100.00	0	0	0	0	0	0
1428613118799539178	CPU_0	0	0	0	98.38	0	1.61	0	0	0	0
1428613119425523801	CPU_0	1.58	0	1.58	95.23	0	1.58	0	0	0	0
1428613120052217756	CPU_0	0	0	0	100.00	0	0	0	0	0	0
1428613120684451406	CPU_0	0	0	1.61	98.38	0	0	0	0	0	0
1428613121311708569	CPU_0	0	0	1.61	98.38	0	0	0	0	0	0
1428613121937498443	CPU_0	0	0	0	98.38	0	1.61	0	0	0	0
1428613122564634230	CPU_0	0	0	1.61	98.38	0	0	0	0	0	0
1428613123197394671	CPU_0	0	0	0	98.41	0	1.58	0	0	0	0
1428613123824295417	CPU_0	0	0	0	100.00	0	0	0	0	0	0
1428613124450437499	CPU_0	0	0	1.61	98.38	0	0	0	0	0	0
1428613125076458623	CPU_0	0	0	1.56	95.31	0	3.12	0	0	0	0
1428613125708749357	CPU_0	0	0	0	100.00	0	0	0	0	0	0
1428613126335486687	CPU_0	0	0	0	100.00	0	0	0	0	0	0
1428613126961521478	CPU_0	0	0	0	100.00	0	0	0	0	0	0
1428613127587909726	CPU_0	0	0	0	91.04	0	8.95	0	0	0	0
1428613128217866049	CPU_0	0	0	1.61	98.38	0	0	0	0	0	0
1428613128848010871	CPU_0	0	0	0	100.00	0	0	0	0	0	0
1428613129473886121	CPU_0	0	0	0	100.00	0	0	0	0	0	0
1428613130099772746	CPU_0	0	0	0	100.00	0	0	0	0	0	0
1428613130725615079	CPU_0	0	0	1.61	98.38	0	0	0	0	0	0
1428613131359290643	CPU_0	0	0	0	100.00	0	0	0	0	0	0
1428613131985029477	CPU_0	0	0	0	100.00	0	0	0	0	0	0
1428613132610896060	CPU_0	0	0	0	100.00	0	0	0	0	0	0
1428613133237208601	CPU_0	0	0	1.61	98.38	0	0	0	0	0	0
1428613133870551583	CPU_0	0	0	1.58	98.41	0	0	0	0	0	0
1428613134497125748	CPU_0	0	0	0	100.00	0	0	0	0	0	0
1428613135123233498	CPU_0	0	0	1.61	98.38	0	0	0	0	0	0
1428613135750134954	CPU_0	0	0	0	100.00	0	0	0	0	0	0
1428613136382863438	CPU_0	0	0	0	98.36	1.63	0	0	0	0	0
1428613137009201770	CPU_0	0	0	3.12	95.31	0	1.56	0	0	0	0
1428613137635240895	CPU_0	1.61	0	0	98.38	0	0	0	0	0	0
1428613138262147060	CPU_0	0	0	1.61	96.77	0	1.61	0	0	0	0
1428613138893818713	CPU_0	0	0	0	100.00	0	0	0	0	0	0
1428613139520032838	CPU_0	0	0	0	96.82	0	3.17	0	0	0	0
1428613140146631254	CPU_0	0	0	1.66	98.33	0	0	0	0	0	0
1428613140773987335	CPU_0	0	0	1.61	98.38	0	0	0	0	0	0
1428613141400697792	CPU_0	1.61	0	0	96.77	1.61	0	0	0	0	0
1428613142032478778	CPU_0	0	0	0	100.00	0	0	0	0	0	0
1428613142659984692	CPU_0	0	0	0	98.36	0	1.63	0	0	0	0
1428613143286854733	CPU_0	0	0	1.61	98.38	0	0	0	0	0	0
1428613143913392524	CPU_0	0	0	0	98.38	0	1.61	0	0	0	0
1428613144546519091	CPU_0	0	0	1.61	98.38	0	0	0	0	0	0
1428613145173259965	CPU_0	0	0	0	98.38	0	1.61	0	0	0	0
1428613145800657046	CPU_0	0	0	1.58	96.82	0	1.58	0	0	0	0
1428613146427596670	CPU_0	0	0	1.58	96.82	0	0	1.58	0	0	0
1428613147060508030	CPU_0	0	0	0	92.53	0	7.46	0	0	0	0
1428613147687567362	CPU_0	0	0	0	100.00	0	0	0	0	0	0
1428613148314902151	CPU_0	0	0	0	100.00	0	0	0	0	0	0
1428613148941828609	CPU_0	0	0	0	100.00	0	0	0	0	0	0
1428613149574760344	CPU_0	0	0	1.61	98.38	0	0	0	0	0	0
1428613150201482469	CPU_0	0	0	0	100.00	0	0	0	0	0	0
1428613150828596759	CPU_0	0	0	0	100.00	0	0	0	0	0	0
1428613151454953302	CPU_0	0	0	0	100.00	0	0	0	0	0	0
1428613152087241372	CPU_0	0	0	1.61	98.38	0	0	0	0	0	0
1428613152714455870	CPU_0	0	0	0	100.00	0	0	0	0	0	0
1428613153341628369	CPU_0	0	0	0	100.00	0	0	0	0	0	0
1428613153968091287	CPU_0	0	0	1.61	98.38	0	0	0	0	0	0
1428613154594485163	CPU_0	0	0	0	100.00	0	0	0	0	0	0
1428613155227551648	CPU_0	0	0	0	96.87	0	1.56	1.56	0	0	0
1428613155854894355	CPU_0	0	0	1.61	98.38	0	0	0	0	0	0
1428613156481336648	CPU_0	0	0	1.63	98.36	0	0	0	0	0	0
1428613157107115484	CPU_0	0	0	1.56	96.87	0	1.56	0	0	0	0
1428613157740740635	CPU_0	0	0	1.56	95.31	0	1.56	1.56	0	0	0
1428613158367128428	CPU_0	0	0	0	100.00	0	0	0	0	0	0
1428613158993285388	CPU_0	0	0	0	100.00	0	0	0	0	0	0
1428613159619417474	CPU_0	0	0	0	100.00	0	0	0	0	0	0
1428613160253667998	CPU_0	0	0	0	98.38	0	1.61	0	0	0	0
1428613160881034956	CPU_0	0	0	0	100.00	0	0	0	0	0	0
1428613161508239664	CPU_0	0	0	1.58	96.82	0	1.58	0	0	0	0
1428613162135274581	CPU_0	0	0	1.63	98.36	0	0	0	0	0	0
1428613162768669941	CPU_0	0	0	1.44	89.85	0	8.69	0	0	0	0
1428613163395637817	CPU_0	0	0	0	100.00	0	0	0	0	0	0
1428613164022185777	CPU_0	0	0	0	100.00	0	0	0	0	0	0
1428613164648360946	CPU_0	0	0	0	100.00	0	0	0	0	0	0
1428613165284041010	CPU_0	0	0	1.58	98.41	0	0	0	0	0	0
1428613165910819303	CPU_0	0	0	1.61	98.38	0	0	0	0	0	0
1428613166537477388	CPU_0	0	0	1.56	95.31	1.56	0	1.56	0	0	0
1428613167163756432	CPU_0	0	0	0	100.00	0	0	0	0	0	0
1428613167790983641	CPU_0	0	0	1.58	98.41	0	0	0	0	0	0
1428613168423973211	CPU_0	3.27	0	0	96.72	0	0	0	0	0	0
1428613169050456588	CPU_0	0	0	1.61	98.38	0	0	0	0	0	0
1428613169676054926	CPU_0	0	0	0	100.00	0	0	0	0	0	0
1428613170303382135	CPU_0	0	0	0	100.00	0	0	0	0	0	0
1428613170936247955	CPU_0	0	0	1.61	98.38	0	0	0	0	0	0
1428613171562240501	CPU_0	0	0	1.49	91.04	0	5.97	1.49	0	0	0
1428613172188414004	CPU_0	0	0	0	100.00	0	0	0	0	0	0
1428613172815136298	CPU_0	0	0	1.58	98.41	0	0	0	0	0	0
1428613173448297993	CPU_0	0	0	0	100.00	0	0	0	0	0	0
1428613174074390164	CPU_0	0	0	0	100.00	0	0	0	0	0	0
1428613174700910792	CPU_0	0	0	1.61	98.38	0	0	0	0	0	0
1428613175328081376	CPU_0	0	0	1.56	96.87	0	0	1.56	0	0	0
1428613175960340032	CPU_0	0	0	1.61	98.38	0	0	0	0	0	0
1428613176587505909	CPU_0	0	0	0	98.36	1.63	0	0	0	0	0
1428613177214508786	CPU_0	0	0	0	98.38	0	1.61	0	0	0	0
1428613177841165455	CPU_0	0	0	0	100.00	0	0	0	0	0	0
1428613178474169110	CPU_0	0	0	1.61	98.38	0	0	0	0	0	0
1428613179103509773	CPU_0	0	0	1.58	96.82	0	1.58	0	0	0	0
1428613179729887568	CPU_0	0	0	0	100.00	0	0	0	0	0	0
1428613180358271734	CPU_0	0	0	0	98.38	0	1.61	0	0	0	0
1428613180985920860	CPU_0	0	0	0	96.82	0	3.17	0	0	0	0
1428613181619013764	CPU_0	0	0	1.61	98.38	0	0	0	0	0	0
1428613182245631726	CPU_0	0	0	0	100.00	0	0	0	0	0	0
1428613182873896142	CPU_0	0	0	0	98.41	0	0	1.58	0	0	0
1428613183500836228	CPU_0	0	0	0	100.00	0	0	0	0	0	0
1428613184134374966	CPU_0	0	0	0	100.00	0	0	0	0	0	0
1428613184761494176	CPU_0	0	0	0	98.38	0	1.61	0	0	0	0
1428613185389709385	CPU_0	0	0	1.61	98.38	0	0	0	0	0	0
1428613186017002303	CPU_0	0	0	0	95.31	0	4.68	0	0	0	0
1428613186650583166	CPU_0	0	0	1.61	98.38	0	0	0	0	0	0
1428613187277601169	CPU_0	0	0	1.61	98.38	0	0	0	0	0	0
1428613187905827169	CPU_0	0	0	0	100.00	0	0	0	0	0	0
1428613188533003338	CPU_0	0	0	0	98.38	0	0	1.61	0	0	0
1428613189166491826	CPU_0	0	0	1.58	98.41	0	0	0	0	0	0
1428613189794101703	CPU_0	0	0	0	100.00	0	0	0	0	0	0
1428613190422522786	CPU_0	0	0	1.61	98.38	0	0	0	0	0	0
1428613191049711456	CPU_0	0	0	0	98.38	0	1.61	0	0	0	0
1428613191685166356	CPU_0	0	0	1.56	96.87	1.56	0	0	0	0	0
1428613192312695733	CPU_0	0	0	0	96.77	0	3.22	0	0	0	0
1428613192941986190	CPU_0	0	0	0	100.00	0	0	0	0	0	0
1428613193569319943	CPU_0	0	0	0	100.00	0	0	0	0	0	0
1428613194196976612	CPU_0	0	0	1.53	93.84	0	0	4.61	0	0	0
1428613194830811724	CPU_0	0	0	1.58	98.41	0	0	0	0	0	0
1428613195458674684	CPU_0	0	0	3.12	95.31	0	1.56	0	0	0	0
1428613196086590311	CPU_0	0	0	0	96.82	0	3.17	0	0	0	0
1428613196714371647	CPU_0	0	0	1.61	98.38	0	0	0	0	0	0
1428613197349595464	CPU_0	0	0	0	100.00	0	0	0	0	0	0
1428613197976754051	CPU_0	0	0	0	100.00	0	0	0	0	0	0
1428613198604672220	CPU_0	0	0	0	92.30	0	7.69	0	0	0	0
1428613199232684597	CPU_0	0	0	0	100.00	0	0	0	0	0	0
1428613199868091498	CPU_0	0	0	1.58	98.41	0	0	0	0	0	0
1428613200495495668	CPU_0	0	0	1.63	98.36	0	0	0	0	0	0
1428613201123448170	CPU_0	1.61	0	1.61	96.77	0	0	0	0	0	0
1428613201751492631	CPU_0	0	0	1.63	98.36	0	0	0	0	0	0
1428613202386289784	CPU_0	0	0	0	100.00	0	0	0	0	0	0
1428613203013729037	CPU_0	0	0	0	100.00	0	0	0	0	0	0
1428613203641393999	CPU_0	0	0	1.61	98.38	0	0	0	0	0	0
1428613204268594461	CPU_0	0	0	0	100.00	0	0	0	0	0	0
1428613204903302948	CPU_0	0	0	0	100.00	0	0	0	0	0	0
1428613205530608661	CPU_0	0	0	1.58	98.41	0	0	0	0	0	0
1428613206158288706	CPU_0	0	0	0	100.00	0	0	0	0	0	0
1428613206785618543	CPU_0	0	0	1.66	96.66	0	1.66	0	0	0	0
1428613207421896110	CPU_0	0	0	1.49	92.53	0	5.97	0	0	0	0
1428613208049371864	CPU_0	0	0	0	100.00	0	0	0	0	0	0
1428613208677925115	CPU_0	0	0	0	100.00	0	0	0	0	0	0
1428613209306084243	CPU_0	0	0	0	100.00	0	0	0	0	0	0
1428613209935096410	CPU_0	0	0	1.61	98.38	0	0	0	0	0	0
1428613210568770858	CPU_0	0	0	0	100.00	0	0	0	0	0	0
1428613211196583362	CPU_0	0	0	1.58	96.82	0	0	1.58	0	0	0
1428613211823676117	CPU_0	0	0	0	98.38	1.61	0	0	0	0	0
1428613212452402744	CPU_0	0	0	0	100.00	0	0	0	0	0	0
1428613213086482441	CPU_0	0	0	0	100.00	0	0	0	0	0	0
1428613213714567194	CPU_0	0	0	1.47	89.70	0	1.47	7.35	0	0	0
1428613214341253034	CPU_0	0	0	0	98.38	0	1.61	0	0	0	0
1428613214969891161	CPU_0	0	0	0	100.00	0	0	0	0	0	0
1428613215603281152	CPU_0	0	0	3.17	96.82	0	0	0	0	0	0
1428613216231183281	CPU_0	0	0	0	100.00	0	0	0	0	0	0
1428613216857823538	CPU_0	0	0	0	98.38	0	1.61	0	0	0	0
1428613217486000416	CPU_0	0	0	1.53	93.84	0	4.61	0	0	0	0
1428613218119573032	CPU_0	0	0	0	100.00	0	0	0	0	0	0
1428613218746917121	CPU_0	0	0	0	100.00	0	0	0	0	0	0
1428613219374396960	CPU_0	0	0	0	100.00	0	0	0	0	0	0
1428613220001886465	CPU_0	0	0	1.61	98.38	0	0	0	0	0	0
1428613220635911663	CPU_0	0	0	0	100.00	0	0	0	0	0	0
1428613221263259335	CPU_0	1.61	0	0	98.38	0	0	0	0	0	0
1428613221892671045	CPU_0	0	0	0	100.00	0	0	0	0	0	0
1428613222519512677	CPU_0	0	0	0	100.00	0	0	0	0	0	0
1428613223154660248	CPU_0	1.47	0	1.47	89.70	0	7.35	0	0	0	0
1428613223782188378	CPU_0	0	0	1.69	98.30	0	0	0	0	0	0
1428613224411044339	CPU_0	0	0	1.69	98.30	0	0	0	0	0	0
1428613225039117052	CPU_0	8.33	0	1.66	90.00	0	0	0	0	0	0
1428613225667370014	CPU_0	0	0	0	98.38	0	1.61	0	0	0	0
1428613226301211630	CPU_0	0	0	1.58	98.41	0	0	0	0	0	0
1428613226929839550	CPU_0	0	0	1.61	96.77	0	1.61	0	0	0	0
1428613227557471181	CPU_0	0	0	0	95.31	0	4.68	0	0	0	0
1428613228185097479	CPU_0	0	0	1.58	98.41	0	0	0	0	0	0
1428613228818877345	CPU_0	0	0	0	100.00	0	0	0	0	0	0
1428613229447239682	CPU_0	8.19	0	1.63	90.16	0	0	0	0	0	0
1428613230074083649	CPU_0	0	0	0	100.00	0	0	0	0	0	0
1428613230701579447	CPU_0	0	0	0	100.00	0	0	0	0	0	0
1428613231335483355	CPU_0	0	0	0	100.00	0	0	0	0	0	0
1428613231963285777	CPU_0	0	0	3.17	95.23	1.58	0	0	0	0	0
1428613232590655742	CPU_0	0	0	0	95.23	0	4.76	0	0	0	0
1428613233218139999	CPU_0	1.61	0	0	98.38	0	0	0	0	0	0
1428613233852208698	CPU_0	0	0	1.58	98.41	0	0	0	0	0	0
1428613234480134746	CPU_0	0	0	1.61	98.38	0	0	0	0	0	0
1428613235107740878	CPU_0	0	0	1.61	98.38	0	0	0	0	0	0
1428613235735829633	CPU_0	0	0	0	100.00	0	0	0	0	0	0
1428613236369737333	CPU_0	0	0	0	100.00	0	0	0	0	0	0
1428613236998857253	CPU_0	0	0	0	98.36	0	1.63	0	0	0	0
1428613237626304219	CPU_0	0	0	0	98.38	0	1.61	0	0	0	0
1428613238253981975	CPU_0	0	0	1.61	98.38	0	0	0	0	0	0
1428613238889517922	CPU_0	0	0	0	100.00	0	0	0	0	0	0
1428613239517889927	CPU_0	0	0	1.58	96.82	0	1.58	0	0	0	0
1428613240145293018	CPU_0	0	0	0	96.87	0	0	3.12	0	0	0
1428613240774713229	CPU_0	0	0	0	98.38	0	1.61	0	0	0	0
1428613241405052439	CPU_0	0	0	0	100.00	0	0	0	0	0	0
1428613242037881808	CPU_0	0	0	0	100.00	0	0	0	0	0	0
1428613242666442314	CPU_0	0	0	1.58	96.82	0	1.58	0	0	0	0
1428613243294326237	CPU_0	0	0	0	100.00	0	0	0	0	0	0
1428613243923275533	CPU_0	0	0	0	98.38	0	1.61	0	0	0	0
1428613244557412525	CPU_0	0	0	1.58	98.41	0	0	0	0	0	0
1428613245184866408	CPU_0	0	0	0	100.00	0	0	0	0	0	0
1428613245813341706	CPU_0	0	0	0	98.38	0	1.61	0	0	0	0
1428613246441690045	CPU_0	0	0	1.53	92.30	1.53	4.61	0	0	0	0
1428613247076718910	CPU_0	0	0	1.58	98.41	0	0	0	0	0	0
1428613247704244210	CPU_0	0	0	0	100.00	0	0	0	0	0	0
1428613248332986965	CPU_0	0	0	1.61	98.38	0	0	0	0	0	0
1428613248962029428	CPU_0	0	0	0	100.00	0	0	0	0	0	0
1428613249597155127	CPU_0	0	0	0	100.00	0	0	0	0	0	0
1428613250224405844	CPU_0	0	0	1.61	98.38	0	0	0	0	0	0
1428613250853337058	CPU_0	0	0	0	100.00	0	0	0	0	0	0
1428613251481564023	CPU_0	0	0	1.61	96.77	0	1.61	0	0	0	0
1428613252116843846	CPU_0	0	0	0	100.00	0	0	0	0	0	0
1428613252744565230	CPU_0	0	0	0	100.00	0	0	0	0	0	0
1428613253373072819	CPU_0	0	0	1.56	96.87	0	1.56	0	0	0	0
1428613254001535701	CPU_0	0	0	0	93.84	0	0	6.15	0	0	0
1428613254636504692	CPU_0	0	0	0	98.41	0	1.58	0	0	0	0
1428613255264805407	CPU_0	0	0	0	100.00	0	0	0	0	0	0
1428613255893323331	CPU_0	0	0	3.17	96.82	0	0	0	0	0	0
1428613256521675088	CPU_0	0	0	0	96.82	1.58	1.58	0	0	0	0
1428613257156435996	CPU_0	0	0	1.51	92.42	0	6.06	0	0	0	0
1428613257785081378	CPU_0	0	0	0	100.00	0	0	0	0	0	0
1428613258413553635	CPU_0	0	0	0	100.00	0	0	0	0	0	0
1428613259042907348	CPU_0	0	0	0	100.00	0	0	0	0	0	0
1428613259677404841	CPU_0	0	0	0	100.00	0	0	0	0	0	0
1428613260308992174	CPU_0	0	0	1.58	98.41	0	0	0	0	0	0
1428613260937807764	CPU_0	0	0	0	100.00	0	0	0	0	0	0
1428613261566269521	CPU_0	1.63	0	0	98.36	0	0	0	0	0	0
1428613262194290988	CPU_0	0	0	1.63	98.36	0	0	0	0	0	0
1428613262828961231	CPU_0	0	0	1.58	98.41	0	0	0	0	0	0
1428613263457842029	CPU_0	0	0	0	98.38	0	1.61	0	0	0	0
1428613264085640955	CPU_0	0	0	0	95.31	0	4.68	0	0	0	0
1428613264714076213	CPU_0	0	0	1.61	98.38	0	0	0	0	0	0
1428613265349190371	CPU_0	0	0	0	100.00	0	0	0	0	0	0
1428613265978386419	CPU_0	0	0	1.61	98.38	0	0	0	0	0	0
1428613266606939260	CPU_0	0	0	1.61	98.38	0	0	0	0	0	0
1428613267235374685	CPU_0	0	0	1.61	98.38	0	0	0	0	0	0
1428613267870683926	CPU_0	0	0	0	100.00	0	0	0	0	0	0
1428613268499575225	CPU_0	0	0	1.61	98.38	0	0	0	0	0	0
1428613269127771442	CPU_0	0	0	0	92.42	0	7.57	0	0	0	0
1428613269755624202	CPU_0	0	0	0	100.00	0	0	0	0	0	0
1428613270391090568	CPU_0	0	0	0	100.00	0	0	0	0	0	0
1428613271019609827	CPU_0	0	0	1.58	98.41	0	0	0	0	0	0
1428613271648552376	CPU_0	0	0	1.61	96.77	1.61	0	0	0	0	0
1428613272276657135	CPU_0	0	0	0	100.00	0	0	0	0	0	0
1428613272912485293	CPU_0	0	0	0	100.00	0	0	0	0	0	0
1428613273542182007	CPU_0	0	0	0	100.00	0	0	0	0	0	0
1428613274170832931	CPU_0	0	0	0	100.00	0	0	0	0	0	0
1428613274799287607	CPU_0	0	0	1.61	98.38	0	0	0	0	0	0
1428613275434085101	CPU_0	0	0	1.61	98.38	0	0	0	0	0	0
1428613276062712984	CPU_0	0	0	0	100.00	0	0	0	0	0	0
1428613276691712742	CPU_0	0	0	0	96.77	0	1.61	1.61	0	0	0
1428613277320151542	CPU_0	0	0	0	100.00	0	0	0	0	0	0
1428613277955104203	CPU_0	0	0	1.58	98.41	0	0	0	0	0	0
1428613278586476622	CPU_0	0	0	0	98.38	0	1.61	0	0	0	0
1428613279214759506	CPU_0	0	0	0	100.00	0	0	0	0	0	0
1428613279843136932	CPU_0	0	0	0	93.84	0	6.15	0	0	0	0
1428613280472938813	CPU_0	0	0	1.58	98.41	0	0	0	0	0	0
1428613281107189017	CPU_0	0	0	0	100.00	0	0	0	0	0	0
1428613281736560983	CPU_0	0	0	1.63	98.36	0	0	0	0	0	0
1428613282364845243	CPU_0	0	0	0	93.93	0	0	6.06	0	0	0
1428613282994696041	CPU_0	0	0	0	100.00	0	0	0	0	0	0
1428613283630393492	CPU_0	0	0	0	100.00	0	0	0	0	0	0
1428613284259523208	CPU_0	0	0	1.61	98.38	0	0	0	0	0	0
1428613284888232884	CPU_0	0	0	0	100.00	0	0	0	0	0	0
1428613285519175930	CPU_0	0	0	0	100.00	0	0	0	0	0	0
1428613286154634590	CPU_0	0	0	1.56	96.87	0	1.56	0	0	0	0
1428613286783905806	CPU_0	0	0	0	100.00	0	0	0	0	0	0
1428613287412708607	CPU_0	0	0	1.58	96.82	0	1.58	0	0	0	0
1428613288042341989	CPU_0	0	0	1.58	98.41	0	0	0	0	0	0
1428613288678218607	CPU_0	1.56	0	1.56	93.75	0	3.12	0	0	0	0
1428613289308334696	CPU_0	0	0	0	100.00	0	0	0	0	0	0
1428613289938202828	CPU_0	0	0	0	100.00	0	0	0	0	0	0
1428613290569195208	CPU_0	0	0	0	100.00	0	0	0	0	0	0
1428613291205090826	CPU_0	0	0	1.58	98.41	0	0	0	0	0	0
1428613291835115291	CPU_0	0	0	1.58	96.82	0	1.58	0	0	0	0
1428613292464674632	CPU_0	0	0	0	100.00	0	0	0	0	0	0
1428613293094021432	CPU_0	0	0	0	98.38	0	1.61	0	0	0	0
1428613293729656717	CPU_0	0	0	0	100.00	0	0	0	0	0	0
1428613294358545852	CPU_0	1.58	0	1.58	96.82	0	0	0	0	0	0
1428613294988445110	CPU_0	0	0	1.58	96.82	0	1.58	0	0	0	0
1428613295617837910	CPU_0	0	0	0	100.00	0	0	0	0	0	0
1428613296256800646	CPU_0	0	0	0	100.00	0	0	0	0	0	0
1428613296886670237	CPU_0	0	0	3.12	95.31	0	1.56	0	0	0	0
1428613297516525411	CPU_0	0	0	1.61	98.38	0	0	0	0	0	0
1428613298145874962	CPU_0	0	0	0	98.41	0	1.58	0	0	0	0
1428613298775995219	CPU_0	0	0	0	98.36	0	1.63	0	0	0	0
1428613299409564552	CPU_0	0	0	0	100.00	0	0	0	0	0	0
1428613300039607351	CPU_0	0	0	0	100.00	0	0	0	0	0	0
1428613300668260279	CPU_0	0	0	1.58	96.82	0	1.58	0	0	0	0
1428613301297000040	CPU_0	0	0	0	100.00	0	0	0	0	0	0
1428613301932053702	CPU_0	0	0	0	100.00	0	0	0	0	0	0
1428613302561616503	CPU_0	0	0	1.58	96.82	0	1.58	0	0	0	0
1428613303190049015	CPU_0	0	0	1.61	98.38	0	0	0	0	0	0
1428613303819022150	CPU_0	0	0	0	98.41	0	1.58	0	0	0	0
1428613304455140269	CPU_0	0	0	1.56	96.87	0	0	1.56	0	0	0
1428613305084567153	CPU_0	0	0	0	100.00	0	0	0	0	0	0
1428613305714787244	CPU_0	0	0	1.58	96.82	0	1.58	0	0	0	0
1428613306343797755	CPU_0	0	0	0	100.00	0	0	0	0	0	0
1428613306980602331	CPU_0	0	0	0	96.77	1.61	1.61	0	0	0	0
1428613307611007172	CPU_0	0	0	1.61	98.38	0	0	0	0	0	0
1428613308239513475	CPU_0	0	0	0	98.41	0	1.58	0	0	0	0
1428613308869386567	CPU_0	0	0	0	100.00	0	0	0	0	0	0
1428613309506056227	CPU_0	0	0	1.58	98.41	0	0	0	0	0	0
1428613310135305113	CPU_0	0	0	0	91.17	0	1.47	7.35	0	0	0
1428613310763555292	CPU_0	0	0	0	100.00	0	0	0	0	0	0
1428613311392788386	CPU_0	0	0	3.07	93.84	0	3.07	0	0	0	0
1428613312029247755	CPU_0	0	0	0	98.38	1.61	0	0	0	0	0
1428613312658192141	CPU_0	0	0	1.61	98.38	0	0	0	0	0	0
1428613313286871862	CPU_0	0	0	0	100.00	0	0	0	0	0	0
1428613313915829665	CPU_0	0	0	3.17	96.82	0	0	0	0	0	0
1428613314551518911	CPU_0	0	0	0	98.38	0	1.61	0	0	0	0
1428613315180914171	CPU_0	0	0	0	100.00	0	0	0	0	0	0
1428613315809380268	CPU_0	0	0	1.56	96.87	0	1.56	0	0	0	0
1428613316437325115	CPU_0	0	0	1.51	92.42	0	6.06	0	0	0	0
1428613317076951227	CPU_0	0	0	1.61	98.38	0	0	0	0	0	0
