#Timestamp	CPU_ID	user%	nice%	sys%	idle%	iowait%	irq%	softiq%	steal%	guest%	guest_nice%
1428527220669339297	CPU_4	88.52	0	3.27	8.19	0	0	0	0	0	0
1428527221359356765	CPU_4	98.57	0	0	0	0	1.42	0	0	0	0
1428527222068589162	CPU_4	98.57	0	0	0	0	0	1.42	0	0	0
1428527222755856633	CPU_4	98.57	0	0	0	0	1.42	0	0	0	0
1428527223446837266	CPU_4	100.00	0	0	0	0	0	0	0	0	0
1428527224145146179	CPU_4	100.00	0	0	0	0	0	0	0	0	0
1428527224835963021	CPU_4	97.14	0	0	0	0	1.42	1.42	0	0	0
1428527225530558606	CPU_4	100.00	0	0	0	0	0	0	0	0	0
1428527226230762016	CPU_4	98.57	0	0	0	0	1.42	0	0	0	0
1428527226921474315	CPU_4	100.00	0	0	0	0	0	0	0	0	0
1428527227615231360	CPU_4	100.00	0	0	0	0	0	0	0	0	0
1428527228314524521	CPU_4	97.18	0	0	0	0	1.40	1.40	0	0	0
1428527229007780358	CPU_4	100.00	0	0	0	0	0	0	0	0	0
1428527229702227401	CPU_4	100.00	0	0	0	0	0	0	0	0	0
1428527230404640433	CPU_4	98.59	0	0	0	0	1.40	0	0	0	0
1428527231097831561	CPU_4	100.00	0	0	0	0	0	0	0	0	0
1428527231807603998	CPU_4	97.22	0	0	0	0	1.38	1.38	0	0	0
1428527232499921336	CPU_4	100.00	0	0	0	0	0	0	0	0	0
1428527233194084546	CPU_4	100.00	0	0	0	0	0	0	0	0	0
1428527233896745201	CPU_4	98.57	0	0	0	0	1.42	0	0	0	0
1428527234590807703	CPU_4	100.00	0	0	0	0	0	0	0	0	0
1428527235284587121	CPU_4	97.18	0	0	0	0	1.40	1.40	0	0	0
1428527235987417526	CPU_4	100.00	0	0	0	0	0	0	0	0	0
1428527236682676151	CPU_4	100.00	0	0	0	0	0	0	0	0	0
1428527237378859816	CPU_4	98.57	0	0	0	0	1.42	0	0	0	0
1428527238079126141	CPU_4	98.57	0	0	0	0	0	1.42	0	0	0
1428527238775247306	CPU_4	98.57	0	0	0	0	1.42	0	0	0	0
1428527239470583513	CPU_4	100.00	0	0	0	0	0	0	0	0	0
1428527240172924543	CPU_4	100.00	0	0	0	0	0	0	0	0	0
1428527240866679294	CPU_4	98.57	0	0	0	0	1.42	0	0	0	0
1428527241567852159	CPU_4	98.59	0	0	0	0	0	1.40	0	0	0
1428527242263127616	CPU_4	98.57	0	0	0	0	1.42	0	0	0	0
1428527242958035366	CPU_4	100.00	0	0	0	0	0	0	0	0	0
1428527243659202605	CPU_4	100.00	0	0	0	0	0	0	0	0	0
1428527244353493730	CPU_4	98.57	0	0	0	0	1.42	0	0	0	0
1428527245048047563	CPU_4	98.57	0	0	0	0	0	1.42	0	0	0
1428527245751661466	CPU_4	98.57	0	0	0	0	1.42	0	0	0	0
1428527246445453550	CPU_4	100.00	0	0	0	0	0	0	0	0	0
1428527247141572297	CPU_4	100.00	0	0	0	0	0	0	0	0	0
1428527247844776116	CPU_4	97.22	0	0	0	0	1.38	1.38	0	0	0
1428527248538555866	CPU_4	100.00	0	0	0	0	0	0	0	0	0
1428527249253580710	CPU_4	98.59	0	0	0	0	1.40	0	0	0	0
1428527249947024627	CPU_4	100.00	0	0	0	0	0	0	0	0	0
1428527250643512998	CPU_4	100.00	0	0	0	0	0	0	0	0	0
1428527251351290393	CPU_4	97.18	0	0	0	0	1.40	1.40	0	0	0
1428527252053004256	CPU_4	100.00	0	0	0	0	0	0	0	0	0
1428527252751739957	CPU_4	98.57	0	0	0	0	1.42	0	0	0	0
1428527253458081229	CPU_4	100.00	0	0	0	0	0	0	0	0	0
1428527254153144268	CPU_4	100.00	0	0	0	0	0	0	0	0	0
1428527254849019556	CPU_4	97.14	0	0	0	0	1.42	1.42	0	0	0
1428527255552653666	CPU_4	100.00	0	0	0	0	0	0	0	0	0
1428527256248530620	CPU_4	98.57	0	0	0	0	1.42	0	0	0	0
1428527256954738725	CPU_4	100.00	0	0	0	0	0	0	0	0	0
1428527257647681392	CPU_4	100.00	0	0	0	0	0	0	0	0	0
1428527258345297511	CPU_4	97.18	0	0	0	0	1.40	1.40	0	0	0
1428527259050494284	CPU_4	100.00	0	0	0	0	0	0	0	0	0
1428527259749115817	CPU_4	98.57	0	0	0	0	1.42	0	0	0	0
1428527260445178146	CPU_4	100.00	0	0	0	0	0	0	0	0	0
1428527261151233334	CPU_4	98.59	0	0	0	0	0	1.40	0	0	0
1428527261846455081	CPU_4	98.57	0	0	0	0	1.42	0	0	0	0
1428527262543402574	CPU_4	100.00	0	0	0	0	0	0	0	0	0
1428527263249717804	CPU_4	98.59	0	0	0	0	1.40	0	0	0	0
1428527263944560259	CPU_4	100.00	0	0	0	0	0	0	0	0	0
1428527264649730615	CPU_4	98.59	0	0	0	0	0	1.40	0	0	0
1428527265347969939	CPU_4	98.57	0	0	0	0	1.42	0	0	0	0
1428527266042392770	CPU_4	100.00	0	0	0	0	0	0	0	0	0
1428527266749987247	CPU_4	98.61	0	0	0	0	1.38	0	0	0	0
1428527267447690197	CPU_4	100.00	0	0	0	0	0	0	0	0	0
1428527268142484651	CPU_4	98.57	0	0	0	0	0	1.42	0	0	0
1428527268850300545	CPU_4	98.59	0	0	0	0	1.40	0	0	0	0
1428527269547046079	CPU_4	100.00	0	0	0	0	0	0	0	0	0
1428527270246609401	CPU_4	100.00	0	0	0	0	0	0	0	0	0
1428527270950917591	CPU_4	97.18	0	0	0	0	1.40	1.40	0	0	0
1428527271645112754	CPU_4	100.00	0	0	0	0	0	0	0	0	0
1428527272351093692	CPU_4	98.59	0	0	0	0	1.40	0	0	0	0
1428527273047284518	CPU_4	100.00	0	0	0	0	0	0	0	0	0
1428527273741998222	CPU_4	100.00	0	0	0	0	0	0	0	0	0
1428527274447099660	CPU_4	97.22	0	0	0	0	1.38	1.38	0	0	0
1428527275143336153	CPU_4	100.00	0	0	0	0	0	0	0	0	0
1428527275838765689	CPU_4	98.57	0	0	0	0	1.42	0	0	0	0
1428527276544520543	CPU_4	100.00	0	0	0	0	0	0	0	0	0
1428527277239910037	CPU_4	100.00	0	0	0	0	0	0	0	0	0
1428527277939398108	CPU_4	97.18	0	0	0	0	1.40	1.40	0	0	0
1428527278643349672	CPU_4	100.00	0	0	0	0	0	0	0	0	0
1428527279341646329	CPU_4	98.57	0	0	0	0	1.42	0	0	0	0
1428527280045307310	CPU_4	100.00	0	0	0	0	0	0	0	0	0
1428527280742823884	CPU_4	98.57	0	0	0	0	0	1.42	0	0	0
1428527281441585289	CPU_4	98.57	0	0	0	0	1.42	0	0	0	0
1428527282145649436	CPU_4	100.00	0	0	0	0	0	0	0	0	0
1428527282842780051	CPU_4	98.57	0	0	0	0	1.42	0	0	0	0
1428527283541120499	CPU_4	100.00	0	0	0	0	0	0	0	0	0
1428527284245058562	CPU_4	98.59	0	0	0	0	0	1.40	0	0	0
1428527284942681927	CPU_4	98.57	0	0	0	0	1.42	0	0	0	0
1428527285650109652	CPU_4	100.00	0	0	0	0	0	0	0	0	0
1428527286349635389	CPU_4	98.59	0	0	0	0	1.40	0	0	0	0
1428527287046473004	CPU_4	100.00	0	0	0	0	0	0	0	0	0
1428527287753828979	CPU_4	98.59	0	0	0	0	0	1.40	0	0	0
1428527288453546507	CPU_4	98.59	0	0	0	0	1.40	0	0	0	0
1428527289150396080	CPU_4	100.00	0	0	0	0	0	0	0	0	0
1428527289856931514	CPU_4	98.59	0	0	0	0	1.40	0	0	0	0
1428527290553352005	CPU_4	98.57	0	0	0	0	0	1.42	0	0	0
1428527291249852287	CPU_4	100.00	0	0	0	0	0	0	0	0	0
1428527291956316930	CPU_4	98.59	0	0	0	0	1.40	0	0	0	0
1428527292653051795	CPU_4	100.00	0	0	0	0	0	0	0	0	0
1428527293362319974	CPU_4	98.59	0	0	0	0	1.40	0	0	0	0
1428527294057284925	CPU_4	98.55	0	0	0	0	0	1.44	0	0	0
1428527294755714495	CPU_4	100.00	0	0	0	0	0	0	0	0	0
1428527295463838010	CPU_4	98.59	0	0	0	0	1.40	0	0	0	0
1428527296159087210	CPU_4	100.00	0	0	0	0	0	0	0	0	0
1428527296858215321	CPU_4	98.59	0	0	0	0	1.40	0	0	0	0
1428527297565124045	CPU_4	98.57	0	0	0	0	0	1.42	0	0	0
1428527298261176244	CPU_4	100.00	0	0	0	0	0	0	0	0	0
1428527298962982475	CPU_4	98.57	0	0	0	0	1.42	0	0	0	0
1428527299669832157	CPU_4	100.00	0	0	0	0	0	0	0	0	0
1428527300366204647	CPU_4	97.18	0	0	0	0	1.40	1.40	0	0	0
1428527301072990996	CPU_4	100.00	0	0	0	0	0	0	0	0	0
1428527301774080270	CPU_4	100.00	0	0	0	0	0	0	0	0	0
1428527302469971677	CPU_4	98.57	0	0	0	0	1.42	0	0	0	0
1428527303177261399	CPU_4	100.00	0	0	0	0	0	0	0	0	0
1428527303882084209	CPU_4	97.18	0	0	0	0	1.40	1.40	0	0	0
1428527304601638288	CPU_4	100.00	0	0	0	0	0	0	0	0	0
1428527305309547926	CPU_4	100.00	0	0	0	0	0	0	0	0	0
1428527306008053287	CPU_4	98.59	0	0	0	0	1.40	0	0	0	0
1428527306714745177	CPU_4	98.57	0	0	0	0	0	1.42	0	0	0
1428527307414161244	CPU_4	98.59	0	0	0	0	1.40	0	0	0	0
1428527308112316730	CPU_4	100.00	0	0	0	0	0	0	0	0	0
1428527308819651119	CPU_4	100.00	0	0	0	0	0	0	0	0	0
1428527309518025188	CPU_4	98.59	0	0	0	0	1.40	0	0	0	0
1428527310216083090	CPU_4	98.55	0	0	0	0	0	1.44	0	0	0
1428527310924816601	CPU_4	98.61	0	0	0	0	1.38	0	0	0	0
1428527311622414546	CPU_4	100.00	0	0	0	0	0	0	0	0	0
1428527312338414213	CPU_4	100.00	0	0	0	0	0	0	0	0	0
1428527313035344825	CPU_4	98.57	0	0	0	0	1.42	0	0	0	0
1428527313735840015	CPU_4	98.57	0	0	0	0	0	1.42	0	0	0
1428527314444378318	CPU_4	98.61	0	0	0	0	1.38	0	0	0	0
1428527315140787847	CPU_4	100.00	0	0	0	0	0	0	0	0	0
1428527315842371743	CPU_4	100.00	0	0	0	0	0	0	0	0	0
1428527316550857379	CPU_4	98.61	0	0	0	0	1.38	0	0	0	0
1428527317247040325	CPU_4	98.55	0	0	0	0	0	1.44	0	0	0
1428527317945382560	CPU_4	98.59	0	0	0	0	1.40	0	0	0	0
1428527318653938737	CPU_4	100.00	0	0	0	0	0	0	0	0	0
1428527319351581264	CPU_4	100.00	0	0	0	0	0	0	0	0	0
1428527320058350777	CPU_4	97.22	0	0	0	0	1.38	1.38	0	0	0
1428527320756564595	CPU_4	100.00	0	0	0	0	0	0	0	0	0
1428527321453762455	CPU_4	98.59	0	0	0	0	1.40	0	0	0	0
1428527322159933969	CPU_4	100.00	0	0	0	0	0	0	0	0	0
1428527322862235363	CPU_4	100.00	0	0	0	0	0	0	0	0	0
1428527323559103766	CPU_4	97.18	0	0	0	0	1.40	1.40	0	0	0
1428527324267985983	CPU_4	100.00	0	0	0	0	0	0	0	0	0
1428527324969735337	CPU_4	98.57	0	0	0	0	1.42	0	0	0	0
1428527325681821299	CPU_4	100.00	0	0	0	0	0	0	0	0	0
1428527326380516740	CPU_4	100.00	0	0	0	0	0	0	0	0	0
1428527327080375721	CPU_4	97.18	0	0	0	0	1.40	1.40	0	0	0
1428527327786321985	CPU_4	100.00	0	0	0	0	0	0	0	0	0
1428527328485286717	CPU_4	98.57	0	0	0	0	1.42	0	0	0	0
1428527329185428739	CPU_4	100.00	0	0	0	0	0	0	0	0	0
1428527329892703416	CPU_4	98.59	0	0	0	0	0	1.40	0	0	0
1428527330590947149	CPU_4	98.57	0	0	0	0	1.42	0	0	0	0
1428527331296896912	CPU_4	100.00	0	0	0	0	0	0	0	0	0
1428527331999571305	CPU_4	98.59	0	0	0	0	1.40	0	0	0	0
1428527332698016537	CPU_4	100.00	0	0	0	0	0	0	0	0	0
1428527333407725836	CPU_4	98.57	0	0	0	0	0	1.42	0	0	0
1428527334104684653	CPU_4	98.59	0	0	0	0	1.40	0	0	0	0
1428527334802791511	CPU_4	100.00	0	0	0	0	0	0	0	0	0
1428527335512512892	CPU_4	100.00	0	0	0	0	0	0	0	0	0
1428527336209057252	CPU_4	98.59	0	0	0	0	1.40	0	0	0	0
1428527336909566523	CPU_4	98.57	0	0	0	0	0	1.42	0	0	0
1428527337619517987	CPU_4	98.59	0	0	0	0	1.40	0	0	0	0
1428527338317790760	CPU_4	100.00	0	0	0	0	0	0	0	0	0
1428527339027701100	CPU_4	100.00	0	0	0	0	0	0	0	0	0
1428527339726214206	CPU_4	97.18	0	0	0	0	1.40	1.40	0	0	0
1428527340425670019	CPU_4	100.00	0	0	0	0	0	0	0	0	0
1428527341135930899	CPU_4	98.61	0	0	0	0	1.38	0	0	0	0
1428527341834481588	CPU_4	100.00	0	0	0	0	0	0	0	0	0
1428527342535426982	CPU_4	100.00	0	0	0	0	0	0	0	0	0
1428527343244326447	CPU_4	97.22	0	0	0	0	1.38	1.38	0	0	0
1428527343942922386	CPU_4	100.00	0	0	0	0	0	0	0	0	0
1428527344651586560	CPU_4	98.59	0	0	0	0	1.40	0	0	0	0
1428527345350697998	CPU_4	100.00	0	0	0	0	0	0	0	0	0
1428527346052168391	CPU_4	100.00	0	0	0	0	0	0	0	0	0
1428527346761563980	CPU_4	97.22	0	0	0	0	1.38	1.38	0	0	0
1428527347463991329	CPU_4	100.00	0	0	0	0	0	0	0	0	0
1428527348161635644	CPU_4	98.57	0	0	0	0	1.42	0	0	0	0
1428527348872196356	CPU_4	100.00	0	0	0	0	0	0	0	0	0
1428527349571897584	CPU_4	98.59	0	0	0	0	0	1.40	0	0	0
1428527350288970703	CPU_4	98.61	0	0	0	0	1.38	0	0	0	0
1428527350992258759	CPU_4	100.00	0	0	0	0	0	0	0	0	0
1428527351691662237	CPU_4	98.57	0	0	0	0	1.42	0	0	0	0
1428527352402708656	CPU_4	100.00	0	0	0	0	0	0	0	0	0
1428527353100525679	CPU_4	98.59	0	0	0	0	0	1.40	0	0	0
1428527353800717614	CPU_4	98.57	0	0	0	0	1.42	0	0	0	0
1428527354512656698	CPU_4	100.00	0	0	0	0	0	0	0	0	0
1428527355210718470	CPU_4	98.59	0	0	0	0	1.40	0	0	0	0
1428527355923114094	CPU_4	100.00	0	0	0	0	0	0	0	0	0
1428527356629553020	CPU_4	98.59	0	0	0	0	0	1.40	0	0	0
1428527357327099167	CPU_4	98.57	0	0	0	0	1.42	0	0	0	0
1428527358037696794	CPU_4	100.00	0	0	0	0	0	0	0	0	0
1428527358737944104	CPU_4	98.57	0	0	0	0	1.42	0	0	0	0
1428527359437580831	CPU_4	98.59	0	0	0	0	0	1.40	0	0	0
1428527360147318876	CPU_4	100.00	0	0	0	0	0	0	0	0	0
1428527360849758099	CPU_4	98.59	0	0	0	0	1.40	0	0	0	0
1428527361551475031	CPU_4	100.00	0	0	0	0	0	0	0	0	0
1428527362258530080	CPU_4	98.61	0	0	0	0	1.38	0	0	0	0
1428527362961970717	CPU_4	98.57	0	0	0	0	0	1.42	0	0	0
1428527363669845431	CPU_4	100.00	0	0	0	0	0	0	0	0	0
1428527364368860034	CPU_4	98.57	0	0	0	0	1.42	0	0	0	0
1428527365072735212	CPU_4	100.00	0	0	0	0	0	0	0	0	0
1428527365778882762	CPU_4	98.61	0	0	0	0	1.38	0	0	0	0
1428527366479727028	CPU_4	98.57	0	0	0	0	0	1.42	0	0	0
1428527367180834585	CPU_4	100.00	0	0	0	0	0	0	0	0	0
1428527367888339924	CPU_4	98.59	0	0	0	0	1.40	0	0	0	0
1428527368588322858	CPU_4	100.00	0	0	0	0	0	0	0	0	0
1428527369299582733	CPU_4	97.22	0	0	0	0	1.38	1.38	0	0	0
1428527369998295210	CPU_4	100.00	0	0	0	0	0	0	0	0	0
1428527370698415643	CPU_4	100.00	0	0	0	0	0	0	0	0	0
1428527371410243058	CPU_4	98.59	0	0	0	0	1.40	0	0	0	0
1428527372118845145	CPU_4	100.00	0	0	0	0	0	0	0	0	0
1428527372819339828	CPU_4	97.18	0	0	0	0	1.40	1.40	0	0	0
1428527373529818162	CPU_4	100.00	0	0	0	0	0	0	0	0	0
1428527374227788431	CPU_4	100.00	0	0	0	0	0	0	0	0	0
1428527374938047265	CPU_4	98.61	0	0	0	0	1.38	0	0	0	0
1428527375637843740	CPU_4	100.00	0	0	0	0	0	0	0	0	0
1428527376336623799	CPU_4	97.18	0	0	0	0	1.40	1.40	0	0	0
1428527377052916041	CPU_4	100.00	0	0	0	0	0	0	0	0	0
1428527377754426471	CPU_4	100.00	0	0	0	0	0	0	0	0	0
1428527378454288654	CPU_4	98.57	0	0	0	0	1.42	0	0	0	0
1428527379164667403	CPU_4	98.59	0	0	0	0	0	1.40	0	0	0
1428527379864550003	CPU_4	98.59	0	0	0	0	1.40	0	0	0	0
1428527380572745922	CPU_4	100.00	0	0	0	0	0	0	0	0	0
1428527381272494313	CPU_4	100.00	0	0	0	0	0	0	0	0	0
1428527381974563325	CPU_4	98.59	0	0	0	0	1.40	0	0	0	0
1428527382681842246	CPU_4	98.59	0	0	0	0	0	1.40	0	0	0
1428527383382105053	CPU_4	100.00	0	0	0	0	0	0	0	0	0
1428527384082521526	CPU_4	98.57	0	0	0	0	1.42	0	0	0	0
1428527384790795403	CPU_4	100.00	0	0	0	0	0	0	0	0	0
1428527385491006043	CPU_4	98.59	0	0	0	0	1.40	0	0	0	0
1428527386204758328	CPU_4	98.59	0	0	0	0	0	1.40	0	0	0
1428527386902714554	CPU_4	100.00	0	0	0	0	0	0	0	0	0
1428527387606999104	CPU_4	98.57	0	0	0	0	1.42	0	0	0	0
1428527388319153225	CPU_4	100.00	0	0	0	0	0	0	0	0	0
1428527389023000275	CPU_4	97.22	0	0	0	0	1.38	1.38	0	0	0
1428527389722537790	CPU_4	100.00	0	0	0	0	0	0	0	0	0
1428527390432985164	CPU_4	100.00	0	0	0	0	0	0	0	0	0
1428527391134224968	CPU_4	98.57	0	0	0	0	1.42	0	0	0	0
1428527391847746670	CPU_4	100.00	0	0	0	0	0	0	0	0	0
1428527392548845974	CPU_4	97.18	0	0	0	0	1.40	1.40	0	0	0
1428527393248847779	CPU_4	100.00	0	0	0	0	0	0	0	0	0
1428527393960359734	CPU_4	100.00	0	0	0	0	0	0	0	0	0
1428527394661801037	CPU_4	98.59	0	0	0	0	1.40	0	0	0	0
1428527395360354136	CPU_4	100.00	0	0	0	0	0	0	0	0	0
1428527396077308249	CPU_4	97.26	0	0	0	0	1.36	1.36	0	0	0
1428527396778333261	CPU_4	100.00	0	0	0	0	0	0	0	0	0
1428527397492121337	CPU_4	100.00	0	0	0	0	0	0	0	0	0
1428527398195904427	CPU_4	98.59	0	0	0	0	1.40	0	0	0	0
1428527398897391022	CPU_4	98.57	0	0	0	0	0	1.42	0	0	0
1428527399606568812	CPU_4	98.61	0	0	0	0	1.38	0	0	0	0
1428527400308455656	CPU_4	100.00	0	0	0	0	0	0	0	0	0
1428527401009872292	CPU_4	100.00	0	0	0	0	0	0	0	0	0
1428527401724211033	CPU_4	98.61	0	0	0	0	1.38	0	0	0	0
1428527402424536670	CPU_4	98.57	0	0	0	0	0	1.42	0	0	0
1428527403139616868	CPU_4	98.61	0	0	0	0	1.38	0	0	0	0
1428527403839679964	CPU_4	100.00	0	0	0	0	0	0	0	0	0
1428527404541578598	CPU_4	100.00	0	0	0	0	0	0	0	0	0
1428527405251016596	CPU_4	98.61	0	0	0	0	1.38	0	0	0	0
1428527405952510107	CPU_4	98.57	0	0	0	0	0	1.42	0	0	0
1428527406654390074	CPU_4	98.59	0	0	0	0	1.40	0	0	0	0
1428527407364942695	CPU_4	100.00	0	0	0	0	0	0	0	0	0
1428527408066585705	CPU_4	100.00	0	0	0	0	0	0	0	0	0
1428527408777813950	CPU_4	97.22	0	0	0	0	1.38	1.38	0	0	0
1428527409479267793	CPU_4	100.00	0	0	0	0	0	0	0	0	0
1428527410182803591	CPU_4	98.57	0	0	0	0	1.42	0	0	0	0
1428527410891029423	CPU_4	100.00	0	0	0	0	0	0	0	0	0
1428527411593003723	CPU_4	100.00	0	0	0	0	0	0	0	0	0
1428527412296028855	CPU_4	97.18	0	0	0	0	1.40	1.40	0	0	0
1428527413006653934	CPU_4	100.00	0	0	0	0	0	0	0	0	0
1428527413708523192	CPU_4	98.59	0	0	0	0	1.40	0	0	0	0
1428527414420493435	CPU_4	100.00	0	0	0	0	0	0	0	0	0
1428527415122400069	CPU_4	100.00	0	0	0	0	0	0	0	0	0
1428527415824515493	CPU_4	97.22	0	0	0	0	1.38	1.38	0	0	0
1428527416535692237	CPU_4	100.00	0	0	0	0	0	0	0	0	0
1428527417237263746	CPU_4	98.57	0	0	0	0	1.42	0	0	0	0
1428527417938778504	CPU_4	100.00	0	0	0	0	0	0	0	0	0
1428527418652527952	CPU_4	98.59	0	0	0	0	0	1.40	0	0	0
1428527419351709881	CPU_4	98.57	0	0	0	0	1.42	0	0	0	0
1428527420063930581	CPU_4	100.00	0	0	0	0	0	0	0	0	0
1428527420765657464	CPU_4	98.57	0	0	0	0	1.42	0	0	0	0
1428527421465025975	CPU_4	100.00	0	0	0	0	0	0	0	0	0
1428527422176597176	CPU_4	98.59	0	0	0	0	0	1.40	0	0	0
1428527422877731226	CPU_4	98.59	0	0	0	0	1.40	0	0	0	0
1428527423578536902	CPU_4	100.00	0	0	0	0	0	0	0	0	0
1428527424299073422	CPU_4	98.63	0	0	0	0	1.36	0	0	0	0
1428527425035205376	CPU_4	98.64	0	0	0	0	0	1.35	0	0	0
1428527425750305655	CPU_4	100.00	0	0	0	0	0	0	0	0	0
1428527426450200206	CPU_4	98.57	0	0	0	0	1.42	0	0	0	0
1428527427154675834	CPU_4	100.00	0	0	0	0	0	0	0	0	0
1428527427868528989	CPU_4	98.61	0	0	0	0	1.38	0	0	0	0
1428527428570580996	CPU_4	98.57	0	0	0	0	0	1.42	0	0	0
1428527429288125270	CPU_4	100.00	0	0	0	0	0	0	0	0	0
1428527429991104191	CPU_4	98.57	0	0	0	0	1.42	0	0	0	0
1428527430691884741	CPU_4	100.00	0	0	0	0	0	0	0	0	0
1428527431403887440	CPU_4	98.61	0	0	0	0	1.38	0	0	0	0
1428527432106828445	CPU_4	98.59	0	0	0	0	0	1.40	0	0	0
1428527432807633119	CPU_4	100.00	0	0	0	0	0	0	0	0	0
1428527433521760939	CPU_4	98.61	0	0	0	0	1.38	0	0	0	0
1428527434224802194	CPU_4	100.00	0	0	0	0	0	0	0	0	0
1428527434933988397	CPU_4	97.22	0	0	0	0	1.38	1.38	0	0	0
1428527435637035942	CPU_4	100.00	0	0	0	0	0	0	0	0	0
1428527436339586322	CPU_4	100.00	0	0	0	0	0	0	0	0	0
1428527437051125187	CPU_4	98.61	0	0	0	0	1.38	0	0	0	0
1428527437753912525	CPU_4	100.00	0	0	0	0	0	0	0	0	0
1428527438456267238	CPU_4	97.18	0	0	0	0	1.40	1.40	0	0	0
1428527439168211186	CPU_4	100.00	0	0	0	0	0	0	0	0	0
1428527439871553106	CPU_4	100.00	0	0	0	0	0	0	0	0	0
1428527440584226511	CPU_4	98.61	0	0	0	0	1.38	0	0	0	0
1428527441285807850	CPU_4	98.57	0	0	0	0	0	1.42	0	0	0
1428527441988005146	CPU_4	98.59	0	0	0	0	1.40	0	0	0	0
1428527442701647216	CPU_4	100.00	0	0	0	0	0	0	0	0	0
1428527443401909223	CPU_4	100.00	0	0	0	0	0	0	0	0	0
1428527444105133267	CPU_4	98.59	0	0	0	0	1.40	0	0	0	0
1428527444816148550	CPU_4	98.59	0	0	0	0	0	1.40	0	0	0
1428527445517349555	CPU_4	98.59	0	0	0	0	1.40	0	0	0	0
1428527446230151459	CPU_4	100.00	0	0	0	0	0	0	0	0	0
1428527446932690379	CPU_4	100.00	0	0	0	0	0	0	0	0	0
1428527447636047465	CPU_4	98.59	0	0	0	0	1.40	0	0	0	0
1428527448348163745	CPU_4	98.61	0	0	0	0	0	1.38	0	0	0
1428527449051202580	CPU_4	98.57	0	0	0	0	1.42	0	0	0	0
1428527449755944455	CPU_4	100.00	0	0	0	0	0	0	0	0	0
1428527450469504858	CPU_4	100.00	0	0	0	0	0	0	0	0	0
1428527451177754977	CPU_4	97.22	0	0	0	0	1.38	1.38	0	0	0
1428527451890618547	CPU_4	100.00	0	0	0	0	0	0	0	0	0
1428527452592985300	CPU_4	100.00	0	0	0	0	0	0	0	0	0
1428527453296428634	CPU_4	98.57	0	0	0	0	1.42	0	0	0	0
1428527454009681745	CPU_4	100.00	0	0	0	0	0	0	0	0	0
1428527454712949996	CPU_4	97.22	0	0	0	0	1.38	1.38	0	0	0
1428527455432740680	CPU_4	100.00	0	0	0	0	0	0	0	0	0
1428527456137419096	CPU_4	98.57	0	0	0	0	1.42	0	0	0	0
1428527456839086932	CPU_4	100.00	0	0	0	0	0	0	0	0	0
1428527457551402836	CPU_4	100.00	0	0	0	0	0	0	0	0	0
1428527458255389127	CPU_4	97.22	0	0	0	0	1.38	1.38	0	0	0
1428527458955927257	CPU_4	100.00	0	0	0	0	0	0	0	0	0
1428527459670095366	CPU_4	98.61	0	0	0	0	1.38	0	0	0	0
1428527460372232077	CPU_4	100.00	0	0	0	0	0	0	0	0	0
1428527461091716219	CPU_4	98.61	0	0	0	0	0	1.38	0	0	0
1428527461794082721	CPU_4	98.59	0	0	0	0	1.40	0	0	0	0
1428527462496906346	CPU_4	100.00	0	0	0	0	0	0	0	0	0
1428527463212376453	CPU_4	98.61	0	0	0	0	1.38	0	0	0	0
1428527463913992997	CPU_4	100.00	0	0	0	0	0	0	0	0	0
1428527464617337705	CPU_4	98.57	0	0	0	0	0	1.42	0	0	0
1428527465333422185	CPU_4	98.61	0	0	0	0	1.38	0	0	0	0
1428527466033952939	CPU_4	100.00	0	0	0	0	0	0	0	0	0
1428527466746555591	CPU_4	98.59	0	0	0	0	1.40	0	0	0	0
1428527467450518507	CPU_4	100.00	0	0	0	0	0	0	0	0	0
1428527468153325507	CPU_4	98.57	0	0	0	0	0	1.42	0	0	0
1428527468866480449	CPU_4	98.61	0	0	0	0	1.38	0	0	0	0
1428527469569591949	CPU_4	100.00	0	0	0	0	0	0	0	0	0
1428527470271673742	CPU_4	100.00	0	0	0	0	0	0	0	0	0
1428527470984101769	CPU_4	97.26	0	0	0	0	1.36	1.36	0	0	0
1428527471687351518	CPU_4	100.00	0	0	0	0	0	0	0	0	0
1428527472397785339	CPU_4	98.59	0	0	0	0	1.40	0	0	0	0
1428527473104267166	CPU_4	100.00	0	0	0	0	0	0	0	0	0
1428527473806742916	CPU_4	100.00	0	0	0	0	0	0	0	0	0
1428527474517824028	CPU_4	97.22	0	0	0	0	1.38	1.38	0	0	0
1428527475224154480	CPU_4	100.00	0	0	0	0	0	0	0	0	0
1428527475927444770	CPU_4	98.57	0	0	0	0	1.42	0	0	0	0
1428527476641886377	CPU_4	100.00	0	0	0	0	0	0	0	0	0
1428527477346929039	CPU_4	98.59	0	0	0	0	0	1.40	0	0	0
1428527478060251355	CPU_4	98.61	0	0	0	0	1.38	0	0	0	0
1428527478763361729	CPU_4	100.00	0	0	0	0	0	0	0	0	0
1428527479466551227	CPU_4	98.57	0	0	0	0	1.42	0	0	0	0
1428527480180920374	CPU_4	100.00	0	0	0	0	0	0	0	0	0
1428527480885585079	CPU_4	98.59	0	0	0	0	0	1.40	0	0	0
1428527481604233053	CPU_4	98.63	0	0	0	0	1.36	0	0	0	0
1428527482307873717	CPU_4	100.00	0	0	0	0	0	0	0	0	0
1428527483013097420	CPU_4	98.59	0	0	0	0	1.40	0	0	0	0
1428527483725945652	CPU_4	100.00	0	0	0	0	0	0	0	0	0
1428527484431166189	CPU_4	98.59	0	0	0	0	0	1.40	0	0	0
1428527485136781974	CPU_4	98.59	0	0	0	0	1.40	0	0	0	0
1428527485847990042	CPU_4	100.00	0	0	0	0	0	0	0	0	0
1428527486553481578	CPU_4	98.59	0	0	0	0	1.40	0	0	0	0
1428527487271348719	CPU_4	98.61	0	0	0	0	0	1.38	0	0	0
1428527487974556800	CPU_4	100.00	0	0	0	0	0	0	0	0	0
1428527488679266294	CPU_4	98.59	0	0	0	0	1.40	0	0	0	0
1428527489395058147	CPU_4	100.00	0	0	0	0	0	0	0	0	0
1428527490096793396	CPU_4	98.57	0	0	0	0	1.42	0	0	0	0
1428527490801723474	CPU_4	98.59	0	0	0	0	0	1.40	0	0	0
1428527491515534954	CPU_4	100.00	0	0	0	0	0	0	0	0	0
1428527492234505218	CPU_4	98.61	0	0	0	0	1.38	0	0	0	0
1428527492945907743	CPU_4	100.00	0	0	0	0	0	0	0	0	0
1428527493654843898	CPU_4	97.22	0	0	0	0	1.38	1.38	0	0	0
1428527494359539975	CPU_4	100.00	0	0	0	0	0	0	0	0	0
1428527495072785539	CPU_4	98.59	0	0	0	0	1.40	0	0	0	0
1428527495777835158	CPU_4	100.00	0	0	0	0	0	0	0	0	0
1428527496492672677	CPU_4	100.00	0	0	0	0	0	0	0	0	0
1428527497195006341	CPU_4	97.22	0	0	0	0	1.38	1.38	0	0	0
1428527497899962293	CPU_4	100.00	0	0	0	0	0	0	0	0	0
1428527498613144857	CPU_4	98.59	0	0	0	0	1.40	0	0	0	0
1428527499317819434	CPU_4	100.00	0	0	0	0	0	0	0	0	0
1428527500021427637	CPU_4	100.00	0	0	0	0	0	0	0	0	0
1428527500736954447	CPU_4	97.26	0	0	0	0	1.36	1.36	0	0	0
1428527501440283109	CPU_4	100.00	0	0	0	0	0	0	0	0	0
1428527502154748878	CPU_4	98.59	0	0	0	0	1.40	0	0	0	0
1428527502858216165	CPU_4	100.00	0	0	0	0	0	0	0	0	0
1428527503561219786	CPU_4	98.57	0	0	0	0	0	1.42	0	0	0
1428527504276632595	CPU_4	98.61	0	0	0	0	1.38	0	0	0	0
1428527504982270962	CPU_4	100.00	0	0	0	0	0	0	0	0	0
1428527505697292772	CPU_4	98.61	0	0	0	0	1.38	0	0	0	0
1428527506407366047	CPU_4	100.00	0	0	0	0	0	0	0	0	0
1428527507111761999	CPU_4	98.59	0	0	0	0	0	1.40	0	0	0
1428527507825831810	CPU_4	98.61	0	0	0	0	1.38	0	0	0	0
1428527508528915763	CPU_4	100.00	0	0	0	0	0	0	0	0	0
1428527509233501547	CPU_4	98.59	0	0	0	0	1.40	0	0	0	0
1428527509947813108	CPU_4	98.61	0	0	0	0	0	1.38	0	0	0
1428527510651832559	CPU_4	100.00	0	0	0	0	0	0	0	0	0
1428527511370351155	CPU_4	98.61	0	0	0	0	1.38	0	0	0	0
1428527512075353646	CPU_4	100.00	0	0	0	0	0	0	0	0	0
1428527512780168304	CPU_4	98.59	0	0	0	0	1.40	0	0	0	0
1428527513496132695	CPU_4	98.61	0	0	0	0	0	1.38	0	0	0
1428527514202197518	CPU_4	100.00	0	0	0	0	0	0	0	0	0
1428527514905222804	CPU_4	98.57	0	0	0	0	1.42	0	0	0	0
1428527515619771488	CPU_4	100.00	0	0	0	0	0	0	0	0	0
1428527516326008936	CPU_4	98.59	0	0	0	0	1.40	0	0	0	0
1428527517046768569	CPU_4	97.26	0	1.36	0	0	0	1.36	0	0	0
1428527517751761851	CPU_4	100.00	0	0	0	0	0	0	0	0	0
1428527518452722598	CPU_4	98.57	0	0	0	0	1.42	0	0	0	0
1428527519163019372	CPU_4	100.00	0	0	0	0	0	0	0	0	0
1428527519861990289	CPU_4	97.18	0	0	0	0	1.40	1.40	0	0	0
1428527520563860117	CPU_4	100.00	0	0	0	0	0	0	0	0	0
1428527521274496682	CPU_4	100.00	0	0	0	0	0	0	0	0	0
1428527521973271807	CPU_4	98.57	0	0	0	0	1.42	0	0	0	0
1428527522685643244	CPU_4	100.00	0	0	0	0	0	0	0	0	0
1428527523388295654	CPU_4	97.18	0	0	0	0	1.40	1.40	0	0	0
1428527524087468611	CPU_4	100.00	0	0	0	0	0	0	0	0	0
1428527524798932383	CPU_4	100.00	0	0	0	0	0	0	0	0	0
1428527525501959792	CPU_4	98.59	0	0	0	0	1.40	0	0	0	0
1428527526202723914	CPU_4	98.57	0	0	0	0	0	1.42	0	0	0
1428527526914438184	CPU_4	100.00	0	0	0	0	0	0	0	0	0
1428527527622442544	CPU_4	98.59	0	0	0	0	1.40	0	0	0	0
1428527528333328316	CPU_4	100.00	0	0	0	0	0	0	0	0	0
1428527529035021644	CPU_4	98.57	0	0	0	0	1.42	0	0	0	0
1428527529741148590	CPU_4	98.59	0	0	0	0	0	1.40	0	0	0
1428527530451356238	CPU_4	100.00	0	0	0	0	0	0	0	0	0
1428527531154054814	CPU_4	98.57	0	0	0	0	1.42	0	0	0	0
1428527531858442762	CPU_4	100.00	0	0	0	0	0	0	0	0	0
1428527532567784536	CPU_4	97.22	0	0	0	0	1.38	1.38	0	0	0
1428527533271151110	CPU_4	100.00	0	0	0	0	0	0	0	0	0
1428527533986255292	CPU_4	100.00	0	0	0	0	0	0	0	0	0
1428527534686926162	CPU_4	98.57	0	0	0	0	1.42	0	0	0	0
1428527535391509318	CPU_4	100.00	0	0	0	0	0	0	0	0	0
1428527536103071546	CPU_4	97.26	0	0	0	0	1.36	1.36	0	0	0
1428527536805342039	CPU_4	100.00	0	0	0	0	0	0	0	0	0
1428527537518078057	CPU_4	100.00	0	0	0	0	0	0	0	0	0
1428527538226902372	CPU_4	98.59	0	0	0	0	1.40	0	0	0	0
1428527538931125820	CPU_4	100.00	0	0	0	0	0	0	0	0	0
1428527539643216297	CPU_4	97.26	0	0	0	0	1.36	1.36	0	0	0
1428527540348377243	CPU_4	100.00	0	0	0	0	0	0	0	0	0
1428527541054583854	CPU_4	98.57	0	0	0	0	1.42	0	0	0	0
1428527541769085577	CPU_4	100.00	0	0	0	0	0	0	0	0	0
1428527542471885693	CPU_4	98.57	0	0	0	0	0	1.42	0	0	0
1428527543184935626	CPU_4	98.61	0	0	0	0	1.38	0	0	0	0
1428527543891406945	CPU_4	100.00	0	0	0	0	0	0	0	0	0
1428527544599427427	CPU_4	98.61	0	0	0	0	1.38	0	0	0	0
1428527545312991318	CPU_4	100.00	0	0	0	0	0	0	0	0	0
1428527546014908852	CPU_4	98.57	0	0	0	0	0	1.42	0	0	0
1428527546719171340	CPU_4	98.59	0	0	0	0	1.40	0	0	0	0
1428527547433101647	CPU_4	100.00	0	0	0	0	0	0	0	0	0
1428527548133340016	CPU_4	98.57	0	0	0	0	1.42	0	0	0	0
1428527548846420032	CPU_4	98.61	0	0	0	0	0	1.38	0	0	0
1428527549551989476	CPU_4	100.00	0	0	0	0	0	0	0	0	0
1428527550253792801	CPU_4	98.59	0	0	0	0	1.40	0	0	0	0
1428527550966174818	CPU_4	100.00	0	0	0	0	0	0	0	0	0
1428527551669673724	CPU_4	98.59	0	0	0	0	1.40	0	0	0	0
1428527552371477798	CPU_4	98.57	0	0	0	0	0	1.42	0	0	0
1428527553086245520	CPU_4	100.00	0	0	0	0	0	0	0	0	0
1428527553789769758	CPU_4	98.59	0	0	0	0	1.40	0	0	0	0
1428527554502848607	CPU_4	100.00	0	0	0	0	0	0	0	0	0
1428527555203778391	CPU_4	97.22	0	0	0	0	1.38	1.38	0	0	0
1428527555907516796	CPU_4	100.00	0	0	0	0	0	0	0	0	0
1428527556621762475	CPU_4	100.00	0	0	0	0	0	0	0	0	0
1428527557323295008	CPU_4	98.57	0	0	0	0	1.42	0	0	0	0
1428527558032403029	CPU_4	100.00	0	0	0	0	0	0	0	0	0
1428527558742699882	CPU_4	97.22	0	0	0	0	1.38	1.38	0	0	0
1428527559445206788	CPU_4	100.00	0	0	0	0	0	0	0	0	0
1428527560161194923	CPU_4	100.00	0	0	0	0	0	0	0	0	0
1428527560866210908	CPU_4	98.59	0	0	0	0	1.40	0	0	0	0
1428527561568517856	CPU_4	98.59	0	0	0	0	0	1.40	0	0	0
1428527562282755535	CPU_4	98.59	0	0	0	0	1.40	0	0	0	0
1428527562987011230	CPU_4	100.00	0	0	0	0	0	0	0	0	0
1428527563700176119	CPU_4	100.00	0	0	0	0	0	0	0	0	0
1428527564405012604	CPU_4	98.59	0	0	0	0	1.40	0	0	0	0
1428527565108310467	CPU_4	98.59	0	0	0	0	0	1.40	0	0	0
1428527565821619355	CPU_4	98.59	0	0	0	0	1.40	0	0	0	0
1428527566524722176	CPU_4	100.00	0	0	0	0	0	0	0	0	0
1428527567227415540	CPU_4	100.00	0	0	0	0	0	0	0	0	0
1428527567939916721	CPU_4	98.61	0	0	0	0	1.38	0	0	0	0
1428527568642731084	CPU_4	98.57	0	0	0	0	0	1.42	0	0	0
1428527569357578344	CPU_4	98.61	0	0	0	0	1.38	0	0	0	0
1428527570060748332	CPU_4	100.00	0	0	0	0	0	0	0	0	0
1428527570766449523	CPU_4	100.00	0	0	0	0	0	0	0	0	0
1428527571482186657	CPU_4	97.22	0	0	0	0	1.38	1.38	0	0	0
1428527572188069890	CPU_4	100.00	0	0	0	0	0	0	0	0	0
1428527572891891834	CPU_4	98.59	0	0	0	0	1.40	0	0	0	0
1428527573607202677	CPU_4	100.00	0	0	0	0	0	0	0	0	0
1428527574312191369	CPU_4	100.00	0	0	0	0	0	0	0	0	0
1428527575024795549	CPU_4	97.26	0	0	0	0	1.36	1.36	0	0	0
1428527575728320826	CPU_4	100.00	0	0	0	0	0	0	0	0	0
1428527576440594382	CPU_4	98.59	0	0	0	0	1.40	0	0	0	0
1428527577152672021	CPU_4	100.00	0	0	0	0	0	0	0	0	0
1428527577858509711	CPU_4	98.61	0	0	0	0	0	1.38	0	0	0
1428527578571953056	CPU_4	98.59	0	0	0	0	1.40	0	0	0	0
1428527579275701625	CPU_4	100.00	0	0	0	0	0	0	0	0	0
1428527579980771775	CPU_4	98.59	0	0	0	0	1.40	0	0	0	0
1428527580694843410	CPU_4	100.00	0	0	0	0	0	0	0	0	0
1428527581399798310	CPU_4	98.59	0	0	0	0	0	1.40	0	0	0
1428527582104885084	CPU_4	98.59	0	0	0	0	1.40	0	0	0	0
1428527582820196509	CPU_4	100.00	0	0	0	0	0	0	0	0	0
1428527583527677946	CPU_4	98.59	0	0	0	0	1.40	0	0	0	0
1428527584240124709	CPU_4	98.61	0	0	0	0	0	1.38	0	0	0
1428527584945186233	CPU_4	100.00	0	0	0	0	0	0	0	0	0
1428527585651779046	CPU_4	98.59	0	0	0	0	1.40	0	0	0	0
1428527586368369552	CPU_4	100.00	0	0	0	0	0	0	0	0	0
1428527587073133160	CPU_4	98.59	0	0	0	0	1.40	0	0	0	0
1428527587796497988	CPU_4	98.61	0	0	0	0	0	1.38	0	0	0
1428527588499523681	CPU_4	100.00	0	0	0	0	0	0	0	0	0
1428527589204220497	CPU_4	98.57	0	0	0	0	1.42	0	0	0	0
1428527589919515296	CPU_4	100.00	0	0	0	0	0	0	0	0	0
1428527590622097074	CPU_4	98.59	0	0	0	0	1.40	0	0	0	0
1428527591330902049	CPU_4	98.59	0	0	0	0	0	1.40	0	0	0
1428527592044951225	CPU_4	100.00	0	0	0	0	0	0	0	0	0
1428527592749336916	CPU_4	98.59	0	0	0	0	1.40	0	0	0	0
1428527593462763384	CPU_4	100.00	0	0	0	0	0	0	0	0	0
1428527594168484573	CPU_4	97.22	0	0	0	0	1.38	1.38	0	0	0
1428527594877010882	CPU_4	100.00	0	0	0	0	0	0	0	0	0
1428527595591749056	CPU_4	100.00	0	0	0	0	0	0	0	0	0
1428527596297797536	CPU_4	98.59	0	0	0	0	1.40	0	0	0	0
1428527597005703637	CPU_4	100.00	0	0	0	0	0	0	0	0	0
1428527597714973153	CPU_4	97.22	0	0	0	0	1.38	1.38	0	0	0
1428527598420871341	CPU_4	100.00	0	0	0	0	0	0	0	0	0
1428527599134401892	CPU_4	100.00	0	0	0	0	0	0	0	0	0
1428527599839439081	CPU_4	98.59	0	0	0	0	1.40	0	0	0	0
1428527600544025770	CPU_4	98.57	0	0	0	0	0	1.42	0	0	0
1428527601258948819	CPU_4	98.61	0	0	0	0	1.38	0	0	0	0
1428527601962867426	CPU_4	100.00	0	0	0	0	0	0	0	0	0
1428527602683014091	CPU_4	100.00	0	0	0	0	0	0	0	0	0
1428527603388426279	CPU_4	98.61	0	0	0	0	1.38	0	0	0	0
1428527604092130386	CPU_4	98.57	0	0	0	0	0	1.42	0	0	0
1428527604807070559	CPU_4	98.61	0	0	0	0	1.38	0	0	0	0
1428527605512847912	CPU_4	100.00	0	0	0	0	0	0	0	0	0
1428527606219776473	CPU_4	100.00	0	0	0	0	0	0	0	0	0
1428527606935898518	CPU_4	97.26	0	0	0	0	1.36	1.36	0	0	0
1428527607645044992	CPU_4	100.00	0	0	0	0	0	0	0	0	0
1428527608360543830	CPU_4	98.61	0	0	0	0	1.38	0	0	0	0
1428527609063269396	CPU_4	100.00	0	0	0	0	0	0	0	0	0
1428527609767707293	CPU_4	100.00	0	0	0	0	0	0	0	0	0
1428527610482960340	CPU_4	97.26	0	0	0	0	1.36	1.36	0	0	0
1428527611186130156	CPU_4	100.00	0	0	0	0	0	0	0	0	0
1428527611903163533	CPU_4	98.61	0	0	0	0	1.38	0	0	0	0
1428527612613884419	CPU_4	100.00	0	0	0	0	0	0	0	0	0
1428527613317585192	CPU_4	100.00	0	0	0	0	0	0	0	0	0
1428527614033527529	CPU_4	97.26	0	0	0	0	1.36	1.36	0	0	0
1428527614739315548	CPU_4	100.00	0	0	0	0	0	0	0	0	0
1428527615446926898	CPU_4	98.57	0	0	0	0	1.42	0	0	0	0
1428527616160950654	CPU_4	100.00	0	0	0	0	0	0	0	0	0
1428527616866837090	CPU_4	98.59	0	0	0	0	0	1.40	0	0	0
1428527617582158719	CPU_4	98.61	0	0	0	0	1.38	0	0	0	0
1428527618285785991	CPU_4	100.00	0	0	0	0	0	0	0	0	0
1428527618992152467	CPU_4	98.59	0	0	0	0	1.40	0	0	0	0
1428527619711384132	CPU_4	100.00	0	0	0	0	0	0	0	0	0
1428527620416253193	CPU_4	98.59	0	0	0	0	0	1.40	0	0	0
1428527621121897170	CPU_4	98.59	0	0	0	0	1.40	0	0	0	0
1428527621837315590	CPU_4	100.00	0	0	0	0	0	0	0	0	0
1428527622544312940	CPU_4	98.59	0	0	0	0	1.40	0	0	0	0
1428527623259467694	CPU_4	98.61	0	0	0	0	0	1.38	0	0	0
1428527623966171961	CPU_4	100.00	0	0	0	0	0	0	0	0	0
1428527624670568981	CPU_4	98.59	0	0	0	0	1.40	0	0	0	0
1428527625386825441	CPU_4	100.00	0	0	0	0	0	0	0	0	0
1428527626092880417	CPU_4	98.59	0	0	0	0	1.40	0	0	0	0
1428527626813168287	CPU_4	98.61	0	0	0	0	0	1.38	0	0	0
1428527627517891556	CPU_4	100.00	0	0	0	0	0	0	0	0	0
1428527628223813657	CPU_4	98.59	0	0	0	0	1.40	0	0	0	0
1428527628939748367	CPU_4	100.00	0	0	0	0	0	0	0	0	0
1428527629644310803	CPU_4	97.22	0	0	0	0	1.38	1.38	0	0	0
1428527630350429862	CPU_4	100.00	0	0	0	0	0	0	0	0	0
1428527631066947529	CPU_4	100.00	0	0	0	0	0	0	0	0	0
1428527631774799126	CPU_4	98.59	0	0	0	0	1.40	0	0	0	0
1428527632490476253	CPU_4	100.00	0	0	0	0	0	0	0	0	0
1428527633196286978	CPU_4	97.22	0	0	0	0	1.38	1.38	0	0	0
1428527633901417163	CPU_4	100.00	0	0	0	0	0	0	0	0	0
1428527634616764915	CPU_4	100.00	0	0	0	0	0	0	0	0	0
1428527635323055139	CPU_4	98.59	0	0	0	0	1.40	0	0	0	0
1428527636047118502	CPU_4	98.61	0	0	0	0	0	1.38	0	0	0
1428527636751416313	CPU_4	98.59	0	0	0	0	1.40	0	0	0	0
1428527637458932452	CPU_4	100.00	0	0	0	0	0	0	0	0	0
1428527638176837074	CPU_4	100.00	0	0	0	0	0	0	0	0	0
1428527638882368091	CPU_4	98.59	0	0	0	0	1.40	0	0	0	0
1428527639588030524	CPU_4	98.57	0	0	0	0	0	1.42	0	0	0
1428527640304537857	CPU_4	98.63	0	0	0	0	1.36	0	0	0	0
1428527641009260083	CPU_4	100.00	0	0	0	0	0	0	0	0	0
1428527641730427659	CPU_4	100.00	0	0	0	0	0	0	0	0	0
1428527642437424048	CPU_4	98.59	0	0	0	0	1.40	0	0	0	0
1428527643146606975	CPU_4	98.59	0	0	0	0	0	1.40	0	0	0
1428527643862222017	CPU_4	98.61	0	0	0	0	1.38	0	0	0	0
1428527644569108948	CPU_4	100.00	0	0	0	0	0	0	0	0	0
1428527645284798906	CPU_4	100.00	0	0	0	0	0	0	0	0	0
1428527645989412007	CPU_4	97.18	0	0	0	0	1.40	1.40	0	0	0
1428527646695548938	CPU_4	100.00	0	0	0	0	0	0	0	0	0
1428527647411780812	CPU_4	98.61	0	0	0	0	1.38	0	0	0	0
1428527648116198496	CPU_4	100.00	0	0	0	0	0	0	0	0	0
1428527648822625802	CPU_4	100.00	0	0	0	0	0	0	0	0	0
1428527649540324299	CPU_4	97.26	0	0	0	0	1.36	1.36	0	0	0
1428527650245114565	CPU_4	100.00	0	0	0	0	0	0	0	0	0
1428527650962050604	CPU_4	98.61	0	0	0	0	1.38	0	0	0	0
1428527651669746325	CPU_4	100.00	0	0	0	0	0	0	0	0	0
1428527652375840089	CPU_4	98.59	0	0	0	0	0	1.40	0	0	0
1428527653092363962	CPU_4	98.61	0	0	0	0	1.38	0	0	0	0
1428527653801175888	CPU_4	100.00	0	0	0	0	0	0	0	0	0
1428527654517312887	CPU_4	98.59	0	0	0	0	1.40	0	0	0	0
1428527655221277446	CPU_4	100.00	0	0	0	0	0	0	0	0	0
1428527655929039373	CPU_4	98.61	0	0	0	0	0	1.38	0	0	0
1428527656645979370	CPU_4	98.61	0	0	0	0	1.38	0	0	0	0
1428527657350936761	CPU_4	100.00	0	0	0	0	0	0	0	0	0
1428527658057428232	CPU_4	98.59	0	0	0	0	1.40	0	0	0	0
1428527658777057849	CPU_4	98.61	0	0	0	0	0	1.38	0	0	0
1428527659482336364	CPU_4	100.00	0	0	0	0	0	0	0	0	0
1428527660199490443	CPU_4	98.61	0	0	0	0	1.38	0	0	0	0
1428527660906497747	CPU_4	100.00	0	0	0	0	0	0	0	0	0
1428527661614821548	CPU_4	98.59	0	0	0	0	1.40	0	0	0	0
1428527662331135754	CPU_4	98.61	0	0	0	0	0	1.38	0	0	0
1428527663038815972	CPU_4	100.00	0	0	0	0	0	0	0	0	0
1428527663774829355	CPU_4	98.63	0	0	0	0	1.36	0	0	0	0
1428527664486554692	CPU_4	100.00	0	0	0	0	0	0	0	0	0
1428527665278169695	CPU_4	97.50	0	0	0	0	1.25	1.25	0	0	0
1428527665990967864	CPU_4	100.00	0	0	0	0	0	0	0	0	0
1428527666700312580	CPU_4	98.59	0	0	0	0	1.40	0	0	0	0
1428527667418437365	CPU_4	100.00	0	0	0	0	0	0	0	0	0
1428527668126141333	CPU_4	100.00	0	0	0	0	0	0	0	0	0
1428527668836271506	CPU_4	97.22	0	0	0	0	1.38	1.38	0	0	0
1428527669553553876	CPU_4	100.00	0	0	0	0	0	0	0	0	0
1428527670258397681	CPU_4	98.59	0	0	0	0	1.40	0	0	0	0
1428527670976374342	CPU_4	100.00	0	0	0	0	0	0	0	0	0
1428527671682949019	CPU_4	98.59	0	0	0	0	0	1.40	0	0	0
1428527672388890698	CPU_4	98.59	0	0	0	0	1.40	0	0	0	0
1428527673107051566	CPU_4	100.00	0	0	0	0	0	0	0	0	0
1428527673815099116	CPU_4	98.59	0	0	0	0	1.40	0	0	0	0
1428527674530293697	CPU_4	100.00	0	0	0	0	0	0	0	0	0
1428527675240426202	CPU_4	98.61	0	0	0	0	0	1.38	0	0	0
1428527675948320419	CPU_4	98.59	0	0	0	0	1.40	0	0	0	0
1428527676667450202	CPU_4	100.00	0	0	0	0	0	0	0	0	0
1428527677371913841	CPU_4	98.59	0	0	0	0	1.40	0	0	0	0
1428527678079591474	CPU_4	98.59	0	0	0	0	0	1.40	0	0	0
1428527678796185802	CPU_4	100.00	0	0	0	0	0	0	0	0	0
1428527679503236854	CPU_4	98.61	0	0	0	0	1.38	0	0	0	0
1428527680219568515	CPU_4	100.00	0	0	0	0	0	0	0	0	0
1428527680927111315	CPU_4	98.59	0	0	0	0	1.40	0	0	0	0
1428527681636317655	CPU_4	98.61	0	0	0	0	0	1.38	0	0	0
1428527682352509274	CPU_4	100.00	0	0	0	0	0	0	0	0	0
1428527683059859033	CPU_4	98.59	0	0	0	0	1.40	0	0	0	0
1428527683775494654	CPU_4	100.00	0	0	0	0	0	0	0	0	0
1428527684489100236	CPU_4	98.63	0	0	0	0	1.36	0	0	0	0
1428527685194962080	CPU_4	98.59	0	0	0	0	0	1.40	0	0	0
1428527685913158488	CPU_4	100.00	0	0	0	0	0	0	0	0	0
1428527686622384035	CPU_4	98.59	0	0	0	0	1.40	0	0	0	0
1428527687328401753	CPU_4	100.00	0	0	0	0	0	0	0	0	0
1428527688047268285	CPU_4	97.26	0	0	0	0	1.36	1.36	0	0	0
1428527688751382048	CPU_4	100.00	0	0	0	0	0	0	0	0	0
1428527689469673663	CPU_4	100.00	0	0	0	0	0	0	0	0	0
1428527690175804298	CPU_4	98.59	0	0	0	0	1.40	0	0	0	0
1428527690881003143	CPU_4	100.00	0	0	0	0	0	0	0	0	0
1428527691600998505	CPU_4	97.26	0	0	0	0	1.36	1.36	0	0	0
1428527692308430263	CPU_4	100.00	0	0	0	0	0	0	0	0	0
1428527693027839126	CPU_4	100.00	0	0	0	0	0	0	0	0	0
1428527693738305379	CPU_4	98.61	0	0	0	0	1.38	0	0	0	0
1428527694444847137	CPU_4	98.57	0	0	0	0	0	1.42	0	0	0
1428527695164569458	CPU_4	98.63	0	0	0	0	1.36	0	0	0	0
1428527695870753342	CPU_4	100.00	0	0	0	0	0	0	0	0	0
1428527696579201556	CPU_4	100.00	0	0	0	0	0	0	0	0	0
1428527697295386632	CPU_4	98.61	0	0	0	0	1.38	0	0	0	0
1428527698001724141	CPU_4	98.59	0	0	0	0	0	1.40	0	0	0
1428527698718054842	CPU_4	98.61	0	0	0	0	1.38	0	0	0	0
1428527699425966806	CPU_4	100.00	0	0	0	0	0	0	0	0	0
1428527700136402891	CPU_4	100.00	0	0	0	0	0	0	0	0	0
1428527700852532759	CPU_4	97.22	0	0	0	0	1.38	1.38	0	0	0
1428527701561259430	CPU_4	100.00	0	0	0	0	0	0	0	0	0
1428527702287261073	CPU_4	98.61	0	0	0	0	1.38	0	0	0	0
1428527702994437788	CPU_4	100.00	0	0	0	0	0	0	0	0	0
1428527703704755748	CPU_4	100.00	0	0	0	0	0	0	0	0	0
1428527704422430321	CPU_4	97.22	0	0	0	0	1.38	1.38	0	0	0
1428527705129376703	CPU_4	100.00	0	0	0	0	0	0	0	0	0
1428527705837521041	CPU_4	98.57	0	0	0	0	1.42	0	0	0	0
1428527706556525612	CPU_4	100.00	0	0	0	0	0	0	0	0	0
1428527707266383364	CPU_4	98.59	0	0	0	0	0	1.40	0	0	0
1428527707983395812	CPU_4	98.63	0	0	0	0	1.36	0	0	0	0
1428527708692211857	CPU_4	100.00	0	0	0	0	0	0	0	0	0
1428527709399993654	CPU_4	98.59	0	0	0	0	1.40	0	0	0	0
1428527710116764894	CPU_4	100.00	0	0	0	0	0	0	0	0	0
1428527710825588647	CPU_4	98.59	0	0	0	0	0	1.40	0	0	0
1428527711543409761	CPU_4	98.63	0	0	0	0	1.36	0	0	0	0
1428527712250356892	CPU_4	100.00	0	0	0	0	0	0	0	0	0
1428527712958294730	CPU_4	98.61	0	0	0	0	1.38	0	0	0	0
1428527713677463258	CPU_4	98.59	0	0	0	0	0	1.40	0	0	0
1428527714386191635	CPU_4	100.00	0	0	0	0	0	0	0	0	0
1428527715103179875	CPU_4	98.61	0	0	0	0	1.38	0	0	0	0
1428527715816524287	CPU_4	100.00	0	0	0	0	0	0	0	0	0
1428527716526460121	CPU_4	98.59	0	0	0	0	1.40	0	0	0	0
1428527717241340530	CPU_4	98.61	0	0	0	0	0	1.38	0	0	0
1428527717951342822	CPU_4	100.00	0	0	0	0	0	0	0	0	0
1428527718659730158	CPU_4	98.59	0	0	0	0	1.40	0	0	0	0
1428527719376177982	CPU_4	100.00	0	0	0	0	0	0	0	0	0
1428527720085203525	CPU_4	97.22	0	0	0	0	1.38	1.38	0	0	0
1428527720803490637	CPU_4	100.00	0	0	0	0	0	0	0	0	0
1428527721512156931	CPU_4	100.00	0	0	0	0	0	0	0	0	0
1428527722222266347	CPU_4	98.59	0	0	0	0	1.40	0	0	0	0
1428527722941047958	CPU_4	100.00	0	0	0	0	0	0	0	0	0
1428527723652190372	CPU_4	97.22	0	0	0	0	1.38	1.38	0	0	0
1428527724371862606	CPU_4	100.00	0	0	0	0	0	0	0	0	0
1428527725086772057	CPU_4	98.59	0	0	0	0	1.40	0	0	0	0
1428527725795110684	CPU_4	100.00	0	0	0	0	0	0	0	0	0
1428527726516460665	CPU_4	98.61	0	0	0	0	0	1.38	0	0	0
1428527727225656082	CPU_4	98.61	0	0	0	0	1.38	0	0	0	0
1428527727948366644	CPU_4	100.00	0	0	0	0	0	0	0	0	0
1428527728661106639	CPU_4	98.61	0	0	0	0	1.38	0	0	0	0
1428527729367707477	CPU_4	100.00	0	0	0	0	0	0	0	0	0
1428527730086269254	CPU_4	98.61	0	0	0	0	0	1.38	0	0	0
1428527730795130004	CPU_4	98.61	0	0	0	0	1.38	0	0	0	0
1428527731501178801	CPU_4	100.00	0	0	0	0	0	0	0	0	0
1428527732219311537	CPU_4	98.63	0	0	0	0	1.36	0	0	0	0
1428527732927739413	CPU_4	98.59	0	0	0	0	0	1.40	0	0	0
1428527733650498141	CPU_4	100.00	0	0	0	0	0	0	0	0	0
1428527734356736646	CPU_4	98.59	0	0	0	0	1.40	0	0	0	0
1428527735065234355	CPU_4	100.00	0	0	0	0	0	0	0	0	0
1428527735782997466	CPU_4	98.61	0	0	0	0	1.38	0	0	0	0
1428527736489929760	CPU_4	98.59	0	0	0	0	0	1.40	0	0	0
1428527737213498862	CPU_4	100.00	0	0	0	0	0	0	0	0	0
1428527737925602356	CPU_4	98.59	0	0	0	0	1.40	0	0	0	0
1428527738633841190	CPU_4	100.00	0	0	0	0	0	0	0	0	0
1428527739352753882	CPU_4	97.22	0	0	0	0	1.38	1.38	0	0	0
1428527740062909172	CPU_4	100.00	0	0	0	0	0	0	0	0	0
1428527740778341619	CPU_4	100.00	0	0	0	0	0	0	0	0	0
1428527741491562528	CPU_4	98.61	0	0	0	0	1.38	0	0	0	0
1428527742200379861	CPU_4	100.00	0	0	0	0	0	0	0	0	0
1428527742918802845	CPU_4	97.26	0	0	0	0	1.36	1.36	0	0	0
1428527743629972424	CPU_4	100.00	0	0	0	0	0	0	0	0	0
1428527744340272712	CPU_4	100.00	0	0	0	0	0	0	0	0	0
1428527745059825736	CPU_4	98.63	0	0	0	0	1.36	0	0	0	0
1428527745768349152	CPU_4	98.59	0	0	0	0	0	1.40	0	0	0
1428527746486484761	CPU_4	98.61	0	0	0	0	1.38	0	0	0	0
1428527747198541379	CPU_4	100.00	0	0	0	0	0	0	0	0	0
1428527747910493581	CPU_4	100.00	0	0	0	0	0	0	0	0	0
1428527748628163566	CPU_4	98.63	0	0	0	0	1.36	0	0	0	0
1428527749336636065	CPU_4	98.57	0	0	0	0	0	1.42	0	0	0
1428527750055914172	CPU_4	98.63	0	0	0	0	1.36	0	0	0	0
1428527750763538505	CPU_4	100.00	0	0	0	0	0	0	0	0	0
1428527751472680295	CPU_4	100.00	0	0	0	0	0	0	0	0	0
1428527752192686775	CPU_4	97.26	0	0	0	0	1.36	1.36	0	0	0
1428527752901502315	CPU_4	100.00	0	0	0	0	0	0	0	0	0
1428527753618103217	CPU_4	98.61	0	0	0	0	1.38	0	0	0	0
1428527754332370873	CPU_4	100.00	0	0	0	0	0	0	0	0	0
1428527755040770497	CPU_4	100.00	0	0	0	0	0	0	0	0	0
1428527755758105689	CPU_4	97.26	0	0	0	0	1.36	1.36	0	0	0
1428527756467432728	CPU_4	100.00	0	0	0	0	0	0	0	0	0
1428527757177890265	CPU_4	98.59	0	0	0	0	1.40	0	0	0	0
1428527757898543743	CPU_4	100.00	0	0	0	0	0	0	0	0	0
1428527758607856032	CPU_4	98.59	0	0	0	0	0	1.40	0	0	0
1428527759328578218	CPU_4	98.63	0	0	0	0	1.36	0	0	0	0
1428527760041492667	CPU_4	100.00	0	0	0	0	0	0	0	0	0
1428527760751171497	CPU_4	98.59	0	0	0	0	1.40	0	0	0	0
1428527761469595062	CPU_4	100.00	0	0	0	0	0	0	0	0	0
1428527762180920846	CPU_4	98.61	0	0	0	0	0	1.38	0	0	0
1428527762901184158	CPU_4	98.61	0	0	0	0	1.38	0	0	0	0
1428527763614051024	CPU_4	100.00	0	0	0	0	0	0	0	0	0
1428527764323793727	CPU_4	98.59	0	0	0	0	1.40	0	0	0	0
1428527765044405039	CPU_4	98.61	0	0	0	0	0	1.38	0	0	0
1428527765753434160	CPU_4	100.00	0	0	0	0	0	0	0	0	0
1428527766477862048	CPU_4	98.63	0	0	0	0	1.36	0	0	0	0
1428527767188160917	CPU_4	100.00	0	0	0	0	0	0	0	0	0
1428527767895880374	CPU_4	98.59	0	0	0	0	1.40	0	0	0	0
1428527768615940311	CPU_4	98.61	0	0	0	0	0	1.38	0	0	0
1428527769325296223	CPU_4	98.61	0	0	0	0	1.38	0	0	0	0
1428527770033416470	CPU_4	100.00	0	0	0	0	0	0	0	0	0
1428527770753467281	CPU_4	100.00	0	0	0	0	0	0	0	0	0
1428527771462779401	CPU_4	97.18	0	0	0	0	1.40	1.40	0	0	0
1428527772183449128	CPU_4	100.00	0	0	0	0	0	0	0	0	0
1428527772892291332	CPU_4	98.59	0	0	0	0	1.40	0	0	0	0
1428527773604239781	CPU_4	100.00	0	0	0	0	0	0	0	0	0
1428527774323260677	CPU_4	100.00	0	0	0	0	0	0	0	0	0
1428527775031205966	CPU_4	97.18	0	0	0	0	1.40	1.40	0	0	0
1428527775753838731	CPU_4	100.00	0	0	0	0	0	0	0	0	0
1428527776462744601	CPU_4	98.59	0	0	0	0	1.40	0	0	0	0
1428527777175309632	CPU_4	100.00	0	0	0	0	0	0	0	0	0
1428527777895413859	CPU_4	98.61	0	0	0	0	0	1.38	0	0	0
1428527778606880392	CPU_4	98.61	0	0	0	0	1.38	0	0	0	0
1428527779326789078	CPU_4	100.00	0	0	0	0	0	0	0	0	0
1428527780035841864	CPU_4	98.59	0	0	0	0	1.40	0	0	0	0
1428527780745068650	CPU_4	100.00	0	0	0	0	0	0	0	0	0
1428527781467976622	CPU_4	98.61	0	0	0	0	0	1.38	0	0	0
1428527782176088951	CPU_4	98.61	0	0	0	0	1.38	0	0	0	0
1428527782903040000	CPU_4	100.00	0	0	0	0	0	0	0	0	0
1428527783622133353	CPU_4	98.63	0	0	0	0	1.36	0	0	0	0
1428527784337547462	CPU_4	98.61	0	0	0	0	0	1.38	0	0	0
1428527785130224323	CPU_4	100.00	0	0	0	0	0	0	0	0	0
1428527785838901734	CPU_4	98.59	0	0	0	0	1.40	0	0	0	0
1428527786558808127	CPU_4	100.00	0	0	0	0	0	0	0	0	0
1428527787269258702	CPU_4	98.61	0	0	0	0	1.38	0	0	0	0
1428527787976678240	CPU_4	98.57	0	0	0	0	0	1.42	0	0	0
1428527788700293169	CPU_4	100.00	0	0	0	0	0	0	0	0	0
1428527789409279537	CPU_4	98.59	0	0	0	0	1.40	0	0	0	0
1428527790128836639	CPU_4	100.00	0	0	0	0	0	0	0	0	0
1428527790836113343	CPU_4	97.22	0	0	0	0	1.38	1.38	0	0	0
1428527791546337168	CPU_4	100.00	0	0	0	0	0	0	0	0	0
1428527792265414853	CPU_4	100.00	0	0	0	0	0	0	0	0	0
1428527792972890724	CPU_4	98.59	0	0	0	0	1.40	0	0	0	0
1428527793697884066	CPU_4	100.00	0	0	0	0	0	0	0	0	0
1428527794406815726	CPU_4	97.22	0	0	0	0	1.38	1.38	0	0	0
1428527795116748259	CPU_4	100.00	0	0	0	0	0	0	0	0	0
1428527795836747235	CPU_4	98.61	0	0	0	0	1.38	0	0	0	0
1428527796547559474	CPU_4	100.00	0	0	0	0	0	0	0	0	0
1428527797270599028	CPU_4	98.61	0	0	0	0	0	1.38	0	0	0
1428527797981026893	CPU_4	98.61	0	0	0	0	1.38	0	0	0	0
1428527798691320467	CPU_4	100.00	0	0	0	0	0	0	0	0	0
1428527799411809983	CPU_4	98.63	0	0	0	0	1.36	0	0	0	0
1428527800120344184	CPU_4	100.00	0	0	0	0	0	0	0	0	0
1428527800832556379	CPU_4	98.59	0	0	0	0	0	1.40	0	0	0
1428527801552743562	CPU_4	98.61	0	0	0	0	1.38	0	0	0	0
1428527802264742466	CPU_4	100.00	0	0	0	0	0	0	0	0	0
1428527802982194361	CPU_4	98.61	0	0	0	0	1.38	0	0	0	0
1428527803694114807	CPU_4	98.61	0	0	0	0	0	1.38	0	0	0
1428527804407012001	CPU_4	100.00	0	0	0	0	0	0	0	0	0
1428527805125648977	CPU_4	98.61	0	0	0	0	1.38	0	0	0	0
1428527805836536924	CPU_4	100.00	0	0	0	0	0	0	0	0	0
1428527806556514523	CPU_4	98.61	0	0	0	0	1.38	0	0	0	0
1428527807269434758	CPU_4	98.61	0	0	0	0	0	1.38	0	0	0
1428527807979215040	CPU_4	100.00	0	0	0	0	0	0	0	0	0
1428527808699388680	CPU_4	98.61	0	0	0	0	1.38	0	0	0	0
1428527809411629958	CPU_4	100.00	0	0	0	0	0	0	0	0	0
1428527810131976389	CPU_4	97.26	0	0	0	0	1.36	1.36	0	0	0
1428527810843872292	CPU_4	100.00	0	0	0	0	0	0	0	0	0
1428527811555476987	CPU_4	100.00	0	0	0	0	0	0	0	0	0
1428527812278569039	CPU_4	98.61	0	0	0	0	1.38	0	0	0	0
1428527812989024069	CPU_4	100.00	0	0	0	0	0	0	0	0	0
1428527813714387992	CPU_4	97.29	0	0	0	0	1.35	1.35	0	0	0
1428527814426665978	CPU_4	100.00	0	0	0	0	0	0	0	0	0
1428527815136330217	CPU_4	100.00	0	0	0	0	0	0	0	0	0
1428527815857189772	CPU_4	98.61	0	0	0	0	1.38	0	0	0	0
1428527816568883216	CPU_4	98.61	0	0	0	0	0	1.38	0	0	0
1428527817289209064	CPU_4	98.61	0	0	0	0	1.38	0	0	0	0
1428527818005136043	CPU_4	100.00	0	0	0	0	0	0	0	0	0
1428527818716404821	CPU_4	100.00	0	0	0	0	0	0	0	0	0
1428527819437842583	CPU_4	98.61	0	0	0	0	1.38	0	0	0	0
1428527820147828780	CPU_4	98.59	0	0	0	0	0	1.40	0	0	0
1428527820876976237	CPU_4	4.10	0	1.36	94.52	0	0	0	0	0	0
