#Timestamp	CPU_ID	user%	nice%	sys%	idle%	iowait%	irq%	softiq%	steal%	guest%	guest_nice%
1428586216807973939	CPU_4	25.80	0	17.74	56.45	0	0	0	0	0	0
1428586217513117248	CPU_4	0	0	0	100.00	0	0	0	0	0	0
1428586218229187548	CPU_4	0	0	0	100.00	0	0	0	0	0	0
1428586218933548899	CPU_4	0	0	0	100.00	0	0	0	0	0	0
1428586219639902790	CPU_4	0	0	0	100.00	0	0	0	0	0	0
1428586220356615547	CPU_4	0	0	0	100.00	0	0	0	0	0	0
1428586221064022354	CPU_4	0	0	0	100.00	0	0	0	0	0	0
1428586221781376694	CPU_4	0	0	0	100.00	0	0	0	0	0	0
1428586222494963537	CPU_4	0	0	0	100.00	0	0	0	0	0	0
1428586223200979220	CPU_4	0	0	0	100.00	0	0	0	0	0	0
1428586223927253803	CPU_4	0	0	0	100.00	0	0	0	0	0	0
1428586224637046066	CPU_4	2.81	0	1.40	95.77	0	0	0	0	0	0
1428586225346764371	CPU_4	0	0	0	100.00	0	0	0	0	0	0
1428586226064853918	CPU_4	0	0	0	100.00	0	0	0	0	0	0
1428586226771991308	CPU_4	0	0	0	100.00	0	0	0	0	0	0
1428586227492827104	CPU_4	0	0	0	100.00	0	0	0	0	0	0
1428586228201481409	CPU_4	0	0	0	100.00	0	0	0	0	0	0
1428586228908490174	CPU_4	0	0	0	100.00	0	0	0	0	0	0
1428586229628824887	CPU_4	0	0	0	100.00	0	0	0	0	0	0
1428586230338856566	CPU_4	0	0	0	100.00	0	0	0	0	0	0
1428586231058107779	CPU_4	0	0	0	100.00	0	0	0	0	0	0
1428586231764650794	CPU_4	0	0	0	100.00	0	0	0	0	0	0
1428586232475113556	CPU_4	0	0	0	100.00	0	0	0	0	0	0
1428586233194424894	CPU_4	0	0	0	100.00	0	0	0	0	0	0
1428586233902888741	CPU_4	0	0	0	100.00	0	0	0	0	0	0
1428586234612745670	CPU_4	0	0	0	100.00	0	0	0	0	0	0
1428586235331832550	CPU_4	0	0	0	100.00	0	0	0	0	0	0
1428586236040176272	CPU_4	0	0	0	100.00	0	0	0	0	0	0
1428586236760095818	CPU_4	0	0	0	100.00	0	0	0	0	0	0
1428586237469552831	CPU_4	0	0	0	100.00	0	0	0	0	0	0
1428586238179647343	CPU_4	0	0	0	100.00	0	0	0	0	0	0
1428586238900658304	CPU_4	0	0	0	100.00	0	0	0	0	0	0
1428586239618898184	CPU_4	0	0	0	100.00	0	0	0	0	0	0
1428586240338723522	CPU_4	0	0	0	100.00	0	0	0	0	0	0
1428586241046079953	CPU_4	0	0	0	100.00	0	0	0	0	0	0
1428586241755119215	CPU_4	0	0	0	100.00	0	0	0	0	0	0
1428586242476532760	CPU_4	0	0	0	100.00	0	0	0	0	0	0
1428586243187982020	CPU_4	0	0	0	100.00	0	0	0	0	0	0
1428586243910056856	CPU_4	0	0	0	100.00	0	0	0	0	0	0
1428586244620466659	CPU_4	0	0	0	100.00	0	0	0	0	0	0
1428586245332186836	CPU_4	0	0	0	100.00	0	0	0	0	0	0
1428586246050962049	CPU_4	0	0	0	100.00	0	0	0	0	0	0
1428586246761583768	CPU_4	0	0	0	100.00	0	0	0	0	0	0
1428586247482986604	CPU_4	0	0	0	100.00	0	0	0	0	0	0
1428586248200839984	CPU_4	0	0	0	100.00	0	0	0	0	0	0
1428586248913252911	CPU_4	0	0	0	100.00	0	0	0	0	0	0
1428586249635120329	CPU_4	0	0	0	100.00	0	0	0	0	0	0
1428586250346076048	CPU_4	0	0	0	100.00	0	0	0	0	0	0
1428586251055539685	CPU_4	0	0	0	100.00	0	0	0	0	0	0
1428586251779037227	CPU_4	0	0	0	100.00	0	0	0	0	0	0
1428586252490575446	CPU_4	0	0	0	100.00	0	0	0	0	0	0
1428586253213033406	CPU_4	0	0	0	100.00	0	0	0	0	0	0
1428586253923845458	CPU_4	0	0	0	100.00	0	0	0	0	0	0
1428586254634047219	CPU_4	0	0	0	100.00	0	0	0	0	0	0
1428586255356292887	CPU_4	0	0	0	100.00	0	0	0	0	0	0
1428586256064933733	CPU_4	0	0	0	100.00	0	0	0	0	0	0
1428586256786180652	CPU_4	0	0	0	100.00	0	0	0	0	0	0
1428586257497108454	CPU_4	0	0	0	100.00	0	0	0	0	0	0
1428586258207612256	CPU_4	0	0	0	100.00	0	0	0	0	0	0
1428586258929352758	CPU_4	0	0	0	100.00	0	0	0	0	0	0
1428586259642548433	CPU_4	0	0	0	100.00	0	0	0	0	0	0
1428586260363136269	CPU_4	0	0	0	100.00	0	0	0	0	0	0
1428586261077004901	CPU_4	0	0	0	100.00	0	0	0	0	0	0
1428586261786033163	CPU_4	0	0	0	100.00	0	0	0	0	0	0
1428586262508530831	CPU_4	0	0	0	100.00	0	0	0	0	0	0
1428586263216603093	CPU_4	0	0	0	100.00	0	0	0	0	0	0
1428586263938324428	CPU_4	0	0	0	100.00	0	0	0	0	0	0
1428586264654691142	CPU_4	0	0	0	100.00	0	0	0	0	0	0
1428586265365700027	CPU_4	0	0	0	100.00	0	0	0	0	0	0
1428586266083955072	CPU_4	0	0	0	100.00	0	0	0	0	0	0
1428586266795240457	CPU_4	0	0	0	100.00	0	0	0	0	0	0
1428586267506090842	CPU_4	0	0	0	100.00	0	0	0	0	0	0
1428586268225122512	CPU_4	0	0	0	100.00	0	0	0	0	0	0
1428586268935074314	CPU_4	0	0	0	100.00	0	0	0	0	0	0
1428586269659056147	CPU_4	0	0	0	100.00	0	0	0	0	0	0
1428586270368586575	CPU_4	0	0	0	100.00	0	0	0	0	0	0
1428586271078399627	CPU_4	0	0	0	100.00	0	0	0	0	0	0
1428586271799068295	CPU_4	0	0	0	100.00	0	0	0	0	0	0
1428586272510066222	CPU_4	0	0	0	100.00	0	0	0	0	0	0
1428586273227150101	CPU_4	0	0	0	100.00	0	0	0	0	0	0
1428586273939498485	CPU_4	0	0	0	100.00	0	0	0	0	0	0
1428586274648583371	CPU_4	0	0	0	100.00	0	0	0	0	0	0
1428586275374102785	CPU_4	0	0	0	100.00	0	0	0	0	0	0
1428586276082560255	CPU_4	0	0	0	100.00	0	0	0	0	0	0
1428586276807902003	CPU_4	0	0	0	100.00	0	0	0	0	0	0
1428586277518901096	CPU_4	0	0	0	100.00	0	0	0	0	0	0
1428586278227141482	CPU_4	0	0	0	100.00	0	0	0	0	0	0
1428586278948741608	CPU_4	0	0	0	100.00	0	0	0	0	0	0
1428586279660450742	CPU_4	0	0	0	100.00	0	0	0	0	0	0
1428586280372308250	CPU_4	0	0	0	100.00	0	0	0	0	0	0
1428586281096617165	CPU_4	0	0	0	100.00	0	0	0	0	0	0
1428586281805954718	CPU_4	0	0	0	100.00	0	0	0	0	0	0
1428586282528930467	CPU_4	0	0	0	100.00	0	0	0	0	0	0
1428586283236157937	CPU_4	0	0	0	100.00	0	0	0	0	0	0
1428586283947959154	CPU_4	0	0	0	100.00	0	0	0	0	0	0
1428586284667988906	CPU_4	0	0	0	100.00	0	0	0	0	0	0
1428586285390451989	CPU_4	0	0	0	100.00	0	0	0	0	0	0
1428586286110340199	CPU_4	0	0	0	45.28	0	54.71	0	0	0	0
1428586286821018500	CPU_4	0	0	0	100.00	0	0	0	0	0	0
1428586287531922509	CPU_4	0	0	0	100.00	0	0	0	0	0	0
1428586288251160345	CPU_4	0	0	0	100.00	0	0	0	0	0	0
1428586288961551937	CPU_4	0	0	0	100.00	0	0	0	0	0	0
1428586289683755145	CPU_4	0	0	0	100.00	0	0	0	0	0	0
1428586290393103572	CPU_4	0	0	0	100.00	0	0	0	0	0	0
1428586291105011747	CPU_4	0	0	0	100.00	0	0	0	0	0	0
1428586291826305747	CPU_4	0	0	0	100.00	0	0	0	0	0	0
1428586292538973088	CPU_4	0	0	0	100.00	0	0	0	0	0	0
1428586293257585757	CPU_4	0	0	0	100.00	0	0	0	0	0	0
1428586293976717925	CPU_4	0	0	0	100.00	0	0	0	0	0	0
1428586294687098060	CPU_4	0	0	0	100.00	0	0	0	0	0	0
1428586295409344851	CPU_4	0	0	0	100.00	0	0	0	0	0	0
1428586296120807817	CPU_4	0	0	0	100.00	0	0	0	0	0	0
1428586296834783406	CPU_4	0	0	0	100.00	0	0	0	0	0	0
1428586297554735074	CPU_4	0	0	0	100.00	0	0	0	0	0	0
1428586298264342459	CPU_4	0	0	0	100.00	0	0	0	0	0	0
1428586298987097416	CPU_4	0	0	0	100.00	0	0	0	0	0	0
1428586299703782128	CPU_4	0	0	0	100.00	0	0	0	0	0	0
1428586300412684388	CPU_4	0	0	0	100.00	0	0	0	0	0	0
1428586301138491759	CPU_4	0	0	0	100.00	0	0	0	0	0	0
1428586301852218349	CPU_4	0	0	0	100.00	0	0	0	0	0	0
1428586302577129637	CPU_4	0	0	0	100.00	0	0	0	0	0	0
1428586303287125813	CPU_4	0	0	0	100.00	0	0	0	0	0	0
1428586304001191443	CPU_4	0	0	0	100.00	0	0	0	0	0	0
1428586304724123233	CPU_4	0	0	0	100.00	0	0	0	0	0	0
1428586305439617571	CPU_4	0	0	0	100.00	0	0	0	0	0	0
1428586306164555110	CPU_4	0	0	0	100.00	0	0	0	0	0	0
1428586306877472324	CPU_4	0	0	0	100.00	0	0	0	0	0	0
1428586307590544581	CPU_4	0	0	0	100.00	0	0	0	0	0	0
1428586308312422538	CPU_4	0	0	0	100.00	0	0	0	0	0	0
1428586309026136335	CPU_4	0	0	0	100.00	0	0	0	0	0	0
1428586309750699124	CPU_4	0	0	0	100.00	0	0	0	0	0	0
1428586310467289710	CPU_4	0	0	0	100.00	0	0	0	0	0	0
1428586311181405257	CPU_4	0	0	0	100.00	0	0	0	0	0	0
1428586311905633963	CPU_4	0	0	0	100.00	0	0	0	0	0	0
1428586312619269052	CPU_4	0	0	0	100.00	0	0	0	0	0	0
1428586313339202094	CPU_4	0	0	0	100.00	0	0	0	0	0	0
1428586314054164265	CPU_4	0	0	0	100.00	0	0	0	0	0	0
1428586314766029397	CPU_4	0	0	0	100.00	0	0	0	0	0	0
1428586315490550518	CPU_4	0	0	0	100.00	0	0	0	0	0	0
1428586316201030026	CPU_4	0	0	0	100.00	0	0	0	0	0	0
1428586316926141439	CPU_4	0	0	0	100.00	0	0	0	0	0	0
1428586317641578776	CPU_4	0	0	0	100.00	0	0	0	0	0	0
1428586318353594908	CPU_4	0	0	0	100.00	0	0	0	0	0	0
1428586319077688030	CPU_4	0	0	0	100.00	0	0	0	0	0	0
1428586319793063408	CPU_4	0	0	0	100.00	0	0	0	0	0	0
1428586320523392650	CPU_4	0	0	0	100.00	0	0	0	0	0	0
1428586321234439949	CPU_4	0	0	0	100.00	0	0	0	0	0	0
1428586321947519246	CPU_4	0	0	0	100.00	0	0	0	0	0	0
1428586322673520033	CPU_4	0	0	0	100.00	0	0	0	0	0	0
1428586323387794537	CPU_4	0	0	0	100.00	0	0	0	0	0	0
1428586324110058410	CPU_4	0	0	0	100.00	0	0	0	0	0	0
1428586324827243996	CPU_4	0	0	0	100.00	0	0	0	0	0	0
1428586325541134626	CPU_4	0	0	0	100.00	0	0	0	0	0	0
1428586326261290375	CPU_4	0	0	0	100.00	0	0	0	0	0	0
1428586326974280214	CPU_4	0	0	0	100.00	0	0	0	0	0	0
1428586327686767928	CPU_4	0	0	0	100.00	0	0	0	0	0	0
1428586328412399590	CPU_4	0	0	0	100.00	0	0	0	0	0	0
1428586329122859222	CPU_4	0	0	0	100.00	0	0	0	0	0	0
1428586329847806968	CPU_4	0	0	0	100.00	0	0	0	0	0	0
1428586330561251306	CPU_4	0	0	0	100.00	0	0	0	0	0	0
1428586331272513521	CPU_4	0	0	0	100.00	0	0	0	0	0	0
1428586331997695349	CPU_4	0	0	0	100.00	0	0	0	0	0	0
1428586332710629063	CPU_4	0	0	0	100.00	0	0	0	0	0	0
1428586333432481561	CPU_4	0	0	0	100.00	0	0	0	0	0	0
1428586334143542859	CPU_4	0	0	0	100.00	0	0	0	0	0	0
1428586334855748365	CPU_4	0	0	0	100.00	0	0	0	0	0	0
1428586335580784568	CPU_4	0	0	0	100.00	0	0	0	0	0	0
1428586336290793784	CPU_4	0	0	0	100.00	0	0	0	0	0	0
1428586337017823653	CPU_4	0	0	0	100.00	0	0	0	0	0	0
1428586337730317741	CPU_4	0	0	0	100.00	0	0	0	0	0	0
1428586338444499787	CPU_4	0	0	0	100.00	0	0	0	0	0	0
1428586339166081451	CPU_4	0	0	0	100.00	0	0	0	0	0	0
1428586339881607912	CPU_4	0	0	0	100.00	0	0	0	0	0	0
1428586340605443450	CPU_4	0	0	0	100.00	0	0	0	0	0	0
1428586341320238828	CPU_4	0	0	0	100.00	0	0	0	0	0	0
1428586342036527247	CPU_4	0	0	0	100.00	0	0	0	0	0	0
1428586342761829158	CPU_4	0	0	0	100.00	0	0	0	0	0	0
1428586343474945704	CPU_4	0	0	0	100.00	0	0	0	0	0	0
1428586344202399530	CPU_4	0	0	0	100.00	0	0	0	0	0	0
1428586344920886114	CPU_4	0	0	0	100.00	0	0	0	0	0	0
1428586345636422408	CPU_4	0	0	0	100.00	0	0	0	0	0	0
1428586346359557821	CPU_4	0	0	0	100.00	0	0	0	0	0	0
1428586347075792364	CPU_4	0	0	0	100.00	0	0	0	0	0	0
1428586347803930356	CPU_4	0	0	0	100.00	0	0	0	0	0	0
1428586348518917568	CPU_4	0	0	0	100.00	0	0	0	0	0	0
1428586349232726363	CPU_4	0	0	0	100.00	0	0	0	0	0	0
1428586349959111690	CPU_4	0	0	0	100.00	0	0	0	0	0	0
1428586350674049526	CPU_4	0	0	0	100.00	0	0	0	0	0	0
1428586351399523895	CPU_4	0	0	0	100.00	0	0	0	0	0	0
1428586352114300481	CPU_4	0	0	0	100.00	0	0	0	0	0	0
1428586352828001193	CPU_4	0	0	0	100.00	0	0	0	0	0	0
1428586353553348229	CPU_4	0	0	0	100.00	0	0	0	0	0	0
1428586354269511897	CPU_4	0	0	0	100.00	0	0	0	0	0	0
1428586354991052519	CPU_4	0	0	0	100.00	0	0	0	0	0	0
1428586355705828271	CPU_4	0	0	0	100.00	0	0	0	0	0	0
1428586356419920483	CPU_4	0	0	0	100.00	0	0	0	0	0	0
1428586357149128724	CPU_4	0	0	0	100.00	0	0	0	0	0	0
1428586357863775976	CPU_4	0	0	0	100.00	0	0	0	0	0	0
1428586358591107302	CPU_4	0	0	0	100.00	0	0	0	0	0	0
1428586359306035846	CPU_4	0	0	0	100.00	0	0	0	0	0	0
1428586360019725391	CPU_4	0	0	0	100.00	0	0	0	0	0	0
1428586360744520885	CPU_4	0	0	0	100.00	0	0	0	0	0	0
1428586361459449429	CPU_4	0	0	0	100.00	0	0	0	0	0	0
1428586362185911422	CPU_4	0	0	0	100.00	0	0	0	0	0	0
1428586362899821424	CPU_4	0	0	0	100.00	0	0	0	0	0	0
1428586363614605510	CPU_4	0	0	0	100.00	0	0	0	0	0	0
1428586364339561879	CPU_4	0	0	0	100.00	0	0	0	0	0	0
1428586365050959884	CPU_4	0	0	0	100.00	0	0	0	0	0	0
1428586365780466957	CPU_4	0	0	0	100.00	0	0	0	0	0	0
1428586366494944335	CPU_4	0	0	0	100.00	0	0	0	0	0	0
1428586367210377086	CPU_4	0	0	0	100.00	0	0	0	0	0	0
1428586367936980120	CPU_4	0	0	0	100.00	0	0	0	0	0	0
1428586368652899454	CPU_4	0	0	0	100.00	0	0	0	0	0	0
1428586369376175533	CPU_4	0	0	0	100.00	0	0	0	0	0	0
1428586370094087240	CPU_4	0	0	0	100.00	0	0	0	0	0	0
1428586370804907037	CPU_4	0	0	0	100.00	0	0	0	0	0	0
1428586371530320197	CPU_4	0	0	0	100.00	0	0	0	0	0	0
1428586372244626949	CPU_4	0	0	0	100.00	0	0	0	0	0	0
1428586372973229565	CPU_4	0	0	0	100.00	0	0	0	0	0	0
1428586373687789358	CPU_4	0	0	0	100.00	0	0	0	0	0	0
1428586374402256527	CPU_4	0	0	0	100.00	0	0	0	0	0	0
1428586375126943604	CPU_4	0	0	0	100.00	0	0	0	0	0	0
1428586375839241524	CPU_4	0	0	0	100.00	0	0	0	0	0	0
1428586376570023429	CPU_4	0	0	0	100.00	0	0	0	0	0	0
1428586377286933263	CPU_4	0	0	0	100.00	0	0	0	0	0	0
1428586378006772135	CPU_4	0	0	0	100.00	0	0	0	0	0	0
1428586378730584962	CPU_4	0	0	0	100.00	0	0	0	0	0	0
1428586379444318590	CPU_4	0	0	0	100.00	0	0	0	0	0	0
1428586380172677580	CPU_4	0	0	0	100.00	0	0	0	0	0	0
1428586380883910751	CPU_4	0	0	0	100.00	0	0	0	0	0	0
1428586381604986914	CPU_4	0	0	0	100.00	0	0	0	0	0	0
1428586382330036699	CPU_4	0	0	0	100.00	0	0	0	0	0	0
1428586383046021449	CPU_4	0	0	0	100.00	0	0	0	0	0	0
1428586383772596399	CPU_4	0	0	0	100.00	0	0	0	0	0	0
1428586384495789935	CPU_4	0	0	0	100.00	0	0	0	0	0	0
1428586385211133811	CPU_4	0	0	0	100.00	0	0	0	0	0	0
1428586385938204552	CPU_4	0	0	0	100.00	0	0	0	0	0	0
1428586386651631221	CPU_4	0	0	0	100.00	0	0	0	0	0	0
1428586387378522920	CPU_4	0	0	0	100.00	0	0	0	0	0	0
1428586388093897046	CPU_4	0	0	0	100.00	0	0	0	0	0	0
1428586388811795253	CPU_4	0	0	0	100.00	0	0	0	0	0	0
1428586389539768451	CPU_4	0	0	0	100.00	0	0	0	0	0	0
1428586390256984742	CPU_4	0	0	0	100.00	0	0	0	0	0	0
1428586390982378901	CPU_4	0	0	0	100.00	0	0	0	0	0	0
1428586391698078651	CPU_4	0	0	0	100.00	0	0	0	0	0	0
1428586392412085319	CPU_4	0	0	0	100.00	0	0	0	0	0	0
1428586393140399100	CPU_4	0	0	0	100.00	0	0	0	0	0	0
1428586393856367308	CPU_4	0	0	0	100.00	0	0	0	0	0	0
1428586394582084967	CPU_4	0	0	0	100.00	0	0	0	0	0	0
1428586395299144507	CPU_4	0	0	0	100.00	0	0	0	0	0	0
1428586396016508256	CPU_4	0	0	0	100.00	0	0	0	0	0	0
1428586396745070079	CPU_4	0	0	0	100.00	0	0	0	0	0	0
1428586397458313581	CPU_4	0	0	0	100.00	0	0	0	0	0	0
1428586398185034738	CPU_4	0	0	0	100.00	0	0	0	0	0	0
1428586398903379986	CPU_4	0	0	0	100.00	0	0	0	0	0	0
1428586399615858405	CPU_4	0	0	0	100.00	0	0	0	0	0	0
1428586400343125562	CPU_4	0	0	0	100.00	0	0	0	0	0	0
1428586401057512146	CPU_4	0	0	0	100.00	0	0	0	0	0	0
1428586401787190259	CPU_4	0	0	0	100.00	0	0	0	0	0	0
1428586402500117469	CPU_4	0	0	0	100.00	0	0	0	0	0	0
1428586403216790343	CPU_4	0	0	0	100.00	0	0	0	0	0	0
1428586403942951751	CPU_4	0	0	0	100.00	0	0	0	0	0	0
1428586404661732206	CPU_4	0	0	0	100.00	0	0	0	0	0	0
1428586405395568232	CPU_4	0	0	0	100.00	0	0	0	0	0	0
1428586406112935439	CPU_4	0	0	0	100.00	0	0	0	0	0	0
1428586406828528688	CPU_4	0	0	0	100.00	0	0	0	0	0	0
1428586407556112303	CPU_4	0	0	0	100.00	0	0	0	0	0	0
1428586408269418929	CPU_4	0	0	0	100.00	0	0	0	0	0	0
1428586408995919212	CPU_4	0	0	0	100.00	0	0	0	0	0	0
1428586409711316169	CPU_4	0	0	0	100.00	0	0	0	0	0	0
1428586410424241879	CPU_4	0	0	0	100.00	0	0	0	0	0	0
1428586411149565287	CPU_4	0	0	0	100.00	0	0	0	0	0	0
1428586411866319036	CPU_4	0	0	0	100.00	0	0	0	0	0	0
1428586412591132736	CPU_4	0	0	0	100.00	0	0	0	0	0	0
1428586413307287651	CPU_4	0	0	0	100.00	0	0	0	0	0	0
1428586414025105648	CPU_4	0	0	0	100.00	0	0	0	0	0	0
1428586414755462344	CPU_4	0	0	0	100.00	0	0	0	0	0	0
1428586415472147759	CPU_4	0	0	0	100.00	0	0	0	0	0	0
1428586416197047667	CPU_4	0	0	0	100.00	0	0	0	0	0	0
1428586416911313917	CPU_4	0	0	0	100.00	0	0	0	0	0	0
1428586417626964958	CPU_4	0	0	0	100.00	0	0	0	0	0	0
1428586418351048825	CPU_4	0	0	0	100.00	0	0	0	0	0	0
1428586419066544449	CPU_4	0	0	0	100.00	0	0	0	0	0	0
1428586419799637141	CPU_4	0	0	0	100.00	0	0	0	0	0	0
1428586420515592932	CPU_4	0	0	0	100.00	0	0	0	0	0	0
1428586421229445099	CPU_4	0	0	0	100.00	0	0	0	0	0	0
1428586421955378672	CPU_4	0	0	0	100.00	0	0	0	0	0	0
1428586422674809585	CPU_4	0	0	0	100.00	0	0	0	0	0	0
1428586423401805491	CPU_4	0	0	0	100.00	0	0	0	0	0	0
1428586424115467241	CPU_4	0	0	0	100.00	0	0	0	0	0	0
1428586424835809319	CPU_4	0	0	0	100.00	0	0	0	0	0	0
1428586425562145809	CPU_4	0	0	0	100.00	0	0	0	0	0	0
1428586426280700722	CPU_4	0	0	0	100.00	0	0	0	0	0	0
1428586427004786838	CPU_4	0	0	0	100.00	0	0	0	0	0	0
1428586427722545043	CPU_4	0	0	0	100.00	0	0	0	0	0	0
1428586428437362168	CPU_4	0	0	0	100.00	0	0	0	0	0	0
1428586429162146575	CPU_4	0	0	0	100.00	0	0	0	0	0	0
1428586429878395906	CPU_4	0	0	0	100.00	0	0	0	0	0	0
1428586430605878187	CPU_4	0	0	0	100.00	0	0	0	0	0	0
1428586431322623267	CPU_4	0	0	0	100.00	0	0	0	0	0	0
1428586432039333223	CPU_4	0	0	0	100.00	0	0	0	0	0	0
1428586432766562754	CPU_4	0	0	0	100.00	0	0	0	0	0	0
1428586433482847751	CPU_4	0	0	0	100.00	0	0	0	0	0	0
1428586434213363946	CPU_4	0	0	0	100.00	0	0	0	0	0	0
1428586434928385819	CPU_4	0	0	0	100.00	0	0	0	0	0	0
1428586435644030776	CPU_4	0	0	0	100.00	0	0	0	0	0	0
1428586436372894055	CPU_4	0	0	0	100.00	0	0	0	0	0	0
1428586437088416303	CPU_4	0	0	0	100.00	0	0	0	0	0	0
1428586437817634915	CPU_4	0	0	0	100.00	0	0	0	0	0	0
1428586438532794205	CPU_4	0	0	0	100.00	0	0	0	0	0	0
1428586439250438743	CPU_4	0	0	0	100.00	0	0	0	0	0	0
1428586439974743525	CPU_4	0	0	0	100.00	0	0	0	0	0	0
1428586440694122187	CPU_4	0	0	0	100.00	0	0	0	0	0	0
1428586441420998175	CPU_4	0	0	0	100.00	0	0	0	0	0	0
1428586442138249380	CPU_4	0	0	0	100.00	0	0	0	0	0	0
1428586442858052708	CPU_4	0	0	0	100.00	0	0	0	0	0	0
1428586443579961242	CPU_4	0	0	0	100.00	0	0	0	0	0	0
1428586444296195239	CPU_4	0	0	0	100.00	0	0	0	0	0	0
1428586445024734810	CPU_4	0	0	0	100.00	0	0	0	0	0	0
1428586445739930683	CPU_4	0	0	0	100.00	0	0	0	0	0	0
1428586446467616587	CPU_4	0	0	0	100.00	0	0	0	0	0	0
1428586447187471665	CPU_4	0	0	0	100.00	0	0	0	0	0	0
1428586447902098872	CPU_4	0	0	0	100.00	0	0	0	0	0	0
1428586448628118527	CPU_4	0	0	0	100.00	0	0	0	0	0	0
1428586449346139439	CPU_4	0	0	0	100.00	0	0	0	0	0	0
1428586450070609763	CPU_4	0	0	0	100.00	0	0	0	0	0	0
1428586450792180964	CPU_4	0	0	0	100.00	0	0	0	0	0	0
1428586451507383545	CPU_4	0	0	0	100.00	0	0	0	0	0	0
1428586452237093031	CPU_4	0	0	0	100.00	0	0	0	0	0	0
1428586452953335361	CPU_4	0	0	0	100.00	0	0	0	0	0	0
1428586453687026635	CPU_4	0	0	0	100.00	0	0	0	0	0	0
1428586454404660297	CPU_4	0	0	0	100.00	0	0	0	0	0	0
1428586455121423627	CPU_4	0	0	0	100.00	0	0	0	0	0	0
1428586455850235947	CPU_4	0	0	0	100.00	0	0	0	0	0	0
1428586456564842320	CPU_4	0	0	0	100.00	0	0	0	0	0	0
1428586457298349260	CPU_4	0	0	0	100.00	0	0	0	0	0	0
1428586458015930089	CPU_4	0	0	0	100.00	0	0	0	0	0	0
1428586458733191793	CPU_4	0	0	0	100.00	0	0	0	0	0	0
1428586459460154406	CPU_4	0	0	0	100.00	0	0	0	0	0	0
1428586460177366943	CPU_4	0	0	0	100.00	0	0	0	0	0	0
1428586460909880218	CPU_4	0	0	0	100.00	0	0	0	0	0	0
1428586461628222421	CPU_4	0	0	0	100.00	0	0	0	0	0	0
1428586462346560541	CPU_4	0	0	0	100.00	0	0	0	0	0	0
1428586463072589279	CPU_4	0	0	0	100.00	0	0	0	0	0	0
1428586463806391553	CPU_4	0	0	0	100.00	0	0	0	0	0	0
1428586464568535011	CPU_4	0	0	0	100.00	0	0	0	0	0	0
1428586465294085708	CPU_4	2.73	0	0	97.26	0	0	0	0	0	0
1428586466010928496	CPU_4	0	0	0	100.00	0	0	0	0	0	0
1428586466741229605	CPU_4	0	0	0	100.00	0	0	0	0	0	0
1428586467459412100	CPU_4	0	0	0	100.00	0	0	0	0	0	0
1428586468187201337	CPU_4	0	0	0	100.00	0	0	0	0	0	0
1428586468903900457	CPU_4	0	0	0	100.00	0	0	0	0	0	0
1428586469666814040	CPU_4	0	0	0	100.00	0	0	0	0	0	0
1428586470385898534	CPU_4	0	0	0	100.00	0	0	0	0	0	0
1428586471100924906	CPU_4	0	0	0	100.00	0	0	0	0	0	0
1428586471831480682	CPU_4	0	0	0	100.00	0	0	0	0	0	0
1428586472548972010	CPU_4	0	0	0	100.00	0	0	0	0	0	0
1428586473276077372	CPU_4	1.36	0	0	98.63	0	0	0	0	0	0
1428586473992848201	CPU_4	0	0	0	100.00	0	0	0	0	0	0
1428586474709879779	CPU_4	0	0	0	100.00	0	0	0	0	0	0
1428586475437900432	CPU_4	0	0	0	100.00	0	0	0	0	0	0
1428586476157163883	CPU_4	0	0	0	100.00	0	0	0	0	0	0
1428586476886766035	CPU_4	0	0	0	100.00	0	0	0	0	0	0
1428586477603535488	CPU_4	0	0	0	100.00	0	0	0	0	0	0
1428586478321908441	CPU_4	0	0	0	100.00	0	0	0	0	0	0
1428586479050157551	CPU_4	0	0	0	100.00	0	0	0	0	0	0
1428586479768482254	CPU_4	0	0	0	100.00	0	0	0	0	0	0
1428586480497604114	CPU_4	0	0	0	100.00	0	0	0	0	0	0
1428586481216155691	CPU_4	0	0	0	100.00	0	0	0	0	0	0
1428586481933961143	CPU_4	0	0	0	100.00	0	0	0	0	0	0
1428586482662575045	CPU_4	0	0	0	100.00	0	0	0	0	0	0
1428586483380675122	CPU_4	0	0	0	100.00	0	0	0	0	0	0
1428586484109210274	CPU_4	0	0	0	100.00	0	0	0	0	0	0
1428586484825631936	CPU_4	0	0	0	100.00	0	0	0	0	0	0
1428586485543187930	CPU_4	0	0	0	100.00	0	0	0	0	0	0
1428586486272859789	CPU_4	0	0	0	100.00	0	0	0	0	0	0
1428586486991990907	CPU_4	0	0	0	100.00	0	0	0	0	0	0
1428586487716857395	CPU_4	0	0	0	100.00	0	0	0	0	0	0
1428586488435890680	CPU_4	0	0	0	100.00	0	0	0	0	0	0
1428586489154499382	CPU_4	0	0	0	100.00	0	0	0	0	0	0
1428586489892828109	CPU_4	0	0	0	100.00	0	0	0	0	0	0
1428586490609106895	CPU_4	0	0	0	100.00	0	0	0	0	0	0
1428586491338217796	CPU_4	0	0	0	100.00	0	0	0	0	0	0
1428586492056266998	CPU_4	0	0	0	100.00	0	0	0	0	0	0
1428586492791432686	CPU_4	0	0	0	100.00	0	0	0	0	0	0
1428586493509598388	CPU_4	0	0	0	100.00	0	0	0	0	0	0
1428586494229552255	CPU_4	0	0	0	100.00	0	0	0	0	0	0
1428586494958393114	CPU_4	0	0	0	100.00	0	0	0	0	0	0
1428586495681601812	CPU_4	0	0	0	100.00	0	0	0	0	0	0
1428586496410194713	CPU_4	0	0	0	100.00	0	0	0	0	0	0
1428586497128116081	CPU_4	0	0	0	100.00	0	0	0	0	0	0
1428586497850102613	CPU_4	0	0	0	100.00	0	0	0	0	0	0
1428586498581402637	CPU_4	0	0	0	100.00	0	0	0	0	0	0
1428586499297596882	CPU_4	0	0	0	100.00	0	0	0	0	0	0
1428586500027538073	CPU_4	0	0	0	100.00	0	0	0	0	0	0
1428586500746105608	CPU_4	0	0	0	100.00	0	0	0	0	0	0
1428586501463896518	CPU_4	0	0	0	100.00	0	0	0	0	0	0
1428586502192708794	CPU_4	0	0	0	100.00	0	0	0	0	0	0
1428586502914840742	CPU_4	0	0	0	100.00	0	0	0	0	0	0
1428586503644871475	CPU_4	0	0	0	100.00	0	0	0	0	0	0
1428586504364222925	CPU_4	0	0	0	100.00	0	0	0	0	0	0
1428586505082052251	CPU_4	0	0	0	100.00	0	0	0	0	0	0
1428586505811209652	CPU_4	0	0	0	100.00	0	0	0	0	0	0
1428586506530613769	CPU_4	0	0	0	100.00	0	0	0	0	0	0
1428586507258567837	CPU_4	0	0	0	100.00	0	0	0	0	0	0
1428586507980015618	CPU_4	0	0	0	100.00	0	0	0	0	0	0
1428586508698511569	CPU_4	0	0	0	100.00	0	0	0	0	0	0
1428586509428449177	CPU_4	0	0	0	100.00	0	0	0	0	0	0
1428586510145652629	CPU_4	0	0	0	100.00	0	0	0	0	0	0
1428586510875299653	CPU_4	0	0	0	100.00	0	0	0	0	0	0
1428586511590594482	CPU_4	0	0	0	100.00	0	0	0	0	0	0
1428586512306283893	CPU_4	0	0	0	100.00	0	0	0	0	0	0
1428586513029939589	CPU_4	0	0	0	100.00	0	0	0	0	0	0
1428586513743817418	CPU_4	0	0	0	100.00	0	0	0	0	0	0
1428586514470638320	CPU_4	0	0	0	100.00	0	0	0	0	0	0
1428586515183351484	CPU_4	0	0	0	100.00	0	0	0	0	0	0
1428586515901788809	CPU_4	0	0	0	100.00	0	0	0	0	0	0
1428586516624862631	CPU_4	0	0	0	100.00	0	0	0	0	0	0
1428586517341011375	CPU_4	0	0	0	100.00	0	0	0	0	0	0
1428586518066021403	CPU_4	0	0	0	100.00	0	0	0	0	0	0
1428586518783497104	CPU_4	0	0	0	100.00	0	0	0	0	0	0
1428586519504823135	CPU_4	0	0	0	100.00	0	0	0	0	0	0
1428586520230882538	CPU_4	0	0	0	100.00	0	0	0	0	0	0
1428586520946218616	CPU_4	0	0	0	100.00	0	0	0	0	0	0
1428586521676131015	CPU_4	0	0	0	100.00	0	0	0	0	0	0
1428586522396140880	CPU_4	0	0	0	100.00	0	0	0	0	0	0
1428586523128373236	CPU_4	0	0	0	100.00	0	0	0	0	0	0
1428586523843122855	CPU_4	0	0	0	100.00	0	0	0	0	0	0
1428586524561895430	CPU_4	0	0	0	100.00	0	0	0	0	0	0
1428586525290781288	CPU_4	0	0	0	100.00	0	0	0	0	0	0
1428586526009020697	CPU_4	0	0	0	100.00	0	0	0	0	0	0
1428586526736123306	CPU_4	0	0	0	100.00	0	0	0	0	0	0
1428586527455910922	CPU_4	0	0	0	100.00	0	0	0	0	0	0
1428586528173409414	CPU_4	0	0	0	100.00	0	0	0	0	0	0
1428586528904795228	CPU_4	0	0	0	100.00	0	0	0	0	0	0
1428586529622224304	CPU_4	0	0	0	100.00	0	0	0	0	0	0
1428586530352189994	CPU_4	0	0	0	100.00	0	0	0	0	0	0
1428586531069748903	CPU_4	0	0	0	100.00	0	0	0	0	0	0
1428586531785571813	CPU_4	0	0	0	100.00	0	0	0	0	0	0
1428586532515279712	CPU_4	0	0	0	100.00	0	0	0	0	0	0
1428586533234700869	CPU_4	0	0	0	100.00	0	0	0	0	0	0
1428586533966991015	CPU_4	0	0	0	100.00	0	0	0	0	0	0
1428586534683439967	CPU_4	0	0	0	100.00	0	0	0	0	0	0
1428586535400918334	CPU_4	0	0	0	100.00	0	0	0	0	0	0
1428586536130881690	CPU_4	0	0	0	100.00	0	0	0	0	0	0
1428586536850289472	CPU_4	0	0	0	100.00	0	0	0	0	0	0
1428586537579262871	CPU_4	0	0	0	100.00	0	0	0	0	0	0
1428586538298119612	CPU_4	0	0	0	100.00	0	0	0	0	0	0
1428586539021056433	CPU_4	0	0	0	100.00	0	0	0	0	0	0
1428586539752682663	CPU_4	0	0	0	100.00	0	0	0	0	0	0
1428586540474586068	CPU_4	0	0	0	100.00	0	0	0	0	0	0
1428586541203150550	CPU_4	0	0	0	100.00	0	0	0	0	0	0
1428586541923506040	CPU_4	0	0	0	100.00	0	0	0	0	0	0
1428586542660314932	CPU_4	0	0	0	100.00	0	0	0	0	0	0
1428586543378018424	CPU_4	0	0	0	100.00	0	0	0	0	0	0
1428586544100764203	CPU_4	0	0	0	100.00	0	0	0	0	0	0
1428586544829928184	CPU_4	0	0	0	100.00	0	0	0	0	0	0
1428586545551521214	CPU_4	0	0	0	100.00	0	0	0	0	0	0
1428586546277514032	CPU_4	0	0	0	100.00	0	0	0	0	0	0
1428586546997023730	CPU_4	0	0	0	100.00	0	0	0	0	0	0
1428586547715204221	CPU_4	0	0	0	100.00	0	0	0	0	0	0
1428586548447131951	CPU_4	0	0	0	100.00	0	0	0	0	0	0
1428586549163742693	CPU_4	0	0	0	100.00	0	0	0	0	0	0
1428586549892368758	CPU_4	0	0	0	100.00	0	0	0	0	0	0
1428586550612951705	CPU_4	0	0	0	100.00	0	0	0	0	0	0
1428586551328055240	CPU_4	0	0	0	100.00	0	0	0	0	0	0
1428586552058490137	CPU_4	0	0	0	100.00	0	0	0	0	0	0
1428586552777093919	CPU_4	0	0	0	100.00	0	0	0	0	0	0
1428586553507991024	CPU_4	0	0	0	100.00	0	0	0	0	0	0
1428586554223401101	CPU_4	0	0	0	100.00	0	0	0	0	0	0
1428586554951415083	CPU_4	0	0	0	100.00	0	0	0	0	0	0
1428586555679610190	CPU_4	0	0	0	100.00	0	0	0	0	0	0
1428586556400417429	CPU_4	0	0	0	100.00	0	0	0	0	0	0
1428586557127416578	CPU_4	0	0	0	100.00	0	0	0	0	0	0
1428586557846400860	CPU_4	0	0	0	100.00	0	0	0	0	0	0
1428586558564937267	CPU_4	0	0	0	100.00	0	0	0	0	0	0
1428586559294335206	CPU_4	0	0	0	100.00	0	0	0	0	0	0
1428586560063810904	CPU_4	0	0	0	100.00	0	0	0	0	0	0
1428586560791264595	CPU_4	0	0	0	100.00	0	0	0	0	0	0
1428586561510333251	CPU_4	0	0	0	100.00	0	0	0	0	0	0
1428586562240942773	CPU_4	0	0	0	100.00	0	0	0	0	0	0
1428586562962637218	CPU_4	0	0	0	100.00	0	0	0	0	0	0
1428586563682704832	CPU_4	0	0	0	100.00	0	0	0	0	0	0
1428586564413172145	CPU_4	0	0	0	100.00	0	0	0	0	0	0
1428586565133870550	CPU_4	0	0	0	100.00	0	0	0	0	0	0
1428586565864679363	CPU_4	0	0	0	100.00	0	0	0	0	0	0
1428586566584144268	CPU_4	0	0	0	100.00	0	0	0	0	0	0
1428586567302397217	CPU_4	0	0	0	100.00	0	0	0	0	0	0
1428586568033548362	CPU_4	0	0	0	100.00	0	0	0	0	0	0
1428586568752239519	CPU_4	0	0	0	100.00	0	0	0	0	0	0
1428586569483207706	CPU_4	0	0	0	100.00	0	0	0	0	0	0
1428586570202511487	CPU_4	0	0	0	100.00	0	0	0	0	0	0
1428586570941945251	CPU_4	0	0	0	100.00	0	0	0	0	0	0
1428586571664725112	CPU_4	0	0	0	100.00	0	0	0	0	0	0
1428586572383377351	CPU_4	0	0	0	100.00	0	0	0	0	0	0
1428586573114976163	CPU_4	0	0	0	100.00	0	0	0	0	0	0
1428586573835056401	CPU_4	0	0	0	100.00	0	0	0	0	0	0
1428586574572885666	CPU_4	0	0	0	100.00	0	0	0	0	0	0
1428586575290684531	CPU_4	0	0	0	100.00	0	0	0	0	0	0
1428586576012442976	CPU_4	0	0	0	100.00	0	0	0	0	0	0
1428586576744086121	CPU_4	0	0	0	100.00	0	0	0	0	0	0
1428586577464478484	CPU_4	0	0	0	100.00	0	0	0	0	0	0
1428586578194313380	CPU_4	0	0	0	100.00	0	0	0	0	0	0
1428586578913882785	CPU_4	0	0	0	100.00	0	0	0	0	0	0
1428586579635669689	CPU_4	0	0	0	100.00	0	0	0	0	0	0
1428586580369940498	CPU_4	0	0	0	100.00	0	0	0	0	0	0
1428586581092845733	CPU_4	0	0	0	100.00	0	0	0	0	0	0
1428586581821954755	CPU_4	0	0	0	100.00	0	0	0	0	0	0
1428586582544422533	CPU_4	0	0	0	100.00	0	0	0	0	0	0
1428586583281407715	CPU_4	0	0	0	100.00	0	0	0	0	0	0
1428586584006207532	CPU_4	0	0	0	100.00	0	0	0	0	0	0
1428586584731577015	CPU_4	2.77	0	0	97.22	0	0	0	0	0	0
1428586585466222157	CPU_4	0	0	0	100.00	0	0	0	0	0	0
1428586586187837477	CPU_4	0	0	0	100.00	0	0	0	0	0	0
1428586586916845082	CPU_4	0	0	0	100.00	0	0	0	0	0	0
1428586587637636694	CPU_4	0	0	0	100.00	0	0	0	0	0	0
1428586588357783265	CPU_4	0	0	0	100.00	0	0	0	0	0	0
1428586589112713682	CPU_4	0	0	0	100.00	0	0	0	0	0	0
1428586589838491123	CPU_4	0	0	0	100.00	0	0	0	0	0	0
1428586590573525931	CPU_4	0	0	0	100.00	0	0	0	0	0	0
1428586591292615044	CPU_4	0	0	0	100.00	0	0	0	0	0	0
1428586592012892364	CPU_4	0	0	0	100.00	0	0	0	0	0	0
1428586592740291012	CPU_4	0	0	0	100.00	0	0	0	0	0	0
1428586593459413334	CPU_4	0	0	0	100.00	0	0	0	0	0	0
1428586594191295644	CPU_4	0	0	0	100.00	0	0	0	0	0	0
1428586594914231838	CPU_4	0	0	0	100.00	0	0	0	0	0	0
1428586595650054353	CPU_4	0	0	0	100.00	0	0	0	0	0	0
1428586596370142090	CPU_4	0	0	0	100.00	0	0	0	0	0	0
1428586597091211285	CPU_4	0	0	0	100.00	0	0	0	0	0	0
1428586597820056140	CPU_4	0	0	0	100.00	0	0	0	0	0	0
1428586598539479752	CPU_4	0	0	0	100.00	0	0	0	0	0	0
1428586599270678980	CPU_4	0	0	0	100.00	0	0	0	0	0	0
1428586599993223507	CPU_4	0	0	0	100.00	0	0	0	0	0	0
1428586600716871699	CPU_4	0	0	0	100.00	0	0	0	0	0	0
1428586601444985054	CPU_4	0	0	0	100.00	0	0	0	0	0	0
1428586602166242415	CPU_4	0	0	0	100.00	0	0	0	0	0	0
1428586602897451184	CPU_4	0	0	0	100.00	0	0	0	0	0	0
1428586603618785962	CPU_4	0	0	0	100.00	0	0	0	0	0	0
1428586604337016533	CPU_4	0	0	0	100.00	0	0	0	0	0	0
1428586605068013844	CPU_4	0	0	0	100.00	0	0	0	0	0	0
1428586605793856493	CPU_4	0	0	0	100.00	0	0	0	0	0	0
1428586606525367137	CPU_4	0	0	0	100.00	0	0	0	0	0	0
1428586607244066958	CPU_4	0	0	0	100.00	0	0	0	0	0	0
1428586607965582235	CPU_4	0	0	0	100.00	0	0	0	0	0	0
1428586608696195671	CPU_4	0	0	0	100.00	0	0	0	0	0	0
1428586609415877949	CPU_4	0	0	0	100.00	0	0	0	0	0	0
1428586610145557803	CPU_4	0	0	0	100.00	0	0	0	0	0	0
1428586610864809123	CPU_4	0	0	0	100.00	0	0	0	0	0	0
1428586611599468098	CPU_4	0	0	0	100.00	0	0	0	0	0	0
1428586612319480917	CPU_4	0	0	0	100.00	0	0	0	0	0	0
1428586613039075904	CPU_4	0	0	0	100.00	0	0	0	0	0	0
1428586613771417464	CPU_4	0	0	0	100.00	0	0	0	0	0	0
1428586614494090906	CPU_4	0	0	0	100.00	0	0	0	0	0	0
1428586615225672049	CPU_4	0	0	0	100.00	0	0	0	0	0	0
1428586615945436119	CPU_4	0	0	0	100.00	0	0	0	0	0	0
1428586616668478311	CPU_4	0	0	0	100.00	0	0	0	0	0	0
1428586617401194162	CPU_4	0	0	0	100.00	0	0	0	0	0	0
1428586618122923647	CPU_4	0	0	0	100.00	0	0	0	0	0	0
1428586618852635750	CPU_4	0	0	0	100.00	0	0	0	0	0	0
1428586619575328692	CPU_4	0	0	0	100.00	0	0	0	0	0	0
1428586620299244133	CPU_4	0	0	0	100.00	0	0	0	0	0	0
1428586621029810569	CPU_4	0	0	0	100.00	0	0	0	0	0	0
1428586621754638926	CPU_4	0	0	0	100.00	0	0	0	0	0	0
1428586622490749315	CPU_4	0	0	0	100.00	0	0	0	0	0	0
1428586623212844049	CPU_4	0	0	0	100.00	0	0	0	0	0	0
1428586623944185526	CPU_4	0	0	0	100.00	0	0	0	0	0	0
1428586624665899677	CPU_4	0	0	0	100.00	0	0	0	0	0	0
1428586625387663953	CPU_4	0	0	0	100.00	0	0	0	0	0	0
1428586626122575426	CPU_4	0	0	0	100.00	0	0	0	0	0	0
1428586626843919578	CPU_4	0	0	0	100.00	0	0	0	0	0	0
1428586627573557222	CPU_4	0	0	0	100.00	0	0	0	0	0	0
1428586628295442998	CPU_4	0	0	0	100.00	0	0	0	0	0	0
1428586629017529690	CPU_4	0	0	0	100.00	0	0	0	0	0	0
1428586629753013580	CPU_4	0	0	0	100.00	0	0	0	0	0	0
1428586630472402774	CPU_4	0	0	0	100.00	0	0	0	0	0	0
1428586631204183000	CPU_4	0	0	0	100.00	0	0	0	0	0	0
1428586631929960231	CPU_4	0	0	0	100.00	0	0	0	0	0	0
1428586632656185211	CPU_4	0	0	0	100.00	0	0	0	0	0	0
1428586633383493191	CPU_4	0	0	0	100.00	0	0	0	0	0	0
1428586634105416133	CPU_4	0	0	0	100.00	0	0	0	0	0	0
1428586634837564358	CPU_4	0	0	0	100.00	0	0	0	0	0	0
1428586635559085009	CPU_4	0	0	0	100.00	0	0	0	0	0	0
1428586636291402609	CPU_4	0	0	0	100.00	0	0	0	0	0	0
1428586637012370427	CPU_4	0	0	0	100.00	0	0	0	0	0	0
1428586637736295659	CPU_4	0	0	0	100.00	0	0	0	0	0	0
1428586638466238178	CPU_4	0	0	0	100.00	0	0	0	0	0	0
1428586639186271413	CPU_4	0	0	0	100.00	0	0	0	0	0	0
1428586639918011805	CPU_4	0	0	0	100.00	0	0	0	0	0	0
1428586640643248994	CPU_4	0	0	0	100.00	0	0	0	0	0	0
1428586641364484520	CPU_4	0	0	0	100.00	0	0	0	0	0	0
1428586642094427747	CPU_4	0	0	0	100.00	0	0	0	0	0	0
1428586642817213730	CPU_4	0	0	0	100.00	0	0	0	0	0	0
1428586643549821787	CPU_4	0	0	0	100.00	0	0	0	0	0	0
1428586644271205396	CPU_4	0	0	0	100.00	0	0	0	0	0	0
1428586644992069506	CPU_4	0	0	0	100.00	0	0	0	0	0	0
1428586645732878307	CPU_4	0	0	0	100.00	0	0	0	0	0	0
1428586646454683998	CPU_4	0	0	0	100.00	0	0	0	0	0	0
1428586647188455513	CPU_4	0	0	0	100.00	0	0	0	0	0	0
1428586647915734784	CPU_4	2.77	0	9.72	87.50	0	0	0	0	0	0
1428586648650188882	CPU_4	0	0	0	100.00	0	0	0	0	0	0
1428586649372825781	CPU_4	0	0	0	100.00	0	0	0	0	0	0
1428586650094386473	CPU_4	0	0	0	100.00	0	0	0	0	0	0
1428586650829377028	CPU_4	0	0	0	100.00	0	0	0	0	0	0
1428586651549012513	CPU_4	0	0	0	100.00	0	0	0	0	0	0
1428586652282807445	CPU_4	0	0	0	100.00	0	0	0	0	0	0
1428586653006572926	CPU_4	0	0	0	100.00	0	0	0	0	0	0
1428586653742186065	CPU_4	0	0	0	100.00	0	0	0	0	0	0
1428586654463035465	CPU_4	0	0	0	100.00	0	0	0	0	0	0
1428586655187290029	CPU_4	0	0	0	100.00	0	0	0	0	0	0
1428586655919623920	CPU_4	0	0	0	100.00	0	0	0	0	0	0
1428586656643361318	CPU_4	0	0	0	100.00	0	0	0	0	0	0
1428586657374624002	CPU_4	0	0	0	100.00	0	0	0	0	0	0
1428586658104478520	CPU_4	0	0	0	100.00	0	0	0	0	0	0
1428586658826597919	CPU_4	0	0	1.36	98.63	0	0	0	0	0	0
1428586659560634350	CPU_4	0	0	0	100.00	0	0	0	0	0	0
1428586660281705458	CPU_4	0	0	0	100.00	0	0	0	0	0	0
1428586661015533598	CPU_4	0	0	0	100.00	0	0	0	0	0	0
1428586661739215746	CPU_4	0	0	0	100.00	0	0	0	0	0	0
1428586662465252683	CPU_4	0	0	0	100.00	0	0	0	0	0	0
1428586663194779659	CPU_4	0	0	0	100.00	0	0	0	0	0	0
1428586663919106681	CPU_4	0	0	0	100.00	0	0	0	0	0	0
1428586664653856612	CPU_4	0	0	0	100.00	0	0	0	0	0	0
1428586665379324591	CPU_4	0	0	0	100.00	0	0	0	0	0	0
1428586666112406939	CPU_4	0	0	0	100.00	0	0	0	0	0	0
1428586666837887627	CPU_4	0	0	0	100.00	0	0	0	0	0	0
1428586667561172483	CPU_4	0	0	0	100.00	0	0	0	0	0	0
1428586668295740455	CPU_4	0	0	0	100.00	0	0	0	0	0	0
1428586669020721060	CPU_4	0	0	0	100.00	0	0	0	0	0	0
1428586669755057115	CPU_4	0	0	0	100.00	0	0	0	0	0	0
1428586670478495805	CPU_4	0	0	0	100.00	0	0	0	0	0	0
1428586671205391241	CPU_4	0	0	0	100.00	0	0	0	0	0	0
1428586671939152838	CPU_4	0	0	0	100.00	0	0	0	0	0	0
1428586672664058485	CPU_4	0	0	0	100.00	0	0	0	0	0	0
1428586673400465330	CPU_4	0	0	0	100.00	0	0	0	0	0	0
1428586674127602099	CPU_4	0	0	0	100.00	0	0	0	0	0	0
1428586674863248320	CPU_4	0	0	0	100.00	0	0	0	0	0	0
1428586675585491010	CPU_4	0	0	0	100.00	0	0	0	0	0	0
1428586676310144948	CPU_4	0	0	0	100.00	0	0	0	0	0	0
1428586677045256960	CPU_4	0	0	0	100.00	0	0	0	0	0	0
1428586677770254648	CPU_4	0	0	0	100.00	0	0	0	0	0	0
1428586678503474037	CPU_4	0	0	0	100.00	0	0	0	0	0	0
1428586679229740599	CPU_4	0	0	0	100.00	0	0	0	0	0	0
1428586679958573742	CPU_4	0	0	0	100.00	0	0	0	0	0	0
1428586680693979212	CPU_4	0	0	0	100.00	0	0	0	0	0	0
1428586681421442148	CPU_4	0	0	0	100.00	0	0	0	0	0	0
1428586682154776286	CPU_4	0	0	0	100.00	0	0	0	0	0	0
1428586682881733514	CPU_4	0	0	0	100.00	0	0	0	0	0	0
1428586683618492942	CPU_4	0	0	0	100.00	0	0	0	0	0	0
1428586684346873335	CPU_4	0	0	0	100.00	0	0	0	0	0	0
1428586685069230232	CPU_4	0	0	0	100.00	0	0	0	0	0	0
1428586685805314661	CPU_4	0	0	0	100.00	0	0	0	0	0	0
1428586686529498807	CPU_4	0	0	0	100.00	0	0	0	0	0	0
1428586687266273151	CPU_4	0	0	0	100.00	0	0	0	0	0	0
1428586687987789549	CPU_4	0	0	0	100.00	0	0	0	0	0	0
1428586688727802391	CPU_4	0	0	0	100.00	0	0	0	0	0	0
1428586689455608992	CPU_4	0	0	0	100.00	0	0	0	0	0	0
1428586690181656970	CPU_4	0	0	0	100.00	0	0	0	0	0	0
1428586690916833399	CPU_4	0	0	0	100.00	0	0	0	0	0	0
1428586691641129003	CPU_4	0	0	0	100.00	0	0	0	0	0	0
1428586692379437929	CPU_4	0	0	0	100.00	0	0	0	0	0	0
1428586693104930282	CPU_4	0	0	0	100.00	0	0	0	0	0	0
1428586693831545010	CPU_4	0	0	0	100.00	0	0	0	0	0	0
1428586694564439940	CPU_4	0	0	0	100.00	0	0	0	0	0	0
1428586695292396124	CPU_4	0	0	0	100.00	0	0	0	0	0	0
1428586696027936803	CPU_4	0	0	0	100.00	0	0	0	0	0	0
1428586696754392405	CPU_4	0	0	0	100.00	0	0	0	0	0	0
1428586697490420374	CPU_4	0	0	0	100.00	0	0	0	0	0	0
1428586698214871311	CPU_4	0	0	0	100.00	0	0	0	0	0	0
1428586698941196247	CPU_4	0	0	0	100.00	0	0	0	0	0	0
1428586699676682008	CPU_4	0	0	0	100.00	0	0	0	0	0	0
1428586700400705571	CPU_4	0	0	0	100.00	0	0	0	0	0	0
1428586701134644333	CPU_4	0	0	0	100.00	0	0	0	0	0	0
1428586701861604393	CPU_4	0	0	0	100.00	0	0	0	0	0	0
1428586702585324331	CPU_4	0	0	0	100.00	0	0	0	0	0	0
1428586703322866340	CPU_4	0	0	0	100.00	0	0	0	0	0	0
1428586704050677066	CPU_4	0	0	0	100.00	0	0	0	0	0	0
1428586704801827856	CPU_4	2.63	0	0	97.36	0	0	0	0	0	0
1428586705525956960	CPU_4	0	0	0	100.00	0	0	0	0	0	0
1428586706262570303	CPU_4	0	0	0	100.00	0	0	0	0	0	0
1428586706985380575	CPU_4	0	0	0	100.00	0	0	0	0	0	0
1428586707713071342	CPU_4	0	0	0	100.00	0	0	0	0	0	0
1428586708448752228	CPU_4	0	0	0	100.00	0	0	0	0	0	0
1428586709173013665	CPU_4	0	0	0	100.00	0	0	0	0	0	0
1428586709907581760	CPU_4	0	0	0	100.00	0	0	0	0	0	0
1428586710633067112	CPU_4	0	0	0	100.00	0	0	0	0	0	0
1428586711372064829	CPU_4	0	0	0	100.00	0	0	0	0	0	0
1428586712099232013	CPU_4	0	0	0	100.00	0	0	0	0	0	0
1428586712828189196	CPU_4	0	0	0	100.00	0	0	0	0	0	0
1428586713563085832	CPU_4	0	0	0	100.00	0	0	0	0	0	0
1428586714287945351	CPU_4	0	0	0	100.00	0	0	0	0	0	0
1428586715024543444	CPU_4	0	0	0	100.00	0	0	0	0	0	0
1428586715748292006	CPU_4	0	0	0	100.00	0	0	0	0	0	0
1428586716474181608	CPU_4	0	0	0	100.00	0	0	0	0	0	0
1428586717207962079	CPU_4	0	0	0	100.00	0	0	0	0	0	0
1428586717935446179	CPU_4	0	0	0	100.00	0	0	0	0	0	0
1428586718671382106	CPU_4	0	0	0	100.00	0	0	0	0	0	0
1428586719397033958	CPU_4	0	0	0	100.00	0	0	0	0	0	0
1428586720134723091	CPU_4	0	0	0	100.00	0	0	0	0	0	0
1428586720865757689	CPU_4	0	0	0	100.00	0	0	0	0	0	0
1428586721591094291	CPU_4	0	0	0	100.00	0	0	0	0	0	0
1428586722330512465	CPU_4	0	0	0	100.00	0	0	0	0	0	0
1428586723053104111	CPU_4	0	0	0	100.00	0	0	0	0	0	0
1428586723790568203	CPU_4	0	0	0	100.00	0	0	0	0	0	0
1428586724518050719	CPU_4	0	0	0	100.00	0	0	0	0	0	0
1428586725244660029	CPU_4	0	0	0	100.00	0	0	0	0	0	0
1428586725982255162	CPU_4	0	0	0	100.00	0	0	0	0	0	0
1428586726708070222	CPU_4	0	0	0	100.00	0	0	0	0	0	0
1428586727445380480	CPU_4	0	0	0	100.00	0	0	0	0	0	0
1428586728171180832	CPU_4	0	0	0	100.00	0	0	0	0	0	0
1428586728909698381	CPU_4	0	0	0	100.00	0	0	0	0	0	0
1428586729635848065	CPU_4	0	0	0	100.00	0	0	0	0	0	0
1428586730363575082	CPU_4	0	0	0	100.00	0	0	0	0	0	0
1428586731101226840	CPU_4	0	0	0	100.00	0	0	0	0	0	0
1428586731829419481	CPU_4	0	0	0	100.00	0	0	0	0	0	0
1428586732563239325	CPU_4	0	0	0	100.00	0	0	0	0	0	0
1428586733289251302	CPU_4	0	0	0	100.00	0	0	0	0	0	0
1428586734027562101	CPU_4	0	0	0	100.00	0	0	0	0	0	0
1428586734753767076	CPU_4	0	0	0	100.00	0	0	0	0	0	0
1428586735479025636	CPU_4	0	0	0	100.00	0	0	0	0	0	0
1428586736214347146	CPU_4	0	0	0	100.00	0	0	0	0	0	0
1428586736943380411	CPU_4	0	0	0	100.00	0	0	0	0	0	0
1428586737681705627	CPU_4	0	0	0	100.00	0	0	0	0	0	0
1428586738408554685	CPU_4	0	0	0	100.00	0	0	0	0	0	0
1428586739133226204	CPU_4	0	0	0	100.00	0	0	0	0	0	0
1428586739871848544	CPU_4	0	0	0	100.00	0	0	0	0	0	0
1428586740597045604	CPU_4	0	0	0	100.00	0	0	0	0	0	0
1428586741336023444	CPU_4	0	0	0	100.00	0	0	0	0	0	0
1428586742059576838	CPU_4	0	0	0	100.00	0	0	0	0	0	0
1428586742798159595	CPU_4	0	0	0	100.00	0	0	0	0	0	0
1428586743524577237	CPU_4	0	0	0	100.00	0	0	0	0	0	0
1428586744251308253	CPU_4	0	0	0	100.00	0	0	0	0	0	0
1428586744989705344	CPU_4	0	0	0	100.00	0	0	0	0	0	0
1428586745716595693	CPU_4	0	0	0	100.00	0	0	0	0	0	0
1428586746453095202	CPU_4	0	0	0	100.00	0	0	0	0	0	0
1428586747180999051	CPU_4	0	0	0	100.00	0	0	0	0	0	0
1428586747920212223	CPU_4	0	0	0	100.00	0	0	0	0	0	0
1428586748649667404	CPU_4	0	0	0	100.00	0	0	0	0	0	0
1428586749376596420	CPU_4	0	0	0	100.00	0	0	0	0	0	0
1428586750114059386	CPU_4	0	0	0	100.00	0	0	0	0	0	0
1428586750841162110	CPU_4	0	0	0	100.00	0	0	0	0	0	0
1428586751575956912	CPU_4	0	0	0	100.00	0	0	0	0	0	0
1428586752302290637	CPU_4	0	0	0	100.00	0	0	0	0	0	0
1428586753029655236	CPU_4	0	0	0	100.00	0	0	0	0	0	0
1428586753765991244	CPU_4	0	0	0	100.00	0	0	0	0	0	0
1428586754491933636	CPU_4	0	0	0	100.00	0	0	0	0	0	0
1428586755229979392	CPU_4	0	0	0	100.00	0	0	0	0	0	0
1428586755958028991	CPU_4	0	0	0	100.00	0	0	0	0	0	0
1428586756694729207	CPU_4	0	0	0	100.00	0	0	0	0	0	0
1428586757424506304	CPU_4	0	0	0	100.00	0	0	0	0	0	0
1428586758147503573	CPU_4	0	0	0	100.00	0	0	0	0	0	0
1428586758887900077	CPU_4	0	0	0	100.00	0	0	0	0	0	0
1428586759613489803	CPU_4	0	0	0	100.00	0	0	0	0	0	0
1428586760352737350	CPU_4	0	0	0	100.00	0	0	0	0	0	0
1428586761075897369	CPU_4	0	0	0	100.00	0	0	0	0	0	0
1428586761817421664	CPU_4	0	0	0	100.00	0	0	0	0	0	0
1428586762548569468	CPU_4	0	0	0	100.00	0	0	0	0	0	0
1428586763276079399	CPU_4	0	0	0	100.00	0	0	0	0	0	0
1428586764014757864	CPU_4	0	0	0	100.00	0	0	0	0	0	0
1428586764743369836	CPU_4	0	0	0	100.00	0	0	0	0	0	0
1428586765481545884	CPU_4	0	0	0	100.00	0	0	0	0	0	0
1428586766209678898	CPU_4	0	0	0	100.00	0	0	0	0	0	0
1428586766937848079	CPU_4	0	0	0	100.00	0	0	0	0	0	0
1428586767676478668	CPU_4	0	0	0	100.00	0	0	0	0	0	0
1428586768403231476	CPU_4	0	0	0	100.00	0	0	0	0	0	0
1428586769141162565	CPU_4	0	0	0	100.00	0	0	0	0	0	0
1428586769868884538	CPU_4	0	0	0	100.00	0	0	0	0	0	0
1428586770607676377	CPU_4	0	0	0	100.00	0	0	0	0	0	0
1428586771332616310	CPU_4	0	0	0	100.00	0	0	0	0	0	0
1428586772061798865	CPU_4	0	0	0	100.00	0	0	0	0	0	0
1428586772798930330	CPU_4	0	0	0	100.00	0	0	0	0	0	0
1428586773526926386	CPU_4	0	0	0	100.00	0	0	0	0	0	0
1428586774262510603	CPU_4	0	0	0	100.00	0	0	0	0	0	0
1428586774992974282	CPU_4	0	0	0	100.00	0	0	0	0	0	0
1428586775738186490	CPU_4	0	0	0	100.00	0	0	0	0	0	0
1428586776466260837	CPU_4	0	0	0	100.00	0	0	0	0	0	0
1428586777193288394	CPU_4	0	0	0	100.00	0	0	0	0	0	0
1428586777932058774	CPU_4	0	0	0	100.00	0	0	0	0	0	0
1428586778658216789	CPU_4	0	0	0	100.00	0	0	0	0	0	0
1428586779397536419	CPU_4	0	0	0	100.00	0	0	0	0	0	0
1428586780124477934	CPU_4	0	0	0	100.00	0	0	0	0	0	0
1428586780853462280	CPU_4	0	0	0	100.00	0	0	0	0	0	0
1428586781589837246	CPU_4	0	0	0	100.00	0	0	0	0	0	0
1428586782316588594	CPU_4	0	0	0	100.00	0	0	0	0	0	0
1428586783055728807	CPU_4	0	0	0	100.00	0	0	0	0	0	0
1428586783785174569	CPU_4	0	0	0	100.00	0	0	0	0	0	0
1428586784522490534	CPU_4	0	0	0	100.00	0	0	0	0	0	0
1428586785249424507	CPU_4	0	0	0	100.00	0	0	0	0	0	0
1428586785979264852	CPU_4	0	0	0	100.00	0	0	0	0	0	0
1428586786717305149	CPU_4	0	0	0	100.00	0	0	0	0	0	0
1428586787441494916	CPU_4	0	0	0	100.00	0	0	0	0	0	0
1428586788179106963	CPU_4	0	0	0	100.00	0	0	0	0	0	0
1428586788907909143	CPU_4	0	0	0	100.00	0	0	0	0	0	0
1428586789649446353	CPU_4	0	0	0	100.00	0	0	0	0	0	0
1428586790374091537	CPU_4	0	0	0	100.00	0	0	0	0	0	0
1428586791102783174	CPU_4	0	0	0	100.00	0	0	0	0	0	0
1428586791840279805	CPU_4	0	0	0	100.00	0	0	0	0	0	0
1428586792568325110	CPU_4	0	0	0	100.00	0	0	0	0	0	0
1428586793307060698	CPU_4	0	0	0	100.00	0	0	0	0	0	0
1428586794032853588	CPU_4	0	0	0	100.00	0	0	0	0	0	0
1428586794774936215	CPU_4	0	0	0	100.00	0	0	0	0	0	0
1428586795504814476	CPU_4	0	0	0	100.00	0	0	0	0	0	0
1428586796232449698	CPU_4	0	0	0	100.00	0	0	0	0	0	0
1428586796971001119	CPU_4	0	0	0	100.00	0	0	0	0	0	0
1428586797700961089	CPU_4	0	0	0	100.00	0	0	0	0	0	0
1428586798440924051	CPU_4	0	0	0	100.00	0	0	0	0	0	0
1428586799167084441	CPU_4	0	0	0	100.00	0	0	0	0	0	0
1428586799896901494	CPU_4	0	0	0	100.00	0	0	0	0	0	0
1428586800632135626	CPU_4	0	0	0	100.00	0	0	0	0	0	0
1428586801359946389	CPU_4	0	0	0	100.00	0	0	0	0	0	0
1428586802097829602	CPU_4	0	0	0	100.00	0	0	0	0	0	0
1428586802825620740	CPU_4	0	0	0	100.00	0	0	0	0	0	0
1428586803561886663	CPU_4	0	0	0	100.00	0	0	0	0	0	0
1428586804289942551	CPU_4	0	0	0	100.00	0	0	0	0	0	0
1428586805021501811	CPU_4	0	0	0	100.00	0	0	0	0	0	0
1428586805760878523	CPU_4	0	0	0	100.00	0	0	0	0	0	0
1428586806491532117	CPU_4	0	0	0	100.00	0	0	0	0	0	0
1428586807228526788	CPU_4	0	0	0	100.00	0	0	0	0	0	0
1428586807957447676	CPU_4	0	0	0	100.00	0	0	0	0	0	0
1428586808695711305	CPU_4	0	0	0	100.00	0	0	0	0	0	0
1428586809423743859	CPU_4	0	0	0	100.00	0	0	0	0	0	0
1428586810155536244	CPU_4	0	0	0	100.00	0	0	0	0	0	0
1428586810892535790	CPU_4	0	0	0	100.00	0	0	0	0	0	0
1428586811621195719	CPU_4	0	0	0	100.00	0	0	0	0	0	0
1428586812360386972	CPU_4	0	0	0	100.00	0	0	0	0	0	0
1428586813093184939	CPU_4	0	0	0	100.00	0	0	0	0	0	0
1428586813829101195	CPU_4	0	0	0	100.00	0	0	0	0	0	0
1428586814557680624	CPU_4	0	0	0	100.00	0	0	0	0	0	0
1428586815288460176	CPU_4	0	0	0	100.00	0	0	0	0	0	0
1428586816028293303	CPU_4	0	0	0	100.00	0	0	0	0	0	0
1428586816755133941	CPU_4	0	0	0	100.00	0	0	0	0	0	0
