#Timestamp	CPU_ID	user%	nice%	sys%	idle%	iowait%	irq%	softiq%	steal%	guest%	guest_nice%
1428621147773101828	CPU_0	5.45	0	10.90	83.63	0	0	0	0	0	0
1428621148388004807	CPU_0	0	0	0	100.00	0	0	0	0	0	0
1428621149004106118	CPU_0	0	0	0	100.00	0	0	0	0	0	0
1428621149619288305	CPU_0	8.19	0	4.91	85.24	0	1.63	0	0	0	0
1428621150242438270	CPU_0	0	0	0	100.00	0	0	0	0	0	0
1428621150858924621	CPU_0	0	0	0	98.36	0	1.63	0	0	0	0
1428621151476066763	CPU_0	0	0	0	100.00	0	0	0	0	0	0
1428621152092929072	CPU_0	0	0	1.61	96.77	0	1.61	0	0	0	0
1428621152711289712	CPU_0	0	0	0	92.30	0	7.69	0	0	0	0
1428621153335744549	CPU_0	1.63	0	0	98.36	0	0	0	0	0	0
1428621153953937397	CPU_0	0	0	1.63	98.36	0	0	0	0	0	0
1428621154572283746	CPU_0	0	0	3.22	96.77	0	0	0	0	0	0
1428621155187892932	CPU_0	0	0	0	100.00	0	0	0	0	0	0
1428621155810638981	CPU_0	0	0	1.61	98.38	0	0	0	0	0	0
1428621156426800583	CPU_0	0	0	1.66	98.33	0	0	0	0	0	0
1428621157043553809	CPU_0	0	0	0	100.00	0	0	0	0	0	0
1428621157660445702	CPU_0	0	0	1.63	98.36	0	0	0	0	0	0
1428621158278251926	CPU_0	0	0	0	100.00	0	0	0	0	0	0
1428621158901796764	CPU_0	0	0	0	89.55	0	0	10.44	0	0	0
1428621159518856990	CPU_0	0	0	1.63	98.36	0	0	0	0	0	0
1428621160136147590	CPU_0	0	0	1.61	96.77	0	1.61	0	0	0	0
1428621160753288733	CPU_0	0	0	0	95.23	0	4.76	0	0	0	0
1428621161380190815	CPU_0	0	0	1.61	98.38	0	0	0	0	0	0
1428621161997970914	CPU_0	0	0	1.63	98.36	0	0	0	0	0	0
1428621162615844222	CPU_0	0	0	0	100.00	0	0	0	0	0	0
1428621163232694531	CPU_0	0	0	1.63	98.36	0	0	0	0	0	0
1428621163851338379	CPU_0	0	0	0	100.00	0	0	0	0	0	0
1428621164475302092	CPU_0	0	0	0	100.00	0	0	0	0	0	0
1428621165093775898	CPU_0	0	0	1.66	98.33	0	0	0	0	0	0
1428621165711644289	CPU_0	0	0	0	98.36	0	1.63	0	0	0	0
1428621166330525637	CPU_0	0	0	1.63	96.72	1.63	0	0	0	0	0
1428621166954432350	CPU_0	0	0	1.58	96.82	0	1.58	0	0	0	0
1428621167576709607	CPU_0	0	0	1.63	98.36	0	0	0	0	0	0
1428621168194540248	CPU_0	0	0	0	96.77	0	3.22	0	0	0	0
1428621168814304636	CPU_0	0	0	0	100.00	0	0	0	0	0	0
1428621169432062110	CPU_0	0	0	1.63	98.36	0	0	0	0	0	0
1428621170057280529	CPU_0	0	0	0	100.00	0	0	0	0	0	0
1428621170675726419	CPU_0	0	0	1.47	86.76	0	11.76	0	0	0	0
1428621171295116308	CPU_0	0	0	0	100.00	0	0	0	0	0	0
1428621171913532906	CPU_0	0	0	0	100.00	0	0	0	0	0	0
1428621172534528124	CPU_0	0	0	1.63	98.36	0	0	0	0	0	0
1428621173157616881	CPU_0	0	0	0	100.00	0	0	0	0	0	0
1428621173776507895	CPU_0	0	0	0	100.00	0	0	0	0	0	0
1428621174394760660	CPU_0	0	0	3.27	96.72	0	0	0	0	0	0
1428621175013159884	CPU_0	1.61	0	0	98.38	0	0	0	0	0	0
1428621175637982387	CPU_0	0	0	0	100.00	0	0	0	0	0	0
1428621176256460694	CPU_0	0	0	1.63	98.36	0	0	0	0	0	0
1428621176875044583	CPU_0	0	0	1.63	98.36	0	0	0	0	0	0
1428621177493752265	CPU_0	0	0	0	100.00	0	0	0	0	0	0
1428621178113817318	CPU_0	0	0	1.63	98.36	0	0	0	0	0	0
1428621178755019458	CPU_0	0	0	3.27	96.72	0	0	0	0	0	0
1428621179374340596	CPU_0	0	0	0	100.00	0	0	0	0	0	0
1428621179992841028	CPU_0	0	0	1.61	96.77	0	1.61	0	0	0	0
1428621180611489959	CPU_0	0	0	0	98.36	0	1.63	0	0	0	0
1428621181236680045	CPU_0	0	0	1.63	98.36	0	0	0	0	0	0
1428621181856644849	CPU_0	0	0	3.17	95.23	0	1.58	0	0	0	0
1428621182475156947	CPU_0	0	0	0	100.00	0	0	0	0	0	0
1428621183094186420	CPU_0	0	0	0	89.55	0	10.44	0	0	0	0
1428621183719436672	CPU_0	0	0	0	100.00	0	0	0	0	0	0
1428621184339807559	CPU_0	0	0	1.61	98.38	0	0	0	0	0	0
1428621184959050906	CPU_0	0	0	0	100.00	0	0	0	0	0	0
1428621185578128170	CPU_0	0	0	0	100.00	0	0	0	0	0	0
1428621186196610185	CPU_0	0	0	1.63	98.36	0	0	0	0	0	0
1428621186823067727	CPU_0	1.61	0	1.61	96.77	0	0	0	0	0	0
1428621187442118783	CPU_0	0	0	0	98.36	0	0	1.63	0	0	0
1428621188061142964	CPU_0	0	0	1.61	98.38	0	0	0	0	0	0
1428621188679487229	CPU_0	0	0	0	100.00	0	0	0	0	0	0
1428621189305853521	CPU_0	0	0	1.61	98.38	0	0	0	0	0	0
1428621189924922327	CPU_0	0	0	0	100.00	0	0	0	0	0	0
1428621190544253841	CPU_0	0	0	1.63	98.36	0	0	0	0	0	0
1428621191162169649	CPU_0	0	0	0	100.00	0	0	0	0	0	0
1428621191781507204	CPU_0	0	0	0	100.00	0	0	0	0	0	0
1428621192407109289	CPU_0	1.63	0	1.63	96.72	0	0	0	0	0	0
1428621193026182303	CPU_0	0	0	1.56	95.31	0	3.12	0	0	0	0
1428621193644928526	CPU_0	0	0	3.22	96.77	0	0	0	0	0	0
1428621194264333707	CPU_0	0	0	0	100.00	0	0	0	0	0	0
1428621194890362333	CPU_0	0	0	1.61	98.38	0	0	0	0	0	0
1428621195509784846	CPU_0	0	0	0	100.00	0	0	0	0	0	0
1428621196128844611	CPU_0	0	0	0	98.36	0	1.63	0	0	0	0
1428621196748258582	CPU_0	0	0	1.63	98.36	0	0	0	0	0	0
1428621197368310470	CPU_0	0	0	0	95.23	0	3.17	1.58	0	0	0
1428621197994097930	CPU_0	0	0	0	100.00	0	0	0	0	0	0
1428621198613528194	CPU_0	0	0	0	100.00	0	0	0	0	0	0
1428621199234455829	CPU_0	0	0	0	92.30	0	7.69	0	0	0	0
1428621199855092757	CPU_0	0	0	0	100.00	0	0	0	0	0	0
1428621200481829257	CPU_0	0	0	0	100.00	0	0	0	0	0	0
1428621201101227521	CPU_0	1.58	0	3.17	95.23	0	0	0	0	0	0
1428621201721657241	CPU_0	0	0	0	100.00	0	0	0	0	0	0
1428621202341953628	CPU_0	0	0	0	98.36	0	0	1.63	0	0	0
1428621202961922307	CPU_0	0	0	1.63	98.36	0	0	0	0	0	0
1428621203587201019	CPU_0	0	0	0	100.00	0	0	0	0	0	0
1428621204207114031	CPU_0	0	0	0	100.00	0	0	0	0	0	0
1428621204827098127	CPU_0	0	0	1.63	98.36	0	0	0	0	0	0
1428621205446683516	CPU_0	0	0	0	100.00	0	0	0	0	0	0
1428621206072270518	CPU_0	3.07	0	1.53	89.23	0	6.15	0	0	0	0
1428621206692564363	CPU_0	0	0	1.63	96.72	0	0	1.63	0	0	0
1428621207312173794	CPU_0	0	0	0	100.00	0	0	0	0	0	0
1428621207932465389	CPU_0	0	0	0	100.00	0	0	0	0	0	0
1428621208551730570	CPU_0	0	0	1.63	98.36	0	0	0	0	0	0
1428621209177866488	CPU_0	0	0	0	100.00	0	0	0	0	0	0
1428621209797923167	CPU_0	0	0	1.63	98.36	0	0	0	0	0	0
1428621210418401679	CPU_0	0	0	1.63	98.36	0	0	0	0	0	0
1428621211038523441	CPU_0	0	0	1.63	98.36	0	0	0	0	0	0
1428621211664856359	CPU_0	0	0	0	95.31	1.56	1.56	1.56	0	0	0
1428621212284949538	CPU_0	0	0	1.63	98.36	0	0	0	0	0	0
1428621212906029466	CPU_0	0	0	3.17	95.23	0	1.58	0	0	0	0
1428621213525509521	CPU_0	1.61	0	1.61	95.16	0	1.61	0	0	0	0
1428621214145123784	CPU_0	0	0	1.63	98.36	0	0	0	0	0	0
1428621214771243953	CPU_0	0	0	1.61	98.38	0	0	0	0	0	0
1428621215392532255	CPU_0	0	0	0	93.75	0	6.25	0	0	0	0
1428621216012841017	CPU_0	0	0	1.58	96.82	0	0	1.58	0	0	0
1428621216633193279	CPU_0	0	0	1.66	98.33	0	0	0	0	0	0
1428621217259976988	CPU_0	0	0	0	100.00	0	0	0	0	0	0
1428621217880919165	CPU_0	0	0	1.61	98.38	0	0	0	0	0	0
1428621218500835262	CPU_0	0	0	0	100.00	0	0	0	0	0	0
1428621219120895274	CPU_0	0	0	0	100.00	0	0	0	0	0	0
1428621219747195942	CPU_0	0	0	1.61	98.38	0	0	0	0	0	0
1428621220368347536	CPU_0	0	0	0	98.36	0	1.63	0	0	0	0
1428621220988047758	CPU_0	0	0	0	98.38	0	0	1.61	0	0	0
1428621221608149146	CPU_0	0	0	3.22	95.16	0	1.61	0	0	0	0
1428621222227736243	CPU_0	0	0	0	100.00	0	0	0	0	0	0
1428621222854758493	CPU_0	0	0	0	98.38	0	1.61	0	0	0	0
1428621223474733131	CPU_0	0	0	1.63	98.36	0	0	0	0	0	0
1428621224094686102	CPU_0	0	0	0	98.36	0	1.63	0	0	0	0
1428621224714675698	CPU_0	0	0	0	100.00	0	0	0	0	0	0
1428621225341989906	CPU_0	0	0	1.58	96.82	0	1.58	0	0	0	0
1428621225962168585	CPU_0	0	0	0	98.36	0	0	1.63	0	0	0
1428621226582504431	CPU_0	0	0	1.61	96.77	0	1.61	0	0	0	0
1428621227203173443	CPU_0	0	0	3.22	96.77	0	0	0	0	0	0
1428621227823044623	CPU_0	0	0	0	98.36	0	1.63	0	0	0	0
1428621228450094831	CPU_0	0	0	0	96.82	0	3.17	0	0	0	0
1428621229070446010	CPU_0	0	0	1.61	98.38	0	0	0	0	0	0
1428621229690990022	CPU_0	0	0	0	100.00	0	0	0	0	0	0
1428621230311267410	CPU_0	0	0	0	98.33	0	0	1.66	0	0	0
1428621230938469534	CPU_0	0	0	1.56	95.31	0	3.12	0	0	0	0
1428621231559466004	CPU_0	1.61	0	1.61	96.77	0	0	0	0	0	0
1428621232180424140	CPU_0	0	0	1.63	98.36	0	0	0	0	0	0
1428621232801187027	CPU_0	0	0	1.63	98.36	0	0	0	0	0	0
1428621233424523659	CPU_0	0	0	0	100.00	0	0	0	0	0	0
1428621234049519496	CPU_0	0	0	0	98.36	0	1.63	0	0	0	0
1428621234670140258	CPU_0	0	0	1.61	98.38	0	0	0	0	0	0
1428621235290287437	CPU_0	0	0	1.58	95.23	0	1.58	1.58	0	0	0
1428621235911309907	CPU_0	0	0	0	100.00	0	0	0	0	0	0
1428621236538489698	CPU_0	0	0	1.61	96.77	0	1.61	0	0	0	0
1428621237158999294	CPU_0	0	0	3.22	96.77	0	0	0	0	0	0
1428621237779108682	CPU_0	0	0	0	98.36	0	1.63	0	0	0	0
1428621238400644692	CPU_0	0	0	0	91.04	0	8.95	0	0	0	0
1428621239027361776	CPU_0	0	0	1.63	98.36	0	0	0	0	0	0
1428621239648025705	CPU_0	0	0	0	100.00	0	0	0	0	0	0
1428621240269224966	CPU_0	0	0	0	98.36	0	0	1.63	0	0	0
1428621240890176977	CPU_0	0	0	1.63	98.36	0	0	0	0	0	0
1428621241511030947	CPU_0	0	0	1.63	98.36	0	0	0	0	0	0
1428621242138243697	CPU_0	0	0	1.61	98.38	0	0	0	0	0	0
1428621242759368625	CPU_0	0	0	0	98.36	0	0	1.63	0	0	0
1428621243380697303	CPU_0	1.66	0	0	98.33	0	0	0	0	0	0
1428621244001793147	CPU_0	0	0	0	100.00	0	0	0	0	0	0
1428621244629247813	CPU_0	0	0	1.63	98.36	0	0	0	0	0	0
1428621245250071950	CPU_0	0	0	0	100.00	0	0	0	0	0	0
1428621245871249169	CPU_0	0	0	0	100.00	0	0	0	0	0	0
1428621246491863890	CPU_0	0	0	0	93.75	0	6.25	0	0	0	0
1428621247113540151	CPU_0	0	0	0	100.00	0	0	0	0	0	0
1428621247741576149	CPU_0	0	0	1.61	98.38	0	0	0	0	0	0
1428621248363156909	CPU_0	0	0	0	100.00	0	0	0	0	0	0
1428621248984766044	CPU_0	0	0	0	100.00	0	0	0	0	0	0
1428621249605860847	CPU_0	0	0	3.17	95.23	0	0	1.58	0	0	0
1428621250233238305	CPU_0	0	0	0	100.00	0	0	0	0	0	0
1428621250854210984	CPU_0	0	0	0	100.00	0	0	0	0	0	0
1428621251475838327	CPU_0	0	0	3.22	95.16	1.61	0	0	0	0	0
1428621252096903297	CPU_0	0	0	0	98.36	0	1.63	0	0	0	0
1428621252727501208	CPU_0	0	0	0	100.00	0	0	0	0	0	0
1428621253348754760	CPU_0	0	0	1.61	96.77	0	1.61	0	0	0	0
1428621253971016186	CPU_0	0	0	0	100.00	0	0	0	0	0	0
1428621254592161948	CPU_0	0	0	0	98.36	0	1.63	0	0	0	0
1428621255213100834	CPU_0	0	0	0	98.36	0	0	1.63	0	0	0
1428621255840797542	CPU_0	0	0	1.58	98.41	0	0	0	0	0	0
1428621256462735635	CPU_0	0	0	1.63	95.08	0	3.27	0	0	0	0
1428621257084010896	CPU_0	0	0	1.61	98.38	0	0	0	0	0	0
1428621257705037741	CPU_0	0	0	0	88.23	0	0	11.76	0	0	0
1428621258332625282	CPU_0	0	0	0	98.38	0	1.61	0	0	0	0
1428621258954363751	CPU_0	0	0	0	100.00	0	0	0	0	0	0
1428621259575436512	CPU_0	0	0	0	98.38	0	1.61	0	0	0	0
1428621260196437691	CPU_0	0	0	1.63	98.36	0	0	0	0	0	0
1428621260817649952	CPU_0	0	0	0	98.36	0	1.63	0	0	0	0
1428621261445779617	CPU_0	1.44	0	2.89	85.50	0	10.14	0	0	0	0
1428621262067565502	CPU_0	0	0	0	100.00	0	0	0	0	0	0
1428621262689077097	CPU_0	0	0	0	100.00	0	0	0	0	0	0
1428621263311000565	CPU_0	1.69	0	1.69	96.61	0	0	0	0	0	0
1428621263940129395	CPU_0	0	0	1.69	98.30	0	0	0	0	0	0
1428621264562358071	CPU_0	1.72	0	1.72	96.55	0	0	0	0	0	0
1428621265184356248	CPU_0	19.04	0	4.76	74.60	0	1.58	0	0	0	0
1428621265806198925	CPU_0	0	0	0	100.00	0	0	0	0	0	0
1428621266436296628	CPU_0	0	0	0	96.72	0	3.27	0	0	0	0
1428621267057903930	CPU_0	0	0	0	100.00	0	0	0	0	0	0
1428621267680146315	CPU_0	0	0	0	100.00	0	0	0	0	0	0
1428621268301408868	CPU_0	0	0	0	98.36	0	1.63	0	0	0	0
1428621268923370711	CPU_0	0	0	4.68	93.75	0	1.56	0	0	0	0
1428621269551236293	CPU_0	9.83	0	1.63	88.52	0	0	0	0	0	0
1428621270172777429	CPU_0	0	0	1.61	96.77	0	1.61	0	0	0	0
1428621270794312982	CPU_0	0	0	1.63	98.36	0	0	0	0	0	0
1428621271416558783	CPU_0	0	0	0	98.36	0	1.63	0	0	0	0
1428621272045104864	CPU_0	0	0	3.17	95.23	0	1.58	0	0	0	0
1428621272667100708	CPU_0	0	0	0	98.36	0	1.63	0	0	0	0
1428621273288472302	CPU_0	0	0	0	100.00	0	0	0	0	0	0
1428621273910212521	CPU_0	0	0	1.61	93.54	0	4.83	0	0	0	0
1428621274536242649	CPU_0	0	0	1.61	98.38	0	0	0	0	0	0
1428621275160797737	CPU_0	0	0	0	100.00	0	0	0	0	0	0
1428621275782615289	CPU_0	0	0	0	100.00	0	0	0	0	0	0
1428621276404577175	CPU_0	0	0	3.17	96.82	0	0	0	0	0	0
1428621277027701224	CPU_0	0	0	1.63	96.72	0	1.63	0	0	0	0
1428621277655887390	CPU_0	0	0	0	100.00	0	0	0	0	0	0
1428621278277929733	CPU_0	0	0	1.61	98.38	0	0	0	0	0	0
1428621278900826867	CPU_0	0	0	1.63	96.72	0	1.63	0	0	0	0
1428621279524454082	CPU_0	0	0	0	98.36	0	1.63	0	0	0	0
1428621280153374454	CPU_0	0	0	1.58	98.41	0	0	0	0	0	0
1428621280775426756	CPU_0	0	0	1.61	96.77	0	1.61	0	0	0	0
1428621281397708016	CPU_0	0	0	0	100.00	0	0	0	0	0	0
1428621282021574272	CPU_0	0	0	3.17	93.65	1.58	1.58	0	0	0	0
1428621282644391281	CPU_0	0	0	0	96.77	0	3.22	0	0	0	0
1428621283272655946	CPU_0	0	0	0	100.00	0	0	0	0	0	0
1428621283894931498	CPU_0	0	0	1.63	98.36	0	0	0	0	0	0
1428621284518197589	CPU_0	0	0	0	98.36	0	1.63	0	0	0	0
1428621285140518265	CPU_0	1.61	0	0	98.38	0	0	0	0	0	0
1428621285769703012	CPU_0	0	0	1.61	98.38	0	0	0	0	0	0
1428621286391771814	CPU_0	0	0	0	98.36	0	1.63	0	0	0	0
1428621287015245405	CPU_0	0	0	0	100.00	0	0	0	0	0	0
1428621287637693581	CPU_0	0	0	0	98.36	0	1.63	0	0	0	0
1428621288265929330	CPU_0	0	0	0	100.00	0	0	0	0	0	0
1428621288888385673	CPU_0	0	0	0	98.36	0	1.63	0	0	0	0
1428621289511038473	CPU_0	0	0	0	100.00	0	0	0	0	0	0
1428621290133061359	CPU_0	0	0	0	100.00	0	0	0	0	0	0
1428621290755147411	CPU_0	0	0	0	98.36	0	1.63	0	0	0	0
1428621291383877075	CPU_0	0	0	3.17	96.82	0	0	0	0	0	0
1428621292006718292	CPU_0	0	0	1.61	96.77	0	1.61	0	0	0	0
1428621292629382176	CPU_0	0	0	3.22	96.77	0	0	0	0	0	0
1428621293251318145	CPU_0	0	0	1.58	96.82	0	1.58	0	0	0	0
1428621293880335518	CPU_0	0	0	0	100.00	0	0	0	0	0	0
1428621294503341526	CPU_0	0	0	0	84.50	0	12.67	2.81	0	0	0
1428621295126330576	CPU_0	0	0	1.61	98.38	0	0	0	0	0	0
1428621295749176210	CPU_0	0	0	1.63	98.36	0	0	0	0	0	0
1428621296377797625	CPU_0	0	0	0	100.00	0	0	0	0	0	0
1428621297001080800	CPU_0	0	0	1.63	98.36	0	0	0	0	0	0
1428621297623082935	CPU_0	0	0	0	100.00	0	0	0	0	0	0
1428621298245130904	CPU_0	0	0	0	100.00	0	0	0	0	0	0
1428621298867345581	CPU_0	0	0	1.61	98.38	0	0	0	0	0	0
1428621299496633494	CPU_0	0	0	1.61	98.38	0	0	0	0	0	0
1428621300118586880	CPU_0	0	0	0	100.00	0	0	0	0	0	0
1428621300740505641	CPU_0	0	0	0	100.00	0	0	0	0	0	0
1428621301362226318	CPU_0	1.42	0	2.85	84.28	0	0	11.42	0	0	0
1428621301991929939	CPU_0	0	0	0	100.00	0	0	0	0	0	0
1428621302614052200	CPU_0	0	0	3.22	96.77	0	0	0	0	0	0
1428621303235797669	CPU_0	0	0	0	100.00	0	0	0	0	0	0
1428621303857359431	CPU_0	0	0	0	100.00	0	0	0	0	0	0
1428621304486110804	CPU_0	0	0	1.61	98.38	0	0	0	0	0	0
1428621305111251600	CPU_0	0	0	0	100.00	0	0	0	0	0	0
1428621305733092944	CPU_0	0	0	0	100.00	0	0	0	0	0	0
1428621306355007122	CPU_0	0	0	1.61	96.77	0	1.61	0	0	0	0
1428621306977690673	CPU_0	0	0	1.63	98.36	0	0	0	0	0	0
1428621307606212004	CPU_0	0	0	0	98.38	0	1.61	0	0	0	0
1428621308227724683	CPU_0	0	0	1.61	98.38	0	0	0	0	0	0
1428621308849680068	CPU_0	0	0	0	98.36	0	1.63	0	0	0	0
1428621309472513911	CPU_0	1.63	0	0	98.36	0	0	0	0	0	0
1428621310100997909	CPU_0	0	0	1.58	96.82	0	1.58	0	0	0	0
1428621310723224378	CPU_0	0	0	0	92.42	0	7.57	0	0	0	0
1428621311346688053	CPU_0	0	0	3.22	96.77	0	0	0	0	0	0
1428621311969926103	CPU_0	0	0	3.22	96.77	0	0	0	0	0	0
1428621312593486194	CPU_0	0	0	1.61	98.38	0	0	0	0	0	0
1428621313222893358	CPU_0	0	0	0	100.00	0	0	0	0	0	0
1428621313846132574	CPU_0	0	0	1.63	98.36	0	0	0	0	0	0
1428621314469351249	CPU_0	0	0	1.63	98.36	0	0	0	0	0	0
1428621315092859591	CPU_0	1.66	0	0	98.33	0	0	0	0	0	0
1428621315722775920	CPU_0	0	0	1.56	96.87	0	0	1.56	0	0	0
1428621316345833679	CPU_0	0	0	0	100.00	0	0	0	0	0	0
1428621316968532855	CPU_0	0	0	0	100.00	0	0	0	0	0	0
1428621317592149321	CPU_0	0	0	1.58	96.82	0	1.58	0	0	0	0
1428621318221235819	CPU_0	0	0	0	100.00	0	0	0	0	0	0
1428621318844401619	CPU_0	0	0	1.61	96.77	0	1.61	0	0	0	0
1428621319467243337	CPU_0	0	0	0	100.00	0	0	0	0	0	0
1428621320091157302	CPU_0	0	0	0	98.38	0	1.61	0	0	0	0
1428621320714360269	CPU_0	0	0	0	98.36	0	1.63	0	0	0	0
1428621321343353101	CPU_0	0	0	1.61	98.38	0	0	0	0	0	0
1428621321966144735	CPU_0	0	0	1.61	96.77	1.61	0	0	0	0	0
1428621322590146742	CPU_0	0	0	0	100.00	0	0	0	0	0	0
1428621323212887418	CPU_0	0	0	1.61	96.77	0	1.61	0	0	0	0
1428621323842641123	CPU_0	0	0	0	100.00	0	0	0	0	0	0
1428621324465788715	CPU_0	0	0	0	98.38	0	1.61	0	0	0	0
1428621325089922805	CPU_0	0	0	0	100.00	0	0	0	0	0	0
1428621325712540065	CPU_0	1.63	0	1.63	95.08	0	1.63	0	0	0	0
1428621326342611645	CPU_0	0	0	1.47	89.70	0	8.82	0	0	0	0
1428621326966119278	CPU_0	0	0	1.63	98.36	0	0	0	0	0	0
1428621327590598867	CPU_0	1.61	0	0	98.38	0	0	0	0	0	0
1428621328213852626	CPU_0	0	0	0	100.00	0	0	0	0	0	0
1428621328838166049	CPU_0	0	0	1.63	98.36	0	0	0	0	0	0
1428621329465687008	CPU_0	0	0	0	100.00	0	0	0	0	0	0
1428621330089820474	CPU_0	0	0	0	100.00	0	0	0	0	0	0
1428621330712656233	CPU_0	0	0	1.61	98.38	0	0	0	0	0	0
1428621331335758242	CPU_0	0	0	1.63	98.36	0	0	0	0	0	0
1428621331964942115	CPU_0	0	0	1.61	98.38	0	0	0	0	0	0
1428621332588851622	CPU_0	0	0	0	100.00	0	0	0	0	0	0
1428621333211323008	CPU_0	0	0	3.27	96.72	0	0	0	0	0	0
1428621333834503016	CPU_0	0	0	0	100.00	0	0	0	0	0	0
1428621334463341682	CPU_0	0	0	1.58	96.82	0	1.58	0	0	0	0
1428621335087141273	CPU_0	0	0	1.63	98.36	0	0	0	0	0	0
1428621335708911284	CPU_0	0	0	0	98.38	0	1.61	0	0	0	0
1428621336332689959	CPU_0	0	0	0	100.00	0	0	0	0	0	0
1428621336954876386	CPU_0	0	0	1.63	96.72	0	1.63	0	0	0	0
1428621337585212798	CPU_0	0	0	0	100.00	0	0	0	0	0	0
1428621338207715059	CPU_0	0	0	0	100.00	0	0	0	0	0	0
1428621338831060067	CPU_0	0	0	1.61	96.77	0	1.61	0	0	0	0
1428621339453486494	CPU_0	1.63	0	0	98.36	0	0	0	0	0	0
1428621340083743407	CPU_0	0	0	0	95.31	0	4.68	0	0	0	0
1428621340706681999	CPU_0	0	0	1.58	96.82	0	0	1.58	0	0	0
1428621341329707467	CPU_0	0	0	0	100.00	0	0	0	0	0	0
1428621341952368519	CPU_0	0	0	1.63	98.36	0	0	0	0	0	0
1428621342582942847	CPU_0	0	0	1.61	98.38	0	0	0	0	0	0
1428621343205840107	CPU_0	0	0	0	100.00	0	0	0	0	0	0
1428621343829350699	CPU_0	0	0	0	98.36	0	1.63	0	0	0	0
1428621344452318875	CPU_0	0	0	1.56	95.31	0	3.12	0	0	0	0
1428621345077431422	CPU_0	0	0	0	100.00	0	0	0	0	0	0
1428621345705876630	CPU_0	0	0	1.63	98.36	0	0	0	0	0	0
1428621346328896514	CPU_0	0	0	1.61	98.38	0	0	0	0	0	0
1428621346951945815	CPU_0	0	0	0	88.23	0	0	11.76	0	0	0
1428621347575424407	CPU_0	0	0	1.61	96.77	0	1.61	0	0	0	0
1428621348204686446	CPU_0	0	0	1.58	98.41	0	0	0	0	0	0
1428621348827552789	CPU_0	0	0	0	98.36	0	1.63	0	0	0	0
1428621349450889006	CPU_0	0	0	1.63	98.36	0	0	0	0	0	0
1428621350074676306	CPU_0	0	0	1.61	98.38	0	0	0	0	0	0
1428621350703977137	CPU_0	0	0	0	98.38	0	1.61	0	0	0	0
1428621351327612437	CPU_0	0	0	1.63	98.36	0	0	0	0	0	0
1428621351950731280	CPU_0	0	0	1.58	95.23	1.58	1.58	0	0	0	0
1428621352574881496	CPU_0	0	0	0	100.00	0	0	0	0	0	0
1428621353198558087	CPU_0	0	0	0	92.42	0	7.57	0	0	0	0
1428621353827221753	CPU_0	0	0	1.63	98.36	0	0	0	0	0	0
1428621354450374470	CPU_0	0	0	0	100.00	0	0	0	0	0	0
1428621355074734394	CPU_0	0	0	0	100.00	0	0	0	0	0	0
1428621355697468904	CPU_0	0	0	1.61	98.38	0	0	0	0	0	0
1428621356327653859	CPU_0	0	0	0	100.00	0	0	0	0	0	0
1428621356950824285	CPU_0	0	0	0	100.00	0	0	0	0	0	0
1428621357574630043	CPU_0	0	0	1.63	98.36	0	0	0	0	0	0
1428621358197530428	CPU_0	0	0	0	100.00	0	0	0	0	0	0
1428621358827178967	CPU_0	0	0	1.61	98.38	0	0	0	0	0	0
1428621359451203474	CPU_0	0	0	1.58	96.82	0	1.58	0	0	0	0
1428621360075428482	CPU_0	0	0	0	100.00	0	0	0	0	0	0
1428621360699378615	CPU_0	0	0	0	98.36	0	1.63	0	0	0	0
1428621361328726321	CPU_0	1.61	0	1.61	96.77	0	0	0	0	0	0
1428621361955483990	CPU_0	0	0	3.12	95.31	0	1.56	0	0	0	0
1428621362579674539	CPU_0	0	0	0	100.00	0	0	0	0	0	0
1428621363203299339	CPU_0	0	0	3.17	95.23	0	1.58	0	0	0	0
1428621363827088431	CPU_0	0	0	0	100.00	0	0	0	0	0	0
1428621364457418177	CPU_0	0	0	0	100.00	0	0	0	0	0	0
1428621365082080142	CPU_0	0	0	3.12	95.31	0	1.56	0	0	0	0
1428621365705521443	CPU_0	0	0	0	100.00	0	0	0	0	0	0
1428621366329513242	CPU_0	0	0	0	98.38	0	1.61	0	0	0	0
1428621366959508572	CPU_0	0	0	1.61	98.38	0	0	0	0	0	0
1428621367584395954	CPU_0	0	0	1.61	96.77	0	1.61	0	0	0	0
1428621368208205753	CPU_0	0	0	0	100.00	0	0	0	0	0	0
1428621368832247720	CPU_0	0	0	4.61	90.76	0	4.61	0	0	0	0
1428621369465596544	CPU_0	1.61	0	0	98.38	0	0	0	0	0	0
1428621370090445467	CPU_0	0	0	0	100.00	0	0	0	0	0	0
1428621370714831390	CPU_0	0	0	1.63	98.36	0	0	0	0	0	0
1428621371338962273	CPU_0	0	0	0	100.00	0	0	0	0	0	0
1428621371962744073	CPU_0	0	0	1.61	98.38	0	0	0	0	0	0
1428621372593590569	CPU_0	0	0	1.58	96.82	0	1.58	0	0	0	0
1428621373217135952	CPU_0	0	0	0	100.00	0	0	0	0	0	0
1428621373841128835	CPU_0	0	0	0	98.38	0	1.61	0	0	0	0
1428621374465101468	CPU_0	0	0	1.63	98.36	0	0	0	0	0	0
1428621375097169587	CPU_0	0	0	1.61	96.77	0	1.61	0	0	0	0
1428621375721385386	CPU_0	0	0	0	100.00	0	0	0	0	0	0
1428621376345860685	CPU_0	0	0	0	98.38	0	1.61	0	0	0	0
1428621376969835109	CPU_0	0	0	0	100.00	0	0	0	0	0	0
1428621377600320647	CPU_0	0	0	0	95.31	0	4.68	0	0	0	0
1428621378223919781	CPU_0	0	0	3.17	96.82	0	0	0	0	0	0
1428621378848460038	CPU_0	1.66	0	1.66	96.66	0	0	0	0	0	0
1428621379504072696	CPU_0	10.93	0	4.68	84.37	0	0	0	0	0	0
1428621380133072945	CPU_0	0	0	1.61	98.38	0	0	0	0	0	0
1428621380755638455	CPU_0	0	0	0	98.36	0	1.63	0	0	0	0
1428621381377824509	CPU_0	0	0	0	100.00	0	0	0	0	0	0
1428621382000678477	CPU_0	0	0	0	98.36	0	0	1.63	0	0	0
1428621382624216903	CPU_0	0	0	1.58	96.82	0	1.58	0	0	0	0
1428621383253347360	CPU_0	1.63	0	0	96.72	0	1.63	0	0	0	0
1428621383876491120	CPU_0	0	0	1.66	95.00	0	3.33	0	0	0	0
1428621384499209297	CPU_0	0	0	0	98.27	0	1.72	0	0	0	0
1428621385123197180	CPU_0	12.69	0	4.76	77.77	0	1.58	3.17	0	0	0
1428621385753027136	CPU_0	0	0	1.58	96.82	0	1.58	0	0	0	0
1428621386376212687	CPU_0	0	0	0	100.00	0	0	0	0	0	0
1428621386999244822	CPU_0	0	0	1.61	96.77	0	1.61	0	0	0	0
1428621387625097577	CPU_0	1.56	0	3.12	93.75	0	1.56	0	0	0	0
1428621388254605700	CPU_0	0	0	0	100.00	0	0	0	0	0	0
1428621388878131376	CPU_0	0	0	0	98.36	0	1.63	0	0	0	0
1428621389502668466	CPU_0	9.83	0	1.63	88.52	0	0	0	0	0	0
1428621390127210307	CPU_0	0	0	0	98.36	0	1.63	0	0	0	0
1428621390750920899	CPU_0	0	0	0	100.00	0	0	0	0	0	0
1428621391381243437	CPU_0	0	0	1.58	96.82	0	1.58	0	0	0	0
1428621392005590612	CPU_0	0	0	1.63	98.36	0	0	0	0	0	0
1428621392630287369	CPU_0	0	0	0	98.38	0	1.61	0	0	0	0
1428621393254325127	CPU_0	1.49	0	0	89.55	0	0	8.95	0	0	0
1428621393884988915	CPU_0	0	0	1.58	96.82	0	1.58	0	0	0	0
1428621394509257381	CPU_0	0	0	0	100.00	0	0	0	0	0	0
1428621395133900471	CPU_0	0	0	0	98.36	0	1.63	0	0	0	0
1428621395757837855	CPU_0	0	0	1.56	95.31	0	3.12	0	0	0	0
1428621396387923977	CPU_0	0	0	0	100.00	0	0	0	0	0	0
1428621397011954152	CPU_0	0	0	0	98.36	1.63	0	0	0	0	0
1428621397637017658	CPU_0	0	0	1.61	98.38	0	0	0	0	0	0
1428621398260870875	CPU_0	0	0	0	100.00	0	0	0	0	0	0
1428621398885937132	CPU_0	0	0	0	100.00	0	0	0	0	0	0
1428621399515069006	CPU_0	0	0	1.58	96.82	0	1.58	0	0	0	0
1428621400140098512	CPU_0	0	0	0	98.38	0	1.61	0	0	0	0
1428621400763860854	CPU_0	0	0	1.63	98.36	0	0	0	0	0	0
1428621401387854113	CPU_0	0	0	0	100.00	0	0	0	0	0	0
1428621402018432901	CPU_0	0	0	0	98.36	0	1.63	0	0	0	0
1428621402643168449	CPU_0	0	0	0	100.00	0	0	0	0	0	0
1428621403266868792	CPU_0	0	0	0	98.38	0	1.61	0	0	0	0
1428621403891148258	CPU_0	0	0	0	98.36	0	1.63	0	0	0	0
1428621404521847254	CPU_0	0	0	1.61	98.38	0	0	0	0	0	0
1428621405146072596	CPU_0	0	0	0	100.00	0	0	0	0	0	0
1428621405770367979	CPU_0	0	0	1.61	96.77	0	1.61	0	0	0	0
1428621406394095154	CPU_0	0	0	1.56	95.31	0	3.12	0	0	0	0
1428621407025263316	CPU_0	0	0	3.17	96.82	0	0	0	0	0	0
1428621407650416114	CPU_0	0	0	0	100.00	0	0	0	0	0	0
1428621408275033288	CPU_0	0	0	1.61	98.38	0	0	0	0	0	0
1428621408899439380	CPU_0	0	0	0	100.00	0	0	0	0	0	0
1428621409524609178	CPU_0	0	0	1.61	96.77	0	1.61	0	0	0	0
1428621410155629173	CPU_0	0	0	0	100.00	0	0	0	0	0	0
1428621410780166639	CPU_0	0	0	0	98.36	0	1.63	0	0	0	0
1428621411404428856	CPU_0	0	0	1.51	90.90	0	7.57	0	0	0	0
1428621412029208571	CPU_0	0	0	1.61	98.38	0	0	0	0	0	0
1428621412660561025	CPU_0	0	0	0	100.00	0	0	0	0	0	0
1428621413285129074	CPU_0	0	0	1.63	98.36	0	0	0	0	0	0
1428621413909096291	CPU_0	0	0	0	100.00	0	0	0	0	0	0
1428621414533886631	CPU_0	0	0	1.61	98.38	0	0	0	0	0	0
1428621415165183752	CPU_0	0	0	0	100.00	0	0	0	0	0	0
1428621415789943342	CPU_0	0	0	0	100.00	0	0	0	0	0	0
1428621416413831893	CPU_0	0	0	0	100.00	0	0	0	0	0	0
1428621417038283692	CPU_0	0	0	0	100.00	0	0	0	0	0	0
1428621417664549905	CPU_0	0	0	1.61	98.38	0	0	0	0	0	0
1428621418294018779	CPU_0	0	0	0	98.38	0	1.61	0	0	0	0
1428621418917989287	CPU_0	0	0	0	100.00	0	0	0	0	0	0
1428621419542374462	CPU_0	0	0	1.61	96.77	0	1.61	0	0	0	0
1428621420166901928	CPU_0	0	0	0	98.38	0	0	1.61	0	0	0
1428621420798228048	CPU_0	0	0	0	98.38	0	1.61	0	0	0	0
1428621421421988058	CPU_0	0	0	1.63	98.36	0	0	0	0	0	0
1428621422047105398	CPU_0	0	0	1.61	96.77	0	1.61	0	0	0	0
1428621422671479489	CPU_0	0	0	0	100.00	0	0	0	0	0	0
1428621423303328900	CPU_0	1.56	0	1.56	95.31	0	1.56	0	0	0	0
1428621423927794325	CPU_0	0	0	1.61	96.77	0	0	1.61	0	0	0
1428621424552624165	CPU_0	0	0	1.58	96.82	0	1.58	0	0	0	0
1428621425178023880	CPU_0	0	0	0	98.38	0	1.61	0	0	0	0
1428621425808554210	CPU_0	0	0	3.17	96.82	0	0	0	0	0	0
1428621426432563177	CPU_0	0	0	1.61	96.77	0	0	1.61	0	0	0
1428621427056454603	CPU_0	0	0	0	96.77	1.61	1.61	0	0	0	0
1428621427681730526	CPU_0	0	0	1.61	98.38	0	0	0	0	0	0
1428621428305724743	CPU_0	0	0	0	93.84	0	6.15	0	0	0	0
1428621428935792366	CPU_0	0	0	0	100.00	0	0	0	0	0	0
1428621429560338041	CPU_0	0	0	0	100.00	0	0	0	0	0	0
1428621430184710507	CPU_0	0	0	0	100.00	0	0	0	0	0	0
1428621430808785183	CPU_0	0	0	0	100.00	0	0	0	0	0	0
1428621431439830512	CPU_0	0	0	3.17	96.82	0	0	0	0	0	0
1428621432064189353	CPU_0	0	0	0	100.00	0	0	0	0	0	0
1428621432689390069	CPU_0	0	0	0	98.36	0	0	1.63	0	0	0
1428621433314077451	CPU_0	0	0	1.58	96.82	0	1.58	0	0	0	0
1428621433945474738	CPU_0	0	0	0	100.00	0	0	0	0	0	0
1428621434570615745	CPU_0	1.51	0	0	90.90	0	7.57	0	0	0	0
1428621435196212001	CPU_0	0	0	1.58	95.23	0	0	3.17	0	0	0
1428621435820989759	CPU_0	0	0	0	100.00	0	0	0	0	0	0
1428621436451388839	CPU_0	0	0	1.63	98.36	0	0	0	0	0	0
1428621437078848508	CPU_0	0	0	1.61	98.38	0	0	0	0	0	0
1428621437704357473	CPU_0	0	0	1.63	98.36	0	0	0	0	0	0
1428621438328910773	CPU_0	0	0	0	100.00	0	0	0	0	0	0
1428621438954398779	CPU_0	0	0	0	100.00	0	0	0	0	0	0
1428621439586587981	CPU_0	0	0	1.61	98.38	0	0	0	0	0	0
1428621440212353362	CPU_0	0	0	0	100.00	0	0	0	0	0	0
1428621440837192536	CPU_0	0	0	0	100.00	0	0	0	0	0	0
1428621441462338793	CPU_0	0	0	1.53	92.30	0	6.15	0	0	0	0
1428621442094285413	CPU_0	0	0	0	100.00	0	0	0	0	0	0
1428621442720263918	CPU_0	0	0	1.61	98.38	0	0	0	0	0	0
1428621443345589675	CPU_0	0	0	0	100.00	0	0	0	0	0	0
1428621443970494307	CPU_0	0	0	0	100.00	0	0	0	0	0	0
1428621444602550343	CPU_0	0	0	0	100.00	0	0	0	0	0	0
1428621445228679765	CPU_0	0	0	3.17	96.82	0	0	0	0	0	0
1428621445853944897	CPU_0	3.22	0	0	93.54	0	1.61	1.61	0	0	0
1428621446479294570	CPU_0	0	0	1.61	98.38	0	0	0	0	0	0
1428621447105999949	CPU_0	1.61	0	1.61	96.77	0	0	0	0	0	0
1428621447736879112	CPU_0	0	0	0	98.38	0	1.61	0	0	0	0
1428621448361760995	CPU_0	0	0	1.61	98.38	0	0	0	0	0	0
1428621448986333337	CPU_0	0	0	0	98.36	0	1.63	0	0	0	0
1428621449611948218	CPU_0	0	0	0	93.84	0	6.15	0	0	0	0
1428621450243786837	CPU_0	0	0	3.12	95.31	0	0	1.56	0	0	0
1428621450869215344	CPU_0	0	0	0	100.00	0	0	0	0	0	0
1428621451493443311	CPU_0	0	0	0	100.00	0	0	0	0	0	0
1428621452119140442	CPU_0	0	0	3.17	96.82	0	0	0	0	0	0
1428621452751643894	CPU_0	0	0	0	100.00	0	0	0	0	0	0
1428621453376843318	CPU_0	0	0	0	100.00	0	0	0	0	0	0
1428621454001535159	CPU_0	0	0	1.61	98.38	0	0	0	0	0	0
1428621454627018708	CPU_0	0	0	1.56	93.75	0	0	4.68	0	0	0
1428621455259459993	CPU_0	0	0	0	98.41	0	1.58	0	0	0	0
1428621455885230166	CPU_0	1.61	0	0	98.38	0	0	0	0	0	0
1428621456510404881	CPU_0	0	0	1.56	93.75	0	4.68	0	0	0	0
1428621457136044596	CPU_0	0	0	0	100.00	0	0	0	0	0	0
1428621457761644561	CPU_0	0	0	1.61	98.38	0	0	0	0	0	0
1428621458393489180	CPU_0	0	0	0	100.00	0	0	0	0	0	0
1428621459018863562	CPU_0	0	0	1.61	98.38	0	0	0	0	0	0
1428621459644600902	CPU_0	0	0	1.63	98.36	0	0	0	0	0	0
1428621460269959950	CPU_0	0	0	0	98.38	0	1.61	0	0	0	0
1428621460902005445	CPU_0	0	0	0	93.84	0	6.15	0	0	0	0
1428621461527255785	CPU_0	0	0	1.63	98.36	0	0	0	0	0	0
1428621462152681334	CPU_0	0	0	1.61	98.38	0	0	0	0	0	0
1428621462778399465	CPU_0	0	0	0	100.00	0	0	0	0	0	0
1428621463410569709	CPU_0	0	0	1.58	98.41	0	0	0	0	0	0
1428621464035543634	CPU_0	0	0	0	100.00	0	0	0	0	0	0
1428621464661228807	CPU_0	0	0	1.63	98.36	0	0	0	0	0	0
1428621465286468980	CPU_0	1.56	0	3.12	95.31	0	0	0	0	0	0
1428621465917955101	CPU_0	0	0	0	100.00	0	0	0	0	0	0
1428621466542365193	CPU_0	0	0	1.61	96.77	0	1.61	0	0	0	0
1428621467167745783	CPU_0	0	0	1.61	98.38	0	0	0	0	0	0
1428621467792964707	CPU_0	0	0	0	90.90	0	7.57	1.51	0	0	0
1428621468417662966	CPU_0	0	0	0	100.00	0	0	0	0	0	0
1428621469048506879	CPU_0	0	0	1.61	98.38	0	0	0	0	0	0
1428621469675381717	CPU_0	0	0	1.61	98.38	0	0	0	0	0	0
1428621470301014848	CPU_0	0	0	0	100.00	0	0	0	0	0	0
1428621470926391105	CPU_0	0	0	0	100.00	0	0	0	0	0	0
1428621471558382600	CPU_0	0	0	1.63	98.36	0	0	0	0	0	0
1428621472184712647	CPU_0	0	0	0	93.84	0	0	6.15	0	0	0
1428621472810568403	CPU_0	0	0	1.63	98.36	0	0	0	0	0	0
1428621473436179243	CPU_0	0	0	0	100.00	0	0	0	0	0	0
1428621474068197363	CPU_0	0	0	0	100.00	0	0	0	0	0	0
1428621474694123411	CPU_0	0	0	3.17	95.23	0	1.58	0	0	0	0
1428621475320001542	CPU_0	0	0	0	100.00	0	0	0	0	0	0
1428621475945629257	CPU_0	0	0	0	93.84	0	6.15	0	0	0	0
1428621476578421292	CPU_0	0	0	1.61	98.38	0	0	0	0	0	0
1428621477204488464	CPU_0	1.63	0	0	98.36	0	0	0	0	0	0
1428621477830425012	CPU_0	0	0	0	100.00	0	0	0	0	0	0
1428621478455473020	CPU_0	0	0	3.22	96.77	0	0	0	0	0	0
1428621479080739319	CPU_0	0	0	0	100.00	0	0	0	0	0	0
1428621479713961393	CPU_0	0	0	0	100.00	0	0	0	0	0	0
1428621480339701035	CPU_0	0	0	1.61	98.38	0	0	0	0	0	0
1428621480965148903	CPU_0	0	0	0	98.36	0	1.63	0	0	0	0
1428621481590611563	CPU_0	1.63	0	0	98.36	0	0	0	0	0	0
1428621482223421792	CPU_0	0	0	1.56	95.31	1.56	1.56	0	0	0	0
1428621482849911950	CPU_0	0	0	1.58	96.82	0	1.58	0	0	0	0
1428621483475120069	CPU_0	0	0	3.22	96.77	0	0	0	0	0	0
1428621484101123186	CPU_0	0	0	1.61	98.38	0	0	0	0	0	0
1428621484734397956	CPU_0	0	0	0	98.38	0	1.61	0	0	0	0
1428621485360292823	CPU_0	0	0	0	98.36	0	1.63	0	0	0	0
1428621485985626525	CPU_0	0	0	1.63	98.36	0	0	0	0	0	0
1428621486612461224	CPU_0	0	0	0	98.38	0	1.61	0	0	0	0
1428621487246144576	CPU_0	0	0	0	100.00	0	0	0	0	0	0
1428621487872383818	CPU_0	0	0	1.56	95.31	0	3.12	0	0	0	0
1428621488498069770	CPU_0	0	0	0	100.00	0	0	0	0	0	0
1428621489124639094	CPU_0	0	0	1.61	96.77	0	0	1.61	0	0	0
1428621489752561541	CPU_0	0	0	1.61	98.38	0	0	0	0	0	0
1428621490383550566	CPU_0	0	0	0	98.38	0	1.61	0	0	0	0
1428621491009649391	CPU_0	0	0	0	100.00	0	0	0	0	0	0
1428621491635328176	CPU_0	0	0	1.56	95.31	0	3.12	0	0	0	0
1428621492262442583	CPU_0	0	0	0	100.00	0	0	0	0	0	0
1428621492894779313	CPU_0	0	0	0	100.00	0	0	0	0	0	0
1428621493520724764	CPU_0	0	0	1.58	96.82	0	0	1.58	0	0	0
1428621494146323799	CPU_0	0	0	0	98.36	0	1.63	0	0	0	0
1428621494773043707	CPU_0	0	0	0	100.00	0	0	0	0	0	0
1428621495405603186	CPU_0	1.53	0	1.53	93.84	0	1.53	1.53	0	0	0
1428621496031784012	CPU_0	0	0	1.63	98.36	0	0	0	0	0	0
1428621496657489380	CPU_0	0	0	0	98.38	0	1.61	0	0	0	0
1428621497284423788	CPU_0	0	0	1.66	98.33	0	0	0	0	0	0
1428621497916886143	CPU_0	0	0	0	98.41	0	1.58	0	0	0	0
1428621498542362970	CPU_0	0	0	0	100.00	0	0	0	0	0	0
1428621499167475756	CPU_0	0	0	0	95.23	0	4.76	0	0	0	0
1428621499794166580	CPU_0	0	0	0	100.00	0	0	0	0	0	0
1428621500427273101	CPU_0	0	0	1.58	98.41	0	0	0	0	0	0
1428621501053132594	CPU_0	0	0	0	100.00	0	0	0	0	0	0
1428621501678713796	CPU_0	0	0	0	100.00	0	0	0	0	0	0
1428621502305737786	CPU_0	0	0	0	98.38	0	0	1.61	0	0	0
1428621502931409238	CPU_0	0	0	3.17	95.23	0	1.58	0	0	0	0
1428621503563998718	CPU_0	1.66	0	0	96.66	0	1.66	0	0	0	0
1428621504190425710	CPU_0	0	0	0	96.66	0	3.33	0	0	0	0
1428621504818307616	CPU_0	11.47	0	3.27	81.96	0	3.27	0	0	0	0
1428621505444891358	CPU_0	0	0	0	95.31	0	3.12	1.56	0	0	0
1428621506077731046	CPU_0	0	0	1.61	98.38	0	0	0	0	0	0
1428621506703960455	CPU_0	0	0	0	100.00	0	0	0	0	0	0
1428621507331513278	CPU_0	0	0	1.61	98.38	0	0	0	0	0	0
1428621507957313396	CPU_0	0	0	0	100.00	0	0	0	0	0	0
1428621508589950001	CPU_0	0	0	1.56	96.87	0	1.56	0	0	0	0
1428621509215441703	CPU_0	9.83	0	0	88.52	0	1.63	0	0	0	0
1428621509842373903	CPU_0	0	0	1.58	96.82	0	0	1.58	0	0	0
1428621510468171480	CPU_0	0	0	3.17	96.82	0	0	0	0	0	0
1428621511100275086	CPU_0	0	0	0	98.38	0	1.61	0	0	0	0
1428621511725623413	CPU_0	0	0	1.61	98.38	0	0	0	0	0	0
1428621512353032112	CPU_0	0	0	0	98.36	0	1.63	0	0	0	0
1428621512978706897	CPU_0	0	0	1.61	98.38	0	0	0	0	0	0
1428621513604539932	CPU_0	0	0	0	98.36	0	1.63	0	0	0	0
1428621514236343956	CPU_0	0	0	0	98.38	0	0	1.61	0	0	0
1428621514862914073	CPU_0	0	0	0	91.04	0	8.95	0	0	0	0
1428621515488305651	CPU_0	0	0	0	100.00	0	0	0	0	0	0
1428621516113975811	CPU_0	0	0	0	100.00	0	0	0	0	0	0
1428621516746485708	CPU_0	0	0	0	100.00	0	0	0	0	0	0
1428621517373820949	CPU_0	0	0	1.63	98.36	0	0	0	0	0	0
1428621517999587692	CPU_0	0	0	0	100.00	0	0	0	0	0	0
1428621518625602019	CPU_0	0	0	0	98.38	0	0	1.61	0	0	0
1428621519260172371	CPU_0	1.63	0	0	98.36	0	0	0	0	0	0
1428621519887168445	CPU_0	0	0	1.58	98.41	0	0	0	0	0	0
1428621520513329563	CPU_0	0	0	0	92.30	0	0	7.69	0	0	0
1428621521140281305	CPU_0	0	0	1.61	98.38	0	0	0	0	0	0
1428621521774337782	CPU_0	0	0	3.03	92.42	0	4.54	0	0	0	0
1428621522401194982	CPU_0	0	0	0	100.00	0	0	0	0	0	0
1428621523027524183	CPU_0	0	0	0	100.00	0	0	0	0	0	0
1428621523654764591	CPU_0	0	0	1.61	98.38	0	0	0	0	0	0
1428621524291452355	CPU_0	0	0	1.61	98.38	0	0	0	0	0	0
1428621524918317597	CPU_0	0	0	0	100.00	0	0	0	0	0	0
1428621525545346255	CPU_0	0	0	0	100.00	0	0	0	0	0	0
1428621526171931664	CPU_0	0	0	1.61	96.77	0	1.61	0	0	0	0
1428621526798837114	CPU_0	0	0	0	100.00	0	0	0	0	0	0
1428621527432145385	CPU_0	0	0	0	96.82	0	1.58	1.58	0	0	0
1428621528058190045	CPU_0	0	0	0	100.00	0	0	0	0	0	0
1428621528684496913	CPU_0	0	0	1.58	96.82	0	1.58	0	0	0	0
1428621529311019155	CPU_0	0	0	1.63	98.36	0	0	0	0	0	0
1428621529944394843	CPU_0	0	0	0	95.38	0	4.61	0	0	0	0
1428621530571191168	CPU_0	0	0	1.61	98.38	0	0	0	0	0	0
1428621531197557994	CPU_0	0	0	1.63	98.36	0	0	0	0	0	0
1428621531824317153	CPU_0	0	0	0	98.36	1.63	0	0	0	0	0
1428621532457841299	CPU_0	0	0	0	100.00	0	0	0	0	0	0
1428621533084179209	CPU_0	0	0	0	98.36	0	1.63	0	0	0	0
1428621533710691910	CPU_0	0	0	0	100.00	0	0	0	0	0	0
1428621534338270900	CPU_0	0	0	1.49	91.04	0	7.46	0	0	0	0
1428621534971068714	CPU_0	0	0	1.58	98.41	0	0	0	0	0	0
1428621535598546163	CPU_0	0	0	0	100.00	0	0	0	0	0	0
1428621536225835321	CPU_0	0	0	1.61	98.38	0	0	0	0	0	0
1428621536853227229	CPU_0	0	0	3.17	96.82	0	0	0	0	0	0
1428621537485559293	CPU_0	0	0	1.61	98.38	0	0	0	0	0	0
1428621538114113449	CPU_0	0	0	0	100.00	0	0	0	0	0	0
1428621538741413565	CPU_0	0	0	0	100.00	0	0	0	0	0	0
1428621539368897973	CPU_0	0	0	0	100.00	0	0	0	0	0	0
1428621539995201758	CPU_0	0	0	3.17	96.82	0	0	0	0	0	0
1428621540628337613	CPU_0	0	0	0	100.00	0	0	0	0	0	0
1428621541254859230	CPU_0	1.58	0	3.17	95.23	0	0	0	0	0	0
1428621541882332305	CPU_0	0	0	0	98.38	0	1.61	0	0	0	0
1428621542509190880	CPU_0	0	0	0	100.00	0	0	0	0	0	0
1428621543142255569	CPU_0	0	0	1.58	96.82	0	1.58	0	0	0	0
1428621543768495687	CPU_0	0	0	1.61	98.38	0	0	0	0	0	0
1428621544395872262	CPU_0	0	0	0	98.38	0	1.61	0	0	0	0
1428621545022313463	CPU_0	0	0	0	100.00	0	0	0	0	0	0
1428621545655199736	CPU_0	0	0	1.58	96.82	0	1.58	0	0	0	0
1428621546281812437	CPU_0	0	0	0	100.00	0	0	0	0	0	0
1428621546907892306	CPU_0	0	0	0	93.75	0	6.25	0	0	0	0
1428621547535100631	CPU_0	0	0	1.61	98.38	0	0	0	0	0	0
1428621548166800072	CPU_0	0	0	0	100.00	0	0	0	0	0	0
1428621548793458940	CPU_0	0	0	0	100.00	0	0	0	0	0	0
1428621549419712433	CPU_0	0	0	1.61	96.77	0	0	1.61	0	0	0
1428621550046936509	CPU_0	0	0	1.61	98.38	0	0	0	0	0	0
1428621550673726626	CPU_0	0	0	0	100.00	0	0	0	0	0	0
1428621551306285941	CPU_0	0	0	1.53	93.84	0	0	4.61	0	0	0
1428621551932882976	CPU_0	0	0	1.58	96.82	0	1.58	0	0	0	0
1428621552560226259	CPU_0	0	0	1.49	89.55	0	8.95	0	0	0	0
1428621553186953085	CPU_0	0	0	1.61	98.38	0	0	0	0	0	0
1428621553821494271	CPU_0	0	0	0	100.00	0	0	0	0	0	0
1428621554447728098	CPU_0	0	0	0	100.00	0	0	0	0	0	0
1428621555075113590	CPU_0	0	0	1.61	98.38	0	0	0	0	0	0
1428621555702096249	CPU_0	1.61	0	1.61	96.77	0	0	0	0	0	0
1428621556336334727	CPU_0	0	0	0	100.00	0	0	0	0	0	0
1428621556963247261	CPU_0	0	0	1.63	98.36	0	0	0	0	0	0
1428621557590256503	CPU_0	0	0	0	100.00	0	0	0	0	0	0
1428621558217048705	CPU_0	0	0	1.66	98.33	0	0	0	0	0	0
1428621558851542391	CPU_0	0	0	1.58	98.41	0	0	0	0	0	0
1428621559478341050	CPU_0	0	0	0	100.00	0	0	0	0	0	0
1428621560105738750	CPU_0	0	0	0	100.00	0	0	0	0	0	0
1428621560732635243	CPU_0	0	0	4.22	85.91	0	9.85	0	0	0	0
1428621561366399014	CPU_0	0	0	0	100.00	0	0	0	0	0	0
1428621561993477381	CPU_0	0	0	1.61	96.77	1.61	0	0	0	0	0
1428621562620975790	CPU_0	0	0	1.61	98.38	0	0	0	0	0	0
1428621563247680991	CPU_0	0	0	0	100.00	0	0	0	0	0	0
1428621563877435062	CPU_0	0	0	0	100.00	0	0	0	0	0	0
1428621564509347920	CPU_0	0	0	1.61	98.38	0	0	0	0	0	0
1428621565136545162	CPU_0	0	0	1.61	98.38	0	0	0	0	0	0
1428621565763863862	CPU_0	0	0	0	100.00	0	0	0	0	0	0
1428621566392174686	CPU_0	4.68	0	3.12	89.06	0	0	3.12	0	0	0
1428621567024972875	CPU_0	0	0	0	100.00	0	0	0	0	0	0
1428621567653185824	CPU_0	0	0	0	100.00	0	0	0	0	0	0
1428621568279906151	CPU_0	0	0	1.61	98.38	0	0	0	0	0	0
1428621568908287599	CPU_0	0	0	1.61	98.38	0	0	0	0	0	0
1428621569540969539	CPU_0	0	0	0	98.38	0	1.61	0	0	0	0
1428621570168549656	CPU_0	0	0	0	100.00	0	0	0	0	0	0
1428621570794982316	CPU_0	0	0	0	92.42	0	7.57	0	0	0	0
1428621571422768807	CPU_0	0	0	0	100.00	0	0	0	0	0	0
1428621572055998288	CPU_0	0	0	1.61	98.38	0	0	0	0	0	0
1428621572682905573	CPU_0	0	0	0	100.00	0	0	0	0	0	0
1428621573310122023	CPU_0	0	0	0	100.00	0	0	0	0	0	0
1428621573937616057	CPU_0	0	0	1.61	98.38	0	0	0	0	0	0
1428621574570986996	CPU_0	0	0	0	100.00	0	0	0	0	0	0
1428621575198356363	CPU_0	0	0	0	100.00	0	0	0	0	0	0
1428621575824798149	CPU_0	0	0	1.58	96.82	0	0	1.58	0	0	0
1428621576452291932	CPU_0	0	0	0	100.00	0	0	0	0	0	0
1428621577080596048	CPU_0	0	0	1.58	96.82	0	1.58	0	0	0	0
1428621577712164365	CPU_0	0	0	1.49	91.04	0	5.97	1.49	0	0	0
1428621578338163693	CPU_0	0	0	1.61	98.38	0	0	0	0	0	0
1428621578965611269	CPU_0	0	0	0	100.00	0	0	0	0	0	0
1428621579592209971	CPU_0	1.63	0	0	98.36	0	0	0	0	0	0
1428621580226376950	CPU_0	0	0	3.17	96.82	0	0	0	0	0	0
1428621580853401443	CPU_0	0	0	1.58	98.41	0	0	0	0	0	0
1428621581480213228	CPU_0	0	0	0	100.00	0	0	0	0	0	0
1428621582107148846	CPU_0	0	0	1.61	98.38	0	0	0	0	0	0
1428621582740763160	CPU_0	0	0	0	100.00	0	0	0	0	0	0
1428621583368713109	CPU_0	0	0	1.58	96.82	0	1.58	0	0	0	0
1428621583996453018	CPU_0	0	0	0	89.70	0	10.29	0	0	0	0
1428621584623854260	CPU_0	0	0	0	98.38	0	0	1.61	0	0	0
1428621585257964906	CPU_0	0	0	3.17	96.82	0	0	0	0	0	0
1428621585885937856	CPU_0	0	0	0	100.00	0	0	0	0	0	0
1428621586513421265	CPU_0	0	0	0	100.00	0	0	0	0	0	0
1428621587140030425	CPU_0	0	0	1.63	98.36	0	0	0	0	0	0
1428621587773712697	CPU_0	0	0	0	100.00	0	0	0	0	0	0
1428621588400988607	CPU_0	0	0	0	100.00	0	0	0	0	0	0
1428621589028058267	CPU_0	0	0	1.58	96.82	0	0	1.58	0	0	0
1428621589654357303	CPU_0	0	0	1.61	98.38	0	0	0	0	0	0
1428621590287313118	CPU_0	0	0	0	100.00	0	0	0	0	0	0
1428621590917523563	CPU_0	0	0	1.58	98.41	0	0	0	0	0	0
1428621591545118639	CPU_0	0	0	1.63	98.36	0	0	0	0	0	0
1428621592171388925	CPU_0	0	0	0	98.36	1.63	0	0	0	0	0
1428621592799161292	CPU_0	0	0	1.61	98.38	0	0	0	0	0	0
1428621593434011312	CPU_0	0	0	1.56	96.87	0	0	1.56	0	0	0
1428621594061767262	CPU_0	0	0	0	98.36	0	1.63	0	0	0	0
1428621594689491838	CPU_0	0	0	1.61	98.38	0	0	0	0	0	0
1428621595317511621	CPU_0	0	0	0	98.38	0	1.61	0	0	0	0
1428621595951840683	CPU_0	0	0	0	100.00	0	0	0	0	0	0
1428621596579387218	CPU_0	0	0	1.61	96.77	0	1.61	0	0	0	0
1428621597206355128	CPU_0	0	0	1.47	89.70	0	1.47	7.35	0	0	0
1428621597834258494	CPU_0	0	0	0	100.00	0	0	0	0	0	0
1428621598469282389	CPU_0	0	0	1.61	98.38	0	0	0	0	0	0
1428621599096969840	CPU_0	0	0	3.12	95.31	0	1.56	0	0	0	0
1428621599725017831	CPU_0	0	0	0	96.77	0	3.22	0	0	0	0
1428621600353485822	CPU_0	0	0	1.61	98.38	0	0	0	0	0	0
1428621600988410050	CPU_0	0	0	0	100.00	0	0	0	0	0	0
1428621601616082209	CPU_0	0	0	1.66	98.33	0	0	0	0	0	0
1428621602243039953	CPU_0	0	0	1.61	96.77	0	1.61	0	0	0	0
1428621602871134319	CPU_0	0	0	0	100.00	0	0	0	0	0	0
1428621603505113883	CPU_0	0	0	0	98.38	0	1.61	0	0	0	0
1428621604132866959	CPU_0	0	0	3.17	96.82	0	0	0	0	0	0
1428621604759935494	CPU_0	0	0	0	98.38	0	1.61	0	0	0	0
1428621605388242860	CPU_0	0	0	0	98.36	0	1.63	0	0	0	0
1428621606016248018	CPU_0	0	0	1.61	98.38	0	0	0	0	0	0
1428621606648577877	CPU_0	0	0	0	89.70	0	10.29	0	0	0	0
1428621607275743037	CPU_0	0	0	0	100.00	0	0	0	0	0	0
1428621607904344028	CPU_0	0	0	1.61	98.38	0	0	0	0	0	0
1428621608531959562	CPU_0	0	0	0	100.00	0	0	0	0	0	0
1428621609165818626	CPU_0	1.61	0	0	98.38	0	0	0	0	0	0
1428621609793125869	CPU_0	0	0	1.61	98.38	0	0	0	0	0	0
1428621610421787651	CPU_0	0	0	0	100.00	0	0	0	0	0	0
1428621611048908020	CPU_0	0	0	0	100.00	0	0	0	0	0	0
1428621611683588624	CPU_0	0	0	1.61	98.38	0	0	0	0	0	0
1428621612310697784	CPU_0	0	0	0	100.00	0	0	0	0	0	0
1428621612939406358	CPU_0	0	0	0	100.00	0	0	0	0	0	0
1428621613566915601	CPU_0	0	0	1.61	98.38	0	0	0	0	0	0
1428621614201285873	CPU_0	0	0	0	100.00	0	0	0	0	0	0
1428621614828116284	CPU_0	0	0	1.61	98.38	0	0	0	0	0	0
1428621615456926941	CPU_0	0	0	0	98.38	0	1.61	0	0	0	0
1428621616084510725	CPU_0	0	0	1.63	98.36	0	0	0	0	0	0
1428621616719324954	CPU_0	0	0	0	92.53	0	1.49	5.97	0	0	0
1428621617346301365	CPU_0	0	0	1.44	88.40	0	10.14	0	0	0	0
1428621617974344774	CPU_0	0	0	1.61	98.38	0	0	0	0	0	0
1428621618601216310	CPU_0	0	0	1.61	98.38	0	0	0	0	0	0
1428621619234060084	CPU_0	1.58	0	3.17	95.23	0	0	0	0	0	0
1428621619861166203	CPU_0	0	0	0	100.00	0	0	0	0	0	0
1428621620489658111	CPU_0	0	0	0	100.00	0	0	0	0	0	0
1428621621117332312	CPU_0	0	0	0	100.00	0	0	0	0	0	0
1428621621745365430	CPU_0	0	0	1.61	98.38	0	0	0	0	0	0
1428621622376730124	CPU_0	0	0	0	100.00	0	0	0	0	0	0
1428621623004721158	CPU_0	0	0	1.63	98.36	0	0	0	0	0	0
1428621623631306361	CPU_0	1.69	0	0	94.91	0	3.38	0	0	0	0
1428621624257780898	CPU_0	0	0	3.38	96.61	0	0	0	0	0	0
1428621624891292421	CPU_0	11.47	0	3.27	83.60	0	1.63	0	0	0	0
1428621625519824121	CPU_0	0	0	0	98.38	0	1.61	0	0	0	0
1428621626146383283	CPU_0	0	0	0	89.55	0	10.44	0	0	0	0
1428621626773911234	CPU_0	0	0	1.61	98.38	0	0	0	0	0	0
1428621627407566549	CPU_0	0	0	1.61	98.38	0	0	0	0	0	0
1428621628035793000	CPU_0	0	0	1.61	98.38	0	0	0	0	0	0
1428621628662726536	CPU_0	0	0	1.61	98.38	0	0	0	0	0	0
1428621629289348156	CPU_0	9.83	0	1.63	88.52	0	0	0	0	0	0
1428621629923650844	CPU_0	0	0	0	100.00	0	0	0	0	0	0
1428621630550611297	CPU_0	0	0	1.61	98.38	0	0	0	0	0	0
1428621631177893541	CPU_0	0	0	1.61	98.38	0	0	0	0	0	0
1428621631804975577	CPU_0	0	0	0	100.00	0	0	0	0	0	0
1428621632440018931	CPU_0	0	0	3.12	95.31	1.56	0	0	0	0	0
1428621633068428048	CPU_0	0	0	0	98.38	0	0	1.61	0	0	0
1428621633696389582	CPU_0	1.63	0	0	98.36	0	0	0	0	0	0
1428621634324239325	CPU_0	0	0	0	98.36	0	1.63	0	0	0	0
1428621634954623396	CPU_0	0	0	0	100.00	0	0	0	0	0	0
1428621635586200840	CPU_0	0	0	1.61	98.38	0	0	0	0	0	0
1428621636214160541	CPU_0	0	0	0	98.38	0	1.61	0	0	0	0
1428621636841015161	CPU_0	0	0	0	100.00	0	0	0	0	0	0
1428621637469363820	CPU_0	0	0	0	98.36	0	1.63	0	0	0	0
1428621638102385678	CPU_0	0	0	4.61	95.38	0	0	0	0	0	0
1428621638730121921	CPU_0	0	0	0	98.38	0	1.61	0	0	0	0
1428621639357294707	CPU_0	0	0	0	98.36	0	0	1.63	0	0	0
1428621639986233698	CPU_0	0	0	1.56	96.87	0	1.56	0	0	0	0
1428621640620511596	CPU_0	0	0	0	100.00	0	0	0	0	0	0
1428621641248320922	CPU_0	0	0	0	92.42	0	7.57	0	0	0	0
1428621641876371331	CPU_0	0	0	1.61	98.38	0	0	0	0	0	0
1428621642505495864	CPU_0	0	0	0	100.00	0	0	0	0	0	0
1428621643140271677	CPU_0	0	0	1.61	98.38	0	0	0	0	0	0
1428621643768253836	CPU_0	0	0	0	98.38	0	0	1.61	0	0	0
1428621644396050205	CPU_0	0	0	1.61	98.38	0	0	0	0	0	0
1428621645024818196	CPU_0	0	0	0	100.00	0	0	0	0	0	0
1428621645658967552	CPU_0	1.58	0	0	95.23	0	0	3.17	0	0	0
1428621646286932920	CPU_0	0	0	0	100.00	0	0	0	0	0	0
1428621646914425289	CPU_0	0	0	0	100.00	0	0	0	0	0	0
1428621647543358697	CPU_0	0	0	1.61	96.77	0	1.61	0	0	0	0
1428621648178023510	CPU_0	0	0	0	100.00	0	0	0	0	0	0
1428621648807067960	CPU_0	0	0	0	98.38	0	1.61	0	0	0	0
1428621649435032786	CPU_0	0	0	1.61	98.38	0	0	0	0	0	0
1428621650063966986	CPU_0	0	0	0	98.38	0	1.61	0	0	0	0
1428621650698206592	CPU_0	0	0	1.56	95.31	0	3.12	0	0	0	0
1428621651328968454	CPU_0	0	0	1.61	98.38	0	0	0	0	0	0
1428621651957493488	CPU_0	0	0	1.61	98.38	0	0	0	0	0	0
1428621652585932564	CPU_0	0	0	1.61	98.38	0	0	0	0	0	0
1428621653213181559	CPU_0	0	0	1.61	98.38	0	0	0	0	0	0
1428621653848329579	CPU_0	0	0	0	98.38	0	1.61	0	0	0	0
1428621654476227697	CPU_0	0	0	0	100.00	0	0	0	0	0	0
1428621655104666523	CPU_0	0	0	1.61	98.38	0	0	0	0	0	0
1428621655732457308	CPU_0	0	0	0	87.14	0	12.85	0	0	0	0
1428621656367070872	CPU_0	0	0	1.58	98.41	0	0	0	0	0	0
1428621656995096324	CPU_0	0	0	1.42	85.71	0	0	12.85	0	0	0
1428621657623558066	CPU_0	0	0	3.17	96.82	0	0	0	0	0	0
1428621658251188643	CPU_0	0	0	0	100.00	0	0	0	0	0	0
1428621658886082040	CPU_0	0	0	0	100.00	0	0	0	0	0	0
1428621659514439949	CPU_0	0	0	0	100.00	0	0	0	0	0	0
1428621660143075233	CPU_0	0	0	3.17	96.82	0	0	0	0	0	0
1428621660770880477	CPU_0	0	0	0	100.00	0	0	0	0	0	0
1428621661405253708	CPU_0	0	0	1.63	98.36	0	0	0	0	0	0
1428621662033493992	CPU_0	0	0	1.61	98.38	0	0	0	0	0	0
1428621662661822943	CPU_0	0	0	0	100.00	0	0	0	0	0	0
1428621663289571396	CPU_0	0	0	1.63	98.36	0	0	0	0	0	0
1428621663924279043	CPU_0	0	0	1.61	98.38	0	0	0	0	0	0
1428621664553465575	CPU_0	0	0	1.61	98.38	0	0	0	0	0	0
1428621665182776066	CPU_0	0	0	0	100.00	0	0	0	0	0	0
1428621665810605810	CPU_0	0	0	1.61	98.38	0	0	0	0	0	0
1428621666445339582	CPU_0	0	0	0	98.38	0	1.61	0	0	0	0
1428621667077057277	CPU_0	0	0	1.58	96.82	1.58	0	0	0	0	0
1428621667705506311	CPU_0	0	0	0	98.38	0	1.61	0	0	0	0
1428621668333786721	CPU_0	0	0	1.61	98.38	0	0	0	0	0	0
1428621668961970339	CPU_0	0	0	0	100.00	0	0	0	0	0	0
1428621669597097277	CPU_0	1.58	0	0	96.82	0	1.58	0	0	0	0
1428621670225972019	CPU_0	0	0	1.53	93.84	0	4.61	0	0	0	0
1428621670854609178	CPU_0	0	0	0	100.00	0	0	0	0	0	0
1428621671484375668	CPU_0	0	0	1.61	98.38	0	0	0	0	0	0
1428621672119541440	CPU_0	0	0	1.61	98.38	0	0	0	0	0	0
1428621672748114057	CPU_0	0	0	0	100.00	0	0	0	0	0	0
1428621673376487967	CPU_0	0	0	1.61	98.38	0	0	0	0	0	0
1428621674006366249	CPU_0	0	0	0	98.41	0	1.58	0	0	0	0
1428621674641416146	CPU_0	0	0	0	100.00	0	0	0	0	0	0
1428621675270333763	CPU_0	0	0	1.61	98.38	0	0	0	0	0	0
1428621675898409964	CPU_0	0	0	0	98.38	0	1.61	0	0	0	0
1428621676527926664	CPU_0	0	0	0	100.00	0	0	0	0	0	0
1428621677162204479	CPU_0	0	0	1.56	96.87	0	1.56	0	0	0	0
1428621677791510178	CPU_0	0	0	1.61	98.38	0	0	0	0	0	0
1428621678420066838	CPU_0	0	0	1.49	91.04	0	7.46	0	0	0	0
1428621679049949411	CPU_0	0	0	1.61	98.38	0	0	0	0	0	0
1428621679685057600	CPU_0	0	0	0	100.00	0	0	0	0	0	0
1428621680314819090	CPU_0	1.58	0	1.58	96.82	0	0	0	0	0	0
1428621680944412998	CPU_0	0	0	0	100.00	0	0	0	0	0	0
1428621681574648570	CPU_0	0	0	1.61	98.38	0	0	0	0	0	0
1428621682209457260	CPU_0	0	0	0	100.00	0	0	0	0	0	0
1428621682839499583	CPU_0	0	0	0	100.00	0	0	0	0	0	0
1428621683467936784	CPU_0	0	0	1.61	98.38	0	0	0	0	0	0
1428621684097840650	CPU_0	0	0	0	100.00	0	0	0	0	0	0
1428621684732644047	CPU_0	0	0	1.61	98.38	0	0	0	0	0	0
1428621685365023616	CPU_0	0	0	0	98.38	0	1.61	0	0	0	0
1428621685995066023	CPU_0	0	0	3.17	92.06	0	4.76	0	0	0	0
1428621686624180640	CPU_0	0	0	0	100.00	0	0	0	0	0	0
1428621687253045590	CPU_0	1.63	0	0	98.36	0	0	0	0	0	0
1428621687888832861	CPU_0	0	0	1.61	98.38	0	0	0	0	0	0
1428621688518431060	CPU_0	0	0	0	100.00	0	0	0	0	0	0
1428621689147993593	CPU_0	0	0	0	100.00	0	0	0	0	0	0
1428621689776770919	CPU_0	0	0	1.61	96.77	0	1.61	0	0	0	0
1428621690412216482	CPU_0	0	0	0	100.00	0	0	0	0	0	0
1428621691042151389	CPU_0	0	0	1.58	96.82	0	1.58	0	0	0	0
1428621691671394798	CPU_0	0	0	0	98.38	0	1.61	0	0	0	0
1428621692299977916	CPU_0	0	0	0	100.00	0	0	0	0	0	0
1428621692935991395	CPU_0	0	0	0	96.87	0	3.12	0	0	0	0
1428621693565529886	CPU_0	0	0	0	100.00	0	0	0	0	0	0
1428621694194581711	CPU_0	0	0	0	100.00	0	0	0	0	0	0
1428621694823783995	CPU_0	0	0	1.56	96.87	0	0	1.56	0	0	0
1428621695459124183	CPU_0	0	0	0	100.00	0	0	0	0	0	0
1428621696089270424	CPU_0	0	0	1.61	98.38	0	0	0	0	0	0
1428621696718886707	CPU_0	0	0	0	98.41	0	1.58	0	0	0	0
1428621697348589573	CPU_0	0	0	0	100.00	0	0	0	0	0	0
1428621697984515052	CPU_0	0	0	0	98.41	0	1.58	0	0	0	0
1428621698614469084	CPU_0	0	0	3.17	96.82	0	0	0	0	0	0
1428621699243037160	CPU_0	1.53	0	1.53	93.84	0	3.07	0	0	0	0
1428621699872967110	CPU_0	0	0	0	100.00	0	0	0	0	0	0
1428621700508315965	CPU_0	0	0	1.61	98.38	0	0	0	0	0	0
1428621701138505247	CPU_0	0	0	0	98.41	0	0	1.58	0	0	0
1428621701767174365	CPU_0	0	0	0	98.38	0	1.61	0	0	0	0
1428621702396058274	CPU_0	0	0	1.61	96.77	1.61	0	0	0	0	0
1428621703035009748	CPU_0	0	0	0	100.00	0	0	0	0	0	0
1428621703664673281	CPU_0	0	0	0	98.38	0	1.61	0	0	0	0
1428621704292913983	CPU_0	0	0	0	98.36	0	1.63	0	0	0	0
1428621704922140183	CPU_0	0	0	0	100.00	0	0	0	0	0	0
1428621705551930008	CPU_0	0	0	1.58	95.23	0	1.58	1.58	0	0	0
1428621706186960989	CPU_0	0	0	0	100.00	0	0	0	0	0	0
1428621706815491816	CPU_0	0	0	0	98.38	0	1.61	0	0	0	0
1428621707444647350	CPU_0	0	0	3.22	96.77	0	0	0	0	0	0
1428621708073505093	CPU_0	0	0	0	98.41	0	1.58	0	0	0	0
1428621708709599780	CPU_0	0	0	0	100.00	0	0	0	0	0	0
1428621709338046482	CPU_0	0	0	1.49	92.53	0	5.97	0	0	0	0
1428621709967174558	CPU_0	0	0	1.58	96.82	0	0	1.58	0	0	0
1428621710596995091	CPU_0	0	0	0	100.00	0	0	0	0	0	0
1428621711233194070	CPU_0	0	0	3.17	96.82	0	0	0	0	0	0
1428621711861718314	CPU_0	0	0	0	100.00	0	0	0	0	0	0
1428621712491098264	CPU_0	0	0	0	100.00	0	0	0	0	0	0
1428621713120732131	CPU_0	0	0	0	100.00	0	0	0	0	0	0
1428621713757398484	CPU_0	0	0	1.58	98.41	0	0	0	0	0	0
1428621714386167144	CPU_0	0	0	0	98.38	0	0	1.61	0	0	0
1428621715015910093	CPU_0	0	0	1.58	96.82	0	1.58	0	0	0	0
1428621715645910626	CPU_0	0	0	0	98.38	0	1.61	0	0	0	0
1428621716281329523	CPU_0	0	0	0	100.00	0	0	0	0	0	0
1428621716910071975	CPU_0	0	0	1.51	92.42	0	0	6.06	0	0	0
1428621717539399176	CPU_0	0	0	3.12	95.31	0	1.56	0	0	0	0
1428621718167473004	CPU_0	0	0	0	100.00	0	0	0	0	0	0
1428621718803484525	CPU_0	0	0	1.58	96.82	0	1.58	0	0	0	0
1428621719431947394	CPU_0	0	0	0	100.00	0	0	0	0	0	0
1428621720061556886	CPU_0	0	0	0	100.00	0	0	0	0	0	0
1428621720690543754	CPU_0	0	0	1.49	92.53	0	5.97	0	0	0	0
1428621721325887901	CPU_0	0	0	1.61	98.38	0	0	0	0	0	0
1428621721954694145	CPU_0	0	0	0	100.00	0	0	0	0	0	0
1428621722584007221	CPU_0	0	0	1.61	98.38	0	0	0	0	0	0
1428621723212428548	CPU_0	0	0	0	100.00	0	0	0	0	0	0
1428621723846754823	CPU_0	0	0	0	100.00	0	0	0	0	0	0
1428621724478682977	CPU_0	0	0	0	100.00	0	0	0	0	0	0
1428621725108205427	CPU_0	0	0	1.51	92.42	0	6.06	0	0	0	0
1428621725736803338	CPU_0	0	0	0	100.00	0	0	0	0	0	0
1428621726365706581	CPU_0	0	0	1.61	98.38	0	0	0	0	0	0
1428621727001523895	CPU_0	0	0	0	100.00	0	0	0	0	0	0
1428621727632017510	CPU_0	0	0	0	100.00	0	0	0	0	0	0
1428621728261625711	CPU_0	0	0	1.61	98.38	0	0	0	0	0	0
1428621728891393244	CPU_0	0	0	0	100.00	0	0	0	0	0	0
1428621729527955348	CPU_0	1.58	0	1.58	96.82	0	0	0	0	0	0
1428621730159026212	CPU_0	0	0	1.61	98.38	0	0	0	0	0	0
1428621730789568744	CPU_0	0	0	0	98.38	0	1.61	0	0	0	0
1428621731419715777	CPU_0	0	0	0	100.00	0	0	0	0	0	0
1428621732055930923	CPU_0	0	0	1.56	96.87	0	1.56	0	0	0	0
1428621732685697748	CPU_0	0	0	0	100.00	0	0	0	0	0	0
1428621733315404574	CPU_0	0	0	0	98.38	0	1.61	0	0	0	0
1428621733945046149	CPU_0	0	0	1.61	98.38	0	0	0	0	0	0
1428621734581806836	CPU_0	0	0	1.56	96.87	0	1.56	0	0	0	0
1428621735210895454	CPU_0	0	0	0	98.38	0	1.61	0	0	0	0
1428621735840354030	CPU_0	0	0	0	100.00	0	0	0	0	0	0
1428621736469837106	CPU_0	0	0	3.17	96.82	0	0	0	0	0	0
1428621737107003709	CPU_0	0	0	1.51	92.42	1.51	3.03	1.51	0	0	0
1428621737736061744	CPU_0	0	0	1.61	98.38	0	0	0	0	0	0
1428621738365454903	CPU_0	0	0	0	100.00	0	0	0	0	0	0
1428621738994298189	CPU_0	0	0	0	100.00	0	0	0	0	0	0
1428621739630814543	CPU_0	0	0	1.58	95.23	0	3.17	0	0	0	0
1428621740259644828	CPU_0	0	0	0	100.00	0	0	0	0	0	0
1428621740889368737	CPU_0	0	0	0	98.38	0	0	1.61	0	0	0
1428621741519148229	CPU_0	1.61	0	3.22	95.16	0	0	0	0	0	0
1428621742155514625	CPU_0	0	0	1.53	95.38	0	3.07	0	0	0	0
1428621742784808118	CPU_0	0	0	1.61	98.38	0	0	0	0	0	0
1428621743414510902	CPU_0	1.66	0	1.66	96.66	0	0	0	0	0	0
1428621744043916354	CPU_0	0	0	1.66	95.00	0	3.33	0	0	0	0
1428621744680175500	CPU_0	11.29	0	4.83	79.03	0	3.22	1.61	0	0	0
1428621745310622449	CPU_0	0	0	1.58	96.82	0	1.58	0	0	0	0
1428621745941130898	CPU_0	0	0	1.61	98.38	0	0	0	0	0	0
1428621746570623600	CPU_0	0	0	0	93.84	0	6.15	0	0	0	0
1428621747206680871	CPU_0	1.58	0	1.58	96.82	0	0	0	0	0	0
1428621747852961873	CPU_0	0	0	1.58	98.41	0	0	0	0	0	0
