#Timestamp	CPU_ID	user%	nice%	sys%	idle%	iowait%	irq%	softiq%	steal%	guest%	guest_nice%
1428542867236250663	CPU_0	84.48	0	12.06	1.72	0	0	1.72	0	0	0
1428542867850420289	CPU_0	100.00	0	0	0	0	0	0	0	0	0
1428542868465698081	CPU_0	96.77	0	1.61	0	0	1.61	0	0	0	0
1428542869079791791	CPU_0	96.77	0	0	0	0	1.61	1.61	0	0	0
1428542869702114493	CPU_0	100.00	0	0	0	0	0	0	0	0	0
1428542870317876868	CPU_0	96.77	0	1.61	0	0	1.61	0	0	0	0
1428542870934155867	CPU_0	95.23	0	1.58	0	0	1.58	1.58	0	0	0
1428542871547774702	CPU_0	96.72	0	1.63	0	0	1.63	0	0	0	0
1428542872162912119	CPU_0	98.33	0	0	0	0	1.66	0	0	0	0
1428542872784586989	CPU_0	96.82	0	1.58	0	0	0	1.58	0	0	0
1428542873400296072	CPU_0	98.36	0	0	0	0	1.63	0	0	0	0
1428542874016028988	CPU_0	98.36	0	0	0	0	1.63	0	0	0	0
1428542874631906196	CPU_0	98.38	0	0	0	0	1.61	0	0	0	0
1428542875248124945	CPU_0	96.77	0	0	0	0	1.61	1.61	0	0	0
1428542875870379564	CPU_0	100.00	0	0	0	0	0	0	0	0	0
1428542876486619022	CPU_0	98.36	0	0	0	0	1.63	0	0	0	0
1428542877103373354	CPU_0	96.77	0	0	0	0	1.61	1.61	0	0	0
1428542877719238686	CPU_0	98.38	0	0	0	0	1.61	0	0	0	0
1428542878341990222	CPU_0	98.38	0	0	0	0	1.61	0	0	0	0
1428542878959217761	CPU_0	96.82	0	0	0	0	1.58	1.58	0	0	0
1428542879576487218	CPU_0	98.36	0	1.63	0	0	0	0	0	0	0
1428542880193899091	CPU_0	98.36	0	0	0	0	1.63	0	0	0	0
1428542880811234922	CPU_0	96.77	0	1.61	0	0	1.61	0	0	0	0
1428542881434859498	CPU_0	95.23	0	1.58	0	0	1.58	1.58	0	0	0
1428542882052550038	CPU_0	96.72	0	1.63	0	0	1.63	0	0	0	0
1428542882669732327	CPU_0	100.00	0	0	0	0	0	0	0	0	0
1428542883287627908	CPU_0	95.16	0	1.61	0	0	1.61	1.61	0	0	0
1428542883911246818	CPU_0	98.38	0	0	0	0	1.61	0	0	0	0
1428542884528985065	CPU_0	98.38	0	0	0	0	1.61	0	0	0	0
1428542885145975272	CPU_0	95.23	0	1.58	0	0	1.58	1.58	0	0	0
1428542885764018852	CPU_0	98.38	0	0	0	0	1.61	0	0	0	0
1428542886381277933	CPU_0	100.00	0	0	0	0	0	0	0	0	0
1428542887005132467	CPU_0	96.82	0	0	0	0	1.58	1.58	0	0	0
1428542887622398424	CPU_0	96.77	0	1.61	0	0	1.61	0	0	0	0
1428542888239631088	CPU_0	95.08	0	3.27	0	0	1.63	0	0	0	0
1428542888857768335	CPU_0	98.38	0	1.61	0	0	0	0	0	0	0
1428542889481418994	CPU_0	96.82	0	0	0	0	1.58	1.58	0	0	0
1428542890098917825	CPU_0	98.36	0	0	0	0	1.63	0	0	0	0
1428542890716406697	CPU_0	98.38	0	0	0	0	1.61	0	0	0	0
1428542891334503611	CPU_0	95.16	0	1.61	0	0	1.61	1.61	0	0	0
1428542891952708274	CPU_0	96.77	0	1.61	0	0	1.61	0	0	0	0
1428542892576226725	CPU_0	98.38	0	1.61	0	0	0	0	0	0	0
1428542893194763722	CPU_0	96.77	0	0	0	0	1.61	1.61	0	0	0
1428542893813181302	CPU_0	98.38	0	0	0	0	1.61	0	0	0	0
1428542894431512632	CPU_0	98.36	0	0	0	0	1.63	0	0	0	0
1428542895055342624	CPU_0	95.23	0	1.58	0	0	1.58	1.58	0	0	0
1428542895674316703	CPU_0	96.82	0	1.58	0	0	1.58	0	0	0	0
1428542896293490491	CPU_0	98.36	0	0	0	0	1.63	0	0	0	0
1428542896911851029	CPU_0	96.77	0	0	0	0	1.61	1.61	0	0	0
1428542897530021442	CPU_0	98.38	0	0	0	0	1.61	0	0	0	0
1428542898154914558	CPU_0	98.38	0	1.61	0	0	0	0	0	0	0
1428542898773497096	CPU_0	96.72	0	1.63	0	0	1.63	0	0	0	0
1428542899392576758	CPU_0	96.77	0	0	0	0	1.61	1.61	0	0	0
1428542900010211714	CPU_0	98.38	0	0	0	0	1.61	0	0	0	0
1428542900634571038	CPU_0	98.41	0	0	0	0	1.58	0	0	0	0
1428542901252572618	CPU_0	98.36	0	0	0	0	0	1.63	0	0	0
1428542901872420030	CPU_0	95.16	0	1.61	0	0	3.22	0	0	0	0
1428542902490058319	CPU_0	96.77	0	1.61	0	0	1.61	0	0	0	0
1428542903108506023	CPU_0	96.77	0	1.61	0	0	0	1.61	0	0	0
1428542903733668680	CPU_0	95.23	0	0	0	0	4.76	0	0	0	0
1428542904352859759	CPU_0	96.72	0	1.63	0	0	1.63	0	0	0	0
1428542904971057255	CPU_0	92.06	0	3.17	0	0	3.17	1.58	0	0	0
1428542905589949459	CPU_0	96.77	0	1.61	0	0	1.61	0	0	0	0
1428542906214047659	CPU_0	100.00	0	0	0	0	0	0	0	0	0
1428542906833164321	CPU_0	95.16	0	1.61	0	0	1.61	1.61	0	0	0
1428542907451198151	CPU_0	98.38	0	0	0	0	1.61	0	0	0	0
1428542908069715313	CPU_0	96.82	0	1.58	0	0	1.58	0	0	0	0
1428542908687140810	CPU_0	96.72	0	0	0	0	1.63	1.63	0	0	0
1428542909313071675	CPU_0	95.23	0	3.17	0	0	1.58	0	0	0	0
1428542909931599879	CPU_0	98.36	0	1.63	0	0	0	0	0	0	0
1428542910550940416	CPU_0	96.77	0	0	0	0	1.61	1.61	0	0	0
1428542911169626453	CPU_0	98.41	0	0	0	0	1.58	0	0	0	0
1428542911795094068	CPU_0	96.77	0	1.61	0	0	1.61	0	0	0	0
1428542912413051148	CPU_0	96.77	0	0	0	0	1.61	1.61	0	0	0
1428542913031323185	CPU_0	100.00	0	0	0	0	0	0	0	0	0
1428542913650027681	CPU_0	98.36	0	0	0	0	1.63	0	0	0	0
1428542914268565885	CPU_0	96.72	0	1.63	0	0	1.63	0	0	0	0
1428542914893667250	CPU_0	95.38	0	1.53	0	0	1.53	1.53	0	0	0
1428542915512266245	CPU_0	98.36	0	0	0	0	1.63	0	0	0	0
1428542916130506949	CPU_0	98.36	0	0	0	0	1.63	0	0	0	0
1428542916749707278	CPU_0	96.82	0	1.58	0	0	0	1.58	0	0	0
1428542917374565851	CPU_0	98.38	0	0	0	0	1.61	0	0	0	0
1428542917993519055	CPU_0	98.36	0	0	0	0	1.63	0	0	0	0
1428542918611651134	CPU_0	96.82	0	0	0	0	1.58	1.58	0	0	0
1428542919230405962	CPU_0	98.38	0	0	0	0	1.61	0	0	0	0
1428542919848981166	CPU_0	98.36	0	0	0	0	1.63	0	0	0	0
1428542920474088239	CPU_0	100.00	0	0	0	0	0	0	0	0	0
1428542921092124110	CPU_0	95.16	0	1.61	0	0	1.61	1.61	0	0	0
1428542921711365188	CPU_0	96.77	0	1.61	0	0	1.61	0	0	0	0
1428542922330091891	CPU_0	98.38	0	0	0	0	1.61	0	0	0	0
1428542922955085215	CPU_0	95.23	0	1.58	0	0	1.58	1.58	0	0	0
1428542923573820043	CPU_0	98.38	0	0	0	0	1.61	0	0	0	0
1428542924192798996	CPU_0	98.36	0	1.63	0	0	0	0	0	0	0
1428542924811376366	CPU_0	96.77	0	0	0	0	1.61	1.61	0	0	0
1428542925430097736	CPU_0	96.82	0	1.58	0	0	1.58	0	0	0	0
1428542926054987143	CPU_0	98.38	0	0	0	0	1.61	0	0	0	0
1428542926674781720	CPU_0	96.82	0	0	0	0	1.58	1.58	0	0	0
1428542927293274799	CPU_0	96.72	0	1.63	0	0	1.63	0	0	0	0
1428542927912896876	CPU_0	100.00	0	0	0	0	0	0	0	0	0
1428542928537237866	CPU_0	96.82	0	0	0	0	1.58	1.58	0	0	0
1428542929156296236	CPU_0	96.82	0	1.58	0	0	1.58	0	0	0	0
1428542929774287106	CPU_0	98.36	0	0	0	0	1.63	0	0	0	0
1428542930394171850	CPU_0	98.38	0	0	0	0	1.61	0	0	0	0
1428542931012592387	CPU_0	95.08	0	3.27	0	0	0	1.63	0	0	0
1428542931637811251	CPU_0	96.82	0	1.58	0	0	1.58	0	0	0	0
1428542932256475038	CPU_0	96.77	0	1.61	0	0	1.61	0	0	0	0
1428542932876600114	CPU_0	96.82	0	0	0	0	1.58	1.58	0	0	0
1428542933494955193	CPU_0	96.77	0	1.61	0	0	1.61	0	0	0	0
1428542934120361348	CPU_0	98.36	0	0	0	0	1.63	0	0	0	0
1428542934738539052	CPU_0	98.38	0	0	0	0	0	1.61	0	0	0
1428542935358172879	CPU_0	95.16	0	1.61	0	0	3.22	0	0	0	0
1428542935976810332	CPU_0	98.38	0	1.61	0	0	0	0	0	0	0
1428542936596196409	CPU_0	96.77	0	0	0	0	1.61	1.61	0	0	0
1428542937221601606	CPU_0	96.82	0	1.58	0	0	1.58	0	0	0	0
1428542937841389975	CPU_0	98.36	0	0	0	0	1.63	0	0	0	0
1428542938460554969	CPU_0	98.38	0	0	0	0	1.61	0	0	0	0
1428542939079629755	CPU_0	96.82	0	1.58	0	0	0	1.58	0	0	0
1428542939704048661	CPU_0	98.36	0	0	0	0	1.63	0	0	0	0
1428542940324017946	CPU_0	96.82	0	1.58	0	0	1.58	0	0	0	0
1428542940942627066	CPU_0	96.77	0	0	0	0	1.61	1.61	0	0	0
1428542941562330434	CPU_0	98.38	0	0	0	0	1.61	0	0	0	0
1428542942181424303	CPU_0	96.77	0	1.61	0	0	1.61	0	0	0	0
1428542942807332708	CPU_0	96.77	0	1.61	0	0	0	1.61	0	0	0
1428542943426969868	CPU_0	98.38	0	0	0	0	1.61	0	0	0	0
1428542944047186194	CPU_0	98.36	0	0	0	0	1.63	0	0	0	0
1428542944666138647	CPU_0	95.31	0	1.56	0	0	1.56	1.56	0	0	0
1428542945291989468	CPU_0	98.38	0	0	0	0	1.61	0	0	0	0
1428542945912271669	CPU_0	100.00	0	0	0	0	0	0	0	0	0
1428542946532367537	CPU_0	96.77	0	1.61	0	0	1.61	0	0	0	0
1428542947151533989	CPU_0	93.65	0	3.17	0	0	1.58	1.58	0	0	0
1428542947771026524	CPU_0	98.36	0	0	0	0	1.63	0	0	0	0
1428542948397142929	CPU_0	96.82	0	1.58	0	0	1.58	0	0	0	0
1428542949017015089	CPU_0	98.38	0	0	0	0	0	1.61	0	0	0
1428542949636571874	CPU_0	98.38	0	0	0	0	1.61	0	0	0	0
1428542950256048825	CPU_0	98.36	0	0	0	0	1.63	0	0	0	0
1428542950882161480	CPU_0	96.87	0	0	0	0	1.56	1.56	0	0	0
1428542951501574306	CPU_0	96.72	0	1.63	0	0	1.63	0	0	0	0
1428542952120276967	CPU_0	96.77	0	1.61	0	0	1.61	0	0	0	0
1428542952739628002	CPU_0	95.23	0	1.58	0	0	1.58	1.58	0	0	0
1428542953359047537	CPU_0	98.38	0	0	0	0	1.61	0	0	0	0
1428542953984779566	CPU_0	100.00	0	0	0	0	0	0	0	0	0
1428542954604061560	CPU_0	95.23	0	1.58	0	0	1.58	1.58	0	0	0
1428542955223183886	CPU_0	96.77	0	1.61	0	0	1.61	0	0	0	0
1428542955842710879	CPU_0	98.36	0	0	0	0	1.63	0	0	0	0
1428542956468293451	CPU_0	96.82	0	1.58	0	0	1.58	0	0	0	0
1428542957087234194	CPU_0	95.16	0	3.22	0	0	0	1.61	0	0	0
1428542957706029563	CPU_0	98.36	0	0	0	0	1.63	0	0	0	0
1428542958326391305	CPU_0	96.77	0	1.61	0	0	1.61	0	0	0	0
1428542958946953839	CPU_0	95.23	0	1.58	0	0	1.58	1.58	0	0	0
1428542959572554493	CPU_0	98.41	0	0	0	0	1.58	0	0	0	0
1428542960192003986	CPU_0	98.36	0	0	0	0	1.63	0	0	0	0
1428542960811723979	CPU_0	98.38	0	0	0	0	0	1.61	0	0	0
1428542961431411888	CPU_0	96.82	0	1.58	0	0	1.58	0	0	0	0
1428542962057651625	CPU_0	98.36	0	0	0	0	1.63	0	0	0	0
1428542962676507202	CPU_0	95.31	0	1.56	0	0	1.56	1.56	0	0	0
1428542963296211778	CPU_0	98.36	0	0	0	0	1.63	0	0	0	0
1428542963916311520	CPU_0	96.77	0	1.61	0	0	1.61	0	0	0	0
1428542964535918096	CPU_0	100.00	0	0	0	0	0	0	0	0	0
1428542965161146834	CPU_0	96.82	0	0	0	0	1.58	1.58	0	0	0
1428542965780820535	CPU_0	98.38	0	0	0	0	1.61	0	0	0	0
1428542966401202360	CPU_0	98.36	0	0	0	0	1.63	0	0	0	0
1428542967020839227	CPU_0	95.23	0	1.58	0	0	1.58	1.58	0	0	0
1428542967646326048	CPU_0	98.38	0	0	0	0	1.61	0	0	0	0
1428542968266000166	CPU_0	100.00	0	0	0	0	0	0	0	0	0
1428542968885918116	CPU_0	96.77	0	0	0	0	1.61	1.61	0	0	0
1428542969505668525	CPU_0	96.77	0	1.61	0	0	1.61	0	0	0	0
1428542970131460012	CPU_0	98.38	0	0	0	0	1.61	0	0	0	0
1428542970753770669	CPU_0	95.23	0	1.58	0	0	1.58	1.58	0	0	0
1428542971373538328	CPU_0	98.38	0	0	0	0	1.61	0	0	0	0
1428542971993286820	CPU_0	98.36	0	1.63	0	0	0	0	0	0	0
1428542972612706479	CPU_0	96.77	0	1.61	0	0	1.61	0	0	0	0
1428542973238778716	CPU_0	96.87	0	0	0	0	1.56	1.56	0	0	0
1428542973859919665	CPU_0	96.72	0	1.63	0	0	1.63	0	0	0	0
1428542974480292865	CPU_0	96.82	0	1.58	0	0	1.58	0	0	0	0
1428542975100365440	CPU_0	98.38	0	0	0	0	0	1.61	0	0	0
1428542975726440802	CPU_0	96.77	0	0	0	0	3.22	0	0	0	0
1428542976346460044	CPU_0	100.00	0	0	0	0	0	0	0	0	0
1428542976966676994	CPU_0	93.54	0	3.22	0	0	1.61	1.61	0	0	0
1428542977586855444	CPU_0	98.38	0	0	0	0	1.61	0	0	0	0
1428542978207020935	CPU_0	96.77	0	1.61	0	0	1.61	0	0	0	0
1428542978833730296	CPU_0	96.82	0	0	0	0	1.58	1.58	0	0	0
1428542979454399871	CPU_0	100.00	0	0	0	0	0	0	0	0	0
1428542980074362987	CPU_0	98.36	0	0	0	0	1.63	0	0	0	0
1428542980694446229	CPU_0	95.23	0	1.58	0	0	1.58	1.58	0	0	0
1428542981321104048	CPU_0	98.41	0	0	0	0	1.58	0	0	0	0
1428542981941730956	CPU_0	96.77	0	1.61	0	0	1.61	0	0	0	0
1428542982561766114	CPU_0	96.77	0	1.61	0	0	1.61	0	0	0	0
1428542983182551105	CPU_0	98.38	0	0	0	0	0	1.61	0	0	0
1428542983802727055	CPU_0	98.36	0	0	0	0	1.63	0	0	0	0
1428542984430227165	CPU_0	98.41	0	0	0	0	1.58	0	0	0	0
1428542985050235073	CPU_0	96.82	0	0	0	0	1.58	1.58	0	0	0
1428542985671080272	CPU_0	96.77	0	1.61	0	0	1.61	0	0	0	0
1428542986291256888	CPU_0	100.00	0	0	0	0	0	0	0	0	0
1428542986918776123	CPU_0	96.87	0	0	0	0	1.56	1.56	0	0	0
1428542987539222281	CPU_0	98.36	0	0	0	0	1.63	0	0	0	0
1428542988159908397	CPU_0	98.38	0	0	0	0	1.61	0	0	0	0
1428542988780229971	CPU_0	95.23	0	1.58	0	0	1.58	1.58	0	0	0
1428542989403060001	CPU_0	96.77	0	1.61	0	0	1.61	0	0	0	0
1428542990028208447	CPU_0	100.00	0	0	0	0	0	0	0	0	0
1428542990648908521	CPU_0	96.82	0	1.58	0	0	1.58	0	0	0	0
1428542991269970553	CPU_0	95.23	0	1.58	0	0	1.58	1.58	0	0	0
1428542991891012126	CPU_0	96.72	0	1.63	0	0	1.63	0	0	0	0
1428542992518390486	CPU_0	96.82	0	1.58	0	0	1.58	0	0	0	0
1428542993139356435	CPU_0	95.23	0	1.58	0	0	1.58	1.58	0	0	0
1428542993760187759	CPU_0	98.36	0	1.63	0	0	0	0	0	0	0
1428542994381196415	CPU_0	98.38	0	0	0	0	1.61	0	0	0	0
1428542995008229942	CPU_0	93.65	0	3.17	0	0	1.58	1.58	0	0	0
1428542995628735391	CPU_0	98.41	0	0	0	0	1.58	0	0	0	0
1428542996249980339	CPU_0	96.77	0	1.61	0	0	1.61	0	0	0	0
1428542996870336872	CPU_0	98.38	0	0	0	0	0	1.61	0	0	0
1428542997492092153	CPU_0	98.36	0	0	0	0	1.63	0	0	0	0
1428542998119027596	CPU_0	96.82	0	1.58	0	0	1.58	0	0	0	0
1428542998739836170	CPU_0	96.82	0	0	0	0	1.58	1.58	0	0	0
1428542999360270702	CPU_0	98.38	0	0	0	0	1.61	0	0	0	0
1428542999982207483	CPU_0	96.77	0	1.61	0	0	1.61	0	0	0	0
1428543000609295718	CPU_0	100.00	0	0	0	0	0	0	0	0	0
1428543001230153624	CPU_0	95.16	0	1.61	0	0	1.61	1.61	0	0	0
1428543001851325697	CPU_0	96.77	0	1.61	0	0	1.61	0	0	0	0
1428543002473009103	CPU_0	98.38	0	0	0	0	1.61	0	0	0	0
1428543003093870885	CPU_0	95.23	0	1.58	0	0	1.58	1.58	0	0	0
1428543003721401078	CPU_0	96.77	0	1.61	0	0	1.61	0	0	0	0
1428543004342160401	CPU_0	96.82	0	1.58	0	0	1.58	0	0	0	0
1428543004963732223	CPU_0	96.77	0	0	0	0	1.61	1.61	0	0	0
1428543005584931880	CPU_0	100.00	0	0	0	0	0	0	0	0	0
1428543006212939947	CPU_0	96.77	0	1.61	0	0	1.61	0	0	0	0
1428543006834590644	CPU_0	96.82	0	0	0	0	1.58	1.58	0	0	0
1428543007456801341	CPU_0	96.77	0	1.61	0	0	1.61	0	0	0	0
1428543008078158331	CPU_0	96.77	0	1.61	0	0	1.61	0	0	0	0
1428543008706788981	CPU_0	96.87	0	0	0	0	1.56	1.56	0	0	0
1428543009328428511	CPU_0	100.00	0	0	0	0	0	0	0	0	0
1428543009950497333	CPU_0	96.77	0	1.61	0	0	1.61	0	0	0	0
1428543010571592239	CPU_0	96.77	0	1.61	0	0	1.61	0	0	0	0
1428543011192299146	CPU_0	95.23	0	1.58	0	0	1.58	1.58	0	0	0
1428543011820425629	CPU_0	98.38	0	0	0	0	1.61	0	0	0	0
1428543012442576326	CPU_0	96.77	0	1.61	0	0	1.61	0	0	0	0
1428543013064659148	CPU_0	98.41	0	0	0	0	0	1.58	0	0	0
1428543013686121054	CPU_0	96.72	0	1.63	0	0	1.63	0	0	0	0
1428543014313803288	CPU_0	96.87	0	1.56	0	0	1.56	0	0	0	0
1428543014936038609	CPU_0	96.82	0	0	0	0	1.58	1.58	0	0	0
1428543015557451973	CPU_0	98.36	0	0	0	0	1.63	0	0	0	0
1428543016179099754	CPU_0	96.77	0	3.22	0	0	0	0	0	0	0
1428543016800347284	CPU_0	96.82	0	0	0	0	1.58	1.58	0	0	0
1428543017428081560	CPU_0	98.38	0	0	0	0	1.61	0	0	0	0
1428543018049154049	CPU_0	98.38	0	0	0	0	1.61	0	0	0	0
1428543018670419871	CPU_0	95.16	0	1.61	0	0	1.61	1.61	0	0	0
1428543019291256235	CPU_0	95.23	0	3.17	0	0	1.58	0	0	0	0
1428543019920047260	CPU_0	98.41	0	0	0	0	1.58	0	0	0	0
1428543020541777665	CPU_0	98.36	0	0	0	0	1.63	0	0	0	0
1428543021164118653	CPU_0	96.82	0	1.58	0	0	0	1.58	0	0	0
1428543021785437308	CPU_0	98.36	0	0	0	0	1.63	0	0	0	0
1428543022413951458	CPU_0	96.87	0	1.56	0	0	1.56	0	0	0	0
1428543023036222696	CPU_0	96.82	0	0	0	0	1.58	1.58	0	0	0
1428543023657435184	CPU_0	95.00	0	1.66	0	0	3.33	0	0	0	0
1428543024279423131	CPU_0	95.23	0	1.58	0	0	3.17	0	0	0	0
1428543024901833369	CPU_0	93.65	0	3.17	0	0	1.58	1.58	0	0	0
1428543025531088809	CPU_0	98.38	0	0	0	0	1.61	0	0	0	0
1428543026153045339	CPU_0	96.77	0	1.61	0	0	1.61	0	0	0	0
1428543026774430619	CPU_0	95.31	0	1.56	0	0	1.56	1.56	0	0	0
1428543027396415190	CPU_0	96.72	0	1.63	0	0	1.63	0	0	0	0
1428543028025285214	CPU_0	98.41	0	0	0	0	1.58	0	0	0	0
1428543028646755994	CPU_0	96.82	0	0	0	0	1.58	1.58	0	0	0
1428543029268057649	CPU_0	98.36	0	0	0	0	1.63	0	0	0	0
1428543029890136346	CPU_0	100.00	0	0	0	0	0	0	0	0	0
1428543030518071537	CPU_0	95.23	0	1.58	0	0	1.58	1.58	0	0	0
1428543031142904897	CPU_0	98.41	0	0	0	0	1.58	0	0	0	0
1428543031764468719	CPU_0	98.38	0	0	0	0	1.61	0	0	0	0
1428543032386663331	CPU_0	93.54	0	3.22	0	0	1.61	1.61	0	0	0
1428543033008912527	CPU_0	98.41	0	0	0	0	1.58	0	0	0	0
1428543033638447342	CPU_0	98.38	0	0	0	0	1.61	0	0	0	0
1428543034260220872	CPU_0	96.82	0	1.58	0	0	0	1.58	0	0	0
1428543034882688651	CPU_0	98.36	0	0	0	0	1.63	0	0	0	0
1428543035505310138	CPU_0	98.38	0	0	0	0	1.61	0	0	0	0
1428543036133966203	CPU_0	93.75	0	3.12	0	0	1.56	1.56	0	0	0
1428543036755523858	CPU_0	98.41	0	0	0	0	1.58	0	0	0	0
1428543037377714262	CPU_0	93.44	0	4.91	0	0	1.63	0	0	0	0
1428543038001294831	CPU_0	96.82	0	0	0	0	1.58	1.58	0	0	0
1428543038624186527	CPU_0	96.82	0	1.58	0	0	1.58	0	0	0	0
1428543039252722467	CPU_0	100.00	0	0	0	0	0	0	0	0	0
1428543039875357287	CPU_0	98.38	0	0	0	0	1.61	0	0	0	0
1428543040497989941	CPU_0	95.23	0	1.58	0	0	1.58	1.58	0	0	0
1428543041120548386	CPU_0	98.41	0	0	0	0	1.58	0	0	0	0
1428543041748791035	CPU_0	96.82	0	1.58	0	0	1.58	0	0	0	0
1428543042370653439	CPU_0	96.77	0	0	0	0	1.61	1.61	0	0	0
1428543042993205884	CPU_0	98.38	0	1.61	0	0	0	0	0	0	0
1428543043615778954	CPU_0	98.38	0	0	0	0	1.61	0	0	0	0
1428543044243838562	CPU_0	96.87	0	0	0	0	1.56	1.56	0	0	0
1428543044866211299	CPU_0	96.77	0	1.61	0	0	1.61	0	0	0	0
1428543045488554077	CPU_0	98.36	0	0	0	0	1.63	0	0	0	0
1428543046110858606	CPU_0	98.41	0	0	0	0	0	1.58	0	0	0
1428543046732298135	CPU_0	98.38	0	0	0	0	1.61	0	0	0	0
1428543047360550409	CPU_0	98.38	0	0	0	0	1.61	0	0	0	0
1428543047982913521	CPU_0	96.82	0	1.58	0	0	1.58	0	0	0	0
1428543048605240924	CPU_0	96.77	0	0	0	0	1.61	1.61	0	0	0
1428543049226538953	CPU_0	96.77	0	1.61	0	0	1.61	0	0	0	0
1428543049855627601	CPU_0	100.00	0	0	0	0	0	0	0	0	0
1428543050478021380	CPU_0	96.82	0	0	0	0	1.58	1.58	0	0	0
1428543051100567033	CPU_0	98.41	0	0	0	0	1.58	0	0	0	0
1428543051722673645	CPU_0	96.77	0	1.61	0	0	1.61	0	0	0	0
1428543052351960584	CPU_0	96.82	0	0	0	0	1.58	1.58	0	0	0
1428543052975694069	CPU_0	100.00	0	0	0	0	0	0	0	0	0
1428543053599033472	CPU_0	98.38	0	0	0	0	1.61	0	0	0	0
1428543054221843166	CPU_0	95.16	0	1.61	0	0	1.61	1.61	0	0	0
1428543054845178152	CPU_0	96.87	0	1.56	0	0	1.56	0	0	0	0
1428543055475664674	CPU_0	96.77	0	1.61	0	0	1.61	0	0	0	0
1428543056099298409	CPU_0	98.41	0	0	0	0	1.58	0	0	0	0
1428543056721886770	CPU_0	98.36	0	0	0	0	0	1.63	0	0	0
1428543057344907131	CPU_0	98.38	0	0	0	0	1.61	0	0	0	0
1428543057974673570	CPU_0	98.41	0	0	0	0	1.58	0	0	0	0
1428543058597913972	CPU_0	92.18	0	4.68	0	0	1.56	1.56	0	0	0
1428543059220925000	CPU_0	98.38	0	0	0	0	1.61	0	0	0	0
1428543059844163610	CPU_0	100.00	0	0	0	0	0	0	0	0	0
1428543060473301049	CPU_0	93.75	0	3.12	0	0	1.56	1.56	0	0	0
1428543061096593493	CPU_0	98.38	0	0	0	0	1.61	0	0	0	0
1428543061719886645	CPU_0	96.77	0	1.61	0	0	1.61	0	0	0	0
1428543062343214714	CPU_0	95.23	0	0	0	0	3.17	1.58	0	0	0
1428543062966201741	CPU_0	98.38	0	1.61	0	0	0	0	0	0	0
1428543063596617638	CPU_0	96.77	0	1.61	0	0	1.61	0	0	0	0
1428543064219884498	CPU_0	96.82	0	1.58	0	0	1.58	0	0	0	0
1428543064842801817	CPU_0	96.82	0	0	0	0	1.58	1.58	0	0	0
1428543065465549803	CPU_0	98.38	0	0	0	0	1.61	0	0	0	0
1428543066095751866	CPU_0	98.41	0	0	0	0	1.58	0	0	0	0
1428543066718659226	CPU_0	96.77	0	1.61	0	0	0	1.61	0	0	0
1428543067341370962	CPU_0	95.23	0	1.58	0	0	3.17	0	0	0	0
1428543067964456822	CPU_0	100.00	0	0	0	0	0	0	0	0	0
1428543068594695385	CPU_0	96.87	0	0	0	0	1.56	1.56	0	0	0
1428543069217390996	CPU_0	98.38	0	0	0	0	1.61	0	0	0	0
1428543069841188064	CPU_0	98.38	0	0	0	0	1.61	0	0	0	0
1428543070464551466	CPU_0	95.23	0	1.58	0	0	1.58	1.58	0	0	0
1428543071088683200	CPU_0	98.38	0	1.61	0	0	0	0	0	0	0
1428543071717887305	CPU_0	96.82	0	1.58	0	0	1.58	0	0	0	0
1428543072341700082	CPU_0	95.23	0	1.58	0	0	1.58	1.58	0	0	0
1428543072964679108	CPU_0	98.41	0	0	0	0	1.58	0	0	0	0
1428543073589037343	CPU_0	98.36	0	0	0	0	1.63	0	0	0	0
1428543074218783322	CPU_0	95.31	0	1.56	0	0	1.56	1.56	0	0	0
1428543074841606641	CPU_0	98.38	0	0	0	0	1.61	0	0	0	0
1428543075465156709	CPU_0	98.38	0	1.61	0	0	0	0	0	0	0
1428543076089310651	CPU_0	98.38	0	0	0	0	1.61	0	0	0	0
1428543076718126423	CPU_0	95.23	0	1.58	0	0	1.58	1.58	0	0	0
1428543077341605616	CPU_0	98.41	0	0	0	0	1.58	0	0	0	0
1428543077964475727	CPU_0	98.38	0	0	0	0	1.61	0	0	0	0
1428543078588346877	CPU_0	95.16	0	1.61	0	0	1.61	1.61	0	0	0
1428543079211013779	CPU_0	98.41	0	1.58	0	0	0	0	0	0	0
1428543079840275051	CPU_0	95.16	0	3.22	0	0	1.61	0	0	0	0
1428543080462982911	CPU_0	96.77	0	0	0	0	1.61	1.61	0	0	0
1428543081086780104	CPU_0	98.41	0	0	0	0	1.58	0	0	0	0
1428543081709394672	CPU_0	98.38	0	0	0	0	1.61	0	0	0	0
1428543082338946152	CPU_0	95.31	0	1.56	0	0	1.56	1.56	0	0	0
1428543082961724428	CPU_0	98.36	0	1.63	0	0	0	0	0	0	0
1428543083585783871	CPU_0	98.38	0	0	0	0	1.61	0	0	0	0
1428543084208458897	CPU_0	96.82	0	1.58	0	0	1.58	0	0	0	0
1428543084837559044	CPU_0	96.82	0	0	0	0	1.58	1.58	0	0	0
1428543085460493070	CPU_0	98.38	0	0	0	0	1.61	0	0	0	0
1428543086085338470	CPU_0	96.82	0	1.58	0	0	1.58	0	0	0	0
1428543086708666704	CPU_0	96.77	0	0	0	0	1.61	1.61	0	0	0
1428543087331687272	CPU_0	96.77	0	3.22	0	0	0	0	0	0	0
1428543087961572876	CPU_0	98.41	0	0	0	0	1.58	0	0	0	0
1428543088585684652	CPU_0	96.82	0	0	0	0	1.58	1.58	0	0	0
1428543089209152136	CPU_0	96.82	0	1.58	0	0	1.58	0	0	0	0
1428543089832599745	CPU_0	98.38	0	0	0	0	1.61	0	0	0	0
1428543090462546099	CPU_0	96.82	0	0	0	0	1.58	1.58	0	0	0
1428543091086111875	CPU_0	100.00	0	0	0	0	0	0	0	0	0
1428543091708892818	CPU_0	98.38	0	0	0	0	1.61	0	0	0	0
1428543092332788135	CPU_0	96.77	0	0	0	0	1.61	1.61	0	0	0
1428543092961913614	CPU_0	98.43	0	0	0	0	1.56	0	0	0	0
1428543093586790514	CPU_0	98.38	0	0	0	0	1.61	0	0	0	0
1428543094210287789	CPU_0	95.23	0	3.17	0	0	1.58	0	0	0	0
1428543094833974523	CPU_0	98.38	0	0	0	0	0	1.61	0	0	0
1428543095457445715	CPU_0	96.72	0	1.63	0	0	1.63	0	0	0	0
1428543096087650277	CPU_0	96.87	0	1.56	0	0	1.56	0	0	0	0
1428543096711308761	CPU_0	96.82	0	0	0	0	1.58	1.58	0	0	0
1428543097335238494	CPU_0	96.82	0	1.58	0	0	1.58	0	0	0	0
1428543097959026311	CPU_0	98.38	0	0	0	0	1.61	0	0	0	0
1428543098589990497	CPU_0	98.38	0	0	0	0	0	1.61	0	0	0
1428543099213544647	CPU_0	95.23	0	3.17	0	0	1.58	0	0	0	0
1428543099837141798	CPU_0	98.38	0	0	0	0	1.61	0	0	0	0
1428543100460416657	CPU_0	96.82	0	0	0	0	1.58	1.58	0	0	0
1428543101090971259	CPU_0	95.23	0	3.17	0	0	1.58	0	0	0	0
1428543101714949284	CPU_0	98.38	0	1.61	0	0	0	0	0	0	0
1428543102339192642	CPU_0	95.16	0	1.61	0	0	1.61	1.61	0	0	0
1428543102963293042	CPU_0	96.82	0	1.58	0	0	1.58	0	0	0	0
1428543103594790061	CPU_0	96.77	0	1.61	0	0	1.61	0	0	0	0
1428543104221395292	CPU_0	95.23	0	1.58	0	0	1.58	1.58	0	0	0
1428543104844201276	CPU_0	98.41	0	0	0	0	1.58	0	0	0	0
1428543105467628843	CPU_0	96.77	0	1.61	0	0	1.61	0	0	0	0
1428543106091923951	CPU_0	96.77	0	1.61	0	0	1.61	0	0	0	0
1428543106722112470	CPU_0	95.31	0	1.56	0	0	1.56	1.56	0	0	0
1428543107345359204	CPU_0	100.00	0	0	0	0	0	0	0	0	0
1428543107969214520	CPU_0	96.82	0	1.58	0	0	1.58	0	0	0	0
1428543108593404545	CPU_0	96.77	0	0	0	0	1.61	1.61	0	0	0
1428543109224042272	CPU_0	96.87	0	1.56	0	0	1.56	0	0	0	0
1428543109847599839	CPU_0	96.77	0	1.61	0	0	1.61	0	0	0	0
1428543110471678113	CPU_0	98.41	0	0	0	0	0	1.58	0	0	0
1428543111096022512	CPU_0	98.38	0	0	0	0	1.61	0	0	0	0
1428543111726373240	CPU_0	98.41	0	0	0	0	1.58	0	0	0	0
1428543112350063306	CPU_0	96.82	0	0	0	0	1.58	1.58	0	0	0
1428543112974317831	CPU_0	96.77	0	1.61	0	0	1.61	0	0	0	0
1428543113601798227	CPU_0	96.82	0	1.58	0	0	1.58	0	0	0	0
1428543114226670584	CPU_0	100.00	0	0	0	0	0	0	0	0	0
1428543114856917895	CPU_0	96.82	0	0	0	0	1.58	1.58	0	0	0
1428543115481442794	CPU_0	98.38	0	0	0	0	1.61	0	0	0	0
1428543116106173984	CPU_0	96.82	0	1.58	0	0	1.58	0	0	0	0
1428543116730318967	CPU_0	96.82	0	0	0	0	1.58	1.58	0	0	0
1428543117360520486	CPU_0	96.82	0	1.58	0	0	1.58	0	0	0	0
1428543117985146885	CPU_0	100.00	0	0	0	0	0	0	0	0	0
1428543118610400241	CPU_0	96.77	0	0	0	0	1.61	1.61	0	0	0
1428543119234323849	CPU_0	96.82	0	1.58	0	0	1.58	0	0	0	0
1428543119864471910	CPU_0	96.82	0	1.58	0	0	1.58	0	0	0	0
1428543120488370142	CPU_0	96.82	0	0	0	0	1.58	1.58	0	0	0
1428543121113767623	CPU_0	98.38	0	1.61	0	0	0	0	0	0	0
1428543121737867397	CPU_0	98.38	0	0	0	0	1.61	0	0	0	0
1428543122363828378	CPU_0	95.23	0	1.58	0	0	1.58	1.58	0	0	0
1428543122992222899	CPU_0	98.41	0	0	0	0	1.58	0	0	0	0
1428543123617069547	CPU_0	96.77	0	1.61	0	0	1.61	0	0	0	0
1428543124240940029	CPU_0	98.38	0	0	0	0	1.61	0	0	0	0
1428543124864551179	CPU_0	96.82	0	1.58	0	0	0	1.58	0	0	0
1428543125495030280	CPU_0	98.41	0	0	0	0	1.58	0	0	0	0
1428543126119969137	CPU_0	98.38	0	0	0	0	1.61	0	0	0	0
1428543126744335119	CPU_0	96.82	0	0	0	0	1.58	1.58	0	0	0
1428543127367840351	CPU_0	98.38	0	0	0	0	1.61	0	0	0	0
1428543127998899661	CPU_0	96.87	0	1.56	0	0	1.56	0	0	0	0
1428543128623260351	CPU_0	98.36	0	0	0	0	0	1.63	0	0	0
1428543129247174833	CPU_0	98.41	0	0	0	0	1.58	0	0	0	0
1428543129871703648	CPU_0	98.38	0	0	0	0	1.61	0	0	0	0
1428543130501361959	CPU_0	95.31	0	1.56	0	0	1.56	1.56	0	0	0
1428543131126057607	CPU_0	98.38	0	0	0	0	1.61	0	0	0	0
1428543131749609006	CPU_0	98.38	0	1.61	0	0	0	0	0	0	0
1428543132373845030	CPU_0	96.82	0	1.58	0	0	1.58	0	0	0	0
1428543132998151803	CPU_0	96.77	0	0	0	0	1.61	1.61	0	0	0
1428543133630010237	CPU_0	98.43	0	0	0	0	1.56	0	0	0	0
1428543134254748301	CPU_0	98.38	0	0	0	0	1.61	0	0	0	0
1428543134879925157	CPU_0	96.82	0	0	0	0	1.58	1.58	0	0	0
1428543135504802055	CPU_0	100.00	0	0	0	0	0	0	0	0	0
1428543136136903739	CPU_0	98.38	0	0	0	0	1.61	0	0	0	0
1428543136761295303	CPU_0	96.82	0	0	0	0	1.58	1.58	0	0	0
1428543137385130702	CPU_0	95.23	0	3.17	0	0	1.58	0	0	0	0
1428543138009816433	CPU_0	98.38	0	0	0	0	1.61	0	0	0	0
1428543138641625617	CPU_0	96.87	0	0	0	0	1.56	1.56	0	0	0
1428543139265969973	CPU_0	96.82	0	1.58	0	0	1.58	0	0	0	0
1428543139890979246	CPU_0	98.36	0	1.63	0	0	0	0	0	0	0
1428543140515349935	CPU_0	96.82	0	0	0	0	1.58	1.58	0	0	0
1428543141146673244	CPU_0	98.41	0	0	0	0	1.58	0	0	0	0
1428543141773247599	CPU_0	98.38	0	0	0	0	1.61	0	0	0	0
1428543142398213163	CPU_0	95.31	0	1.56	0	0	1.56	1.56	0	0	0
1428543143022300728	CPU_0	96.77	0	1.61	0	0	1.61	0	0	0	0
1428543143648111958	CPU_0	95.08	0	3.27	0	0	1.63	0	0	0	0
1428543144278545934	CPU_0	92.18	0	1.56	0	0	4.68	1.56	0	0	0
1428543144904229872	CPU_0	93.65	0	4.76	0	0	1.58	0	0	0	0
1428543145529213603	CPU_0	96.82	0	1.58	0	0	1.58	0	0	0	0
1428543146154722791	CPU_0	96.77	0	0	0	0	1.61	1.61	0	0	0
1428543146785557142	CPU_0	96.87	0	1.56	0	0	1.56	0	0	0	0
1428543147410928664	CPU_0	98.36	0	1.63	0	0	0	0	0	0	0
1428543148036042603	CPU_0	95.23	0	1.58	0	0	1.58	1.58	0	0	0
1428543148661831458	CPU_0	98.41	0	0	0	0	1.58	0	0	0	0
1428543149292888975	CPU_0	98.38	0	0	0	0	1.61	0	0	0	0
1428543149919302829	CPU_0	96.87	0	1.56	0	0	1.56	0	0	0	0
1428543150545509725	CPU_0	96.77	0	0	0	0	1.61	1.61	0	0	0
1428543151171929621	CPU_0	98.38	0	1.61	0	0	0	0	0	0	0
1428543151797366684	CPU_0	96.82	0	1.58	0	0	1.58	0	0	0	0
1428543152428384409	CPU_0	96.82	0	0	0	0	1.58	1.58	0	0	0
1428543153053258432	CPU_0	98.41	0	0	0	0	1.58	0	0	0	0
1428543153680124702	CPU_0	96.77	0	1.61	0	0	1.61	0	0	0	0
1428543154305453974	CPU_0	95.23	0	1.58	0	0	1.58	1.58	0	0	0
1428543154936828907	CPU_0	98.41	0	1.58	0	0	0	0	0	0	0
1428543155562241637	CPU_0	98.38	0	0	0	0	1.61	0	0	0	0
1428543156187962533	CPU_0	95.23	0	1.58	0	0	1.58	1.58	0	0	0
1428543156812970388	CPU_0	96.82	0	1.58	0	0	1.58	0	0	0	0
1428543157444750988	CPU_0	96.82	0	1.58	0	0	1.58	0	0	0	0
1428543158070170676	CPU_0	98.38	0	0	0	0	1.61	0	0	0	0
1428543158695947072	CPU_0	98.41	0	0	0	0	0	1.58	0	0	0
1428543159321141802	CPU_0	98.38	0	0	0	0	1.61	0	0	0	0
1428543159952428735	CPU_0	96.82	0	1.58	0	0	1.58	0	0	0	0
1428543160577252882	CPU_0	96.82	0	0	0	0	1.58	1.58	0	0	0
1428543161203082403	CPU_0	96.82	0	1.58	0	0	1.58	0	0	0	0
1428543161828140216	CPU_0	98.36	0	1.63	0	0	0	0	0	0	0
1428543162453091654	CPU_0	96.82	0	0	0	0	1.58	1.58	0	0	0
1428543163083938796	CPU_0	96.87	0	1.56	0	0	1.56	0	0	0	0
1428543163709816733	CPU_0	96.82	0	1.58	0	0	1.58	0	0	0	0
1428543164334652838	CPU_0	96.82	0	0	0	0	1.58	1.58	0	0	0
1428543164959463235	CPU_0	95.16	0	3.22	0	0	1.61	0	0	0	0
1428543165590725085	CPU_0	100.00	0	0	0	0	0	0	0	0	0
1428543166217024980	CPU_0	98.41	0	0	0	0	1.58	0	0	0	0
1428543166842551209	CPU_0	96.82	0	0	0	0	1.58	1.58	0	0	0
1428543167467867772	CPU_0	98.38	0	0	0	0	1.61	0	0	0	0
1428543168099644079	CPU_0	96.87	0	1.56	0	0	1.56	0	0	0	0
1428543168724743351	CPU_0	96.77	0	0	0	0	1.61	1.61	0	0	0
1428543169349623872	CPU_0	98.38	0	1.61	0	0	0	0	0	0	0
1428543169974833685	CPU_0	96.77	0	1.61	0	0	1.61	0	0	0	0
1428543170610207698	CPU_0	96.87	0	0	0	0	1.56	1.56	0	0	0
1428543171235315094	CPU_0	98.41	0	0	0	0	1.58	0	0	0	0
1428543171860073865	CPU_0	98.38	0	0	0	0	1.61	0	0	0	0
1428543172485418386	CPU_0	96.82	0	0	0	0	1.58	1.58	0	0	0
1428543173110621782	CPU_0	98.38	0	1.61	0	0	0	0	0	0	0
1428543173741641506	CPU_0	98.41	0	0	0	0	1.58	0	0	0	0
1428543174366759527	CPU_0	96.82	0	0	0	0	1.58	1.58	0	0	0
1428543174991498632	CPU_0	98.41	0	0	0	0	1.58	0	0	0	0
1428543175617102819	CPU_0	98.38	0	0	0	0	1.61	0	0	0	0
1428543176248835085	CPU_0	98.41	0	1.58	0	0	0	0	0	0	0
1428543176873799314	CPU_0	95.23	0	1.58	0	0	1.58	1.58	0	0	0
1428543177499180168	CPU_0	98.38	0	0	0	0	1.61	0	0	0	0
1428543178124833147	CPU_0	98.41	0	0	0	0	1.58	0	0	0	0
1428543178756313329	CPU_0	96.82	0	0	0	0	1.58	1.58	0	0	0
1428543179381441600	CPU_0	98.38	0	0	0	0	1.61	0	0	0	0
1428543180006415704	CPU_0	98.38	0	1.61	0	0	0	0	0	0	0
1428543180632328683	CPU_0	96.82	0	0	0	0	1.58	1.58	0	0	0
1428543181259203244	CPU_0	96.87	0	1.56	0	0	1.56	0	0	0	0
1428543181888956302	CPU_0	98.41	0	0	0	0	1.58	0	0	0	0
1428543182514740280	CPU_0	96.77	0	0	0	0	1.61	1.61	0	0	0
1428543183141095217	CPU_0	98.41	0	1.58	0	0	0	0	0	0	0
1428543183766456029	CPU_0	98.36	0	0	0	0	1.63	0	0	0	0
1428543184398039419	CPU_0	96.87	0	1.56	0	0	1.56	0	0	0	0
1428543185023809856	CPU_0	96.82	0	0	0	0	1.58	1.58	0	0	0
1428543185650045334	CPU_0	98.41	0	0	0	0	1.58	0	0	0	0
1428543186275499271	CPU_0	96.77	0	1.61	0	0	1.61	0	0	0	0
1428543186906946369	CPU_0	98.41	0	0	0	0	0	1.58	0	0	0
1428543187532352973	CPU_0	96.77	0	1.61	0	0	1.61	0	0	0	0
1428543188158317784	CPU_0	98.41	0	0	0	0	1.58	0	0	0	0
1428543188783307430	CPU_0	96.82	0	0	0	0	1.58	1.58	0	0	0
1428543189415059278	CPU_0	98.43	0	0	0	0	1.56	0	0	0	0
1428543190039835882	CPU_0	100.00	0	0	0	0	0	0	0	0	0
1428543190665600485	CPU_0	96.82	0	0	0	0	1.58	1.58	0	0	0
1428543191290421756	CPU_0	98.38	0	0	0	0	1.61	0	0	0	0
1428543191917500899	CPU_0	96.82	0	1.58	0	0	1.58	0	0	0	0
1428543192547040958	CPU_0	96.82	0	0	0	0	1.58	1.58	0	0	0
1428543193172729602	CPU_0	98.41	0	0	0	0	1.58	0	0	0	0
1428543193797616790	CPU_0	100.00	0	0	0	0	0	0	0	0	0
1428543194422254977	CPU_0	96.82	0	1.58	0	0	1.58	0	0	0	0
1428543195053587575	CPU_0	96.87	0	0	0	0	1.56	1.56	0	0	0
1428543195679457345	CPU_0	96.82	0	1.58	0	0	1.58	0	0	0	0
1428543196304877031	CPU_0	98.38	0	0	0	0	1.61	0	0	0	0
1428543196929943260	CPU_0	98.41	0	0	0	0	0	1.58	0	0	0
1428543197561799149	CPU_0	96.82	0	1.58	0	0	1.58	0	0	0	0
1428543198188707668	CPU_0	98.38	0	0	0	0	1.61	0	0	0	0
1428543198814942062	CPU_0	96.82	0	0	0	0	1.58	1.58	0	0	0
1428543199440597623	CPU_0	96.82	0	1.58	0	0	1.58	0	0	0	0
1428543200072142179	CPU_0	98.38	0	0	0	0	1.61	0	0	0	0
1428543200697758824	CPU_0	98.41	0	0	0	0	0	1.58	0	0	0
1428543201322966927	CPU_0	98.38	0	0	0	0	1.61	0	0	0	0
1428543201948161447	CPU_0	96.82	0	1.58	0	0	1.58	0	0	0	0
1428543202575851090	CPU_0	96.82	0	1.58	0	0	1.58	0	0	0	0
1428543203206487855	CPU_0	96.82	0	0	0	0	1.58	1.58	0	0	0
1428543203831362958	CPU_0	96.82	0	1.58	0	0	1.58	0	0	0	0
1428543204456343936	CPU_0	100.00	0	0	0	0	0	0	0	0	0
1428543205081625414	CPU_0	96.77	0	0	0	0	1.61	1.61	0	0	0
1428543205713448387	CPU_0	96.87	0	1.56	0	0	1.56	0	0	0	0
1428543206338743448	CPU_0	98.38	0	0	0	0	1.61	0	0	0	0
1428543206963387052	CPU_0	95.23	0	1.58	0	0	1.58	1.58	0	0	0
1428543207588383196	CPU_0	95.16	0	3.22	0	0	1.61	0	0	0	0
1428543208220423752	CPU_0	98.41	0	0	0	0	1.58	0	0	0	0
1428543208845216397	CPU_0	98.41	0	0	0	0	0	1.58	0	0	0
1428543209470783666	CPU_0	96.77	0	1.61	0	0	1.61	0	0	0	0
1428543210096104102	CPU_0	96.82	0	1.58	0	0	1.58	0	0	0	0
1428543210728400949	CPU_0	95.31	0	1.56	0	0	1.56	1.56	0	0	0
1428543211354038676	CPU_0	100.00	0	0	0	0	0	0	0	0	0
1428543211979656570	CPU_0	98.38	0	0	0	0	1.61	0	0	0	0
1428543212605326756	CPU_0	98.38	0	0	0	0	1.61	0	0	0	0
1428543213231952941	CPU_0	95.31	0	1.56	0	0	1.56	1.56	0	0	0
1428543213863414080	CPU_0	98.38	0	0	0	0	1.61	0	0	0	0
1428543214490327765	CPU_0	96.87	0	1.56	0	0	1.56	0	0	0	0
1428543215116324242	CPU_0	98.38	0	0	0	0	0	1.61	0	0	0
1428543215743264593	CPU_0	98.41	0	0	0	0	1.58	0	0	0	0
1428543216375516231	CPU_0	98.38	0	0	0	0	1.61	0	0	0	0
1428543217001304708	CPU_0	95.31	0	1.56	0	0	1.56	1.56	0	0	0
1428543217626825644	CPU_0	98.38	0	0	0	0	1.61	0	0	0	0
1428543218252995454	CPU_0	96.82	0	1.58	0	0	1.58	0	0	0	0
1428543218885001926	CPU_0	98.41	0	0	0	0	0	1.58	0	0	0
1428543219510830694	CPU_0	98.38	0	0	0	0	1.61	0	0	0	0
1428543220137031587	CPU_0	98.41	0	0	0	0	1.58	0	0	0	0
1428543220763211564	CPU_0	98.38	0	0	0	0	1.61	0	0	0	0
1428543221395418161	CPU_0	95.31	0	1.56	0	0	1.56	1.56	0	0	0
1428543222021626012	CPU_0	98.38	0	1.61	0	0	0	0	0	0	0
1428543222647756072	CPU_0	98.38	0	0	0	0	1.61	0	0	0	0
1428543223273929548	CPU_0	96.87	0	0	0	0	1.56	1.56	0	0	0
1428543223909615100	CPU_0	98.41	0	0	0	0	1.58	0	0	0	0
1428543224535421244	CPU_0	96.82	0	1.58	0	0	1.58	0	0	0	0
1428543225161221429	CPU_0	98.38	0	0	0	0	0	1.61	0	0	0
1428543225787661197	CPU_0	98.41	0	0	0	0	1.58	0	0	0	0
1428543226414057590	CPU_0	96.77	0	1.61	0	0	1.61	0	0	0	0
1428543227046411394	CPU_0	96.87	0	0	0	0	1.56	1.56	0	0	0
1428543227672290912	CPU_0	98.41	0	0	0	0	1.58	0	0	0	0
1428543228298189222	CPU_0	98.38	0	0	0	0	1.61	0	0	0	0
1428543228924024157	CPU_0	95.23	0	3.17	0	0	0	1.58	0	0	0
1428543229556443378	CPU_0	98.41	0	0	0	0	1.58	0	0	0	0
1428543230183342437	CPU_0	96.77	0	1.61	0	0	1.61	0	0	0	0
1428543230810087038	CPU_0	98.41	0	0	0	0	1.58	0	0	0	0
1428543231435965556	CPU_0	96.82	0	0	0	0	1.58	1.58	0	0	0
1428543232068130944	CPU_0	96.82	0	1.58	0	0	1.58	0	0	0	0
1428543232694915169	CPU_0	98.41	0	0	0	0	1.58	0	0	0	0
1428543233320845729	CPU_0	96.77	0	1.61	0	0	0	1.61	0	0	0
1428543233946304122	CPU_0	96.82	0	1.58	0	0	1.58	0	0	0	0
1428543234577987969	CPU_0	98.41	0	0	0	0	1.58	0	0	0	0
1428543235204305611	CPU_0	96.82	0	0	0	0	1.58	1.58	0	0	0
1428543235829680004	CPU_0	98.41	0	1.58	0	0	0	0	0	0	0
1428543236455786689	CPU_0	98.38	0	0	0	0	1.61	0	0	0	0
1428543237081590665	CPU_0	96.77	0	0	0	0	1.61	1.61	0	0	0
1428543237714179886	CPU_0	95.31	0	3.12	0	0	1.56	0	0	0	0
1428543238340531820	CPU_0	98.41	0	0	0	0	1.58	0	0	0	0
1428543238966208754	CPU_0	98.38	0	0	0	0	1.61	0	0	0	0
1428543239592128522	CPU_0	95.23	0	1.58	0	0	1.58	1.58	0	0	0
1428543240224916951	CPU_0	98.41	0	1.58	0	0	0	0	0	0	0
1428543240850598635	CPU_0	98.38	0	0	0	0	1.61	0	0	0	0
1428543241475709529	CPU_0	96.82	0	0	0	0	1.58	1.58	0	0	0
1428543242101390088	CPU_0	96.82	0	1.58	0	0	1.58	0	0	0	0
1428543242734157350	CPU_0	98.41	0	0	0	0	1.58	0	0	0	0
1428543243359301993	CPU_0	96.82	0	0	0	0	1.58	1.58	0	0	0
1428543243984904969	CPU_0	96.77	0	3.22	0	0	0	0	0	0	0
1428543244610250821	CPU_0	98.38	0	0	0	0	1.61	0	0	0	0
1428543245243214249	CPU_0	95.31	0	1.56	0	0	1.56	1.56	0	0	0
1428543245868436892	CPU_0	98.41	0	0	0	0	1.58	0	0	0	0
1428543246495307992	CPU_0	98.38	0	0	0	0	1.61	0	0	0	0
1428543247121131843	CPU_0	98.38	0	0	0	0	0	1.61	0	0	0
1428543247753810354	CPU_0	96.82	0	1.58	0	0	1.58	0	0	0	0
1428543248382665828	CPU_0	96.82	0	1.58	0	0	1.58	0	0	0	0
1428543249008463345	CPU_0	96.82	0	0	0	0	1.58	1.58	0	0	0
1428543249634659279	CPU_0	98.41	0	0	0	0	1.58	0	0	0	0
1428543250261388504	CPU_0	95.23	0	3.17	0	0	1.58	0	0	0	0
1428543250893660057	CPU_0	100.00	0	0	0	0	0	0	0	0	0
1428543251520065574	CPU_0	95.31	0	1.56	0	0	1.56	1.56	0	0	0
1428543252146328216	CPU_0	98.36	0	0	0	0	1.63	0	0	0	0
1428543252773747357	CPU_0	96.82	0	1.58	0	0	1.58	0	0	0	0
1428543253406106577	CPU_0	95.38	0	1.53	0	0	1.53	1.53	0	0	0
1428543254032389802	CPU_0	100.00	0	0	0	0	0	0	0	0	0
1428543254658684361	CPU_0	96.77	0	1.61	0	0	1.61	0	0	0	0
1428543255285537919	CPU_0	95.31	0	1.56	0	0	1.56	1.56	0	0	0
1428543255918270389	CPU_0	95.23	0	3.17	0	0	1.58	0	0	0	0
1428543256544348864	CPU_0	96.82	0	1.58	0	0	1.58	0	0	0	0
1428543257170826839	CPU_0	96.82	0	0	0	0	1.58	1.58	0	0	0
1428543257798379188	CPU_0	98.38	0	1.61	0	0	0	0	0	0	0
1428543258430848408	CPU_0	98.41	0	0	0	0	1.58	0	0	0	0
1428543259057292966	CPU_0	98.38	0	0	0	0	1.61	0	0	0	0
1428543259683582941	CPU_0	95.31	0	1.56	0	0	1.56	1.56	0	0	0
1428543260311138456	CPU_0	98.41	0	0	0	0	1.58	0	0	0	0
1428543260937517181	CPU_0	98.38	0	0	0	0	1.61	0	0	0	0
1428543261570779650	CPU_0	98.41	0	0	0	0	0	1.58	0	0	0
1428543262197564041	CPU_0	96.82	0	1.58	0	0	1.58	0	0	0	0
1428543262825897848	CPU_0	96.77	0	1.61	0	0	1.61	0	0	0	0
1428543263453165988	CPU_0	93.75	0	1.56	0	0	3.12	1.56	0	0	0
1428543264087088248	CPU_0	98.38	0	0	0	0	1.61	0	0	0	0
1428543264714927972	CPU_0	95.31	0	0	0	0	4.68	0	0	0	0
1428543265343385820	CPU_0	96.82	0	1.58	0	0	0	1.58	0	0	0
1428543265970278794	CPU_0	96.77	0	1.61	0	0	1.61	0	0	0	0
1428543266604659762	CPU_0	98.41	0	0	0	0	1.58	0	0	0	0
1428543267232559027	CPU_0	96.82	0	0	0	0	1.58	1.58	0	0	0
1428543267859887167	CPU_0	98.41	0	0	0	0	1.58	0	0	0	0
1428543268486955308	CPU_0	98.41	0	0	0	0	1.58	0	0	0	0
1428543269120538651	CPU_0	95.31	0	1.56	0	0	1.56	1.56	0	0	0
1428543269748369083	CPU_0	100.00	0	0	0	0	0	0	0	0	0
1428543270375591890	CPU_0	96.82	0	1.58	0	0	1.58	0	0	0	0
1428543271002731655	CPU_0	96.82	0	0	0	0	1.58	1.58	0	0	0
1428543271635339166	CPU_0	95.38	0	3.07	0	0	1.53	0	0	0	0
1428543272262844973	CPU_0	98.36	0	0	0	0	1.63	0	0	0	0
1428543272889243322	CPU_0	96.87	0	0	0	0	1.56	1.56	0	0	0
1428543273516556087	CPU_0	98.38	0	1.61	0	0	0	0	0	0	0
1428543274144815268	CPU_0	98.38	0	0	0	0	1.61	0	0	0	0
1428543274777502612	CPU_0	95.31	0	1.56	0	0	1.56	1.56	0	0	0
1428543275403734337	CPU_0	98.41	0	0	0	0	1.58	0	0	0	0
1428543276030631977	CPU_0	98.38	0	0	0	0	1.61	0	0	0	0
1428543276656818951	CPU_0	98.41	0	0	0	0	1.58	0	0	0	0
1428543277290613669	CPU_0	96.82	0	1.58	0	0	0	1.58	0	0	0
1428543277916837227	CPU_0	96.77	0	1.61	0	0	1.61	0	0	0	0
1428543278544797825	CPU_0	96.87	0	1.56	0	0	1.56	0	0	0	0
1428543279171497924	CPU_0	96.77	0	0	0	0	1.61	1.61	0	0	0
1428543279806558890	CPU_0	98.43	0	0	0	0	1.56	0	0	0	0
1428543280433567864	CPU_0	96.82	0	1.58	0	0	1.58	0	0	0	0
1428543281060680379	CPU_0	96.82	0	1.58	0	0	0	1.58	0	0	0
1428543281687389644	CPU_0	98.38	0	0	0	0	1.61	0	0	0	0
1428543282321547362	CPU_0	98.41	0	0	0	0	1.58	0	0	0	0
1428543282948130461	CPU_0	96.82	0	0	0	0	1.58	1.58	0	0	0
1428543283575042101	CPU_0	96.87	0	1.56	0	0	1.56	0	0	0	0
1428543284201499575	CPU_0	98.38	0	0	0	0	1.61	0	0	0	0
1428543284835442959	CPU_0	98.41	0	0	0	0	0	1.58	0	0	0
1428543285462040057	CPU_0	98.38	0	0	0	0	1.61	0	0	0	0
1428543286088949156	CPU_0	96.82	0	1.58	0	0	1.58	0	0	0	0
1428543286715465755	CPU_0	98.41	0	0	0	0	1.58	0	0	0	0
1428543287344959726	CPU_0	96.87	0	0	0	0	1.56	1.56	0	0	0
1428543287976333987	CPU_0	98.38	0	0	0	0	1.61	0	0	0	0
1428543288603370835	CPU_0	98.38	0	1.61	0	0	0	0	0	0	0
1428543289230086350	CPU_0	96.87	0	0	0	0	1.56	1.56	0	0	0
1428543289857351865	CPU_0	98.38	0	0	0	0	1.61	0	0	0	0
1428543290490617708	CPU_0	98.43	0	0	0	0	1.56	0	0	0	0
1428543291117189181	CPU_0	96.82	0	0	0	0	1.58	1.58	0	0	0
1428543291743690655	CPU_0	98.38	0	1.61	0	0	0	0	0	0	0
1428543292371286294	CPU_0	95.16	0	3.22	0	0	1.61	0	0	0	0
1428543293005275886	CPU_0	93.75	0	3.12	0	0	1.56	1.56	0	0	0
1428543293631973401	CPU_0	98.41	0	0	0	0	1.58	0	0	0	0
1428543294259014749	CPU_0	98.38	0	0	0	0	1.61	0	0	0	0
1428543294887325721	CPU_0	96.82	0	0	0	0	1.58	1.58	0	0	0
1428543295521710562	CPU_0	100.00	0	0	0	0	0	0	0	0	0
1428543296148984952	CPU_0	98.41	0	0	0	0	1.58	0	0	0	0
1428543296778089548	CPU_0	96.82	0	1.58	0	0	1.58	0	0	0	0
1428543297405634937	CPU_0	95.23	0	1.58	0	0	1.58	1.58	0	0	0
1428543298040116862	CPU_0	96.87	0	1.56	0	0	1.56	0	0	0	0
1428543298667688876	CPU_0	96.77	0	1.61	0	0	1.61	0	0	0	0
1428543299296190097	CPU_0	98.41	0	0	0	0	0	1.58	0	0	0
1428543299923480736	CPU_0	96.77	0	1.61	0	0	1.61	0	0	0	0
1428543300559091327	CPU_0	98.43	0	0	0	0	1.56	0	0	0	0
1428543301186496383	CPU_0	95.23	0	1.58	0	0	1.58	1.58	0	0	0
1428543301815495229	CPU_0	96.87	0	1.56	0	0	1.56	0	0	0	0
1428543302442163660	CPU_0	96.77	0	1.61	0	0	1.61	0	0	0	0
1428543303070567090	CPU_0	96.82	0	0	0	0	1.58	1.58	0	0	0
1428543303703978265	CPU_0	98.41	0	0	0	0	1.58	0	0	0	0
1428543304332896153	CPU_0	98.38	0	1.61	0	0	0	0	0	0	0
1428543304959718751	CPU_0	95.23	0	1.58	0	0	1.58	1.58	0	0	0
1428543305587863306	CPU_0	95.23	0	3.17	0	0	1.58	0	0	0	0
1428543306221350481	CPU_0	98.43	0	0	0	0	1.56	0	0	0	0
1428543306850026119	CPU_0	98.38	0	0	0	0	1.61	0	0	0	0
1428543307477115174	CPU_0	95.23	0	1.58	0	0	1.58	1.58	0	0	0
1428543308105521354	CPU_0	98.41	0	1.58	0	0	0	0	0	0	0
1428543308739671237	CPU_0	98.41	0	0	0	0	1.58	0	0	0	0
1428543309368799583	CPU_0	95.23	0	1.58	0	0	1.58	1.58	0	0	0
1428543309996318180	CPU_0	98.41	0	0	0	0	1.58	0	0	0	0
1428543310624998609	CPU_0	98.41	0	0	0	0	1.58	0	0	0	0
1428543311259510908	CPU_0	95.31	0	1.56	0	0	1.56	1.56	0	0	0
1428543311888492629	CPU_0	98.38	0	0	0	0	1.61	0	0	0	0
1428543312516546475	CPU_0	96.82	0	1.58	0	0	1.58	0	0	0	0
1428543313144756363	CPU_0	96.82	0	0	0	0	1.58	1.58	0	0	0
1428543313779002079	CPU_0	98.41	0	1.58	0	0	0	0	0	0	0
1428543314407692383	CPU_0	96.77	0	1.61	0	0	1.61	0	0	0	0
1428543315035843229	CPU_0	95.31	0	1.56	0	0	1.56	1.56	0	0	0
1428543315663552743	CPU_0	96.82	0	1.58	0	0	1.58	0	0	0	0
1428543316297913917	CPU_0	98.41	0	0	0	0	1.58	0	0	0	0
1428543316925961846	CPU_0	96.82	0	0	0	0	1.58	1.58	0	0	0
1428543317553864651	CPU_0	98.41	0	1.58	0	0	0	0	0	0	0
1428543318181759122	CPU_0	96.77	0	1.61	0	0	1.61	0	0	0	0
1428543318812653049	CPU_0	96.82	0	0	0	0	1.58	1.58	0	0	0
1428543319445700808	CPU_0	96.92	0	1.53	0	0	1.53	0	0	0	0
1428543320073804529	CPU_0	98.38	0	0	0	0	1.61	0	0	0	0
1428543320701385584	CPU_0	100.00	0	0	0	0	0	0	0	0	0
1428543321330255929	CPU_0	96.87	0	0	0	0	1.56	1.56	0	0	0
1428543321963951937	CPU_0	98.41	0	0	0	0	1.58	0	0	0	0
1428543322592101950	CPU_0	96.77	0	1.61	0	0	1.61	0	0	0	0
1428543323219592879	CPU_0	96.87	0	0	0	0	1.56	1.56	0	0	0
1428543323848072558	CPU_0	96.77	0	1.61	0	0	1.61	0	0	0	0
1428543324481728233	CPU_0	96.87	0	1.56	0	0	1.56	0	0	0	0
1428543325109859787	CPU_0	96.82	0	0	0	0	1.58	1.58	0	0	0
1428543325736642550	CPU_0	100.00	0	0	0	0	0	0	0	0	0
1428543326365514437	CPU_0	95.23	0	3.17	0	0	1.58	0	0	0	0
1428543326999667320	CPU_0	96.82	0	0	0	0	1.58	1.58	0	0	0
1428543327628996081	CPU_0	95.31	0	3.12	0	0	1.56	0	0	0	0
1428543328256017261	CPU_0	98.38	0	0	0	0	1.61	0	0	0	0
1428543328885096272	CPU_0	95.31	0	1.56	0	0	1.56	1.56	0	0	0
1428543329518276656	CPU_0	100.00	0	0	0	0	0	0	0	0	0
1428543330146871376	CPU_0	98.38	0	0	0	0	1.61	0	0	0	0
1428543330773515264	CPU_0	96.82	0	1.58	0	0	1.58	0	0	0	0
1428543331402286526	CPU_0	96.87	0	0	0	0	1.56	1.56	0	0	0
1428543332035352617	CPU_0	98.41	0	0	0	0	1.58	0	0	0	0
1428543332663197213	CPU_0	96.82	0	1.58	0	0	1.58	0	0	0	0
1428543333290637309	CPU_0	96.82	0	1.58	0	0	0	1.58	0	0	0
1428543333919126654	CPU_0	98.38	0	0	0	0	1.61	0	0	0	0
1428543334548192499	CPU_0	98.38	0	0	0	0	1.61	0	0	0	0
1428543335180806716	CPU_0	93.84	0	3.07	0	0	1.53	1.53	0	0	0
1428543335808495936	CPU_0	96.82	0	1.58	0	0	1.58	0	0	0	0
1428543336436968698	CPU_0	98.38	0	0	0	0	1.61	0	0	0	0
1428543337063913294	CPU_0	98.41	0	0	0	0	0	1.58	0	0	0
1428543337698598301	CPU_0	96.82	0	1.58	0	0	1.58	0	0	0	0
1428543338327088854	CPU_0	96.82	0	1.58	0	0	1.58	0	0	0	0
1428543338955395866	CPU_0	96.87	0	0	0	0	1.56	1.56	0	0	0
1428543339583110587	CPU_0	98.38	0	0	0	0	1.61	0	0	0	0
1428543340217835135	CPU_0	100.00	0	0	0	0	0	0	0	0	0
1428543340845867355	CPU_0	98.41	0	0	0	0	1.58	0	0	0	0
1428543341474188200	CPU_0	96.82	0	0	0	0	1.58	1.58	0	0	0
1428543342102013670	CPU_0	96.82	0	1.58	0	0	1.58	0	0	0	0
1428543342736602135	CPU_0	98.41	0	0	0	0	1.58	0	0	0	0
1428543343365716313	CPU_0	96.87	0	0	0	0	1.56	1.56	0	0	0
1428543343995151115	CPU_0	98.38	0	0	0	0	1.61	0	0	0	0
1428543344622749127	CPU_0	100.00	0	0	0	0	0	0	0	0	0
1428543345258150174	CPU_0	95.31	0	1.56	0	0	1.56	1.56	0	0	0
1428543345887394060	CPU_0	98.41	0	0	0	0	1.58	0	0	0	0
1428543346516416946	CPU_0	98.41	0	0	0	0	1.58	0	0	0	0
1428543347144545541	CPU_0	96.82	0	0	0	0	1.58	1.58	0	0	0
1428543347779684588	CPU_0	96.87	0	1.56	0	0	1.56	0	0	0	0
1428543348408994265	CPU_0	100.00	0	0	0	0	0	0	0	0	0
1428543349037388735	CPU_0	96.82	0	0	0	0	1.58	1.58	0	0	0
1428543349665570705	CPU_0	98.41	0	0	0	0	1.58	0	0	0	0
1428543350299520962	CPU_0	96.87	0	1.56	0	0	1.56	0	0	0	0
1428543350928221181	CPU_0	98.38	0	0	0	0	1.61	0	0	0	0
1428543351556776317	CPU_0	98.41	0	0	0	0	0	1.58	0	0	0
1428543352184812662	CPU_0	98.41	0	0	0	0	1.58	0	0	0	0
1428543352813962006	CPU_0	96.77	0	1.61	0	0	1.61	0	0	0	0
1428543353447323971	CPU_0	96.87	0	0	0	0	1.56	1.56	0	0	0
1428543354074914858	CPU_0	96.82	0	1.58	0	0	1.58	0	0	0	0
1428543354702721911	CPU_0	96.82	0	1.58	0	0	1.58	0	0	0	0
1428543355330253506	CPU_0	96.82	0	0	0	0	1.58	1.58	0	0	0
1428543355964957262	CPU_0	100.00	0	0	0	0	0	0	0	0	0
1428543356593053648	CPU_0	95.16	0	3.22	0	0	1.61	0	0	0	0
1428543357220644993	CPU_0	96.82	0	0	0	0	1.58	1.58	0	0	0
1428543357848681504	CPU_0	96.82	0	1.58	0	0	1.58	0	0	0	0
1428543358483494968	CPU_0	98.41	0	0	0	0	1.58	0	0	0	0
1428543359112185937	CPU_0	95.31	0	1.56	0	0	1.56	1.56	0	0	0
1428543359740337782	CPU_0	98.41	0	0	0	0	1.58	0	0	0	0
1428543360369164084	CPU_0	98.38	0	1.61	0	0	0	0	0	0	0
1428543361003771423	CPU_0	95.31	0	1.56	0	0	1.56	1.56	0	0	0
1428543361631535268	CPU_0	96.82	0	1.58	0	0	1.58	0	0	0	0
1428543362259643654	CPU_0	98.41	0	0	0	0	1.58	0	0	0	0
1428543362888887122	CPU_0	98.38	0	0	0	0	1.61	0	0	0	0
1428543363523213753	CPU_0	96.87	0	0	0	0	1.56	1.56	0	0	0
1428543364151416639	CPU_0	98.38	0	1.61	0	0	0	0	0	0	0
1428543364779468150	CPU_0	98.41	0	0	0	0	1.58	0	0	0	0
1428543365408047744	CPU_0	96.82	0	0	0	0	1.58	1.58	0	0	0
1428543366042016125	CPU_0	96.87	0	1.56	0	0	1.56	0	0	0	0
1428543366670576927	CPU_0	98.41	0	0	0	0	1.58	0	0	0	0
1428543367298601021	CPU_0	95.23	0	1.58	0	0	1.58	1.58	0	0	0
1428543367928088156	CPU_0	98.38	0	1.61	0	0	0	0	0	0	0
1428543368561977328	CPU_0	98.41	0	0	0	0	1.58	0	0	0	0
1428543369193098586	CPU_0	96.82	0	0	0	0	1.58	1.58	0	0	0
1428543369821163097	CPU_0	98.43	0	0	0	0	1.56	0	0	0	0
1428543370450943773	CPU_0	96.77	0	1.61	0	0	1.61	0	0	0	0
1428543371079025992	CPU_0	96.87	0	1.56	0	0	0	1.56	0	0	0
1428543371713405664	CPU_0	98.38	0	0	0	0	1.61	0	0	0	0
1428543372341096009	CPU_0	98.41	0	0	0	0	1.58	0	0	0	0
1428543372970479185	CPU_0	98.41	0	0	0	0	1.58	0	0	0	0
1428543373598574612	CPU_0	95.31	0	1.56	0	0	1.56	1.56	0	0	0
1428543374234228033	CPU_0	98.41	0	0	0	0	1.58	0	0	0	0
1428543374862671585	CPU_0	98.41	0	0	0	0	1.58	0	0	0	0
1428543375493039802	CPU_0	98.38	0	0	0	0	0	1.61	0	0	0
1428543376121492854	CPU_0	96.82	0	1.58	0	0	1.58	0	0	0	0
1428543376757768024	CPU_0	98.41	0	0	0	0	1.58	0	0	0	0
1428543377387113950	CPU_0	96.87	0	0	0	0	1.56	1.56	0	0	0
1428543378016484376	CPU_0	95.23	0	3.17	0	0	1.58	0	0	0	0
1428543378644540762	CPU_0	95.23	0	3.17	0	0	1.58	0	0	0	0
1428543379281163265	CPU_0	98.41	0	0	0	0	0	1.58	0	0	0
1428543379910377441	CPU_0	95.31	0	3.12	0	0	1.56	0	0	0	0
1428543380540505325	CPU_0	98.38	0	0	0	0	1.61	0	0	0	0
1428543381168594877	CPU_0	96.82	0	0	0	0	1.58	1.58	0	0	0
1428543381804890463	CPU_0	96.92	0	1.53	0	0	1.53	0	0	0	0
1428543382433428348	CPU_0	96.77	0	1.61	0	0	1.61	0	0	0	0
1428543383063343732	CPU_0	98.41	0	0	0	0	0	1.58	0	0	0
1428543383691626700	CPU_0	96.82	0	0	0	0	3.17	0	0	0	0
1428543384327385662	CPU_0	96.82	0	0	0	0	3.17	0	0	0	0
1428543384956327297	CPU_0	92.06	0	3.17	0	0	3.17	1.58	0	0	0
1428543385586560763	CPU_0	98.43	0	0	0	0	1.56	0	0	0	0
1428543386214761940	CPU_0	98.38	0	0	0	0	1.61	0	0	0	0
1428543386850206944	CPU_0	95.23	0	1.58	0	0	1.58	1.58	0	0	0
1428543387481839701	CPU_0	96.87	0	1.56	0	0	1.56	0	0	0	0
1428543388111896751	CPU_0	100.00	0	0	0	0	0	0	0	0	0
1428543388740196844	CPU_0	96.82	0	0	0	0	1.58	1.58	0	0	0
1428543389370247894	CPU_0	96.87	0	1.56	0	0	1.56	0	0	0	0
1428543390005804606	CPU_0	98.41	0	0	0	0	1.58	0	0	0	0
1428543390634909699	CPU_0	96.82	0	0	0	0	1.58	1.58	0	0	0
1428543391264108708	CPU_0	98.41	0	0	0	0	1.58	0	0	0	0
1428543391894075841	CPU_0	96.82	0	1.58	0	0	1.58	0	0	0	0
1428543392529935844	CPU_0	98.43	0	0	0	0	1.56	0	0	0	0
1428543393159706978	CPU_0	98.38	0	0	0	0	0	1.61	0	0	0
1428543393789151487	CPU_0	96.82	0	1.58	0	0	1.58	0	0	0	0
1428543394419925327	CPU_0	98.41	0	0	0	0	1.58	0	0	0	0
1428543395055034956	CPU_0	95.38	0	1.53	0	0	1.53	1.53	0	0	0
1428543395685547547	CPU_0	98.38	0	0	0	0	1.61	0	0	0	0
1428543396314034765	CPU_0	96.82	0	3.17	0	0	0	0	0	0	0
1428543396944423398	CPU_0	96.82	0	0	0	0	1.58	1.58	0	0	0
1428543397579708527	CPU_0	98.41	0	0	0	0	1.58	0	0	0	0
1428543398209367410	CPU_0	98.41	0	0	0	0	1.58	0	0	0	0
1428543398837998752	CPU_0	95.31	0	1.56	0	0	1.56	1.56	0	0	0
1428543399468306260	CPU_0	95.23	0	3.17	0	0	1.58	0	0	0	0
1428543400103298889	CPU_0	100.00	0	0	0	0	0	0	0	0	0
1428543400732575564	CPU_0	95.31	0	1.56	0	0	1.56	1.56	0	0	0
1428543401361101490	CPU_0	98.38	0	0	0	0	1.61	0	0	0	0
1428543401991090831	CPU_0	96.87	0	1.56	0	0	1.56	0	0	0	0
1428543402626905418	CPU_0	98.41	0	0	0	0	1.58	0	0	0	0
1428543403255839176	CPU_0	95.31	0	1.56	0	0	1.56	1.56	0	0	0
1428543403884614643	CPU_0	100.00	0	0	0	0	0	0	0	0	0
1428543404514473818	CPU_0	96.82	0	1.58	0	0	1.58	0	0	0	0
1428543405149239947	CPU_0	95.31	0	1.56	0	0	1.56	1.56	0	0	0
1428543405777873706	CPU_0	96.77	0	1.61	0	0	1.61	0	0	0	0
1428543406406859923	CPU_0	98.41	0	0	0	0	1.58	0	0	0	0
1428543407036044223	CPU_0	96.82	0	1.58	0	0	0	1.58	0	0	0
1428543407668339853	CPU_0	98.41	0	0	0	0	1.58	0	0	0	0
1428543408302408816	CPU_0	98.41	0	0	0	0	1.58	0	0	0	0
1428543408932219866	CPU_0	95.31	0	1.56	0	0	1.56	1.56	0	0	0
1428543409560201083	CPU_0	98.41	0	0	0	0	1.58	0	0	0	0
1428543410189001883	CPU_0	98.41	0	0	0	0	1.58	0	0	0	0
1428543410823580345	CPU_0	96.82	0	0	0	0	1.58	1.58	0	0	0
1428543411452778229	CPU_0	98.41	0	0	0	0	1.58	0	0	0	0
1428543412081512446	CPU_0	100.00	0	0	0	0	0	0	0	0	0
1428543412710492246	CPU_0	96.82	0	1.58	0	0	1.58	0	0	0	0
1428543413345929790	CPU_0	95.31	0	1.56	0	0	1.56	1.56	0	0	0
1428543413976189672	CPU_0	96.82	0	1.58	0	0	1.58	0	0	0	0
1428543414605115347	CPU_0	98.41	0	0	0	0	1.58	0	0	0	0
1428543415234044731	CPU_0	96.87	0	0	0	0	1.56	1.56	0	0	0
1428543415869596567	CPU_0	98.38	0	1.61	0	0	0	0	0	0	0
1428543416499123949	CPU_0	96.82	0	1.58	0	0	1.58	0	0	0	0
1428543417128165583	CPU_0	96.82	0	0	0	0	1.58	1.58	0	0	0
1428543417757101257	CPU_0	98.41	0	0	0	0	1.58	0	0	0	0
1428543418393178885	CPU_0	98.41	0	0	0	0	1.58	0	0	0	0
1428543419023129059	CPU_0	95.31	0	1.56	0	0	1.56	1.56	0	0	0
1428543419652529108	CPU_0	98.41	0	0	0	0	1.58	0	0	0	0
1428543420281106241	CPU_0	98.38	0	1.61	0	0	0	0	0	0	0
1428543420917207910	CPU_0	93.75	0	3.12	0	0	1.56	1.56	0	0	0
1428543421546631084	CPU_0	96.82	0	1.58	0	0	1.58	0	0	0	0
1428543422175762009	CPU_0	96.82	0	1.58	0	0	1.58	0	0	0	0
1428543422804688934	CPU_0	95.31	0	1.56	0	0	1.56	1.56	0	0	0
1428543423440696227	CPU_0	98.41	0	0	0	0	1.58	0	0	0	0
1428543424070341360	CPU_0	98.38	0	1.61	0	0	0	0	0	0	0
1428543424700299575	CPU_0	98.41	0	0	0	0	1.58	0	0	0	0
1428543425328967125	CPU_0	96.82	0	0	0	0	1.58	1.58	0	0	0
1428543425964927543	CPU_0	96.87	0	1.56	0	0	1.56	0	0	0	0
1428543426596817049	CPU_0	98.41	0	0	0	0	1.58	0	0	0	0
1428543427226462348	CPU_0	96.82	0	1.58	0	0	0	1.58	0	0	0
1428543427855129647	CPU_0	96.82	0	1.58	0	0	1.58	0	0	0	0
1428543428485272362	CPU_0	98.38	0	0	0	0	1.61	0	0	0	0
1428543429119970782	CPU_0	96.92	0	0	0	0	1.53	1.53	0	0	0
1428543429749879872	CPU_0	98.41	0	0	0	0	1.58	0	0	0	0
1428543430378686630	CPU_0	96.77	0	1.61	0	0	1.61	0	0	0	0
1428543431009012220	CPU_0	96.87	0	0	0	0	1.56	1.56	0	0	0
1428543431643950139	CPU_0	96.87	0	1.56	0	0	1.56	0	0	0	0
1428543432273325105	CPU_0	100.00	0	0	0	0	0	0	0	0	0
1428543432902172196	CPU_0	95.31	0	1.56	0	0	1.56	1.56	0	0	0
1428543433532552869	CPU_0	98.41	0	0	0	0	1.58	0	0	0	0
1428543434168556287	CPU_0	98.41	0	0	0	0	1.58	0	0	0	0
1428543434798590419	CPU_0	96.82	0	0	0	0	1.58	1.58	0	0	0
1428543435428361967	CPU_0	96.87	0	1.56	0	0	1.56	0	0	0	0
1428543436058939348	CPU_0	100.00	0	0	0	0	0	0	0	0	0
1428543436695189225	CPU_0	98.41	0	0	0	0	1.58	0	0	0	0
1428543437324365898	CPU_0	96.87	0	0	0	0	1.56	1.56	0	0	0
1428543437954623738	CPU_0	98.38	0	0	0	0	1.61	0	0	0	0
1428543438583988037	CPU_0	98.43	0	0	0	0	1.56	0	0	0	0
1428543439219858788	CPU_0	95.31	0	1.56	0	0	1.56	1.56	0	0	0
1428543439850359253	CPU_0	98.38	0	1.61	0	0	0	0	0	0	0
1428543440481260967	CPU_0	98.41	0	0	0	0	1.58	0	0	0	0
1428543441111150515	CPU_0	95.31	0	1.56	0	0	1.56	1.56	0	0	0
1428543441746556475	CPU_0	98.43	0	0	0	0	1.56	0	0	0	0
1428543442376346440	CPU_0	95.16	0	3.22	0	0	1.61	0	0	0	0
1428543443006425571	CPU_0	96.82	0	0	0	0	1.58	1.58	0	0	0
1428543443635690328	CPU_0	100.00	0	0	0	0	0	0	0	0	0
1428543444270946497	CPU_0	98.41	0	0	0	0	1.58	0	0	0	0
1428543444900792128	CPU_0	96.82	0	0	0	0	1.58	1.58	0	0	0
1428543445530611593	CPU_0	96.87	0	1.56	0	0	1.56	0	0	0	0
1428543446160206974	CPU_0	98.38	0	0	0	0	1.61	0	0	0	0
1428543446795833726	CPU_0	96.87	0	1.56	0	0	1.56	0	0	0	0
1428543447425249316	CPU_0	98.41	0	0	0	0	0	1.58	0	0	0
1428543448055000072	CPU_0	96.77	0	1.61	0	0	1.61	0	0	0	0
1428543448683925454	CPU_0	96.87	0	1.56	0	0	1.56	0	0	0	0
1428543449318464290	CPU_0	96.82	0	0	0	0	1.58	1.58	0	0	0
1428543449950337877	CPU_0	98.41	0	0	0	0	1.58	0	0	0	0
1428543450579731842	CPU_0	96.87	0	1.56	0	0	1.56	0	0	0	0
1428543451209297015	CPU_0	96.82	0	0	0	0	1.58	1.58	0	0	0
1428543451837821606	CPU_0	100.00	0	0	0	0	0	0	0	0	0
1428543452474690106	CPU_0	98.41	0	0	0	0	1.58	0	0	0	0
1428543453103354363	CPU_0	95.23	0	1.58	0	0	1.58	1.58	0	0	0
1428543453732536620	CPU_0	96.87	0	1.56	0	0	1.56	0	0	0	0
1428543454361875709	CPU_0	96.77	0	1.61	0	0	1.61	0	0	0	0
1428543454998590126	CPU_0	96.87	0	0	0	0	1.56	1.56	0	0	0
1428543455627373217	CPU_0	96.82	0	1.58	0	0	1.58	0	0	0	0
1428543456256769890	CPU_0	100.00	0	0	0	0	0	0	0	0	0
1428543456886169313	CPU_0	96.87	0	0	0	0	1.56	1.56	0	0	0
1428543457523692229	CPU_0	96.82	0	1.58	0	0	1.58	0	0	0	0
1428543458152881485	CPU_0	96.87	0	1.56	0	0	1.56	0	0	0	0
1428543458782999866	CPU_0	98.41	0	0	0	0	1.58	0	0	0	0
1428543459412135164	CPU_0	96.82	0	0	0	0	1.58	1.58	0	0	0
1428543460049508163	CPU_0	100.00	0	0	0	0	0	0	0	0	0
1428543460678160712	CPU_0	98.38	0	0	0	0	1.61	0	0	0	0
1428543461307991134	CPU_0	95.31	0	1.56	0	0	1.56	1.56	0	0	0
1428543461936292224	CPU_0	96.82	0	1.58	0	0	1.58	0	0	0	0
1428543462573799474	CPU_0	96.87	0	1.56	0	0	1.56	0	0	0	0
1428543463202504397	CPU_0	95.23	0	1.58	0	0	1.58	1.58	0	0	0
1428543463832051820	CPU_0	98.41	0	1.58	0	0	0	0	0	0	0
1428543464461386534	CPU_0	98.38	0	0	0	0	1.61	0	0	0	0
1428543465097856826	CPU_0	95.31	0	1.56	0	0	1.56	1.56	0	0	0
1428543465726872665	CPU_0	98.41	0	0	0	0	1.58	0	0	0	0
1428543466356431879	CPU_0	96.82	0	1.58	0	0	1.58	0	0	0	0
1428543466985847760	CPU_0	63.93	0	0	34.42	0	1.63	0	0	0	0
1428543467619444429	CPU_0	0	0	0	98.41	0	0	1.58	0	0	0
