#Timestamp	CPU_ID	user%	nice%	sys%	idle%	iowait%	irq%	softiq%	steal%	guest%	guest_nice%
1428591638106002160	CPU_4	6.45	0	4.83	88.70	0	0	0	0	0	0
1428591638791033053	CPU_4	0	0	0	100.00	0	0	0	0	0	0
1428591639484510267	CPU_4	0	0	0	100.00	0	0	0	0	0	0
1428591640178486940	CPU_4	0	0	0	100.00	0	0	0	0	0	0
1428591640865291080	CPU_4	0	0	0	100.00	0	0	0	0	0	0
1428591641565017286	CPU_4	0	0	0	100.00	0	0	0	0	0	0
1428591642254424506	CPU_4	0	0	0	100.00	0	0	0	0	0	0
1428591642940057023	CPU_4	0	0	0	100.00	0	0	0	0	0	0
1428591643639524188	CPU_4	0	0	0	100.00	0	0	0	0	0	0
1428591644327351702	CPU_4	0	0	0	100.00	0	0	0	0	0	0
1428591645017115797	CPU_4	0	0	0	100.00	0	0	0	0	0	0
1428591645716468962	CPU_4	0	0	0	100.00	0	0	0	0	0	0
1428591646403742852	CPU_4	0	0	0	100.00	0	0	0	0	0	0
1428591647093527030	CPU_4	0	0	0	100.00	0	0	0	0	0	0
1428591647792217862	CPU_4	0	0	0	100.00	0	0	0	0	0	0
1428591648479480669	CPU_4	0	0	0	100.00	0	0	0	0	0	0
1428591649171484386	CPU_4	0	0	0	100.00	0	0	0	0	0	0
1428591649871601925	CPU_4	0	0	0	100.00	0	0	0	0	0	0
1428591650561232020	CPU_4	0	0	0	100.00	0	0	0	0	0	0
1428591651253073112	CPU_4	0	0	0	100.00	0	0	0	0	0	0
1428591651951476654	CPU_4	0	0	0	100.00	0	0	0	0	0	0
1428591652641964748	CPU_4	0	0	0	100.00	0	0	0	0	0	0
1428591653347496280	CPU_4	0	0	0	100.00	0	0	0	0	0	0
1428591654037654333	CPU_4	0	0	0	100.00	0	0	0	0	0	0
1428591654730706590	CPU_4	0	0	0	100.00	0	0	0	0	0	0
1428591655431968420	CPU_4	0	0	0	100.00	0	0	0	0	0	0
1428591656122382305	CPU_4	0	0	0	100.00	0	0	0	0	0	0
1428591656813426732	CPU_4	0	0	0	100.00	0	0	0	0	0	0
1428591657513946729	CPU_4	0	0	0	100.00	0	0	0	0	0	0
1428591658205480739	CPU_4	0	0	0	100.00	0	0	0	0	0	0
1428591658897231581	CPU_4	0	0	0	100.00	0	0	0	0	0	0
1428591659595707498	CPU_4	0	0	0	100.00	0	0	0	0	0	0
1428591660290259045	CPU_4	0	0	0	100.00	0	0	0	0	0	0
1428591660981712554	CPU_4	0	0	0	100.00	0	0	0	0	0	0
1428591661684823715	CPU_4	0	0	0	100.00	0	0	0	0	0	0
1428591662375509851	CPU_4	0	0	0	100.00	0	0	0	0	0	0
1428591663086517918	CPU_4	0	0	0	100.00	0	0	0	0	0	0
1428591663775426139	CPU_4	0	0	0	100.00	0	0	0	0	0	0
1428591664467078357	CPU_4	0	0	0	100.00	0	0	0	0	0	0
1428591665181346878	CPU_4	0	0	0	100.00	0	0	0	0	0	0
1428591665871645847	CPU_4	0	0	0	100.00	0	0	0	0	0	0
1428591666562422441	CPU_4	0	0	0	100.00	0	0	0	0	0	0
1428591667262393731	CPU_4	0	0	0	100.00	0	0	0	0	0	0
1428591667953984282	CPU_4	0	0	0	100.00	0	0	0	0	0	0
1428591668651259159	CPU_4	0	0	0	100.00	0	0	0	0	0	0
1428591669349290494	CPU_4	0	0	0	100.00	0	0	0	0	0	0
1428591670041673502	CPU_4	0	0	0	100.00	0	0	0	0	0	0
1428591670736694215	CPU_4	0	0	0	100.00	0	0	0	0	0	0
1428591671436558839	CPU_4	0	0	0	100.00	0	0	0	0	0	0
1428591672126697100	CPU_4	0	0	0	100.00	0	0	0	0	0	0
1428591672830923343	CPU_4	0	0	0	100.00	0	0	0	0	0	0
1428591673520451356	CPU_4	0	0	0	100.00	0	0	0	0	0	0
1428591674212583073	CPU_4	0	0	0	100.00	0	0	0	0	0	0
1428591674909558492	CPU_4	0	0	0	100.00	0	0	0	0	0	0
1428591675601116043	CPU_4	0	0	0	100.00	0	0	0	0	0	0
1428591676292372095	CPU_4	0	0	0	100.00	0	0	0	0	0	0
1428591676992036386	CPU_4	0	0	0	100.00	0	0	0	0	0	0
1428591677682611188	CPU_4	0	0	0	100.00	0	0	0	0	0	0
1428591678376130279	CPU_4	0	0	0	100.00	0	0	0	0	0	0
1428591679074070489	CPU_4	0	0	0	100.00	0	0	0	0	0	0
1428591679766969205	CPU_4	0	0	0	100.00	0	0	0	0	0	0
1428591680454859553	CPU_4	0	0	0	100.00	0	0	0	0	0	0
1428591681157078840	CPU_4	0	0	0	100.00	0	0	0	0	0	0
1428591681846782186	CPU_4	0	0	0	100.00	0	0	0	0	0	0
1428591682543221522	CPU_4	0	0	0	100.00	0	0	0	0	0	0
1428591683238483361	CPU_4	0	0	0	100.00	0	0	0	0	0	0
1428591683929736496	CPU_4	0	0	0	100.00	0	0	0	0	0	0
1428591684626540041	CPU_4	0	0	0	100.00	0	0	0	0	0	0
1428591685319385340	CPU_4	0	0	0	100.00	0	0	0	0	0	0
1428591686007715480	CPU_4	0	0	0	100.00	0	0	0	0	0	0
1428591686712976055	CPU_4	0	0	0	100.00	0	0	0	0	0	0
1428591687404128774	CPU_4	0	0	0	100.00	0	0	0	0	0	0
1428591688094669660	CPU_4	0	0	0	100.00	0	0	0	0	0	0
1428591688794595284	CPU_4	0	0	0	100.00	0	0	0	0	0	0
1428591689486449460	CPU_4	0	0	0	100.00	0	0	0	0	0	0
1428591690176242264	CPU_4	0	0	0	100.00	0	0	0	0	0	0
1428591690877981552	CPU_4	0	0	0	100.00	0	0	0	0	0	0
1428591691570624811	CPU_4	0	0	0	100.00	0	0	0	0	0	0
1428591692262726237	CPU_4	0	0	0	100.00	0	0	0	0	0	0
1428591692961756779	CPU_4	0	0	0	100.00	0	0	0	0	0	0
1428591693652687748	CPU_4	0	0	0	100.00	0	0	0	0	0	0
1428591694354042870	CPU_4	0	0	0	100.00	0	0	0	0	0	0
1428591695046540171	CPU_4	0	0	0	100.00	0	0	0	0	0	0
1428591695737082724	CPU_4	0	0	0	100.00	0	0	0	0	0	0
1428591696439985761	CPU_4	0	0	0	100.00	0	0	0	0	0	0
1428591697132612269	CPU_4	0	0	0	100.00	0	0	0	0	0	0
1428591697823736613	CPU_4	0	0	0	100.00	0	0	0	0	0	0
1428591698525177069	CPU_4	0	0	0	100.00	0	0	0	0	0	0
1428591699222655863	CPU_4	0	0	0	100.00	0	0	0	0	0	0
1428591699913842457	CPU_4	0	0	0	100.00	0	0	0	0	0	0
1428591700616547078	CPU_4	0	0	0	100.00	0	0	0	0	0	0
1428591701309474169	CPU_4	0	0	0	100.00	0	0	0	0	0	0
1428591702019924655	CPU_4	0	0	0	100.00	0	0	0	0	0	0
1428591702713342288	CPU_4	0	0	0	100.00	0	0	0	0	0	0
1428591703404527840	CPU_4	0	0	0	100.00	0	0	0	0	0	0
1428591704106005296	CPU_4	0	0	0	100.00	0	0	0	0	0	0
1428591704800786260	CPU_4	0	0	0	100.00	0	0	0	0	0	0
1428591705491209105	CPU_4	0	0	0	100.00	0	0	0	0	0	0
1428591706193454935	CPU_4	0	0	0	100.00	0	0	0	0	0	0
1428591706886745901	CPU_4	0	0	0	100.00	0	0	0	0	0	0
1428591707580445742	CPU_4	0	0	0	100.00	0	0	0	0	0	0
1428591708282343739	CPU_4	0	0	0	100.00	0	0	0	0	0	0
1428591708978888285	CPU_4	0	0	0	100.00	0	0	0	0	0	0
1428591709669208130	CPU_4	0	0	0	100.00	0	0	0	0	0	0
1428591710372826166	CPU_4	0	0	0	100.00	0	0	0	0	0	0
1428591711063082387	CPU_4	0	0	0	100.00	0	0	0	0	0	0
1428591711770006419	CPU_4	0	0	0	100.00	0	0	0	0	0	0
1428591712463025261	CPU_4	0	0	0	100.00	0	0	0	0	0	0
1428591713155254270	CPU_4	0	0	0	100.00	0	0	0	0	0	0
1428591713858022975	CPU_4	0	0	0	100.00	0	0	0	0	0	0
1428591714551231941	CPU_4	0	0	0	100.00	0	0	0	0	0	0
1428591715243089993	CPU_4	0	0	0	100.00	0	0	0	0	0	0
1428591715947182612	CPU_4	0	0	0	100.00	0	0	0	0	0	0
1428591716640417412	CPU_4	0	0	0	100.00	0	0	0	0	0	0
1428591717334203795	CPU_4	0	0	0	100.00	0	0	0	0	0	0
1428591718038189831	CPU_4	0	0	0	100.00	0	0	0	0	0	0
1428591718732536254	CPU_4	0	0	0	100.00	0	0	0	0	0	0
1428591719426167887	CPU_4	0	0	0	100.00	0	0	0	0	0	0
1428591720127744093	CPU_4	0	0	0	100.00	0	0	0	0	0	0
1428591720817796814	CPU_4	0	0	0	100.00	0	0	0	0	0	0
1428591721521334851	CPU_4	0	0	0	100.00	0	0	0	0	0	0
1428591722212765570	CPU_4	0	0	0	100.00	0	0	0	0	0	0
1428591722905675496	CPU_4	0	0	0	100.00	0	0	0	0	0	0
1428591723607292910	CPU_4	0	0	0	100.00	0	0	0	0	0	0
1428591724301919917	CPU_4	0	0	0	100.00	0	0	0	0	0	0
1428591724991033264	CPU_4	0	0	0	100.00	0	0	0	0	0	0
1428591725693503469	CPU_4	0	0	0	100.00	0	0	0	0	0	0
1428591726385893437	CPU_4	0	0	0	100.00	0	0	0	0	0	0
1428591727079046654	CPU_4	0	0	0	100.00	0	0	0	0	0	0
1428591727780505277	CPU_4	0	0	0	100.00	0	0	0	0	0	0
1428591728471741955	CPU_4	0	0	0	100.00	0	0	0	0	0	0
1428591729167662085	CPU_4	0	0	0	100.00	0	0	0	0	0	0
1428591729865949295	CPU_4	0	0	0	100.00	0	0	0	0	0	0
1428591730555553642	CPU_4	0	0	0	100.00	0	0	0	0	0	0
1428591731259458262	CPU_4	0	0	0	100.00	0	0	0	0	0	0
1428591731951049648	CPU_4	0	0	0	100.00	0	0	0	0	0	0
1428591732642969033	CPU_4	0	0	0	100.00	0	0	0	0	0	0
1428591733345543780	CPU_4	0	0	0	100.00	0	0	0	0	0	0
1428591734040028162	CPU_4	0	0	0	100.00	0	0	0	0	0	0
1428591734731586714	CPU_4	0	0	0	100.00	0	0	0	0	0	0
1428591735435730834	CPU_4	0	0	0	100.00	0	0	0	0	0	0
1428591736126210638	CPU_4	0	0	0	100.00	0	0	0	0	0	0
1428591736820879687	CPU_4	0	0	0	100.00	0	0	0	0	0	0
1428591737522311851	CPU_4	0	0	0	100.00	0	0	0	0	0	0
1428591738214742736	CPU_4	0	0	0	100.00	0	0	0	0	0	0
1428591738925341847	CPU_4	0	0	0	100.00	0	0	0	0	0	0
1428591739618940189	CPU_4	0	0	0	100.00	0	0	0	0	0	0
1428591740314611862	CPU_4	0	0	0	100.00	0	0	0	0	0	0
1428591741019080856	CPU_4	0	0	0	100.00	0	0	0	0	0	0
1428591741714026654	CPU_4	0	0	0	100.00	0	0	0	0	0	0
1428591742407235413	CPU_4	0	0	0	100.00	0	0	0	0	0	0
1428591743111348783	CPU_4	0	0	0	100.00	0	0	0	0	0	0
1428591743815844194	CPU_4	0	0	0	100.00	0	0	0	0	0	0
1428591744562785674	CPU_4	0	0	0	100.00	0	0	0	0	0	0
1428591745269911665	CPU_4	0	0	0	100.00	0	0	0	0	0	0
1428591745965100213	CPU_4	0	0	0	100.00	0	0	0	0	0	0
1428591746668428709	CPU_4	0	0	0	100.00	0	0	0	0	0	0
1428591747367716960	CPU_4	0	0	0	100.00	0	0	0	0	0	0
1428591748062331967	CPU_4	0	0	0	100.00	0	0	0	0	0	0
1428591748764562048	CPU_4	0	0	0	100.00	0	0	0	0	0	0
1428591749463447466	CPU_4	0	0	0	100.00	0	0	0	0	0	0
1428591750157002808	CPU_4	0	0	0	100.00	0	0	0	0	0	0
1428591750859961638	CPU_4	0	0	0	100.00	0	0	0	0	0	0
1428591751553888105	CPU_4	0	0	0	100.00	0	0	0	0	0	0
1428591752261668303	CPU_4	0	0	0	100.00	0	0	0	0	0	0
1428591752956873185	CPU_4	0	0	0	100.00	0	0	0	0	0	0
1428591753652188691	CPU_4	0	0	0	100.00	0	0	0	0	0	0
1428591754358068142	CPU_4	0	0	0	100.00	0	0	0	0	0	0
1428591755052313150	CPU_4	0	0	0	100.00	0	0	0	0	0	0
1428591755745603618	CPU_4	0	0	0	100.00	0	0	0	0	0	0
1428591756449745196	CPU_4	0	0	0	100.00	0	0	0	0	0	0
1428591757143998662	CPU_4	0	0	0	100.00	0	0	0	0	0	0
1428591757840360126	CPU_4	0	0	0	100.00	0	0	0	0	0	0
1428591758542924206	CPU_4	0	0	0	100.00	0	0	0	0	0	0
1428591759238180921	CPU_4	0	0	0	100.00	0	0	0	0	0	0
1428591759937565298	CPU_4	0	0	0	100.00	0	0	0	0	0	0
1428591760639067921	CPU_4	0	0	0	100.00	0	0	0	0	0	0
1428591761337876215	CPU_4	0	0	0	100.00	0	0	0	0	0	0
1428591762042638793	CPU_4	0	0	0	100.00	0	0	0	0	0	0
1428591762734926262	CPU_4	0	0	0	100.00	0	0	0	0	0	0
1428591763433224389	CPU_4	0	0	0	100.00	0	0	0	0	0	0
1428591764137122843	CPU_4	0	0	0	100.00	0	0	0	0	0	0
1428591764831617893	CPU_4	0	0	0	100.00	0	0	0	0	0	0
1428591765524668444	CPU_4	0	0	0	100.00	0	0	0	0	0	0
1428591766232672268	CPU_4	0	0	0	100.00	0	0	0	0	0	0
1428591766924957528	CPU_4	0	0	0	100.00	0	0	0	0	0	0
1428591767618300038	CPU_4	0	0	0	100.00	0	0	0	0	0	0
1428591768320194286	CPU_4	0	0	0	100.00	0	0	0	0	0	0
1428591769014670627	CPU_4	0	0	0	100.00	0	0	0	0	0	0
1428591769716304792	CPU_4	0	0	0	100.00	0	0	0	0	0	0
1428591770415503753	CPU_4	0	0	0	100.00	0	0	0	0	0	0
1428591771107918763	CPU_4	0	0	0	100.00	0	0	0	0	0	0
1428591771813940339	CPU_4	0	0	0	100.00	0	0	0	0	0	0
1428591772504000812	CPU_4	0	0	0	100.00	0	0	0	0	0	0
1428591773198026945	CPU_4	0	0	0	100.00	0	0	0	0	0	0
1428591773901649941	CPU_4	0	0	0	100.00	0	0	0	0	0	0
1428591774594378993	CPU_4	0	0	0	100.00	0	0	0	0	0	0
1428591775286349296	CPU_4	0	0	0	100.00	0	0	0	0	0	0
1428591775992789247	CPU_4	0	0	0	100.00	0	0	0	0	0	0
1428591776683958801	CPU_4	0	0	0	100.00	0	0	0	0	0	0
1428591777395660662	CPU_4	0	0	0	100.00	0	0	0	0	0	0
1428591778088473589	CPU_4	0	0	0	100.00	0	0	0	0	0	0
1428591778783339180	CPU_4	0	0	0	100.00	0	0	0	0	0	0
1428591779488056799	CPU_4	0	0	0	100.00	0	0	0	0	0	0
1428591780181864975	CPU_4	0	0	0	100.00	0	0	0	0	0	0
1428591780877828315	CPU_4	0	0	0	100.00	0	0	0	0	0	0
1428591781586232013	CPU_4	0	0	0	100.00	0	0	0	0	0	0
1428591782277639734	CPU_4	0	0	0	100.00	0	0	0	0	0	0
1428591782973475990	CPU_4	0	0	0	100.00	0	0	0	0	0	0
1428591783676458696	CPU_4	0	0	0	100.00	0	0	0	0	0	0
1428591784370522079	CPU_4	0	0	0	100.00	0	0	0	0	0	0
1428591785072960536	CPU_4	0	0	0	100.00	0	0	0	0	0	0
1428591785773830411	CPU_4	0	0	0	100.00	0	0	0	0	0	0
1428591786467413587	CPU_4	0	0	0	100.00	0	0	0	0	0	0
1428591787171284208	CPU_4	0	0	0	100.00	0	0	0	0	0	0
1428591787867827630	CPU_4	0	0	0	100.00	0	0	0	0	0	0
1428591788562309972	CPU_4	0	0	0	100.00	0	0	0	0	0	0
1428591789265930802	CPU_4	0	0	0	100.00	0	0	0	0	0	0
1428591789959993394	CPU_4	0	0	0	100.00	0	0	0	0	0	0
1428591790659247646	CPU_4	0	0	0	100.00	0	0	0	0	0	0
1428591791371790547	CPU_4	0	0	0	100.00	0	0	0	0	0	0
1428591792064978141	CPU_4	0	0	0	100.00	0	0	0	0	0	0
1428591792770120385	CPU_4	0	0	0	100.00	0	0	0	0	0	0
1428591793472751467	CPU_4	0	0	0	100.00	0	0	0	0	0	0
1428591794167220558	CPU_4	0	0	0	100.00	0	0	0	0	0	0
1428591794876960089	CPU_4	0	0	0	100.00	0	0	0	0	0	0
1428591795573451886	CPU_4	0	0	0	100.00	0	0	0	0	0	0
1428591796269140560	CPU_4	0	0	0	100.00	0	0	0	0	0	0
1428591796976559968	CPU_4	0	0	0	100.00	0	0	0	0	0	0
1428591797670895977	CPU_4	0	0	0	100.00	0	0	0	0	0	0
1428591798365648527	CPU_4	0	0	0	100.00	0	0	0	0	0	0
1428591799070766063	CPU_4	0	0	0	100.00	0	0	0	0	0	0
1428591799767097111	CPU_4	0	0	0	100.00	0	0	0	0	0	0
1428591800480025970	CPU_4	0	0	0	100.00	0	0	0	0	0	0
1428591801176790184	CPU_4	0	0	0	100.00	0	0	0	0	0	0
1428591801872222984	CPU_4	0	0	0	100.00	0	0	0	0	0	0
1428591802576425313	CPU_4	0	0	0	100.00	0	0	0	0	0	0
1428591803271616071	CPU_4	0	0	0	100.00	0	0	0	0	0	0
1428591803970595948	CPU_4	0	0	0	100.00	0	0	0	0	0	0
1428591804674058945	CPU_4	0	0	0	100.00	0	0	0	0	0	0
1428591805374767238	CPU_4	0	0	0	100.00	0	0	0	0	0	0
1428591806071321619	CPU_4	0	0	0	100.00	0	0	0	0	0	0
1428591806777887528	CPU_4	0	0	0	100.00	0	0	0	0	0	0
1428591807474619368	CPU_4	0	0	0	100.00	0	0	0	0	0	0
1428591808183061900	CPU_4	0	0	0	100.00	0	0	0	0	0	0
1428591808878358074	CPU_4	0	0	0	100.00	0	0	0	0	0	0
1428591809579056700	CPU_4	0	0	0	100.00	0	0	0	0	0	0
1428591810284097987	CPU_4	0	0	0	100.00	0	0	0	0	0	0
1428591810981388658	CPU_4	0	0	0	100.00	0	0	0	0	0	0
1428591811678570080	CPU_4	0	0	0	100.00	0	0	0	0	0	0
1428591812383063160	CPU_4	0	0	0	100.00	0	0	0	0	0	0
1428591813077147461	CPU_4	0	0	0	100.00	0	0	0	0	0	0
1428591813773199384	CPU_4	0	0	0	100.00	0	0	0	0	0	0
1428591814476012841	CPU_4	0	0	0	100.00	0	0	0	0	0	0
1428591815171585598	CPU_4	0	0	0	100.00	0	0	0	0	0	0
1428591815875061929	CPU_4	0	0	0	100.00	0	0	0	0	0	0
1428591816569566354	CPU_4	0	0	0	100.00	0	0	0	0	0	0
1428591817262536782	CPU_4	0	0	0	100.00	0	0	0	0	0	0
1428591817968069818	CPU_4	0	0	0	100.00	0	0	0	0	0	0
1428591818660213830	CPU_4	0	0	0	100.00	0	0	0	0	0	0
1428591819355337213	CPU_4	0	0	0	100.00	0	0	0	0	0	0
1428591820060827166	CPU_4	0	0	0	100.00	0	0	0	0	0	0
1428591820753724303	CPU_4	0	0	0	100.00	0	0	0	0	0	0
1428591821449561060	CPU_4	0	0	0	100.00	0	0	0	0	0	0
1428591822153855931	CPU_4	0	0	0	100.00	0	0	0	0	0	0
1428591822846504859	CPU_4	0	0	0	100.00	0	0	0	0	0	0
1428591823553057728	CPU_4	0	0	0	100.00	0	0	0	0	0	0
1428591824244785491	CPU_4	0	0	0	100.00	0	0	0	0	0	0
1428591824943043203	CPU_4	0	0	0	100.00	0	0	0	0	0	0
1428591825646482451	CPU_4	0	0	0	100.00	0	0	0	0	0	0
1428591826339936586	CPU_4	0	0	0	100.00	0	0	0	0	0	0
1428591827037431758	CPU_4	0	0	0	100.00	0	0	0	0	0	0
1428591827743298252	CPU_4	0	0	0	100.00	0	0	0	0	0	0
1428591828436716138	CPU_4	0	0	0	100.00	0	0	0	0	0	0
1428591829132083646	CPU_4	0	0	0	100.00	0	0	0	0	0	0
1428591829837004767	CPU_4	0	0	0	100.00	0	0	0	0	0	0
1428591830532773066	CPU_4	0	0	0	100.00	0	0	0	0	0	0
1428591831237086729	CPU_4	0	0	0	100.00	0	0	0	0	0	0
1428591831936226232	CPU_4	0	0	0	100.00	0	0	0	0	0	0
1428591832630075618	CPU_4	0	0	0	100.00	0	0	0	0	0	0
1428591833336740194	CPU_4	0	0	0	100.00	0	0	0	0	0	0
1428591834033020701	CPU_4	0	0	0	100.00	0	0	0	0	0	0
1428591834728597126	CPU_4	0	0	0	100.00	0	0	0	0	0	0
1428591835439621030	CPU_4	0	0	0	100.00	0	0	0	0	0	0
1428591836134424039	CPU_4	0	0	0	100.00	0	0	0	0	0	0
1428591836829899048	CPU_4	0	0	0	100.00	0	0	0	0	0	0
1428591837540132953	CPU_4	0	0	0	100.00	0	0	0	0	0	0
1428591838234363796	CPU_4	0	0	0	100.00	0	0	0	0	0	0
1428591838941970872	CPU_4	0	0	0	100.00	0	0	0	0	0	0
1428591839638411337	CPU_4	0	0	0	100.00	0	0	0	0	0	0
1428591840332837013	CPU_4	0	0	0	100.00	0	0	0	0	0	0
1428591841039446757	CPU_4	0	0	0	100.00	0	0	0	0	0	0
1428591841741227965	CPU_4	0	0	0	100.00	0	0	0	0	0	0
1428591842435976933	CPU_4	0	0	0	100.00	0	0	0	0	0	0
1428591843142842593	CPU_4	0	0	0	100.00	0	0	0	0	0	0
1428591843839309100	CPU_4	0	0	0	100.00	0	0	0	0	0	0
1428591844541655724	CPU_4	0	0	0	100.00	0	0	0	0	0	0
1428591845242003060	CPU_4	0	0	0	100.00	0	0	0	0	0	0
1428591845940352148	CPU_4	0	0	0	100.00	0	0	0	0	0	0
1428591846644691936	CPU_4	0	0	0	100.00	0	0	0	0	0	0
1428591847342464983	CPU_4	0	0	0	100.00	0	0	0	0	0	0
1428591848041407237	CPU_4	0	0	0	100.00	0	0	0	0	0	0
1428591848746399441	CPU_4	0	0	0	100.00	0	0	0	0	0	0
1428591849443215740	CPU_4	0	0	0	100.00	0	0	0	0	0	0
1428591850143858616	CPU_4	0	0	0	100.00	0	0	0	0	0	0
1428591850847113990	CPU_4	0	0	0	100.00	0	0	0	0	0	0
1428591851546363160	CPU_4	0	0	0	100.00	0	0	0	0	0	0
1428591852256700524	CPU_4	0	0	0	100.00	0	0	0	0	0	0
1428591852953856530	CPU_4	0	0	0	100.00	0	0	0	0	0	0
1428591853650980953	CPU_4	0	0	0	100.00	0	0	0	0	0	0
1428591854359980444	CPU_4	0	0	0	100.00	0	0	0	0	0	0
1428591855054273496	CPU_4	0	0	0	100.00	0	0	0	0	0	0
1428591855752519542	CPU_4	0	0	0	100.00	0	0	0	0	0	0
1428591856457341039	CPU_4	0	0	0	100.00	0	0	0	0	0	0
1428591857156629251	CPU_4	0	0	0	100.00	0	0	0	0	0	0
1428591857851975801	CPU_4	0	0	0	100.00	0	0	0	0	0	0
1428591858560683626	CPU_4	0	0	0	100.00	0	0	0	0	0	0
1428591859255301010	CPU_4	0	0	0	100.00	0	0	0	0	0	0
1428591859961470838	CPU_4	0	0	0	100.00	0	0	0	0	0	0
1428591860655646932	CPU_4	0	0	0	100.00	0	0	0	0	0	0
1428591861352364564	CPU_4	0	0	0	100.00	0	0	0	0	0	0
1428591862057186102	CPU_4	0	0	0	100.00	0	0	0	0	0	0
1428591862753687610	CPU_4	0	0	0	100.00	0	0	0	0	0	0
1428591863448566786	CPU_4	0	0	0	100.00	0	0	0	0	0	0
1428591864162533895	CPU_4	0	0	0	100.00	0	0	0	0	0	0
1428591864857665363	CPU_4	0	0	0	100.00	0	0	0	0	0	0
1428591865562160277	CPU_4	0	0	0	100.00	0	0	0	0	0	0
1428591866261447697	CPU_4	0	0	0	100.00	0	0	0	0	0	0
1428591866957400747	CPU_4	0	0	0	100.00	0	0	0	0	0	0
1428591867662534743	CPU_4	0	0	0	100.00	0	0	0	0	0	0
1428591868358129210	CPU_4	0	0	0	100.00	0	0	0	0	0	0
1428591869054616759	CPU_4	0	0	0	100.00	0	0	0	0	0	0
1428591869791363423	CPU_4	0	0	0	100.00	0	0	0	0	0	0
1428591870486629724	CPU_4	0	0	0	100.00	0	0	0	0	0	0
1428591871181078984	CPU_4	0	0	0	100.00	0	0	0	0	0	0
1428591871886173480	CPU_4	0	0	0	100.00	0	0	0	0	0	0
1428591872583991903	CPU_4	0	0	0	100.00	0	0	0	0	0	0
1428591873286154028	CPU_4	0	0	0	100.00	0	0	0	0	0	0
1428591873982749452	CPU_4	0	0	0	100.00	0	0	0	0	0	0
1428591874680852333	CPU_4	0	0	0	100.00	0	0	0	0	0	0
1428591875385365871	CPU_4	0	0	0	100.00	0	0	0	0	0	0
1428591876081008255	CPU_4	0	0	0	100.00	0	0	0	0	0	0
1428591876778885219	CPU_4	0	0	0	100.00	0	0	0	0	0	0
1428591877482144760	CPU_4	0	0	0	100.00	0	0	0	0	0	0
1428591878180788681	CPU_4	0	0	0	100.00	0	0	0	0	0	0
1428591878876012941	CPU_4	0	0	0	100.00	0	0	0	0	0	0
1428591879585644848	CPU_4	0	0	0	100.00	0	0	0	0	0	0
1428591880282428897	CPU_4	0	0	0	100.00	0	0	0	0	0	0
1428591880989007183	CPU_4	0	0	0	100.00	0	0	0	0	0	0
1428591881687656147	CPU_4	0	0	0	100.00	0	0	0	0	0	0
1428591882384742945	CPU_4	0	0	0	100.00	0	0	0	0	0	0
1428591883090352233	CPU_4	0	0	0	100.00	0	0	0	0	0	0
1428591883789344446	CPU_4	0	0	0	100.00	0	0	0	0	0	0
1428591884485768496	CPU_4	0	0	0	100.00	0	0	0	0	0	0
1428591885192032866	CPU_4	0	0	0	100.00	0	0	0	0	0	0
1428591885889242414	CPU_4	0	0	0	100.00	0	0	0	0	0	0
1428591886605899479	CPU_4	0	0	0	100.00	0	0	0	0	0	0
1428591887301053822	CPU_4	0	0	0	100.00	0	0	0	0	0	0
1428591888000698368	CPU_4	0	0	0	100.00	0	0	0	0	0	0
1428591888709136860	CPU_4	0	0	0	100.00	0	0	0	0	0	0
1428591889405497452	CPU_4	0	0	0	100.00	0	0	0	0	0	0
1428591890105728163	CPU_4	0	0	0	100.00	0	0	0	0	0	0
1428591890812910282	CPU_4	0	0	0	100.00	0	0	0	0	0	0
1428591891508287042	CPU_4	0	0	0	100.00	0	0	0	0	0	0
1428591892207621962	CPU_4	0	0	0	100.00	0	0	0	0	0	0
1428591892913396125	CPU_4	0	0	0	100.00	0	0	0	0	0	0
1428591893612865004	CPU_4	0	0	0	100.00	0	0	0	0	0	0
1428591894319350624	CPU_4	0	0	0	100.00	0	0	0	0	0	0
1428591895018081421	CPU_4	0	0	0	100.00	0	0	0	0	0	0
1428591895717108218	CPU_4	0	0	0	100.00	0	0	0	0	0	0
1428591896424937253	CPU_4	0	0	0	100.00	0	0	0	0	0	0
1428591897124051382	CPU_4	0	0	0	100.00	0	0	0	0	0	0
1428591897820312307	CPU_4	0	0	0	100.00	0	0	0	0	0	0
1428591898526244720	CPU_4	0	0	0	100.00	0	0	0	0	0	0
1428591899225862224	CPU_4	0	0	0	100.00	0	0	0	0	0	0
1428591899930457805	CPU_4	0	0	0	100.00	0	0	0	0	0	0
1428591900637494008	CPU_4	0	0	0	100.00	0	0	0	0	0	0
1428591901334562307	CPU_4	0	0	0	100.00	0	0	0	0	0	0
1428591902041785051	CPU_4	0	0	0	100.00	0	0	0	0	0	0
1428591902739405683	CPU_4	0	0	0	100.00	0	0	0	0	0	0
1428591903439246353	CPU_4	0	0	0	100.00	0	0	0	0	0	0
1428591904143860226	CPU_4	0	0	0	100.00	0	0	0	0	0	0
1428591904841494441	CPU_4	0	0	0	100.00	0	0	0	0	0	0
1428591905538322616	CPU_4	0	0	0	100.00	0	0	0	0	0	0
1428591906247221358	CPU_4	0	0	0	100.00	0	0	0	0	0	0
1428591906943056784	CPU_4	0	0	0	100.00	0	0	0	0	0	0
1428591907651735693	CPU_4	0	0	0	100.00	0	0	0	0	0	0
1428591908346196662	CPU_4	0	0	0	100.00	0	0	0	0	0	0
1428591909043743628	CPU_4	0	0	0	100.00	0	0	0	0	0	0
1428591909750070790	CPU_4	0	0	0	100.00	0	0	0	0	0	0
1428591910447342714	CPU_4	0	0	0	100.00	0	0	0	0	0	0
1428591911146186761	CPU_4	0	0	0	100.00	0	0	0	0	0	0
1428591911851906049	CPU_4	0	0	0	100.00	0	0	0	0	0	0
1428591912547678642	CPU_4	0	0	0	100.00	0	0	0	0	0	0
1428591913250951017	CPU_4	0	0	0	100.00	0	0	0	0	0	0
1428591913948517565	CPU_4	0	0	0	100.00	0	0	0	0	0	0
1428591914647198738	CPU_4	0	0	0	100.00	0	0	0	0	0	0
1428591915352167110	CPU_4	0	0	0	100.00	0	0	0	0	0	0
1428591916047607328	CPU_4	0	0	0	100.00	0	0	0	0	0	0
1428591916744528503	CPU_4	0	0	0	100.00	0	0	0	0	0	0
1428591917452046747	CPU_4	0	0	0	100.00	0	0	0	0	0	0
1428591918146886591	CPU_4	0	0	0	100.00	0	0	0	0	0	0
1428591918844325015	CPU_4	0	0	0	100.00	0	0	0	0	0	0
1428591919551228552	CPU_4	0	0	0	100.00	0	0	0	0	0	0
1428591920248781809	CPU_4	0	0	0	100.00	0	0	0	0	0	0
1428591920961720505	CPU_4	0	0	0	100.00	0	0	0	0	0	0
1428591921663494132	CPU_4	0	0	0	100.00	0	0	0	0	0	0
1428591922357980393	CPU_4	0	0	0	100.00	0	0	0	0	0	0
1428591923065715762	CPU_4	0	0	0	100.00	0	0	0	0	0	0
1428591923766308140	CPU_4	0	0	0	100.00	0	0	0	0	0	0
1428591924462672899	CPU_4	0	0	0	100.00	0	0	0	0	0	0
1428591925170363602	CPU_4	0	0	0	100.00	0	0	0	0	0	0
1428591925871269605	CPU_4	0	0	0	100.00	0	0	0	0	0	0
1428591926566384990	CPU_4	0	0	0	100.00	0	0	0	0	0	0
1428591927277538563	CPU_4	0	0	0	100.00	0	0	0	0	0	0
1428591927977079568	CPU_4	0	0	0	100.00	0	0	0	0	0	0
1428591928684734312	CPU_4	0	0	0	100.00	0	0	0	0	0	0
1428591929381427154	CPU_4	0	0	0	100.00	0	0	0	0	0	0
1428591930081721075	CPU_4	0	0	0	100.00	0	0	0	0	0	0
1428591930788288279	CPU_4	0	0	0	100.00	0	0	0	0	0	0
1428591931488008908	CPU_4	0	0	0	100.00	0	0	0	0	0	0
1428591932190585118	CPU_4	0	0	0	100.00	0	0	0	0	0	0
1428591932897574363	CPU_4	0	0	0	100.00	0	0	0	0	0	0
1428591933597687909	CPU_4	0	0	0	100.00	0	0	0	0	0	0
1428591934313883642	CPU_4	0	0	0	100.00	0	0	0	0	0	0
1428591935010321693	CPU_4	0	0	0	100.00	0	0	0	0	0	0
1428591935711782320	CPU_4	0	0	0	100.00	0	0	0	0	0	0
1428591936421205812	CPU_4	0	0	0	100.00	0	0	0	0	0	0
1428591937119373361	CPU_4	0	0	0	100.00	0	0	0	0	0	0
1428591937818547575	CPU_4	0	0	0	100.00	0	0	0	0	0	0
1428591938529849606	CPU_4	0	0	0	100.00	0	0	0	0	0	0
1428591939232729399	CPU_4	0	0	0	89.74	0	10.25	0	0	0	0
1428591939935260066	CPU_4	0	0	0	100.00	0	0	0	0	0	0
1428591940644687309	CPU_4	0	0	0	100.00	0	0	0	0	0	0
1428591941341208776	CPU_4	0	0	0	100.00	0	0	0	0	0	0
1428591942049115187	CPU_4	0	0	0	100.00	0	0	0	0	0	0
1428591942753470102	CPU_4	0	0	0	100.00	0	0	0	0	0	0
1428591943449806195	CPU_4	0	0	0	100.00	0	0	0	0	0	0
1428591944159401312	CPU_4	0	0	0	100.00	0	0	0	0	0	0
1428591944860500690	CPU_4	0	0	0	100.00	0	0	0	0	0	0
1428591945558433406	CPU_4	0	0	0	100.00	0	0	0	0	0	0
1428591946267742148	CPU_4	0	0	0	100.00	0	0	0	0	0	0
1428591946969924484	CPU_4	0	0	0	100.00	0	0	0	0	0	0
1428591947677117687	CPU_4	0	0	0	100.00	0	0	0	0	0	0
1428591948377907274	CPU_4	0	0	0	100.00	0	0	0	0	0	0
1428591949078024820	CPU_4	0	0	0	100.00	0	0	0	0	0	0
1428591949787763896	CPU_4	0	0	0	100.00	0	0	0	0	0	0
1428591950486174778	CPU_4	0	0	0	100.00	0	0	0	0	0	0
1428591951189446028	CPU_4	0	0	0	100.00	0	0	0	0	0	0
1428591951899275895	CPU_4	0	0	0	100.00	0	0	0	0	0	0
1428591952599777774	CPU_4	0	0	0	100.00	0	0	0	0	0	0
1428591953311522389	CPU_4	0	0	0	100.00	0	0	0	0	0	0
1428591954009695771	CPU_4	0	0	0	100.00	0	0	0	0	0	0
1428591954710346566	CPU_4	0	0	0	100.00	0	0	0	0	0	0
1428591955420439350	CPU_4	0	0	0	100.00	0	0	0	0	0	0
1428591956117980399	CPU_4	0	0	0	100.00	0	0	0	0	0	0
1428591956820651526	CPU_4	0	0	0	100.00	0	0	0	0	0	0
1428591957530210102	CPU_4	0	0	0	100.00	0	0	0	0	0	0
1428591958230093857	CPU_4	0	0	0	100.00	0	0	0	0	0	0
1428591958941810388	CPU_4	0	0	0	100.00	0	0	0	0	0	0
1428591959643775140	CPU_4	0	0	0	100.00	0	0	0	0	0	0
1428591960341751564	CPU_4	0	0	0	100.00	0	0	0	0	0	0
1428591961055372843	CPU_4	0	0	0	100.00	0	0	0	0	0	0
1428591961756672347	CPU_4	0	0	0	100.00	0	0	0	0	0	0
1428591962456146394	CPU_4	0	0	0	100.00	0	0	0	0	0	0
1428591963166428094	CPU_4	0	0	0	100.00	0	0	0	0	0	0
1428591963867756305	CPU_4	0	0	0	100.00	0	0	0	0	0	0
1428591964582615958	CPU_4	0	0	0	100.00	0	0	0	0	0	0
1428591965285957333	CPU_4	0	0	0	100.00	0	0	0	0	0	0
1428591965985532131	CPU_4	0	0	0	100.00	0	0	0	0	0	0
1428591966694707124	CPU_4	0	0	0	100.00	0	0	0	0	0	0
1428591967394614671	CPU_4	0	0	0	100.00	0	0	0	0	0	0
1428591968096120924	CPU_4	0	0	0	100.00	0	0	0	0	0	0
1428591968804319252	CPU_4	0	0	0	100.00	0	0	0	0	0	0
1428591969504888964	CPU_4	0	0	0	100.00	0	0	0	0	0	0
1428591970211141795	CPU_4	0	0	0	100.00	0	0	0	0	0	0
1428591970918051332	CPU_4	0	0	0	100.00	0	0	0	0	0	0
1428591971616998006	CPU_4	0	0	0	100.00	0	0	0	0	0	0
1428591972328764412	CPU_4	0	0	0	100.00	0	0	0	0	0	0
1428591973026525962	CPU_4	0	0	0	100.00	0	0	0	0	0	0
1428591973734111332	CPU_4	0	0	0	100.00	0	0	0	0	0	0
1428591974446303155	CPU_4	0	0	0	100.00	0	0	0	0	0	0
1428591975146089786	CPU_4	0	0	0	100.00	0	0	0	0	0	0
1428591975865463432	CPU_4	0	0	0	100.00	0	0	0	0	0	0
1428591976571524930	CPU_4	0	0	0	100.00	0	0	0	0	0	0
1428591977270740978	CPU_4	0	0	0	100.00	0	0	0	0	0	0
1428591977983532091	CPU_4	0	0	0	100.00	0	0	0	0	0	0
1428591978685224511	CPU_4	0	0	0	100.00	0	0	0	0	0	0
1428591979384537142	CPU_4	0	0	0	100.00	0	0	0	0	0	0
1428591980094044802	CPU_4	0	0	0	100.00	0	0	0	0	0	0
1428591980799103342	CPU_4	0	0	0	100.00	0	0	0	0	0	0
1428591981502029636	CPU_4	0	0	0	100.00	0	0	0	0	0	0
1428591982209622340	CPU_4	0	0	0	100.00	0	0	0	0	0	0
1428591982961066945	CPU_4	2.66	0	2.66	94.66	0	0	0	0	0	0
1428591983681155841	CPU_4	0	0	0	100.00	0	0	0	0	0	0
1428591984382855302	CPU_4	0	0	0	100.00	0	0	0	0	0	0
1428591985154380673	CPU_4	1.29	0	0	98.70	0	0	0	0	0	0
1428591985856060051	CPU_4	0	0	0	100.00	0	0	0	0	0	0
1428591986556017307	CPU_4	0	0	0	100.00	0	0	0	0	0	0
1428591987262929387	CPU_4	0	0	0	100.00	0	0	0	0	0	0
1428591987964282099	CPU_4	0	0	0	100.00	0	0	0	0	0	0
1428591988666343018	CPU_4	0	0	0	100.00	0	0	0	0	0	0
1428591989372896973	CPU_4	0	0	0	100.00	0	0	0	0	0	0
1428591990072409188	CPU_4	0	0	0	100.00	0	0	0	0	0	0
1428591990784449136	CPU_4	0	0	0	100.00	0	0	0	0	0	0
1428591991482456269	CPU_4	0	0	0	100.00	0	0	0	0	0	0
1428591992184313731	CPU_4	0	0	0	100.00	0	0	0	0	0	0
1428591992895305014	CPU_4	0	0	0	100.00	0	0	0	0	0	0
1428591993595186478	CPU_4	0	0	0	100.00	0	0	0	0	0	0
1428591994295658858	CPU_4	0	0	0	100.00	0	0	0	0	0	0
1428591995005645351	CPU_4	0	0	0	100.00	0	0	0	0	0	0
1428591995705029566	CPU_4	0	0	0	100.00	0	0	0	0	0	0
1428591996416108890	CPU_4	0	0	0	100.00	0	0	0	0	0	0
1428591997116533395	CPU_4	0	0	0	100.00	0	0	0	0	0	0
1428591997816474318	CPU_4	0	0	0	100.00	0	0	0	0	0	0
1428591998526490394	CPU_4	0	0	0	100.00	0	0	0	0	0	0
1428591999229321063	CPU_4	0	0	0	100.00	0	0	0	0	0	0
1428591999928712111	CPU_4	0	0	0	100.00	0	0	0	0	0	0
1428592000642025599	CPU_4	0	0	0	100.00	0	0	0	0	0	0
1428592001343404353	CPU_4	0	0	0	100.00	0	0	0	0	0	0
1428592002053224680	CPU_4	0	0	0	100.00	0	0	0	0	0	0
1428592002754748142	CPU_4	0	0	0	100.00	0	0	0	0	0	0
1428592003456032438	CPU_4	0	0	0	100.00	0	0	0	0	0	0
1428592004165632973	CPU_4	0	0	0	100.00	0	0	0	0	0	0
1428592004868303100	CPU_4	0	0	0	100.00	0	0	0	0	0	0
1428592005568922064	CPU_4	0	0	0	100.00	0	0	0	0	0	0
1428592006278998348	CPU_4	0	0	0	100.00	0	0	0	0	0	0
1428592006979922853	CPU_4	0	0	0	100.00	0	0	0	0	0	0
1428592007691631219	CPU_4	0	0	0	100.00	0	0	0	0	0	0
1428592008391479475	CPU_4	0	0	0	100.00	0	0	0	0	0	0
1428592009093279437	CPU_4	0	0	0	100.00	0	0	0	0	0	0
1428592009806263551	CPU_4	0	0	0	100.00	0	0	0	0	0	0
1428592010506718640	CPU_4	0	0	0	100.00	0	0	0	0	0	0
1428592011209896766	CPU_4	0	0	0	100.00	0	0	0	0	0	0
1428592011923516671	CPU_4	0	0	0	100.00	0	0	0	0	0	0
1428592012623381969	CPU_4	0	0	0	100.00	0	0	0	0	0	0
1428592013335750209	CPU_4	0	0	0	100.00	0	0	0	0	0	0
1428592014037839296	CPU_4	0	0	0	100.00	0	0	0	0	0	0
1428592014738930259	CPU_4	0	0	0	100.00	0	0	0	0	0	0
1428592015449655085	CPU_4	0	0	0	100.00	0	0	0	0	0	0
1428592016152180296	CPU_4	0	0	0	100.00	0	0	0	0	0	0
1428592016852270093	CPU_4	0	0	0	100.00	0	0	0	0	0	0
1428592017563349543	CPU_4	0	0	0	100.00	0	0	0	0	0	0
1428592018265868338	CPU_4	0	0	0	100.00	0	0	0	0	0	0
1428592018976519122	CPU_4	0	0	0	100.00	0	0	0	0	0	0
1428592019677909626	CPU_4	0	0	0	100.00	0	0	0	0	0	0
1428592020380966629	CPU_4	0	0	0	100.00	0	0	0	0	0	0
1428592021091312330	CPU_4	0	0	0	100.00	0	0	0	0	0	0
1428592021795066456	CPU_4	0	0	0	100.00	0	0	0	0	0	0
1428592022496014086	CPU_4	0	0	0	100.00	0	0	0	0	0	0
1428592023208582076	CPU_4	0	0	0	100.00	0	0	0	0	0	0
1428592023910979204	CPU_4	0	0	0	100.00	0	0	0	0	0	0
1428592024623518111	CPU_4	0	0	0	100.00	0	0	0	0	0	0
1428592025326306905	CPU_4	0	0	0	100.00	0	0	0	0	0	0
1428592026027892743	CPU_4	0	0	0	100.00	0	0	0	0	0	0
1428592026740074775	CPU_4	0	0	0	100.00	0	0	0	0	0	0
1428592027446112857	CPU_4	0	0	0	100.00	0	0	0	0	0	0
1428592028146687946	CPU_4	0	0	0	100.00	0	0	0	0	0	0
1428592028859243311	CPU_4	0	0	0	100.00	0	0	0	0	0	0
1428592029561507939	CPU_4	0	0	0	100.00	0	0	0	0	0	0
1428592030272785265	CPU_4	0	0	0	100.00	0	0	0	0	0	0
1428592030974318602	CPU_4	0	0	0	100.00	0	0	0	0	0	0
1428592031677494896	CPU_4	0	0	0	100.00	0	0	0	0	0	0
1428592032390078220	CPU_4	0	0	0	100.00	0	0	0	0	0	0
1428592033092884639	CPU_4	0	0	0	100.00	0	0	0	0	0	0
1428592033796524516	CPU_4	0	0	0	100.00	0	0	0	0	0	0
1428592034504571679	CPU_4	0	0	0	100.00	0	0	0	0	0	0
1428592035207567765	CPU_4	0	0	0	100.00	0	0	0	0	0	0
1428592035922832835	CPU_4	0	0	0	100.00	0	0	0	0	0	0
1428592036622928466	CPU_4	0	0	0	100.00	0	0	0	0	0	0
1428592037329743964	CPU_4	0	0	0	100.00	0	0	0	0	0	0
1428592038042558162	CPU_4	0	0	0	100.00	0	0	0	0	0	0
1428592038744355041	CPU_4	0	0	0	100.00	0	0	0	0	0	0
1428592039456785865	CPU_4	0	0	0	100.00	0	0	0	0	0	0
1428592040165170444	CPU_4	0	0	0	100.00	0	0	0	0	0	0
1428592040866369908	CPU_4	0	0	0	100.00	0	0	0	0	0	0
1428592041577789399	CPU_4	0	0	0	100.00	0	0	0	0	0	0
1428592042279554529	CPU_4	0	0	0	100.00	0	0	0	0	0	0
1428592042982019407	CPU_4	0	0	0	100.00	0	0	0	0	0	0
1428592043694506148	CPU_4	0	0	0	100.00	0	0	0	0	0	0
1428592044398962815	CPU_4	0	0	0	100.00	0	0	0	0	0	0
1428592045116360883	CPU_4	0	0	0	100.00	0	0	0	0	0	0
1428592045820142635	CPU_4	0	0	0	100.00	0	0	0	0	0	0
1428592046523202513	CPU_4	0	0	0	100.00	0	0	0	0	0	0
1428592047237143293	CPU_4	0	0	0	100.00	0	0	0	0	0	0
1428592047946436746	CPU_4	0	0	0	100.00	0	0	0	0	0	0
1428592048649750207	CPU_4	0	0	0	100.00	0	0	0	0	0	0
1428592049362939196	CPU_4	0	0	0	100.00	0	0	0	0	0	0
1428592050066080574	CPU_4	0	0	0	100.00	0	0	0	0	0	0
1428592050778234024	CPU_4	0	0	0	100.00	0	0	0	0	0	0
1428592051482601233	CPU_4	0	0	0	100.00	0	0	0	0	0	0
1428592052184856362	CPU_4	0	0	0	100.00	0	0	0	0	0	0
1428592052898953351	CPU_4	0	0	0	100.00	0	0	0	0	0	0
1428592053602172812	CPU_4	0	0	0	100.00	0	0	0	0	0	0
1428592054303056609	CPU_4	0	0	0	100.00	0	0	0	0	0	0
1428592055016993015	CPU_4	0	0	0	100.00	0	0	0	0	0	0
1428592055720510475	CPU_4	0	0	0	100.00	0	0	0	0	0	0
1428592056431872301	CPU_4	0	0	0	100.00	0	0	0	0	0	0
1428592057134514471	CPU_4	0	0	0	100.00	0	0	0	0	0	0
1428592057845190673	CPU_4	0	0	0	100.00	0	0	0	0	0	0
1428592058558569579	CPU_4	0	0	0	100.00	0	0	0	0	0	0
1428592059261088666	CPU_4	0	0	0	100.00	0	0	0	0	0	0
1428592059972008784	CPU_4	0	0	0	100.00	0	0	0	0	0	0
1428592060681149487	CPU_4	0	0	0	100.00	0	0	0	0	0	0
1428592061383881699	CPU_4	0	0	0	100.00	0	0	0	0	0	0
1428592062096448898	CPU_4	0	0	0	100.00	0	0	0	0	0	0
1428592062802204273	CPU_4	0	0	0	100.00	0	0	0	0	0	0
1428592063516940344	CPU_4	0	0	0	100.00	0	0	0	0	0	0
1428592064231779832	CPU_4	0	0	0	100.00	0	0	0	0	0	0
1428592064936395583	CPU_4	0	0	0	100.00	0	0	0	0	0	0
1428592065648117075	CPU_4	0	0	0	100.00	0	0	0	0	0	0
1428592066352872451	CPU_4	0	0	0	100.00	0	0	0	0	0	0
1428592067057088995	CPU_4	0	0	0	100.00	0	0	0	0	0	0
1428592067767160989	CPU_4	0	0	0	100.00	0	0	0	0	0	0
1428592068471847698	CPU_4	0	0	0	100.00	0	0	0	0	0	0
1428592069175505284	CPU_4	0	0	0	100.00	0	0	0	0	0	0
1428592069886886568	CPU_4	0	0	0	100.00	0	0	0	0	0	0
1428592070589644030	CPU_4	0	0	0	100.00	0	0	0	0	0	0
1428592071304353560	CPU_4	0	0	0	100.00	0	0	0	0	0	0
1428592072007276189	CPU_4	0	0	0	100.00	0	0	0	0	0	0
1428592072711259316	CPU_4	0	0	0	100.00	0	0	0	0	0	0
1428592073425451138	CPU_4	0	0	0	100.00	0	0	0	0	0	0
1428592074130924305	CPU_4	0	0	0	100.00	0	0	0	0	0	0
1428592074847460457	CPU_4	0	0	0	100.00	0	0	0	0	0	0
1428592075553252374	CPU_4	0	0	0	100.00	0	0	0	0	0	0
1428592076258592083	CPU_4	0	0	0	100.00	0	0	0	0	0	0
1428592076970830908	CPU_4	0	0	0	100.00	0	0	0	0	0	0
1428592077674665243	CPU_4	0	0	0	100.00	0	0	0	0	0	0
1428592078379956452	CPU_4	0	0	0	100.00	0	0	0	0	0	0
1428592079090217613	CPU_4	0	0	0	100.00	0	0	0	0	0	0
1428592079794396948	CPU_4	0	0	0	100.00	0	0	0	0	0	0
1428592080508333563	CPU_4	0	0	0	100.00	0	0	0	0	0	0
1428592081211580733	CPU_4	0	0	0	100.00	0	0	0	0	0	0
1428592081916826317	CPU_4	0	0	0	100.00	0	0	0	0	0	0
1428592082631150764	CPU_4	0	0	0	100.00	0	0	0	0	0	0
1428592083333008436	CPU_4	0	0	0	100.00	0	0	0	0	0	0
1428592084041664474	CPU_4	0	0	0	100.00	0	0	0	0	0	0
1428592084754539256	CPU_4	0	0	0	100.00	0	0	0	0	0	0
1428592085457720010	CPU_4	0	0	0	100.00	0	0	0	0	0	0
1428592086171526791	CPU_4	0	0	0	100.00	0	0	0	0	0	0
1428592086877548999	CPU_4	0	0	0	100.00	0	0	0	0	0	0
1428592087580006754	CPU_4	0	0	0	100.00	0	0	0	0	0	0
1428592088293958702	CPU_4	0	0	0	100.00	0	0	0	0	0	0
1428592088997943371	CPU_4	0	0	0	100.00	0	0	0	0	0	0
1428592089711494319	CPU_4	0	0	0	100.00	0	0	0	0	0	0
1428592090419093775	CPU_4	0	0	0	100.00	0	0	0	0	0	0
1428592091123246194	CPU_4	0	0	0	100.00	0	0	0	0	0	0
1428592091836811268	CPU_4	0	0	0	100.00	0	0	0	0	0	0
1428592092540581604	CPU_4	0	0	0	100.00	0	0	0	0	0	0
1428592093244568732	CPU_4	0	0	0	100.00	0	0	0	0	0	0
1428592093959283262	CPU_4	0	0	0	100.00	0	0	0	0	0	0
1428592094661479850	CPU_4	0	0	0	100.00	0	0	0	0	0	0
1428592095378519669	CPU_4	0	0	0	100.00	0	0	0	0	0	0
1428592096081817506	CPU_4	0	0	0	100.00	0	0	0	0	0	0
1428592096784245427	CPU_4	0	0	0	100.00	0	0	0	0	0	0
1428592097498346000	CPU_4	0	0	0	100.00	0	0	0	0	0	0
1428592098203596501	CPU_4	0	0	0	100.00	0	0	0	0	0	0
1428592098906277297	CPU_4	0	0	0	100.00	0	0	0	0	0	0
1428592099620519995	CPU_4	0	0	0	100.00	0	0	0	0	0	0
1428592100326005746	CPU_4	0	0	0	100.00	0	0	0	0	0	0
1428592101044218897	CPU_4	0	0	0	100.00	0	0	0	0	0	0
1428592101747169484	CPU_4	0	0	0	100.00	0	0	0	0	0	0
1428592102452612110	CPU_4	0	0	0	100.00	0	0	0	0	0	0
1428592103168756305	CPU_4	0	0	0	98.61	0	1.38	0	0	0	0
1428592103877521760	CPU_4	0	0	0	100.00	0	0	0	0	0	0
1428592104602875860	CPU_4	0	0	0	100.00	0	0	0	0	0	0
1428592105306583322	CPU_4	0	0	0	100.00	0	0	0	0	0	0
1428592106009812992	CPU_4	0	0	0	100.00	0	0	0	0	0	0
1428592106723102941	CPU_4	0	0	0	100.00	0	0	0	0	0	0
1428592107427418902	CPU_4	0	0	0	100.00	0	0	0	0	0	0
1428592108128910825	CPU_4	0	0	0	100.00	0	0	0	0	0	0
1428592108841713692	CPU_4	0	0	0	100.00	0	0	0	0	0	0
1428592109547321276	CPU_4	0	0	0	100.00	0	0	0	0	0	0
1428592110258948060	CPU_4	0	0	0	100.00	0	0	0	0	0	0
1428592110962907605	CPU_4	0	0	0	100.00	0	0	0	0	0	0
1428592111667996898	CPU_4	0	0	0	100.00	0	0	0	0	0	0
1428592112380723515	CPU_4	0	0	0	100.00	0	0	0	0	0	0
1428592113084806143	CPU_4	0	0	0	100.00	0	0	0	0	0	0
1428592113788000480	CPU_4	0	0	0	100.00	0	0	0	0	0	0
1428592114503501885	CPU_4	0	0	0	100.00	0	0	0	0	0	0
1428592115204441308	CPU_4	0	0	0	100.00	0	0	0	0	0	0
1428592115920364588	CPU_4	0	0	0	100.00	0	0	0	0	0	0
1428592116625094548	CPU_4	0	0	0	100.00	0	0	0	0	0	0
1428592117328107302	CPU_4	0	0	0	100.00	0	0	0	0	0	0
1428592118042754875	CPU_4	0	0	0	100.00	0	0	0	0	0	0
1428592118747719460	CPU_4	0	0	0	100.00	0	0	0	0	0	0
1428592119452000213	CPU_4	0	0	0	100.00	0	0	0	0	0	0
1428592120164273497	CPU_4	0	0	0	100.00	0	0	0	0	0	0
1428592120870022956	CPU_4	0	0	0	100.00	0	0	0	0	0	0
1428592121582506948	CPU_4	0	0	0	100.00	0	0	0	0	0	0
1428592122288523824	CPU_4	0	0	0	98.59	0	1.40	0	0	0	0
1428592122994793741	CPU_4	0	0	0	100.00	0	0	0	0	0	0
1428592123707258691	CPU_4	0	0	0	100.00	0	0	0	0	0	0
1428592124412274277	CPU_4	0	0	0	100.00	0	0	0	0	0	0
1428592125126845433	CPU_4	0	0	0	100.00	0	0	0	0	0	0
1428592125831552268	CPU_4	0	0	0	100.00	0	0	0	0	0	0
1428592126537981018	CPU_4	0	0	0	100.00	0	0	0	0	0	0
1428592127251486384	CPU_4	0	0	0	100.00	0	0	0	0	0	0
1428592127958167426	CPU_4	0	0	0	100.00	0	0	0	0	0	0
1428592128662497095	CPU_4	0	0	0	100.00	0	0	0	0	0	0
1428592129376784960	CPU_4	0	0	0	100.00	0	0	0	0	0	0
1428592130083466169	CPU_4	0	0	0	100.00	0	0	0	0	0	0
1428592130795502453	CPU_4	0	0	0	100.00	0	0	0	0	0	0
1428592131503549410	CPU_4	0	0	0	100.00	0	0	0	0	0	0
1428592132208543495	CPU_4	0	0	0	100.00	0	0	0	0	0	0
1428592132921085987	CPU_4	0	0	0	100.00	0	0	0	0	0	0
1428592133626690739	CPU_4	0	0	0	100.00	0	0	0	0	0	0
1428592134347700303	CPU_4	0	0	0	100.00	0	0	0	0	0	0
1428592135051638223	CPU_4	0	0	0	100.00	0	0	0	0	0	0
1428592135755585894	CPU_4	0	0	0	100.00	0	0	0	0	0	0
1428592136471490340	CPU_4	0	0	0	100.00	0	0	0	0	0	0
1428592137175260719	CPU_4	0	0	0	100.00	0	0	0	0	0	0
1428592137881728677	CPU_4	0	0	0	100.00	0	0	0	0	0	0
1428592138597254041	CPU_4	0	0	0	100.00	0	0	0	0	0	0
1428592139303914791	CPU_4	0	0	0	100.00	0	0	0	0	0	0
1428592140017802365	CPU_4	0	0	0	100.00	0	0	0	0	0	0
1428592140723744199	CPU_4	0	0	0	100.00	0	0	0	0	0	0
1428592141429405993	CPU_4	0	0	0	98.61	0	1.38	0	0	0	0
1428592142146288979	CPU_4	0	0	0	100.00	0	0	0	0	0	0
1428592142851283065	CPU_4	0	0	0	100.00	0	0	0	0	0	0
1428592143562338601	CPU_4	0	0	0	100.00	0	0	0	0	0	0
1428592144271369265	CPU_4	0	0	0	100.00	0	0	0	0	0	0
1428592144976649475	CPU_4	0	0	0	100.00	0	0	0	0	0	0
1428592145691611631	CPU_4	0	0	0	100.00	0	0	0	0	0	0
1428592146395226135	CPU_4	0	0	0	100.00	0	0	0	0	0	0
1428592147102955259	CPU_4	0	0	0	100.00	0	0	0	0	0	0
1428592147816081001	CPU_4	0	0	0	100.00	0	0	0	0	0	0
1428592148519730547	CPU_4	0	0	0	100.00	0	0	0	0	0	0
1428592149232911539	CPU_4	0	0	0	100.00	0	0	0	0	0	0
1428592149937314042	CPU_4	0	0	0	100.00	0	0	0	0	0	0
1428592150644208125	CPU_4	0	0	0	100.00	0	0	0	0	0	0
1428592151357205159	CPU_4	0	0	0	100.00	0	0	0	0	0	0
1428592152063528993	CPU_4	0	0	0	100.00	0	0	0	0	0	0
1428592152769898036	CPU_4	0	0	0	100.00	0	0	0	0	0	0
1428592153482570695	CPU_4	0	0	0	100.00	0	0	0	0	0	0
1428592154187529406	CPU_4	0	0	0	100.00	0	0	0	0	0	0
1428592154902883728	CPU_4	0	0	0	100.00	0	0	0	0	0	0
1428592155606956024	CPU_4	0	0	0	100.00	0	0	0	0	0	0
1428592156312590817	CPU_4	0	0	0	100.00	0	0	0	0	0	0
1428592157028323306	CPU_4	0	0	0	100.00	0	0	0	0	0	0
1428592157732752476	CPU_4	0	0	0	100.00	0	0	0	0	0	0
1428592158447494757	CPU_4	0	0	0	100.00	0	0	0	0	0	0
1428592159154084050	CPU_4	0	0	0	100.00	0	0	0	0	0	0
1428592159857919012	CPU_4	0	0	0	100.00	0	0	0	0	0	0
1428592160575306582	CPU_4	0	0	0	98.63	0	1.36	0	0	0	0
1428592161279884835	CPU_4	0	0	0	100.00	0	0	0	0	0	0
1428592161984963130	CPU_4	0	0	0	100.00	0	0	0	0	0	0
1428592162701353159	CPU_4	0	0	0	100.00	0	0	0	0	0	0
1428592163407413786	CPU_4	0	0	0	100.00	0	0	0	0	0	0
1428592164121782026	CPU_4	0	0	0	100.00	0	0	0	0	0	0
1428592164826809196	CPU_4	0	0	0	100.00	0	0	0	0	0	0
1428592165532971280	CPU_4	0	0	0	100.00	0	0	0	0	0	0
1428592166249760226	CPU_4	0	0	0	100.00	0	0	0	0	0	0
1428592166952894564	CPU_4	0	0	0	100.00	0	0	0	0	0	0
1428592167673514047	CPU_4	0	0	0	100.00	0	0	0	0	0	0
1428592168381458838	CPU_4	0	0	0	100.00	0	0	0	0	0	0
1428592169087252923	CPU_4	0	0	0	100.00	0	0	0	0	0	0
1428592169802252163	CPU_4	0	0	0	100.00	0	0	0	0	0	0
1428592170518923984	CPU_4	0	0	0	100.00	0	0	0	0	0	0
1428592171225418068	CPU_4	0	0	0	100.00	0	0	0	0	0	0
1428592171939629642	CPU_4	0	0	0	100.00	0	0	0	0	0	0
1428592172645985269	CPU_4	0	0	0	100.00	0	0	0	0	0	0
1428592173364513754	CPU_4	0	0	0	100.00	0	0	0	0	0	0
1428592174069135882	CPU_4	0	0	0	100.00	0	0	0	0	0	0
1428592174777570673	CPU_4	0	0	0	100.00	0	0	0	0	0	0
1428592175492200871	CPU_4	0	0	0	100.00	0	0	0	0	0	0
1428592176197795207	CPU_4	0	0	0	100.00	0	0	0	0	0	0
1428592176913213238	CPU_4	0	0	0	100.00	0	0	0	0	0	0
1428592177625763898	CPU_4	0	0	0	100.00	0	0	0	0	0	0
1428592178330618026	CPU_4	0	0	0	100.00	0	0	0	0	0	0
1428592179047550430	CPU_4	0	0	0	100.00	0	0	0	0	0	0
1428592179753365599	CPU_4	0	0	0	100.00	0	0	0	0	0	0
1428592180463055138	CPU_4	0	0	0	98.61	0	1.38	0	0	0	0
1428592181177389295	CPU_4	0	0	0	100.00	0	0	0	0	0	0
1428592181884389546	CPU_4	0	0	0	100.00	0	0	0	0	0	0
1428592182600602868	CPU_4	0	0	0	100.00	0	0	0	0	0	0
1428592183304750497	CPU_4	0	0	0	100.00	0	0	0	0	0	0
1428592184011783081	CPU_4	0	0	0	100.00	0	0	0	0	0	0
1428592184727283446	CPU_4	0	0	0	100.00	0	0	0	0	0	0
1428592185431171825	CPU_4	0	0	0	100.00	0	0	0	0	0	0
1428592186157852800	CPU_4	0	0	0	100.00	0	0	0	0	0	0
1428592186864631509	CPU_4	0	0	0	100.00	0	0	0	0	0	0
1428592187570210720	CPU_4	0	0	0	100.00	0	0	0	0	0	0
1428592188285961085	CPU_4	0	0	0	100.00	0	0	0	0	0	0
1428592188991972336	CPU_4	0	0	0	100.00	0	0	0	0	0	0
1428592189701691334	CPU_4	0	0	0	100.00	0	0	0	0	0	0
1428592190415231451	CPU_4	0	0	0	100.00	0	0	0	0	0	0
1428592191123924283	CPU_4	0	0	0	100.00	0	0	0	0	0	0
1428592191839095440	CPU_4	0	0	0	100.00	0	0	0	0	0	0
1428592192543907610	CPU_4	0	0	0	100.00	0	0	0	0	0	0
1428592193250261320	CPU_4	0	0	0	100.00	0	0	0	0	0	0
1428592193967745349	CPU_4	0	0	0	100.00	0	0	0	0	0	0
1428592194673375309	CPU_4	0	0	0	100.00	0	0	0	0	0	0
1428592195384356347	CPU_4	0	0	0	100.00	0	0	0	0	0	0
1428592196094732551	CPU_4	0	0	0	100.00	0	0	0	0	0	0
1428592196798317015	CPU_4	0	0	0	100.00	0	0	0	0	0	0
1428592197513473172	CPU_4	0	0	0	100.00	0	0	0	0	0	0
1428592198220115132	CPU_4	0	0	0	100.00	0	0	0	0	0	0
1428592198926873049	CPU_4	0	0	0	100.00	0	0	0	0	0	0
1428592199642354706	CPU_4	0	0	0	98.61	0	1.38	0	0	0	0
1428592200348455708	CPU_4	0	0	0	100.00	0	0	0	0	0	0
1428592201069037858	CPU_4	0	0	0	100.00	0	0	0	0	0	0
1428592201773249404	CPU_4	0	0	0	100.00	0	0	0	0	0	0
1428592202484377025	CPU_4	0	0	0	100.00	0	0	0	0	0	0
1428592203201218513	CPU_4	0	0	0	100.00	0	0	0	0	0	0
1428592203905154518	CPU_4	0	0	0	100.00	0	0	0	0	0	0
1428592204614244391	CPU_4	0	0	0	100.00	0	0	0	0	0	0
1428592205327125135	CPU_4	0	0	0	100.00	0	0	0	0	0	0
1428592206031918680	CPU_4	0	0	0	100.00	0	0	0	0	0	0
1428592206748135003	CPU_4	0	0	0	100.00	0	0	0	0	0	0
1428592207454101130	CPU_4	0	0	0	100.00	0	0	0	0	0	0
1428592208159504008	CPU_4	0	0	0	100.00	0	0	0	0	0	0
1428592208876969621	CPU_4	0	0	0	100.00	0	0	0	0	0	0
1428592209584293163	CPU_4	0	0	0	100.00	0	0	0	0	0	0
1428592210300262902	CPU_4	0	0	0	100.00	0	0	0	0	0	0
1428592211004815365	CPU_4	0	0	0	100.00	0	0	0	0	0	0
1428592211713044490	CPU_4	0	0	0	100.00	0	0	0	0	0	0
1428592212430299019	CPU_4	0	0	0	100.00	0	0	0	0	0	0
1428592213136768104	CPU_4	0	0	0	100.00	0	0	0	0	0	0
1428592213852136636	CPU_4	0	0	0	100.00	0	0	0	0	0	0
1428592214561765342	CPU_4	0	0	0	100.00	0	0	0	0	0	0
1428592215267551303	CPU_4	0	0	0	100.00	0	0	0	0	0	0
1428592215985365457	CPU_4	0	0	0	100.00	0	0	0	0	0	0
1428592216693227832	CPU_4	0	0	0	100.00	0	0	0	0	0	0
1428592217402756705	CPU_4	0	0	0	100.00	0	0	0	0	0	0
1428592218118094946	CPU_4	0	0	0	100.00	0	0	0	0	0	0
1428592218825944613	CPU_4	0	0	0	98.61	0	1.38	0	0	0	0
1428592219543094684	CPU_4	0	0	0	100.00	0	0	0	0	0	0
1428592220249358561	CPU_4	0	0	0	100.00	0	0	0	0	0	0
1428592220956842604	CPU_4	0	0	0	100.00	0	0	0	0	0	0
1428592221674563050	CPU_4	0	0	0	100.00	0	0	0	0	0	0
1428592222380669885	CPU_4	0	0	0	100.00	0	0	0	0	0	0
1428592223108264860	CPU_4	0	0	0	100.00	0	0	0	0	0	0
1428592223823380934	CPU_4	0	0	0	100.00	0	0	0	0	0	0
1428592224555107362	CPU_4	0	0	0	100.00	0	0	0	0	0	0
1428592225271918476	CPU_4	0	0	0	100.00	0	0	0	0	0	0
1428592225979393352	CPU_4	0	0	0	100.00	0	0	0	0	0	0
1428592226692715970	CPU_4	0	0	0	100.00	0	0	0	0	0	0
1428592227404458923	CPU_4	0	0	0	100.00	0	0	0	0	0	0
1428592228111580883	CPU_4	0	0	0	53.78	0	46.21	0	0	0	0
1428592228829466495	CPU_4	0	0	0	100.00	0	0	0	0	0	0
1428592229537495746	CPU_4	0	0	0	100.00	0	0	0	0	0	0
1428592230246303536	CPU_4	0	0	0	100.00	0	0	0	0	0	0
1428592230962948525	CPU_4	0	0	0	100.00	0	0	0	0	0	0
1428592231671119900	CPU_4	0	0	0	100.00	0	0	0	0	0	0
1428592232386002475	CPU_4	0	0	0	100.00	0	0	0	0	0	0
1428592233094341183	CPU_4	0	0	0	100.00	0	0	0	0	0	0
1428592233802657308	CPU_4	0	0	0	100.00	0	0	0	0	0	0
1428592234518485465	CPU_4	0	0	0	100.00	0	0	0	0	0	0
1428592235226441174	CPU_4	0	0	0	100.00	0	0	0	0	0	0
1428592235948926614	CPU_4	0	0	0	100.00	0	0	0	0	0	0
1428592236659742444	CPU_4	0	0	0	100.00	0	0	0	0	0	0
1428592237364615531	CPU_4	0	0	0	100.00	0	0	0	0	0	0
1428592238080644771	CPU_4	0	0	0	100.00	0	0	0	0	0	0
