#Timestamp	CPU_ID	user%	nice%	sys%	idle%	iowait%	irq%	softiq%	steal%	guest%	guest_nice%
1421441864588774814	CPU_4	87.71	0	12.28	0	0	0	0	0	0	0
1421441865418732430	CPU_4	91.56	0	7.22	0	0	0	1.20	0	0	0
1421441866253807621	CPU_4	91.66	0	7.14	0	0	1.19	0	0	0	0
1421441867078849535	CPU_4	95.06	0	4.93	0	0	0	0	0	0	0
1421441867928832286	CPU_4	94.18	0	4.65	0	0	1.16	0	0	0	0
1421441868768784469	CPU_4	91.66	0	7.14	0	0	0	1.19	0	0	0
1421441869593837882	CPU_4	93.97	0	4.81	0	0	1.20	0	0	0	0
1421441870433772022	CPU_4	93.97	0	6.02	0	0	0	0	0	0	0
1421441871283808439	CPU_4	94.18	0	4.65	0	0	1.16	0	0	0	0
1421441872108810351	CPU_4	95.06	0	4.93	0	0	0	0	0	0	0
1421441872943802289	CPU_4	91.76	0	5.88	0	0	1.17	1.17	0	0	0
1421441873768828367	CPU_4	95.12	0	4.87	0	0	0	0	0	0	0
1421441874603801763	CPU_4	92.77	0	7.22	0	0	0	0	0	0	0
1421441875438806325	CPU_4	92.85	0	5.95	0	0	1.19	0	0	0	0
1421441876278853046	CPU_4	94.04	0	4.76	0	0	0	1.19	0	0	0
1421441877123776050	CPU_4	94.11	0	4.70	0	0	1.17	0	0	0	0
1421441877948766002	CPU_4	95.06	0	4.93	0	0	0	0	0	0	0
1421441878778791570	CPU_4	91.66	0	7.14	0	0	1.19	0	0	0	0
1421441879613812922	CPU_4	92.85	0	5.95	0	0	0	1.19	0	0	0
1421441880443776114	CPU_4	92.77	0	6.02	0	0	1.20	0	0	0	0
1421441881278808465	CPU_4	95.12	0	4.87	0	0	0	0	0	0	0
1421441882103813706	CPU_4	91.56	0	7.22	0	0	1.20	0	0	0	0
1421441882933840231	CPU_4	92.85	0	5.95	0	0	0	1.19	0	0	0
1421441883768915289	CPU_4	86.74	0	12.04	0	0	1.20	0	0	0	0
1421441884608953298	CPU_4	92.77	0	7.22	0	0	0	0	0	0	0
1421441885448921681	CPU_4	89.41	0	9.41	0	0	1.17	0	0	0	0
1421441886289028731	CPU_4	91.66	0	7.14	0	0	0	1.19	0	0	0
1421441887133999397	CPU_4	87.05	0	11.76	0	0	1.17	0	0	0	0
1421441887978880314	CPU_4	90.36	0	9.63	0	0	0	0	0	0	0
1421441888813940870	CPU_4	90.58	0	8.23	0	0	1.17	0	0	0	0
1421441889658971869	CPU_4	89.28	0	9.52	0	0	0	1.19	0	0	0
1421441890493926424	CPU_4	89.28	0	9.52	0	0	1.19	0	0	0	0
1421441891338924047	CPU_4	90.47	0	9.52	0	0	0	0	0	0	0
1421441892178929844	CPU_4	88.09	0	9.52	0	0	1.19	1.19	0	0	0
1421441893018999182	CPU_4	89.28	0	10.71	0	0	0	0	0	0	0
1421441893869023296	CPU_4	88.23	0	10.58	0	0	1.17	0	0	0	0
1421441894719134993	CPU_4	88.09	0	11.90	0	0	0	0	0	0	0
1421441895558959206	CPU_4	87.05	0	10.58	0	0	1.17	1.17	0	0	0
1421441896399005751	CPU_4	90.47	0	8.33	0	0	1.19	0	0	0	0
1421441897243974454	CPU_4	89.28	0	10.71	0	0	0	0	0	0	0
1421441898083955457	CPU_4	90.47	0	8.33	0	0	1.19	0	0	0	0
1421441898933930069	CPU_4	89.53	0	9.30	0	0	0	1.16	0	0	0
1421441899768936829	CPU_4	89.28	0	9.52	0	0	1.19	0	0	0	0
1421441900608970455	CPU_4	91.46	0	8.53	0	0	0	0	0	0	0
1421441901449101956	CPU_4	83.52	0	14.11	0	0	1.17	1.17	0	0	0
1421441902294066699	CPU_4	57.14	0	42.85	0	0	0	0	0	0	0
1421441903141391272	CPU_4	58.33	0	40.47	0	0	1.19	0	0	0	0
1421441903979064567	CPU_4	59.77	0	36.78	0	1.14	1.14	1.14	0	0	0
1421441904819025150	CPU_4	55.42	0	44.57	0	0	0	0	0	0	0
1421441905666332013	CPU_4	51.19	0	41.66	0	5.95	1.19	0	0	0	0
1421441906297292708	CPU_4	1.09	0	13.18	0	56.04	29.67	0	0	0	0
1421441906943982713	CPU_4	7.57	0	22.72	0	68.18	0	1.51	0	0	0
1421441907789105078	CPU_4	58.33	0	41.66	0	0	0	0	0	0	0
1421441908638675270	CPU_4	50.58	0	34.11	0	15.29	0	0	0	0	0
1421441909484049343	CPU_4	41.86	0	40.69	0	16.27	0	1.16	0	0	0
1421441910329067915	CPU_4	50.00	0	33.33	0	16.66	0	0	0	0	0
1421441911168994996	CPU_4	55.42	0	42.16	0	2.40	0	0	0	0	0
1421441912022303221	CPU_4	57.64	0	41.17	0	0	0	1.17	0	0	0
1421441912869067707	CPU_4	58.13	0	41.86	0	0	0	0	0	0	0
1421441913714065820	CPU_4	56.62	0	43.37	0	0	0	0	0	0	0
1421441914569058459	CPU_4	56.32	0	41.37	0	1.14	0	1.14	0	0	0
1421441915409042204	CPU_4	57.64	0	42.35	0	0	0	0	0	0	0
1421441916259189974	CPU_4	55.95	0	44.04	0	0	0	0	0	0	0
1421441917096161848	CPU_4	50.58	0	36.47	0	11.76	0	1.17	0	0	0
1421441917930740058	CPU_4	52.38	0	44.04	0	3.57	0	0	0	0	0
1421441918762228065	CPU_4	60.00	0	36.25	0	3.75	0	0	0	0	0
1421441919609006172	CPU_4	47.67	0	46.51	0	4.65	0	1.16	0	0	0
1421441920459014150	CPU_4	59.52	0	40.47	0	0	0	0	0	0	0
1421441921303988051	CPU_4	59.52	0	40.47	0	0	0	0	0	0	0
1421441922144016376	CPU_4	47.61	0	41.66	0	9.52	0	1.19	0	0	0
1421441922977598961	CPU_4	54.76	0	45.23	0	0	0	0	0	0	0
1421441923819006741	CPU_4	74.69	0	25.30	0	0	0	0	0	0	0
1421441924664004016	CPU_4	72.94	0	25.88	0	0	0	1.17	0	0	0
1421441925503970590	CPU_4	75.00	0	25.00	0	0	0	0	0	0	0
1421441926344048830	CPU_4	76.19	0	23.80	0	0	0	0	0	0	0
1421441927188973770	CPU_4	75.29	0	24.70	0	0	0	0	0	0	0
1421441928024029642	CPU_4	78.57	0	20.23	0	0	0	1.19	0	0	0
1421441928868953582	CPU_4	76.19	0	23.80	0	0	0	0	0	0	0
1421441929714052062	CPU_4	75.00	0	25.00	0	0	0	0	0	0	0
1421441930558993876	CPU_4	76.47	0	22.35	0	0	0	1.17	0	0	0
1421441931404162606	CPU_4	76.19	0	23.80	0	0	0	0	0	0	0
1421441932253991953	CPU_4	73.25	0	24.41	0	2.32	0	0	0	0	0
1421441933094014731	CPU_4	75.00	0	23.80	0	0	0	1.19	0	0	0
1421441933944042578	CPU_4	75.29	0	24.70	0	0	0	0	0	0	0
1421441934784025397	CPU_4	75.90	0	24.09	0	0	0	0	0	0	0
1421441935629070000	CPU_4	77.90	0	20.93	0	0	0	1.16	0	0	0
1421441936479046512	CPU_4	76.19	0	23.80	0	0	0	0	0	0	0
1421441937324073281	CPU_4	77.64	0	22.35	0	0	0	0	0	0	0
1421441938174051667	CPU_4	75.29	0	23.52	0	1.17	0	0	0	0	0
1421441939024783468	CPU_4	74.41	0	24.41	0	0	0	1.16	0	0	0
1421441939868894112	CPU_4	85.54	0	14.45	0	0	0	0	0	0	0
1421441940708845679	CPU_4	90.47	0	9.52	0	0	0	0	0	0	0
1421441941548913162	CPU_4	91.66	0	7.14	0	0	0	1.19	0	0	0
1421441942383815444	CPU_4	90.47	0	9.52	0	0	0	0	0	0	0
1421441943218811310	CPU_4	91.56	0	8.43	0	0	0	0	0	0	0
1421441944054012383	CPU_4	91.66	0	8.33	0	0	0	0	0	0	0
1421441944898842857	CPU_4	89.41	0	9.41	0	0	0	1.17	0	0	0
1421441945733867013	CPU_4	91.56	0	8.43	0	0	0	0	0	0	0
1421441946568836960	CPU_4	90.36	0	9.63	0	0	0	0	0	0	0
1421441947403829698	CPU_4	90.47	0	8.33	0	0	1.19	0	0	0	0
1421441948243866054	CPU_4	92.77	0	6.02	0	0	0	1.20	0	0	0
1421441949078899291	CPU_4	92.85	0	5.95	0	0	1.19	0	0	0	0
1421441949908863912	CPU_4	90.24	0	9.75	0	0	0	0	0	0	0
1421441950768841234	CPU_4	93.10	0	5.74	0	0	1.14	0	0	0	0
1421441951608804755	CPU_4	89.28	0	9.52	0	0	0	1.19	0	0	0
1421441952438989874	CPU_4	67.46	0	31.32	0	0	1.20	0	0	0	0
1421441953289074544	CPU_4	86.90	0	13.09	0	0	0	0	0	0	0
1421441954129125689	CPU_4	84.52	0	14.28	0	0	1.19	0	0	0	0
1421441954973951158	CPU_4	80.23	0	17.44	0	0	1.16	1.16	0	0	0
1421441955818968169	CPU_4	79.76	0	20.23	0	0	0	0	0	0	0
1421441956664268846	CPU_4	86.90	0	11.90	0	0	1.19	0	0	0	0
1421441957534225066	CPU_4	79.54	0	18.18	0	0	1.13	1.13	0	0	0
1421441958394087053	CPU_4	81.39	0	17.44	1.16	0	0	0	0	0	0
1421441959234041028	CPU_4	85.71	0	13.09	0	0	1.19	0	0	0	0
1421441960079027329	CPU_4	83.33	0	15.47	0	0	1.19	0	0	0	0
1421441960934177571	CPU_4	80.00	0	18.82	0	0	0	1.17	0	0	0
1421441961774084754	CPU_4	84.70	0	14.11	0	0	1.17	0	0	0	0
1421441962619072512	CPU_4	83.33	0	16.66	0	0	0	0	0	0	0
1421441963459036152	CPU_4	80.95	0	16.66	0	0	1.19	1.19	0	0	0
1421441964308995235	CPU_4	76.74	0	22.09	0	0	1.16	0	0	0	0
1421441965140337263	CPU_4	73.17	0	12.19	7.31	7.31	0	0	0	0	0
1421441965772793478	CPU_4	3.17	0	17.46	0	79.36	0	0	0	0	0
1421441966469114009	CPU_4	72.85	0	21.42	0	2.85	1.42	1.42	0	0	0
1421441967314084723	CPU_4	84.52	0	15.47	0	0	0	0	0	0	0
1421441968154068903	CPU_4	82.14	0	16.66	0	0	1.19	0	0	0	0
1421441969009042267	CPU_4	82.75	0	14.94	0	0	1.14	1.14	0	0	0
1421441969853976938	CPU_4	82.14	0	17.85	0	0	0	0	0	0	0
1421441970699162442	CPU_4	82.35	0	16.47	0	0	1.17	0	0	0	0
1421441971547258816	CPU_4	83.13	0	15.66	0	0	1.20	0	0	0	0
1421441972404149592	CPU_4	82.55	0	16.27	0	0	0	1.16	0	0	0
1421441973244025187	CPU_4	83.52	0	15.29	0	0	1.17	0	0	0	0
1421441974094199473	CPU_4	75.00	0	23.80	0	0	1.19	0	0	0	0
1421441974939201934	CPU_4	85.88	0	12.94	0	0	0	1.17	0	0	0
1421441975789079345	CPU_4	87.20	0	11.62	0	0	1.16	0	0	0	0
1421441976634079679	CPU_4	86.74	0	13.25	0	0	0	0	0	0	0
1421441977474032855	CPU_4	85.88	0	11.76	0	0	1.17	1.17	0	0	0
1421441978319008231	CPU_4	87.05	0	11.76	0	0	1.17	0	0	0	0
1421441979174135965	CPU_4	88.09	0	11.90	0	0	0	0	0	0	0
1421441980022178836	CPU_4	83.52	0	15.29	0	0	1.17	0	0	0	0
1421441980874063241	CPU_4	87.20	0	10.46	0	0	1.16	1.16	0	0	0
1421441981719133490	CPU_4	88.09	0	11.90	0	0	0	0	0	0	0
1421441982569172273	CPU_4	89.41	0	9.41	0	0	1.17	0	0	0	0
1421441983434186406	CPU_4	83.90	0	13.79	0	0	1.14	1.14	0	0	0
1421441984289196014	CPU_4	89.28	0	10.71	0	0	0	0	0	0	0
1421441985139069837	CPU_4	89.53	0	9.30	0	0	1.16	0	0	0	0
1421441985989130285	CPU_4	84.88	0	12.79	0	0	1.16	1.16	0	0	0
1421441986834161615	CPU_4	86.74	0	13.25	0	0	0	0	0	0	0
1421441987684243937	CPU_4	87.05	0	11.76	0	0	1.17	0	0	0	0
1421441988544231159	CPU_4	87.05	0	12.94	0	0	0	0	0	0	0
1421441989394079731	CPU_4	86.20	0	11.49	0	0	1.14	1.14	0	0	0
1421441990239097185	CPU_4	86.90	0	11.90	0	0	1.19	0	0	0	0
1421441991054059811	CPU_4	18.51	0	22.22	0	59.25	0	0	0	0	0
1421441991699663913	CPU_4	20.31	0	18.75	0	60.93	0	0	0	0	0
1421441992398872430	CPU_4	25.35	0	22.53	0	49.29	1.40	1.40	0	0	0
1421441993115631586	CPU_4	48.57	0	21.42	0	30.00	0	0	0	0	0
1421441993952028760	CPU_4	71.08	0	20.48	0	7.22	1.20	0	0	0	0
1421441994784814481	CPU_4	66.26	0	24.09	0	7.22	1.20	1.20	0	0	0
1421441995618616576	CPU_4	74.39	0	18.29	0	7.31	0	0	0	0	0
1421441996470638266	CPU_4	74.11	0	16.47	0	8.23	1.17	0	0	0	0
1421441997296871163	CPU_4	67.85	0	23.80	0	8.33	0	0	0	0	0
1421441998138675160	CPU_4	68.67	0	20.48	0	8.43	1.20	1.20	0	0	0
1421441998981341197	CPU_4	71.42	0	20.23	0	7.14	1.19	0	0	0	0
1421441999806824094	CPU_4	72.61	0	20.23	0	7.14	0	0	0	0	0
1421442000647999424	CPU_4	67.05	0	17.64	0	12.94	1.17	1.17	0	0	0
1421442001483927304	CPU_4	71.42	0	19.04	0	8.33	1.19	0	0	0	0
1421442002315514024	CPU_4	66.66	0	27.16	0	6.17	0	0	0	0	0
1421442003160243681	CPU_4	71.26	0	19.54	0	6.89	1.14	1.14	0	0	0
1421442003994183313	CPU_4	73.17	0	19.51	0	7.31	0	0	0	0	0
1421442004827399863	CPU_4	72.61	0	17.85	0	8.33	1.19	0	0	0	0
1421442005667934150	CPU_4	73.25	0	16.27	0	8.13	1.16	1.16	0	0	0
1421442006509453352	CPU_4	71.60	0	20.98	0	7.40	0	0	0	0	0
1421442007352527010	CPU_4	72.09	0	18.60	0	8.13	1.16	0	0	0	0
1421442008187394389	CPU_4	72.28	0	16.86	0	9.63	0	1.20	0	0	0
1421442009030886587	CPU_4	72.61	0	16.66	0	9.52	1.19	0	0	0	0
1421442009866875338	CPU_4	72.61	0	19.04	0	7.14	1.19	0	0	0	0
1421442010720416561	CPU_4	70.58	0	20.00	0	8.23	0	1.17	0	0	0
1421442011551524527	CPU_4	72.61	0	19.04	0	7.14	1.19	0	0	0	0
1421442012290039683	CPU_4	19.17	0	30.13	0	50.68	0	0	0	0	0
1421442012981875954	CPU_4	16.17	0	27.94	0	54.41	1.47	0	0	0	0
1421442013696394356	CPU_4	16.90	0	36.61	0	45.07	0	1.40	0	0	0
1421442014419169869	CPU_4	16.43	0	36.98	0	45.20	1.36	0	0	0	0
1421442015151245742	CPU_4	21.12	0	33.80	0	45.07	0	0	0	0	0
1421442015875278628	CPU_4	15.27	0	38.88	0	44.44	1.38	0	0	0	0
1421442016604150380	CPU_4	15.06	0	39.72	0	43.83	0	1.36	0	0	0
1421442017323627856	CPU_4	14.86	0	40.54	0	43.24	1.35	0	0	0	0
1421442018016422666	CPU_4	16.90	0	23.94	0	59.15	0	0	0	0	0
1421442018684807973	CPU_4	7.57	0	25.75	1.51	63.63	1.51	0	0	0	0
1421442019351104741	CPU_4	11.94	0	25.37	0	62.68	0	0	0	0	0
1421442020018611299	CPU_4	15.15	0	33.33	0	50.00	1.51	0	0	0	0
1421442020748962339	CPU_4	17.56	0	37.83	0	43.24	0	1.35	0	0	0
1421442021466598191	CPU_4	18.05	0	34.72	0	45.83	1.38	0	0	0	0
1421442022185918957	CPU_4	15.71	0	38.57	0	45.71	0	0	0	0	0
1421442022906715304	CPU_4	18.30	0	32.39	0	47.88	1.40	0	0	0	0
1421442023629342105	CPU_4	17.80	0	36.98	0	43.83	0	1.36	0	0	0
1421442024356792066	CPU_4	21.91	0	32.87	0	43.83	1.36	0	0	0	0
1421442025054555365	CPU_4	23.88	0	29.85	0	46.26	0	0	0	0	0
1421442025732254946	CPU_4	11.94	0	31.34	0	56.71	0	0	0	0	0
1421442026424515254	CPU_4	14.70	0	29.41	0	54.41	1.47	0	0	0	0
1421442027115304730	CPU_4	17.64	0	33.82	0	47.05	0	1.47	0	0	0
1421442027840045027	CPU_4	23.61	0	30.55	0	44.44	1.38	0	0	0	0
1421442028566909903	CPU_4	17.14	0	38.57	0	44.28	0	0	0	0	0
1421442029278324304	CPU_4	16.43	0	35.61	0	46.57	1.36	0	0	0	0
1421442030003088808	CPU_4	14.08	0	39.43	0	46.47	0	0	0	0	0
1421442030719561576	CPU_4	16.66	0	34.72	0	45.83	1.38	1.38	0	0	0
1421442031444245038	CPU_4	16.43	0	39.72	0	43.83	0	0	0	0	0
1421442032159266973	CPU_4	16.43	0	36.98	0	45.20	1.36	0	0	0	0
1421442032875881489	CPU_4	21.12	0	35.21	0	43.66	0	0	0	0	0
1421442033605676443	CPU_4	19.73	0	36.84	0	42.10	1.31	0	0	0	0
1421442034332630608	CPU_4	15.49	0	38.02	0	45.07	0	1.40	0	0	0
1421442035058328359	CPU_4	17.80	0	36.98	0	43.83	1.36	0	0	0	0
1421442035776834913	CPU_4	15.49	0	39.43	0	45.07	0	0	0	0	0
1421442036492937720	CPU_4	21.12	0	32.39	0	45.07	1.40	0	0	0	0
1421442037223935712	CPU_4	21.12	0	32.39	0	45.07	0	1.40	0	0	0
1421442037947033257	CPU_4	13.69	0	41.09	0	43.83	1.36	0	0	0	0
1421442038678737872	CPU_4	19.44	0	34.72	1.38	44.44	0	0	0	0	0
1421442039395043678	CPU_4	14.28	0	38.57	0	45.71	1.42	0	0	0	0
1421442040115614352	CPU_4	17.80	0	38.35	0	43.83	0	0	0	0	0
1421442040838304438	CPU_4	19.71	0	33.80	0	43.66	1.40	1.40	0	0	0
1421442041555408117	CPU_4	19.44	0	36.11	0	44.44	0	0	0	0	0
1421442042287063731	CPU_4	19.17	0	35.61	0	43.83	1.36	0	0	0	0
1421442043008241778	CPU_4	24.65	0	31.50	0	43.83	0	0	0	0	0
1421442043738287226	CPU_4	17.56	0	37.83	0	43.24	1.35	0	0	0	0
1421442044499595083	CPU_4	13.92	0	37.97	0	46.83	0	1.26	0	0	0
1421442045218831215	CPU_4	14.08	0	39.43	0	45.07	1.40	0	0	0	0
1421442045951121285	CPU_4	14.86	0	41.89	0	43.24	0	0	0	0	0
1421442046674160536	CPU_4	20.83	0	33.33	0	44.44	1.38	0	0	0	0
1421442047400131406	CPU_4	16.21	0	39.18	0	43.24	0	1.35	0	0	0
1421442048123326615	CPU_4	14.08	0	39.43	0	45.07	1.40	0	0	0	0
1421442048841692789	CPU_4	13.69	0	42.46	0	43.83	0	0	0	0	0
1421442049574173065	CPU_4	18.05	0	36.11	0	44.44	1.38	0	0	0	0
1421442050297460647	CPU_4	17.14	0	37.14	0	45.71	0	0	0	0	0
1421442051028727300	CPU_4	21.42	0	31.42	0	44.28	1.42	1.42	0	0	0
1421442051745036684	CPU_4	21.12	0	33.80	0	45.07	0	0	0	0	0
1421442052475294629	CPU_4	13.69	0	41.09	0	43.83	1.36	0	0	0	0
1421442053191754680	CPU_4	14.08	0	42.25	0	43.66	0	0	0	0	0
1421442053904980861	CPU_4	18.30	0	33.80	0	45.07	1.40	1.40	0	0	0
1421442054637518051	CPU_4	13.69	0	42.46	0	43.83	0	0	0	0	0
1421442055360317966	CPU_4	16.43	0	38.35	0	43.83	1.36	0	0	0	0
1421442056082361006	CPU_4	22.53	0	32.39	0	45.07	0	0	0	0	0
1421442056801669384	CPU_4	16.21	0	39.18	0	43.24	1.35	0	0	0	0
1421442057519251723	CPU_4	19.71	0	33.80	0	45.07	0	1.40	0	0	0
1421442058244450633	CPU_4	17.80	0	36.98	0	43.83	1.36	0	0	0	0
1421442058968546002	CPU_4	18.30	0	38.02	0	43.66	0	0	0	0	0
1421442059694304327	CPU_4	16.43	0	36.98	0	45.20	1.36	0	0	0	0
1421442060410352876	CPU_4	22.22	0	33.33	0	44.44	0	0	0	0	0
1421442061131253791	CPU_4	14.08	0	39.43	0	43.66	1.40	1.40	0	0	0
1421442061855510701	CPU_4	18.91	0	37.83	0	43.24	0	0	0	0	0
1421442062580469234	CPU_4	19.71	0	33.80	0	45.07	1.40	0	0	0	0
1421442063307205556	CPU_4	15.27	0	40.27	0	44.44	0	0	0	0	0
1421442064031652340	CPU_4	22.66	0	32.00	0	42.66	1.33	1.33	0	0	0
1421442064749460842	CPU_4	15.71	0	40.00	0	44.28	0	0	0	0	0
1421442065465272723	CPU_4	21.12	0	33.80	0	43.66	1.40	0	0	0	0
1421442066189417381	CPU_4	14.28	0	40.00	0	45.71	0	0	0	0	0
1421442066922844274	CPU_4	15.78	0	39.47	0	43.42	1.31	0	0	0	0
1421442067647557348	CPU_4	19.44	0	36.11	0	43.05	0	1.38	0	0	0
1421442068369334176	CPU_4	16.66	0	36.11	1.38	44.44	1.38	0	0	0	0
1421442069086478594	CPU_4	16.90	0	38.02	0	45.07	0	0	0	0	0
1421442069809918294	CPU_4	16.90	0	38.02	0	43.66	1.40	0	0	0	0
1421442070535419990	CPU_4	17.80	0	38.35	0	43.83	0	0	0	0	0
1421442071253941948	CPU_4	12.32	0	42.46	0	42.46	1.36	1.36	0	0	0
1421442071980035517	CPU_4	18.30	0	36.61	0	45.07	0	0	0	0	0
1421442072698304308	CPU_4	18.05	0	36.11	0	44.44	1.38	0	0	0	0
1421442073414902517	CPU_4	16.90	0	39.43	0	43.66	0	0	0	0	0
1421442074138269507	CPU_4	21.12	0	30.98	0	46.47	1.40	0	0	0	0
1421442074862605746	CPU_4	16.00	0	40.00	0	42.66	0	1.33	0	0	0
1421442075593361806	CPU_4	16.90	0	38.02	0	43.66	1.40	0	0	0	0
1421442076311865387	CPU_4	15.71	0	38.57	0	45.71	0	0	0	0	0
1421442077031268132	CPU_4	16.66	0	37.50	0	44.44	1.38	0	0	0	0
1421442077757169283	CPU_4	13.69	0	42.46	0	42.46	0	1.36	0	0	0
1421442078474985031	CPU_4	19.17	0	35.61	0	43.83	1.36	0	0	0	0
1421442079204930425	CPU_4	16.66	0	37.50	0	45.83	0	0	0	0	0
1421442079929393203	CPU_4	16.43	0	38.35	0	43.83	1.36	0	0	0	0
1421442080654385188	CPU_4	13.88	0	41.66	0	44.44	0	0	0	0	0
1421442081382161084	CPU_4	22.53	0	38.02	0	36.61	1.40	1.40	0	0	0
1421442082187962645	CPU_4	27.63	0	35.52	0	36.84	0	0	0	0	0
1421442082966923291	CPU_4	32.46	0	35.06	0	31.16	1.29	0	0	0	0
1421442083768741233	CPU_4	35.61	0	30.13	0	34.24	0	0	0	0	0
1421442084554322993	CPU_4	29.87	0	35.06	0	32.46	1.29	1.29	0	0	0
1421442085345487660	CPU_4	34.11	0	36.47	0	28.23	1.17	0	0	0	0
1421442086114266154	CPU_4	22.72	0	37.87	0	39.39	0	0	0	0	0
1421442086909205106	CPU_4	26.66	0	38.66	0	33.33	1.33	0	0	0	0
1421442087694920239	CPU_4	23.88	0	38.80	0	35.82	0	1.49	0	0	0
1421442088484337324	CPU_4	25.71	0	37.14	0	35.71	1.42	0	0	0	0
1421442089265007090	CPU_4	29.48	0	38.46	0	32.05	0	0	0	0	0
1421442090053206343	CPU_4	20.89	0	41.79	0	35.82	1.49	0	0	0	0
1421442090836372771	CPU_4	20.96	0	33.87	0	41.93	1.61	1.61	0	0	0
1421442091632007470	CPU_4	32.00	0	34.66	0	33.33	0	0	0	0	0
1421442092421193178	CPU_4	22.22	0	41.66	0	34.72	1.38	0	0	0	0
1421442093213818381	CPU_4	26.02	0	39.72	0	34.24	0	0	0	0	0
1421442093993612605	CPU_4	22.07	0	42.85	0	32.46	1.29	1.29	0	0	0
1421442094791933215	CPU_4	25.71	0	38.57	0	35.71	0	0	0	0	0
1421442095562265662	CPU_4	28.37	0	36.48	0	33.78	1.35	0	0	0	0
1421442096352321618	CPU_4	21.05	0	33.33	0	43.85	1.75	0	0	0	0
1421442097119302819	CPU_4	36.36	0	29.87	0	32.46	0	1.29	0	0	0
1421442097904029450	CPU_4	24.65	0	41.09	0	32.87	1.36	0	0	0	0
1421442098667297490	CPU_4	32.85	0	30.00	1.42	35.71	0	0	0	0	0
1421442099452183620	CPU_4	33.76	0	33.76	0	31.16	1.29	0	0	0	0
1421442100226962225	CPU_4	29.57	0	33.80	0	35.21	0	1.40	0	0	0
1421442101013775101	CPU_4	31.16	0	35.06	0	32.46	1.29	0	0	0	0
1421442101790069410	CPU_4	26.38	0	37.50	0	34.72	1.38	0	0	0	0
1421442102583366567	CPU_4	17.91	0	46.26	0	35.82	0	0	0	0	0
1421442103373169645	CPU_4	29.76	0	36.90	0	30.95	1.19	1.19	0	0	0
1421442104156395734	CPU_4	30.00	0	34.28	0	35.71	0	0	0	0	0
1421442104944675815	CPU_4	22.22	0	43.05	0	33.33	1.38	0	0	0	0
1421442105734652850	CPU_4	16.94	0	40.67	0	40.67	1.69	0	0	0	0
1421442106509310577	CPU_4	27.53	0	36.23	0	34.78	0	1.44	0	0	0
1421442107282651098	CPU_4	25.00	0	38.88	0	34.72	1.38	0	0	0	0
1421442108071449926	CPU_4	29.72	0	36.48	0	33.78	0	0	0	0	0
1421442108835641670	CPU_4	21.31	0	37.70	0	39.34	1.63	0	0	0	0
1421442109608978189	CPU_4	26.56	0	31.25	0	40.62	0	1.56	0	0	0
1421442110392519192	CPU_4	22.22	0	43.05	0	33.33	1.38	0	0	0	0
1421442111174902280	CPU_4	31.42	0	32.85	0	35.71	0	0	0	0	0
1421442111962937858	CPU_4	26.76	0	36.61	0	35.21	1.40	0	0	0	0
1421442112752211475	CPU_4	23.61	0	40.27	0	33.33	1.38	1.38	0	0	0
1421442113525131535	CPU_4	32.83	0	29.85	0	37.31	0	0	0	0	0
1421442114318994061	CPU_4	22.05	0	36.76	0	39.70	1.47	0	0	0	0
1421442115113133294	CPU_4	27.27	0	41.55	0	31.16	0	0	0	0	0
1421442115896088546	CPU_4	29.33	0	34.66	0	33.33	1.33	1.33	0	0	0
1421442116677970465	CPU_4	34.17	0	32.91	0	31.64	1.26	0	0	0	0
1421442117428697644	CPU_4	10.44	0	44.77	0	44.77	0	0	0	0	0
1421442118171723419	CPU_4	30.26	0	27.63	0	40.78	1.31	0	0	0	0
1421442118914542110	CPU_4	15.49	0	39.43	0	45.07	0	0	0	0	0
1421442119644651989	CPU_4	19.17	0	32.87	0	46.57	0	1.36	0	0	0
1421442120295163332	CPU_4	12.30	0	16.92	0	69.23	1.53	0	0	0	0
1421442121030075036	CPU_4	5.33	0	26.66	0	68.00	0	0	0	0	0
1421442121668391232	CPU_4	0	0	19.04	0	80.95	0	0	0	0	0
1421442122304330516	CPU_4	15.38	0	26.15	0	58.46	0	0	0	0	0
1421442123031208148	CPU_4	7.04	0	46.47	0	43.66	1.40	1.40	0	0	0
1421442123759920361	CPU_4	11.42	0	22.85	0	65.71	0	0	0	0	0
1421442124396332227	CPU_4	3.17	0	15.87	0	80.95	0	0	0	0	0
1421442125046369652	CPU_4	1.69	0	30.50	0	66.10	1.69	0	0	0	0
1421442125780996021	CPU_4	21.66	0	28.33	0	50.00	0	0	0	0	0
1421442126517572804	CPU_4	8.69	0	44.92	0	44.92	1.44	0	0	0	0
1421442127175302508	CPU_4	4.61	0	16.92	0	76.92	0	1.53	0	0	0
1421442127820482232	CPU_4	8.97	0	16.66	0	58.97	15.38	0	0	0	0
1421442128551556314	CPU_4	14.92	0	38.80	0	46.26	0	0	0	0	0
1421442129297427288	CPU_4	8.21	0	50.68	0	41.09	0	0	0	0	0
1421442130020467050	CPU_4	5.55	0	25.00	0	69.44	0	0	0	0	0
1421442130668675810	CPU_4	6.15	0	21.53	0	72.30	0	0	0	0	0
1421442131402758470	CPU_4	9.45	0	48.64	0	40.54	0	1.35	0	0	0
1421442132138713001	CPU_4	10.29	0	45.58	0	44.11	0	0	0	0	0
1421442132883986767	CPU_4	23.07	0	38.46	0	38.46	0	0	0	0	0
1421442133616989635	CPU_4	17.91	0	37.31	0	44.77	0	0	0	0	0
1421442134353524623	CPU_4	21.73	0	33.33	0	43.47	0	1.44	0	0	0
1421442135048363805	CPU_4	11.94	0	43.28	0	44.77	0	0	0	0	0
1421442135794613984	CPU_4	23.68	0	36.84	0	39.47	0	0	0	0	0
1421442136528592058	CPU_4	21.73	0	34.78	0	43.47	0	0	0	0	0
1421442137281731476	CPU_4	20.25	0	40.50	0	39.24	0	0	0	0	0
1421442138024925785	CPU_4	14.86	0	41.89	0	41.89	0	1.35	0	0	0
1421442138761113021	CPU_4	20.58	0	32.35	0	47.05	0	0	0	0	0
1421442139506220743	CPU_4	12.16	0	45.94	0	41.89	0	0	0	0	0
1421442140244409434	CPU_4	11.42	0	44.28	0	44.28	0	0	0	0	0
1421442140969406688	CPU_4	17.14	0	35.71	0	45.71	0	1.42	0	0	0
1421442141701717180	CPU_4	10.81	0	44.59	0	44.59	0	0	0	0	0
1421442142434505546	CPU_4	11.11	0	41.66	0	47.22	0	0	0	0	0
1421442143163003336	CPU_4	18.84	0	31.88	0	49.27	0	0	0	0	0
1421442143887977964	CPU_4	13.51	0	41.89	0	44.59	0	0	0	0	0
1421442144623626491	CPU_4	18.91	0	33.78	0	45.94	0	1.35	0	0	0
1421442145342226129	CPU_4	17.18	0	32.81	0	50.00	0	0	0	0	0
1421442146041379675	CPU_4	10.44	0	34.32	0	55.22	0	0	0	0	0
1421442146778422491	CPU_4	7.57	0	34.84	0	57.57	0	0	0	0	0
1421442147479662699	CPU_4	8.21	0	38.35	0	53.42	0	0	0	0	0
1421442148216453223	CPU_4	10.81	0	37.83	0	48.64	1.35	1.35	0	0	0
1421442149246881132	CPU_4	4.50	0	15.31	0	68.46	11.71	0	0	0	0
1421442149953374331	CPU_4	12.50	0	23.61	0	63.88	0	0	0	0	0
1421442150596344177	CPU_4	3.33	0	21.66	0	75.00	0	0	0	0	0
1421442151346029303	CPU_4	20.00	0	33.84	0	46.15	0	0	0	0	0
1421442152084912405	CPU_4	26.31	0	32.89	0	39.47	0	1.31	0	0	0
1421442152831554911	CPU_4	20.51	0	41.02	0	38.46	0	0	0	0	0
1421442153568839682	CPU_4	18.66	0	40.00	1.33	40.00	0	0	0	0	0
1421442154309637738	CPU_4	27.63	0	32.89	0	39.47	0	0	0	0	0
1421442155056457910	CPU_4	27.84	0	34.17	0	37.97	0	0	0	0	0
1421442155787797356	CPU_4	12.16	0	44.59	0	41.89	0	1.35	0	0	0
1421442156530427742	CPU_4	8.21	0	50.68	0	41.09	0	0	0	0	0
1421442157260033233	CPU_4	16.43	0	42.46	0	41.09	0	0	0	0	0
1421442157993656675	CPU_4	13.51	0	44.59	0	41.89	0	0	0	0	0
1421442158713078224	CPU_4	4.61	0	38.46	0	56.92	0	0	0	0	0
1421442159358364105	CPU_4	7.46	0	31.34	0	59.70	0	1.49	0	0	0
1421442160103275653	CPU_4	22.66	0	37.33	0	40.00	0	0	0	0	0
1421442160832391976	CPU_4	7.89	0	52.63	0	39.47	0	0	0	0	0
1421442161562222882	CPU_4	21.05	0	36.84	0	42.10	0	0	0	0	0
1421442162298940817	CPU_4	26.66	0	33.33	0	40.00	0	0	0	0	0
1421442163037635332	CPU_4	27.27	0	32.46	0	38.96	0	1.29	0	0	0
1421442163777467387	CPU_4	8.77	0	40.35	0	50.87	0	0	0	0	0
1421442164508229748	CPU_4	16.88	0	42.85	0	40.25	0	0	0	0	0
1421442165253704709	CPU_4	15.15	0	39.39	0	45.45	0	0	0	0	0
1421442165988693355	CPU_4	12.50	0	39.06	0	46.87	0	1.56	0	0	0
1421442166723405917	CPU_4	18.46	0	35.38	0	46.15	0	0	0	0	0
1421442167458823269	CPU_4	16.94	0	32.20	0	50.84	0	0	0	0	0
1421442168204967061	CPU_4	9.45	0	50.00	0	40.54	0	0	0	0	0
1421442168913098709	CPU_4	9.23	0	26.15	0	64.61	0	0	0	0	0
1421442169555979299	CPU_4	10.60	0	36.36	0	51.51	0	1.51	0	0	0
1421442170294831311	CPU_4	18.18	0	40.25	0	40.25	1.29	0	0	0	0
1421442171034853446	CPU_4	28.57	0	28.57	0	42.85	0	0	0	0	0
1421442171778713908	CPU_4	9.09	0	49.35	0	40.25	1.29	0	0	0	0
1421442172513476551	CPU_4	16.88	0	44.15	0	38.96	0	0	0	0	0
1421442173251248189	CPU_4	24.00	0	30.66	0	42.66	1.33	1.33	0	0	0
1421442173995122899	CPU_4	29.33	0	30.66	0	40.00	0	0	0	0	0
1421442174726447256	CPU_4	14.28	0	30.15	0	53.96	1.58	0	0	0	0
1421442175472867087	CPU_4	12.30	0	41.53	0	46.15	0	0	0	0	0
1421442176208673810	CPU_4	17.39	0	34.78	0	44.92	1.44	1.44	0	0	0
1421442176963245627	CPU_4	7.93	0	44.44	0	47.61	0	0	0	0	0
1421442177695271106	CPU_4	20.51	0	39.74	0	38.46	1.28	0	0	0	0
1421442178459331573	CPU_4	12.67	0	43.66	0	43.66	0	0	0	0	0
1421442179201282577	CPU_4	18.91	0	39.18	0	40.54	1.35	0	0	0	0
1421442179931631475	CPU_4	15.27	0	40.27	0	43.05	0	1.38	0	0	0
1421442180681968922	CPU_4	19.71	0	36.61	0	42.25	1.40	0	0	0	0
1421442181418779309	CPU_4	7.57	0	46.96	0	45.45	0	0	0	0	0
1421442182151889368	CPU_4	6.15	0	46.15	0	46.15	1.53	0	0	0	0
1421442182887556172	CPU_4	15.06	0	42.46	0	42.46	0	0	0	0	0
1421442183631530379	CPU_4	19.23	0	39.74	0	38.46	1.28	1.28	0	0	0
1421442184359876946	CPU_4	7.57	0	27.27	0	65.15	0	0	0	0	0
1421442184998374163	CPU_4	6.25	0	23.43	0	70.31	0	0	0	0	0
1421442185647820445	CPU_4	2.98	0	20.89	0	76.11	0	0	0	0	0
1421442186285557330	CPU_4	3.17	0	14.28	0	80.95	1.58	0	0	0	0
1421442187019780677	CPU_4	21.33	0	37.33	0	40.00	0	1.33	0	0	0
1421442187757337602	CPU_4	6.66	0	28.00	0	65.33	0	0	0	0	0
1421442188395903318	CPU_4	0	0	20.00	0	78.46	1.53	0	0	0	0
1421442189238812314	CPU_4	19.54	0	24.13	1.14	55.17	0	0	0	0	0
1421442189971797912	CPU_4	14.28	0	44.28	0	41.42	0	0	0	0	0
1421442190701577182	CPU_4	7.57	0	45.45	0	45.45	1.51	0	0	0	0
1421442191441436768	CPU_4	17.14	0	38.57	0	42.85	0	1.42	0	0	0
1421442192174052033	CPU_4	15.49	0	40.84	0	42.25	1.40	0	0	0	0
1421442192921385023	CPU_4	27.27	0	33.76	0	38.96	0	0	0	0	0
1421442193662087565	CPU_4	16.17	0	27.94	13.23	41.17	1.47	0	0	0	0
1421442194870990067	CPU_4	6.61	0	18.18	47.93	27.27	0	0	0	0	0
1421442195516233811	CPU_4	1.51	0	19.69	0	75.75	1.51	1.51	0	0	0
1421442196252255776	CPU_4	16.17	0	39.70	0	44.11	0	0	0	0	0
1421442197001027387	CPU_4	11.11	0	44.44	0	43.05	1.38	0	0	0	0
1421442197740315972	CPU_4	17.14	0	40.00	0	42.85	0	0	0	0	0
1421442198494810614	CPU_4	21.51	0	39.24	0	37.97	1.26	0	0	0	0
1421442199229179790	CPU_4	10.76	0	41.53	0	46.15	0	1.53	0	0	0
1421442199972068576	CPU_4	22.85	0	32.85	0	42.85	1.42	0	0	0	0
1421442200720764143	CPU_4	30.00	0	31.25	0	38.75	0	0	0	0	0
1421442201457386273	CPU_4	14.10	0	43.58	0	41.02	1.28	0	0	0	0
1421442202129922219	CPU_4	13.23	0	25.00	0	60.29	0	1.47	0	0	0
1421442202828276496	CPU_4	26.47	0	29.41	0	44.11	0	0	0	0	0
1421442203593516410	CPU_4	32.46	0	15.58	0	50.64	1.29	0	0	0	0
1421442204283960408	CPU_4	44.92	0	26.08	0	28.98	0	0	0	0	0
1421442205147871279	CPU_4	61.79	0	17.97	0	17.97	1.12	1.12	0	0	0
1421442205960963444	CPU_4	43.90	0	36.58	0	18.29	1.21	0	0	0	0
1421442206825191647	CPU_4	62.79	0	19.76	0	17.44	0	0	0	0	0
1421442207681934279	CPU_4	62.35	0	17.64	0	17.64	1.17	1.17	0	0	0
1421442208495262401	CPU_4	57.14	0	22.61	0	19.04	1.19	0	0	0	0
1421442209340104969	CPU_4	27.05	0	23.52	0	48.23	1.17	0	0	0	0
1421442210016904531	CPU_4	14.49	0	24.63	0	60.86	0	0	0	0	0
1421442210699456373	CPU_4	36.76	0	22.05	0	39.70	0	1.47	0	0	0
1421442211566434861	CPU_4	66.27	0	13.95	0	18.60	1.16	0	0	0	0
1421442212428231775	CPU_4	59.77	0	21.83	0	18.39	0	0	0	0	0
1421442213261318570	CPU_4	42.35	0	37.64	0	17.64	1.17	1.17	0	0	0
1421442214111699376	CPU_4	59.09	0	22.72	0	17.04	1.13	0	0	0	0
1421442214988853554	CPU_4	63.09	0	17.85	0	19.04	0	0	0	0	0
1421442215846894764	CPU_4	56.97	0	22.09	0	18.60	1.16	1.16	0	0	0
1421442216695553531	CPU_4	40.22	0	39.08	0	19.54	1.14	0	0	0	0
1421442217562649933	CPU_4	59.30	0	23.25	0	17.44	0	0	0	0	0
1421442218421477099	CPU_4	61.36	0	18.18	0	18.18	1.13	1.13	0	0	0
1421442219273084943	CPU_4	45.97	0	35.63	0	17.24	1.14	0	0	0	0
1421442220116149510	CPU_4	58.13	0	23.25	0	18.60	0	0	0	0	0
1421442220958781702	CPU_4	51.76	0	28.23	0	17.64	1.17	1.17	0	0	0
1421442221816967867	CPU_4	64.04	0	17.97	0	16.85	1.12	0	0	0	0
1421442222670442207	CPU_4	37.64	0	43.52	0	18.82	0	0	0	0	0
1421442223525606001	CPU_4	45.34	0	34.88	0	17.44	1.16	1.16	0	0	0
1421442224380145297	CPU_4	58.62	0	21.83	0	18.39	1.14	0	0	0	0
1421442225224691026	CPU_4	45.78	0	36.14	0	18.07	0	0	0	0	0
1421442226059783187	CPU_4	50.00	0	29.76	0	17.85	1.19	1.19	0	0	0
1421442226906411578	CPU_4	53.48	0	27.90	0	17.44	1.16	0	0	0	0
1421442227764957907	CPU_4	47.61	0	33.33	0	19.04	0	0	0	0	0
1421442228609109343	CPU_4	55.81	0	39.53	0	2.32	1.16	1.16	0	0	0
1421442229449068328	CPU_4	67.46	0	31.32	0	0	1.20	0	0	0	0
1421442230284185571	CPU_4	67.85	0	30.95	0	1.19	0	0	0	0	0
1421442231139039155	CPU_4	63.52	0	34.11	0	0	1.17	1.17	0	0	0
1421442231974079522	CPU_4	69.04	0	29.76	0	1.19	0	0	0	0	0
1421442232817778207	CPU_4	67.05	0	30.58	0	1.17	1.17	0	0	0	0
1421442233664081221	CPU_4	61.90	0	34.52	1.19	1.19	0	1.19	0	0	0
1421442234514079603	CPU_4	65.88	0	31.76	0	1.17	1.17	0	0	0	0
1421442235349892468	CPU_4	63.09	0	35.71	0	0	1.19	0	0	0	0
1421442236189064160	CPU_4	65.06	0	32.53	0	1.20	0	1.20	0	0	0
1421442237018116952	CPU_4	54.76	0	42.85	0	1.19	1.19	0	0	0	0
1421442237866269336	CPU_4	69.87	0	30.12	0	0	0	0	0	0	0
1421442238714012553	CPU_4	62.06	0	32.18	1.14	2.29	1.14	1.14	0	0	0
1421442239554054242	CPU_4	61.44	0	36.14	0	2.40	0	0	0	0	0
1421442240399018631	CPU_4	66.66	0	32.14	0	0	1.19	0	0	0	0
1421442241243675603	CPU_4	62.79	0	33.72	0	1.16	1.16	1.16	0	0	0
1421442242094031481	CPU_4	69.04	0	29.76	0	1.19	0	0	0	0	0
1421442242924126352	CPU_4	63.85	0	34.93	0	0	1.20	0	0	0	0
1421442243764024998	CPU_4	72.61	0	25.00	0	1.19	0	1.19	0	0	0
1421442244595957657	CPU_4	67.85	0	30.95	0	0	1.19	0	0	0	0
1421442245440431961	CPU_4	74.69	0	24.09	0	1.20	0	0	0	0	0
1421442246283500058	CPU_4	68.23	0	28.23	0	1.17	1.17	1.17	0	0	0
1421442247129031193	CPU_4	67.85	0	29.76	0	1.19	1.19	0	0	0	0
1421442247960762684	CPU_4	61.90	0	36.90	0	1.19	0	0	0	0	0
1421442248824040663	CPU_4	64.70	0	30.58	0	2.35	1.17	1.17	0	0	0
1421442249668869547	CPU_4	67.85	0	32.14	0	0	0	0	0	0	0
1421442250508942857	CPU_4	91.76	0	7.05	0	0	1.17	0	0	0	0
1421442251343925424	CPU_4	93.97	0	4.81	0	0	0	1.20	0	0	0
1421442252183926566	CPU_4	91.76	0	7.05	0	0	1.17	0	0	0	0
1421442253023851708	CPU_4	92.77	0	7.22	0	0	0	0	0	0	0
1421442253858963858	CPU_4	91.66	0	7.14	0	0	1.19	0	0	0	0
1421442254698922957	CPU_4	91.66	0	7.14	0	0	0	1.19	0	0	0
1421442255533956815	CPU_4	92.85	0	5.95	0	0	1.19	0	0	0	0
1421442256368934631	CPU_4	92.77	0	7.22	0	0	0	0	0	0	0
1421442257208952187	CPU_4	92.85	0	7.14	0	0	0	0	0	0	0
1421442258043863877	CPU_4	90.47	0	7.14	0	0	1.19	1.19	0	0	0
1421442258884024183	CPU_4	81.92	0	18.07	0	0	0	0	0	0	0
1421442259736984466	CPU_4	64.70	0	34.11	0	0	1.17	0	0	0	0
1421442260578972226	CPU_4	72.09	0	25.58	0	0	1.16	1.16	0	0	0
1421442261424117731	CPU_4	72.28	0	27.71	0	0	0	0	0	0	0
1421442262269220568	CPU_4	69.41	0	28.23	0	0	1.17	1.17	0	0	0
1421442263119025772	CPU_4	68.23	0	31.76	0	0	0	0	0	0	0
1421442263964000568	CPU_4	62.35	0	35.29	0	0	1.17	1.17	0	0	0
1421442264799043796	CPU_4	71.08	0	28.91	0	0	0	0	0	0	0
1421442265644143049	CPU_4	58.82	0	38.82	0	0	1.17	1.17	0	0	0
1421442266494042710	CPU_4	70.23	0	28.57	0	0	1.19	0	0	0	0
1421442267339247628	CPU_4	68.23	0	30.58	0	0	0	1.17	0	0	0
1421442268194028988	CPU_4	69.76	0	29.06	0	0	1.16	0	0	0	0
1421442269039219365	CPU_4	72.61	0	26.19	0	0	0	1.19	0	0	0
1421442269894054515	CPU_4	65.11	0	32.55	0	0	1.16	1.16	0	0	0
1421442270738976850	CPU_4	68.67	0	31.32	0	0	0	0	0	0	0
1421442271578975067	CPU_4	67.44	0	30.23	0	0	1.16	1.16	0	0	0
1421442272427460895	CPU_4	67.85	0	30.95	0	0	1.19	0	0	0	0
1421442273281890836	CPU_4	65.88	0	32.94	0	0	0	1.17	0	0	0
1421442274123201884	CPU_4	66.66	0	32.14	0	0	1.19	0	0	0	0
1421442274974001331	CPU_4	67.05	0	32.94	0	0	0	0	0	0	0
1421442275814249755	CPU_4	83.52	0	14.11	0	0	1.17	1.17	0	0	0
1421442276658967795	CPU_4	78.57	0	21.42	0	0	0	0	0	0	0
1421442277508990285	CPU_4	83.52	0	15.29	0	0	1.17	0	0	0	0
1421442278343972758	CPU_4	80.72	0	19.27	0	0	0	0	0	0	0
1421442279194089330	CPU_4	77.90	0	19.76	0	0	1.16	1.16	0	0	0
1421442280033994294	CPU_4	81.92	0	18.07	0	0	0	0	0	0	0
1421442280879012832	CPU_4	82.35	0	16.47	0	0	1.17	0	0	0	0
1421442281723932870	CPU_4	80.00	0	18.82	0	0	0	1.17	0	0	0
1421442282569096741	CPU_4	74.11	0	24.70	0	0	1.17	0	0	0	0
1421442283408989620	CPU_4	78.04	0	21.95	0	0	0	0	0	0	0
1421442284254652531	CPU_4	80.23	0	18.60	0	0	1.16	0	0	0	0
1421442285094021369	CPU_4	82.14	0	15.47	0	0	1.19	1.19	0	0	0
1421442285949060304	CPU_4	80.00	0	20.00	0	0	0	0	0	0	0
1421442286793960507	CPU_4	80.95	0	17.85	0	0	1.19	0	0	0	0
1421442287633956093	CPU_4	85.71	0	14.28	0	0	0	0	0	0	0
1421442288489017152	CPU_4	77.90	0	19.76	0	0	1.16	1.16	0	0	0
1421442289328950113	CPU_4	82.35	0	16.47	1.17	0	0	0	0	0	0
1421442290178961138	CPU_4	81.17	0	17.64	0	0	1.17	0	0	0	0
1421442291034031780	CPU_4	77.64	0	21.17	0	0	0	1.17	0	0	0
1421442291869039123	CPU_4	84.70	0	14.11	0	0	1.17	0	0	0	0
1421442292718998023	CPU_4	79.51	0	20.48	0	0	0	0	0	0	0
1421442293558985773	CPU_4	81.17	0	17.64	0	0	1.17	0	0	0	0
1421442294399004814	CPU_4	82.14	0	16.66	0	0	0	1.19	0	0	0
1421442295239006480	CPU_4	80.95	0	17.85	0	0	1.19	0	0	0	0
1421442296089070254	CPU_4	79.51	0	20.48	0	0	0	0	0	0	0
1421442296928935878	CPU_4	82.55	0	16.27	0	0	1.16	0	0	0	0
1421442297769114292	CPU_4	84.52	0	14.28	0	0	0	1.19	0	0	0
1421442298618932523	CPU_4	77.90	0	20.93	0	0	1.16	0	0	0	0
1421442299468965753	CPU_4	80.72	0	19.27	0	0	0	0	0	0	0
1421442300309010334	CPU_4	80.00	0	18.82	0	0	1.17	0	0	0	0
1421442301153932489	CPU_4	78.57	0	20.23	0	0	0	1.19	0	0	0
1421442301983644670	CPU_4	27.05	0	23.52	0	48.23	1.17	0	0	0	0
1421442302760945151	CPU_4	63.15	0	35.52	0	1.31	0	0	0	0	0
1421442303709072709	CPU_4	70.52	0	27.36	0	0	1.05	1.05	0	0	0
1421442304584398268	CPU_4	52.87	0	37.93	0	8.04	1.14	0	0	0	0
1421442305434363412	CPU_4	49.42	0	41.37	0	8.04	1.14	0	0	0	0
1421442306295590204	CPU_4	58.88	0	33.33	0	6.66	0	1.11	0	0	0
1421442307144656932	CPU_4	54.02	0	37.93	0	6.89	1.14	0	0	0	0
1421442307992315163	CPU_4	54.02	0	37.93	0	8.04	0	0	0	0	0
1421442308829789245	CPU_4	42.35	0	32.94	0	22.35	1.17	1.17	0	0	0
1421442309521747205	CPU_4	22.38	0	22.38	0	55.22	0	0	0	0	0
1421442310231196843	CPU_4	21.42	0	25.71	0	51.42	1.42	0	0	0	0
1421442310952606751	CPU_4	43.47	0	33.33	0	23.18	0	0	0	0	0
1421442311792047786	CPU_4	58.13	0	32.55	0	6.97	1.16	1.16	0	0	0
1421442312647897667	CPU_4	57.47	0	33.33	0	8.04	1.14	0	0	0	0
1421442313470502023	CPU_4	49.38	0	43.20	0	7.40	0	0	0	0	0
1421442314319846624	CPU_4	52.32	0	37.20	0	8.13	1.16	1.16	0	0	0
1421442315172274510	CPU_4	55.68	0	36.36	0	6.81	1.13	0	0	0	0
1421442316015518745	CPU_4	60.00	0	32.50	0	7.50	0	0	0	0	0
1421442316852159200	CPU_4	50.56	0	39.32	0	7.86	1.12	1.12	0	0	0
1421442317713302195	CPU_4	57.47	0	35.63	0	6.89	0	0	0	0	0
1421442318555893555	CPU_4	55.68	0	31.81	0	11.36	1.13	0	0	0	0
1421442319406518443	CPU_4	51.80	0	38.55	0	7.22	1.20	1.20	0	0	0
1421442320262469863	CPU_4	61.79	0	31.46	0	6.74	0	0	0	0	0
1421442321111197461	CPU_4	55.29	0	35.29	0	8.23	1.17	0	0	0	0
1421442321964158594	CPU_4	56.81	0	34.09	0	6.81	1.13	1.13	0	0	0
1421442322810922695	CPU_4	61.17	0	31.76	0	7.05	0	0	0	0	0
1421442323676028223	CPU_4	51.19	0	35.71	0	11.90	1.19	0	0	0	0
1421442324521708575	CPU_4	47.67	0	40.69	1.16	8.13	1.16	1.16	0	0	0
1421442325380086405	CPU_4	54.87	0	37.80	0	7.31	0	0	0	0	0
1421442326242627769	CPU_4	52.22	0	38.88	0	7.77	1.11	0	0	0	0
1421442327095378108	CPU_4	54.11	0	37.64	0	7.05	0	1.17	0	0	0
1421442327953205022	CPU_4	54.02	0	37.93	0	6.89	1.14	0	0	0	0
1421442328815318927	CPU_4	60.00	0	31.11	0	7.77	1.11	0	0	0	0
1421442329671734342	CPU_4	58.42	0	33.70	0	6.74	0	1.12	0	0	0
1421442330516770152	CPU_4	64.44	0	26.66	0	7.77	1.11	0	0	0	0
1421442331360226589	CPU_4	55.17	0	36.78	0	6.89	1.14	0	0	0	0
1421442332207808810	CPU_4	57.30	0	33.70	0	7.86	0	1.12	0	0	0
1421442333061475895	CPU_4	51.16	0	40.69	0	6.97	1.16	0	0	0	0
1421442333897596385	CPU_4	53.40	0	37.50	0	7.95	1.13	0	0	0	0
1421442334754592089	CPU_4	50.00	0	33.72	0	15.11	0	1.16	0	0	0
1421442335614304996	CPU_4	51.13	0	40.90	0	6.81	1.13	0	0	0	0
1421442336468986911	CPU_4	69.76	0	27.90	0	2.32	0	0	0	0	0
1421442337308910768	CPU_4	89.28	0	9.52	0	0	1.19	0	0	0	0
1421442338153922575	CPU_4	90.58	0	8.23	0	0	0	1.17	0	0	0
1421442338988904857	CPU_4	92.85	0	5.95	0	0	1.19	0	0	0	0
1421442339828945963	CPU_4	93.97	0	6.02	0	0	0	0	0	0	0
1421442340674041019	CPU_4	91.76	0	7.05	0	0	1.17	0	0	0	0
1421442341508938592	CPU_4	91.56	0	7.22	0	0	0	1.20	0	0	0
1421442342348958947	CPU_4	91.76	0	7.05	0	0	1.17	0	0	0	0
1421442343183972394	CPU_4	95.12	0	4.87	0	0	0	0	0	0	0
1421442344039036514	CPU_4	91.86	0	6.97	0	0	1.16	0	0	0	0
1421442344883952193	CPU_4	91.76	0	7.05	0	0	0	1.17	0	0	0
1421442345718972264	CPU_4	91.66	0	7.14	0	0	1.19	0	0	0	0
1421442346563954442	CPU_4	92.77	0	7.22	0	0	0	0	0	0	0
1421442347403908004	CPU_4	87.05	0	11.76	0	0	1.17	0	0	0	0
1421442348243938148	CPU_4	91.66	0	7.14	0	0	0	1.19	0	0	0
1421442349093868775	CPU_4	91.76	0	7.05	0	0	1.17	0	0	0	0
1421442349933962252	CPU_4	92.77	0	7.22	0	0	0	0	0	0	0
1421442350778892679	CPU_4	91.76	0	7.05	0	0	1.17	0	0	0	0
1421442351618938864	CPU_4	90.47	0	8.33	0	0	0	1.19	0	0	0
1421442352458925257	CPU_4	92.85	0	7.14	0	0	0	0	0	0	0
1421442353308955882	CPU_4	92.94	0	5.88	0	0	1.17	0	0	0	0
1421442354158898631	CPU_4	92.94	0	7.05	0	0	0	0	0	0	0
1421442354998977190	CPU_4	91.76	0	5.88	0	0	1.17	1.17	0	0	0
1421442355848910522	CPU_4	92.94	0	7.05	0	0	0	0	0	0	0
1421442356683992339	CPU_4	90.47	0	8.33	0	0	1.19	0	0	0	0
1421442357523945396	CPU_4	92.77	0	7.22	0	0	0	0	0	0	0
1421442358368933820	CPU_4	91.76	0	7.05	0	0	1.17	0	0	0	0
1421442359208964210	CPU_4	91.66	0	7.14	0	0	0	1.19	0	0	0
1421442360058979499	CPU_4	91.76	0	7.05	0	0	1.17	0	0	0	0
1421442360898984347	CPU_4	93.97	0	6.02	0	0	0	0	0	0	0
1421442361758969201	CPU_4	91.95	0	6.89	0	0	1.14	0	0	0	0
1421442362598978881	CPU_4	92.85	0	5.95	0	0	0	1.19	0	0	0
1421442363433935404	CPU_4	93.97	0	4.81	0	0	1.20	0	0	0	0
1421442364278935200	CPU_4	94.04	0	5.95	0	0	0	0	0	0	0
1421442365123939037	CPU_4	92.94	0	7.05	0	0	0	0	0	0	0
1421442365958956683	CPU_4	92.85	0	4.76	0	0	1.19	1.19	0	0	0
1421442366798936029	CPU_4	93.97	0	6.02	0	0	0	0	0	0	0
1421442367638991415	CPU_4	92.94	0	5.88	0	0	1.17	0	0	0	0
1421442368478911969	CPU_4	93.97	0	6.02	0	0	0	0	0	0	0
1421442369318964438	CPU_4	91.76	0	5.88	0	0	1.17	1.17	0	0	0
1421442370158954657	CPU_4	92.85	0	7.14	0	0	0	0	0	0	0
1421442371003982242	CPU_4	92.85	0	5.95	0	0	1.19	0	0	0	0
1421442371848937119	CPU_4	95.23	0	4.76	0	0	0	0	0	0	0
1421442372698961069	CPU_4	90.69	0	6.97	0	0	1.16	1.16	0	0	0
1421442373543934778	CPU_4	94.04	0	5.95	0	0	0	0	0	0	0
1421442374383940329	CPU_4	91.66	0	7.14	0	0	1.19	0	0	0	0
1421442375233919487	CPU_4	95.29	0	4.70	0	0	0	0	0	0	0
1421442376074049162	CPU_4	88.09	0	10.71	0	0	0	1.19	0	0	0
1421442376918966494	CPU_4	92.94	0	5.88	0	0	1.17	0	0	0	0
1421442377758935377	CPU_4	92.77	0	7.22	0	0	0	0	0	0	0
1421442378594033935	CPU_4	94.04	0	4.76	0	0	1.19	0	0	0	0
1421442379433934776	CPU_4	91.66	0	7.14	0	0	0	1.19	0	0	0
1421442380278889774	CPU_4	92.94	0	5.88	0	0	1.17	0	0	0	0
1421442381118925905	CPU_4	92.77	0	7.22	0	0	0	0	0	0	0
1421442381963932652	CPU_4	92.94	0	5.88	0	0	1.17	0	0	0	0
1421442382798962375	CPU_4	93.97	0	6.02	0	0	0	0	0	0	0
1421442383643972163	CPU_4	93.02	0	4.65	0	0	1.16	1.16	0	0	0
1421442384493988026	CPU_4	92.85	0	7.14	0	0	0	0	0	0	0
1421442385333914572	CPU_4	94.04	0	4.76	0	0	1.19	0	0	0	0
1421442386173958243	CPU_4	95.18	0	4.81	0	0	0	0	0	0	0
1421442387023916855	CPU_4	91.95	0	5.74	0	0	1.14	1.14	0	0	0
1421442387858901909	CPU_4	93.90	0	6.09	0	0	0	0	0	0	0
1421442388708971978	CPU_4	91.76	0	7.05	0	0	1.17	0	0	0	0
1421442389543956323	CPU_4	94.04	0	5.95	0	0	0	0	0	0	0
1421442390388999109	CPU_4	95.23	0	3.57	0	0	0	1.19	0	0	0
1421442391233984936	CPU_4	91.86	0	6.97	0	0	1.16	0	0	0	0
1421442392068916363	CPU_4	93.90	0	6.09	0	0	0	0	0	0	0
1421442392908973240	CPU_4	91.76	0	7.05	0	0	1.17	0	0	0	0
1421442393748975116	CPU_4	93.97	0	4.81	0	0	0	1.20	0	0	0
1421442394571194483	CPU_4	19.51	0	74.39	0	4.87	1.21	0	0	0	0
1421442395395403262	CPU_4	11.90	0	75.00	0	10.71	1.19	1.19	0	0	0
1421442396214204342	CPU_4	10.25	0	78.20	0	10.25	0	1.28	0	0	0
1421442397038216829	CPU_4	13.58	0	75.30	0	9.87	1.23	0	0	0	0
1421442397856621200	CPU_4	7.40	0	80.24	0	9.87	1.23	1.23	0	0	0
1421442398674762822	CPU_4	10.97	0	82.92	0	4.87	0	1.21	0	0	0
1421442399493681775	CPU_4	6.17	0	45.67	0	46.91	1.23	0	0	0	0
1421442400154747469	CPU_4	4.68	0	23.43	0	71.87	0	0	0	0	0
1421442400821243736	CPU_4	12.85	0	65.71	0	18.57	1.42	1.42	0	0	0
1421442401640260230	CPU_4	13.92	0	74.68	0	10.12	1.26	0	0	0	0
1421442402454478858	CPU_4	9.75	0	85.36	0	3.65	0	1.21	0	0	0
1421442403206220680	CPU_4	14.47	0	78.94	0	3.94	1.31	1.31	0	0	0
1421442403984620246	CPU_4	8.00	0	81.33	0	9.33	1.33	0	0	0	0
1421442404807033399	CPU_4	13.25	0	75.90	0	9.63	0	1.20	0	0	0
1421442405626394808	CPU_4	12.19	0	74.39	0	10.97	1.21	1.21	0	0	0
1421442406459599441	CPU_4	16.25	0	77.50	0	5.00	1.25	0	0	0	0
1421442407245984575	CPU_4	11.84	0	82.89	0	3.94	0	1.31	0	0	0
1421442407995003609	CPU_4	15.06	0	71.23	0	12.32	1.36	0	0	0	0
1421442408814562933	CPU_4	10.97	0	82.92	0	3.65	1.21	1.21	0	0	0
1421442409620477905	CPU_4	17.50	0	76.25	1.25	3.75	0	1.25	0	0	0
1421442410448501672	CPU_4	10.25	0	79.48	0	8.97	1.28	0	0	0	0
1421442411238279173	CPU_4	18.75	0	75.00	0	3.75	1.25	1.25	0	0	0
1421442412021164103	CPU_4	9.09	0	84.41	0	5.19	0	1.29	0	0	0
1421442412809200148	CPU_4	10.25	0	79.48	0	8.97	1.28	0	0	0	0
1421442413635590541	CPU_4	15.85	0	71.95	0	9.75	1.21	1.21	0	0	0
1421442414417644221	CPU_4	14.28	0	74.02	0	10.38	0	1.29	0	0	0
1421442415234151590	CPU_4	15.00	0	70.00	0	13.75	1.25	0	0	0	0
1421442416028940830	CPU_4	17.10	0	75.00	0	5.26	1.31	1.31	0	0	0
1421442416826718065	CPU_4	14.81	0	79.01	0	4.93	0	1.23	0	0	0
1421442417604302877	CPU_4	15.27	0	72.22	0	11.11	1.38	0	0	0	0
1421442418432022849	CPU_4	10.84	0	75.90	0	10.84	1.20	1.20	0	0	0
1421442419260697361	CPU_4	14.45	0	75.90	0	8.43	0	1.20	0	0	0
1421442420018117292	CPU_4	10.81	0	82.43	0	5.40	1.35	0	0	0	0
1421442420840886730	CPU_4	10.97	0	74.39	0	12.19	1.21	1.21	0	0	0
1421442421664161876	CPU_4	12.65	0	82.27	0	3.79	0	1.26	0	0	0
1421442422495754214	CPU_4	14.10	0	74.35	0	10.25	1.28	0	0	0	0
1421442423320689898	CPU_4	16.66	0	66.66	0	14.28	1.19	1.19	0	0	0
1421442424145718081	CPU_4	12.19	0	75.60	1.21	9.75	1.21	0	0	0	0
1421442424974095382	CPU_4	18.75	0	76.25	0	3.75	0	1.25	0	0	0
1421442425798669065	CPU_4	14.45	0	72.28	0	10.84	1.20	1.20	0	0	0
1421442426617994716	CPU_4	8.75	0	78.75	0	11.25	1.25	0	0	0	0
1421442427437514658	CPU_4	12.50	0	80.00	0	6.25	0	1.25	0	0	0
1421442428264051253	CPU_4	15.47	0	71.42	0	10.71	1.19	1.19	0	0	0
1421442429082312405	CPU_4	13.75	0	82.50	0	2.50	1.25	0	0	0	0
1421442429869011196	CPU_4	12.82	0	80.76	0	5.12	0	1.28	0	0	0
1421442430608505156	CPU_4	18.05	0	75.00	0	4.16	1.38	1.38	0	0	0
1421442431379440016	CPU_4	11.68	0	81.81	0	5.19	1.29	0	0	0	0
1421442432202874366	CPU_4	15.00	0	75.00	0	8.75	0	1.25	0	0	0
1421442433028199962	CPU_4	8.75	0	78.75	0	10.00	1.25	1.25	0	0	0
1421442433806470892	CPU_4	11.39	0	79.74	0	7.59	1.26	0	0	0	0
1421442434560208866	CPU_4	13.33	0	81.33	0	4.00	0	1.33	0	0	0
1421442435321205952	CPU_4	12.98	0	72.72	0	12.98	1.29	0	0	0	0
1421442436146488213	CPU_4	11.25	0	83.75	0	2.50	1.25	1.25	0	0	0
1421442436980595750	CPU_4	12.19	0	75.60	0	10.97	0	1.21	0	0	0
1421442437808152673	CPU_4	11.25	0	78.75	0	7.50	1.25	1.25	0	0	0
1421442438556800613	CPU_4	12.32	0	80.82	0	5.47	1.36	0	0	0	0
1421442439345346981	CPU_4	15.18	0	81.01	0	2.53	0	1.26	0	0	0
1421442440110465516	CPU_4	13.69	0	72.60	0	12.32	1.36	0	0	0	0
1421442440923138090	CPU_4	17.50	0	71.25	0	8.75	1.25	1.25	0	0	0
1421442441739813531	CPU_4	12.00	0	82.66	0	4.00	0	1.33	0	0	0
1421442442565358664	CPU_4	13.25	0	77.10	0	8.43	1.20	0	0	0	0
1421442443385169432	CPU_4	14.28	0	69.04	0	14.28	1.19	1.19	0	0	0
1421442444207243863	CPU_4	8.53	0	76.82	1.21	12.19	0	1.21	0	0	0
1421442445039774399	CPU_4	8.75	0	82.50	0	7.50	1.25	0	0	0	0
1421442445820255654	CPU_4	15.00	0	76.25	0	6.25	1.25	1.25	0	0	0
1421442446629872773	CPU_4	10.12	0	83.54	0	5.06	0	1.26	0	0	0
1421442447455750237	CPU_4	7.50	0	81.25	0	10.00	1.25	0	0	0	0
1421442448235180910	CPU_4	6.57	0	78.94	0	11.84	1.31	1.31	0	0	0
1421442449058236004	CPU_4	9.87	0	80.24	0	8.64	0	1.23	0	0	0
1421442449875210275	CPU_4	15.78	0	78.94	0	3.94	1.31	0	0	0	0
1421442450705460938	CPU_4	16.04	0	65.43	0	16.04	1.23	1.23	0	0	0
1421442451522731208	CPU_4	11.39	0	79.74	0	8.86	0	0	0	0	0
1421442452342898430	CPU_4	13.92	0	79.74	0	3.79	1.26	1.26	0	0	0
1421442453168022310	CPU_4	12.19	0	78.04	0	7.31	1.21	1.21	0	0	0
1421442453981693711	CPU_4	13.58	0	74.07	0	11.11	1.23	0	0	0	0
1421442454807383505	CPU_4	6.09	0	81.70	0	10.97	0	1.21	0	0	0
1421442455635193713	CPU_4	13.09	0	73.80	0	10.71	1.19	1.19	0	0	0
1421442456466147539	CPU_4	11.39	0	82.27	0	3.79	1.26	1.26	0	0	0
1421442457233371314	CPU_4	14.86	0	79.72	0	5.40	0	0	0	0	0
1421442458019684430	CPU_4	13.75	0	73.75	0	10.00	1.25	1.25	0	0	0
1421442458844634474	CPU_4	14.10	0	76.92	0	7.69	1.28	0	0	0	0
1421442459667194815	CPU_4	15.18	0	75.94	0	7.59	0	1.26	0	0	0
1421442460488506574	CPU_4	12.94	0	74.11	0	10.58	1.17	1.17	0	0	0
1421442461304960466	CPU_4	14.10	0	80.76	0	3.84	1.28	0	0	0	0
1421442462085547299	CPU_4	11.11	0	77.77	0	9.72	0	1.38	0	0	0
1421442462915257000	CPU_4	13.25	0	72.28	0	12.04	1.20	1.20	0	0	0
1421442463739501044	CPU_4	14.28	0	73.80	0	10.71	1.19	0	0	0	0
1421442464559701178	CPU_4	13.41	0	75.60	0	9.75	0	1.21	0	0	0
1421442465385303219	CPU_4	10.00	0	76.25	0	11.25	1.25	1.25	0	0	0
1421442466201960901	CPU_4	15.00	0	76.25	0	7.50	1.25	0	0	0	0
1421442467013654925	CPU_4	12.34	0	79.01	0	7.40	0	1.23	0	0	0
1421442467830929522	CPU_4	13.92	0	73.41	0	10.12	1.26	1.26	0	0	0
1421442468594614383	CPU_4	12.00	0	80.00	0	6.66	1.33	0	0	0	0
1421442469366036771	CPU_4	12.00	0	81.33	1.33	4.00	0	1.33	0	0	0
1421442470170435140	CPU_4	10.84	0	71.08	0	13.25	4.81	0	0	0	0
1421442471000308547	CPU_4	16.86	0	78.31	0	3.61	0	1.20	0	0	0
1421442471817066601	CPU_4	15.00	0	73.75	0	10.00	0	1.25	0	0	0
1421442472631379785	CPU_4	11.68	0	81.81	0	6.49	0	0	0	0	0
1421442473399373636	CPU_4	17.94	0	70.51	0	10.25	0	1.28	0	0	0
1421442474224096050	CPU_4	13.58	0	77.77	0	6.17	1.23	1.23	0	0	0
1421442475047683216	CPU_4	8.97	0	87.17	0	3.84	0	0	0	0	0
1421442475815324442	CPU_4	11.68	0	74.02	0	11.68	1.29	1.29	0	0	0
1421442476630423290	CPU_4	16.66	0	76.92	0	3.84	1.28	1.28	0	0	0
1421442477453510372	CPU_4	11.25	0	81.25	0	7.50	0	0	0	0	0
1421442478278476785	CPU_4	18.29	0	60.97	0	18.29	1.21	1.21	0	0	0
1421442479094327505	CPU_4	17.28	0	69.13	0	11.11	1.23	1.23	0	0	0
1421442479930372355	CPU_4	16.04	0	76.54	0	7.40	0	0	0	0	0
1421442480685205227	CPU_4	18.91	0	72.97	0	5.40	1.35	1.35	0	0	0
1421442481510511304	CPU_4	18.75	0	76.25	0	2.50	1.25	1.25	0	0	0
1421442482334430300	CPU_4	10.58	0	76.47	0	10.58	2.35	0	0	0	0
1421442483165619283	CPU_4	12.04	0	75.90	0	10.84	0	1.20	0	0	0
1421442483987366449	CPU_4	13.41	0	80.48	0	4.87	0	1.21	0	0	0
1421442484775514176	CPU_4	11.39	0	79.74	0	8.86	0	0	0	0	0
1421442485595330844	CPU_4	12.50	0	80.00	0	5.00	1.25	1.25	0	0	0
1421442486424963787	CPU_4	14.81	0	77.77	0	4.93	1.23	1.23	0	0	0
1421442487220485208	CPU_4	12.98	0	79.22	0	7.79	0	0	0	0	0
1421442488016209211	CPU_4	9.09	0	76.62	0	11.68	1.29	1.29	0	0	0
1421442488830125140	CPU_4	13.41	0	76.82	0	8.53	1.21	0	0	0	0
1421442489650064223	CPU_4	12.50	0	76.25	0	10.00	0	1.25	0	0	0
1421442490471214763	CPU_4	17.28	0	69.13	0	11.11	1.23	1.23	0	0	0
1421442491300214663	CPU_4	10.71	0	83.33	0	3.57	1.19	1.19	0	0	0
1421442492085667267	CPU_4	10.52	0	85.52	0	2.63	1.31	0	0	0	0
1421442492833654523	CPU_4	12.32	0	73.97	0	12.32	0	1.36	0	0	0
1421442493654913519	CPU_4	10.71	0	78.57	0	9.52	1.19	0	0	0	0
1421442494474410894	CPU_4	12.65	0	81.01	0	3.79	1.26	1.26	0	0	0
1421442495287500571	CPU_4	12.65	0	74.68	0	11.39	0	1.26	0	0	0
1421442496090315059	CPU_4	15.00	0	78.75	0	5.00	1.25	0	0	0	0
1421442496903576152	CPU_4	14.45	0	74.69	0	8.43	1.20	1.20	0	0	0
1421442497715640206	CPU_4	7.69	0	82.05	0	8.97	0	1.28	0	0	0
1421442498518256235	CPU_4	11.84	0	78.94	0	7.89	1.31	0	0	0	0
1421442499262700495	CPU_4	7.89	0	82.89	1.31	5.26	1.31	1.31	0	0	0
1421442500089719562	CPU_4	9.87	0	72.83	0	17.28	0	0	0	0	0
1421442500910866722	CPU_4	15.85	0	78.04	0	3.65	1.21	1.21	0	0	0
1421442501744767942	CPU_4	11.90	0	78.57	0	7.14	1.19	1.19	0	0	0
1421442502571421926	CPU_4	9.09	0	79.22	0	11.68	0	0	0	0	0
1421442503318797221	CPU_4	14.66	0	78.66	0	4.00	1.33	1.33	0	0	0
1421442504137507426	CPU_4	45.67	0	50.61	0	2.46	0	1.23	0	0	0
1421442504987712699	CPU_4	72.61	0	22.61	0	3.57	1.19	0	0	0	0
1421442505835261142	CPU_4	69.76	0	24.41	0	3.48	1.16	1.16	0	0	0
1421442506672759979	CPU_4	67.07	0	31.70	0	1.21	0	0	0	0	0
1421442507513556351	CPU_4	71.26	0	20.68	0	5.74	1.14	1.14	0	0	0
1421442508363989955	CPU_4	69.87	0	24.09	0	6.02	0	0	0	0	0
1421442509217826969	CPU_4	69.41	0	28.23	0	0	1.17	1.17	0	0	0
1421442510072675564	CPU_4	75.00	0	25.00	0	0	0	0	0	0	0
1421442510924014457	CPU_4	61.79	0	30.33	0	5.61	1.12	1.12	0	0	0
1421442511765345993	CPU_4	75.60	0	24.39	0	0	0	0	0	0	0
1421442512614159098	CPU_4	72.41	0	25.28	0	0	1.14	1.14	0	0	0
1421442513487806324	CPU_4	70.58	0	27.05	0	1.17	1.17	0	0	0	0
1421442514323133329	CPU_4	70.93	0	26.74	0	1.16	0	1.16	0	0	0
1421442515168312940	CPU_4	71.08	0	27.71	0	0	1.20	0	0	0	0
1421442516028744356	CPU_4	75.29	0	22.35	0	1.17	0	1.17	0	0	0
1421442516872759051	CPU_4	74.41	0	24.41	0	0	1.16	0	0	0	0
1421442517718217369	CPU_4	67.05	0	25.88	0	5.88	0	1.17	0	0	0
1421442518572829420	CPU_4	63.09	0	28.57	0	7.14	1.19	0	0	0	0
1421442519413421288	CPU_4	68.60	0	30.23	0	0	0	1.16	0	0	0
1421442520264065762	CPU_4	71.42	0	27.38	0	0	1.19	0	0	0	0
1421442521109068704	CPU_4	80.00	0	18.82	0	0	0	1.17	0	0	0
1421442521954056271	CPU_4	66.26	0	32.53	0	0	1.20	0	0	0	0
1421442522791360352	CPU_4	67.05	0	29.41	0	1.17	1.17	1.17	0	0	0
1421442523637323500	CPU_4	69.87	0	28.91	0	1.20	0	0	0	0	0
1421442524360716373	CPU_4	18.66	0	36.00	1.33	41.33	1.33	1.33	0	0	0
1421442525056059257	CPU_4	18.05	0	37.50	0	43.05	1.38	0	0	0	0
1421442525769719440	CPU_4	21.21	0	31.81	0	46.96	0	0	0	0	0
1421442526499483843	CPU_4	15.06	0	38.35	0	45.20	1.36	0	0	0	0
1421442527218086891	CPU_4	15.27	0	34.72	0	47.22	1.38	1.38	0	0	0
1421442527942937761	CPU_4	11.59	0	42.02	0	46.37	0	0	0	0	0
1421442528663035139	CPU_4	17.10	0	40.78	0	40.78	1.31	0	0	0	0
1421442529349861621	CPU_4	11.94	0	40.29	0	46.26	1.49	0	0	0	0
1421442530081653060	CPU_4	15.78	0	42.10	0	40.78	0	1.31	0	0	0
1421442530796518448	CPU_4	19.44	0	33.33	0	45.83	1.38	0	0	0	0
1421442531512112917	CPU_4	9.72	0	40.27	0	48.61	1.38	0	0	0	0
1421442532260512367	CPU_4	19.73	0	38.15	0	40.78	0	1.31	0	0	0
1421442532955058583	CPU_4	12.50	0	43.05	0	43.05	1.38	0	0	0	0
1421442533681869530	CPU_4	15.06	0	39.72	0	43.83	1.36	0	0	0	0
1421442534375132915	CPU_4	12.85	0	42.85	0	44.28	0	0	0	0	0
1421442535094262460	CPU_4	14.66	0	40.00	0	42.66	1.33	1.33	0	0	0
1421442535815409959	CPU_4	19.17	0	34.24	0	45.20	1.36	0	0	0	0
1421442536530514010	CPU_4	11.68	0	37.66	0	44.15	6.49	0	0	0	0
1421442537258616330	CPU_4	15.27	0	41.66	0	43.05	0	0	0	0	0
1421442537978432330	CPU_4	20.83	0	31.94	0	45.83	0	1.38	0	0	0
1421442538695260587	CPU_4	15.27	0	41.66	0	43.05	0	0	0	0	0
1421442539411346135	CPU_4	22.53	0	32.39	1.40	43.66	0	0	0	0	0
1421442540132156509	CPU_4	12.16	0	44.59	0	43.24	0	0	0	0	0
1421442540855311169	CPU_4	12.16	0	44.59	0	41.89	0	1.35	0	0	0
1421442541563966440	CPU_4	13.69	0	43.83	0	42.46	0	0	0	0	0
1421442542264789016	CPU_4	13.43	0	38.80	0	46.26	1.49	0	0	0	0
1421442542967908629	CPU_4	17.64	0	35.29	0	45.58	1.47	0	0	0	0
1421442543686516339	CPU_4	12.16	0	41.89	0	43.24	1.35	1.35	0	0	0
1421442544411091329	CPU_4	16.43	0	38.35	0	45.20	0	0	0	0	0
1421442545127336292	CPU_4	15.94	0	37.68	0	44.92	1.44	0	0	0	0
1421442545847459332	CPU_4	13.15	0	44.73	0	40.78	1.31	0	0	0	0
1421442546543391166	CPU_4	16.90	0	36.61	0	45.07	0	1.40	0	0	0
1421442547262577831	CPU_4	9.72	0	43.05	0	45.83	1.38	0	0	0	0
1421442547992306519	CPU_4	13.88	0	40.27	0	44.44	1.38	0	0	0	0
1421442548706736234	CPU_4	9.45	0	48.64	0	41.89	0	0	0	0	0
1421442549401846402	CPU_4	14.28	0	38.57	0	44.28	1.42	1.42	0	0	0
1421442550126625723	CPU_4	17.56	0	37.83	0	43.24	1.35	0	0	0	0
1421442550847491968	CPU_4	22.53	0	32.39	0	45.07	0	0	0	0	0
1421442551572429080	CPU_4	18.91	0	33.78	0	45.94	1.35	0	0	0	0
1421442552290479413	CPU_4	16.66	0	37.50	0	43.05	1.38	1.38	0	0	0
1421442552974611308	CPU_4	17.64	0	36.76	0	45.58	0	0	0	0	0
1421442553697647006	CPU_4	15.71	0	40.00	0	42.85	1.42	0	0	0	0
1421442554384910687	CPU_4	14.49	0	36.23	1.44	46.37	1.44	0	0	0	0
1421442555109036049	CPU_4	16.90	0	38.02	0	43.66	0	1.40	0	0	0
1421442555828332879	CPU_4	15.27	0	37.50	0	45.83	1.38	0	0	0	0
1421442556547456375	CPU_4	13.33	0	40.00	0	45.33	1.33	0	0	0	0
1421442557267582994	CPU_4	13.51	0	40.54	0	43.24	1.35	1.35	0	0	0
1421442557988143070	CPU_4	19.48	0	38.96	0	41.55	0	0	0	0	0
1421442558711538099	CPU_4	14.86	0	39.18	0	44.59	1.35	0	0	0	0
1421442559432974006	CPU_4	15.27	0	38.88	0	44.44	1.38	0	0	0	0
1421442560149360715	CPU_4	15.27	0	38.88	0	44.44	0	1.38	0	0	0
1421442560876892652	CPU_4	18.05	0	37.50	0	43.05	1.38	0	0	0	0
1421442561562374251	CPU_4	14.08	0	40.84	0	43.66	1.40	0	0	0	0
1421442562246682185	CPU_4	15.49	0	39.43	0	45.07	0	0	0	0	0
1421442562974876745	CPU_4	10.81	0	41.89	0	44.59	1.35	1.35	0	0	0
1421442563690071830	CPU_4	14.66	0	40.00	0	44.00	1.33	0	0	0	0
1421442564419426637	CPU_4	21.12	0	35.21	0	43.66	0	0	0	0	0
1421442565138560839	CPU_4	13.88	0	41.66	0	43.05	1.38	0	0	0	0
1421442565851564385	CPU_4	16.43	0	36.98	0	43.83	1.36	1.36	0	0	0
1421442566543222304	CPU_4	17.14	0	37.14	0	45.71	0	0	0	0	0
1421442567263681586	CPU_4	6.84	0	46.57	0	45.20	1.36	0	0	0	0
1421442567983935368	CPU_4	17.33	0	40.00	0	41.33	1.33	0	0	0	0
1421442568683624312	CPU_4	10.14	0	40.57	0	47.82	0	1.44	0	0	0
1421442569403374761	CPU_4	13.69	0	41.09	0	43.83	1.36	0	0	0	0
1421442570131950694	CPU_4	12.67	0	38.02	0	47.88	1.40	0	0	0	0
1421442570848723565	CPU_4	16.43	0	36.98	0	45.20	1.36	0	0	0	0
1421442571580355616	CPU_4	14.66	0	40.00	0	44.00	0	1.33	0	0	0
1421442572292768286	CPU_4	15.49	0	39.43	0	43.66	1.40	0	0	0	0
1421442573012472775	CPU_4	17.64	0	32.35	0	48.52	1.47	0	0	0	0
1421442573738828711	CPU_4	17.91	0	34.32	0	47.76	0	0	0	0	0
1421442574455343456	CPU_4	19.17	0	34.24	0	43.83	1.36	1.36	0	0	0
1421442575181897182	CPU_4	20.54	0	35.61	0	42.46	1.36	0	0	0	0
1421442575902653752	CPU_4	9.72	0	44.44	0	45.83	0	0	0	0	0
1421442576634606509	CPU_4	8.97	0	41.02	0	43.58	6.41	0	0	0	0
1421442577349507881	CPU_4	14.86	0	41.89	0	41.89	0	1.35	0	0	0
1421442578068226413	CPU_4	16.90	0	36.61	0	46.47	0	0	0	0	0
1421442578795390761	CPU_4	11.11	0	43.05	0	45.83	0	0	0	0	0
1421442579510312508	CPU_4	13.51	0	37.83	1.35	45.94	0	1.35	0	0	0
1421442580235843651	CPU_4	13.33	0	42.66	0	44.00	0	0	0	0	0
1421442580955861387	CPU_4	19.44	0	36.11	0	44.44	0	0	0	0	0
1421442581673418878	CPU_4	13.69	0	42.46	0	42.46	1.36	0	0	0	0
1421442582370861614	CPU_4	21.12	0	32.39	0	43.66	1.40	1.40	0	0	0
1421442583089314603	CPU_4	11.11	0	38.88	0	50.00	0	0	0	0	0
1421442583814473787	CPU_4	18.66	0	38.66	0	41.33	1.33	0	0	0	0
1421442584502459833	CPU_4	10.00	0	44.28	0	44.28	1.42	0	0	0	0
1421442585220679154	CPU_4	15.38	0	43.58	0	39.74	0	1.28	0	0	0
1421442585950242871	CPU_4	9.21	0	46.05	0	43.42	1.31	0	0	0	0
1421442586668141276	CPU_4	17.80	0	38.35	0	42.46	1.36	0	0	0	0
1421442587396061329	CPU_4	15.06	0	35.61	0	49.31	0	0	0	0	0
1421442588115882564	CPU_4	16.43	0	38.35	0	42.46	1.36	1.36	0	0	0
1421442588816423376	CPU_4	13.51	0	43.24	0	41.89	1.35	0	0	0	0
1421442589542845264	CPU_4	15.94	0	39.13	0	44.92	0	0	0	0	0
1421442590235626590	CPU_4	15.94	0	37.68	0	44.92	1.44	0	0	0	0
1421442590945164218	CPU_4	14.86	0	40.54	0	41.89	1.35	1.35	0	0	0
1421442591674058309	CPU_4	16.66	0	36.11	0	47.22	0	0	0	0	0
1421442592390158049	CPU_4	8.33	0	44.44	0	45.83	1.38	0	0	0	0
1421442593119351348	CPU_4	19.71	0	32.39	0	46.47	1.40	0	0	0	0
1421442593837691833	CPU_4	20.27	0	32.43	0	44.59	1.35	1.35	0	0	0
1421442594567972213	CPU_4	13.69	0	41.09	1.36	43.83	0	0	0	0	0
1421442595286095114	CPU_4	13.51	0	41.89	0	43.24	1.35	0	0	0	0
1421442596007357344	CPU_4	8.21	0	49.31	0	41.09	1.36	0	0	0	0
1421442596733581605	CPU_4	16.00	0	38.66	0	44.00	0	1.33	0	0	0
1421442597448873053	CPU_4	21.33	0	36.00	0	41.33	1.33	0	0	0	0
1421442598138549924	CPU_4	16.90	0	38.02	0	43.66	1.40	0	0	0	0
1421442598828130879	CPU_4	11.26	0	45.07	0	43.66	0	0	0	0	0
1421442599549200441	CPU_4	15.06	0	38.35	0	43.83	1.36	1.36	0	0	0
1421442600277961238	CPU_4	19.17	0	35.61	0	43.83	1.36	0	0	0	0
1421442600995384847	CPU_4	11.42	0	41.42	0	47.14	0	0	0	0	0
1421442601716063867	CPU_4	14.86	0	41.89	0	41.89	1.35	0	0	0	0
1421442602405364821	CPU_4	11.42	0	41.42	0	44.28	1.42	1.42	0	0	0
1421442603127209755	CPU_4	19.44	0	34.72	0	44.44	1.38	0	0	0	0
1421442603855220011	CPU_4	13.33	0	45.33	0	41.33	0	0	0	0	0
1421442604575423364	CPU_4	17.39	0	33.33	0	47.82	1.44	0	0	0	0
1421442605287180567	CPU_4	13.51	0	41.89	0	41.89	1.35	1.35	0	0	0
1421442606001876263	CPU_4	14.49	0	40.57	0	44.92	0	0	0	0	0
1421442606697293371	CPU_4	14.70	0	38.23	0	45.58	1.47	0	0	0	0
1421442607427091872	CPU_4	14.28	0	37.66	0	45.45	1.29	1.29	0	0	0
1421442608139929613	CPU_4	15.49	0	38.02	0	46.47	0	0	0	0	0
1421442608856313473	CPU_4	15.49	0	40.84	0	42.25	1.40	0	0	0	0
1421442609577057448	CPU_4	15.49	0	38.02	0	45.07	1.40	0	0	0	0
1421442610283195451	CPU_4	16.43	0	39.72	0	42.46	0	1.36	0	0	0
1421442611012715785	CPU_4	15.06	0	41.09	0	42.46	1.36	0	0	0	0
1421442611731992638	CPU_4	9.58	0	43.83	0	45.20	1.36	0	0	0	0
1421442612453643319	CPU_4	14.28	0	37.14	0	48.57	0	0	0	0	0
1421442613178892744	CPU_4	11.11	0	40.27	0	45.83	1.38	1.38	0	0	0
1421442613901352423	CPU_4	19.17	0	36.98	0	42.46	1.36	0	0	0	0
1421442614607144926	CPU_4	13.04	0	40.57	0	44.92	1.44	0	0	0	0
1421442615326720360	CPU_4	17.80	0	36.98	0	45.20	0	0	0	0	0
1421442616046967793	CPU_4	13.88	0	40.27	0	43.05	1.38	1.38	0	0	0
1421442616768437932	CPU_4	12.67	0	39.43	0	46.47	1.40	0	0	0	0
1421442617481942127	CPU_4	15.71	0	38.57	0	45.71	0	0	0	0	0
1421442618201656102	CPU_4	11.84	0	46.05	0	40.78	1.31	0	0	0	0
1421442618920235954	CPU_4	12.50	0	38.88	0	45.83	1.38	1.38	0	0	0
1421442619647411747	CPU_4	16.66	0	36.11	1.38	45.83	0	0	0	0	0
1421442620364833809	CPU_4	12.16	0	44.59	0	41.89	1.35	0	0	0	0
1421442621083694785	CPU_4	17.14	0	35.71	0	45.71	1.42	0	0	0	0
1421442621802968176	CPU_4	9.85	0	43.66	0	45.07	0	1.40	0	0	0
1421442622502697146	CPU_4	12.16	0	44.59	0	41.89	1.35	0	0	0	0
1421442623224002116	CPU_4	10.95	0	43.83	0	43.83	1.36	0	0	0	0
1421442623941046136	CPU_4	17.10	0	42.10	0	39.47	1.31	0	0	0	0
1421442624660108943	CPU_4	12.50	0	40.27	0	45.83	0	1.38	0	0	0
1421442625376942754	CPU_4	16.00	0	41.33	0	41.33	1.33	0	0	0	0
1421442626098552723	CPU_4	19.44	0	36.11	0	43.05	1.38	0	0	0	0
1421442626786299381	CPU_4	14.28	0	41.42	0	44.28	0	0	0	0	0
1421442627514249587	CPU_4	13.88	0	33.33	0	50.00	1.38	1.38	0	0	0
1421442628226598573	CPU_4	13.69	0	41.09	0	43.83	1.36	0	0	0	0
1421442628955490693	CPU_4	16.66	0	40.27	0	43.05	0	0	0	0	0
1421442629667316930	CPU_4	15.27	0	38.88	0	43.05	1.38	1.38	0	0	0
1421442630374371550	CPU_4	14.08	0	40.84	0	43.66	1.40	0	0	0	0
1421442631104821000	CPU_4	17.80	0	39.72	0	42.46	0	0	0	0	0
1421442631825669843	CPU_4	14.28	0	37.14	0	47.14	1.42	0	0	0	0
1421442632557093333	CPU_4	12.50	0	38.75	0	41.25	1.25	6.25	0	0	0
1421442633274678682	CPU_4	12.50	0	40.27	0	45.83	1.38	0	0	0	0
1421442633999483392	CPU_4	16.43	0	41.09	0	42.46	0	0	0	0	0
1421442634688958086	CPU_4	13.69	0	41.09	1.36	42.46	1.36	0	0	0	0
1421442635390836464	CPU_4	17.14	0	34.28	0	47.14	1.42	0	0	0	0
1421442636121089247	CPU_4	18.66	0	40.00	0	41.33	0	0	0	0	0
1421442636840263550	CPU_4	12.67	0	39.43	0	46.47	1.40	0	0	0	0
1421442637560591309	CPU_4	14.86	0	37.83	0	45.94	1.35	0	0	0	0
1421442638286978807	CPU_4	16.43	0	42.46	0	41.09	0	0	0	0	0
1421442639005561652	CPU_4	13.69	0	39.72	0	45.20	1.36	0	0	0	0
1421442639730528402	CPU_4	17.56	0	39.18	0	41.89	1.35	0	0	0	0
1421442640452962822	CPU_4	15.27	0	38.88	0	45.83	0	0	0	0	0
1421442641170999252	CPU_4	17.80	0	38.35	0	42.46	1.36	0	0	0	0
1421442641891196218	CPU_4	16.21	0	37.83	0	44.59	1.35	0	0	0	0
1421442642607705233	CPU_4	12.50	0	41.66	0	45.83	0	0	0	0	0
1421442643337821555	CPU_4	16.00	0	40.00	0	42.66	1.33	0	0	0	0
1421442644056402607	CPU_4	16.43	0	39.72	0	42.46	1.36	0	0	0	0
1421442644783110518	CPU_4	10.95	0	42.46	0	45.20	1.36	0	0	0	0
1421442645505712979	CPU_4	17.14	0	38.57	0	44.28	0	0	0	0	0
1421442646224883613	CPU_4	12.00	0	41.33	0	45.33	1.33	0	0	0	0
1421442646952494855	CPU_4	16.66	0	38.88	0	41.66	1.38	1.38	0	0	0
1421442647639000675	CPU_4	14.28	0	38.57	0	47.14	0	0	0	0	0
1421442648374254402	CPU_4	17.80	0	38.35	0	42.46	1.36	0	0	0	0
1421442649065344964	CPU_4	8.21	0	43.83	0	45.20	1.36	1.36	0	0	0
1421442649785061095	CPU_4	17.33	0	40.00	0	42.66	0	0	0	0	0
1421442650516239329	CPU_4	12.32	0	42.46	0	43.83	1.36	0	0	0	0
1421442651232100259	CPU_4	19.71	0	33.80	0	45.07	1.40	0	0	0	0
1421442651962962744	CPU_4	14.66	0	38.66	0	44.00	1.33	1.33	0	0	0
1421442652684137746	CPU_4	18.57	0	34.28	0	47.14	0	0	0	0	0
1421442653405969998	CPU_4	14.86	0	39.18	0	44.59	1.35	0	0	0	0
1421442654133101655	CPU_4	18.05	0	37.50	0	43.05	1.38	0	0	0	0
1421442654850403540	CPU_4	16.43	0	39.72	0	42.46	0	1.36	0	0	0
1421442655576120408	CPU_4	13.51	0	40.54	0	44.59	1.35	0	0	0	0
1421442656294211749	CPU_4	10.95	0	45.20	0	42.46	1.36	0	0	0	0
1421442657015593041	CPU_4	17.56	0	36.48	0	45.94	0	0	0	0	0
1421442657722648361	CPU_4	15.94	0	36.23	0	44.92	1.44	1.44	0	0	0
1421442658442652447	CPU_4	13.51	0	41.89	0	43.24	1.35	0	0	0	0
1421442659157595752	CPU_4	14.49	0	40.57	0	44.92	0	0	0	0	0
1421442659859138081	CPU_4	15.49	0	38.02	0	45.07	1.40	0	0	0	0
1421442660580441914	CPU_4	16.21	0	39.18	0	41.89	1.35	1.35	0	0	0
1421442661309802732	CPU_4	14.86	0	39.18	0	45.94	0	0	0	0	0
1421442662033955059	CPU_4	17.80	0	35.61	0	45.20	1.36	0	0	0	0
1421442662763008294	CPU_4	14.47	0	40.78	0	43.42	1.31	0	0	0	0
1421442663483075962	CPU_4	13.51	0	39.18	0	44.59	1.35	1.35	0	0	0
1421442664204926918	CPU_4	19.44	0	37.50	0	43.05	0	0	0	0	0
1421442664912461984	CPU_4	18.05	0	37.50	0	43.05	1.38	0	0	0	0
1421442665635120272	CPU_4	16.66	0	38.88	0	43.05	1.38	0	0	0	0
1421442666364386296	CPU_4	9.45	0	44.59	0	44.59	0	1.35	0	0	0
1421442667077031644	CPU_4	13.88	0	38.88	0	45.83	1.38	0	0	0	0
1421442667795034981	CPU_4	13.69	0	42.46	0	42.46	1.36	0	0	0	0
1421442668503368045	CPU_4	17.14	0	38.57	0	44.28	0	0	0	0	0
1421442669224908417	CPU_4	16.43	0	36.98	0	43.83	1.36	1.36	0	0	0
1421442669953986774	CPU_4	16.21	0	37.83	0	44.59	1.35	0	0	0	0
1421442670668926741	CPU_4	15.49	0	39.43	0	43.66	1.40	0	0	0	0
1421442671382857585	CPU_4	15.71	0	37.14	0	45.71	0	1.42	0	0	0
1421442672093163311	CPU_4	15.49	0	39.43	0	43.66	1.40	0	0	0	0
1421442672797349381	CPU_4	15.94	0	36.23	0	46.37	1.44	0	0	0	0
1421442673526633154	CPU_4	15.06	0	39.72	0	45.20	0	0	0	0	0
1421442674245493195	CPU_4	12.50	0	40.27	1.38	43.05	1.38	1.38	0	0	0
1421442674945891356	CPU_4	13.88	0	38.88	0	45.83	1.38	0	0	0	0
1421442675700971620	CPU_4	17.94	0	42.30	0	39.74	0	0	0	0	0
1421442676424124944	CPU_4	16.66	0	38.88	0	43.05	1.38	0	0	0	0
1421442677138003037	CPU_4	15.06	0	35.61	0	46.57	1.36	1.36	0	0	0
1421442677860275154	CPU_4	15.06	0	41.09	0	42.46	1.36	0	0	0	0
1421442678558533234	CPU_4	21.73	0	33.33	0	44.92	0	0	0	0	0
1421442679288377212	CPU_4	16.43	0	36.98	0	45.20	1.36	0	0	0	0
1421442680010329579	CPU_4	15.27	0	37.50	0	44.44	1.38	1.38	0	0	0
1421442680735040191	CPU_4	20.83	0	37.50	0	41.66	0	0	0	0	0
1421442681448393033	CPU_4	13.88	0	38.88	0	45.83	1.38	0	0	0	0
1421442682173244311	CPU_4	11.11	0	41.66	0	45.83	1.38	0	0	0	0
1421442682900932708	CPU_4	18.05	0	37.50	0	43.05	0	1.38	0	0	0
1421442683592771174	CPU_4	14.28	0	40.00	0	44.28	1.42	0	0	0	0
1421442684321036653	CPU_4	18.05	0	36.11	0	44.44	1.38	0	0	0	0
1421442685041112189	CPU_4	17.33	0	40.00	0	41.33	0	1.33	0	0	0
1421442685752760866	CPU_4	13.69	0	38.35	0	46.57	1.36	0	0	0	0
1421442686483473465	CPU_4	15.06	0	42.46	0	41.09	1.36	0	0	0	0
1421442687205492580	CPU_4	16.90	0	33.80	0	47.88	1.40	0	0	0	0
1421442687930375314	CPU_4	14.86	0	39.18	0	44.59	0	1.35	0	0	0
1421442688652212804	CPU_4	16.43	0	38.35	0	43.83	1.36	0	0	0	0
1421442689371962840	CPU_4	14.08	0	40.84	1.40	42.25	1.40	0	0	0	0
1421442690102149105	CPU_4	14.86	0	39.18	0	45.94	0	0	0	0	0
1421442690824634593	CPU_4	12.67	0	40.84	0	43.66	1.40	1.40	0	0	0
1421442691554230442	CPU_4	20.00	0	34.66	0	44.00	1.33	0	0	0	0
1421442692272335438	CPU_4	15.49	0	38.02	0	46.47	0	0	0	0	0
1421442693007366901	CPU_4	13.15	0	40.78	0	44.73	1.31	0	0	0	0
1421442693727894142	CPU_4	12.16	0	43.24	0	41.89	1.35	1.35	0	0	0
1421442694413109992	CPU_4	19.11	0	35.29	0	45.58	0	0	0	0	0
1421442695137893516	CPU_4	14.86	0	43.24	0	40.54	1.35	0	0	0	0
1421442695853997223	CPU_4	16.90	0	35.21	0	46.47	1.40	0	0	0	0
1421442696572932008	CPU_4	16.00	0	38.66	0	42.66	1.33	1.33	0	0	0
1421442697282863476	CPU_4	14.28	0	40.00	0	45.71	0	0	0	0	0
1421442697980216427	CPU_4	17.14	0	37.14	0	44.28	1.42	0	0	0	0
1421442698696293425	CPU_4	14.28	0	40.00	0	44.28	1.42	0	0	0	0
1421442699415140751	CPU_4	18.57	0	32.85	0	47.14	0	1.42	0	0	0
1421442700134927658	CPU_4	14.08	0	39.43	0	45.07	1.40	0	0	0	0
1421442700864467254	CPU_4	13.69	0	43.83	0	41.09	1.36	0	0	0	0
1421442701554134385	CPU_4	14.28	0	40.00	0	45.71	0	0	0	0	0
1421442702282604275	CPU_4	21.05	0	32.89	0	43.42	1.31	1.31	0	0	0
1421442703000401143	CPU_4	15.49	0	36.61	0	46.47	1.40	0	0	0	0
1421442703722538711	CPU_4	18.05	0	38.88	0	43.05	0	0	0	0	0
1421442704448519771	CPU_4	19.17	0	35.61	0	42.46	1.36	1.36	0	0	0
1421442705140153022	CPU_4	14.08	0	40.84	0	43.66	1.40	0	0	0	0
1421442705863758045	CPU_4	14.86	0	41.89	0	41.89	1.35	0	0	0	0
1421442706582209244	CPU_4	13.88	0	40.27	0	45.83	0	0	0	0	0
1421442707299011446	CPU_4	12.50	0	37.50	0	47.22	1.38	1.38	0	0	0
1421442708019090475	CPU_4	13.69	0	42.46	0	42.46	1.36	0	0	0	0
1421442708708826729	CPU_4	13.23	0	41.17	0	45.58	0	0	0	0	0
1421442709435644411	CPU_4	10.52	0	43.42	1.31	43.42	1.31	0	0	0	0
1421442710145657125	CPU_4	9.72	0	43.05	0	44.44	1.38	1.38	0	0	0
1421442710863681657	CPU_4	16.66	0	38.88	0	44.44	0	0	0	0	0
1421442711591138004	CPU_4	12.67	0	39.43	0	46.47	1.40	0	0	0	0
1421442712306259958	CPU_4	12.85	0	38.57	0	47.14	1.42	0	0	0	0
1421442713032281099	CPU_4	12.16	0	44.59	0	41.89	0	1.35	0	0	0
1421442713748825966	CPU_4	12.32	0	39.72	0	46.57	1.36	0	0	0	0
1421442714467857786	CPU_4	18.30	0	35.21	0	45.07	1.40	0	0	0	0
1421442715191315348	CPU_4	15.06	0	41.09	0	43.83	0	0	0	0	0
1421442715910262752	CPU_4	15.71	0	37.14	0	44.28	1.42	1.42	0	0	0
1421442716613249936	CPU_4	12.50	0	40.27	0	45.83	1.38	0	0	0	0
1421442717330917633	CPU_4	14.86	0	41.89	0	41.89	1.35	0	0	0	0
1421442718052694156	CPU_4	13.88	0	40.27	0	45.83	0	0	0	0	0
1421442718772319682	CPU_4	16.66	0	37.50	0	43.05	1.38	1.38	0	0	0
1421442719470993207	CPU_4	12.67	0	39.43	0	46.47	1.40	0	0	0	0
1421442720196817929	CPU_4	11.11	0	45.83	0	43.05	0	0	0	0	0
1421442720917051787	CPU_4	18.91	0	36.48	0	41.89	1.35	1.35	0	0	0
1421442721599398718	CPU_4	16.17	0	35.29	0	47.05	1.47	0	0	0	0
1421442722329121807	CPU_4	13.88	0	40.27	0	45.83	0	0	0	0	0
1421442723051789076	CPU_4	15.06	0	41.09	0	42.46	1.36	0	0	0	0
1421442723741257909	CPU_4	14.08	0	39.43	0	43.66	1.40	1.40	0	0	0
1421442724467911587	CPU_4	17.33	0	37.33	0	44.00	1.33	0	0	0	0
1421442725189935898	CPU_4	15.49	0	40.84	0	43.66	0	0	0	0	0
1421442725917687823	CPU_4	17.56	0	35.13	0	45.94	1.35	0	0	0	0
1421442726638690178	CPU_4	15.49	0	38.02	0	43.66	1.40	1.40	0	0	0
1421442727364562356	CPU_4	16.66	0	37.50	0	45.83	0	0	0	0	0
1421442728086777166	CPU_4	13.51	0	40.54	0	44.59	1.35	0	0	0	0
1421442728808609269	CPU_4	15.49	0	38.02	0	45.07	1.40	0	0	0	0
1421442729534886112	CPU_4	14.66	0	41.33	1.33	41.33	0	1.33	0	0	0
1421442730255967590	CPU_4	18.30	0	36.61	0	43.66	1.40	0	0	0	0
1421442730954612403	CPU_4	17.14	0	37.14	0	44.28	1.42	0	0	0	0
1421442731677016670	CPU_4	15.27	0	37.50	0	47.22	0	0	0	0	0
1421442732395744778	CPU_4	13.88	0	37.50	0	45.83	1.38	1.38	0	0	0
1421442733123965491	CPU_4	10.66	0	44.00	0	44.00	1.33	0	0	0	0
1421442733843787929	CPU_4	17.39	0	37.68	0	43.47	1.44	0	0	0	0
1421442734539843829	CPU_4	15.06	0	41.09	0	43.83	0	0	0	0	0
1421442735261066973	CPU_4	16.66	0	37.50	0	43.05	1.38	1.38	0	0	0
1421442735980314494	CPU_4	16.43	0	35.61	0	46.57	1.36	0	0	0	0
1421442736704208240	CPU_4	17.80	0	36.98	0	45.20	0	0	0	0	0
1421442737420057893	CPU_4	18.66	0	38.66	0	40.00	1.33	1.33	0	0	0
1421442738121592267	CPU_4	16.90	0	38.02	0	43.66	1.40	0	0	0	0
1421442738842998196	CPU_4	13.51	0	41.89	0	44.59	0	0	0	0	0
1421442739564419251	CPU_4	12.67	0	40.84	0	45.07	1.40	0	0	0	0
1421442740293804169	CPU_4	16.90	0	35.21	0	45.07	1.40	1.40	0	0	0
1421442741011162812	CPU_4	17.80	0	38.35	0	42.46	1.36	0	0	0	0
1421442741730576785	CPU_4	21.12	0	35.21	0	43.66	0	0	0	0	0
1421442742436249693	CPU_4	15.06	0	39.72	0	43.83	1.36	0	0	0	0
1421442743147799926	CPU_4	14.08	0	36.61	0	46.47	1.40	1.40	0	0	0
1421442743874110013	CPU_4	14.08	0	42.25	0	43.66	0	0	0	0	0
1421442744599118436	CPU_4	16.21	0	37.83	0	44.59	1.35	0	0	0	0
1421442745327706311	CPU_4	20.54	0	36.98	0	41.09	1.36	0	0	0	0
1421442746051845026	CPU_4	18.91	0	37.83	0	41.89	0	1.35	0	0	0
1421442746775701866	CPU_4	20.83	0	33.33	0	44.44	1.38	0	0	0	0
1421442747509481567	CPU_4	20.27	0	35.13	0	43.24	1.35	0	0	0	0
1421442748234876612	CPU_4	15.49	0	39.43	0	45.07	0	0	0	0	0
1421442748965989649	CPU_4	18.18	0	40.25	0	38.96	1.29	1.29	0	0	0
1421442749657606240	CPU_4	15.71	0	38.57	0	44.28	1.42	0	0	0	0
1421442750383844992	CPU_4	18.91	0	40.54	0	40.54	0	0	0	0	0
1421442751120690521	CPU_4	16.66	0	39.74	0	42.30	1.28	0	0	0	0
1421442751845917940	CPU_4	16.43	0	36.98	0	43.83	1.36	1.36	0	0	0
1421442752575483978	CPU_4	18.42	0	40.78	0	39.47	1.31	0	0	0	0
1421442753272248394	CPU_4	16.90	0	40.84	0	42.25	0	0	0	0	0
1421442754005347218	CPU_4	16.00	0	38.66	0	44.00	1.33	0	0	0	0
1421442754732355758	CPU_4	16.66	0	34.72	0	45.83	1.38	1.38	0	0	0
1421442755457445760	CPU_4	17.80	0	39.72	0	42.46	0	0	0	0	0
1421442756193235829	CPU_4	14.47	0	44.73	0	39.47	1.31	0	0	0	0
1421442756894693446	CPU_4	17.14	0	37.14	0	42.85	1.42	1.42	0	0	0
1421442757604108384	CPU_4	16.00	0	42.66	0	41.33	0	0	0	0	0
1421442758330949215	CPU_4	18.66	0	36.00	0	44.00	1.33	0	0	0	0
1421442759057653588	CPU_4	16.66	0	38.88	0	43.05	1.38	0	0	0	0
1421442759792876781	CPU_4	16.88	0	41.55	1.29	38.96	0	1.29	0	0	0
1421442760519885069	CPU_4	15.94	0	39.13	0	43.47	1.44	0	0	0	0
1421442761258754216	CPU_4	14.66	0	40.00	0	44.00	1.33	0	0	0	0
1421442761983781298	CPU_4	18.66	0	37.33	0	44.00	0	0	0	0	0
1421442762710749210	CPU_4	17.33	0	37.33	0	42.66	1.33	1.33	0	0	0
1421442763440220077	CPU_4	19.71	0	36.61	0	42.25	1.40	0	0	0	0
1421442764144615062	CPU_4	18.91	0	39.18	0	40.54	1.35	0	0	0	0
1421442764839738434	CPU_4	16.90	0	39.43	0	43.66	0	0	0	0	0
1421442765567110469	CPU_4	20.00	0	37.33	0	40.00	1.33	1.33	0	0	0
1421442766290174719	CPU_4	18.66	0	40.00	0	40.00	1.33	0	0	0	0
1421442766998063073	CPU_4	12.67	0	42.25	0	45.07	0	0	0	0	0
1421442767721669196	CPU_4	16.43	0	41.09	0	41.09	1.36	0	0	0	0
1421442768425038513	CPU_4	21.62	0	33.78	0	41.89	1.35	1.35	0	0	0
1421442769152684756	CPU_4	17.56	0	39.18	0	43.24	0	0	0	0	0
1421442769872618050	CPU_4	15.49	0	40.84	0	42.25	1.40	0	0	0	0
1421442770602354038	CPU_4	19.23	0	39.74	0	38.46	1.28	1.28	0	0	0
1421442771326379826	CPU_4	18.05	0	37.50	0	44.44	0	0	0	0	0
1421442772045196121	CPU_4	17.56	0	40.54	0	40.54	1.35	0	0	0	0
1421442772772835737	CPU_4	20.00	0	34.66	0	44.00	1.33	0	0	0	0
1421442773510386171	CPU_4	16.88	0	40.25	0	41.55	0	1.29	0	0	0
1421442774241614240	CPU_4	17.10	0	38.15	0	43.42	1.31	0	0	0	0
1421442774959598368	CPU_4	20.00	0	38.66	0	40.00	1.33	0	0	0	0
1421442775696094720	CPU_4	20.54	0	36.98	0	41.09	1.36	0	0	0	0
1421442776424796791	CPU_4	13.88	0	38.88	0	45.83	0	1.38	0	0	0
1421442777160178602	CPU_4	12.00	0	44.00	0	42.66	1.33	0	0	0	0
1421442777887965632	CPU_4	19.44	0	33.33	0	45.83	1.38	0	0	0	0
1421442778625317607	CPU_4	18.30	0	39.43	0	42.25	0	0	0	0	0
1421442779338468657	CPU_4	16.43	0	38.35	0	42.46	1.36	1.36	0	0	0
1421442780066157061	CPU_4	16.43	0	41.09	0	41.09	1.36	0	0	0	0
1421442780802770119	CPU_4	17.10	0	39.47	0	43.42	0	0	0	0	0
1421442781525277363	CPU_4	14.86	0	39.18	0	43.24	1.35	1.35	0	0	0
1421442782257113178	CPU_4	17.10	0	42.10	0	39.47	1.31	0	0	0	0
1421442782976546925	CPU_4	19.44	0	36.11	0	43.05	1.38	0	0	0	0
1421442783705415701	CPU_4	18.42	0	39.47	0	42.10	0	0	0	0	0
1421442784443117465	CPU_4	12.19	0	42.68	0	40.24	3.65	1.21	0	0	0
1421442785170203785	CPU_4	18.05	0	40.27	0	41.66	0	0	0	0	0
1421442785902522555	CPU_4	19.73	0	39.47	0	40.78	0	0	0	0	0
1421442786624866839	CPU_4	16.66	0	37.50	0	45.83	0	0	0	0	0
1421442787352255991	CPU_4	13.69	0	42.46	0	41.09	1.36	1.36	0	0	0
1421442788072623444	CPU_4	16.88	0	41.55	0	41.55	0	0	0	0	0
1421442788801759926	CPU_4	14.28	0	38.57	0	45.71	1.42	0	0	0	0
1421442789541877684	CPU_4	18.42	0	39.47	0	40.78	1.31	0	0	0	0
1421442790267801336	CPU_4	21.62	0	35.13	0	41.89	0	1.35	0	0	0
1421442791002293310	CPU_4	20.00	0	37.33	0	41.33	1.33	0	0	0	0
1421442791721860220	CPU_4	16.43	0	39.72	0	42.46	1.36	0	0	0	0
1421442792453059573	CPU_4	14.86	0	41.89	0	41.89	1.35	0	0	0	0
1421442793162765997	CPU_4	16.43	0	38.35	0	43.83	0	1.36	0	0	0
1421442793888624815	CPU_4	15.06	0	42.46	0	41.09	1.36	0	0	0	0
1421442794618056377	CPU_4	16.00	0	40.00	0	42.66	1.33	0	0	0	0
1421442795347990772	CPU_4	13.88	0	43.05	0	41.66	0	1.38	0	0	0
1421442796083573367	CPU_4	20.00	0	38.66	0	40.00	1.33	0	0	0	0
1421442796790669044	CPU_4	18.05	0	33.33	0	47.22	1.38	0	0	0	0
1421442797518619065	CPU_4	19.73	0	40.78	0	39.47	0	0	0	0	0
1421442798258812361	CPU_4	19.48	0	36.36	0	41.55	1.29	1.29	0	0	0
1421442798985656217	CPU_4	17.56	0	40.54	0	40.54	1.35	0	0	0	0
1421442799689261189	CPU_4	20.54	0	35.61	1.36	41.09	1.36	0	0	0	0
1421442800419596373	CPU_4	18.30	0	39.43	0	42.25	0	0	0	0	0
1421442801152196762	CPU_4	20.77	0	32.46	0	44.15	1.29	1.29	0	0	0
1421442801882407779	CPU_4	18.66	0	37.33	0	42.66	1.33	0	0	0	0
1421442802611493213	CPU_4	18.84	0	37.68	0	43.47	0	0	0	0	0
1421442803317555930	CPU_4	15.27	0	41.66	0	41.66	1.38	0	0	0	0
1421442804047621405	CPU_4	16.00	0	37.33	0	44.00	1.33	1.33	0	0	0
1421442804785294243	CPU_4	15.06	0	43.83	0	41.09	0	0	0	0	0
1421442805512410054	CPU_4	20.54	0	35.61	0	42.46	1.36	0	0	0	0
1421442806242529570	CPU_4	17.80	0	39.72	0	41.09	1.36	0	0	0	0
1421442806940644171	CPU_4	16.43	0	39.72	0	42.46	0	1.36	0	0	0
1421442807663857154	CPU_4	12.32	0	43.83	0	42.46	1.36	0	0	0	0
1421442808397754246	CPU_4	12.82	0	46.15	0	39.74	1.28	0	0	0	0
1421442809125707263	CPU_4	15.06	0	38.35	0	45.20	1.36	0	0	0	0
1421442809848280079	CPU_4	16.66	0	40.27	0	41.66	0	1.38	0	0	0
1421442810578364593	CPU_4	18.91	0	37.83	0	41.89	1.35	0	0	0	0
1421442811304901986	CPU_4	18.05	0	36.11	0	44.44	1.38	0	0	0	0
1421442812037842411	CPU_4	13.51	0	41.89	0	43.24	0	1.35	0	0	0
1421442812768004382	CPU_4	18.91	0	35.13	0	44.59	1.35	0	0	0	0
1421442813504365011	CPU_4	17.33	0	41.33	0	40.00	1.33	0	0	0	0
1421442814232475692	CPU_4	18.05	0	37.50	0	44.44	0	0	0	0	0
1421442814959586041	CPU_4	17.56	0	37.83	0	41.89	1.35	1.35	0	0	0
1421442815698262290	CPU_4	22.07	0	35.06	0	41.55	1.29	0	0	0	0
1421442816423261850	CPU_4	15.94	0	37.68	0	46.37	0	0	0	0	0
1421442817157156856	CPU_4	16.00	0	42.66	0	40.00	1.33	0	0	0	0
1421442817888762656	CPU_4	15.78	0	38.15	0	43.42	1.31	1.31	0	0	0
1421442818622824202	CPU_4	15.06	0	39.72	0	43.83	1.36	0	0	0	0
1421442819351772380	CPU_4	15.71	0	38.57	0	45.71	0	0	0	0	0
1421442820082379681	CPU_4	18.66	0	36.00	0	44.00	1.33	0	0	0	0
1421442820819633555	CPU_4	18.91	0	37.83	0	40.54	1.35	1.35	0	0	0
1421442821547949650	CPU_4	12.67	0	42.25	0	45.07	0	0	0	0	0
1421442822283594067	CPU_4	14.66	0	44.00	0	40.00	1.33	0	0	0	0
1421442822997659973	CPU_4	15.94	0	34.78	0	46.37	1.44	1.44	0	0	0
1421442823722638780	CPU_4	18.05	0	40.27	0	41.66	0	0	0	0	0
1421442824430029112	CPU_4	16.66	0	40.27	0	41.66	1.38	0	0	0	0
1421442825157175165	CPU_4	19.73	0	36.84	0	42.10	1.31	0	0	0	0
1421442825888296421	CPU_4	17.56	0	39.18	0	40.54	1.35	1.35	0	0	0
1421442826613074602	CPU_4	16.21	0	40.54	0	43.24	0	0	0	0	0
1421442827353901677	CPU_4	18.66	0	38.66	0	41.33	1.33	0	0	0	0
1421442828057755262	CPU_4	15.06	0	39.72	0	43.83	1.36	0	0	0	0
1421442828783402275	CPU_4	21.12	0	35.21	0	42.25	0	1.40	0	0	0
1421442829522680726	CPU_4	17.56	0	36.48	0	44.59	1.35	0	0	0	0
1421442830252767815	CPU_4	17.80	0	39.72	0	41.09	1.36	0	0	0	0
1421442830993358722	CPU_4	16.21	0	41.89	0	41.89	0	0	0	0	0
1421442831689825816	CPU_4	16.66	0	34.72	0	45.83	1.38	1.38	0	0	0
1421442832412771956	CPU_4	13.33	0	41.33	0	44.00	1.33	0	0	0	0
1421442833151365656	CPU_4	18.05	0	38.88	0	43.05	0	0	0	0	0
1421442833880882203	CPU_4	18.42	0	40.78	0	39.47	1.31	0	0	0	0
1421442834582863121	CPU_4	13.88	0	40.27	0	43.05	1.38	1.38	0	0	0
1421442835311726793	CPU_4	20.54	0	35.61	0	43.83	0	0	0	0	0
1421442836043431128	CPU_4	18.66	0	38.66	0	41.33	1.33	0	0	0	0
1421442836774885253	CPU_4	16.00	0	40.00	0	41.33	1.33	1.33	0	0	0
1421442837503022884	CPU_4	20.00	0	38.66	0	40.00	1.33	0	0	0	0
1421442838227857144	CPU_4	12.50	0	44.44	0	43.05	0	0	0	0	0
1421442838954872858	CPU_4	18.66	0	36.00	0	44.00	1.33	0	0	0	0
1421442839664698764	CPU_4	14.08	0	38.02	0	45.07	1.40	1.40	0	0	0
1421442840394636140	CPU_4	19.17	0	39.72	0	41.09	0	0	0	0	0
1421442841124603558	CPU_4	14.86	0	41.89	0	41.89	1.35	0	0	0	0
1421442841858016554	CPU_4	20.77	0	38.96	0	38.96	1.29	0	0	0	0
1421442842586414016	CPU_4	16.21	0	39.18	0	43.24	0	1.35	0	0	0
1421442843292800841	CPU_4	16.66	0	38.88	0	43.05	1.38	0	0	0	0
1421442844022278176	CPU_4	14.08	0	39.43	0	45.07	1.40	0	0	0	0
1421442844751614760	CPU_4	18.66	0	38.66	1.33	40.00	1.33	0	0	0	0
1421442845457909543	CPU_4	14.86	0	41.89	0	41.89	0	1.35	0	0	0
1421442846181113218	CPU_4	20.00	0	38.66	0	40.00	1.33	0	0	0	0
1421442846885180379	CPU_4	16.43	0	41.09	0	41.09	1.36	0	0	0	0
1421442847607581472	CPU_4	15.27	0	40.27	0	44.44	0	0	0	0	0
1421442848336914388	CPU_4	15.06	0	41.09	0	41.09	1.36	1.36	0	0	0
1421442849031500479	CPU_4	15.94	0	36.23	0	46.37	1.44	0	0	0	0
1421442849756246984	CPU_4	20.54	0	38.35	0	41.09	0	0	0	0	0
1421442850485297358	CPU_4	13.33	0	44.00	0	40.00	1.33	1.33	0	0	0
1421442851213193858	CPU_4	17.10	0	39.47	0	42.10	1.31	0	0	0	0
1421442851941261107	CPU_4	16.90	0	40.84	0	42.25	0	0	0	0	0
1421442852635140281	CPU_4	19.44	0	37.50	0	41.66	1.38	0	0	0	0
1421442853329394370	CPU_4	13.88	0	41.66	0	41.66	1.38	1.38	0	0	0
1421442854066986480	CPU_4	16.21	0	40.54	0	43.24	0	0	0	0	0
1421442854791621525	CPU_4	18.05	0	36.11	0	44.44	1.38	0	0	0	0
1421442855518295567	CPU_4	15.27	0	41.66	0	41.66	1.38	0	0	0	0
1421442856254659220	CPU_4	18.66	0	38.66	0	40.00	1.33	1.33	0	0	0
1421442856957057129	CPU_4	14.08	0	43.66	0	42.25	0	0	0	0	0
1421442857693900531	CPU_4	17.10	0	38.15	0	43.42	1.31	0	0	0	0
1421442858424206524	CPU_4	17.33	0	38.66	0	42.66	1.33	0	0	0	0
1421442859151346022	CPU_4	18.42	0	36.84	0	43.42	0	1.31	0	0	0
1421442859877937854	CPU_4	15.06	0	41.09	0	42.46	1.36	0	0	0	0
1421442860602090148	CPU_4	20.00	0	38.66	0	40.00	1.33	0	0	0	0
1421442861342870917	CPU_4	20.83	0	37.50	0	41.66	0	0	0	0	0
1421442862072485077	CPU_4	13.33	0	40.00	0	44.00	1.33	1.33	0	0	0
1421442862810556516	CPU_4	16.00	0	38.66	0	44.00	1.33	0	0	0	0
1421442863538622845	CPU_4	18.91	0	37.83	0	43.24	0	0	0	0	0
1421442864277474532	CPU_4	22.07	0	36.36	0	38.96	1.29	1.29	0	0	0
1421442865005278527	CPU_4	20.54	0	34.24	0	43.83	1.36	0	0	0	0
1421442865731347357	CPU_4	15.78	0	43.42	0	39.47	1.31	0	0	0	0
1421442866469369170	CPU_4	19.44	0	36.11	0	44.44	0	0	0	0	0
1421442867191297506	CPU_4	16.43	0	38.35	0	42.46	1.36	1.36	0	0	0
1421442867911716219	CPU_4	16.90	0	39.43	0	42.25	1.40	0	0	0	0
1421442868617109453	CPU_4	18.05	0	40.27	0	41.66	0	0	0	0	0
1421442869318524109	CPU_4	15.49	0	38.02	1.40	43.66	1.40	0	0	0	0
1421442870057411919	CPU_4	20.00	0	34.66	0	42.66	1.33	1.33	0	0	0
1421442870777083465	CPU_4	20.00	0	37.14	0	42.85	0	0	0	0	0
1421442871508925951	CPU_4	19.17	0	38.35	0	41.09	1.36	0	0	0	0
1421442872217259221	CPU_4	18.91	0	39.18	0	40.54	1.35	0	0	0	0
1421442872938057640	CPU_4	17.80	0	36.98	0	43.83	0	1.36	0	0	0
1421442873677641822	CPU_4	16.21	0	39.18	0	43.24	1.35	0	0	0	0
1421442874408550142	CPU_4	16.21	0	39.18	0	43.24	1.35	0	0	0	0
1421442875141174709	CPU_4	20.00	0	37.33	0	41.33	1.33	0	0	0	0
1421442875871787446	CPU_4	15.27	0	41.66	0	41.66	0	1.38	0	0	0
1421442876598276813	CPU_4	18.05	0	37.50	0	43.05	1.38	0	0	0	0
1421442877328281966	CPU_4	15.38	0	41.02	0	42.30	1.28	0	0	0	0
1421442878056673747	CPU_4	17.10	0	39.47	0	42.10	0	1.31	0	0	0
1421442878796503552	CPU_4	14.66	0	44.00	0	40.00	1.33	0	0	0	0
1421442879500041367	CPU_4	17.14	0	38.57	0	42.85	1.42	0	0	0	0
1421442880217646204	CPU_4	17.64	0	36.76	0	45.58	0	0	0	0	0
1421442880946948232	CPU_4	19.17	0	36.98	0	41.09	1.36	1.36	0	0	0
1421442881665878067	CPU_4	18.66	0	37.33	0	42.66	1.33	0	0	0	0
1421442882388791437	CPU_4	20.83	0	36.11	0	41.66	1.38	0	0	0	0
1421442883091123461	CPU_4	15.71	0	41.42	0	42.85	0	0	0	0	0
1421442883819745530	CPU_4	16.00	0	38.66	0	42.66	1.33	1.33	0	0	0
1421442884550459555	CPU_4	18.66	0	36.00	0	44.00	1.33	0	0	0	0
1421442885275079546	CPU_4	17.56	0	43.24	0	39.18	0	0	0	0	0
1421442886004833405	CPU_4	17.80	0	39.72	0	41.09	1.36	0	0	0	0
1421442886706345596	CPU_4	15.06	0	39.72	0	42.46	1.36	1.36	0	0	0
1421442887421782350	CPU_4	15.49	0	40.84	0	43.66	0	0	0	0	0
1421442888151328541	CPU_4	17.56	0	37.83	0	43.24	1.35	0	0	0	0
1421442888889623094	CPU_4	14.86	0	43.24	0	40.54	1.35	0	0	0	0
1421442889613446294	CPU_4	17.10	0	39.47	0	42.10	0	1.31	0	0	0
1421442890345049439	CPU_4	19.17	0	38.35	0	41.09	1.36	0	0	0	0
1421442891086666737	CPU_4	18.42	0	40.78	0	39.47	1.31	0	0	0	0
1421442891803302737	CPU_4	17.80	0	35.61	0	43.83	1.36	1.36	0	0	0
1421442892544445577	CPU_4	17.33	0	38.66	0	44.00	0	0	0	0	0
1421442893272758851	CPU_4	21.91	0	31.50	0	45.20	1.36	0	0	0	0
1421442894009486947	CPU_4	18.91	0	36.48	0	43.24	1.35	0	0	0	0
1421442894740240634	CPU_4	17.56	0	40.54	0	40.54	0	1.35	0	0	0
1421442895472642693	CPU_4	22.97	0	33.78	0	41.89	1.35	0	0	0	0
1421442896208556789	CPU_4	14.66	0	40.00	0	44.00	1.33	0	0	0	0
1421442896939628016	CPU_4	13.69	0	41.09	0	45.20	0	0	0	0	0
1421442897670316660	CPU_4	18.42	0	39.47	0	39.47	1.31	1.31	0	0	0
1421442898377283964	CPU_4	17.56	0	40.54	0	40.54	1.35	0	0	0	0
1421442899103805614	CPU_4	19.17	0	38.35	0	41.09	1.36	0	0	0	0
1421442899843677660	CPU_4	16.43	0	39.72	0	43.83	0	0	0	0	0
1421442900574340887	CPU_4	16.43	0	39.72	0	41.09	1.36	1.36	0	0	0
1421442901313290934	CPU_4	15.58	0	40.25	0	42.85	1.29	0	0	0	0
1421442902042310663	CPU_4	17.33	0	42.66	0	40.00	0	0	0	0	0
1421442902750384879	CPU_4	20.27	0	35.13	0	41.89	1.35	1.35	0	0	0
1421442903479649107	CPU_4	18.18	0	38.96	0	41.55	1.29	0	0	0	0
1421442904218084362	CPU_4	13.33	0	42.66	0	44.00	0	0	0	0	0
1421442904955074119	CPU_4	15.78	0	39.47	0	43.42	1.31	0	0	0	0
1421442905687124967	CPU_4	13.15	0	44.73	0	39.47	1.31	1.31	0	0	0
1421442906410353077	CPU_4	15.49	0	39.43	0	45.07	0	0	0	0	0
1421442907143698047	CPU_4	19.73	0	39.47	0	39.47	1.31	0	0	0	0
1421442907851230846	CPU_4	17.14	0	37.14	0	44.28	1.42	0	0	0	0
1421442908581283195	CPU_4	21.91	0	31.50	0	43.83	1.36	1.36	0	0	0
1421442909307455008	CPU_4	16.21	0	40.54	0	43.24	0	0	0	0	0
1421442910050016297	CPU_4	14.86	0	41.89	1.35	40.54	1.35	0	0	0	0
1421442910781007060	CPU_4	16.21	0	41.89	0	40.54	1.35	0	0	0	0
1421442911486247028	CPU_4	17.80	0	38.35	0	42.46	0	1.36	0	0	0
1421442912215769835	CPU_4	12.32	0	41.09	0	45.20	1.36	0	0	0	0
1421442912942295854	CPU_4	17.10	0	39.47	0	42.10	1.31	0	0	0	0
1421442913676524570	CPU_4	16.00	0	41.33	0	42.66	0	0	0	0	0
1421442914407632749	CPU_4	17.10	0	40.78	0	39.47	1.31	1.31	0	0	0
1421442915146810749	CPU_4	17.10	0	39.47	0	42.10	1.31	0	0	0	0
1421442915874303599	CPU_4	17.56	0	40.54	0	41.89	0	0	0	0	0
1421442916612389350	CPU_4	18.18	0	38.96	0	40.25	1.29	1.29	0	0	0
1421442917340049532	CPU_4	16.43	0	41.09	0	41.09	1.36	0	0	0	0
1421442918037660967	CPU_4	15.06	0	41.09	0	42.46	1.36	0	0	0	0
1421442918778128797	CPU_4	16.43	0	39.72	0	43.83	0	0	0	0	0
1421442919506946644	CPU_4	18.66	0	34.66	0	44.00	1.33	1.33	0	0	0
1421442920242338939	CPU_4	21.12	0	35.21	0	42.25	1.40	0	0	0	0
1421442920969530287	CPU_4	14.28	0	41.42	0	44.28	0	0	0	0	0
1421442921698585883	CPU_4	15.06	0	41.09	0	42.46	1.36	0	0	0	0
1421442922436242715	CPU_4	14.66	0	40.00	0	42.66	1.33	1.33	0	0	0
1421442923168050348	CPU_4	13.51	0	41.89	0	44.59	0	0	0	0	0
1421442923908073968	CPU_4	14.66	0	41.33	0	42.66	1.33	0	0	0	0
1421442924634169567	CPU_4	17.56	0	40.54	0	40.54	1.35	0	0	0	0
1421442925343551773	CPU_4	17.56	0	39.18	0	41.89	0	1.35	0	0	0
1421442926059716177	CPU_4	15.71	0	41.42	0	41.42	1.42	0	0	0	0
1421442926789585561	CPU_4	16.21	0	39.18	0	43.24	1.35	0	0	0	0
1421442927531658177	CPU_4	16.00	0	40.00	0	42.66	1.33	0	0	0	0
1421442928254361029	CPU_4	17.80	0	38.35	0	42.46	0	1.36	0	0	0
1421442928986410201	CPU_4	19.44	0	37.50	0	41.66	1.38	0	0	0	0
1421442929687692709	CPU_4	13.69	0	41.09	1.36	42.46	1.36	0	0	0	0
1421442930420509879	CPU_4	18.42	0	39.47	0	40.78	0	1.31	0	0	0
1421442931163678908	CPU_4	14.28	0	44.15	0	40.25	1.29	0	0	0	0
1421442931893579123	CPU_4	19.73	0	35.52	0	43.42	1.31	0	0	0	0
1421442932629652371	CPU_4	21.91	0	36.98	0	41.09	0	0	0	0	0
1421442933362253748	CPU_4	16.00	0	38.66	0	42.66	1.33	1.33	0	0	0
1421442934101600824	CPU_4	15.06	0	39.72	0	43.83	1.36	0	0	0	0
1421442934830459539	CPU_4	16.43	0	36.98	0	45.20	1.36	0	0	0	0
1421442935560140003	CPU_4	16.43	0	42.46	0	41.09	0	0	0	0	0
1421442936288209178	CPU_4	14.47	0	43.42	0	39.47	1.31	1.31	0	0	0
1421442937020294721	CPU_4	15.06	0	39.72	0	43.83	1.36	0	0	0	0
1421442937721324435	CPU_4	15.71	0	40.00	0	44.28	0	0	0	0	0
1421442938453226728	CPU_4	14.47	0	40.78	0	43.42	1.31	0	0	0	0
1421442939193612133	CPU_4	18.66	0	36.00	0	42.66	1.33	1.33	0	0	0
1421442939922905596	CPU_4	18.05	0	40.27	0	41.66	0	0	0	0	0
1421442940649349438	CPU_4	19.71	0	36.61	0	42.25	1.40	0	0	0	0
1421442941395060918	CPU_4	17.33	0	41.33	0	40.00	1.33	0	0	0	0
1421442942103128411	CPU_4	16.66	0	33.33	0	47.22	1.38	1.38	0	0	0
1421442942846470644	CPU_4	20.00	0	40.00	0	40.00	0	0	0	0	0
1421442943555353802	CPU_4	13.51	0	43.24	0	41.89	1.35	0	0	0	0
1421442944290397089	CPU_4	20.00	0	36.00	0	41.33	1.33	1.33	0	0	0
1421442945017179970	CPU_4	15.49	0	40.84	0	43.66	0	0	0	0	0
1421442945753161712	CPU_4	15.78	0	42.10	0	40.78	1.31	0	0	0	0
1421442946494429655	CPU_4	11.84	0	44.73	0	42.10	1.31	0	0	0	0
1421442947225186571	CPU_4	17.56	0	37.83	0	43.24	0	1.35	0	0	0
1421442947961750729	CPU_4	18.18	0	37.66	0	42.85	1.29	0	0	0	0
1421442948694266683	CPU_4	18.42	0	40.78	0	39.47	1.31	0	0	0	0
1421442949404387921	CPU_4	13.88	0	41.66	0	43.05	1.38	0	0	0	0
1421442950137866915	CPU_4	18.18	0	41.55	0	38.96	0	1.29	0	0	0
1421442950870918577	CPU_4	17.10	0	42.10	0	39.47	1.31	0	0	0	0
1421442951610021271	CPU_4	16.21	0	39.18	0	43.24	1.35	0	0	0	0
1421442952332826988	CPU_4	13.88	0	41.66	0	44.44	0	0	0	0	0
1421442953076465508	CPU_4	16.43	0	39.72	0	41.09	1.36	1.36	0	0	0
1421442953782233959	CPU_4	16.43	0	39.72	0	42.46	1.36	0	0	0	0
1421442954524981021	CPU_4	17.10	0	39.47	0	43.42	0	0	0	0	0
1421442955255029269	CPU_4	15.27	0	40.27	0	41.66	1.38	1.38	0	0	0
1421442955985390390	CPU_4	16.88	0	38.96	0	42.85	1.29	0	0	0	0
1421442956723364126	CPU_4	18.66	0	40.00	0	40.00	1.33	0	0	0	0
1421442957419101173	CPU_4	18.30	0	39.43	0	42.25	0	0	0	0	0
1421442958153335163	CPU_4	14.28	0	40.25	0	41.55	1.29	2.59	0	0	0
1421442958890544899	CPU_4	14.86	0	40.54	0	43.24	1.35	0	0	0	0
1421442959621742351	CPU_4	18.66	0	38.66	0	42.66	0	0	0	0	0
1421442960360885000	CPU_4	19.48	0	40.25	0	38.96	1.29	0	0	0	0
1421442961088631498	CPU_4	14.86	0	41.89	0	41.89	1.35	0	0	0	0
1421442961829796185	CPU_4	17.33	0	40.00	0	42.66	0	0	0	0	0
1421442962561404802	CPU_4	17.56	0	36.48	0	44.59	1.35	0	0	0	0
1421442963299454660	CPU_4	17.33	0	38.66	0	42.66	1.33	0	0	0	0
1421442964027861948	CPU_4	21.51	0	37.97	0	37.97	1.26	1.26	0	0	0
1421442964726813155	CPU_4	12.67	0	42.25	1.40	43.66	0	0	0	0	0
1421442965468235715	CPU_4	16.00	0	41.33	0	41.33	1.33	0	0	0	0
1421442966202853076	CPU_4	14.66	0	40.00	0	42.66	1.33	1.33	0	0	0
1421442966944138094	CPU_4	16.66	0	37.50	0	45.83	0	0	0	0	0
1421442967673481588	CPU_4	16.66	0	40.27	0	41.66	1.38	0	0	0	0
1421442968377101328	CPU_4	16.43	0	41.09	0	41.09	1.36	0	0	0	0
1421442969111743980	CPU_4	16.00	0	41.33	0	41.33	0	1.33	0	0	0
1421442969840182349	CPU_4	22.36	0	32.89	0	43.42	1.31	0	0	0	0
1421442970583056321	CPU_4	17.80	0	39.72	0	41.09	1.36	0	0	0	0
1421442971394130483	CPU_4	37.97	0	60.75	0	0	0	1.26	0	0	0
1421442972264205014	CPU_4	45.97	0	52.87	0	0	1.14	0	0	0	0
1421442973134107004	CPU_4	42.52	0	56.32	0	0	0	1.14	0	0	0
1421442973992590760	CPU_4	51.76	0	47.05	0	0	1.17	0	0	0	0
1421442974859163545	CPU_4	40.90	0	56.81	0	0	1.13	1.13	0	0	0
1421442975727533744	CPU_4	47.67	0	52.32	0	0	0	0	0	0	0
1421442976589165744	CPU_4	46.51	0	51.16	0	0	1.16	1.16	0	0	0
1421442977449112414	CPU_4	46.51	0	53.48	0	0	0	0	0	0	0
1421442978314188991	CPU_4	47.12	0	50.57	0	0	1.14	1.14	0	0	0
1421442979169030167	CPU_4	52.94	0	45.88	0	0	0	1.17	0	0	0
1421442980039169653	CPU_4	42.52	0	56.32	0	0	1.14	0	0	0	0
1421442980899046404	CPU_4	47.12	0	51.72	0	0	0	1.14	0	0	0
1421442981767598475	CPU_4	47.67	0	51.16	0	0	1.16	0	0	0	0
1421442982634188965	CPU_4	45.97	0	52.87	0	0	0	1.14	0	0	0
1421442983504064158	CPU_4	37.20	0	61.62	0	0	1.16	0	0	0	0
1421442984369143483	CPU_4	44.31	0	53.40	0	0	1.13	1.13	0	0	0
1421442985234080641	CPU_4	45.34	0	54.65	0	0	0	0	0	0	0
1421442986094860763	CPU_4	44.82	0	52.87	0	0	1.14	1.14	0	0	0
1421442986959089213	CPU_4	49.41	0	49.41	0	0	0	1.17	0	0	0
1421442987819121086	CPU_4	45.34	0	53.48	0	0	1.16	0	0	0	0
1421442988674078341	CPU_4	46.51	0	52.32	0	0	0	1.16	0	0	0
1421442989534132421	CPU_4	44.18	0	54.65	0	0	1.16	0	0	0	0
1421442990399078035	CPU_4	45.34	0	53.48	0	0	0	1.16	0	0	0
1421442991259233947	CPU_4	50.00	0	48.83	0	0	1.16	0	0	0	0
1421442992124410477	CPU_4	48.27	0	50.57	0	0	0	1.14	0	0	0
1421442992999230283	CPU_4	50.00	0	48.83	0	0	1.16	0	0	0	0
1421442993859151944	CPU_4	49.42	0	48.27	0	0	1.14	1.14	0	0	0
1421442994727560801	CPU_4	48.27	0	50.57	0	0	0	1.14	0	0	0
1421442995604133604	CPU_4	49.42	0	49.42	0	0	1.14	0	0	0	0
1421442996454122112	CPU_4	43.02	0	55.81	0	0	0	1.16	0	0	0
1421442997324138007	CPU_4	47.67	0	51.16	0	0	1.16	0	0	0	0
1421442998189119701	CPU_4	43.18	0	55.68	0	0	0	1.13	0	0	0
1421442999049038402	CPU_4	46.51	0	52.32	0	0	1.16	0	0	0	0
1421442999924280287	CPU_4	44.18	0	54.65	0	0	0	1.16	0	0	0
1421443000787546483	CPU_4	44.82	0	54.02	0	0	1.14	0	0	0	0
1421443001644072812	CPU_4	50.00	0	48.83	0	0	0	1.16	0	0	0
1421443002507465631	CPU_4	52.32	0	45.34	0	0	1.16	1.16	0	0	0
1421443003379069188	CPU_4	48.27	0	50.57	0	0	1.14	0	0	0	0
1421443004239139928	CPU_4	51.16	0	47.67	0	0	0	1.16	0	0	0
1421443005109130777	CPU_4	49.42	0	49.42	0	0	1.14	0	0	0	0
1421443005984091452	CPU_4	50.57	0	48.27	0	0	0	1.14	0	0	0
1421443006844046400	CPU_4	60.91	0	37.93	0	0	1.14	0	0	0	0
1421443007699040479	CPU_4	91.86	0	6.97	0	0	0	1.16	0	0	0
1421443008566891039	CPU_4	93.02	0	5.81	0	0	1.16	0	0	0	0
1421443009429075398	CPU_4	91.76	0	8.23	0	0	0	0	0	0	0
1421443010279078567	CPU_4	90.80	0	8.04	0	0	1.14	0	0	0	0
1421443011134113187	CPU_4	95.23	0	4.76	0	0	0	0	0	0	0
1421443011994020090	CPU_4	91.95	0	5.74	0	0	1.14	1.14	0	0	0
1421443012854029910	CPU_4	91.86	0	8.13	0	0	0	0	0	0	0
1421443013709053820	CPU_4	93.02	0	5.81	0	0	1.16	0	0	0	0
1421443014569011638	CPU_4	94.11	0	5.88	0	0	0	0	0	0	0
1421443015434098907	CPU_4	94.25	0	4.59	0	0	0	1.14	0	0	0
1421443016289114150	CPU_4	93.02	0	5.81	0	0	1.16	0	0	0	0
1421443017149009926	CPU_4	91.76	0	8.23	0	0	0	0	0	0	0
1421443018004092625	CPU_4	89.53	0	9.30	0	0	1.16	0	0	0	0
1421443018864043400	CPU_4	90.69	0	8.13	0	0	0	1.16	0	0	0
1421443019714021940	CPU_4	92.94	0	5.88	0	0	1.17	0	0	0	0
1421443020576914585	CPU_4	91.86	0	8.13	0	0	0	0	0	0	0
1421443021434085530	CPU_4	92.94	0	5.88	0	0	1.17	0	0	0	0
1421443022299093796	CPU_4	93.18	0	5.68	0	0	0	1.13	0	0	0
1421443023149157376	CPU_4	92.94	0	5.88	0	0	1.17	0	0	0	0
1421443024019073050	CPU_4	92.94	0	7.05	0	0	0	0	0	0	0
1421443024879061823	CPU_4	92.04	0	6.81	0	0	1.13	0	0	0	0
1421443025734122144	CPU_4	92.94	0	5.88	0	0	0	1.17	0	0	0
1421443026594118791	CPU_4	93.10	0	5.74	0	0	1.14	0	0	0	0
1421443027454124728	CPU_4	92.94	0	7.05	0	0	0	0	0	0	0
1421443028304120265	CPU_4	92.94	0	5.88	0	0	1.17	0	0	0	0
1421443029164076785	CPU_4	93.02	0	5.81	0	0	0	1.16	0	0	0
1421443030024022722	CPU_4	91.86	0	8.13	0	0	0	0	0	0	0
1421443030879111791	CPU_4	93.02	0	5.81	0	0	1.16	0	0	0	0
1421443031739076893	CPU_4	92.94	0	7.05	0	0	0	0	0	0	0
1421443032594096545	CPU_4	89.65	0	8.04	0	0	1.14	1.14	0	0	0
1421443033453145440	CPU_4	94.18	0	5.81	0	0	0	0	0	0	0
1421443034314137915	CPU_4	91.76	0	7.05	0	0	1.17	0	0	0	0
1421443035184089626	CPU_4	93.10	0	6.89	0	0	0	0	0	0	0
1421443036039050484	CPU_4	91.86	0	5.81	0	0	1.16	1.16	0	0	0
1421443036894089592	CPU_4	90.58	0	9.41	0	0	0	0	0	0	0
1421443037754059608	CPU_4	93.02	0	5.81	0	0	1.16	0	0	0	0
1421443038614099291	CPU_4	93.02	0	6.97	0	0	0	0	0	0	0
1421443039474080974	CPU_4	90.69	0	6.97	0	0	1.16	1.16	0	0	0
1421443040329054122	CPU_4	90.69	0	9.30	0	0	0	0	0	0	0
1421443041194106462	CPU_4	93.02	0	5.81	0	0	1.16	0	0	0	0
1421443042058994219	CPU_4	93.02	0	6.97	0	0	0	0	0	0	0
1421443042914159366	CPU_4	90.80	0	6.89	0	0	1.14	1.14	0	0	0
1421443043779110289	CPU_4	94.11	0	5.88	0	0	0	0	0	0	0
1421443044634065602	CPU_4	91.86	0	6.97	0	0	1.16	0	0	0	0
1421443045494082073	CPU_4	91.86	0	6.97	0	0	0	1.16	0	0	0
1421443046354128336	CPU_4	90.69	0	8.13	0	0	1.16	0	0	0	0
1421443047214083556	CPU_4	90.58	0	9.41	0	0	0	0	0	0	0
1421443048069141326	CPU_4	89.53	0	9.30	0	0	1.16	0	0	0	0
1421443048933994622	CPU_4	89.65	0	8.04	0	0	1.14	1.14	0	0	0
1421443049804179159	CPU_4	89.53	0	10.46	0	0	0	0	0	0	0
1421443050659081302	CPU_4	91.86	0	6.97	0	0	1.16	0	0	0	0
1421443051519101229	CPU_4	90.69	0	9.30	0	0	0	0	0	0	0
1421443052379215781	CPU_4	91.95	0	5.74	0	0	1.14	1.14	0	0	0
1421443053244090533	CPU_4	91.86	0	8.13	0	0	0	0	0	0	0
1421443054109047243	CPU_4	91.95	0	6.89	0	0	1.14	0	0	0	0
1421443054964585633	CPU_4	92.94	0	5.88	0	0	0	1.17	0	0	0
1421443055834059252	CPU_4	89.77	0	9.09	0	0	1.13	0	0	0	0
1421443056699051336	CPU_4	92.94	0	7.05	0	0	0	0	0	0	0
1421443057559101426	CPU_4	91.95	0	6.89	0	0	1.14	0	0	0	0
1421443058419083017	CPU_4	91.76	0	7.05	0	0	0	1.17	0	0	0
1421443059279130315	CPU_4	90.80	0	8.04	0	0	1.14	0	0	0	0
1421443060134072205	CPU_4	91.66	0	8.33	0	0	0	0	0	0	0
1421443060999089161	CPU_4	92.04	0	5.68	0	0	1.13	1.13	0	0	0
1421443061854066217	CPU_4	90.58	0	9.41	0	0	0	0	0	0	0
1421443062714126305	CPU_4	91.86	0	6.97	0	0	1.16	0	0	0	0
1421443063574031143	CPU_4	91.76	0	8.23	0	0	0	0	0	0	0
1421443064434095898	CPU_4	89.77	0	7.95	0	0	1.13	1.13	0	0	0
1421443065289023076	CPU_4	94.04	0	5.95	0	0	0	0	0	0	0
1421443066139077429	CPU_4	89.41	0	9.41	0	0	1.17	0	0	0	0
1421443066994078023	CPU_4	90.58	0	9.41	0	0	0	0	0	0	0
1421443067859035810	CPU_4	90.90	0	6.81	0	0	1.13	1.13	0	0	0
1421443068719019480	CPU_4	90.69	0	9.30	0	0	0	0	0	0	0
1421443069574063740	CPU_4	90.58	0	8.23	0	0	1.17	0	0	0	0
1421443070434057533	CPU_4	91.86	0	6.97	0	0	0	1.16	0	0	0
1421443071294075201	CPU_4	90.69	0	8.13	0	0	1.16	0	0	0	0
1421443072144077051	CPU_4	91.76	0	8.23	0	0	0	0	0	0	0
1421443073009075336	CPU_4	90.69	0	8.13	0	0	1.16	0	0	0	0
1421443073869052044	CPU_4	91.86	0	6.97	0	0	0	1.16	0	0	0
1421443074724097093	CPU_4	90.69	0	8.13	0	0	1.16	0	0	0	0
1421443075584067093	CPU_4	93.02	0	5.81	0	0	1.16	0	0	0	0
1421443076439148391	CPU_4	91.76	0	8.23	0	0	0	0	0	0	0
1421443077304056966	CPU_4	90.80	0	6.89	0	0	1.14	1.14	0	0	0
1421443078164089839	CPU_4	90.69	0	9.30	0	0	0	0	0	0	0
1421443079039108981	CPU_4	90.80	0	8.04	0	0	1.14	0	0	0	0
1421443079894013236	CPU_4	93.02	0	5.81	0	0	0	1.16	0	0	0
1421443080769074835	CPU_4	92.04	0	6.81	0	0	1.13	0	0	0	0
1421443081629064207	CPU_4	92.94	0	7.05	0	0	0	0	0	0	0
1421443082489143328	CPU_4	91.86	0	6.97	0	0	1.16	0	0	0	0
1421443083359046892	CPU_4	90.80	0	8.04	0	0	0	1.14	0	0	0
1421443084239079481	CPU_4	90.90	0	7.95	0	0	1.13	0	0	0	0
1421443085094118526	CPU_4	92.94	0	7.05	0	0	0	0	0	0	0
1421443085954024771	CPU_4	91.95	0	5.74	0	0	1.14	1.14	0	0	0
1421443086819135216	CPU_4	93.02	0	6.97	0	0	0	0	0	0	0
1421443087684125536	CPU_4	91.95	0	6.89	0	0	1.14	0	0	0	0
1421443088549138980	CPU_4	92.94	0	7.05	0	0	0	0	0	0	0
1421443089404089648	CPU_4	89.65	0	8.04	0	0	1.14	1.14	0	0	0
1421443090269062383	CPU_4	90.80	0	9.19	0	0	0	0	0	0	0
1421443091134050159	CPU_4	91.86	0	6.97	0	0	1.16	0	0	0	0
1421443091989146784	CPU_4	92.94	0	7.05	0	0	0	0	0	0	0
1421443092849055443	CPU_4	89.53	0	8.13	0	0	1.16	1.16	0	0	0
1421443093714082885	CPU_4	90.90	0	7.95	0	0	1.13	0	0	0	0
1421443094574173501	CPU_4	92.85	0	7.14	0	0	0	0	0	0	0
1421443095434050075	CPU_4	90.90	0	6.81	0	0	1.13	1.13	0	0	0
1421443096284095581	CPU_4	92.85	0	7.14	0	0	0	0	0	0	0
1421443097144042362	CPU_4	90.69	0	8.13	0	0	1.16	0	0	0	0
1421443098004033768	CPU_4	90.69	0	9.30	0	0	0	0	0	0	0
1421443098869137250	CPU_4	89.65	0	8.04	0	0	1.14	1.14	0	0	0
1421443099724059413	CPU_4	92.94	0	7.05	0	0	0	0	0	0	0
1421443100584162151	CPU_4	90.69	0	8.13	0	0	1.16	0	0	0	0
1421443101439110605	CPU_4	92.94	0	7.05	0	0	0	0	0	0	0
1421443102299031426	CPU_4	91.95	0	5.74	0	0	1.14	1.14	0	0	0
1421443103159050997	CPU_4	90.58	0	9.41	0	0	0	0	0	0	0
1421443104019133942	CPU_4	90.69	0	8.13	0	0	1.16	0	0	0	0
1421443104879117345	CPU_4	90.69	0	8.13	0	0	0	1.16	0	0	0
1421443105744102198	CPU_4	91.95	0	6.89	0	0	1.14	0	0	0	0
1421443106604100851	CPU_4	93.02	0	6.97	0	0	0	0	0	0	0
1421443107469079870	CPU_4	90.69	0	8.13	0	0	1.16	0	0	0	0
1421443108334111305	CPU_4	90.80	0	8.04	0	0	0	1.14	0	0	0
1421443109189127589	CPU_4	91.86	0	6.97	0	0	1.16	0	0	0	0
1421443110059063099	CPU_4	94.18	0	5.81	0	0	0	0	0	0	0
1421443110919154208	CPU_4	90.69	0	8.13	0	0	1.16	0	0	0	0
1421443111779155358	CPU_4	91.95	0	6.89	0	0	0	1.14	0	0	0
1421443112639129841	CPU_4	89.53	0	9.30	0	0	1.16	0	0	0	0
1421443113494081415	CPU_4	92.94	0	7.05	0	0	0	0	0	0	0
1421443114349140363	CPU_4	89.53	0	8.13	0	0	1.16	1.16	0	0	0
1421443115209073595	CPU_4	93.02	0	5.81	0	0	1.16	0	0	0	0
1421443116084122553	CPU_4	94.11	0	5.88	0	0	0	0	0	0	0
1421443116939118417	CPU_4	90.80	0	8.04	0	0	1.14	0	0	0	0
1421443117799119314	CPU_4	88.37	0	10.46	0	0	0	1.16	0	0	0
1421443118659139753	CPU_4	90.80	0	8.04	0	0	1.14	0	0	0	0
1421443119524164225	CPU_4	94.11	0	5.88	0	0	0	0	0	0	0
1421443120384087079	CPU_4	90.80	0	6.89	0	0	1.14	1.14	0	0	0
1421443121244073600	CPU_4	91.86	0	8.13	0	0	0	0	0	0	0
1421443122109072238	CPU_4	89.53	0	9.30	0	0	1.16	0	0	0	0
1421443122969126258	CPU_4	91.86	0	8.13	0	0	0	0	0	0	0
1421443123824141952	CPU_4	89.65	0	8.04	0	0	1.14	1.14	0	0	0
1421443124684089430	CPU_4	94.11	0	5.88	0	0	0	0	0	0	0
1421443125547582443	CPU_4	90.69	0	8.13	0	0	1.16	0	0	0	0
1421443126409111376	CPU_4	93.02	0	6.97	0	0	0	0	0	0	0
1421443127269154102	CPU_4	88.50	0	9.19	0	0	1.14	1.14	0	0	0
1421443128129104662	CPU_4	92.94	0	7.05	0	0	0	0	0	0	0
1421443128984174312	CPU_4	90.69	0	8.13	0	0	1.16	0	0	0	0
1421443129849078447	CPU_4	90.80	0	8.04	0	0	0	1.14	0	0	0
1421443130709899295	CPU_4	91.95	0	6.89	0	0	1.14	0	0	0	0
1421443131569175813	CPU_4	92.85	0	7.14	0	0	0	0	0	0	0
1421443132434073987	CPU_4	90.80	0	8.04	0	0	1.14	0	0	0	0
1421443133294217669	CPU_4	93.10	0	4.59	0	0	1.14	1.14	0	0	0
1421443134159108760	CPU_4	91.86	0	8.13	0	0	0	0	0	0	0
1421443135022614769	CPU_4	91.86	0	6.97	0	0	1.16	0	0	0	0
1421443135884083823	CPU_4	88.37	0	10.46	0	0	0	1.16	0	0	0
1421443136754110529	CPU_4	91.95	0	6.89	0	0	1.14	0	0	0	0
1421443137614077293	CPU_4	90.58	0	9.41	0	0	0	0	0	0	0
1421443138469064314	CPU_4	91.86	0	6.97	0	0	1.16	0	0	0	0
1421443139329109535	CPU_4	90.80	0	8.04	0	0	0	1.14	0	0	0
1421443140189070631	CPU_4	90.69	0	8.13	0	0	1.16	0	0	0	0
1421443141049143976	CPU_4	94.11	0	5.88	0	0	0	0	0	0	0
1421443141914130814	CPU_4	91.95	0	6.89	0	0	1.14	0	0	0	0
1421443142814505428	CPU_4	88.88	0	10.00	0	0	0	1.11	0	0	0
1421443143663987122	CPU_4	91.76	0	7.05	0	0	1.17	0	0	0	0
1421443144518978974	CPU_4	96.47	0	3.52	0	0	0	0	0	0	0
1421443145379026234	CPU_4	93.10	0	4.59	0	0	1.14	1.14	0	0	0
1421443146228971676	CPU_4	94.04	0	5.95	0	0	0	0	0	0	0
1421443147089066519	CPU_4	93.02	0	5.81	0	0	1.16	0	0	0	0
1421443147944685076	CPU_4	93.02	0	6.97	0	0	0	0	0	0	0
1421443148799062969	CPU_4	90.69	0	6.97	0	0	1.16	1.16	0	0	0
1421443149654052360	CPU_4	90.58	0	8.23	0	0	1.17	0	0	0	0
1421443150509054834	CPU_4	94.11	0	5.88	0	0	0	0	0	0	0
1421443151374044251	CPU_4	92.04	0	5.68	0	0	1.13	1.13	0	0	0
1421443152234002550	CPU_4	90.58	0	9.41	0	0	0	0	0	0	0
1421443153094122973	CPU_4	91.76	0	7.05	0	0	1.17	0	0	0	0
1421443153954058563	CPU_4	94.25	0	5.74	0	0	0	0	0	0	0
1421443154809037743	CPU_4	89.53	0	8.13	0	0	1.16	1.16	0	0	0
1421443155658995140	CPU_4	88.09	0	11.90	0	0	0	0	0	0	0
1421443156514072570	CPU_4	90.69	0	8.13	0	0	1.16	0	0	0	0
1421443157369045249	CPU_4	92.94	0	7.05	0	0	0	0	0	0	0
1421443158224108303	CPU_4	87.20	0	10.46	0	0	1.16	1.16	0	0	0
1421443159084014641	CPU_4	92.94	0	7.05	0	0	0	0	0	0	0
1421443159964134113	CPU_4	92.13	0	6.74	0	0	1.12	0	0	0	0
1421443160819044749	CPU_4	90.69	0	8.13	0	0	0	1.16	0	0	0
1421443161679082169	CPU_4	88.37	0	10.46	0	0	1.16	0	0	0	0
1421443162534210221	CPU_4	89.41	0	9.41	0	0	1.17	0	0	0	0
1421443163394039057	CPU_4	96.51	0	3.48	0	0	0	0	0	0	0
1421443164254094892	CPU_4	89.65	0	8.04	0	0	1.14	1.14	0	0	0
1421443165113522728	CPU_4	94.18	0	5.81	0	0	0	0	0	0	0
1421443165969046111	CPU_4	90.47	0	8.33	0	0	1.19	0	0	0	0
1421443166829052528	CPU_4	91.86	0	6.97	0	0	0	1.16	0	0	0
1421443167684039703	CPU_4	94.18	0	4.65	0	0	1.16	0	0	0	0
1421443168544062912	CPU_4	93.02	0	6.97	0	0	0	0	0	0	0
1421443169404072286	CPU_4	90.80	0	6.89	0	0	1.14	1.14	0	0	0
1421443170259083377	CPU_4	92.94	0	7.05	0	0	0	0	0	0	0
1421443171106182646	CPU_4	61.17	0	8.23	29.41	0	1.17	0	0	0	0
