#Timestamp	CPU_ID	user%	nice%	sys%	idle%	iowait%	irq%	softiq%	steal%	guest%	guest_nice%
1421443173508929258	CPU_4	83.05	0	13.55	0	0	1.69	1.69	0	0	0
1421443174348855621	CPU_4	95.23	0	4.76	0	0	0	0	0	0	0
1421443175193901517	CPU_4	94.04	0	5.95	0	0	0	0	0	0	0
1421443176028955804	CPU_4	92.77	0	6.02	0	0	1.20	0	0	0	0
1421443176883873850	CPU_4	97.67	0	2.32	0	0	0	0	0	0	0
1421443177718889094	CPU_4	91.66	0	5.95	0	0	1.19	1.19	0	0	0
1421443178558902247	CPU_4	92.85	0	7.14	0	0	0	0	0	0	0
1421443179393889324	CPU_4	92.77	0	6.02	0	0	1.20	0	0	0	0
1421443180238908676	CPU_4	92.85	0	7.14	0	0	0	0	0	0	0
1421443181068857677	CPU_4	91.66	0	5.95	0	0	1.19	1.19	0	0	0
1421443181903904253	CPU_4	93.97	0	6.02	0	0	0	0	0	0	0
1421443182733909128	CPU_4	92.77	0	6.02	0	0	1.20	0	0	0	0
1421443183568910995	CPU_4	93.97	0	6.02	0	0	0	0	0	0	0
1421443184413967304	CPU_4	94.11	0	3.52	0	0	1.17	1.17	0	0	0
1421443185253913579	CPU_4	92.85	0	7.14	0	0	0	0	0	0	0
1421443186093898187	CPU_4	94.04	0	4.76	0	0	1.19	0	0	0	0
1421443186928871344	CPU_4	94.04	0	5.95	0	0	0	0	0	0	0
1421443187763895459	CPU_4	93.97	0	4.81	0	0	0	1.20	0	0	0
1421443188598925074	CPU_4	94.04	0	4.76	0	0	1.19	0	0	0	0
1421443189448946539	CPU_4	96.42	0	3.57	0	0	0	0	0	0	0
1421443190288923353	CPU_4	91.76	0	7.05	0	0	1.17	0	0	0	0
1421443191118922142	CPU_4	93.90	0	4.87	0	0	0	1.21	0	0	0
1421443191953924380	CPU_4	92.85	0	5.95	0	0	1.19	0	0	0	0
1421443192788969368	CPU_4	92.77	0	7.22	0	0	0	0	0	0	0
1421443193619015864	CPU_4	87.95	0	10.84	0	0	1.20	0	0	0	0
1421443194464044252	CPU_4	90.58	0	8.23	0	0	0	1.17	0	0	0
1421443195299041780	CPU_4	91.66	0	7.14	0	0	1.19	0	0	0	0
1421443196144072667	CPU_4	89.15	0	10.84	0	0	0	0	0	0	0
1421443196984100437	CPU_4	88.23	0	10.58	0	0	1.17	0	0	0	0
1421443197829130907	CPU_4	88.23	0	10.58	0	0	0	1.17	0	0	0
1421443198673989001	CPU_4	90.47	0	8.33	0	0	1.19	0	0	0	0
1421443199523997129	CPU_4	90.58	0	8.23	0	0	1.17	0	0	0	0
1421443200368991181	CPU_4	91.66	0	7.14	0	0	0	1.19	0	0	0
1421443201222545302	CPU_4	89.53	0	9.30	0	0	1.16	0	0	0	0
1421443202069026309	CPU_4	90.47	0	9.52	0	0	0	0	0	0	0
1421443202913996819	CPU_4	88.23	0	10.58	0	0	1.17	0	0	0	0
1421443203764031361	CPU_4	85.88	0	12.94	0	0	0	1.17	0	0	0
1421443204604021961	CPU_4	90.58	0	8.23	0	0	1.17	0	0	0	0
1421443205458997411	CPU_4	90.47	0	9.52	0	0	0	0	0	0	0
1421443206313997653	CPU_4	90.69	0	8.13	0	0	1.16	0	0	0	0
1421443207159055494	CPU_4	88.23	0	10.58	0	0	0	1.17	0	0	0
1421443208004021126	CPU_4	90.47	0	8.33	0	0	1.19	0	0	0	0
1421443208849097299	CPU_4	95.23	0	4.76	0	0	0	0	0	0	0
1421443209699079797	CPU_4	88.23	0	9.41	0	0	1.17	1.17	0	0	0
1421443210552659956	CPU_4	87.20	0	11.62	0	0	1.16	0	0	0	0
1421443211399053168	CPU_4	92.85	0	7.14	0	0	0	0	0	0	0
1421443212244035132	CPU_4	90.58	0	8.23	0	0	1.17	0	0	0	0
1421443213084250644	CPU_4	63.85	0	34.93	0	0	0	1.20	0	0	0
1421443213929165899	CPU_4	58.82	0	40.00	0	0	1.17	0	0	0	0
1421443214784036429	CPU_4	55.81	0	43.02	0	0	1.16	0	0	0	0
1421443215629098307	CPU_4	55.29	0	43.52	0	0	0	1.17	0	0	0
1421443216474093936	CPU_4	63.52	0	34.11	0	1.17	1.17	0	0	0	0
1421443217319053189	CPU_4	58.33	0	36.90	0	3.57	0	1.19	0	0	0
1421443218159085325	CPU_4	56.62	0	40.96	0	1.20	1.20	0	0	0	0
1421443218984095235	CPU_4	55.42	0	42.16	0	1.20	1.20	0	0	0	0
1421443219824129662	CPU_4	52.94	0	42.35	0	3.52	0	1.17	0	0	0
1421443220659117346	CPU_4	56.09	0	32.92	0	9.75	1.21	0	0	0	0
1421443221514102456	CPU_4	52.94	0	38.82	0	8.23	0	0	0	0	0
1421443222359097082	CPU_4	52.94	0	37.64	0	7.05	1.17	1.17	0	0	0
1421443223209171158	CPU_4	57.64	0	35.29	0	5.88	1.17	0	0	0	0
1421443224044118216	CPU_4	51.21	0	41.46	0	7.31	0	0	0	0	0
1421443224899108283	CPU_4	55.81	0	38.37	0	3.48	1.16	1.16	0	0	0
1421443225744143074	CPU_4	52.32	0	38.37	0	9.30	0	0	0	0	0
1421443226624189850	CPU_4	54.11	0	41.17	0	3.52	1.17	0	0	0	0
1421443227439127064	CPU_4	57.14	0	40.47	0	0	1.19	1.19	0	0	0
1421443228294145963	CPU_4	47.05	0	52.94	0	0	0	0	0	0	0
1421443229074088192	CPU_4	53.84	0	42.30	0	2.56	1.28	0	0	0	0
1421443229929035215	CPU_4	55.81	0	41.86	0	0	1.16	1.16	0	0	0
1421443230719204260	CPU_4	46.83	0	43.03	0	10.12	0	0	0	0	0
1421443231573137951	CPU_4	50.00	0	39.53	0	9.30	1.16	0	0	0	0
1421443232264176991	CPU_4	48.52	0	47.05	0	2.94	0	1.47	0	0	0
1421443233124151171	CPU_4	56.32	0	41.37	0	1.14	1.14	0	0	0	0
1421443233974126701	CPU_4	66.66	0	32.14	0	0	1.19	0	0	0	0
1421443234824118605	CPU_4	77.64	0	21.17	0	0	0	1.17	0	0	0
1421443235684187700	CPU_4	74.41	0	24.41	0	0	1.16	0	0	0	0
1421443236544219338	CPU_4	76.47	0	23.52	0	0	0	0	0	0	0
1421443237394090241	CPU_4	74.71	0	22.98	0	0	1.14	1.14	0	0	0
1421443238239153360	CPU_4	73.80	0	25.00	0	0	1.19	0	0	0	0
1421443239087506640	CPU_4	77.38	0	22.61	0	0	0	0	0	0	0
1421443239944176240	CPU_4	75.58	0	22.09	0	0	1.16	1.16	0	0	0
1421443240802576044	CPU_4	72.94	0	27.05	0	0	0	0	0	0	0
1421443241649097284	CPU_4	75.58	0	23.25	0	0	1.16	0	0	0	0
1421443242494133235	CPU_4	79.76	0	19.04	0	0	1.19	0	0	0	0
1421443243349097752	CPU_4	73.25	0	25.58	0	0	0	1.16	0	0	0
1421443244199084986	CPU_4	76.47	0	22.35	0	0	1.17	0	0	0	0
1421443245049086136	CPU_4	76.19	0	23.80	0	0	0	0	0	0	0
1421443245909090977	CPU_4	75.86	0	21.83	0	0	1.14	1.14	0	0	0
1421443246754185801	CPU_4	76.19	0	22.61	0	0	1.19	0	0	0	0
1421443247624118626	CPU_4	78.16	0	21.83	0	0	0	0	0	0	0
1421443248474087357	CPU_4	75.29	0	22.35	0	0	1.17	1.17	0	0	0
1421443249334171572	CPU_4	78.82	0	21.17	0	0	0	0	0	0	0
1421443250189124545	CPU_4	73.25	0	25.58	0	0	1.16	0	0	0	0
1421443251033911284	CPU_4	76.74	0	20.93	0	0	1.16	1.16	0	0	0
1421443251869055122	CPU_4	91.46	0	8.53	0	0	0	0	0	0	0
1421443252713966777	CPU_4	89.41	0	9.41	0	0	1.17	0	0	0	0
1421443253558982848	CPU_4	94.04	0	5.95	0	0	0	0	0	0	0
1421443254408919161	CPU_4	88.37	0	9.30	0	0	1.16	1.16	0	0	0
1421443255243979456	CPU_4	91.56	0	8.43	0	0	0	0	0	0	0
1421443256089008776	CPU_4	88.09	0	10.71	0	0	1.19	0	0	0	0
1421443256933936637	CPU_4	89.41	0	10.58	0	0	0	0	0	0	0
1421443257768891806	CPU_4	90.47	0	7.14	0	0	1.19	1.19	0	0	0
1421443258618964950	CPU_4	90.47	0	9.52	0	0	0	0	0	0	0
1421443259454150618	CPU_4	91.56	0	8.43	0	0	0	0	0	0	0
1421443260298968104	CPU_4	88.23	0	10.58	0	0	1.17	0	0	0	0
1421443261148951538	CPU_4	91.86	0	5.81	0	0	1.16	1.16	0	0	0
1421443261998949931	CPU_4	90.58	0	9.41	0	0	0	0	0	0	0
1421443262838976881	CPU_4	91.56	0	8.43	0	0	0	0	0	0	0
1421443263678935831	CPU_4	89.41	0	9.41	0	0	1.17	0	0	0	0
1421443264514092081	CPU_4	71.08	0	26.50	0	0	1.20	1.20	0	0	0
1421443265364097264	CPU_4	83.33	0	16.66	0	0	0	0	0	0	0
1421443266214085988	CPU_4	82.55	0	16.27	0	0	1.16	0	0	0	0
1421443267069192245	CPU_4	82.35	0	16.47	0	0	0	1.17	0	0	0
1421443267929224869	CPU_4	84.88	0	13.95	0	0	1.16	0	0	0	0
1421443268789184742	CPU_4	84.88	0	13.95	0	0	1.16	0	0	0	0
1421443269649181698	CPU_4	82.55	0	16.27	0	0	0	1.16	0	0	0
1421443270504090913	CPU_4	81.39	0	17.44	0	0	1.16	0	0	0	0
1421443271354066760	CPU_4	81.17	0	17.64	0	0	1.17	0	0	0	0
1421443272209101265	CPU_4	81.39	0	17.44	0	0	0	1.16	0	0	0
1421443273069706093	CPU_4	80.95	0	17.85	0	0	1.19	0	0	0	0
1421443273914219407	CPU_4	75.58	0	23.25	0	0	1.16	0	0	0	0
1421443274764218586	CPU_4	85.71	0	14.28	0	0	0	0	0	0	0
1421443275614194139	CPU_4	82.75	0	13.79	1.14	0	1.14	1.14	0	0	0
1421443276474187218	CPU_4	82.55	0	16.27	0	0	1.16	0	0	0	0
1421443277329148679	CPU_4	82.35	0	17.64	0	0	0	0	0	0	0
1421443278163313633	CPU_4	35.29	0	8.23	0	54.11	1.17	1.17	0	0	0
1421443278819224047	CPU_4	48.48	0	24.24	0	27.27	0	0	0	0	0
1421443279674161049	CPU_4	80.00	0	18.82	0	0	1.17	0	0	0	0
1421443280524204559	CPU_4	83.52	0	16.47	0	0	0	0	0	0	0
1421443281374076861	CPU_4	87.05	0	10.58	0	0	1.17	1.17	0	0	0
1421443282224099620	CPU_4	79.06	0	19.76	0	0	1.16	0	0	0	0
1421443283074080753	CPU_4	79.76	0	20.23	0	0	0	0	0	0	0
1421443283924114387	CPU_4	81.39	0	16.27	0	0	1.16	1.16	0	0	0
1421443284779259095	CPU_4	81.17	0	18.82	0	0	0	0	0	0	0
1421443285639295586	CPU_4	83.52	0	15.29	0	0	1.17	0	0	0	0
1421443286494323085	CPU_4	79.06	0	19.76	0	0	1.16	0	0	0	0
1421443287349242250	CPU_4	70.93	0	27.90	0	0	0	1.16	0	0	0
1421443288219154682	CPU_4	86.04	0	12.79	0	0	1.16	0	0	0	0
1421443289074283596	CPU_4	88.37	0	10.46	0	0	1.16	0	0	0	0
1421443289944170028	CPU_4	86.20	0	12.64	0	0	0	1.14	0	0	0
1421443290814163583	CPU_4	85.05	0	13.79	0	0	1.14	0	0	0	0
1421443291674142655	CPU_4	86.04	0	12.79	0	0	1.16	0	0	0	0
1421443292534265560	CPU_4	84.88	0	13.95	0	0	0	1.16	0	0	0
1421443293394231631	CPU_4	88.50	0	10.34	0	0	1.14	0	0	0	0
1421443294254123702	CPU_4	85.88	0	12.94	0	0	1.17	0	0	0	0
1421443295119163556	CPU_4	86.04	0	12.79	0	0	0	1.16	0	0	0
1421443295974138467	CPU_4	84.88	0	13.95	0	0	1.16	0	0	0	0
1421443296829122962	CPU_4	85.88	0	12.94	0	0	1.17	0	0	0	0
1421443297694161773	CPU_4	86.04	0	13.95	0	0	0	0	0	0	0
1421443298552498470	CPU_4	87.35	0	10.34	0	0	1.14	1.14	0	0	0
1421443299409098294	CPU_4	82.35	0	17.64	0	0	0	0	0	0	0
1421443300269163154	CPU_4	83.72	0	15.11	0	0	1.16	0	0	0	0
1421443301119173488	CPU_4	87.20	0	10.46	0	0	1.16	1.16	0	0	0
1421443301984155256	CPU_4	89.41	0	10.58	0	0	0	0	0	0	0
1421443302844121156	CPU_4	87.35	0	11.49	0	0	1.14	0	0	0	0
1421443303699151814	CPU_4	82.55	0	15.11	0	0	1.16	1.16	0	0	0
1421443304545998736	CPU_4	52.94	0	17.64	0	29.41	0	0	0	0	0
1421443305198036232	CPU_4	22.58	0	19.35	0	56.45	1.61	0	0	0	0
1421443306034582546	CPU_4	73.17	0	19.51	0	7.31	0	0	0	0	0
1421443306886553208	CPU_4	77.10	0	13.25	0	7.22	1.20	1.20	0	0	0
1421443307732555671	CPU_4	74.11	0	18.82	0	7.05	0	0	0	0	0
1421443308573969017	CPU_4	72.61	0	17.85	0	8.33	1.19	0	0	0	0
1421443309346098811	CPU_4	67.53	0	20.77	0	9.09	1.29	1.29	0	0	0
1421443310193264938	CPU_4	72.83	0	19.75	0	7.40	0	0	0	0	0
1421443311031744871	CPU_4	65.85	0	15.85	0	17.07	1.21	0	0	0	0
1421443311877833874	CPU_4	70.58	0	20.00	0	7.05	1.17	1.17	0	0	0
1421443312719739592	CPU_4	72.50	0	21.25	0	6.25	0	0	0	0	0
1421443313559902563	CPU_4	75.60	0	15.85	0	7.31	1.21	0	0	0	0
1421443314279990359	CPU_4	32.87	0	16.43	0	49.31	0	1.36	0	0	0
1421443314976762319	CPU_4	25.71	0	22.85	0	50.00	1.42	0	0	0	0
1421443315692605247	CPU_4	32.85	0	20.00	0	47.14	0	0	0	0	0
1421443316531601552	CPU_4	70.73	0	19.51	0	8.53	1.21	0	0	0	0
1421443317378012094	CPU_4	72.61	0	20.23	0	5.95	0	1.19	0	0	0
1421443318221997015	CPU_4	68.23	0	20.00	0	10.58	1.17	0	0	0	0
1421443319067940390	CPU_4	69.51	0	21.95	0	7.31	1.21	0	0	0	0
1421443319909545231	CPU_4	73.49	0	18.07	0	7.22	0	1.20	0	0	0
1421443320751528154	CPU_4	73.25	0	17.44	0	8.13	1.16	0	0	0	0
1421443321594220992	CPU_4	72.61	0	20.23	0	7.14	0	0	0	0	0
1421443322436027873	CPU_4	70.93	0	19.76	0	6.97	1.16	1.16	0	0	0
1421443323281821164	CPU_4	70.93	0	19.76	0	8.13	1.16	0	0	0	0
1421443324121308589	CPU_4	72.61	0	20.23	0	7.14	0	0	0	0	0
1421443324972513620	CPU_4	71.95	0	19.51	0	6.09	1.21	1.21	0	0	0
1421443325811178380	CPU_4	71.76	0	20.00	0	7.05	1.17	0	0	0	0
1421443326657057628	CPU_4	72.83	0	19.75	0	7.40	0	0	0	0	0
1421443327392273935	CPU_4	20.27	0	29.72	0	48.64	1.35	0	0	0	0
1421443328088795975	CPU_4	13.04	0	31.88	0	53.62	0	1.44	0	0	0
1421443328804683398	CPU_4	14.86	0	41.89	0	41.89	1.35	0	0	0	0
1421443329537711917	CPU_4	13.51	0	43.24	0	43.24	0	0	0	0	0
1421443330263531947	CPU_4	25.35	0	28.16	1.40	43.66	1.40	0	0	0	0
1421443330996653216	CPU_4	13.15	0	35.52	0	51.31	0	0	0	0	0
1421443331663833136	CPU_4	11.59	0	24.63	0	60.86	1.44	1.44	0	0	0
1421443332337966337	CPU_4	7.57	0	27.27	0	65.15	0	0	0	0	0
1421443333019602774	CPU_4	13.04	0	30.43	0	56.52	0	0	0	0	0
1421443333743443141	CPU_4	18.84	0	34.78	0	44.92	1.44	0	0	0	0
1421443334487500389	CPU_4	20.54	0	35.61	0	43.83	0	0	0	0	0
1421443335217225870	CPU_4	26.38	0	26.38	0	44.44	1.38	1.38	0	0	0
1421443335950015096	CPU_4	19.71	0	35.21	0	45.07	0	0	0	0	0
1421443336681573531	CPU_4	16.00	0	41.33	0	41.33	1.33	0	0	0	0
1421443337407426851	CPU_4	23.61	0	31.94	0	43.05	1.38	0	0	0	0
1421443338142414614	CPU_4	25.71	0	27.14	0	45.71	0	1.42	0	0	0
1421443338863394942	CPU_4	17.80	0	39.72	0	41.09	1.36	0	0	0	0
1421443339589959676	CPU_4	18.84	0	34.78	0	46.37	0	0	0	0	0
1421443340323379774	CPU_4	15.38	0	43.58	0	39.74	1.28	0	0	0	0
1421443340966480232	CPU_4	3.03	0	19.69	0	77.27	0	0	0	0	0
1421443341611664936	CPU_4	6.34	0	23.80	0	69.84	0	0	0	0	0
1421443342349002444	CPU_4	22.22	0	31.94	0	43.05	1.38	1.38	0	0	0
1421443343070349728	CPU_4	10.95	0	41.09	0	47.94	0	0	0	0	0
1421443343766760928	CPU_4	13.23	0	30.88	0	54.41	1.47	0	0	0	0
1421443344456652390	CPU_4	17.39	0	31.88	0	50.72	0	0	0	0	0
1421443345180080336	CPU_4	13.69	0	41.09	0	43.83	0	1.36	0	0	0
1421443345848996374	CPU_4	12.12	0	30.30	0	56.06	1.51	0	0	0	0
1421443346543642202	CPU_4	17.64	0	27.94	0	54.41	0	0	0	0	0
1421443347242593855	CPU_4	20.89	0	31.34	0	46.26	1.49	0	0	0	0
1421443347966932007	CPU_4	19.44	0	36.11	0	44.44	0	0	0	0	0
1421443348686548584	CPU_4	17.10	0	39.47	0	40.78	1.31	1.31	0	0	0
1421443349421708759	CPU_4	15.58	0	42.85	0	41.55	0	0	0	0	0
1421443350144812871	CPU_4	15.27	0	40.27	0	43.05	1.38	0	0	0	0
1421443350869671229	CPU_4	16.90	0	38.02	0	45.07	0	0	0	0	0
1421443351602432824	CPU_4	19.17	0	36.98	0	42.46	1.36	0	0	0	0
1421443352329968927	CPU_4	17.80	0	36.98	0	43.83	0	1.36	0	0	0
1421443353058134571	CPU_4	24.28	0	30.00	0	44.28	1.42	0	0	0	0
1421443353785199592	CPU_4	24.28	0	28.57	0	45.71	1.42	0	0	0	0
1421443354518656476	CPU_4	17.80	0	39.72	0	42.46	0	0	0	0	0
1421443355242402043	CPU_4	13.88	0	40.27	0	43.05	1.38	1.38	0	0	0
1421443355970519561	CPU_4	21.91	0	34.24	0	43.83	0	0	0	0	0
1421443356696095375	CPU_4	18.30	0	36.61	0	43.66	1.40	0	0	0	0
1421443357418915276	CPU_4	14.08	0	40.84	0	45.07	0	0	0	0	0
1421443358155584279	CPU_4	18.66	0	38.66	0	41.33	1.33	0	0	0	0
1421443358881278050	CPU_4	14.47	0	42.10	0	42.10	0	1.31	0	0	0
1421443359606240863	CPU_4	19.44	0	36.11	0	43.05	1.38	0	0	0	0
1421443360341289743	CPU_4	17.33	0	41.33	0	41.33	0	0	0	0	0
1421443361068933968	CPU_4	18.18	0	38.96	0	41.55	1.29	0	0	0	0
1421443361797341900	CPU_4	14.10	0	44.87	0	39.74	0	1.28	0	0	0
1421443362521320589	CPU_4	20.27	0	35.13	0	43.24	1.35	0	0	0	0
1421443363250122312	CPU_4	18.30	0	36.61	0	45.07	0	0	0	0	0
1421443363979996449	CPU_4	20.83	0	34.72	0	43.05	1.38	0	0	0	0
1421443364706666966	CPU_4	15.06	0	42.46	0	42.46	0	0	0	0	0
1421443365441907010	CPU_4	21.33	0	33.33	0	42.66	1.33	1.33	0	0	0
1421443366171263898	CPU_4	21.91	0	34.24	0	43.83	0	0	0	0	0
1421443366908487104	CPU_4	20.83	0	34.72	0	43.05	1.38	0	0	0	0
1421443367637754075	CPU_4	16.43	0	39.72	0	43.83	0	0	0	0	0
1421443368374302532	CPU_4	20.00	0	34.66	0	42.66	1.33	1.33	0	0	0
1421443369098488052	CPU_4	23.52	0	30.88	0	45.58	0	0	0	0	0
1421443369820489117	CPU_4	20.00	0	34.28	0	44.28	1.42	0	0	0	0
1421443370551492458	CPU_4	25.00	0	30.55	1.38	43.05	0	0	0	0	0
1421443371273970105	CPU_4	20.83	0	34.72	0	43.05	1.38	0	0	0	0
1421443372017953841	CPU_4	19.44	0	34.72	0	44.44	0	1.38	0	0	0
1421443372742906400	CPU_4	16.90	0	38.02	0	43.66	1.40	0	0	0	0
1421443373465083671	CPU_4	21.73	0	33.33	0	44.92	0	0	0	0	0
1421443374203226916	CPU_4	12.32	0	43.83	0	42.46	1.36	0	0	0	0
1421443374925536353	CPU_4	21.33	0	36.00	0	41.33	0	1.33	0	0	0
1421443375662619557	CPU_4	17.10	0	39.47	0	42.10	1.31	0	0	0	0
1421443376388590280	CPU_4	18.57	0	35.71	0	44.28	1.42	0	0	0	0
1421443377122738655	CPU_4	18.98	0	41.77	0	39.24	0	0	0	0	0
1421443377854160826	CPU_4	14.86	0	40.54	0	43.24	1.35	0	0	0	0
1421443378576049597	CPU_4	16.43	0	39.72	0	42.46	0	1.36	0	0	0
1421443379306306520	CPU_4	17.80	0	38.35	0	42.46	1.36	0	0	0	0
1421443380025777419	CPU_4	20.00	0	35.71	0	44.28	0	0	0	0	0
1421443380767875237	CPU_4	15.06	0	41.09	0	42.46	1.36	0	0	0	0
1421443381499470615	CPU_4	18.66	0	37.33	0	42.66	0	1.33	0	0	0
1421443382226094751	CPU_4	22.53	0	32.39	0	43.66	1.40	0	0	0	0
1421443382966410489	CPU_4	20.83	0	36.11	0	43.05	0	0	0	0	0
1421443383694145998	CPU_4	21.91	0	32.87	0	43.83	1.36	0	0	0	0
1421443384434306027	CPU_4	16.21	0	41.89	0	41.89	0	0	0	0	0
1421443385162848075	CPU_4	18.05	0	34.72	0	44.44	1.38	1.38	0	0	0
1421443385891746415	CPU_4	20.83	0	37.50	0	41.66	0	0	0	0	0
1421443386625554329	CPU_4	14.47	0	42.10	0	42.10	1.31	0	0	0	0
1421443387354401043	CPU_4	14.08	0	42.25	0	43.66	0	0	0	0	0
1421443388082290091	CPU_4	15.78	0	40.78	0	40.78	1.31	1.31	0	0	0
1421443388811956511	CPU_4	17.39	0	37.68	0	44.92	0	0	0	0	0
1421443389546921922	CPU_4	16.00	0	40.00	0	42.66	1.33	0	0	0	0
1421443390277741590	CPU_4	23.61	0	33.33	0	43.05	0	0	0	0	0
1421443391012823792	CPU_4	26.02	0	30.13	0	42.46	1.36	0	0	0	0
1421443391744056959	CPU_4	21.42	0	31.42	0	45.71	0	1.42	0	0	0
1421443392460671567	CPU_4	17.14	0	37.14	0	44.28	1.42	0	0	0	0
1421443393198137681	CPU_4	18.30	0	38.02	0	43.66	0	0	0	0	0
1421443393924268355	CPU_4	19.48	0	38.96	0	40.25	1.29	0	0	0	0
1421443394653523816	CPU_4	15.06	0	41.09	0	42.46	0	1.36	0	0	0
1421443395376049038	CPU_4	23.61	0	31.94	0	43.05	1.38	0	0	0	0
1421443396098341635	CPU_4	15.06	0	43.83	0	41.09	0	0	0	0	0
1421443396837328620	CPU_4	8.64	0	50.61	0	39.50	1.23	0	0	0	0
1421443397565044082	CPU_4	26.76	0	29.57	0	43.66	0	0	0	0	0
1421443398300213656	CPU_4	22.53	0	30.98	0	43.66	1.40	1.40	0	0	0
1421443399038994266	CPU_4	20.83	0	41.66	0	36.11	1.38	0	0	0	0
1421443399845883050	CPU_4	33.76	0	35.06	0	31.16	0	0	0	0	0
1421443400653305791	CPU_4	29.62	0	37.03	1.23	30.86	1.23	0	0	0	0
1421443401463107903	CPU_4	32.92	0	36.58	0	29.26	0	1.21	0	0	0
1421443402269772936	CPU_4	26.92	0	39.74	0	32.05	1.28	0	0	0	0
1421443403082147210	CPU_4	35.00	0	33.75	0	30.00	1.25	0	0	0	0
1421443403893602735	CPU_4	31.32	0	37.34	0	30.12	0	1.20	0	0	0
1421443404675228810	CPU_4	28.57	0	40.25	0	29.87	1.29	0	0	0	0
1421443405471024320	CPU_4	32.46	0	35.06	0	32.46	0	0	0	0	0
1421443406277816143	CPU_4	30.37	0	37.97	0	30.37	1.26	0	0	0	0
1421443407064292459	CPU_4	30.76	0	35.89	0	30.76	1.28	1.28	0	0	0
1421443407856057058	CPU_4	31.57	0	38.15	0	30.26	0	0	0	0	0
1421443408654741770	CPU_4	28.00	0	38.66	0	32.00	1.33	0	0	0	0
1421443409462083799	CPU_4	28.04	0	41.46	0	30.48	0	0	0	0	0
1421443410256690267	CPU_4	34.14	0	34.14	0	29.26	1.21	1.21	0	0	0
1421443411043455331	CPU_4	28.57	0	38.96	0	31.16	1.29	0	0	0	0
1421443411845683494	CPU_4	28.00	0	40.00	0	32.00	0	0	0	0	0
1421443412639172379	CPU_4	28.94	0	38.15	0	31.57	1.31	0	0	0	0
1421443413439361878	CPU_4	35.89	0	29.48	0	32.05	1.28	1.28	0	0	0
1421443414256563431	CPU_4	23.75	0	45.00	0	31.25	0	0	0	0	0
1421443415063039293	CPU_4	30.48	0	39.02	0	29.26	1.21	0	0	0	0
1421443415852152976	CPU_4	33.33	0	37.17	0	29.48	0	0	0	0	0
1421443416637789124	CPU_4	33.75	0	32.50	0	31.25	1.25	1.25	0	0	0
1421443417450601516	CPU_4	26.66	0	38.66	0	33.33	1.33	0	0	0	0
1421443418240103031	CPU_4	30.55	0	36.11	0	33.33	0	0	0	0	0
1421443419048813305	CPU_4	31.57	0	35.52	0	31.57	1.31	0	0	0	0
1421443419856293664	CPU_4	23.68	0	42.10	0	32.89	0	1.31	0	0	0
1421443420638079108	CPU_4	26.02	0	39.72	0	32.87	1.36	0	0	0	0
1421443421402006208	CPU_4	28.76	0	36.98	0	34.24	0	0	0	0	0
1421443422195767256	CPU_4	31.57	0	35.52	0	31.57	1.31	0	0	0	0
1421443423002747364	CPU_4	33.75	0	33.75	0	30.00	1.25	1.25	0	0	0
1421443423794940915	CPU_4	32.50	0	35.00	0	32.50	0	0	0	0	0
1421443424607838095	CPU_4	27.27	0	40.25	0	31.16	1.29	0	0	0	0
1421443425406753883	CPU_4	29.11	0	37.97	0	31.64	1.26	0	0	0	0
1421443426211924619	CPU_4	26.58	0	41.77	0	30.37	0	1.26	0	0	0
1421443427016253688	CPU_4	32.05	0	33.33	0	33.33	1.28	0	0	0	0
1421443427827782454	CPU_4	32.89	0	34.21	0	32.89	0	0	0	0	0
1421443428621024792	CPU_4	29.33	0	37.33	0	32.00	1.33	0	0	0	0
1421443429431129976	CPU_4	34.11	0	35.29	0	28.23	1.17	1.17	0	0	0
1421443430221002569	CPU_4	25.60	0	43.90	0	30.48	0	0	0	0	0
1421443431022667725	CPU_4	29.26	0	40.24	0	29.26	1.21	0	0	0	0
1421443431828591457	CPU_4	35.00	0	33.75	0	30.00	0	1.25	0	0	0
1421443432611911269	CPU_4	29.48	0	38.46	0	30.76	1.28	0	0	0	0
1421443433408254434	CPU_4	30.76	0	37.17	0	30.76	1.28	0	0	0	0
1421443434202475726	CPU_4	29.87	0	38.96	0	31.16	0	0	0	0	0
1421443435015511695	CPU_4	32.05	0	34.61	0	30.76	1.28	1.28	0	0	0
1421443435773283508	CPU_4	18.05	0	40.27	0	41.66	0	0	0	0	0
1421443436525006665	CPU_4	10.14	0	44.92	0	43.47	1.44	0	0	0	0
1421443437262370680	CPU_4	15.71	0	28.57	0	55.71	0	0	0	0	0
1421443437902228322	CPU_4	1.56	0	18.75	0	79.68	0	0	0	0	0
1421443438553713735	CPU_4	6.15	0	23.07	0	67.69	1.53	1.53	0	0	0
1421443439300019234	CPU_4	15.78	0	43.42	0	40.78	0	0	0	0	0
1421443440049291436	CPU_4	18.91	0	40.54	0	39.18	1.35	0	0	0	0
1421443440746318520	CPU_4	5.88	0	20.58	0	73.52	0	0	0	0	0
1421443441452958378	CPU_4	14.49	0	43.47	0	42.02	0	0	0	0	0
1421443442195314300	CPU_4	7.22	0	26.50	0	57.83	1.20	7.22	0	0	0
1421443442839572724	CPU_4	1.58	0	17.46	0	80.95	0	0	0	0	0
1421443443590960463	CPU_4	16.66	0	41.66	0	41.66	0	0	0	0	0
1421443444348014941	CPU_4	15.78	0	43.42	0	39.47	1.31	0	0	0	0
1421443445095404478	CPU_4	16.43	0	43.83	0	39.72	0	0	0	0	0
1421443445850904750	CPU_4	15.78	0	43.42	0	39.47	1.31	0	0	0	0
1421443446602241987	CPU_4	18.30	0	39.43	0	42.25	0	0	0	0	0
1421443447350005564	CPU_4	18.91	0	40.54	0	39.18	1.35	0	0	0	0
1421443448097828432	CPU_4	15.49	0	40.84	0	42.25	1.40	0	0	0	0
1421443448856891614	CPU_4	15.78	0	44.73	0	39.47	0	0	0	0	0
1421443449606058520	CPU_4	21.05	0	38.15	0	39.47	1.31	0	0	0	0
1421443450356871508	CPU_4	15.27	0	44.44	0	40.27	0	0	0	0	0
1421443451091159023	CPU_4	14.86	0	40.54	0	43.24	1.35	0	0	0	0
1421443451852310325	CPU_4	16.21	0	40.54	0	43.24	0	0	0	0	0
1421443452569697953	CPU_4	8.33	0	27.77	0	63.88	0	0	0	0	0
1421443453211560711	CPU_4	1.56	0	18.75	0	78.12	1.56	0	0	0	0
1421443453920018021	CPU_4	13.04	0	40.57	0	46.37	0	0	0	0	0
1421443454668408594	CPU_4	15.58	0	44.15	0	38.96	1.29	0	0	0	0
1421443455424600570	CPU_4	14.66	0	41.33	1.33	42.66	0	0	0	0	0
1421443456175448888	CPU_4	17.56	0	41.89	0	39.18	1.35	0	0	0	0
1421443456922000505	CPU_4	9.33	0	24.00	0	66.66	0	0	0	0	0
1421443457656961434	CPU_4	14.86	0	45.94	0	39.18	0	0	0	0	0
1421443458411843078	CPU_4	16.00	0	42.66	0	40.00	1.33	0	0	0	0
1421443459171422630	CPU_4	18.05	0	40.27	0	41.66	0	0	0	0	0
1421443459925772774	CPU_4	17.10	0	42.10	0	39.47	1.31	0	0	0	0
1421443460680772042	CPU_4	17.56	0	43.24	0	39.18	0	0	0	0	0
1421443461433941146	CPU_4	19.73	0	39.47	0	39.47	1.31	0	0	0	0
1421443462187967581	CPU_4	20.27	0	37.83	0	41.89	0	0	0	0	0
1421443462939064480	CPU_4	13.33	0	45.33	0	40.00	1.33	0	0	0	0
1421443463697372366	CPU_4	19.73	0	40.78	0	38.15	0	1.31	0	0	0
1421443464447292183	CPU_4	14.86	0	41.89	0	41.89	1.35	0	0	0	0
1421443465218637546	CPU_4	23.68	0	65.78	0	9.21	1.31	0	0	0	0
1421443466183185737	CPU_4	35.05	0	60.82	0	3.09	0	1.03	0	0	0
1421443467141858231	CPU_4	35.41	0	61.45	1.04	1.04	1.04	0	0	0	0
1421443468065496743	CPU_4	35.10	0	48.93	0	13.82	1.06	1.06	0	0	0
1421443468803441079	CPU_4	20.96	0	30.64	0	48.38	0	0	0	0	0
1421443469513671797	CPU_4	19.11	0	36.76	0	42.64	1.47	0	0	0	0
1421443470253968420	CPU_4	23.68	0	35.52	0	39.47	0	1.31	0	0	0
1421443470999583576	CPU_4	19.48	0	38.96	0	40.25	1.29	0	0	0	0
1421443471746693937	CPU_4	18.66	0	40.00	0	41.33	0	0	0	0	0
1421443472487425475	CPU_4	22.78	0	37.97	0	37.97	1.26	0	0	0	0
1421443473237339289	CPU_4	17.56	0	40.54	0	40.54	0	1.35	0	0	0
1421443473995964171	CPU_4	20.77	0	38.96	0	38.96	1.29	0	0	0	0
1421443474735884793	CPU_4	19.11	0	36.76	0	44.11	0	0	0	0	0
1421443475478128870	CPU_4	18.30	0	39.43	0	40.84	1.40	0	0	0	0
1421443476234792337	CPU_4	11.26	0	46.47	0	42.25	0	0	0	0	0
1421443476980231783	CPU_4	20.58	0	33.82	0	42.64	1.47	1.47	0	0	0
1421443477728252515	CPU_4	14.86	0	44.59	0	39.18	1.35	0	0	0	0
1421443478462264313	CPU_4	10.81	0	44.59	0	44.59	0	0	0	0	0
1421443479222789481	CPU_4	24.35	0	34.61	0	39.74	1.28	0	0	0	0
1421443479964185141	CPU_4	14.08	0	45.07	0	40.84	0	0	0	0	0
1421443480713333745	CPU_4	18.91	0	39.18	0	39.18	1.35	1.35	0	0	0
1421443481458125523	CPU_4	13.88	0	44.44	0	41.66	0	0	0	0	0
1421443482216944568	CPU_4	24.35	0	35.89	0	38.46	1.28	0	0	0	0
1421443482958307810	CPU_4	16.90	0	42.25	0	40.84	0	0	0	0	0
1421443483712126447	CPU_4	16.88	0	41.55	0	38.96	1.29	1.29	0	0	0
1421443484454734103	CPU_4	16.43	0	43.83	0	39.72	0	0	0	0	0
1421443485207155241	CPU_4	13.88	0	41.66	0	43.05	1.38	0	0	0	0
1421443485955219512	CPU_4	17.80	0	41.09	0	41.09	0	0	0	0	0
1421443486699952080	CPU_4	11.26	0	46.47	0	40.84	1.40	0	0	0	0
1421443487461973410	CPU_4	16.21	0	41.89	0	40.54	0	1.35	0	0	0
1421443488220896577	CPU_4	15.71	0	40.00	0	42.85	1.42	0	0	0	0
1421443488978556497	CPU_4	20.00	0	40.00	0	40.00	0	0	0	0	0
1421443489718591031	CPU_4	17.56	0	41.89	0	39.18	1.35	0	0	0	0
1421443490477885239	CPU_4	15.78	0	43.42	0	39.47	0	1.31	0	0	0
1421443491212095740	CPU_4	14.86	0	44.59	0	39.18	1.35	0	0	0	0
1421443491975231066	CPU_4	16.43	0	42.46	0	41.09	0	0	0	0	0
1421443492722956543	CPU_4	16.00	0	42.66	0	40.00	1.33	0	0	0	0
1421443493473658515	CPU_4	23.28	0	35.61	0	41.09	0	0	0	0	0
1421443494223008989	CPU_4	13.69	0	43.83	0	39.72	1.36	1.36	0	0	0
1421443494965273059	CPU_4	16.66	0	41.66	0	41.66	0	0	0	0	0
1421443495725891096	CPU_4	20.27	0	39.18	0	39.18	1.35	0	0	0	0
1421443496475456861	CPU_4	18.91	0	40.54	0	40.54	0	0	0	0	0
1421443497235389857	CPU_4	10.25	0	34.61	0	52.56	1.28	1.28	0	0	0
1421443497884309840	CPU_4	1.56	0	18.75	0	79.68	0	0	0	0	0
1421443498943924391	CPU_4	8.41	0	25.23	0	66.35	0	0	0	0	0
1421443499690946534	CPU_4	12.50	0	44.44	0	41.66	1.38	0	0	0	0
1421443500443272792	CPU_4	22.97	0	36.48	0	40.54	0	0	0	0	0
1421443501198635378	CPU_4	13.88	0	41.66	0	41.66	1.38	1.38	0	0	0
1421443501947845516	CPU_4	11.26	0	46.47	0	42.25	0	0	0	0	0
1421443502701295688	CPU_4	15.71	0	41.42	0	41.42	1.42	0	0	0	0
1421443503424028414	CPU_4	19.44	0	40.27	0	40.27	0	0	0	0	0
1421443504187278819	CPU_4	10.52	0	48.68	0	39.47	1.31	0	0	0	0
1421443504936956580	CPU_4	19.48	0	38.96	0	38.96	1.29	1.29	0	0	0
1421443505695942367	CPU_4	21.33	0	40.00	0	38.66	0	0	0	0	0
1421443506445469919	CPU_4	18.18	0	41.55	0	38.96	1.29	0	0	0	0
1421443507202313417	CPU_4	18.66	0	42.66	0	38.66	0	0	0	0	0
1421443507952054136	CPU_4	21.51	0	37.97	0	37.97	1.26	1.26	0	0	0
1421443508705138432	CPU_4	20.27	0	36.48	0	43.24	0	0	0	0	0
1421443509453199236	CPU_4	17.10	0	43.42	0	38.15	1.31	0	0	0	0
1421443510199532876	CPU_4	15.06	0	45.20	0	39.72	0	0	0	0	0
1421443510958289411	CPU_4	18.66	0	40.00	0	40.00	1.33	0	0	0	0
1421443511699378602	CPU_4	5.33	0	32.00	0	61.33	0	1.33	0	0	0
1421443512346178542	CPU_4	0	0	19.04	0	80.95	0	0	0	0	0
1421443513059891531	CPU_4	19.71	0	33.80	0	45.07	1.40	0	0	0	0
1421443513811123703	CPU_4	17.80	0	31.50	0	50.68	0	0	0	0	0
1421443514495290827	CPU_4	18.84	0	20.28	0	59.42	1.44	0	0	0	0
1421443515167858430	CPU_4	16.17	0	22.05	0	60.29	0	1.47	0	0	0
1421443515846581271	CPU_4	11.59	0	28.98	0	59.42	0	0	0	0	0
1421443516619255404	CPU_4	46.05	0	31.57	0	21.05	1.31	0	0	0	0
1421443517483343459	CPU_4	51.16	0	30.23	0	17.44	1.16	0	0	0	0
1421443518337565906	CPU_4	61.90	0	17.85	0	19.04	0	1.19	0	0	0
1421443519193200433	CPU_4	57.47	0	25.28	0	16.09	1.14	0	0	0	0
1421443520054666533	CPU_4	55.95	0	23.80	0	19.04	1.19	0	0	0	0
1421443520909492144	CPU_4	55.81	0	26.74	0	16.27	0	1.16	0	0	0
1421443521682379317	CPU_4	29.48	0	15.38	0	53.84	1.28	0	0	0	0
1421443522358140328	CPU_4	14.92	0	22.38	0	62.68	0	0	0	0	0
1421443523039494871	CPU_4	14.49	0	24.63	0	59.42	1.44	0	0	0	0
1421443523743126082	CPU_4	25.67	0	21.62	0	51.35	0	1.35	0	0	0
1421443524598387066	CPU_4	53.40	0	26.13	0	19.31	1.13	0	0	0	0
1421443525460762495	CPU_4	58.62	0	24.13	0	17.24	0	0	0	0	0
1421443526317096810	CPU_4	45.78	0	34.93	0	16.86	1.20	1.20	0	0	0
1421443527171152670	CPU_4	53.93	0	26.96	0	17.97	1.12	0	0	0	0
1421443528022907742	CPU_4	51.19	0	30.95	0	17.85	0	0	0	0	0
1421443528876305228	CPU_4	49.43	0	31.46	0	16.85	1.12	1.12	0	0	0
1421443529727202593	CPU_4	55.05	0	26.96	0	16.85	1.12	0	0	0	0
1421443530589651853	CPU_4	58.82	0	23.52	0	16.47	1.17	0	0	0	0
1421443531441274716	CPU_4	56.97	0	23.25	0	18.60	0	1.16	0	0	0
1421443532297416445	CPU_4	50.58	0	29.41	0	18.82	1.17	0	0	0	0
1421443533157946125	CPU_4	40.90	0	40.90	0	17.04	1.13	0	0	0	0
1421443534017276640	CPU_4	58.62	0	24.13	0	16.09	0	1.14	0	0	0
1421443534867232962	CPU_4	54.65	0	25.58	0	18.60	1.16	0	0	0	0
1421443535734852087	CPU_4	55.81	0	26.74	0	16.27	1.16	0	0	0	0
1421443536590485107	CPU_4	50.57	0	32.18	0	16.09	0	1.14	0	0	0
1421443537445439586	CPU_4	51.13	0	30.68	0	17.04	1.13	0	0	0	0
1421443538307412345	CPU_4	56.09	0	25.60	0	17.07	1.21	0	0	0	0
1421443539159047913	CPU_4	52.80	0	28.08	0	17.97	0	1.12	0	0	0
1421443540020900670	CPU_4	57.83	0	24.09	0	16.86	1.20	0	0	0	0
1421443540879551183	CPU_4	53.57	0	27.38	0	17.85	1.19	0	0	0	0
1421443541732431582	CPU_4	54.54	0	27.27	0	17.04	0	1.13	0	0	0
1421443542584870563	CPU_4	48.83	0	40.69	0	9.30	1.16	0	0	0	0
1421443543428685894	CPU_4	62.35	0	35.29	0	1.17	1.17	0	0	0	0
1421443544284220244	CPU_4	62.35	0	36.47	0	0	0	1.17	0	0	0
1421443545133563397	CPU_4	68.23	0	29.41	0	1.17	1.17	0	0	0	0
1421443545979417848	CPU_4	70.58	0	28.23	0	1.17	0	0	0	0	0
1421443546829710415	CPU_4	65.88	0	31.76	0	0	1.17	1.17	0	0	0
1421443547674095993	CPU_4	73.49	0	25.30	0	0	1.20	0	0	0	0
1421443548512084456	CPU_4	69.51	0	28.04	0	2.43	0	0	0	0	0
1421443549354144954	CPU_4	74.41	0	23.25	0	0	1.16	1.16	0	0	0
1421443550194073997	CPU_4	78.31	0	20.48	0	1.20	0	0	0	0	0
1421443551020948521	CPU_4	60.71	0	36.90	0	1.19	1.19	0	0	0	0
1421443551834153944	CPU_4	71.25	0	25.00	0	2.50	0	1.25	0	0	0
1421443552679093561	CPU_4	71.42	0	26.19	0	1.19	1.19	0	0	0	0
1421443553552758625	CPU_4	63.21	0	34.48	0	1.14	1.14	0	0	0	0
1421443554407500057	CPU_4	73.25	0	25.58	0	0	0	1.16	0	0	0
1421443555248760220	CPU_4	63.52	0	34.11	0	1.17	1.17	0	0	0	0
1421443556094113209	CPU_4	66.66	0	33.33	0	0	0	0	0	0	0
1421443556928845009	CPU_4	71.76	0	25.88	0	0	1.17	1.17	0	0	0
1421443557725432793	CPU_4	65.38	0	32.05	0	1.28	1.28	0	0	0	0
1421443558579142225	CPU_4	71.76	0	28.23	0	0	0	0	0	0	0
1421443559424197880	CPU_4	66.27	0	31.39	0	0	1.16	1.16	0	0	0
1421443560273862443	CPU_4	70.58	0	27.05	0	2.35	0	0	0	0	0
1421443561124114171	CPU_4	65.47	0	33.33	0	0	1.19	0	0	0	0
1421443561974625566	CPU_4	71.76	0	25.88	0	1.17	0	1.17	0	0	0
1421443562829087744	CPU_4	69.76	0	29.06	0	0	1.16	0	0	0	0
1421443563664143541	CPU_4	73.49	0	21.68	1.20	2.40	1.20	0	0	0	0
1421443564524127417	CPU_4	60.00	0	38.82	0	0	0	1.17	0	0	0
1421443565373983519	CPU_4	68.60	0	30.23	0	0	1.16	0	0	0	0
1421443566208934398	CPU_4	93.97	0	6.02	0	0	0	0	0	0	0
1421443567053972050	CPU_4	90.58	0	7.05	0	0	1.17	1.17	0	0	0
1421443567898928411	CPU_4	95.23	0	4.76	0	0	0	0	0	0	0
1421443568748971928	CPU_4	90.58	0	8.23	0	0	1.17	0	0	0	0
1421443569593993663	CPU_4	91.66	0	8.33	0	0	0	0	0	0	0
1421443570428954748	CPU_4	91.66	0	7.14	0	0	1.19	0	0	0	0
1421443571273947232	CPU_4	90.47	0	8.33	0	0	0	1.19	0	0	0
1421443572119028924	CPU_4	91.86	0	6.97	0	0	1.16	0	0	0	0
1421443572954009883	CPU_4	93.90	0	6.09	0	0	0	0	0	0	0
1421443573808976515	CPU_4	91.86	0	8.13	0	0	0	0	0	0	0
1421443574644207599	CPU_4	79.76	0	17.85	0	0	1.19	1.19	0	0	0
1421443575499097230	CPU_4	68.23	0	30.58	0	0	1.17	0	0	0	0
1421443576354102277	CPU_4	69.41	0	29.41	0	0	0	1.17	0	0	0
1421443577204161791	CPU_4	68.23	0	30.58	0	0	1.17	0	0	0	0
1421443578069210736	CPU_4	65.51	0	33.33	0	0	0	1.14	0	0	0
1421443578924193199	CPU_4	72.94	0	25.88	0	0	1.17	0	0	0	0
1421443579774314254	CPU_4	68.23	0	30.58	0	0	0	1.17	0	0	0
1421443580639192407	CPU_4	69.76	0	29.06	0	0	1.16	0	0	0	0
1421443581514229624	CPU_4	67.41	0	30.33	0	0	1.12	1.12	0	0	0
1421443582364061679	CPU_4	70.23	0	29.76	0	0	0	0	0	0	0
1421443583224286922	CPU_4	66.66	0	31.03	0	0	1.14	1.14	0	0	0
1421443584114070154	CPU_4	70.11	0	29.88	0	0	0	0	0	0	0
1421443584999136102	CPU_4	65.55	0	32.22	0	0	1.11	1.11	0	0	0
1421443585869130535	CPU_4	71.26	0	27.58	0	0	1.14	0	0	0	0
1421443586729103319	CPU_4	68.23	0	30.58	0	0	0	1.17	0	0	0
1421443587587532647	CPU_4	71.26	0	26.43	0	0	1.14	1.14	0	0	0
1421443588444122354	CPU_4	67.05	0	32.94	0	0	0	0	0	0	0
1421443589294174113	CPU_4	69.76	0	27.90	0	0	1.16	1.16	0	0	0
1421443590159249054	CPU_4	73.25	0	25.58	0	0	1.16	0	0	0	0
1421443591012717348	CPU_4	69.41	0	29.41	0	0	0	1.17	0	0	0
1421443591854108580	CPU_4	83.52	0	15.29	0	0	1.17	0	0	0	0
1421443592704070880	CPU_4	85.54	0	14.45	0	0	0	0	0	0	0
1421443593559092962	CPU_4	79.31	0	19.54	0	0	1.14	0	0	0	0
1421443594404032604	CPU_4	84.52	0	14.28	0	0	0	1.19	0	0	0
1421443595254044861	CPU_4	83.72	0	15.11	0	0	1.16	0	0	0	0
1421443596094001636	CPU_4	85.36	0	14.63	0	0	0	0	0	0	0
1421443596944080476	CPU_4	87.20	0	11.62	0	0	1.16	0	0	0	0
1421443597804055381	CPU_4	75.86	0	21.83	0	0	1.14	1.14	0	0	0
1421443598649119312	CPU_4	86.74	0	13.25	0	0	0	0	0	0	0
1421443599499030318	CPU_4	86.04	0	12.79	0	0	1.16	0	0	0	0
1421443600349083656	CPU_4	83.33	0	15.47	0	0	0	1.19	0	0	0
1421443601194208462	CPU_4	79.06	0	19.76	0	0	1.16	0	0	0	0
1421443602054019365	CPU_4	86.90	0	13.09	0	0	0	0	0	0	0
1421443602904115869	CPU_4	84.88	0	13.95	0	0	1.16	0	0	0	0
1421443603759034906	CPU_4	80.23	0	17.44	1.16	0	0	1.16	0	0	0
1421443604619095016	CPU_4	79.31	0	19.54	0	0	1.14	0	0	0	0
1421443605469091936	CPU_4	88.09	0	11.90	0	0	0	0	0	0	0
1421443606314092073	CPU_4	83.52	0	15.29	0	0	1.17	0	0	0	0
1421443607159042960	CPU_4	77.64	0	21.17	0	0	0	1.17	0	0	0
1421443608007552840	CPU_4	83.33	0	15.47	0	0	1.19	0	0	0	0
1421443608859065589	CPU_4	84.70	0	14.11	0	0	1.17	0	0	0	0
1421443609729113471	CPU_4	81.60	0	17.24	0	0	0	1.14	0	0	0
1421443610574023773	CPU_4	88.23	0	10.58	0	0	1.17	0	0	0	0
1421443611424108774	CPU_4	78.57	0	21.42	0	0	0	0	0	0	0
1421443612269125033	CPU_4	80.23	0	18.60	0	0	1.16	0	0	0	0
1421443613119048367	CPU_4	82.14	0	16.66	0	0	0	1.19	0	0	0
1421443613964033209	CPU_4	80.00	0	18.82	0	0	1.17	0	0	0	0
1421443614814087292	CPU_4	84.52	0	15.47	0	0	0	0	0	0	0
1421443615669051991	CPU_4	85.05	0	12.64	0	0	1.14	1.14	0	0	0
1421443616519125781	CPU_4	88.09	0	11.90	0	0	0	0	0	0	0
1421443617369015905	CPU_4	83.52	0	15.29	0	0	1.17	0	0	0	0
1421443618213520705	CPU_4	76.47	0	23.52	0	0	0	0	0	0	0
1421443618879397371	CPU_4	44.77	0	29.85	0	22.38	1.49	1.49	0	0	0
1421443619734484526	CPU_4	57.14	0	34.52	0	7.14	1.19	0	0	0	0
1421443620579599240	CPU_4	55.42	0	37.34	0	7.22	0	0	0	0	0
1421443621432906106	CPU_4	51.19	0	38.09	0	8.33	1.19	1.19	0	0	0
1421443622280172275	CPU_4	51.19	0	41.66	0	7.14	0	0	0	0	0
1421443623135543136	CPU_4	55.95	0	35.71	0	7.14	1.19	0	0	0	0
1421443623981984472	CPU_4	52.94	0	29.41	1.17	14.11	1.17	1.17	0	0	0
1421443624823145192	CPU_4	56.09	0	36.58	0	7.31	0	0	0	0	0
1421443625681272881	CPU_4	53.57	0	38.09	0	7.14	1.19	0	0	0	0
1421443626550369341	CPU_4	56.32	0	34.48	0	6.89	1.14	1.14	0	0	0
1421443627400173795	CPU_4	55.95	0	35.71	0	8.33	0	0	0	0	0
1421443628250333747	CPU_4	54.76	0	36.90	0	7.14	1.19	0	0	0	0
1421443629088940220	CPU_4	49.41	0	30.58	0	17.64	1.17	1.17	0	0	0
1421443629789552444	CPU_4	20.00	0	27.14	0	52.85	0	0	0	0	0
1421443630500697066	CPU_4	19.71	0	28.16	0	52.11	0	0	0	0	0
1421443631226070286	CPU_4	27.53	0	28.98	0	42.02	1.44	0	0	0	0
1421443632065848256	CPU_4	52.38	0	39.28	0	7.14	1.19	0	0	0	0
1421443632908800970	CPU_4	52.43	0	32.92	0	13.41	0	1.21	0	0	0
1421443633755477843	CPU_4	54.11	0	36.47	0	8.23	1.17	0	0	0	0
1421443634597651474	CPU_4	53.01	0	38.55	0	7.22	1.20	0	0	0	0
1421443635447713341	CPU_4	58.33	0	33.33	0	7.14	0	1.19	0	0	0
1421443636305996442	CPU_4	52.38	0	36.90	0	9.52	1.19	0	0	0	0
1421443637149902777	CPU_4	55.81	0	37.20	0	6.97	0	0	0	0	0
1421443638012818411	CPU_4	52.94	0	37.64	0	7.05	1.17	1.17	0	0	0
1421443638772511566	CPU_4	28.00	0	21.33	0	49.33	1.33	0	0	0	0
1421443639478097486	CPU_4	23.52	0	23.52	0	52.94	0	0	0	0	0
1421443640187656858	CPU_4	23.94	0	23.94	0	50.70	1.40	0	0	0	0
1421443640968840889	CPU_4	51.25	0	37.50	0	10.00	0	1.25	0	0	0
1421443641817928588	CPU_4	60.24	0	31.32	0	7.22	1.20	0	0	0	0
1421443642666691413	CPU_4	55.42	0	37.34	0	7.22	0	0	0	0	0
1421443643515665987	CPU_4	47.67	0	43.02	0	6.97	1.16	1.16	0	0	0
1421443644371325464	CPU_4	56.47	0	35.29	0	7.05	1.17	0	0	0	0
1421443645220142038	CPU_4	55.42	0	36.14	0	8.43	0	0	0	0	0
1421443646075941056	CPU_4	56.97	0	33.72	0	6.97	1.16	1.16	0	0	0
1421443646922994340	CPU_4	50.00	0	41.86	0	6.97	1.16	0	0	0	0
1421443647785717887	CPU_4	59.03	0	33.73	0	7.22	0	0	0	0	0
1421443648630312092	CPU_4	52.32	0	38.37	0	6.97	1.16	1.16	0	0	0
1421443649486218651	CPU_4	52.87	0	37.93	0	8.04	1.14	0	0	0	0
1421443650335515888	CPU_4	53.57	0	39.28	0	7.14	0	0	0	0	0
1421443651182340879	CPU_4	51.76	0	38.82	0	7.05	1.17	1.17	0	0	0
1421443652027392915	CPU_4	56.09	0	37.80	0	6.09	0	0	0	0	0
1421443652872004118	CPU_4	60.24	0	30.12	0	8.43	1.20	0	0	0	0
1421443653735774578	CPU_4	56.32	0	34.48	0	6.89	1.14	1.14	0	0	0
1421443654589040181	CPU_4	56.47	0	36.47	0	7.05	0	0	0	0	0
1421443655433998007	CPU_4	88.23	0	10.58	0	0	1.17	0	0	0	0
1421443656283993158	CPU_4	92.85	0	7.14	0	0	0	0	0	0	0
1421443657128990858	CPU_4	92.94	0	4.70	0	0	1.17	1.17	0	0	0
1421443657984037249	CPU_4	95.29	0	4.70	0	0	0	0	0	0	0
1421443658828990282	CPU_4	94.11	0	4.70	0	0	1.17	0	0	0	0
1421443659674101232	CPU_4	95.23	0	4.76	0	0	0	0	0	0	0
1421443660523998672	CPU_4	91.86	0	5.81	0	0	1.16	1.16	0	0	0
1421443661374084820	CPU_4	92.85	0	7.14	0	0	0	0	0	0	0
1421443662219054978	CPU_4	92.94	0	5.88	0	0	1.17	0	0	0	0
1421443663069068667	CPU_4	94.11	0	4.70	0	0	0	1.17	0	0	0
1421443663926995508	CPU_4	91.76	0	7.05	0	0	1.17	0	0	0	0
1421443664779021484	CPU_4	94.18	0	5.81	0	0	0	0	0	0	0
1421443665634089747	CPU_4	92.94	0	5.88	0	0	1.17	0	0	0	0
1421443666479051361	CPU_4	84.70	0	14.11	0	0	0	1.17	0	0	0
1421443667324036599	CPU_4	92.94	0	5.88	0	0	1.17	0	0	0	0
1421443668179072069	CPU_4	92.94	0	7.05	0	0	0	0	0	0	0
1421443669024064640	CPU_4	92.94	0	5.88	0	0	1.17	0	0	0	0
1421443669874045619	CPU_4	91.66	0	7.14	0	0	0	1.19	0	0	0
1421443670727020966	CPU_4	91.76	0	7.05	0	0	1.17	0	0	0	0
1421443671569041625	CPU_4	92.94	0	7.05	0	0	0	0	0	0	0
1421443672419070894	CPU_4	92.94	0	5.88	0	0	1.17	0	0	0	0
1421443673269011496	CPU_4	91.76	0	7.05	0	0	0	1.17	0	0	0
1421443674119079556	CPU_4	94.18	0	4.65	0	0	1.16	0	0	0	0
1421443674969032533	CPU_4	93.97	0	6.02	0	0	0	0	0	0	0
1421443675813985560	CPU_4	94.18	0	4.65	0	0	1.16	0	0	0	0
1421443676669066235	CPU_4	91.76	0	7.05	0	0	0	1.17	0	0	0
1421443677534187890	CPU_4	93.10	0	5.74	0	0	1.14	0	0	0	0
1421443678379066792	CPU_4	91.66	0	8.33	0	0	0	0	0	0	0
1421443679233999507	CPU_4	90.69	0	8.13	0	0	1.16	0	0	0	0
1421443680079034033	CPU_4	89.28	0	9.52	0	0	0	1.19	0	0	0
1421443680929129382	CPU_4	92.94	0	5.88	0	0	1.17	0	0	0	0
1421443681793991745	CPU_4	91.86	0	8.13	0	0	0	0	0	0	0
1421443682639037019	CPU_4	95.29	0	3.52	0	0	1.17	0	0	0	0
1421443683504025548	CPU_4	91.86	0	6.97	0	0	0	1.16	0	0	0
1421443684359121261	CPU_4	93.02	0	6.97	0	0	0	0	0	0	0
1421443685209134234	CPU_4	91.76	0	7.05	0	0	1.17	0	0	0	0
1421443686059069539	CPU_4	92.94	0	7.05	0	0	0	0	0	0	0
1421443686919085243	CPU_4	91.95	0	5.74	0	0	1.14	1.14	0	0	0
1421443687764036765	CPU_4	92.85	0	7.14	0	0	0	0	0	0	0
1421443688614053278	CPU_4	92.85	0	5.95	0	0	1.19	0	0	0	0
1421443689464109457	CPU_4	96.47	0	3.52	0	0	0	0	0	0	0
1421443690314037886	CPU_4	91.86	0	6.97	0	0	1.16	0	0	0	0
1421443691164097981	CPU_4	90.47	0	8.33	0	0	0	1.19	0	0	0
1421443692004070178	CPU_4	92.94	0	5.88	0	0	1.17	0	0	0	0
1421443692864049587	CPU_4	91.76	0	8.23	0	0	0	0	0	0	0
1421443693719083464	CPU_4	91.86	0	6.97	0	0	1.16	0	0	0	0
1421443694569057350	CPU_4	94.11	0	4.70	0	0	0	1.17	0	0	0
1421443695419098568	CPU_4	90.69	0	8.13	0	0	1.16	0	0	0	0
1421443696274066569	CPU_4	94.04	0	5.95	0	0	0	0	0	0	0
1421443697114091680	CPU_4	91.76	0	7.05	0	0	1.17	0	0	0	0
1421443697969084139	CPU_4	92.94	0	5.88	0	0	0	1.17	0	0	0
1421443698819075148	CPU_4	94.11	0	4.70	0	0	1.17	0	0	0	0
1421443699667963742	CPU_4	92.85	0	7.14	0	0	0	0	0	0	0
1421443700519042706	CPU_4	93.02	0	5.81	0	0	1.16	0	0	0	0
1421443701369073464	CPU_4	94.11	0	4.70	0	0	0	1.17	0	0	0
1421443702219093722	CPU_4	94.11	0	4.70	0	0	1.17	0	0	0	0
1421443703069120146	CPU_4	94.11	0	5.88	0	0	0	0	0	0	0
1421443703909051672	CPU_4	94.04	0	4.76	0	0	1.19	0	0	0	0
1421443704764060377	CPU_4	91.76	0	7.05	0	0	0	1.17	0	0	0
1421443705609077810	CPU_4	94.11	0	5.88	0	0	0	0	0	0	0
1421443706459002357	CPU_4	92.94	0	5.88	0	0	1.17	0	0	0	0
1421443707314054354	CPU_4	95.29	0	4.70	0	0	0	0	0	0	0
1421443708159032744	CPU_4	93.02	0	4.65	0	0	1.16	1.16	0	0	0
1421443709018996897	CPU_4	96.42	0	3.57	0	0	0	0	0	0	0
1421443709874138642	CPU_4	91.86	0	6.97	0	0	1.16	0	0	0	0
1421443710724067355	CPU_4	95.29	0	4.70	0	0	0	0	0	0	0
1421443711574098317	CPU_4	90.58	0	7.05	0	0	1.17	1.17	0	0	0
1421443712424035946	CPU_4	95.29	0	4.70	0	0	0	0	0	0	0
1421443713274010783	CPU_4	92.94	0	5.88	0	0	1.17	0	0	0	0
1421443714124076120	CPU_4	94.11	0	5.88	0	0	0	0	0	0	0
1421443714974048997	CPU_4	93.02	0	4.65	0	0	1.16	1.16	0	0	0
1421443715824052875	CPU_4	92.94	0	7.05	0	0	0	0	0	0	0
1421443716654082664	CPU_4	14.45	0	80.72	0	2.40	1.20	1.20	0	0	0
1421443717496588013	CPU_4	9.63	0	80.72	0	8.43	1.20	0	0	0	0
1421443718331562418	CPU_4	12.34	0	85.18	0	1.23	0	1.23	0	0	0
1421443719140069121	CPU_4	11.90	0	79.76	1.19	4.76	1.19	1.19	0	0	0
1421443719980443474	CPU_4	15.85	0	75.60	0	7.31	1.21	0	0	0	0
1421443720822315614	CPU_4	20.48	0	73.49	0	4.81	0	1.20	0	0	0
1421443721667557540	CPU_4	12.94	0	78.82	0	5.88	1.17	1.17	0	0	0
1421443722486683514	CPU_4	10.12	0	82.27	0	6.32	1.26	0	0	0	0
1421443723313881432	CPU_4	10.97	0	78.04	0	9.75	0	1.21	0	0	0
1421443724144919175	CPU_4	10.84	0	83.13	0	3.61	1.20	1.20	0	0	0
1421443724983505945	CPU_4	15.66	0	74.69	0	7.22	1.20	1.20	0	0	0
1421443725816111143	CPU_4	15.85	0	73.17	0	10.97	0	0	0	0	0
1421443726656370493	CPU_4	13.25	0	80.72	0	3.61	1.20	1.20	0	0	0
1421443727459966702	CPU_4	11.25	0	77.50	0	8.75	1.25	1.25	0	0	0
1421443728291025360	CPU_4	12.34	0	81.48	0	6.17	0	0	0	0	0
1421443729116304321	CPU_4	13.25	0	77.10	0	7.22	1.20	1.20	0	0	0
1421443729956609294	CPU_4	14.28	0	80.95	0	2.38	1.19	1.19	0	0	0
1421443730783726626	CPU_4	11.11	0	80.24	0	8.64	0	0	0	0	0
1421443731607335880	CPU_4	15.66	0	75.90	0	6.02	1.20	1.20	0	0	0
1421443732441449739	CPU_4	11.76	0	83.52	0	2.35	1.17	1.17	0	0	0
1421443733233124260	CPU_4	15.18	0	73.41	0	11.39	0	0	0	0	0
1421443734069612156	CPU_4	9.52	0	77.38	1.19	9.52	1.19	1.19	0	0	0
1421443734900180396	CPU_4	12.04	0	80.72	0	4.81	1.20	1.20	0	0	0
1421443735707282138	CPU_4	15.00	0	73.75	0	11.25	0	0	0	0	0
1421443736525218818	CPU_4	12.04	0	75.90	0	9.63	1.20	1.20	0	0	0
1421443737372479192	CPU_4	8.33	0	84.52	0	4.76	1.19	1.19	0	0	0
1421443738151730360	CPU_4	12.00	0	84.00	0	4.00	0	0	0	0	0
1421443738931206444	CPU_4	14.10	0	79.48	0	3.84	1.28	1.28	0	0	0
1421443739770901332	CPU_4	15.66	0	79.51	0	2.40	1.20	1.20	0	0	0
1421443740589384842	CPU_4	13.58	0	83.95	0	2.46	0	0	0	0	0
1421443741442560496	CPU_4	10.46	0	77.90	0	9.30	1.16	1.16	0	0	0
1421443742270615613	CPU_4	12.04	0	80.72	0	4.81	1.20	1.20	0	0	0
1421443743096841941	CPU_4	14.81	0	81.48	0	3.70	0	0	0	0	0
1421443743928199593	CPU_4	11.76	0	76.47	1.17	8.23	1.17	1.17	0	0	0
1421443744756752458	CPU_4	15.66	0	78.31	0	3.61	1.20	1.20	0	0	0
1421443745572391222	CPU_4	11.25	0	81.25	0	7.50	0	0	0	0	0
1421443746324740896	CPU_4	17.10	0	75.00	0	5.26	1.31	1.31	0	0	0
1421443747175470219	CPU_4	14.63	0	76.82	0	7.31	0	1.21	0	0	0
1421443748008069533	CPU_4	16.66	0	73.80	0	8.33	1.19	0	0	0	0
1421443748807339368	CPU_4	16.45	0	77.21	0	3.79	1.26	1.26	0	0	0
1421443749655327487	CPU_4	12.04	0	81.92	0	3.61	1.20	1.20	0	0	0
1421443750489962839	CPU_4	9.63	0	87.95	0	2.40	0	0	0	0	0
1421443751328083350	CPU_4	8.43	0	80.72	0	8.43	1.20	1.20	0	0	0
1421443752186617448	CPU_4	10.46	0	84.88	0	2.32	1.16	1.16	0	0	0
1421443752956305837	CPU_4	15.58	0	76.62	0	7.79	0	0	0	0	0
1421443753788443067	CPU_4	13.41	0	75.60	0	8.53	1.21	1.21	0	0	0
1421443754621338254	CPU_4	15.85	0	80.48	0	2.43	0	1.21	0	0	0
1421443755459680846	CPU_4	10.71	0	78.57	0	9.52	1.19	0	0	0	0
1421443756290675328	CPU_4	15.85	0	69.51	0	12.19	1.21	1.21	0	0	0
1421443757140051858	CPU_4	8.23	0	87.05	0	3.52	0	1.17	0	0	0
1421443757978326991	CPU_4	13.09	0	77.38	0	8.33	1.19	0	0	0	0
1421443758785186934	CPU_4	13.58	0	81.48	0	2.46	1.23	1.23	0	0	0
1421443759626313978	CPU_4	16.47	0	80.00	0	2.35	0	1.17	0	0	0
1421443760497787590	CPU_4	14.11	0	81.17	0	2.35	1.17	1.17	0	0	0
1421443761326966364	CPU_4	9.41	0	80.00	0	9.41	1.17	0	0	0	0
1421443762168190199	CPU_4	17.64	0	80.00	0	1.17	0	1.17	0	0	0
1421443762957272090	CPU_4	17.72	0	70.88	0	8.86	1.26	1.26	0	0	0
1421443763814086145	CPU_4	11.76	0	76.47	1.17	9.41	1.17	0	0	0	0
1421443764643973959	CPU_4	17.07	0	78.04	0	3.65	0	1.21	0	0	0
1421443765470581612	CPU_4	10.84	0	75.90	0	10.84	1.20	1.20	0	0	0
1421443766315444813	CPU_4	10.71	0	76.19	0	11.90	1.19	0	0	0	0
1421443767141476383	CPU_4	10.97	0	82.92	0	4.87	0	1.21	0	0	0
1421443767987078249	CPU_4	15.47	0	73.80	0	8.33	1.19	1.19	0	0	0
1421443768825197713	CPU_4	12.04	0	83.13	0	3.61	1.20	0	0	0	0
1421443769656494605	CPU_4	15.85	0	80.48	0	2.43	0	1.21	0	0	0
1421443770462147171	CPU_4	13.75	0	81.25	0	2.50	1.25	1.25	0	0	0
1421443771288990696	CPU_4	12.04	0	77.10	0	9.63	1.20	0	0	0	0
1421443772127251783	CPU_4	9.75	0	84.14	0	4.87	0	1.21	0	0	0
1421443772908677685	CPU_4	10.12	0	84.81	0	2.53	1.26	1.26	0	0	0
1421443773681084353	CPU_4	10.66	0	85.33	0	2.66	1.33	0	0	0	0
1421443774455446601	CPU_4	15.38	0	79.48	0	3.84	0	1.28	0	0	0
1421443775281252836	CPU_4	12.19	0	76.82	0	8.53	1.21	1.21	0	0	0
1421443776099427042	CPU_4	14.63	0	74.39	0	9.75	1.21	0	0	0	0
1421443776930099225	CPU_4	18.82	0	77.64	0	2.35	0	1.17	0	0	0
1421443777698909274	CPU_4	10.66	0	82.66	0	4.00	1.33	1.33	0	0	0
1421443778490729196	CPU_4	16.45	0	78.48	0	3.79	1.26	0	0	0	0
1421443779324465664	CPU_4	15.66	0	80.72	0	2.40	0	1.20	0	0	0
1421443780111087637	CPU_4	11.25	0	83.75	0	2.50	1.25	1.25	0	0	0
1421443780934236290	CPU_4	12.50	0	80.00	0	6.25	1.25	0	0	0	0
1421443781735946651	CPU_4	17.28	0	75.30	0	6.17	0	1.23	0	0	0
1421443782569965450	CPU_4	10.84	0	85.54	0	1.20	1.20	1.20	0	0	0
1421443783351222099	CPU_4	10.38	0	84.41	0	3.89	1.29	0	0	0	0
1421443784129932711	CPU_4	11.68	0	83.11	0	3.89	0	1.29	0	0	0
1421443784891404855	CPU_4	18.42	0	76.31	0	2.63	1.31	1.31	0	0	0
1421443785731556433	CPU_4	9.87	0	81.48	0	8.64	0	0	0	0	0
1421443786568929016	CPU_4	15.29	0	72.94	0	9.41	1.17	1.17	0	0	0
1421443787417576411	CPU_4	12.79	0	82.55	0	2.32	1.16	1.16	0	0	0
1421443788195257773	CPU_4	14.28	0	76.62	0	9.09	0	0	0	0	0
1421443789026449909	CPU_4	15.29	0	78.82	1.17	2.35	1.17	1.17	0	0	0
1421443789880274543	CPU_4	14.28	0	82.14	0	1.19	1.19	1.19	0	0	0
1421443790717545041	CPU_4	14.63	0	82.92	0	2.43	0	0	0	0	0
1421443791479394682	CPU_4	13.15	0	78.94	0	5.26	1.31	1.31	0	0	0
1421443792316662763	CPU_4	11.90	0	78.57	0	7.14	1.19	1.19	0	0	0
1421443793159157543	CPU_4	15.66	0	80.72	0	3.61	0	0	0	0	0
1421443794000609199	CPU_4	10.84	0	75.90	0	10.84	1.20	1.20	0	0	0
1421443794769576909	CPU_4	15.78	0	80.26	0	1.31	1.31	1.31	0	0	0
1421443795603628203	CPU_4	15.47	0	73.80	0	10.71	0	0	0	0	0
1421443796451952303	CPU_4	5.88	0	83.52	0	8.23	1.17	1.17	0	0	0
1421443797296203953	CPU_4	15.29	0	81.17	0	1.17	1.17	1.17	0	0	0
1421443798072032690	CPU_4	20.27	0	72.97	0	6.75	0	0	0	0	0
1421443798890974304	CPU_4	14.28	0	76.19	0	7.14	1.19	1.19	0	0	0
1421443799735650660	CPU_4	16.27	0	79.06	0	2.32	1.16	1.16	0	0	0
1421443800560541428	CPU_4	7.50	0	90.00	0	2.50	0	0	0	0	0
1421443801397973256	CPU_4	11.90	0	71.42	0	14.28	1.19	1.19	0	0	0
1421443802240498699	CPU_4	12.79	0	79.06	0	6.97	0	1.16	0	0	0
1421443803076361362	CPU_4	13.25	0	78.31	0	7.22	1.20	0	0	0	0
1421443803903146542	CPU_4	17.44	0	68.60	1.16	10.46	1.16	1.16	0	0	0
1421443804740868785	CPU_4	12.04	0	85.54	0	1.20	0	1.20	0	0	0
1421443805562469891	CPU_4	12.34	0	77.77	0	8.64	1.23	0	0	0	0
1421443806417800641	CPU_4	9.30	0	79.06	0	9.30	1.16	1.16	0	0	0
1421443807248572104	CPU_4	13.41	0	82.92	0	2.43	0	1.21	0	0	0
1421443808078100153	CPU_4	12.34	0	83.95	0	2.46	1.23	0	0	0	0
1421443808852951180	CPU_4	15.58	0	79.22	0	2.59	1.29	1.29	0	0	0
1421443809695469578	CPU_4	9.75	0	86.58	0	2.43	0	1.21	0	0	0
1421443810540738054	CPU_4	16.27	0	80.23	0	2.32	1.16	0	0	0	0
1421443811337362177	CPU_4	16.04	0	75.30	0	6.17	1.23	1.23	0	0	0
1421443812187800937	CPU_4	12.94	0	77.64	0	8.23	0	1.17	0	0	0
1421443813010229257	CPU_4	10.97	0	84.14	0	2.43	1.21	1.21	0	0	0
1421443813841168236	CPU_4	12.94	0	75.29	1.17	9.41	1.17	0	0	0	0
1421443814662113639	CPU_4	13.41	0	75.60	0	9.75	0	1.21	0	0	0
1421443815504797564	CPU_4	15.29	0	72.94	0	9.41	1.17	1.17	0	0	0
1421443816352705150	CPU_4	14.28	0	78.57	0	5.95	1.19	0	0	0	0
1421443817201705609	CPU_4	15.47	0	82.14	0	1.19	0	1.19	0	0	0
1421443818042152827	CPU_4	17.64	0	72.94	0	7.05	1.17	1.17	0	0	0
1421443818880465837	CPU_4	18.07	0	73.49	0	7.22	1.20	0	0	0	0
1421443819727296214	CPU_4	17.64	0	78.82	0	2.35	0	1.17	0	0	0
1421443820571881425	CPU_4	10.97	0	84.14	0	2.43	1.21	1.21	0	0	0
1421443821365584892	CPU_4	11.25	0	80.00	0	7.50	1.25	0	0	0	0
1421443822223122258	CPU_4	14.28	0	77.38	0	7.14	0	1.19	0	0	0
1421443823057011853	CPU_4	13.09	0	76.19	0	8.33	1.19	1.19	0	0	0
1421443823888924117	CPU_4	17.07	0	74.39	0	7.31	1.21	0	0	0	0
1421443824727820790	CPU_4	12.04	0	78.31	0	8.43	0	1.20	0	0	0
1421443825578536535	CPU_4	72.09	0	24.41	0	1.16	1.16	1.16	0	0	0
1421443826427651156	CPU_4	75.00	0	25.00	0	0	0	0	0	0	0
1421443827273098446	CPU_4	70.58	0	25.88	0	1.17	1.17	1.17	0	0	0
1421443828073734487	CPU_4	70.88	0	27.84	0	1.26	0	0	0	0	0
1421443828929184059	CPU_4	70.11	0	26.43	1.14	0	1.14	1.14	0	0	0
1421443829747963123	CPU_4	76.54	0	22.22	0	0	1.23	0	0	0	0
1421443830562747190	CPU_4	67.85	0	29.76	0	1.19	0	1.19	0	0	0
1421443831421460716	CPU_4	71.76	0	27.05	0	0	1.17	0	0	0	0
1421443832273304039	CPU_4	69.76	0	23.25	0	5.81	0	1.16	0	0	0
1421443833144208094	CPU_4	74.41	0	24.41	0	0	1.16	0	0	0	0
1421443833988127008	CPU_4	73.25	0	24.41	0	1.16	0	1.16	0	0	0
1421443834848559488	CPU_4	76.47	0	22.35	0	0	1.17	0	0	0	0
1421443835708615219	CPU_4	67.81	0	29.88	0	0	1.14	1.14	0	0	0
1421443836562693663	CPU_4	69.87	0	24.09	0	6.02	0	0	0	0	0
1421443837413283984	CPU_4	68.96	0	27.58	0	1.14	1.14	1.14	0	0	0
1421443838268861301	CPU_4	70.23	0	29.76	0	0	0	0	0	0	0
1421443839063212633	CPU_4	67.07	0	29.26	0	1.21	1.21	1.21	0	0	0
1421443839919178115	CPU_4	73.80	0	26.19	0	0	0	0	0	0	0
1421443840782787381	CPU_4	74.41	0	23.25	0	0	1.16	1.16	0	0	0
1421443841639242986	CPU_4	74.11	0	24.70	0	0	1.17	0	0	0	0
1421443842497900589	CPU_4	65.11	0	27.90	0	5.81	0	1.16	0	0	0
1421443843357802774	CPU_4	72.09	0	26.74	0	0	1.16	0	0	0	0
1421443844213671212	CPU_4	70.93	0	27.90	0	0	0	1.16	0	0	0
1421443845069106525	CPU_4	66.27	0	26.74	0	5.81	1.16	0	0	0	0
1421443845866082517	CPU_4	54.87	0	31.70	0	12.19	0	1.21	0	0	0
1421443846598133488	CPU_4	20.27	0	37.83	0	40.54	1.35	0	0	0	0
1421443847304966149	CPU_4	16.43	0	41.09	0	41.09	1.36	0	0	0	0
1421443848033997206	CPU_4	15.49	0	36.61	0	45.07	1.40	1.40	0	0	0
1421443848745639528	CPU_4	16.43	0	41.09	0	42.46	0	0	0	0	0
1421443849448544817	CPU_4	17.14	0	38.57	0	42.85	1.42	0	0	0	0
1421443850155749269	CPU_4	20.54	0	35.61	0	42.46	1.36	0	0	0	0
1421443850881323452	CPU_4	20.27	0	35.13	0	43.24	0	1.35	0	0	0
1421443851563321426	CPU_4	14.49	0	37.68	0	46.37	1.44	0	0	0	0
1421443852285219321	CPU_4	20.00	0	38.66	0	40.00	1.33	0	0	0	0
1421443853014833874	CPU_4	15.06	0	41.09	0	42.46	0	1.36	0	0	0
1421443853751638587	CPU_4	14.66	0	42.66	0	41.33	1.33	0	0	0	0
1421443854474641313	CPU_4	18.05	0	36.11	0	44.44	1.38	0	0	0	0
1421443855208767486	CPU_4	14.28	0	40.00	0	44.28	1.42	0	0	0	0
1421443855933743168	CPU_4	17.56	0	37.83	0	43.24	0	1.35	0	0	0
1421443856655439560	CPU_4	16.66	0	38.88	0	43.05	1.38	0	0	0	0
1421443857357489763	CPU_4	14.08	0	40.84	0	43.66	1.40	0	0	0	0
1421443858069217664	CPU_4	15.27	0	40.27	0	44.44	0	0	0	0	0
1421443858794602594	CPU_4	15.06	0	39.72	0	42.46	1.36	1.36	0	0	0
1421443859495259339	CPU_4	14.08	0	40.84	1.40	42.25	1.40	0	0	0	0
1421443860222873058	CPU_4	10.95	0	42.46	0	45.20	1.36	0	0	0	0
1421443860959568309	CPU_4	16.00	0	42.66	0	41.33	0	0	0	0	0
1421443861682634489	CPU_4	14.28	0	41.55	0	41.55	1.29	1.29	0	0	0
1421443862419519865	CPU_4	19.44	0	33.33	0	45.83	1.38	0	0	0	0
1421443863142507003	CPU_4	19.17	0	39.72	0	41.09	0	0	0	0	0
1421443863859812646	CPU_4	17.56	0	37.83	0	41.89	1.35	1.35	0	0	0
1421443864589851986	CPU_4	16.43	0	41.09	0	41.09	1.36	0	0	0	0
1421443865320483074	CPU_4	14.86	0	41.89	0	41.89	1.35	0	0	0	0
1421443866057156531	CPU_4	24.00	0	33.33	0	42.66	0	0	0	0	0
1421443866777918836	CPU_4	18.91	0	35.13	0	43.24	1.35	1.35	0	0	0
1421443867497822184	CPU_4	13.69	0	43.83	0	41.09	1.36	0	0	0	0
1421443868194705053	CPU_4	14.49	0	40.57	0	44.92	0	0	0	0	0
1421443868923184975	CPU_4	12.50	0	40.27	0	45.83	1.38	0	0	0	0
1421443869660082514	CPU_4	15.78	0	38.15	0	43.42	1.31	1.31	0	0	0
1421443870382473941	CPU_4	14.08	0	42.25	0	42.25	1.40	0	0	0	0
1421443871122611392	CPU_4	15.78	0	40.78	0	43.42	0	0	0	0	0
1421443871849945731	CPU_4	15.27	0	40.27	0	41.66	1.38	1.38	0	0	0
1421443872579805274	CPU_4	16.66	0	42.30	0	39.74	1.28	0	0	0	0
1421443873291370419	CPU_4	21.42	0	34.28	0	44.28	0	0	0	0	0
1421443874024049918	CPU_4	15.27	0	36.11	0	47.22	1.38	0	0	0	0
1421443874759825163	CPU_4	14.66	0	41.33	0	41.33	1.33	1.33	0	0	0
1421443875491567287	CPU_4	18.42	0	38.15	0	42.10	1.31	0	0	0	0
1421443876219339040	CPU_4	13.88	0	41.66	0	44.44	0	0	0	0	0
1421443876956205116	CPU_4	13.33	0	41.33	0	44.00	1.33	0	0	0	0
1421443877680639663	CPU_4	16.00	0	41.33	0	40.00	1.33	1.33	0	0	0
1421443878418618613	CPU_4	13.15	0	43.42	0	43.42	0	0	0	0	0
1421443879140655161	CPU_4	12.32	0	39.72	1.36	45.20	1.36	0	0	0	0
1421443879874263532	CPU_4	13.15	0	44.73	0	39.47	1.31	1.31	0	0	0
1421443880606264319	CPU_4	13.69	0	41.09	0	43.83	1.36	0	0	0	0
1421443881330759156	CPU_4	14.47	0	42.10	0	43.42	0	0	0	0	0
1421443882068820479	CPU_4	13.15	0	44.73	0	40.78	1.31	0	0	0	0
1421443882775237041	CPU_4	16.66	0	37.50	0	43.05	1.38	1.38	0	0	0
1421443883512563531	CPU_4	21.05	0	36.84	0	40.78	1.31	0	0	0	0
1421443884245470733	CPU_4	16.66	0	41.66	0	41.66	0	0	0	0	0
1421443884982318764	CPU_4	14.86	0	40.54	0	43.24	1.35	0	0	0	0
1421443885708914346	CPU_4	15.49	0	36.61	0	45.07	1.40	1.40	0	0	0
1421443886429174601	CPU_4	18.57	0	38.57	0	42.85	0	0	0	0	0
1421443887140186782	CPU_4	17.80	0	38.35	0	42.46	1.36	0	0	0	0
1421443887865286156	CPU_4	16.00	0	37.33	0	44.00	1.33	1.33	0	0	0
1421443888589796656	CPU_4	18.05	0	38.88	0	41.66	1.38	0	0	0	0
1421443889292940093	CPU_4	17.64	0	35.29	1.47	45.58	0	0	0	0	0
1421443890026021751	CPU_4	13.51	0	40.54	0	44.59	1.35	0	0	0	0
1421443890761351364	CPU_4	14.86	0	41.89	0	40.54	1.35	1.35	0	0	0
1421443891478027370	CPU_4	10.95	0	45.20	0	43.83	0	0	0	0	0
1421443892213572941	CPU_4	13.88	0	38.88	0	45.83	1.38	0	0	0	0
1421443892939857895	CPU_4	15.49	0	38.02	0	45.07	1.40	0	0	0	0
1421443893664677642	CPU_4	13.51	0	41.89	0	41.89	1.35	1.35	0	0	0
1421443894395079592	CPU_4	18.91	0	40.54	0	40.54	0	0	0	0	0
1421443895121264504	CPU_4	19.17	0	36.98	0	42.46	1.36	0	0	0	0
1421443895858559862	CPU_4	14.28	0	41.55	0	41.55	1.29	1.29	0	0	0
1421443896588132895	CPU_4	18.30	0	36.61	0	45.07	0	0	0	0	0
1421443897322860339	CPU_4	14.86	0	41.89	0	41.89	1.35	0	0	0	0
1421443898018131863	CPU_4	13.88	0	41.66	0	43.05	1.38	0	0	0	0
1421443898745057314	CPU_4	17.10	0	36.84	0	43.42	1.31	1.31	0	0	0
1421443899481404339	CPU_4	16.66	0	37.50	0	45.83	0	0	0	0	0
1421443900210001579	CPU_4	10.95	0	42.46	0	45.20	1.36	0	0	0	0
1421443900943609148	CPU_4	12.98	0	42.85	0	42.85	1.29	0	0	0	0
1421443901674378260	CPU_4	16.66	0	40.27	0	41.66	0	1.38	0	0	0
1421443902374498569	CPU_4	10.14	0	40.57	0	47.82	1.44	0	0	0	0
1421443903108295512	CPU_4	19.44	0	36.11	0	43.05	1.38	0	0	0	0
1421443903837412916	CPU_4	13.51	0	43.24	0	41.89	1.35	0	0	0	0
1421443904577617101	CPU_4	12.16	0	45.94	0	40.54	0	1.35	0	0	0
1421443905302639718	CPU_4	16.00	0	41.33	0	41.33	1.33	0	0	0	0
1421443906042584278	CPU_4	21.91	0	35.61	0	41.09	1.36	0	0	0	0
1421443906739502338	CPU_4	11.76	0	41.17	0	45.58	0	1.47	0	0	0
1421443907473513236	CPU_4	15.58	0	42.85	0	40.25	1.29	0	0	0	0
1421443908210869547	CPU_4	16.43	0	38.35	0	43.83	1.36	0	0	0	0
1421443908944334862	CPU_4	18.05	0	34.72	0	45.83	1.38	0	0	0	0
1421443909673351264	CPU_4	13.51	0	40.54	0	44.59	0	1.35	0	0	0
1421443910370772114	CPU_4	17.39	0	36.23	0	44.92	1.44	0	0	0	0
1421443911099046141	CPU_4	18.91	0	36.48	0	43.24	1.35	0	0	0	0
1421443911840382322	CPU_4	17.33	0	40.00	0	41.33	1.33	0	0	0	0
1421443912567359808	CPU_4	15.06	0	39.72	0	43.83	0	1.36	0	0	0
1421443913307213031	CPU_4	22.66	0	36.00	0	40.00	1.33	0	0	0	0
1421443914031766310	CPU_4	16.66	0	40.27	0	41.66	1.38	0	0	0	0
1421443914758180088	CPU_4	16.43	0	39.72	0	42.46	0	1.36	0	0	0
1421443915475194166	CPU_4	15.71	0	35.71	0	47.14	1.42	0	0	0	0
1421443916207389603	CPU_4	13.69	0	41.09	0	43.83	1.36	0	0	0	0
1421443916935456670	CPU_4	16.21	0	41.89	0	40.54	1.35	0	0	0	0
1421443917663454611	CPU_4	21.33	0	34.66	0	42.66	0	1.33	0	0	0
1421443918396185588	CPU_4	16.21	0	37.83	0	44.59	1.35	0	0	0	0
1421443919126567818	CPU_4	15.78	0	42.10	1.31	39.47	1.31	0	0	0	0
1421443919822363373	CPU_4	17.14	0	38.57	0	44.28	0	0	0	0	0
1421443920559165179	CPU_4	14.66	0	36.00	0	46.66	1.33	1.33	0	0	0
1421443921290495865	CPU_4	17.80	0	38.35	0	42.46	1.36	0	0	0	0
1421443921998091491	CPU_4	13.88	0	41.66	0	43.05	1.38	0	0	0	0
1421443922722684058	CPU_4	16.21	0	41.89	0	40.54	0	1.35	0	0	0
1421443923455344075	CPU_4	16.21	0	40.54	0	41.89	1.35	0	0	0	0
1421443924181371599	CPU_4	9.58	0	47.94	0	41.09	1.36	0	0	0	0
1421443924908072163	CPU_4	15.06	0	43.83	0	41.09	0	0	0	0	0
1421443925639763471	CPU_4	13.69	0	41.09	0	42.46	1.36	1.36	0	0	0
1421443926335701440	CPU_4	18.84	0	34.78	0	44.92	1.44	0	0	0	0
1421443927072400618	CPU_4	17.56	0	36.48	0	44.59	1.35	0	0	0	0
1421443927800522471	CPU_4	16.43	0	39.72	0	43.83	0	0	0	0	0
1421443928523519162	CPU_4	20.54	0	35.61	0	41.09	1.36	1.36	0	0	0
1421443929262559045	CPU_4	14.86	0	39.18	0	44.59	1.35	0	0	0	0
1421443929991703354	CPU_4	13.69	0	41.09	0	45.20	0	0	0	0	0
1421443930725965241	CPU_4	21.62	0	31.08	0	44.59	1.35	1.35	0	0	0
1421443931454642966	CPU_4	13.69	0	41.09	0	43.83	1.36	0	0	0	0
1421443932192111891	CPU_4	14.66	0	42.66	0	41.33	1.33	0	0	0	0
1421443932917676703	CPU_4	16.66	0	41.66	0	41.66	0	0	0	0	0
1421443933645545136	CPU_4	17.80	0	36.98	0	42.46	1.36	1.36	0	0	0
1421443934378632939	CPU_4	16.21	0	41.89	0	40.54	1.35	0	0	0	0
1421443935104540916	CPU_4	13.69	0	39.72	0	45.20	1.36	0	0	0	0
1421443935843224338	CPU_4	14.66	0	41.33	0	44.00	0	0	0	0	0
1421443936568584272	CPU_4	16.90	0	35.21	0	45.07	1.40	1.40	0	0	0
1421443937298178828	CPU_4	17.56	0	37.83	0	43.24	1.35	0	0	0	0
1421443938028099507	CPU_4	11.11	0	45.83	0	43.05	0	0	0	0	0
1421443938753156191	CPU_4	15.27	0	37.50	0	44.44	1.38	1.38	0	0	0
1421443939482351829	CPU_4	16.43	0	36.98	0	45.20	1.36	0	0	0	0
1421443940207606554	CPU_4	17.14	0	38.57	0	42.85	1.42	0	0	0	0
1421443940909278469	CPU_4	20.28	0	34.78	0	44.92	0	0	0	0	0
1421443941611547759	CPU_4	14.08	0	40.84	0	42.25	1.40	1.40	0	0	0
1421443942339813271	CPU_4	17.56	0	36.48	0	44.59	1.35	0	0	0	0
1421443943072292946	CPU_4	14.08	0	40.84	0	45.07	0	0	0	0	0
1421443943797463336	CPU_4	14.86	0	43.24	0	40.54	1.35	0	0	0	0
1421443944533451673	CPU_4	18.42	0	38.15	0	40.78	1.31	1.31	0	0	0
1421443945259331853	CPU_4	13.51	0	44.59	0	40.54	1.35	0	0	0	0
1421443945959364309	CPU_4	13.23	0	41.17	0	45.58	0	0	0	0	0
1421443946701358764	CPU_4	16.21	0	39.18	0	43.24	1.35	0	0	0	0
1421443947427825193	CPU_4	16.21	0	39.18	0	41.89	1.35	1.35	0	0	0
1421443948160671448	CPU_4	16.21	0	39.18	0	44.59	0	0	0	0	0
1421443948888213000	CPU_4	12.98	0	45.45	1.29	38.96	1.29	0	0	0	0
1421443949581220920	CPU_4	20.00	0	32.85	0	44.28	1.42	1.42	0	0	0
1421443950319886835	CPU_4	13.51	0	40.54	0	44.59	1.35	0	0	0	0
1421443951049888966	CPU_4	15.06	0	41.09	0	43.83	0	0	0	0	0
1421443951782431512	CPU_4	13.69	0	41.09	0	43.83	1.36	0	0	0	0
1421443952511429102	CPU_4	15.27	0	37.50	0	44.44	1.38	1.38	0	0	0
1421443953245105604	CPU_4	18.91	0	37.83	0	43.24	0	0	0	0	0
1421443953967325367	CPU_4	16.90	0	39.43	0	42.25	1.40	0	0	0	0
1421443954694076376	CPU_4	14.86	0	41.89	0	41.89	1.35	0	0	0	0
1421443955424866630	CPU_4	22.53	0	32.39	0	42.25	1.40	1.40	0	0	0
1421443956152505178	CPU_4	12.32	0	43.83	0	43.83	0	0	0	0	0
1421443956887183177	CPU_4	16.00	0	41.33	0	41.33	1.33	0	0	0	0
1421443957591599915	CPU_4	18.05	0	37.50	0	43.05	1.38	0	0	0	0
1421443958316518007	CPU_4	16.21	0	41.89	0	40.54	0	1.35	0	0	0
1421443959054373544	CPU_4	12.16	0	41.89	0	44.59	1.35	0	0	0	0
1421443959780900508	CPU_4	12.67	0	39.43	0	46.47	1.40	0	0	0	0
1421443960510051386	CPU_4	17.80	0	38.35	0	41.09	1.36	1.36	0	0	0
1421443961217655161	CPU_4	16.90	0	39.43	0	43.66	0	0	0	0	0
1421443961951738701	CPU_4	13.51	0	37.83	0	47.29	1.35	0	0	0	0
1421443962684124908	CPU_4	16.66	0	37.50	0	44.44	1.38	0	0	0	0
1421443963412640327	CPU_4	14.08	0	42.25	0	42.25	0	1.40	0	0	0
1421443964156919771	CPU_4	18.91	0	37.83	1.35	40.54	1.35	0	0	0	0
1421443964881414902	CPU_4	14.86	0	40.54	0	43.24	1.35	0	0	0	0
1421443965624593430	CPU_4	15.58	0	44.15	0	38.96	1.29	0	0	0	0
1421443966344565440	CPU_4	16.90	0	36.61	0	45.07	0	1.40	0	0	0
1421443967076764604	CPU_4	17.56	0	39.18	0	41.89	1.35	0	0	0	0
1421443967807820060	CPU_4	13.69	0	43.83	0	41.09	1.36	0	0	0	0
1421443968540732514	CPU_4	16.21	0	36.48	0	44.59	1.35	1.35	0	0	0
1421443969279218711	CPU_4	12.16	0	43.24	0	44.59	0	0	0	0	0
1421443970005731338	CPU_4	17.80	0	35.61	0	45.20	1.36	0	0	0	0
1421443970748299239	CPU_4	17.56	0	36.48	0	44.59	1.35	0	0	0	0
1421443971477800945	CPU_4	16.66	0	36.11	0	45.83	0	1.38	0	0	0
1421443972225101674	CPU_4	18.66	0	36.00	0	44.00	1.33	0	0	0	0
1421443972958334876	CPU_4	16.88	0	41.55	0	40.25	1.29	0	0	0	0
1421443973687485623	CPU_4	13.69	0	43.83	0	41.09	1.36	0	0	0	0
1421443974418897742	CPU_4	19.17	0	36.98	0	42.46	0	1.36	0	0	0
1421443975144403992	CPU_4	19.44	0	37.50	0	41.66	1.38	0	0	0	0
1421443975862661416	CPU_4	17.56	0	37.83	0	43.24	1.35	0	0	0	0
1421443976582208130	CPU_4	12.32	0	42.46	0	42.46	1.36	1.36	0	0	0
1421443977293747519	CPU_4	16.21	0	41.89	0	41.89	0	0	0	0	0
1421443978018549018	CPU_4	18.42	0	38.15	0	42.10	1.31	0	0	0	0
1421443978742653018	CPU_4	15.49	0	40.84	0	42.25	1.40	0	0	0	0
1421443979454581364	CPU_4	14.66	0	42.66	0	41.33	0	1.33	0	0	0
1421443980178968738	CPU_4	17.56	0	36.48	0	44.59	1.35	0	0	0	0
1421443980888086169	CPU_4	16.21	0	40.54	0	41.89	1.35	0	0	0	0
1421443981614530873	CPU_4	15.71	0	40.00	0	44.28	0	0	0	0	0
1421443982343032950	CPU_4	14.28	0	42.85	0	40.25	1.29	1.29	0	0	0
1421443983079737352	CPU_4	15.49	0	40.84	0	42.25	1.40	0	0	0	0
1421443983804929765	CPU_4	16.21	0	41.89	0	40.54	1.35	0	0	0	0
1421443984532594883	CPU_4	18.05	0	38.88	0	41.66	0	1.38	0	0	0
1421443985246644391	CPU_4	13.69	0	42.46	0	42.46	1.36	0	0	0	0
1421443985957375235	CPU_4	16.21	0	40.54	0	41.89	1.35	0	0	0	0
1421443986697821089	CPU_4	13.69	0	39.72	0	45.20	1.36	0	0	0	0
1421443987432297366	CPU_4	17.33	0	38.66	0	42.66	0	1.33	0	0	0
1421443988168758557	CPU_4	15.06	0	41.09	0	42.46	1.36	0	0	0	0
1421443988895391841	CPU_4	13.69	0	39.72	0	45.20	1.36	0	0	0	0
1421443989622786791	CPU_4	17.80	0	36.98	0	45.20	0	0	0	0	0
1421443990361148979	CPU_4	13.88	0	37.50	0	45.83	1.38	1.38	0	0	0
1421443991092897965	CPU_4	16.21	0	39.18	0	43.24	1.35	0	0	0	0
1421443991829747362	CPU_4	11.11	0	43.05	0	44.44	1.38	0	0	0	0
1421443992558214893	CPU_4	11.11	0	45.83	0	43.05	0	0	0	0	0
1421443993294347374	CPU_4	15.49	0	39.43	0	42.25	1.40	1.40	0	0	0
1421443994027946940	CPU_4	14.47	0	42.10	1.31	40.78	1.31	0	0	0	0
1421443994758203801	CPU_4	15.06	0	42.46	0	42.46	0	0	0	0	0
1421443995494738614	CPU_4	14.66	0	40.00	0	42.66	1.33	1.33	0	0	0
1421443996220885978	CPU_4	16.00	0	40.00	0	42.66	1.33	0	0	0	0
1421443996958120456	CPU_4	16.88	0	38.96	0	42.85	1.29	0	0	0	0
1421443997689390315	CPU_4	15.06	0	42.46	0	42.46	0	0	0	0	0
1421443998426990167	CPU_4	16.43	0	36.98	0	43.83	1.36	1.36	0	0	0
1421443999158761816	CPU_4	13.69	0	39.72	0	45.20	1.36	0	0	0	0
1421443999878938644	CPU_4	13.51	0	40.54	0	44.59	1.35	0	0	0	0
1421444000618675284	CPU_4	16.00	0	42.66	0	40.00	0	1.33	0	0	0
1421444001322250420	CPU_4	15.71	0	38.57	0	44.28	1.42	0	0	0	0
1421444002063191308	CPU_4	14.66	0	41.33	0	42.66	1.33	0	0	0	0
1421444002787660088	CPU_4	18.05	0	40.27	0	41.66	0	0	0	0	0
1421444003497926258	CPU_4	16.66	0	37.50	0	43.05	1.38	1.38	0	0	0
1421444004239079228	CPU_4	14.47	0	43.42	0	40.78	1.31	0	0	0	0
1421444004970629708	CPU_4	12.67	0	43.66	0	42.25	1.40	0	0	0	0
1421444005709253805	CPU_4	18.42	0	40.78	0	40.78	0	0	0	0	0
1421444006412632273	CPU_4	16.90	0	38.02	0	42.25	1.40	1.40	0	0	0
1421444007151115995	CPU_4	13.88	0	37.50	0	47.22	1.38	0	0	0	0
1421444007880446351	CPU_4	17.56	0	39.18	0	41.89	1.35	0	0	0	0
1421444008607546084	CPU_4	14.86	0	40.54	0	44.59	0	0	0	0	0
1421444009342971974	CPU_4	17.33	0	40.00	0	40.00	1.33	1.33	0	0	0
1421444010037674158	CPU_4	9.85	0	45.07	0	43.66	1.40	0	0	0	0
1421444010779559207	CPU_4	9.33	0	46.66	0	44.00	0	0	0	0	0
1421444011510587393	CPU_4	15.06	0	39.72	0	43.83	1.36	0	0	0	0
1421444012236143418	CPU_4	14.66	0	40.00	0	42.66	1.33	1.33	0	0	0
1421444012959891111	CPU_4	16.43	0	39.72	0	43.83	0	0	0	0	0
1421444013691063087	CPU_4	16.21	0	41.89	0	40.54	1.35	0	0	0	0
1421444014427937099	CPU_4	11.68	0	45.45	0	40.25	1.29	1.29	0	0	0
1421444015159651949	CPU_4	18.91	0	36.48	0	43.24	1.35	0	0	0	0
1421444015896592043	CPU_4	19.17	0	36.98	0	43.83	0	0	0	0	0
1421444016627578894	CPU_4	13.69	0	43.83	0	41.09	1.36	0	0	0	0
1421444017326813611	CPU_4	17.80	0	36.98	0	42.46	1.36	1.36	0	0	0
1421444018064556828	CPU_4	16.43	0	39.72	0	42.46	1.36	0	0	0	0
1421444018762469212	CPU_4	14.08	0	42.25	0	43.66	0	0	0	0	0
1421444019501274428	CPU_4	16.21	0	39.18	0	43.24	1.35	0	0	0	0
1421444020235347898	CPU_4	14.66	0	37.33	0	45.33	1.33	1.33	0	0	0
1421444020971862491	CPU_4	14.86	0	44.59	0	40.54	0	0	0	0	0
1421444021682453735	CPU_4	14.08	0	40.84	0	43.66	1.40	0	0	0	0
1421444022413243333	CPU_4	18.05	0	37.50	0	41.66	1.38	1.38	0	0	0
1421444023126595158	CPU_4	20.54	0	35.61	0	42.46	1.36	0	0	0	0
1421444023858044171	CPU_4	18.05	0	40.27	0	41.66	0	0	0	0	0
1421444024594132345	CPU_4	17.56	0	39.18	0	41.89	1.35	0	0	0	0
1421444025327217064	CPU_4	18.18	0	38.96	0	40.25	1.29	1.29	0	0	0
1421444026029444274	CPU_4	18.57	0	35.71	0	44.28	1.42	0	0	0	0
1421444026772521523	CPU_4	16.21	0	39.18	0	44.59	0	0	0	0	0
1421444027505869866	CPU_4	20.00	0	38.66	0	40.00	1.33	0	0	0	0
1421444028242107331	CPU_4	16.00	0	41.33	0	40.00	1.33	1.33	0	0	0
1421444028973273550	CPU_4	19.17	0	36.98	1.36	42.46	0	0	0	0	0
1421444029704820435	CPU_4	16.21	0	36.48	0	45.94	1.35	0	0	0	0
1421444030427555746	CPU_4	16.66	0	36.11	0	44.44	1.38	1.38	0	0	0
1421444031156653425	CPU_4	18.30	0	33.80	0	46.47	1.40	0	0	0	0
1421444031881288359	CPU_4	17.56	0	41.89	0	40.54	0	0	0	0	0
1421444032591295724	CPU_4	18.05	0	37.50	0	43.05	1.38	0	0	0	0
1421444033322886108	CPU_4	16.00	0	40.00	0	41.33	1.33	1.33	0	0	0
1421444034042621629	CPU_4	18.57	0	38.57	0	42.85	0	0	0	0	0
1421444034768137393	CPU_4	12.50	0	41.66	0	44.44	1.38	0	0	0	0
1421444035502729981	CPU_4	9.45	0	44.59	0	44.59	1.35	0	0	0	0
1421444036222144459	CPU_4	14.86	0	40.54	0	41.89	1.35	1.35	0	0	0
1421444036952504218	CPU_4	16.66	0	41.66	0	41.66	0	0	0	0	0
1421444037677896064	CPU_4	18.91	0	37.83	0	41.89	1.35	0	0	0	0
1421444038404259576	CPU_4	16.66	0	37.50	0	44.44	1.38	0	0	0	0
1421444039137042164	CPU_4	12.16	0	41.89	0	44.59	0	1.35	0	0	0
1421444039877367077	CPU_4	17.80	0	36.98	0	43.83	1.36	0	0	0	0
1421444040588611312	CPU_4	13.88	0	43.05	0	41.66	1.38	0	0	0	0
1421444041290917557	CPU_4	16.90	0	36.61	0	43.66	1.40	1.40	0	0	0
1421444042028347597	CPU_4	14.66	0	41.33	0	44.00	0	0	0	0	0
1421444042739551915	CPU_4	18.84	0	34.78	0	44.92	1.44	0	0	0	0
1421444043472942542	CPU_4	15.06	0	42.46	0	41.09	1.36	0	0	0	0
1421444044207512168	CPU_4	14.28	0	42.85	0	40.25	1.29	1.29	0	0	0
1421444044931678845	CPU_4	19.17	0	39.72	0	41.09	0	0	0	0	0
1421444045642794912	CPU_4	21.62	0	36.48	0	40.54	1.35	0	0	0	0
1421444046372898875	CPU_4	13.51	0	40.54	0	44.59	1.35	0	0	0	0
1421444047095402554	CPU_4	17.56	0	40.54	0	40.54	0	1.35	0	0	0
1421444047808186034	CPU_4	15.94	0	39.13	0	43.47	1.44	0	0	0	0
1421444048504922740	CPU_4	14.28	0	40.00	0	44.28	1.42	0	0	0	0
1421444049224416504	CPU_4	18.05	0	36.11	0	44.44	0	1.38	0	0	0
1421444049952444634	CPU_4	16.66	0	36.11	0	45.83	1.38	0	0	0	0
1421444050686574215	CPU_4	13.69	0	41.09	0	43.83	1.36	0	0	0	0
1421444051411739889	CPU_4	12.16	0	43.24	0	43.24	1.35	0	0	0	0
1421444052145173012	CPU_4	16.43	0	41.09	0	41.09	0	1.36	0	0	0
1421444052879136718	CPU_4	17.33	0	38.66	0	42.66	1.33	0	0	0	0
1421444053613371798	CPU_4	10.81	0	45.94	0	41.89	1.35	0	0	0	0
1421444054342910590	CPU_4	13.15	0	46.05	0	39.47	1.31	0	0	0	0
1421444055076266421	CPU_4	14.86	0	41.89	0	41.89	0	1.35	0	0	0
1421444055807045378	CPU_4	16.00	0	40.00	0	42.66	1.33	0	0	0	0
1421444056550031197	CPU_4	18.18	0	40.25	0	40.25	1.29	0	0	0	0
1421444057252627351	CPU_4	15.94	0	39.13	0	43.47	0	1.44	0	0	0
1421444057966574326	CPU_4	17.14	0	37.14	0	44.28	1.42	0	0	0	0
1421444058697977781	CPU_4	13.51	0	40.54	0	44.59	1.35	0	0	0	0
1421444059428851696	CPU_4	13.51	0	39.18	1.35	44.59	1.35	0	0	0	0
1421444060162240023	CPU_4	16.45	0	40.50	0	41.77	0	1.26	0	0	0
1421444060888953983	CPU_4	17.56	0	40.54	0	40.54	1.35	0	0	0	0
1421444061628353012	CPU_4	16.00	0	38.66	0	44.00	1.33	0	0	0	0
1421444062364426377	CPU_4	15.27	0	40.27	0	44.44	0	0	0	0	0
1421444063104704404	CPU_4	17.10	0	39.47	0	40.78	1.31	1.31	0	0	0
1421444063817711128	CPU_4	14.08	0	40.84	0	43.66	1.40	0	0	0	0
1421444064547310957	CPU_4	13.88	0	43.05	0	41.66	1.38	0	0	0	0
1421444065289296065	CPU_4	14.86	0	41.89	0	41.89	0	1.35	0	0	0
1421444066017720979	CPU_4	15.27	0	38.88	0	44.44	1.38	0	0	0	0
1421444066757687963	CPU_4	17.56	0	37.83	0	43.24	1.35	0	0	0	0
1421444067478448676	CPU_4	17.56	0	41.89	0	40.54	0	0	0	0	0
1421444068224467861	CPU_4	17.72	0	39.24	0	40.50	1.26	1.26	0	0	0
1421444068955951187	CPU_4	14.66	0	41.33	0	42.66	1.33	0	0	0	0
1421444069687376471	CPU_4	20.27	0	37.83	0	40.54	1.35	0	0	0	0
1421444070425063414	CPU_4	18.91	0	40.54	0	40.54	0	0	0	0	0
1421444071145396501	CPU_4	17.56	0	36.48	0	43.24	1.35	1.35	0	0	0
1421444071885320442	CPU_4	20.77	0	35.06	0	42.85	1.29	0	0	0	0
1421444072615937808	CPU_4	13.69	0	42.46	0	43.83	0	0	0	0	0
1421444073358589620	CPU_4	16.66	0	39.74	0	41.02	1.28	1.28	0	0	0
1421444074089177986	CPU_4	15.78	0	42.10	0	40.78	1.31	0	0	0	0
1421444074823646556	CPU_4	18.91	0	40.54	0	39.18	1.35	0	0	0	0
1421444075562496454	CPU_4	16.21	0	43.24	0	40.54	0	0	0	0	0
1421444076297586105	CPU_4	20.27	0	37.83	0	39.18	1.35	1.35	0	0	0
1421444077043199162	CPU_4	14.66	0	41.33	0	42.66	1.33	0	0	0	0
1421444077780454852	CPU_4	16.66	0	41.66	0	40.27	1.38	0	0	0	0
1421444078481881290	CPU_4	16.00	0	42.66	0	40.00	0	1.33	0	0	0
1421444079216873233	CPU_4	16.00	0	38.66	1.33	42.66	1.33	0	0	0	0
1421444079954727755	CPU_4	14.86	0	41.89	0	41.89	1.35	0	0	0	0
1421444080698320437	CPU_4	22.66	0	34.66	0	42.66	0	0	0	0	0
1421444081428539300	CPU_4	16.21	0	37.83	0	43.24	1.35	1.35	0	0	0
1421444082173746313	CPU_4	20.51	0	41.02	0	37.17	1.28	0	0	0	0
1421444082877319413	CPU_4	15.49	0	42.25	0	42.25	0	0	0	0	0
1421444083620190720	CPU_4	15.78	0	43.42	0	39.47	1.31	0	0	0	0
1421444084353396995	CPU_4	19.48	0	40.25	0	37.66	1.29	1.29	0	0	0
1421444085084474522	CPU_4	16.21	0	43.24	0	39.18	1.35	0	0	0	0
1421444085831644448	CPU_4	14.28	0	44.15	0	41.55	0	0	0	0	0
1421444086572749880	CPU_4	14.81	0	46.91	0	35.80	1.23	1.23	0	0	0
1421444087288311090	CPU_4	16.21	0	41.89	0	40.54	1.35	0	0	0	0
1421444088025542692	CPU_4	17.10	0	39.47	0	42.10	1.31	0	0	0	0
1421444088776432613	CPU_4	17.72	0	40.50	0	41.77	0	0	0	0	0
1421444089508208137	CPU_4	18.18	0	41.55	0	37.66	1.29	1.29	0	0	0
1421444090248075861	CPU_4	13.33	0	44.00	0	41.33	1.33	0	0	0	0
1421444090958791158	CPU_4	14.86	0	44.59	0	40.54	0	0	0	0	0
1421444091699670796	CPU_4	14.47	0	40.78	0	43.42	1.31	0	0	0	0
1421444092442634307	CPU_4	15.58	0	41.55	0	40.25	1.29	1.29	0	0	0
1421444093184344735	CPU_4	15.18	0	45.56	0	37.97	1.26	0	0	0	0
1421444093932694531	CPU_4	17.33	0	41.33	0	41.33	0	0	0	0	0
1421444094667647050	CPU_4	21.79	0	38.46	0	37.17	1.28	1.28	0	0	0
1421444095415175596	CPU_4	17.94	0	41.02	0	39.74	1.28	0	0	0	0
1421444096150579155	CPU_4	16.43	0	38.35	0	43.83	1.36	0	0	0	0
1421444096890451292	CPU_4	18.91	0	41.89	0	39.18	0	0	0	0	0
1421444097603033084	CPU_4	17.33	0	40.00	0	40.00	1.33	1.33	0	0	0
1421444098303120890	CPU_4	24.32	0	33.78	0	40.54	1.35	0	0	0	0
1421444099047403479	CPU_4	18.18	0	40.25	0	41.55	0	0	0	0	0
1421444099788898030	CPU_4	18.42	0	42.10	0	38.15	1.31	0	0	0	0
1421444100519980592	CPU_4	13.15	0	42.10	0	42.10	1.31	1.31	0	0	0
1421444101253006360	CPU_4	16.00	0	44.00	0	38.66	1.33	0	0	0	0
1421444101995143867	CPU_4	14.86	0	41.89	0	43.24	0	0	0	0	0
1421444102745501198	CPU_4	14.66	0	41.33	0	41.33	1.33	1.33	0	0	0
1421444103479262964	CPU_4	14.66	0	45.33	0	38.66	1.33	0	0	0	0
1421444104224817675	CPU_4	16.66	0	42.30	1.28	38.46	1.28	0	0	0	0
1421444104966766722	CPU_4	18.91	0	41.89	0	39.18	0	0	0	0	0
1421444105695599034	CPU_4	22.07	0	36.36	0	38.96	1.29	1.29	0	0	0
1421444106437067457	CPU_4	18.66	0	37.33	0	42.66	1.33	0	0	0	0
1421444107180463627	CPU_4	17.10	0	42.10	0	40.78	0	0	0	0	0
1421444107917149388	CPU_4	13.33	0	42.66	0	42.66	1.33	0	0	0	0
1421444108655054314	CPU_4	17.72	0	39.24	0	40.50	1.26	1.26	0	0	0
1421444109396143152	CPU_4	14.66	0	41.33	0	42.66	1.33	0	0	0	0
1421444110134787284	CPU_4	15.78	0	44.73	0	39.47	0	0	0	0	0
1421444110884940779	CPU_4	18.18	0	41.55	0	37.66	1.29	1.29	0	0	0
1421444111604368140	CPU_4	20.00	0	38.66	0	40.00	1.33	0	0	0	0
1421444112316171468	CPU_4	22.85	0	34.28	0	42.85	0	0	0	0	0
1421444113059286803	CPU_4	15.00	0	43.75	0	40.00	1.25	0	0	0	0
1421444113799076682	CPU_4	16.88	0	40.25	0	40.25	1.29	1.29	0	0	0
1421444114544335597	CPU_4	17.33	0	42.66	0	38.66	1.33	0	0	0	0
1421444115279828981	CPU_4	23.07	0	37.17	0	39.74	0	0	0	0	0
1421444116024955937	CPU_4	18.42	0	40.78	0	38.15	1.31	1.31	0	0	0
1421444116735658931	CPU_4	18.91	0	39.18	0	40.54	1.35	0	0	0	0
1421444117480722594	CPU_4	20.27	0	36.48	0	41.89	1.35	0	0	0	0
1421444118219529098	CPU_4	16.00	0	44.00	0	40.00	0	0	0	0	0
1421444118918096813	CPU_4	17.14	0	38.57	0	41.42	1.42	1.42	0	0	0
1421444119660376020	CPU_4	18.42	0	40.78	0	39.47	1.31	0	0	0	0
1421444120388960659	CPU_4	17.56	0	39.18	0	43.24	0	0	0	0	0
1421444121131856407	CPU_4	16.88	0	44.15	0	37.66	1.29	0	0	0	0
1421444121873480823	CPU_4	16.88	0	38.96	0	41.55	1.29	1.29	0	0	0
1421444122607337205	CPU_4	18.42	0	42.10	0	38.15	1.31	0	0	0	0
1421444123320967484	CPU_4	16.90	0	42.25	0	40.84	0	0	0	0	0
1421444124058219737	CPU_4	20.25	0	39.24	0	37.97	1.26	1.26	0	0	0
1421444124801118400	CPU_4	18.42	0	40.78	0	39.47	1.31	0	0	0	0
1421444125541595690	CPU_4	15.38	0	44.87	0	38.46	1.28	0	0	0	0
1421444126289762804	CPU_4	14.28	0	45.45	0	40.25	0	0	0	0	0
1421444127027832013	CPU_4	17.33	0	41.33	0	38.66	1.33	1.33	0	0	0
1421444127747838867	CPU_4	18.18	0	41.55	0	38.96	1.29	0	0	0	0
1421444128485129409	CPU_4	14.08	0	35.21	0	50.70	0	0	0	0	0
1421444129219172496	CPU_4	14.86	0	40.54	0	43.24	1.35	0	0	0	0
1421444129959723159	CPU_4	17.94	0	41.02	0	38.46	1.28	1.28	0	0	0
1421444130698628032	CPU_4	14.86	0	44.59	0	39.18	1.35	0	0	0	0
1421444131428511332	CPU_4	14.08	0	42.25	0	43.66	0	0	0	0	0
1421444132169592785	CPU_4	14.28	0	41.55	0	41.55	1.29	1.29	0	0	0
1421444132911793528	CPU_4	21.62	0	37.83	0	39.18	1.35	0	0	0	0
1421444133646887653	CPU_4	17.56	0	41.89	0	39.18	1.35	0	0	0	0
1421444134384393610	CPU_4	21.05	0	39.47	0	39.47	0	0	0	0	0
1421444135108303747	CPU_4	20.54	0	36.98	0	39.72	1.36	1.36	0	0	0
1421444135848122409	CPU_4	20.25	0	40.50	0	37.97	1.26	0	0	0	0
1421444136578921246	CPU_4	18.05	0	38.88	0	43.05	0	0	0	0	0
1421444137316457368	CPU_4	16.00	0	40.00	0	42.66	1.33	0	0	0	0
1421444138063663769	CPU_4	19.75	0	40.74	0	37.03	1.23	1.23	0	0	0
1421444138802559139	CPU_4	17.80	0	41.09	0	39.72	1.36	0	0	0	0
1421444139506565755	CPU_4	18.30	0	39.43	0	42.25	0	0	0	0	0
1421444140255984612	CPU_4	16.66	0	42.30	0	38.46	1.28	1.28	0	0	0
1421444140997051311	CPU_4	14.66	0	38.66	0	45.33	1.33	0	0	0	0
1421444141747479457	CPU_4	18.42	0	42.10	0	38.15	1.31	0	0	0	0
1421444142455289402	CPU_4	20.83	0	37.50	0	41.66	0	0	0	0	0
1421444143204270799	CPU_4	13.92	0	44.30	0	39.24	1.26	1.26	0	0	0
1421444143939190546	CPU_4	16.00	0	44.00	0	38.66	1.33	0	0	0	0
1421444144677451871	CPU_4	17.10	0	43.42	0	39.47	0	0	0	0	0
1421444145398431633	CPU_4	16.00	0	42.66	0	38.66	1.33	1.33	0	0	0
1421444146132802712	CPU_4	18.91	0	40.54	0	39.18	1.35	0	0	0	0
1421444146865726168	CPU_4	14.66	0	42.66	0	41.33	1.33	0	0	0	0
1421444147609442402	CPU_4	23.37	0	35.06	0	41.55	0	0	0	0	0
1421444148355051343	CPU_4	18.66	0	40.00	0	38.66	1.33	1.33	0	0	0
1421444149096665121	CPU_4	13.15	0	42.10	1.31	42.10	1.31	0	0	0	0
1421444149846706056	CPU_4	14.66	0	42.66	0	41.33	1.33	0	0	0	0
1421444150575731681	CPU_4	19.48	0	40.25	0	40.25	0	0	0	0	0
1421444151315374794	CPU_4	15.78	0	40.78	0	40.78	1.31	1.31	0	0	0
1421444152060053275	CPU_4	18.18	0	38.96	0	41.55	1.29	0	0	0	0
1421444152799952595	CPU_4	18.42	0	43.42	0	38.15	0	0	0	0	0
1421444153544252493	CPU_4	17.28	0	43.20	0	37.03	1.23	1.23	0	0	0
1421444154284556979	CPU_4	17.10	0	43.42	0	38.15	1.31	0	0	0	0
1421444155010496439	CPU_4	19.48	0	40.25	0	38.96	1.29	0	0	0	0
1421444155748186010	CPU_4	14.47	0	44.73	0	40.78	0	0	0	0	0
1421444156498812733	CPU_4	16.66	0	41.02	0	39.74	1.28	1.28	0	0	0
1421444157239485633	CPU_4	18.98	0	41.77	0	37.97	1.26	0	0	0	0
1421444157948772778	CPU_4	14.86	0	44.59	0	39.18	1.35	0	0	0	0
1421444158693129382	CPU_4	17.94	0	41.02	0	41.02	0	0	0	0	0
1421444159430168994	CPU_4	21.05	0	36.84	0	39.47	1.31	1.31	0	0	0
1421444160151253124	CPU_4	16.00	0	42.66	0	40.00	1.33	0	0	0	0
1421444160878773288	CPU_4	18.30	0	40.84	0	40.84	0	0	0	0	0
1421444161624354014	CPU_4	15.38	0	39.74	0	42.30	1.28	1.28	0	0	0
1421444162369337657	CPU_4	18.42	0	39.47	0	40.78	1.31	0	0	0	0
1421444163111192970	CPU_4	18.42	0	38.15	0	42.10	1.31	0	0	0	0
1421444163856567029	CPU_4	15.49	0	43.66	0	40.84	0	0	0	0	0
1421444164596767135	CPU_4	18.18	0	38.96	0	40.25	1.29	1.29	0	0	0
1421444165345571648	CPU_4	20.00	0	41.25	0	37.50	1.25	0	0	0	0
1421444166068244440	CPU_4	10.81	0	48.64	0	39.18	1.35	0	0	0	0
1421444166819146449	CPU_4	15.78	0	42.10	0	40.78	0	1.31	0	0	0
1421444167556802932	CPU_4	16.21	0	39.18	0	43.24	1.35	0	0	0	0
1421444168315173224	CPU_4	16.88	0	42.85	0	38.96	1.29	0	0	0	0
1421444169054819620	CPU_4	13.88	0	40.27	1.38	44.44	0	0	0	0	0
1421444169794878391	CPU_4	15.78	0	38.15	0	43.42	1.31	1.31	0	0	0
1421444170547474480	CPU_4	24.05	0	36.70	0	37.97	1.26	0	0	0	0
1421444171277189845	CPU_4	14.86	0	41.89	0	41.89	1.35	0	0	0	0
1421444172013638577	CPU_4	17.56	0	43.24	0	39.18	0	0	0	0	0
1421444172727196502	CPU_4	20.83	0	36.11	0	40.27	1.38	1.38	0	0	0
1421444173477758633	CPU_4	18.98	0	39.24	0	40.50	1.26	0	0	0	0
1421444174215707821	CPU_4	16.21	0	43.24	0	39.18	1.35	0	0	0	0
1421444174953889633	CPU_4	22.07	0	38.96	0	37.66	0	1.29	0	0	0
1421444175704249472	CPU_4	17.94	0	41.02	0	39.74	1.28	0	0	0	0
1421444176444437323	CPU_4	20.00	0	40.00	0	38.66	1.33	0	0	0	0
1421444177159844244	CPU_4	17.80	0	39.72	0	41.09	1.36	0	0	0	0
1421444177903431215	CPU_4	17.10	0	39.47	0	42.10	0	1.31	0	0	0
1421444178655010593	CPU_4	15.78	0	40.78	0	42.10	1.31	0	0	0	0
1421444179389506658	CPU_4	21.05	0	35.52	0	42.10	1.31	0	0	0	0
1421444180143404491	CPU_4	22.78	0	39.24	0	37.97	0	0	0	0	0
1421444180872963269	CPU_4	21.05	0	36.84	0	39.47	1.31	1.31	0	0	0
1421444181612505368	CPU_4	18.91	0	36.48	0	43.24	1.35	0	0	0	0
1421444182362060872	CPU_4	16.45	0	43.03	0	39.24	1.26	0	0	0	0
1421444183092047981	CPU_4	19.48	0	38.96	0	40.25	0	1.29	0	0	0
1421444183833545036	CPU_4	19.73	0	40.78	0	38.15	1.31	0	0	0	0
1421444184551019201	CPU_4	16.66	0	40.27	0	41.66	1.38	0	0	0	0
1421444185298967205	CPU_4	18.18	0	44.15	0	37.66	0	0	0	0	0
1421444186035964347	CPU_4	19.48	0	38.96	0	38.96	1.29	1.29	0	0	0
1421444186772084406	CPU_4	18.18	0	40.25	0	40.25	1.29	0	0	0	0
1421444187521350325	CPU_4	19.73	0	39.47	0	39.47	1.31	0	0	0	0
1421444188249011310	CPU_4	20.27	0	40.54	0	39.18	0	0	0	0	0
1421444188974064589	CPU_4	18.42	0	38.15	1.31	39.47	1.31	1.31	0	0	0
1421444189687229424	CPU_4	17.33	0	41.33	0	40.00	1.33	0	0	0	0
1421444190435419384	CPU_4	16.00	0	42.66	0	40.00	1.33	0	0	0	0
1421444191178832766	CPU_4	18.18	0	40.25	0	40.25	0	1.29	0	0	0
1421444191889606144	CPU_4	14.47	0	44.73	0	39.47	1.31	0	0	0	0
1421444192638807144	CPU_4	19.73	0	36.84	0	42.10	1.31	0	0	0	0
1421444193384173189	CPU_4	18.05	0	40.27	0	41.66	0	0	0	0	0
1421444194133269355	CPU_4	19.75	0	41.97	0	35.80	1.23	1.23	0	0	0
1421444194874786363	CPU_4	15.78	0	43.42	0	39.47	1.31	0	0	0	0
1421444195622833821	CPU_4	18.66	0	41.33	0	38.66	1.33	0	0	0	0
1421444196335720111	CPU_4	14.28	0	42.85	0	42.85	0	0	0	0	0
1421444197083499485	CPU_4	16.66	0	39.74	0	41.02	1.28	1.28	0	0	0
1421444197825521408	CPU_4	15.00	0	47.50	0	36.25	1.25	0	0	0	0
1421444198568200954	CPU_4	18.42	0	36.84	0	43.42	1.31	0	0	0	0
1421444199317028701	CPU_4	17.33	0	38.66	0	42.66	0	1.33	0	0	0
1421444200059846663	CPU_4	22.07	0	36.36	0	40.25	1.29	0	0	0	0
1421444200796345341	CPU_4	20.54	0	36.98	0	41.09	1.36	0	0	0	0
1421444201527833399	CPU_4	18.66	0	38.66	0	42.66	0	0	0	0	0
1421444202264682492	CPU_4	14.86	0	41.89	0	40.54	1.35	1.35	0	0	0
1421444203003540207	CPU_4	18.91	0	39.18	0	40.54	1.35	0	0	0	0
1421444203743237713	CPU_4	15.78	0	42.10	0	40.78	1.31	0	0	0	0
1421444204489485211	CPU_4	15.58	0	45.45	0	37.66	0	1.29	0	0	0
1421444205231306422	CPU_4	17.56	0	41.89	0	39.18	1.35	0	0	0	0
1421444205981420206	CPU_4	19.73	0	36.84	0	42.10	1.31	0	0	0	0
1421444206723146083	CPU_4	25.64	0	34.61	0	38.46	1.28	0	0	0	0
1421444207453571015	CPU_4	22.97	25.67	47.29	0	1.35	1.35	1.35	0	0	0
1421444208228642977	CPU_4	19.23	32.05	42.30	0	6.41	0	0	0	0	0
1421444208977220762	CPU_4	18.42	39.47	39.47	0	0	1.31	1.31	0	0	0
1421444209705544028	CPU_4	30.13	26.02	42.46	0	0	1.36	0	0	0	0
1421444210456063143	CPU_4	18.91	35.13	44.59	0	0	1.35	0	0	0	0
1421444211195576187	CPU_4	19.73	32.89	43.42	0	1.31	1.31	1.31	0	0	0
1421444211950119130	CPU_4	17.56	43.24	37.83	0	0	1.35	0	0	0	0
1421444212689270258	CPU_4	20.00	33.33	45.33	0	0	1.33	0	0	0	0
1421444213429620842	CPU_4	17.56	40.54	40.54	0	0	0	1.35	0	0	0
1421444214182635452	CPU_4	26.66	24.00	48.00	0	0	1.33	0	0	0	0
1421444214917362584	CPU_4	18.91	31.08	47.29	0	0	1.35	1.35	0	0	0
1421444215656806335	CPU_4	20.27	33.78	44.59	0	0	1.35	0	0	0	0
1421444216388943260	CPU_4	13.69	38.35	46.57	0	0	1.36	0	0	0	0
1421444217124413099	CPU_4	18.91	36.48	41.89	0	0	1.35	1.35	0	0	0
1421444217863403849	CPU_4	20.54	34.24	43.83	0	0	1.36	0	0	0	0
1421444218589305739	CPU_4	19.17	34.24	46.57	0	0	0	0	0	0	0
1421444219337246479	CPU_4	20.00	36.00	41.33	0	0	1.33	1.33	0	0	0
1421444220075576979	CPU_4	17.80	36.98	43.83	0	0	1.36	0	0	0	0
1421444220829670710	CPU_4	22.07	32.46	41.55	0	1.29	1.29	1.29	0	0	0
1421444221570174457	CPU_4	20.27	28.37	50.00	0	0	1.35	0	0	0	0
1421444222328062433	CPU_4	26.66	24.00	48.00	0	0	1.33	0	0	0	0
1421444223072822757	CPU_4	25.00	17.10	55.26	0	0	1.31	1.31	0	0	0
1421444223800271560	CPU_4	12.50	45.83	40.27	0	0	1.38	0	0	0	0
1421444224529884110	CPU_4	15.27	43.05	40.27	0	0	1.38	0	0	0	0
1421444225272860478	CPU_4	18.66	34.66	45.33	0	0	0	1.33	0	0	0
1421444226017940634	CPU_4	17.80	35.61	45.20	0	0	1.36	0	0	0	0
1421444226757476921	CPU_4	25.33	28.00	44.00	0	0	1.33	1.33	0	0	0
1421444227495426752	CPU_4	20.27	33.78	44.59	0	0	1.35	0	0	0	0
1421444228231367418	CPU_4	20.27	37.83	39.18	0	1.35	1.35	0	0	0	0
1421444228973554368	CPU_4	20.00	37.33	40.00	0	0	1.33	1.33	0	0	0
1421444229704362831	CPU_4	19.17	34.24	45.20	0	0	1.36	0	0	0	0
1421444230449014361	CPU_4	18.66	32.00	48.00	0	0	0	1.33	0	0	0
1421444231191064893	CPU_4	24.65	34.24	39.72	0	0	1.36	0	0	0	0
1421444231930053012	CPU_4	17.80	39.72	41.09	0	0	1.36	0	0	0	0
1421444232674080625	CPU_4	23.68	32.89	40.78	0	0	1.31	1.31	0	0	0
1421444233414095076	CPU_4	24.32	32.43	41.89	0	0	1.35	0	0	0	0
1421444234164662513	CPU_4	22.66	32.00	44.00	0	0	1.33	0	0	0	0
1421444234906055087	CPU_4	14.86	33.78	48.64	0	0	1.35	1.35	0	0	0
1421444235645486787	CPU_4	17.56	32.43	48.64	0	0	1.35	0	0	0	0
1421444236385411361	CPU_4	18.91	32.43	47.29	0	0	0	1.35	0	0	0
1421444237117656195	CPU_4	18.91	29.72	48.64	0	1.35	1.35	0	0	0	0
1421444237866768466	CPU_4	17.33	41.33	40.00	0	0	1.33	0	0	0	0
1421444238590367434	CPU_4	19.17	31.50	45.20	0	1.36	1.36	1.36	0	0	0
1421444239346103988	CPU_4	21.05	36.84	40.78	0	0	1.31	0	0	0	0
1421444240082263773	CPU_4	15.06	39.72	43.83	0	0	1.36	0	0	0	0
1421444240819049183	CPU_4	17.33	36.00	44.00	0	0	1.33	1.33	0	0	0
1421444241540054611	CPU_4	19.71	39.43	39.43	0	0	1.40	0	0	0	0
1421444242277428769	CPU_4	25.67	27.02	44.59	0	0	1.35	1.35	0	0	0
1421444243043938100	CPU_4	14.86	20.27	56.75	0	8.10	0	0	0	0	0
1421444243913706182	CPU_4	35.63	0	62.06	0	1.14	1.14	0	0	0	0
1421444244813051520	CPU_4	28.57	9.89	59.34	0	0	1.09	1.09	0	0	0
1421444245590756670	CPU_4	20.25	25.31	46.83	0	6.32	1.26	0	0	0	0
1421444246362974201	CPU_4	25.97	25.97	44.15	0	1.29	1.29	1.29	0	0	0
1421444247142000057	CPU_4	16.88	31.16	49.35	0	1.29	1.29	0	0	0	0
1421444247923244244	CPU_4	25.31	15.18	39.24	0	17.72	1.26	1.26	0	0	0
1421444248674134508	CPU_4	14.47	0	43.42	0	40.78	1.31	0	0	0	0
1421444249401795341	CPU_4	20.00	0	37.33	0	41.33	1.33	0	0	0	0
1421444250151349106	CPU_4	17.80	0	41.09	0	41.09	0	0	0	0	0
1421444250887656887	CPU_4	16.88	0	41.55	0	38.96	1.29	1.29	0	0	0
1421444251636081736	CPU_4	16.21	0	41.89	0	40.54	1.35	0	0	0	0
1421444252377556635	CPU_4	18.91	0	36.48	0	43.24	1.35	0	0	0	0
1421444253120195365	CPU_4	19.73	0	40.78	0	38.15	0	1.31	0	0	0
1421444253859896349	CPU_4	13.15	0	42.10	0	43.42	1.31	0	0	0	0
1421444254597171501	CPU_4	14.66	0	42.66	0	41.33	1.33	0	0	0	0
1421444255339835731	CPU_4	14.66	0	44.00	0	41.33	0	0	0	0	0
1421444256081610128	CPU_4	19.73	0	39.47	0	38.15	1.31	1.31	0	0	0
1421444256831560389	CPU_4	20.00	0	38.66	0	40.00	1.33	0	0	0	0
1421444257564753921	CPU_4	19.73	0	39.47	0	39.47	1.31	0	0	0	0
1421444258312347268	CPU_4	6.84	0	27.39	0	65.75	0	0	0	0	0
1421444258982663666	CPU_4	16.17	0	33.82	0	47.05	1.47	1.47	0	0	0
1421444259695376930	CPU_4	21.91	0	35.61	0	41.09	1.36	0	0	0	0
1421444260441391861	CPU_4	17.10	0	42.10	0	40.78	0	0	0	0	0
1421444261180452009	CPU_4	17.94	0	42.30	0	37.17	1.28	1.28	0	0	0
1421444261926033107	CPU_4	18.18	0	41.55	0	38.96	1.29	0	0	0	0
1421444262664302047	CPU_4	17.33	0	38.66	0	42.66	1.33	0	0	0	0
1421444263406690315	CPU_4	18.91	0	39.18	0	41.89	0	0	0	0	0
1421444264158234238	CPU_4	11.39	0	45.56	0	40.50	1.26	1.26	0	0	0
1421444264899285340	CPU_4	19.73	0	38.15	0	40.78	1.31	0	0	0	0
1421444265653239051	CPU_4	17.94	0	42.30	0	38.46	1.28	0	0	0	0
1421444266363115690	CPU_4	21.33	0	38.66	0	40.00	0	0	0	0	0
1421444267112526531	CPU_4	20.00	0	40.00	1.25	36.25	1.25	1.25	0	0	0
1421444267848768805	CPU_4	21.05	0	38.15	0	39.47	1.31	0	0	0	0
1421444268600906850	CPU_4	19.48	0	40.25	0	40.25	0	0	0	0	0
1421444269338552537	CPU_4	16.66	0	41.02	0	39.74	1.28	1.28	0	0	0
1421444270083882174	CPU_4	15.78	0	44.73	0	38.15	1.31	0	0	0	0
1421444270830066184	CPU_4	16.00	0	44.00	0	38.66	1.33	0	0	0	0
1421444271574295779	CPU_4	15.58	0	41.55	0	42.85	0	0	0	0	0
1421444272324812200	CPU_4	12.82	0	44.87	0	39.74	1.28	1.28	0	0	0
1421444273064698591	CPU_4	24.00	0	36.00	0	38.66	1.33	0	0	0	0
1421444273803400067	CPU_4	21.05	0	39.47	0	38.15	1.31	0	0	0	0
1421444274501154718	CPU_4	17.56	0	37.83	0	43.24	0	1.35	0	0	0
1421444275247539142	CPU_4	18.42	0	42.10	0	38.15	1.31	0	0	0	0
1421444275993239442	CPU_4	15.78	0	42.10	0	40.78	1.31	0	0	0	0
1421444276733289790	CPU_4	21.79	0	38.46	0	38.46	1.28	0	0	0	0
1421444277465467690	CPU_4	17.56	0	41.89	0	39.18	0	1.35	0	0	0
1421444278208183617	CPU_4	18.66	0	40.00	0	40.00	1.33	0	0	0	0
1421444278953898707	CPU_4	18.91	0	39.18	0	40.54	1.35	0	0	0	0
1421444279665454797	CPU_4	21.91	0	36.98	0	41.09	0	0	0	0	0
1421444280406437976	CPU_4	16.88	0	38.96	0	41.55	1.29	1.29	0	0	0
1421444281139508122	CPU_4	17.56	0	37.83	0	43.24	1.35	0	0	0	0
1421444281870454438	CPU_4	22.97	0	36.48	0	39.18	1.35	0	0	0	0
1421444282582086485	CPU_4	17.33	0	40.00	0	41.33	0	1.33	0	0	0
1421444283313513799	CPU_4	17.10	0	42.10	0	39.47	1.31	0	0	0	0
1421444284060399594	CPU_4	16.00	0	40.00	0	42.66	1.33	0	0	0	0
1421444284791567991	CPU_4	15.27	0	41.66	0	43.05	0	0	0	0	0
1421444285534459415	CPU_4	19.23	0	39.74	0	38.46	1.28	1.28	0	0	0
1421444286243462589	CPU_4	16.88	0	42.85	0	38.96	1.29	0	0	0	0
1421444286980431770	CPU_4	16.43	0	41.09	0	41.09	1.36	0	0	0	0
1421444287724904816	CPU_4	18.66	0	42.66	0	38.66	0	0	0	0	0
1421444288455142004	CPU_4	16.21	0	40.54	0	40.54	1.35	1.35	0	0	0
1421444289199464800	CPU_4	15.18	0	44.30	0	39.24	1.26	0	0	0	0
1421444289929033364	CPU_4	19.71	0	39.43	0	40.84	0	0	0	0	0
1421444290645141068	CPU_4	19.48	0	38.96	0	38.96	1.29	1.29	0	0	0
1421444291393261358	CPU_4	20.51	0	35.89	0	42.30	1.28	0	0	0	0
1421444292134038074	CPU_4	16.21	0	37.83	1.35	43.24	1.35	0	0	0	0
1421444292874872289	CPU_4	18.42	0	43.42	0	38.15	0	0	0	0	0
1421444293607194639	CPU_4	19.48	0	37.66	0	40.25	1.29	1.29	0	0	0
1421444294329239877	CPU_4	15.58	0	44.15	0	38.96	1.29	0	0	0	0
1421444295071427339	CPU_4	20.27	0	39.18	0	39.18	1.35	0	0	0	0
1421444295815023633	CPU_4	18.18	0	40.25	0	41.55	0	0	0	0	0
1421444296559383717	CPU_4	17.94	0	39.74	0	39.74	1.28	1.28	0	0	0
1421444297372163509	CPU_4	46.15	0	52.56	0	0	1.28	0	0	0	0
1421444298237702610	CPU_4	59.77	0	39.08	0	0	0	1.14	0	0	0
1421444299102685669	CPU_4	44.82	0	54.02	0	0	1.14	0	0	0	0
1421444299969087851	CPU_4	47.67	0	51.16	0	0	0	1.16	0	0	0
1421444300837617697	CPU_4	46.59	0	51.13	0	0	1.13	1.13	0	0	0
1421444301704164170	CPU_4	45.88	0	54.11	0	0	0	0	0	0	0
1421444302569135561	CPU_4	48.86	0	48.86	0	0	1.13	1.13	0	0	0
1421444303444166398	CPU_4	49.42	0	49.42	0	0	1.14	0	0	0	0
1421444304309121496	CPU_4	45.97	0	52.87	0	0	0	1.14	0	0	0
1421444305184220207	CPU_4	49.42	0	49.42	0	0	1.14	0	0	0	0
1421444306054230507	CPU_4	48.83	0	50.00	0	0	0	1.16	0	0	0
1421444306919131937	CPU_4	47.72	0	50.00	0	0	1.13	1.13	0	0	0
1421444307784186826	CPU_4	52.94	0	47.05	0	0	0	0	0	0	0
1421444308654160666	CPU_4	50.00	0	47.72	0	0	1.13	1.13	0	0	0
1421444309522644257	CPU_4	50.57	0	49.42	0	0	0	0	0	0	0
1421444310394171345	CPU_4	40.69	0	56.97	0	0	1.16	1.16	0	0	0
1421444311259109357	CPU_4	50.00	0	48.86	0	0	1.13	0	0	0	0
1421444312134145439	CPU_4	46.51	0	52.32	0	0	0	1.16	0	0	0
1421444312994156206	CPU_4	49.42	0	48.27	0	0	1.14	1.14	0	0	0
1421444313874143614	CPU_4	40.22	0	59.77	0	0	0	0	0	0	0
1421444314739207124	CPU_4	43.18	0	54.54	0	0	1.13	1.13	0	0	0
1421444315609440710	CPU_4	41.86	0	58.13	0	0	0	0	0	0	0
1421444316479150797	CPU_4	42.04	0	55.68	0	0	1.13	1.13	0	0	0
1421444317354209126	CPU_4	43.67	0	55.17	0	0	1.14	0	0	0	0
1421444318214190057	CPU_4	48.83	0	50.00	0	0	0	1.16	0	0	0
1421444319084183350	CPU_4	47.12	0	50.57	0	0	1.14	1.14	0	0	0
1421444319944153614	CPU_4	50.00	0	50.00	0	0	0	0	0	0	0
1421444320809173704	CPU_4	52.32	0	45.34	0	0	1.16	1.16	0	0	0
1421444321677589289	CPU_4	46.51	0	53.48	0	0	0	0	0	0	0
1421444322554192489	CPU_4	47.19	0	50.56	0	0	1.12	1.12	0	0	0
1421444323414059834	CPU_4	45.88	0	54.11	0	0	0	0	0	0	0
1421444324284216291	CPU_4	44.31	0	53.40	0	0	1.13	1.13	0	0	0
1421444325149250462	CPU_4	40.22	0	57.47	0	0	1.14	1.14	0	0	0
1421444326019360169	CPU_4	52.94	0	47.05	0	0	0	0	0	0	0
1421444326904231398	CPU_4	48.88	0	48.88	0	0	1.11	1.11	0	0	0
1421444327774208061	CPU_4	48.83	0	51.16	0	0	0	0	0	0	0
1421444328637679941	CPU_4	50.00	0	47.72	0	0	1.13	1.13	0	0	0
1421444329504119400	CPU_4	49.41	0	50.58	0	0	0	0	0	0	0
1421444330369375777	CPU_4	51.13	0	46.59	0	0	1.13	1.13	0	0	0
1421444331234106445	CPU_4	47.67	0	51.16	0	0	0	1.16	0	0	0
1421444332124228748	CPU_4	48.86	0	50.00	0	0	1.13	0	0	0	0
1421444332984134797	CPU_4	44.31	0	53.40	0	0	1.13	1.13	0	0	0
1421444333854185916	CPU_4	45.88	0	54.11	0	0	0	0	0	0	0
1421444334719182207	CPU_4	60.22	0	37.50	0	0	1.13	1.13	0	0	0
1421444335569874266	CPU_4	91.76	0	8.23	0	0	0	0	0	0	0
1421444336434173599	CPU_4	94.18	0	4.65	0	0	1.16	0	0	0	0
1421444337299176764	CPU_4	90.80	0	8.04	0	0	0	1.14	0	0	0
1421444338154220608	CPU_4	94.11	0	4.70	0	0	1.17	0	0	0	0
1421444339022593268	CPU_4	93.02	0	6.97	0	0	0	0	0	0	0
1421444339889164930	CPU_4	90.90	0	7.95	0	0	1.13	0	0	0	0
1421444340749161142	CPU_4	91.86	0	6.97	0	0	0	1.16	0	0	0
1421444341609205686	CPU_4	93.02	0	5.81	0	0	1.16	0	0	0	0
1421444342479110884	CPU_4	91.86	0	8.13	0	0	0	0	0	0	0
1421444343334230642	CPU_4	90.69	0	8.13	0	0	1.16	0	0	0	0
1421444344199215262	CPU_4	91.86	0	6.97	0	0	0	1.16	0	0	0
1421444345074271327	CPU_4	91.01	0	7.86	0	0	1.12	0	0	0	0
1421444345939266613	CPU_4	92.94	0	7.05	0	0	0	0	0	0	0
1421444346799197113	CPU_4	88.50	0	10.34	0	0	1.14	0	0	0	0
1421444347664173106	CPU_4	91.86	0	6.97	0	0	0	1.16	0	0	0
1421444348524170272	CPU_4	94.18	0	5.81	0	0	0	0	0	0	0
1421444349384194812	CPU_4	91.86	0	6.97	0	0	1.16	0	0	0	0
1421444350244205602	CPU_4	92.94	0	7.05	0	0	0	0	0	0	0
1421444351109183510	CPU_4	90.90	0	6.81	0	0	1.13	1.13	0	0	0
1421444351969157550	CPU_4	92.94	0	7.05	0	0	0	0	0	0	0
1421444352834250790	CPU_4	91.95	0	6.89	0	0	1.14	0	0	0	0
1421444353699182155	CPU_4	94.18	0	5.81	0	0	0	0	0	0	0
1421444354563353521	CPU_4	89.77	0	7.95	0	0	1.13	1.13	0	0	0
1421444355439241372	CPU_4	93.02	0	6.97	0	0	0	0	0	0	0
1421444356304138278	CPU_4	93.10	0	5.74	0	0	1.14	0	0	0	0
1421444357169137266	CPU_4	90.69	0	9.30	0	0	0	0	0	0	0
1421444358049278360	CPU_4	90.90	0	6.81	0	0	1.13	1.13	0	0	0
1421444358919106508	CPU_4	95.40	0	4.59	0	0	0	0	0	0	0
1421444359784140579	CPU_4	90.80	0	8.04	0	0	1.14	0	0	0	0
1421444360647136151	CPU_4	91.86	0	8.13	0	0	0	0	0	0	0
1421444361509237058	CPU_4	90.80	0	6.89	0	0	1.14	1.14	0	0	0
1421444362379139287	CPU_4	93.02	0	6.97	0	0	0	0	0	0	0
1421444363239219113	CPU_4	93.10	0	5.74	0	0	1.14	0	0	0	0
1421444364109074133	CPU_4	94.18	0	5.81	0	0	0	0	0	0	0
1421444364969237374	CPU_4	91.95	0	5.74	0	0	1.14	1.14	0	0	0
1421444365834166358	CPU_4	93.02	0	6.97	0	0	0	0	0	0	0
1421444366694221098	CPU_4	89.53	0	9.30	0	0	1.16	0	0	0	0
1421444367564171242	CPU_4	90.80	0	9.19	0	0	0	0	0	0	0
1421444368424202522	CPU_4	90.69	0	6.97	0	0	1.16	1.16	0	0	0
1421444369289204463	CPU_4	93.02	0	6.97	0	0	0	0	0	0	0
1421444370164223891	CPU_4	89.77	0	9.09	0	0	1.13	0	0	0	0
1421444371034194908	CPU_4	91.95	0	6.89	0	0	0	1.14	0	0	0
1421444371904169007	CPU_4	90.80	0	8.04	0	0	1.14	0	0	0	0
1421444372769157488	CPU_4	90.80	0	8.04	0	0	1.14	0	0	0	0
1421444373624198773	CPU_4	92.85	0	7.14	0	0	0	0	0	0	0
1421444374499139032	CPU_4	89.88	0	7.86	0	0	1.12	1.12	0	0	0
1421444375359217017	CPU_4	91.76	0	8.23	0	0	0	0	0	0	0
1421444376229187240	CPU_4	90.90	0	7.95	0	0	1.13	0	0	0	0
1421444377094867343	CPU_4	91.86	0	6.97	0	0	0	1.16	0	0	0
1421444377959216863	CPU_4	90.80	0	8.04	0	0	1.14	0	0	0	0
1421444378824214466	CPU_4	93.02	0	6.97	0	0	0	0	0	0	0
1421444379694118187	CPU_4	90.80	0	8.04	0	0	1.14	0	0	0	0
1421444380549205759	CPU_4	89.53	0	9.30	0	0	0	1.16	0	0	0
1421444381409165492	CPU_4	90.58	0	8.23	0	0	1.17	0	0	0	0
1421444382284182080	CPU_4	92.04	0	7.95	0	0	0	0	0	0	0
1421444383149203223	CPU_4	90.80	0	6.89	0	0	1.14	1.14	0	0	0
1421444384019162066	CPU_4	91.86	0	6.97	0	0	1.16	0	0	0	0
1421444384884130208	CPU_4	91.86	0	8.13	0	0	0	0	0	0	0
1421444385744233021	CPU_4	90.80	0	8.04	0	0	1.14	0	0	0	0
1421444386608567121	CPU_4	91.86	0	6.97	0	0	0	1.16	0	0	0
1421444387469265808	CPU_4	90.69	0	8.13	0	0	1.16	0	0	0	0
1421444388339197525	CPU_4	93.10	0	6.89	0	0	0	0	0	0	0
1421444389199249087	CPU_4	89.65	0	8.04	0	0	1.14	1.14	0	0	0
1421444390069091886	CPU_4	90.80	0	9.19	0	0	0	0	0	0	0
1421444390932292860	CPU_4	93.02	0	5.81	0	0	1.16	0	0	0	0
1421444391799163871	CPU_4	91.86	0	8.13	0	0	0	0	0	0	0
1421444392659214806	CPU_4	89.65	0	8.04	0	0	1.14	1.14	0	0	0
1421444393544927291	CPU_4	91.86	0	8.13	0	0	0	0	0	0	0
1421444394409210887	CPU_4	92.04	0	6.81	0	0	1.13	0	0	0	0
1421444395284218135	CPU_4	89.77	0	9.09	0	0	0	1.13	0	0	0
1421444396156497012	CPU_4	89.65	0	9.19	0	0	1.14	0	0	0	0
1421444397024182810	CPU_4	93.10	0	5.74	0	0	1.14	0	0	0	0
1421444397889225195	CPU_4	94.18	0	5.81	0	0	0	0	0	0	0
1421444398754142788	CPU_4	93.10	0	4.59	0	0	1.14	1.14	0	0	0
1421444399619218422	CPU_4	91.86	0	8.13	0	0	0	0	0	0	0
1421444400484204222	CPU_4	90.80	0	8.04	0	0	1.14	0	0	0	0
1421444401344120612	CPU_4	90.69	0	8.13	0	0	0	1.16	0	0	0
1421444402214173113	CPU_4	93.18	0	5.68	0	0	1.13	0	0	0	0
1421444403079210078	CPU_4	92.94	0	7.05	0	0	0	0	0	0	0
1421444403949212495	CPU_4	89.77	0	9.09	0	0	1.13	0	0	0	0
1421444404819119204	CPU_4	91.95	0	6.89	0	0	0	1.14	0	0	0
1421444405679177633	CPU_4	90.69	0	8.13	0	0	1.16	0	0	0	0
1421444406547568759	CPU_4	92.94	0	7.05	0	0	0	0	0	0	0
1421444407419175256	CPU_4	87.64	0	10.11	0	0	1.12	1.12	0	0	0
1421444408284206135	CPU_4	90.80	0	8.04	0	0	1.14	0	0	0	0
1421444409149735889	CPU_4	94.11	0	5.88	0	0	0	0	0	0	0
1421444410022617382	CPU_4	90.90	0	7.95	0	0	1.13	0	0	0	0
1421444410884139099	CPU_4	89.53	0	9.30	0	0	0	1.16	0	0	0
1421444411744231400	CPU_4	93.02	0	5.81	0	0	1.16	0	0	0	0
1421444412609168736	CPU_4	91.86	0	8.13	0	0	0	0	0	0	0
1421444413464160417	CPU_4	88.50	0	9.19	0	0	1.14	1.14	0	0	0
1421444414324165967	CPU_4	92.94	0	7.05	0	0	0	0	0	0	0
1421444415194232795	CPU_4	89.65	0	9.19	0	0	1.14	0	0	0	0
1421444416059220921	CPU_4	93.02	0	6.97	0	0	0	0	0	0	0
1421444416929195373	CPU_4	89.77	0	7.95	0	0	1.13	1.13	0	0	0
1421444417799186367	CPU_4	91.86	0	8.13	0	0	0	0	0	0	0
1421444418664211825	CPU_4	93.10	0	5.74	0	0	1.14	0	0	0	0
1421444419529260282	CPU_4	90.69	0	8.13	0	0	0	1.16	0	0	0
1421444420404206434	CPU_4	92.04	0	6.81	0	0	1.13	0	0	0	0
1421444421282669123	CPU_4	90.80	0	8.04	0	0	1.14	0	0	0	0
1421444422144238209	CPU_4	90.80	0	9.19	0	0	0	0	0	0	0
1421444423019179402	CPU_4	91.95	0	5.74	0	0	1.14	1.14	0	0	0
1421444423879222655	CPU_4	91.86	0	8.13	0	0	0	0	0	0	0
1421444424744192652	CPU_4	91.95	0	6.89	0	0	1.14	0	0	0	0
1421444425614160558	CPU_4	91.95	0	6.89	0	0	0	1.14	0	0	0
1421444426487039002	CPU_4	91.95	0	6.89	0	0	1.14	0	0	0	0
1421444427349179334	CPU_4	93.02	0	6.97	0	0	0	0	0	0	0
1421444428219219197	CPU_4	89.65	0	9.19	0	0	1.14	0	0	0	0
1421444429099189714	CPU_4	90.90	0	7.95	0	0	0	1.13	0	0	0
1421444429969197035	CPU_4	92.04	0	6.81	0	0	1.13	0	0	0	0
1421444430844211307	CPU_4	91.86	0	8.13	0	0	0	0	0	0	0
1421444431719256412	CPU_4	89.88	0	7.86	0	0	1.12	1.12	0	0	0
1421444432584196196	CPU_4	93.02	0	5.81	0	0	1.16	0	0	0	0
1421444433454231224	CPU_4	93.10	0	6.89	0	0	0	0	0	0	0
1421444434324150751	CPU_4	89.65	0	9.19	0	0	1.14	0	0	0	0
1421444435184241582	CPU_4	93.02	0	5.81	0	0	0	1.16	0	0	0
1421444436054248650	CPU_4	93.10	0	5.74	0	0	1.14	0	0	0	0
1421444436924237592	CPU_4	93.02	0	6.97	0	0	0	0	0	0	0
1421444437789202124	CPU_4	90.80	0	8.04	0	0	1.14	0	0	0	0
1421444438649167412	CPU_4	89.65	0	9.19	0	0	0	1.14	0	0	0
1421444439534347791	CPU_4	91.95	0	6.89	0	0	1.14	0	0	0	0
1421444440394184995	CPU_4	95.34	0	4.65	0	0	0	0	0	0	0
1421444441249200747	CPU_4	88.50	0	9.19	0	0	1.14	1.14	0	0	0
1421444442109180449	CPU_4	93.02	0	6.97	0	0	0	0	0	0	0
1421444442979196972	CPU_4	90.80	0	8.04	0	0	1.14	0	0	0	0
1421444443849175786	CPU_4	94.18	0	5.81	0	0	0	0	0	0	0
1421444444709166196	CPU_4	89.53	0	8.13	0	0	1.16	1.16	0	0	0
1421444445574180016	CPU_4	89.65	0	9.19	0	0	1.14	0	0	0	0
1421444446439253210	CPU_4	91.86	0	8.13	0	0	0	0	0	0	0
1421444447304263070	CPU_4	90.90	0	6.81	0	0	1.13	1.13	0	0	0
1421444448174202549	CPU_4	90.69	0	9.30	0	0	0	0	0	0	0
1421444449044211443	CPU_4	90.80	0	8.04	0	0	1.14	0	0	0	0
1421444449909282886	CPU_4	91.86	0	8.13	0	0	0	0	0	0	0
1421444450784178606	CPU_4	87.50	0	10.22	0	0	1.13	1.13	0	0	0
1421444451644215555	CPU_4	90.69	0	9.30	0	0	0	0	0	0	0
1421444452509134371	CPU_4	93.10	0	5.74	0	0	1.14	0	0	0	0
1421444453374240062	CPU_4	90.69	0	8.13	0	0	0	1.16	0	0	0
1421444454249211364	CPU_4	95.40	0	3.44	0	0	1.14	0	0	0	0
1421444455109212394	CPU_4	91.86	0	8.13	0	0	0	0	0	0	0
1421444455984214237	CPU_4	93.18	0	5.68	0	0	1.13	0	0	0	0
1421444456859218287	CPU_4	90.90	0	6.81	0	0	1.13	1.13	0	0	0
1421444457724181226	CPU_4	94.18	0	5.81	0	0	0	0	0	0	0
1421444458589202706	CPU_4	90.69	0	8.13	0	0	1.16	0	0	0	0
1421444459459207596	CPU_4	89.65	0	9.19	0	0	0	1.14	0	0	0
1421444460329196235	CPU_4	93.18	0	5.68	0	0	1.13	0	0	0	0
1421444461199175290	CPU_4	91.86	0	8.13	0	0	0	0	0	0	0
1421444462069300553	CPU_4	87.50	0	11.36	0	0	1.13	0	0	0	0
1421444462934108865	CPU_4	91.86	0	6.97	0	0	0	1.16	0	0	0
1421444463799220383	CPU_4	90.69	0	8.13	0	0	1.16	0	0	0	0
1421444464664193569	CPU_4	94.18	0	5.81	0	0	0	0	0	0	0
1421444465529218837	CPU_4	89.77	0	7.95	0	0	1.13	1.13	0	0	0
1421444466402683843	CPU_4	94.18	0	5.81	0	0	0	0	0	0	0
1421444467264857906	CPU_4	91.95	0	6.89	0	0	1.14	0	0	0	0
1421444468134155626	CPU_4	94.25	0	4.59	0	0	1.14	0	0	0	0
1421444468999190351	CPU_4	90.80	0	8.04	0	0	0	1.14	0	0	0
1421444469859165707	CPU_4	89.41	0	9.41	0	0	1.17	0	0	0	0
1421444470719160021	CPU_4	93.02	0	6.97	0	0	0	0	0	0	0
1421444471584132786	CPU_4	90.90	0	6.81	0	0	1.13	1.13	0	0	0
1421444472447122220	CPU_4	91.86	0	8.13	0	0	0	0	0	0	0
1421444473314240023	CPU_4	90.69	0	8.13	0	0	1.16	0	0	0	0
1421444474184226989	CPU_4	91.95	0	8.04	0	0	0	0	0	0	0
1421444475074221469	CPU_4	92.13	0	5.61	0	0	1.12	1.12	0	0	0
1421444475939172524	CPU_4	93.10	0	6.89	0	0	0	0	0	0	0
1421444476829307503	CPU_4	86.36	0	12.50	0	0	1.13	0	0	0	0
1421444477699214634	CPU_4	89.65	0	9.19	0	0	0	1.14	0	0	0
1421444478564144979	CPU_4	92.04	0	6.81	0	0	1.13	0	0	0	0
1421444479429214615	CPU_4	90.58	0	8.23	0	0	1.17	0	0	0	0
1421444480304106821	CPU_4	90.90	0	9.09	0	0	0	0	0	0	0
1421444481164230589	CPU_4	90.80	0	6.89	0	0	1.14	1.14	0	0	0
1421444482034182634	CPU_4	93.02	0	6.97	0	0	0	0	0	0	0
1421444482904240762	CPU_4	89.65	0	9.19	0	0	1.14	0	0	0	0
1421444483769134521	CPU_4	90.80	0	8.04	0	0	0	1.14	0	0	0
1421444484634226322	CPU_4	88.50	0	10.34	0	0	1.14	0	0	0	0
1421444485529228706	CPU_4	94.25	0	5.74	0	0	0	0	0	0	0
1421444486394267464	CPU_4	86.51	0	11.23	0	0	1.12	1.12	0	0	0
1421444487269138001	CPU_4	90.80	0	9.19	0	0	0	0	0	0	0
1421444488144159328	CPU_4	87.35	0	11.49	0	0	1.14	0	0	0	0
1421444489004125216	CPU_4	91.86	0	6.97	0	0	1.16	0	0	0	0
1421444489869180764	CPU_4	90.69	0	8.13	0	0	0	1.16	0	0	0
1421444490754148451	CPU_4	90.80	0	8.04	0	0	1.14	0	0	0	0
1421444491509134855	CPU_4	86.84	0	10.52	0	2.63	0	0	0	0	0
1421444492379152478	CPU_4	87.50	0	10.22	0	0	1.13	1.13	0	0	0
1421444493234172913	CPU_4	87.05	0	12.94	0	0	0	0	0	0	0
1421444494099188250	CPU_4	90.69	0	8.13	0	0	1.16	0	0	0	0
1421444494959134969	CPU_4	88.37	0	11.62	0	0	0	0	0	0	0
1421444495819123521	CPU_4	89.65	0	8.04	0	0	1.14	1.14	0	0	0
1421444496684148316	CPU_4	87.20	0	11.62	0	0	1.16	0	0	0	0
1421444497557555099	CPU_4	88.50	0	11.49	0	0	0	0	0	0	0
1421444498414136321	CPU_4	87.20	0	10.46	0	0	1.16	1.16	0	0	0
1421444499274137288	CPU_4	90.69	0	9.30	0	0	0	0	0	0	0
1421444500134164337	CPU_4	89.53	0	9.30	0	0	1.16	0	0	0	0
1421444500999105547	CPU_4	90.80	0	8.04	0	0	0	1.14	0	0	0
1421444501854177519	CPU_4	88.23	0	10.58	0	0	1.17	0	0	0	0
1421444502714129776	CPU_4	90.69	0	9.30	0	0	0	0	0	0	0
1421444503561502549	CPU_4	55.29	0	12.94	30.58	0	1.17	0	0	0	0
