#Timestamp	CPU_ID	user%	nice%	sys%	idle%	iowait%	irq%	softiq%	steal%	guest%	guest_nice%
1428557922702660992	CPU_0	91.07	0	5.35	0	0	1.78	1.78	0	0	0
1428557923317110284	CPU_0	98.38	0	0	0	0	1.61	0	0	0	0
1428557923931983742	CPU_0	100.00	0	0	0	0	0	0	0	0	0
1428557924545034079	CPU_0	95.16	0	3.22	0	0	1.61	0	0	0	0
1428557925165741315	CPU_0	96.82	0	0	0	0	1.58	1.58	0	0	0
1428557925780482440	CPU_0	96.72	0	1.63	0	0	1.63	0	0	0	0
1428557926395239023	CPU_0	98.36	0	0	0	0	1.63	0	0	0	0
1428557927009496108	CPU_0	98.36	0	0	0	0	0	1.63	0	0	0
1428557927624750940	CPU_0	98.38	0	0	0	0	1.61	0	0	0	0
1428557928246851505	CPU_0	96.77	0	1.61	0	0	1.61	0	0	0	0
1428557928862066380	CPU_0	98.36	0	0	0	0	1.63	0	0	0	0
1428557929477256754	CPU_0	96.77	0	1.61	0	0	0	1.61	0	0	0
1428557930092879252	CPU_0	98.36	0	0	0	0	1.63	0	0	0	0
1428557930709347373	CPU_0	98.38	0	0	0	0	1.61	0	0	0	0
1428557931331476814	CPU_0	95.23	0	1.58	0	0	1.58	1.58	0	0	0
1428557931947631020	CPU_0	100.00	0	0	0	0	0	0	0	0	0
1428557932564443432	CPU_0	96.77	0	1.61	0	0	1.61	0	0	0	0
1428557933179983972	CPU_0	98.38	0	0	0	0	1.61	0	0	0	0
1428557933803691743	CPU_0	95.23	0	1.58	0	0	1.58	1.58	0	0	0
1428557934420481239	CPU_0	100.00	0	0	0	0	0	0	0	0	0
1428557935038120358	CPU_0	98.36	0	0	0	0	1.63	0	0	0	0
1428557935654702438	CPU_0	95.31	0	1.56	0	0	1.56	1.56	0	0	0
1428557936272296557	CPU_0	98.36	0	0	0	0	1.63	0	0	0	0
1428557936896373077	CPU_0	100.00	0	0	0	0	0	0	0	0	0
1428557937513141365	CPU_0	98.38	0	0	0	0	1.61	0	0	0	0
1428557938130280568	CPU_0	95.23	0	1.58	0	0	1.58	1.58	0	0	0
1428557938747594063	CPU_0	98.36	0	0	0	0	1.63	0	0	0	0
1428557939370601753	CPU_0	98.38	0	1.61	0	0	0	0	0	0	0
1428557939987665290	CPU_0	98.38	0	0	0	0	1.61	0	0	0	0
1428557940604449995	CPU_0	95.23	0	1.58	0	0	1.58	1.58	0	0	0
1428557941222222864	CPU_0	98.33	0	0	0	0	1.66	0	0	0	0
1428557941839795484	CPU_0	100.00	0	0	0	0	0	0	0	0	0
1428557942463573297	CPU_0	95.23	0	1.58	0	0	1.58	1.58	0	0	0
1428557943080200378	CPU_0	98.38	0	0	0	0	1.61	0	0	0	0
1428557943697707081	CPU_0	96.72	0	1.63	0	0	1.63	0	0	0	0
1428557944314902577	CPU_0	98.38	0	1.61	0	0	0	0	0	0	0
1428557944941928299	CPU_0	96.77	0	0	0	0	1.61	1.61	0	0	0
1428557945558985045	CPU_0	98.41	0	0	0	0	1.58	0	0	0	0
1428557946176501832	CPU_0	95.08	0	3.27	0	0	1.63	0	0	0	0
1428557946794034703	CPU_0	98.38	0	0	0	0	0	1.61	0	0	0
1428557947412096655	CPU_0	98.38	0	0	0	0	1.61	0	0	0	0
1428557948035715011	CPU_0	95.16	0	3.22	0	0	1.61	0	0	0	0
1428557948653395131	CPU_0	96.77	0	1.61	0	0	1.61	0	0	0	0
1428557949271467542	CPU_0	98.38	0	0	0	0	0	1.61	0	0	0
1428557949890216034	CPU_0	98.38	0	0	0	0	1.61	0	0	0	0
1428557950509379943	CPU_0	98.36	0	0	0	0	1.63	0	0	0	0
1428557951132724258	CPU_0	100.00	0	0	0	0	0	0	0	0	0
1428557951750973210	CPU_0	96.82	0	0	0	0	1.58	1.58	0	0	0
1428557952369465037	CPU_0	98.36	0	0	0	0	1.63	0	0	0	0
1428557952986925991	CPU_0	96.77	0	1.61	0	0	1.61	0	0	0	0
1428557953612174844	CPU_0	96.82	0	0	0	0	1.58	1.58	0	0	0
1428557954230596504	CPU_0	100.00	0	0	0	0	0	0	0	0	0
1428557954849784996	CPU_0	96.82	0	1.58	0	0	1.58	0	0	0	0
1428557955467814950	CPU_0	98.36	0	0	0	0	1.63	0	0	0	0
1428557956089280728	CPU_0	98.38	0	0	0	0	0	1.61	0	0	0
1428557956710475841	CPU_0	98.38	0	0	0	0	1.61	0	0	0	0
1428557957329822208	CPU_0	96.82	0	1.58	0	0	1.58	0	0	0	0
1428557957947750703	CPU_0	96.77	0	0	0	0	1.61	1.61	0	0	0
1428557958566096948	CPU_0	100.00	0	0	0	0	0	0	0	0	0
1428557959191170634	CPU_0	96.77	0	1.61	0	0	1.61	0	0	0	0
1428557959810942000	CPU_0	98.38	0	0	0	0	1.61	0	0	0	0
1428557960429518453	CPU_0	96.82	0	0	0	0	1.58	1.58	0	0	0
1428557961048371863	CPU_0	98.36	0	1.63	0	0	0	0	0	0	0
1428557961673162259	CPU_0	98.38	0	0	0	0	1.61	0	0	0	0
1428557962295725702	CPU_0	96.82	0	1.58	0	0	1.58	0	0	0	0
1428557962914075780	CPU_0	96.82	0	0	0	0	1.58	1.58	0	0	0
1428557963532573275	CPU_0	100.00	0	0	0	0	0	0	0	0	0
1428557964151187603	CPU_0	98.38	0	0	0	0	1.61	0	0	0	0
1428557964777022580	CPU_0	96.82	0	0	0	0	1.58	1.58	0	0	0
1428557965395538158	CPU_0	96.82	0	1.58	0	0	1.58	0	0	0	0
1428557966015199567	CPU_0	100.00	0	0	0	0	0	0	0	0	0
1428557966634380852	CPU_0	98.38	0	0	0	0	1.61	0	0	0	0
1428557967263682987	CPU_0	95.23	0	1.58	0	0	1.58	1.58	0	0	0
1428557967882118024	CPU_0	95.16	0	3.22	0	0	1.61	0	0	0	0
1428557968501293768	CPU_0	100.00	0	0	0	0	0	0	0	0	0
1428557969119977887	CPU_0	96.82	0	0	0	0	1.58	1.58	0	0	0
1428557969739786588	CPU_0	98.38	0	0	0	0	1.61	0	0	0	0
1428557970364882192	CPU_0	96.77	0	1.61	0	0	1.61	0	0	0	0
1428557970984074228	CPU_0	100.00	0	0	0	0	0	0	0	0	0
1428557971602436974	CPU_0	96.72	0	0	0	0	1.63	1.63	0	0	0
1428557972222049300	CPU_0	96.82	0	1.58	0	0	1.58	0	0	0	0
1428557972850951728	CPU_0	98.38	0	0	0	0	1.61	0	0	0	0
1428557973469983389	CPU_0	96.82	0	1.58	0	0	0	1.58	0	0	0
1428557974088279844	CPU_0	98.36	0	0	0	0	1.63	0	0	0	0
1428557974707337964	CPU_0	98.36	0	0	0	0	1.63	0	0	0	0
1428557975325940834	CPU_0	96.82	0	1.58	0	0	1.58	0	0	0	0
1428557975951564771	CPU_0	95.23	0	1.58	0	0	1.58	1.58	0	0	0
1428557976569628352	CPU_0	98.38	0	0	0	0	1.61	0	0	0	0
1428557977188438680	CPU_0	100.00	0	0	0	0	0	0	0	0	0
1428557977807508300	CPU_0	98.38	0	0	0	0	1.61	0	0	0	0
1428557978437233852	CPU_0	95.38	0	1.53	0	0	1.53	1.53	0	0	0
1428557979055630807	CPU_0	98.36	0	0	0	0	1.63	0	0	0	0
1428557979674453969	CPU_0	98.38	0	1.61	0	0	0	0	0	0	0
1428557980293385340	CPU_0	96.72	0	0	0	0	1.63	1.63	0	0	0
1428557980912199252	CPU_0	98.41	0	0	0	0	1.58	0	0	0	0
1428557981537324899	CPU_0	95.16	0	1.61	0	0	3.22	0	0	0	0
1428557982156577644	CPU_0	98.38	0	0	0	0	1.61	0	0	0	0
1428557982775765430	CPU_0	98.38	0	0	0	0	0	1.61	0	0	0
1428557983395356341	CPU_0	95.16	0	1.61	0	0	3.22	0	0	0	0
1428557984023447148	CPU_0	100.00	0	0	0	0	0	0	0	0	0
1428557984642365269	CPU_0	95.16	0	1.61	0	0	1.61	1.61	0	0	0
1428557985261932930	CPU_0	96.82	0	1.58	0	0	1.58	0	0	0	0
1428557985881378924	CPU_0	98.36	0	1.63	0	0	0	0	0	0	0
1428557986500047088	CPU_0	95.16	0	1.61	0	0	3.22	0	0	0	0
1428557987125250485	CPU_0	95.31	0	1.56	0	0	1.56	1.56	0	0	0
1428557987743872065	CPU_0	98.38	0	0	0	0	1.61	0	0	0	0
1428557988363953559	CPU_0	96.72	0	1.63	0	0	1.63	0	0	0	0
1428557988982916805	CPU_0	96.77	0	1.61	0	0	0	1.61	0	0	0
1428557989611266695	CPU_0	98.38	0	0	0	0	1.61	0	0	0	0
1428557990230205691	CPU_0	98.38	0	0	0	0	1.61	0	0	0	0
1428557990849455812	CPU_0	96.82	0	1.58	0	0	1.58	0	0	0	0
1428557991468528183	CPU_0	96.72	0	1.63	0	0	0	1.63	0	0	0
1428557992087448596	CPU_0	98.38	0	0	0	0	1.61	0	0	0	0
1428557992712782536	CPU_0	98.38	0	0	0	0	1.61	0	0	0	0
1428557993332497072	CPU_0	96.82	0	1.58	0	0	1.58	0	0	0	0
1428557993951518985	CPU_0	98.36	0	0	0	0	0	1.63	0	0	0
1428557994570529607	CPU_0	98.38	0	0	0	0	1.61	0	0	0	0
1428557995199139997	CPU_0	96.82	0	1.58	0	0	1.58	0	0	0	0
1428557995818583034	CPU_0	96.77	0	0	0	0	1.61	1.61	0	0	0
1428557996437950572	CPU_0	100.00	0	0	0	0	0	0	0	0	0
1428557997057254943	CPU_0	93.54	0	3.22	0	0	3.22	0	0	0	0
1428557997676895938	CPU_0	100.00	0	0	0	0	0	0	0	0	0
1428557998303298459	CPU_0	96.77	0	0	0	0	1.61	1.61	0	0	0
1428557998923909411	CPU_0	96.82	0	1.58	0	0	1.58	0	0	0	0
1428557999543108824	CPU_0	96.72	0	1.63	0	0	1.63	0	0	0	0
1428558000161955488	CPU_0	100.00	0	0	0	0	0	0	0	0	0
1428558000787195304	CPU_0	96.82	0	0	0	0	1.58	1.58	0	0	0
1428558001407067966	CPU_0	96.77	0	1.61	0	0	1.61	0	0	0	0
1428558002026401462	CPU_0	96.77	0	1.61	0	0	1.61	0	0	0	0
1428558002645426126	CPU_0	98.38	0	0	0	0	0	1.61	0	0	0
1428558003264365249	CPU_0	98.38	0	0	0	0	1.61	0	0	0	0
1428558003891249561	CPU_0	98.38	0	0	0	0	1.61	0	0	0	0
1428558004510688849	CPU_0	98.38	0	0	0	0	1.61	0	0	0	0
1428558005129938263	CPU_0	98.38	0	0	0	0	0	1.61	0	0	0
1428558005749187343	CPU_0	98.38	0	0	0	0	1.61	0	0	0	0
1428558006375294532	CPU_0	96.82	0	1.58	0	0	1.58	0	0	0	0
1428558006994440196	CPU_0	96.77	0	0	0	0	1.61	1.61	0	0	0
1428558007613268320	CPU_0	100.00	0	0	0	0	0	0	0	0	0
1428558008232563775	CPU_0	98.38	0	0	0	0	1.61	0	0	0	0
1428558008852639729	CPU_0	98.38	0	0	0	0	1.61	0	0	0	0
1428558009478963334	CPU_0	96.87	0	0	0	0	1.56	1.56	0	0	0
1428558010097919791	CPU_0	100.00	0	0	0	0	0	0	0	0	0
1428558010717184622	CPU_0	95.16	0	3.22	0	0	1.61	0	0	0	0
1428558011336483536	CPU_0	96.77	0	0	0	0	1.61	1.61	0	0	0
1428558011963424890	CPU_0	96.82	0	1.58	0	0	1.58	0	0	0	0
1428558012582637097	CPU_0	98.36	0	0	0	0	1.63	0	0	0	0
1428558013202471010	CPU_0	98.38	0	1.61	0	0	0	0	0	0	0
1428558013822220840	CPU_0	96.82	0	0	0	0	1.58	1.58	0	0	0
1428558014442859335	CPU_0	98.38	0	0	0	0	1.61	0	0	0	0
1428558015068952774	CPU_0	98.41	0	0	0	0	1.58	0	0	0	0
1428558015688891021	CPU_0	100.00	0	0	0	0	0	0	0	0	0
1428558016308384935	CPU_0	95.23	0	1.58	0	0	1.58	1.58	0	0	0
1428558016929231013	CPU_0	98.36	0	0	0	0	1.63	0	0	0	0
1428558017555246453	CPU_0	96.82	0	1.58	0	0	1.58	0	0	0	0
1428558018175405366	CPU_0	98.38	0	0	0	0	0	1.61	0	0	0
1428558018794868239	CPU_0	98.38	0	0	0	0	1.61	0	0	0	0
1428558019415652859	CPU_0	98.38	0	0	0	0	1.61	0	0	0	0
1428558020035015774	CPU_0	96.77	0	1.61	0	0	1.61	0	0	0	0
1428558020661146214	CPU_0	98.38	0	0	0	0	0	1.61	0	0	0
1428558021280375505	CPU_0	98.38	0	0	0	0	1.61	0	0	0	0
1428558021900918042	CPU_0	98.38	0	0	0	0	1.61	0	0	0	0
1428558022520327999	CPU_0	95.23	0	1.58	0	0	1.58	1.58	0	0	0
1428558023146634522	CPU_0	100.00	0	0	0	0	0	0	0	0	0
1428558023766586645	CPU_0	95.16	0	1.61	0	0	3.22	0	0	0	0
1428558024387116099	CPU_0	95.16	0	0	0	0	3.22	1.61	0	0	0
1428558025007189554	CPU_0	95.16	0	3.22	0	0	1.61	0	0	0	0
1428558025630276211	CPU_0	98.38	0	0	0	0	1.61	0	0	0	0
1428558026255086447	CPU_0	98.41	0	0	0	0	1.58	0	0	0	0
1428558026875661568	CPU_0	96.77	0	0	0	0	1.61	1.61	0	0	0
1428558027496207647	CPU_0	98.38	0	0	0	0	1.61	0	0	0	0
1428558028116492102	CPU_0	98.38	0	1.61	0	0	0	0	0	0	0
1428558028743807332	CPU_0	96.82	0	0	0	0	1.58	1.58	0	0	0
1428558029364728119	CPU_0	96.77	0	1.61	0	0	1.61	0	0	0	0
1428558029985979448	CPU_0	96.77	0	1.61	0	0	1.61	0	0	0	0
1428558030605854237	CPU_0	98.38	0	0	0	0	1.61	0	0	0	0
1428558031232580594	CPU_0	96.82	0	1.58	0	0	0	1.58	0	0	0
1428558031852906091	CPU_0	96.77	0	1.61	0	0	1.61	0	0	0	0
1428558032474358752	CPU_0	96.77	0	1.61	0	0	1.61	0	0	0	0
1428558033094258917	CPU_0	96.77	0	0	0	0	1.61	1.61	0	0	0
1428558033715755204	CPU_0	98.38	0	1.61	0	0	0	0	0	0	0
1428558034342540060	CPU_0	98.38	0	0	0	0	1.61	0	0	0	0
1428558034964843303	CPU_0	96.82	0	1.58	0	0	1.58	0	0	0	0
1428558035585554175	CPU_0	95.23	0	1.58	0	0	1.58	1.58	0	0	0
1428558036206443338	CPU_0	100.00	0	0	0	0	0	0	0	0	0
1428558036833057153	CPU_0	98.38	0	0	0	0	1.61	0	0	0	0
1428558037454802314	CPU_0	95.31	0	1.56	0	0	1.56	1.56	0	0	0
1428558038074717022	CPU_0	98.38	0	0	0	0	1.61	0	0	0	0
1428558038695619935	CPU_0	98.36	0	0	0	0	1.63	0	0	0	0
1428558039316033266	CPU_0	100.00	0	0	0	0	0	0	0	0	0
1428558039944436161	CPU_0	95.31	0	1.56	0	0	1.56	1.56	0	0	0
1428558040564898825	CPU_0	98.38	0	0	0	0	1.61	0	0	0	0
1428558041185901822	CPU_0	96.77	0	1.61	0	0	1.61	0	0	0	0
1428558041806674444	CPU_0	100.00	0	0	0	0	0	0	0	0	0
1428558042434744423	CPU_0	96.87	0	0	0	0	1.56	1.56	0	0	0
1428558043055560379	CPU_0	98.36	0	0	0	0	1.63	0	0	0	0
1428558043676688084	CPU_0	98.41	0	0	0	0	1.58	0	0	0	0
1428558044297940330	CPU_0	95.23	0	1.58	0	0	1.58	1.58	0	0	0
1428558044925352811	CPU_0	100.00	0	0	0	0	0	0	0	0	0
1428558045549215176	CPU_0	98.41	0	0	0	0	1.58	0	0	0	0
1428558046170436756	CPU_0	98.38	0	0	0	0	1.61	0	0	0	0
1428558046791092962	CPU_0	98.38	0	0	0	0	0	1.61	0	0	0
1428558047412758624	CPU_0	98.36	0	0	0	0	1.63	0	0	0	0
1428558048039860232	CPU_0	98.41	0	0	0	0	1.58	0	0	0	0
1428558048660413522	CPU_0	95.23	0	1.58	0	0	1.58	1.58	0	0	0
1428558049281284311	CPU_0	98.38	0	0	0	0	1.61	0	0	0	0
1428558049902868557	CPU_0	98.36	0	1.63	0	0	0	0	0	0	0
1428558050529761665	CPU_0	96.82	0	1.58	0	0	1.58	0	0	0	0
1428558051150747788	CPU_0	96.82	0	0	0	0	1.58	1.58	0	0	0
1428558051771364703	CPU_0	98.38	0	1.61	0	0	0	0	0	0	0
1428558052391821744	CPU_0	98.36	0	0	0	0	1.63	0	0	0	0
1428558053013356240	CPU_0	96.77	0	0	0	0	1.61	1.61	0	0	0
1428558053640039224	CPU_0	95.31	0	3.12	0	0	1.56	0	0	0	0
1428558054260650556	CPU_0	96.77	0	1.61	0	0	1.61	0	0	0	0
1428558054880521932	CPU_0	100.00	0	0	0	0	0	0	0	0	0
1428558055501445971	CPU_0	96.82	0	0	0	0	1.58	1.58	0	0	0
1428558056128110331	CPU_0	98.38	0	0	0	0	1.61	0	0	0	0
1428558056749360161	CPU_0	96.82	0	1.58	0	0	1.58	0	0	0	0
1428558057369172954	CPU_0	100.00	0	0	0	0	0	0	0	0	0
1428558057990473118	CPU_0	95.23	0	1.58	0	0	1.58	1.58	0	0	0
1428558058611286617	CPU_0	98.36	0	0	0	0	1.63	0	0	0	0
1428558059238161601	CPU_0	96.82	0	1.58	0	0	1.58	0	0	0	0
1428558059858313935	CPU_0	98.38	0	0	0	0	0	1.61	0	0	0
1428558060479265892	CPU_0	96.82	0	1.58	0	0	1.58	0	0	0	0
1428558061099569184	CPU_0	98.36	0	0	0	0	1.63	0	0	0	0
1428558061727412874	CPU_0	96.82	0	1.58	0	0	1.58	0	0	0	0
1428558062347918707	CPU_0	98.38	0	0	0	0	0	1.61	0	0	0
1428558062969668746	CPU_0	98.38	0	0	0	0	1.61	0	0	0	0
1428558063590192620	CPU_0	98.38	0	0	0	0	1.61	0	0	0	0
1428558064220684430	CPU_0	96.82	0	0	0	0	1.58	1.58	0	0	0
1428558064840922055	CPU_0	100.00	0	0	0	0	0	0	0	0	0
1428558065462660094	CPU_0	98.38	0	0	0	0	1.61	0	0	0	0
1428558066082895762	CPU_0	96.82	0	1.58	0	0	1.58	0	0	0	0
1428558066703759678	CPU_0	96.77	0	0	0	0	1.61	1.61	0	0	0
1428558067330735412	CPU_0	98.41	0	1.58	0	0	0	0	0	0	0
1428558067952164786	CPU_0	98.36	0	0	0	0	1.63	0	0	0	0
1428558068572443078	CPU_0	96.77	0	0	0	0	1.61	1.61	0	0	0
1428558069193543411	CPU_0	96.82	0	1.58	0	0	1.58	0	0	0	0
1428558069820585187	CPU_0	98.41	0	0	0	0	1.58	0	0	0	0
1428558070442999100	CPU_0	98.36	0	1.63	0	0	0	0	0	0	0
1428558071063568225	CPU_0	96.77	0	0	0	0	1.61	1.61	0	0	0
1428558071685104724	CPU_0	96.87	0	1.56	0	0	1.56	0	0	0	0
1428558072306224556	CPU_0	100.00	0	0	0	0	0	0	0	0	0
1428558072934946704	CPU_0	96.87	0	1.56	0	0	1.56	0	0	0	0
1428558073556003912	CPU_0	96.77	0	0	0	0	1.61	1.61	0	0	0
1428558074177820201	CPU_0	96.77	0	1.61	0	0	1.61	0	0	0	0
1428558074798736826	CPU_0	96.77	0	1.61	0	0	1.61	0	0	0	0
1428558075426532643	CPU_0	96.82	0	1.58	0	0	0	1.58	0	0	0
1428558076048298350	CPU_0	96.77	0	1.61	0	0	1.61	0	0	0	0
1428558076669421183	CPU_0	98.38	0	0	0	0	1.61	0	0	0	0
1428558077290132434	CPU_0	96.82	0	1.58	0	0	1.58	0	0	0	0
1428558077914750008	CPU_0	98.38	0	0	0	0	0	1.61	0	0	0
1428558078541986160	CPU_0	96.77	0	1.61	0	0	1.61	0	0	0	0
1428558079163795200	CPU_0	98.38	0	0	0	0	1.61	0	0	0	0
1428558079785062367	CPU_0	95.31	0	1.56	0	0	1.56	1.56	0	0	0
1428558080406452949	CPU_0	100.00	0	0	0	0	0	0	0	0	0
1428558081035099556	CPU_0	96.82	0	1.58	0	0	1.58	0	0	0	0
1428558081656518681	CPU_0	98.38	0	0	0	0	1.61	0	0	0	0
1428558082277755973	CPU_0	96.77	0	0	0	0	1.61	1.61	0	0	0
1428558082899853596	CPU_0	98.41	0	0	0	0	1.58	0	0	0	0
1428558083528462911	CPU_0	98.38	0	0	0	0	1.61	0	0	0	0
1428558084149850245	CPU_0	96.82	0	1.58	0	0	0	1.58	0	0	0
1428558084771173745	CPU_0	98.38	0	0	0	0	1.61	0	0	0	0
1428558085392456120	CPU_0	98.36	0	0	0	0	1.63	0	0	0	0
1428558086014401410	CPU_0	98.41	0	0	0	0	1.58	0	0	0	0
1428558086642050520	CPU_0	96.82	0	1.58	0	0	0	1.58	0	0	0
1428558087262777355	CPU_0	98.38	0	0	0	0	1.61	0	0	0	0
1428558087884238814	CPU_0	96.77	0	1.61	0	0	1.61	0	0	0	0
1428558088506725395	CPU_0	95.23	0	1.58	0	0	1.58	1.58	0	0	0
1428558089134178339	CPU_0	100.00	0	0	0	0	0	0	0	0	0
1428558089755401631	CPU_0	96.72	0	1.63	0	0	1.63	0	0	0	0
1428558090376030134	CPU_0	96.82	0	1.58	0	0	1.58	0	0	0	0
1428558090997937008	CPU_0	96.77	0	0	0	0	1.61	1.61	0	0	0
1428558091624908662	CPU_0	96.82	0	1.58	0	0	1.58	0	0	0	0
1428558092249063822	CPU_0	100.00	0	0	0	0	0	0	0	0	0
1428558092869855616	CPU_0	98.38	0	0	0	0	1.61	0	0	0	0
1428558093492934196	CPU_0	95.23	0	1.58	0	0	1.58	1.58	0	0	0
1428558094114802779	CPU_0	98.38	0	0	0	0	1.61	0	0	0	0
1428558094743144430	CPU_0	98.38	0	0	0	0	1.61	0	0	0	0
1428558095364678431	CPU_0	98.41	0	0	0	0	0	1.58	0	0	0
1428558095986995180	CPU_0	98.38	0	0	0	0	1.61	0	0	0	0
1428558096608456472	CPU_0	95.16	0	3.22	0	0	1.61	0	0	0	0
1428558097235681376	CPU_0	100.00	0	0	0	0	0	0	0	0	0
1428558097857482501	CPU_0	96.77	0	0	0	0	1.61	1.61	0	0	0
1428558098479500001	CPU_0	96.77	0	1.61	0	0	1.61	0	0	0	0
1428558099100914044	CPU_0	98.38	0	0	0	0	1.61	0	0	0	0
1428558099722095421	CPU_0	95.23	0	1.58	0	0	1.58	1.58	0	0	0
1428558100349827407	CPU_0	100.00	0	0	0	0	0	0	0	0	0
1428558100971944240	CPU_0	98.36	0	0	0	0	1.63	0	0	0	0
1428558101593276908	CPU_0	98.38	0	0	0	0	1.61	0	0	0	0
1428558102214469744	CPU_0	98.41	0	0	0	0	0	1.58	0	0	0
1428558102842117189	CPU_0	98.38	0	0	0	0	1.61	0	0	0	0
1428558103463503316	CPU_0	98.38	0	0	0	0	1.61	0	0	0	0
1428558104085563691	CPU_0	96.82	0	0	0	0	1.58	1.58	0	0	0
1428558104707021109	CPU_0	98.38	0	0	0	0	1.61	0	0	0	0
1428558105336080051	CPU_0	98.41	0	0	0	0	1.58	0	0	0	0
1428558105957773927	CPU_0	98.38	0	1.61	0	0	0	0	0	0	0
1428558106580307510	CPU_0	95.23	0	1.58	0	0	1.58	1.58	0	0	0
1428558107201980428	CPU_0	96.77	0	1.61	0	0	1.61	0	0	0	0
1428558107823868429	CPU_0	100.00	0	0	0	0	0	0	0	0	0
1428558108451865582	CPU_0	95.31	0	1.56	0	0	1.56	1.56	0	0	0
1428558109074740706	CPU_0	98.38	0	0	0	0	1.61	0	0	0	0
1428558109696856790	CPU_0	98.38	0	0	0	0	1.61	0	0	0	0
1428558110318497834	CPU_0	96.77	0	1.61	0	0	1.61	0	0	0	0
1428558110946700111	CPU_0	98.41	0	0	0	0	0	1.58	0	0	0
1428558111569535277	CPU_0	96.77	0	1.61	0	0	1.61	0	0	0	0
1428558112190892071	CPU_0	96.82	0	1.58	0	0	1.58	0	0	0	0
1428558112812617198	CPU_0	100.00	0	0	0	0	0	0	0	0	0
1428558113435639031	CPU_0	95.23	0	1.58	0	0	1.58	1.58	0	0	0
1428558114062871769	CPU_0	98.38	0	0	0	0	1.61	0	0	0	0
1428558114684715313	CPU_0	98.41	0	0	0	0	1.58	0	0	0	0
1428558115306219107	CPU_0	96.77	0	0	0	0	1.61	1.61	0	0	0
1428558115928065192	CPU_0	98.38	0	1.61	0	0	0	0	0	0	0
1428558116556928219	CPU_0	98.41	0	0	0	0	1.58	0	0	0	0
1428558117178674888	CPU_0	98.38	0	0	0	0	1.61	0	0	0	0
1428558117800519557	CPU_0	95.23	0	1.58	0	0	1.58	1.58	0	0	0
1428558118422332601	CPU_0	96.72	0	3.27	0	0	0	0	0	0	0
1428558119051359211	CPU_0	98.41	0	0	0	0	1.58	0	0	0	0
1428558119673429587	CPU_0	95.23	0	1.58	0	0	1.58	1.58	0	0	0
1428558120295290756	CPU_0	98.41	0	0	0	0	1.58	0	0	0	0
1428558120916908218	CPU_0	98.36	0	0	0	0	1.63	0	0	0	0
1428558121539696218	CPU_0	98.38	0	1.61	0	0	0	0	0	0	0
1428558122167618414	CPU_0	96.82	0	0	0	0	1.58	1.58	0	0	0
1428558122789214042	CPU_0	98.38	0	0	0	0	1.61	0	0	0	0
1428558123410903545	CPU_0	98.38	0	0	0	0	1.61	0	0	0	0
1428558124033023672	CPU_0	95.23	0	1.58	0	0	1.58	1.58	0	0	0
1428558124660806911	CPU_0	98.41	0	1.58	0	0	0	0	0	0	0
1428558125281920832	CPU_0	98.36	0	0	0	0	1.63	0	0	0	0
1428558125904123751	CPU_0	98.41	0	0	0	0	1.58	0	0	0	0
1428558126526226087	CPU_0	96.77	0	0	0	0	1.61	1.61	0	0	0
1428558127154087033	CPU_0	100.00	0	0	0	0	0	0	0	0	0
1428558127775525746	CPU_0	96.77	0	1.61	0	0	1.61	0	0	0	0
1428558128397627123	CPU_0	95.31	0	1.56	0	0	1.56	1.56	0	0	0
1428558129019678043	CPU_0	96.77	0	1.61	0	0	1.61	0	0	0	0
1428558129641565671	CPU_0	98.36	0	1.63	0	0	0	0	0	0	0
1428558130269482785	CPU_0	96.82	0	1.58	0	0	1.58	0	0	0	0
1428558130891717787	CPU_0	96.82	0	0	0	0	1.58	1.58	0	0	0
1428558131513860290	CPU_0	96.82	0	1.58	0	0	1.58	0	0	0	0
1428558132135684043	CPU_0	98.36	0	1.63	0	0	0	0	0	0	0
1428558132763560074	CPU_0	98.38	0	0	0	0	1.61	0	0	0	0
1428558133385712660	CPU_0	95.31	0	1.56	0	0	1.56	1.56	0	0	0
1428558134007145957	CPU_0	98.36	0	0	0	0	1.63	0	0	0	0
1428558134629752792	CPU_0	100.00	0	0	0	0	0	0	0	0	0
1428558135256900200	CPU_0	96.82	0	0	0	0	1.58	1.58	0	0	0
1428558135881563280	CPU_0	98.41	0	0	0	0	1.58	0	0	0	0
1428558136502952494	CPU_0	98.36	0	0	0	0	1.63	0	0	0	0
1428558137125421538	CPU_0	98.41	0	1.58	0	0	0	0	0	0	0
1428558137746602043	CPU_0	96.77	0	0	0	0	1.61	1.61	0	0	0
1428558138375093823	CPU_0	96.82	0	1.58	0	0	1.58	0	0	0	0
1428558138996503370	CPU_0	95.16	0	3.22	0	0	1.61	0	0	0	0
1428558139619324997	CPU_0	95.23	0	1.58	0	0	1.58	1.58	0	0	0
1428558140240750044	CPU_0	98.38	0	1.61	0	0	0	0	0	0	0
1428558140869142116	CPU_0	96.77	0	1.61	0	0	1.61	0	0	0	0
1428558141491549744	CPU_0	98.41	0	0	0	0	1.58	0	0	0	0
1428558142114831537	CPU_0	96.77	0	0	0	0	1.61	1.61	0	0	0
1428558142736842458	CPU_0	96.77	0	1.61	0	0	1.61	0	0	0	0
1428558143359064753	CPU_0	96.82	0	1.58	0	0	1.58	0	0	0	0
1428558143986701285	CPU_0	93.65	0	1.58	0	0	3.17	1.58	0	0	0
1428558144610419661	CPU_0	96.72	0	1.63	0	0	1.63	0	0	0	0
1428558145232929456	CPU_0	98.38	0	0	0	0	1.61	0	0	0	0
1428558145854634377	CPU_0	95.31	0	1.56	0	0	1.56	1.56	0	0	0
1428558146483734657	CPU_0	96.82	0	1.58	0	0	1.58	0	0	0	0
1428558147106375785	CPU_0	98.36	0	0	0	0	1.63	0	0	0	0
1428558147729023246	CPU_0	98.38	0	1.61	0	0	0	0	0	0	0
1428558148351546083	CPU_0	96.82	0	0	0	0	1.58	1.58	0	0	0
1428558148980547571	CPU_0	98.38	0	0	0	0	1.61	0	0	0	0
1428558149603774615	CPU_0	95.23	0	3.17	0	0	1.58	0	0	0	0
1428558150225602703	CPU_0	98.38	0	0	0	0	0	1.61	0	0	0
1428558150847739708	CPU_0	98.38	0	0	0	0	1.61	0	0	0	0
1428558151469891838	CPU_0	96.77	0	1.61	0	0	1.61	0	0	0	0
1428558152099233908	CPU_0	95.31	0	1.56	0	0	1.56	1.56	0	0	0
1428558152721321955	CPU_0	100.00	0	0	0	0	0	0	0	0	0
1428558153344195083	CPU_0	98.38	0	0	0	0	1.61	0	0	0	0
1428558153966545004	CPU_0	98.41	0	0	0	0	1.58	0	0	0	0
1428558154596644990	CPU_0	95.31	0	1.56	0	0	1.56	1.56	0	0	0
1428558155218540913	CPU_0	98.36	0	0	0	0	1.63	0	0	0	0
1428558155841510291	CPU_0	98.38	0	1.61	0	0	0	0	0	0	0
1428558156463920295	CPU_0	96.82	0	0	0	0	1.58	1.58	0	0	0
1428558157093177658	CPU_0	98.41	0	0	0	0	1.58	0	0	0	0
1428558157716152620	CPU_0	96.77	0	1.61	0	0	1.61	0	0	0	0
1428558158339095665	CPU_0	100.00	0	0	0	0	0	0	0	0	0
1428558158961726544	CPU_0	96.77	0	0	0	0	1.61	1.61	0	0	0
1428558159585432630	CPU_0	96.87	0	1.56	0	0	1.56	0	0	0	0
1428558160213852162	CPU_0	98.38	0	0	0	0	1.61	0	0	0	0
1428558160836790249	CPU_0	98.36	0	1.63	0	0	0	0	0	0	0
1428558161459313378	CPU_0	96.82	0	0	0	0	1.58	1.58	0	0	0
1428558162082861464	CPU_0	98.38	0	0	0	0	1.61	0	0	0	0
1428558162711775870	CPU_0	96.87	0	1.56	0	0	1.56	0	0	0	0
1428558163335041540	CPU_0	96.77	0	1.61	0	0	0	1.61	0	0	0
1428558163957394504	CPU_0	98.38	0	0	0	0	1.61	0	0	0	0
1428558164580580341	CPU_0	96.77	0	1.61	0	0	1.61	0	0	0	0
1428558165208759749	CPU_0	96.87	0	0	0	0	1.56	1.56	0	0	0
1428558165831535129	CPU_0	98.38	0	0	0	0	1.61	0	0	0	0
1428558166454086717	CPU_0	100.00	0	0	0	0	0	0	0	0	0
1428558167077324471	CPU_0	98.38	0	0	0	0	1.61	0	0	0	0
1428558167699808143	CPU_0	96.82	0	0	0	0	1.58	1.58	0	0	0
1428558168329158299	CPU_0	96.82	0	1.58	0	0	1.58	0	0	0	0
1428558168950877389	CPU_0	100.00	0	0	0	0	0	0	0	0	0
1428558169573800144	CPU_0	95.23	0	1.58	0	0	1.58	1.58	0	0	0
1428558170195682110	CPU_0	96.82	0	1.58	0	0	1.58	0	0	0	0
1428558170824490683	CPU_0	98.38	0	0	0	0	1.61	0	0	0	0
1428558171446736773	CPU_0	100.00	0	0	0	0	0	0	0	0	0
1428558172070130569	CPU_0	96.82	0	0	0	0	1.58	1.58	0	0	0
1428558172692161534	CPU_0	96.82	0	1.58	0	0	1.58	0	0	0	0
1428558173325437222	CPU_0	96.82	0	1.58	0	0	1.58	0	0	0	0
1428558173948516852	CPU_0	100.00	0	0	0	0	0	0	0	0	0
1428558174571751273	CPU_0	95.31	0	1.56	0	0	1.56	1.56	0	0	0
1428558175194199821	CPU_0	98.38	0	0	0	0	1.61	0	0	0	0
1428558175817323701	CPU_0	98.38	0	0	0	0	1.61	0	0	0	0
1428558176445963401	CPU_0	98.41	0	0	0	0	0	1.58	0	0	0
1428558177068476199	CPU_0	98.38	0	0	0	0	1.61	0	0	0	0
1428558177691274621	CPU_0	96.82	0	1.58	0	0	1.58	0	0	0	0
1428558178313920461	CPU_0	98.38	0	0	0	0	1.61	0	0	0	0
1428558178942622827	CPU_0	95.23	0	1.58	0	0	1.58	1.58	0	0	0
1428558179565218792	CPU_0	100.00	0	0	0	0	0	0	0	0	0
1428558180187925131	CPU_0	96.77	0	1.61	0	0	1.61	0	0	0	0
1428558180810577804	CPU_0	96.87	0	0	0	0	1.56	1.56	0	0	0
1428558181434754432	CPU_0	96.82	0	1.58	0	0	1.58	0	0	0	0
1428558182062091761	CPU_0	98.36	0	1.63	0	0	0	0	0	0	0
1428558182685107725	CPU_0	95.23	0	3.17	0	0	1.58	0	0	0	0
1428558183307908231	CPU_0	96.82	0	0	0	0	1.58	1.58	0	0	0
1428558183930510488	CPU_0	98.38	0	0	0	0	1.61	0	0	0	0
1428558184560206853	CPU_0	100.00	0	0	0	0	0	0	0	0	0
1428558185183137692	CPU_0	96.82	0	0	0	0	1.58	1.58	0	0	0
1428558185806120282	CPU_0	98.38	0	0	0	0	1.61	0	0	0	0
1428558186428992455	CPU_0	98.38	0	0	0	0	1.61	0	0	0	0
1428558187058506653	CPU_0	96.82	0	1.58	0	0	1.58	0	0	0	0
1428558187682102242	CPU_0	96.82	0	1.58	0	0	0	1.58	0	0	0
1428558188305139206	CPU_0	96.77	0	1.61	0	0	1.61	0	0	0	0
1428558188928053629	CPU_0	98.38	0	0	0	0	1.61	0	0	0	0
1428558189552914673	CPU_0	95.23	0	1.58	0	0	1.58	1.58	0	0	0
1428558190181677332	CPU_0	98.41	0	0	0	0	1.58	0	0	0	0
1428558190805436545	CPU_0	98.38	0	1.61	0	0	0	0	0	0	0
1428558191428747093	CPU_0	98.41	0	0	0	0	1.58	0	0	0	0
1428558192051805849	CPU_0	95.16	0	1.61	0	0	1.61	1.61	0	0	0
1428558192681777922	CPU_0	100.00	0	0	0	0	0	0	0	0	0
1428558193305079053	CPU_0	96.77	0	1.61	0	0	1.61	0	0	0	0
1428558193927684603	CPU_0	98.38	0	0	0	0	1.61	0	0	0	0
1428558194551335608	CPU_0	96.82	0	0	0	0	1.58	1.58	0	0	0
1428558195181771181	CPU_0	98.38	0	0	0	0	1.61	0	0	0	0
1428558195805685394	CPU_0	92.06	0	6.34	0	0	1.58	0	0	0	0
1428558196427941152	CPU_0	98.38	0	0	0	0	0	1.61	0	0	0
1428558197050072995	CPU_0	96.82	0	1.58	0	0	1.58	0	0	0	0
1428558197675317205	CPU_0	98.38	0	0	0	0	1.61	0	0	0	0
1428558198302475786	CPU_0	96.82	0	1.58	0	0	0	1.58	0	0	0
1428558198925553001	CPU_0	98.38	0	0	0	0	1.61	0	0	0	0
1428558199548212968	CPU_0	98.38	0	0	0	0	1.61	0	0	0	0
1428558200171463808	CPU_0	95.23	0	3.17	0	0	1.58	0	0	0	0
1428558200801226966	CPU_0	96.82	0	0	0	0	1.58	1.58	0	0	0
1428558201424421139	CPU_0	100.00	0	0	0	0	0	0	0	0	0
1428558202047699146	CPU_0	98.36	0	0	0	0	1.63	0	0	0	0
1428558202671152320	CPU_0	95.31	0	1.56	0	0	1.56	1.56	0	0	0
1428558203301020728	CPU_0	96.82	0	1.58	0	0	1.58	0	0	0	0
1428558203924449068	CPU_0	96.77	0	3.22	0	0	0	0	0	0	0
1428558204547277576	CPU_0	96.77	0	1.61	0	0	1.61	0	0	0	0
1428558205171890872	CPU_0	95.23	0	1.58	0	0	1.58	1.58	0	0	0
1428558205801605322	CPU_0	98.41	0	0	0	0	1.58	0	0	0	0
1428558206428366946	CPU_0	98.38	0	0	0	0	1.61	0	0	0	0
1428558207051720411	CPU_0	96.82	0	1.58	0	0	0	1.58	0	0	0
1428558207675181585	CPU_0	96.77	0	1.61	0	0	1.61	0	0	0	0
1428558208297996677	CPU_0	98.38	0	0	0	0	1.61	0	0	0	0
1428558208927228129	CPU_0	96.82	0	1.58	0	0	1.58	0	0	0	0
1428558209550699636	CPU_0	96.82	0	1.58	0	0	0	1.58	0	0	0
1428558210174553559	CPU_0	96.77	0	1.61	0	0	1.61	0	0	0	0
1428558210798131899	CPU_0	98.38	0	0	0	0	1.61	0	0	0	0
1428558211427680142	CPU_0	96.87	0	0	0	0	1.56	1.56	0	0	0
1428558212050415443	CPU_0	100.00	0	0	0	0	0	0	0	0	0
1428558212673825076	CPU_0	98.36	0	0	0	0	1.63	0	0	0	0
1428558213296895917	CPU_0	96.82	0	1.58	0	0	1.58	0	0	0	0
1428558213929868319	CPU_0	96.82	0	0	0	0	1.58	1.58	0	0	0
1428558214553039952	CPU_0	98.38	0	1.61	0	0	0	0	0	0	0
1428558215176954542	CPU_0	95.23	0	1.58	0	0	3.17	0	0	0	0
1428558215800155176	CPU_0	96.82	0	1.58	0	0	0	1.58	0	0	0
1428558216423228435	CPU_0	98.38	0	0	0	0	1.61	0	0	0	0
1428558217052595262	CPU_0	98.41	0	0	0	0	1.58	0	0	0	0
1428558217676062103	CPU_0	100.00	0	0	0	0	0	0	0	0	0
1428558218298590072	CPU_0	96.82	0	0	0	0	1.58	1.58	0	0	0
1428558218921525998	CPU_0	98.41	0	0	0	0	1.58	0	0	0	0
1428558219550847409	CPU_0	96.82	0	1.58	0	0	1.58	0	0	0	0
1428558220174784541	CPU_0	96.77	0	0	0	0	1.61	1.61	0	0	0
1428558220797900758	CPU_0	98.38	0	1.61	0	0	0	0	0	0	0
1428558221421647391	CPU_0	98.38	0	0	0	0	1.61	0	0	0	0
1428558222054444627	CPU_0	98.41	0	0	0	0	1.58	0	0	0	0
1428558222678404051	CPU_0	95.31	0	1.56	0	0	1.56	1.56	0	0	0
1428558223301958976	CPU_0	100.00	0	0	0	0	0	0	0	0	0
1428558223925180152	CPU_0	96.82	0	1.58	0	0	1.58	0	0	0	0
1428558224548345078	CPU_0	96.82	0	0	0	0	1.58	1.58	0	0	0
1428558225178563695	CPU_0	96.77	0	1.61	0	0	1.61	0	0	0	0
1428558225802040746	CPU_0	98.38	0	1.61	0	0	0	0	0	0	0
1428558226425530838	CPU_0	98.38	0	0	0	0	1.61	0	0	0	0
1428558227049251888	CPU_0	95.31	0	1.56	0	0	1.56	1.56	0	0	0
1428558227679338131	CPU_0	98.41	0	0	0	0	1.58	0	0	0	0
1428558228302914640	CPU_0	98.36	0	1.63	0	0	0	0	0	0	0
1428558228926558690	CPU_0	98.38	0	0	0	0	1.61	0	0	0	0
1428558229550638614	CPU_0	95.31	0	1.56	0	0	1.56	1.56	0	0	0
1428558230180153359	CPU_0	98.38	0	0	0	0	1.61	0	0	0	0
1428558230804664241	CPU_0	98.38	0	1.61	0	0	0	0	0	0	0
1428558231427621085	CPU_0	95.23	0	1.58	0	0	1.58	1.58	0	0	0
1428558232051578176	CPU_0	96.82	0	1.58	0	0	1.58	0	0	0	0
1428558232675023227	CPU_0	98.38	0	0	0	0	1.61	0	0	0	0
1428558233305444804	CPU_0	98.41	0	0	0	0	1.58	0	0	0	0
1428558233929394479	CPU_0	98.38	0	0	0	0	0	1.61	0	0	0
1428558234553276446	CPU_0	98.38	0	0	0	0	1.61	0	0	0	0
1428558235177448954	CPU_0	96.82	0	1.58	0	0	1.58	0	0	0	0
1428558235808181446	CPU_0	96.82	0	0	0	0	1.58	1.58	0	0	0
1428558236432170788	CPU_0	100.00	0	0	0	0	0	0	0	0	0
1428558237056449671	CPU_0	96.82	0	1.58	0	0	1.58	0	0	0	0
1428558237681751260	CPU_0	98.38	0	0	0	0	1.61	0	0	0	0
1428558238312832210	CPU_0	95.31	0	1.56	0	0	1.56	1.56	0	0	0
1428558238937299218	CPU_0	100.00	0	0	0	0	0	0	0	0	0
1428558239561557726	CPU_0	98.41	0	0	0	0	1.58	0	0	0	0
1428558240186357566	CPU_0	95.23	0	1.58	0	0	1.58	1.58	0	0	0
1428558240811051115	CPU_0	98.41	0	0	0	0	1.58	0	0	0	0
1428558241440465028	CPU_0	98.38	0	0	0	0	1.61	0	0	0	0
1428558242064418162	CPU_0	98.41	0	1.58	0	0	0	0	0	0	0
1428558242689241961	CPU_0	96.82	0	0	0	0	1.58	1.58	0	0	0
1428558243313234512	CPU_0	98.36	0	0	0	0	1.63	0	0	0	0
1428558243943538131	CPU_0	98.41	0	0	0	0	1.58	0	0	0	0
1428558244567140516	CPU_0	96.82	0	1.58	0	0	0	1.58	0	0	0
1428558245191098442	CPU_0	98.38	0	0	0	0	1.61	0	0	0	0
1428558245814846452	CPU_0	96.82	0	1.58	0	0	1.58	0	0	0	0
1428558246444958114	CPU_0	96.82	0	1.58	0	0	1.58	0	0	0	0
1428558247068385833	CPU_0	98.38	0	0	0	0	0	1.61	0	0	0
1428558247692477593	CPU_0	98.38	0	0	0	0	1.61	0	0	0	0
1428558248316342186	CPU_0	98.41	0	0	0	0	1.58	0	0	0	0
1428558248946316348	CPU_0	96.82	0	0	0	0	1.58	1.58	0	0	0
1428558249570267400	CPU_0	98.38	0	1.61	0	0	0	0	0	0	0
1428558250195125407	CPU_0	96.82	0	1.58	0	0	1.58	0	0	0	0
1428558250819319292	CPU_0	98.41	0	0	0	0	1.58	0	0	0	0
1428558251443477218	CPU_0	96.77	0	0	0	0	1.61	1.61	0	0	0
1428558252073163840	CPU_0	100.00	0	0	0	0	0	0	0	0	0
1428558252697489432	CPU_0	98.36	0	0	0	0	1.63	0	0	0	0
1428558253322631523	CPU_0	96.87	0	0	0	0	1.56	1.56	0	0	0
1428558253947176115	CPU_0	96.82	0	1.58	0	0	1.58	0	0	0	0
1428558254578399608	CPU_0	98.36	0	1.63	0	0	0	0	0	0	0
1428558255203485033	CPU_0	96.82	0	1.58	0	0	1.58	0	0	0	0
1428558255828145583	CPU_0	95.23	0	1.58	0	0	1.58	1.58	0	0	0
1428558256452321926	CPU_0	96.82	0	1.58	0	0	1.58	0	0	0	0
1428558257082720838	CPU_0	98.38	0	0	0	0	1.61	0	0	0	0
1428558257707829888	CPU_0	100.00	0	0	0	0	0	0	0	0	0
1428558258332318981	CPU_0	95.23	0	1.58	0	0	1.58	1.58	0	0	0
1428558258956476824	CPU_0	96.82	0	1.58	0	0	1.58	0	0	0	0
1428558259581813207	CPU_0	98.41	0	0	0	0	1.58	0	0	0	0
1428558260211729204	CPU_0	98.38	0	0	0	0	0	1.61	0	0	0
1428558260836196130	CPU_0	96.82	0	1.58	0	0	1.58	0	0	0	0
1428558261460332432	CPU_0	98.38	0	0	0	0	1.61	0	0	0	0
1428558262084834276	CPU_0	98.41	0	0	0	0	1.58	0	0	0	0
1428558262715043772	CPU_0	98.41	0	0	0	0	0	1.58	0	0	0
1428558263339421782	CPU_0	95.16	0	1.61	0	0	3.22	0	0	0	0
1428558263963184835	CPU_0	96.77	0	1.61	0	0	1.61	0	0	0	0
1428558264590649213	CPU_0	93.65	0	1.58	0	0	3.17	1.58	0	0	0
1428558265222595039	CPU_0	98.41	0	0	0	0	1.58	0	0	0	0
1428558265847078049	CPU_0	98.41	0	0	0	0	1.58	0	0	0	0
1428558266471713226	CPU_0	95.23	0	1.58	0	0	1.58	1.58	0	0	0
1428558267095461113	CPU_0	100.00	0	0	0	0	0	0	0	0	0
1428558267727024273	CPU_0	98.38	0	0	0	0	1.61	0	0	0	0
1428558268352471365	CPU_0	93.75	0	3.12	0	0	1.56	1.56	0	0	0
1428558268977503457	CPU_0	98.38	0	0	0	0	1.61	0	0	0	0
1428558269602944007	CPU_0	100.00	0	0	0	0	0	0	0	0	0
1428558270229434346	CPU_0	96.82	0	1.58	0	0	1.58	0	0	0	0
1428558270861227006	CPU_0	96.87	0	0	0	0	1.56	1.56	0	0	0
1428558271486520640	CPU_0	98.41	0	0	0	0	1.58	0	0	0	0
1428558272111449941	CPU_0	100.00	0	0	0	0	0	0	0	0	0
1428558272736516117	CPU_0	96.82	0	0	0	0	1.58	1.58	0	0	0
1428558273367815695	CPU_0	96.82	0	1.58	0	0	1.58	0	0	0	0
1428558273992434456	CPU_0	96.82	0	1.58	0	0	1.58	0	0	0	0
1428558274617774757	CPU_0	98.38	0	0	0	0	1.61	0	0	0	0
1428558275242671225	CPU_0	98.38	0	0	0	0	0	1.61	0	0	0
1428558275874231053	CPU_0	98.43	0	0	0	0	1.56	0	0	0	0
1428558276498718772	CPU_0	96.77	0	1.61	0	0	1.61	0	0	0	0
1428558277124217990	CPU_0	96.82	0	0	0	0	1.58	1.58	0	0	0
1428558277749278375	CPU_0	100.00	0	0	0	0	0	0	0	0	0
1428558278384208278	CPU_0	96.82	0	1.58	0	0	1.58	0	0	0	0
1428558279009341704	CPU_0	98.41	0	0	0	0	1.58	0	0	0	0
1428558279634699214	CPU_0	96.82	0	0	0	0	1.58	1.58	0	0	0
1428558280260198765	CPU_0	100.00	0	0	0	0	0	0	0	0	0
1428558280886085773	CPU_0	96.82	0	1.58	0	0	1.58	0	0	0	0
1428558281517777142	CPU_0	95.23	0	1.58	0	0	1.58	1.58	0	0	0
1428558282143115194	CPU_0	96.82	0	1.58	0	0	1.58	0	0	0	0
1428558282769128994	CPU_0	100.00	0	0	0	0	0	0	0	0	0
1428558283394846003	CPU_0	96.77	0	1.61	0	0	1.61	0	0	0	0
1428558284026753997	CPU_0	95.38	0	1.53	0	0	1.53	1.53	0	0	0
1428558284652191757	CPU_0	98.38	0	0	0	0	1.61	0	0	0	0
1428558285278054224	CPU_0	96.77	0	1.61	0	0	1.61	0	0	0	0
1428558285904608189	CPU_0	98.41	0	0	0	0	0	1.58	0	0	0
1428558286536704725	CPU_0	96.82	0	1.58	0	0	1.58	0	0	0	0
1428558287162218026	CPU_0	98.38	0	0	0	0	1.61	0	0	0	0
1428558287788083202	CPU_0	98.41	0	0	0	0	1.58	0	0	0	0
1428558288413892670	CPU_0	98.41	0	0	0	0	0	1.58	0	0	0
1428558289048660116	CPU_0	98.41	0	0	0	0	1.58	0	0	0	0
1428558289674199501	CPU_0	96.82	0	1.58	0	0	1.58	0	0	0	0
1428558290300007635	CPU_0	96.82	0	1.58	0	0	1.58	0	0	0	0
1428558290925977686	CPU_0	96.77	0	1.61	0	0	0	1.61	0	0	0
1428558291551380821	CPU_0	98.38	0	0	0	0	1.61	0	0	0	0
1428558292183355900	CPU_0	98.41	0	0	0	0	1.58	0	0	0	0
1428558292809218659	CPU_0	96.87	0	0	0	0	1.56	1.56	0	0	0
1428558293434927711	CPU_0	96.82	0	1.58	0	0	1.58	0	0	0	0
1428558294059986097	CPU_0	100.00	0	0	0	0	0	0	0	0	0
1428558294691846301	CPU_0	98.41	0	0	0	0	1.58	0	0	0	0
1428558295317429103	CPU_0	96.82	0	0	0	0	1.58	1.58	0	0	0
1428558295942729697	CPU_0	96.82	0	1.58	0	0	1.58	0	0	0	0
1428558296567403252	CPU_0	100.00	0	0	0	0	0	0	0	0	0
1428558297198928082	CPU_0	96.82	0	0	0	0	1.58	1.58	0	0	0
1428558297824204760	CPU_0	98.41	0	0	0	0	1.58	0	0	0	0
1428558298449776562	CPU_0	98.38	0	0	0	0	1.61	0	0	0	0
1428558299075167032	CPU_0	98.41	0	1.58	0	0	0	0	0	0	0
1428558299709707396	CPU_0	96.82	0	0	0	0	1.58	1.58	0	0	0
1428558300335112907	CPU_0	96.82	0	1.58	0	0	1.58	0	0	0	0
1428558300960752835	CPU_0	98.41	0	0	0	0	1.58	0	0	0	0
1428558301586550595	CPU_0	96.77	0	1.61	0	0	0	1.61	0	0	0
1428558302211711191	CPU_0	98.38	0	0	0	0	1.61	0	0	0	0
1428558302843855895	CPU_0	96.87	0	1.56	0	0	1.56	0	0	0	0
1428558303469073407	CPU_0	96.82	0	1.58	0	0	1.58	0	0	0	0
1428558304094168836	CPU_0	96.77	0	1.61	0	0	0	1.61	0	0	0
1428558304719999846	CPU_0	98.38	0	0	0	0	1.61	0	0	0	0
1428558305352222509	CPU_0	98.41	0	0	0	0	1.58	0	0	0	0
1428558305977761312	CPU_0	93.75	0	3.12	0	0	1.56	1.56	0	0	0
1428558306602609742	CPU_0	98.38	0	0	0	0	1.61	0	0	0	0
1428558307227797671	CPU_0	100.00	0	0	0	0	0	0	0	0	0
1428558307860595290	CPU_0	96.87	0	1.56	0	0	1.56	0	0	0	0
1428558308485743220	CPU_0	96.82	0	0	0	0	1.58	1.58	0	0	0
1428558309110862482	CPU_0	96.77	0	1.61	0	0	1.61	0	0	0	0
1428558309736697869	CPU_0	100.00	0	0	0	0	0	0	0	0	0
1428558310372460689	CPU_0	96.87	0	0	0	0	1.56	1.56	0	0	0
1428558310999463323	CPU_0	95.31	0	3.12	0	0	1.56	0	0	0	0
1428558311625225001	CPU_0	98.38	0	0	0	0	1.61	0	0	0	0
1428558312251301595	CPU_0	100.00	0	0	0	0	0	0	0	0	0
1428558312878078146	CPU_0	95.23	0	1.58	0	0	1.58	1.58	0	0	0
1428558313510652725	CPU_0	98.41	0	0	0	0	1.58	0	0	0	0
1428558314136100988	CPU_0	98.41	0	0	0	0	1.58	0	0	0	0
1428558314761830000	CPU_0	96.82	0	0	0	0	1.58	1.58	0	0	0
1428558315387970636	CPU_0	100.00	0	0	0	0	0	0	0	0	0
1428558316021031047	CPU_0	98.41	0	0	0	0	1.58	0	0	0	0
1428558316646753184	CPU_0	96.82	0	1.58	0	0	1.58	0	0	0	0
1428558317273176361	CPU_0	95.23	0	1.58	0	0	1.58	1.58	0	0	0
1428558317899910579	CPU_0	100.00	0	0	0	0	0	0	0	0	0
1428558318532780741	CPU_0	96.82	0	1.58	0	0	1.58	0	0	0	0
1428558319158979127	CPU_0	96.87	0	0	0	0	1.56	1.56	0	0	0
1428558319785301180	CPU_0	96.82	0	1.58	0	0	1.58	0	0	0	0
1428558320411766441	CPU_0	100.00	0	0	0	0	0	0	0	0	0
1428558321044287395	CPU_0	98.41	0	0	0	0	1.58	0	0	0	0
1428558321669946075	CPU_0	95.31	0	1.56	0	0	1.56	1.56	0	0	0
1428558322296164919	CPU_0	98.38	0	0	0	0	1.61	0	0	0	0
1428558322922038723	CPU_0	100.00	0	0	0	0	0	0	0	0	0
1428558323547489029	CPU_0	96.82	0	0	0	0	1.58	1.58	0	0	0
1428558324179010736	CPU_0	98.43	0	0	0	0	1.56	0	0	0	0
1428558324805328539	CPU_0	98.38	0	0	0	0	1.61	0	0	0	0
1428558325430442387	CPU_0	98.38	0	0	0	0	1.61	0	0	0	0
1428558326056354483	CPU_0	96.82	0	1.58	0	0	0	1.58	0	0	0
1428558326687881899	CPU_0	98.41	0	0	0	0	1.58	0	0	0	0
1428558327313680703	CPU_0	98.38	0	0	0	0	1.61	0	0	0	0
1428558327938329344	CPU_0	95.31	0	1.56	0	0	1.56	1.56	0	0	0
1428558328563447317	CPU_0	98.38	0	1.61	0	0	0	0	0	0	0
1428558329194755859	CPU_0	98.41	0	0	0	0	1.58	0	0	0	0
1428558329821218537	CPU_0	96.82	0	1.58	0	0	1.58	0	0	0	0
1428558330445734886	CPU_0	96.82	0	0	0	0	1.58	1.58	0	0	0
1428558331072034982	CPU_0	100.00	0	0	0	0	0	0	0	0	0
1428558331703507232	CPU_0	96.82	0	1.58	0	0	1.58	0	0	0	0
1428558332330576450	CPU_0	96.87	0	0	0	0	1.56	1.56	0	0	0
1428558332956223631	CPU_0	96.82	0	1.58	0	0	1.58	0	0	0	0
1428558333582968684	CPU_0	96.77	0	1.61	0	0	1.61	0	0	0	0
1428558334209368613	CPU_0	100.00	0	0	0	0	0	0	0	0	0
1428558334841426736	CPU_0	95.38	0	1.53	0	0	1.53	1.53	0	0	0
1428558335466497044	CPU_0	98.38	0	0	0	0	1.61	0	0	0	0
1428558336092910014	CPU_0	96.82	0	1.58	0	0	1.58	0	0	0	0
1428558336718371987	CPU_0	98.38	0	0	0	0	0	1.61	0	0	0
1428558337351358276	CPU_0	98.41	0	0	0	0	1.58	0	0	0	0
1428558337977196998	CPU_0	96.82	0	1.58	0	0	1.58	0	0	0	0
1428558338603320678	CPU_0	98.38	0	0	0	0	1.61	0	0	0	0
1428558339229080442	CPU_0	98.41	0	0	0	0	0	1.58	0	0	0
1428558339862254188	CPU_0	96.87	0	1.56	0	0	1.56	0	0	0	0
1428558340488097494	CPU_0	98.38	0	0	0	0	1.61	0	0	0	0
1428558341114491174	CPU_0	96.82	0	0	0	0	1.58	1.58	0	0	0
1428558341740063105	CPU_0	100.00	0	0	0	0	0	0	0	0	0
1428558342373211977	CPU_0	96.82	0	1.58	0	0	1.58	0	0	0	0
1428558342998465534	CPU_0	98.41	0	0	0	0	1.58	0	0	0	0
1428558343625035630	CPU_0	93.75	0	3.12	0	0	1.56	1.56	0	0	0
1428558344251032019	CPU_0	100.00	0	0	0	0	0	0	0	0	0
1428558344884850432	CPU_0	96.82	0	1.58	0	0	1.58	0	0	0	0
1428558345510802404	CPU_0	96.82	0	0	0	0	1.58	1.58	0	0	0
1428558346136732169	CPU_0	96.77	0	1.61	0	0	1.61	0	0	0	0
1428558346762947224	CPU_0	100.00	0	0	0	0	0	0	0	0	0
1428558347389653820	CPU_0	98.41	0	0	0	0	1.58	0	0	0	0
1428558348023032567	CPU_0	95.31	0	1.56	0	0	1.56	1.56	0	0	0
1428558348648839165	CPU_0	98.41	0	0	0	0	1.58	0	0	0	0
1428558349275778136	CPU_0	100.00	0	0	0	0	0	0	0	0	0
1428558349904025103	CPU_0	98.41	0	0	0	0	1.58	0	0	0	0
1428558350538349723	CPU_0	96.82	0	0	0	0	1.58	1.58	0	0	0
1428558351164855070	CPU_0	98.41	0	0	0	0	1.58	0	0	0	0
1428558351792875205	CPU_0	96.82	0	1.58	0	0	1.58	0	0	0	0
1428558352419954884	CPU_0	98.41	0	0	0	0	0	1.58	0	0	0
1428558353053080090	CPU_0	98.38	0	0	0	0	1.61	0	0	0	0
1428558353679107105	CPU_0	96.82	0	1.58	0	0	1.58	0	0	0	0
1428558354305689369	CPU_0	93.65	0	3.17	0	0	1.58	1.58	0	0	0
1428558354932340257	CPU_0	98.41	0	1.58	0	0	0	0	0	0	0
1428558355565473422	CPU_0	98.38	0	0	0	0	1.61	0	0	0	0
1428558356191679687	CPU_0	96.87	0	1.56	0	0	1.56	0	0	0	0
1428558356818178743	CPU_0	96.77	0	0	0	0	1.61	1.61	0	0	0
1428558357444309258	CPU_0	98.41	0	1.58	0	0	0	0	0	0	0
1428558358072398851	CPU_0	98.38	0	0	0	0	1.61	0	0	0	0
1428558358703871062	CPU_0	98.41	0	0	0	0	1.58	0	0	0	0
1428558359330366535	CPU_0	95.31	0	1.56	0	0	1.56	1.56	0	0	0
1428558359957522964	CPU_0	98.38	0	0	0	0	1.61	0	0	0	0
1428558360583494980	CPU_0	98.38	0	1.61	0	0	0	0	0	0	0
1428558361216403729	CPU_0	96.87	0	0	0	0	1.56	1.56	0	0	0
1428558361842971243	CPU_0	98.41	0	0	0	0	1.58	0	0	0	0
1428558362470163215	CPU_0	96.82	0	1.58	0	0	1.58	0	0	0	0
1428558363096355647	CPU_0	98.38	0	0	0	0	0	1.61	0	0	0
1428558363729033438	CPU_0	96.87	0	1.56	0	0	1.56	0	0	0	0
1428558364356830742	CPU_0	98.38	0	0	0	0	1.61	0	0	0	0
1428558364983437756	CPU_0	98.41	0	0	0	0	1.58	0	0	0	0
1428558365610973144	CPU_0	98.38	0	0	0	0	0	1.61	0	0	0
1428558366244489309	CPU_0	95.31	0	3.12	0	0	1.56	0	0	0	0
1428558366872682070	CPU_0	98.38	0	0	0	0	1.61	0	0	0	0
1428558367499855333	CPU_0	96.87	0	0	0	0	1.56	1.56	0	0	0
1428558368126813430	CPU_0	96.82	0	1.58	0	0	1.58	0	0	0	0
1428558368758816641	CPU_0	100.00	0	0	0	0	0	0	0	0	0
1428558369386848611	CPU_0	96.87	0	1.56	0	0	1.56	0	0	0	0
1428558370013141877	CPU_0	96.82	0	0	0	0	1.58	1.58	0	0	0
1428558370639905225	CPU_0	98.41	0	0	0	0	1.58	0	0	0	0
1428558371388325785	CPU_0	86.48	0	5.40	0	0	8.10	0	0	0	0
1428558372015727881	CPU_0	96.87	0	0	0	0	1.56	1.56	0	0	0
1428558372642058689	CPU_0	98.38	0	0	0	0	1.61	0	0	0	0
1428558373269068912	CPU_0	100.00	0	0	0	0	0	0	0	0	0
1428558373912074305	CPU_0	95.31	0	0	0	0	4.68	0	0	0	0
1428558374539240819	CPU_0	98.41	0	0	0	0	0	1.58	0	0	0
1428558375165819793	CPU_0	96.82	0	1.58	0	0	1.58	0	0	0	0
1428558375792512600	CPU_0	91.93	0	4.83	0	0	3.22	0	0	0	0
1428558376425910849	CPU_0	93.75	0	1.56	0	0	3.12	1.56	0	0	0
1428558377052155241	CPU_0	98.41	0	0	0	0	1.58	0	0	0	0
1428558377677808509	CPU_0	100.00	0	0	0	0	0	0	0	0	0
1428558378304287942	CPU_0	96.82	0	1.58	0	0	1.58	0	0	0	0
1428558378932038663	CPU_0	93.65	0	1.58	0	0	3.17	1.58	0	0	0
1428558379564698206	CPU_0	98.41	0	0	0	0	1.58	0	0	0	0
1428558380190823682	CPU_0	98.38	0	1.61	0	0	0	0	0	0	0
1428558380817587156	CPU_0	96.82	0	0	0	0	1.58	1.58	0	0	0
1428558381499354875	CPU_0	91.30	0	2.89	0	0	5.79	0	0	0	0
1428558382126556556	CPU_0	98.38	0	0	0	0	1.61	0	0	0	0
1428558382752605449	CPU_0	100.00	0	0	0	0	0	0	0	0	0
1428558383379229132	CPU_0	93.75	0	1.56	0	0	3.12	1.56	0	0	0
1428558384013326589	CPU_0	92.06	0	3.17	0	0	4.76	0	0	0	0
1428558384642296141	CPU_0	98.38	0	0	0	0	1.61	0	0	0	0
1428558385268716908	CPU_0	96.82	0	0	0	0	1.58	1.58	0	0	0
1428558385895116800	CPU_0	96.87	0	1.56	0	0	1.56	0	0	0	0
1428558386529739589	CPU_0	93.54	0	0	0	0	6.45	0	0	0	0
1428558387162935215	CPU_0	96.87	0	0	0	0	1.56	1.56	0	0	0
1428558387789061858	CPU_0	98.41	0	1.58	0	0	0	0	0	0	0
1428558388415994916	CPU_0	98.36	0	0	0	0	1.63	0	0	0	0
1428558389042806099	CPU_0	95.23	0	1.58	0	0	3.17	0	0	0	0
1428558389676444182	CPU_0	96.87	0	0	0	0	1.56	1.56	0	0	0
1428558390303718906	CPU_0	100.00	0	0	0	0	0	0	0	0	0
1428558390931761753	CPU_0	98.41	0	0	0	0	1.58	0	0	0	0
1428558391647033643	CPU_0	86.11	0	4.16	0	0	8.33	1.38	0	0	0
1428558392274685658	CPU_0	100.00	0	0	0	0	0	0	0	0	0
1428558392901503966	CPU_0	96.77	0	1.61	0	0	1.61	0	0	0	0
1428558393529970563	CPU_0	93.65	0	1.58	0	0	3.17	1.58	0	0	0
1428558394159404365	CPU_0	96.87	0	1.56	0	0	1.56	0	0	0	0
1428558394791367578	CPU_0	98.38	0	0	0	0	1.61	0	0	0	0
1428558395419159259	CPU_0	98.41	0	0	0	0	1.58	0	0	0	0
1428558396046406358	CPU_0	95.31	0	1.56	0	0	1.56	1.56	0	0	0
1428558396675835994	CPU_0	88.70	0	4.83	0	0	6.45	0	0	0	0
1428558397309439037	CPU_0	96.82	0	1.58	0	0	1.58	0	0	0	0
1428558397938197175	CPU_0	96.82	0	1.58	0	0	0	1.58	0	0	0
1428558398566515980	CPU_0	93.75	0	3.12	0	0	3.12	0	0	0	0
1428558399195056285	CPU_0	98.38	0	0	0	0	1.61	0	0	0	0
1428558399829695992	CPU_0	98.43	0	0	0	0	1.56	0	0	0	0
1428558400458232630	CPU_0	98.38	0	0	0	0	0	1.61	0	0	0
1428558401085601480	CPU_0	98.41	0	0	0	0	1.58	0	0	0	0
1428558401759851718	CPU_0	86.56	0	2.98	0	0	10.44	0	0	0	0
1428558402393766927	CPU_0	95.31	0	1.56	0	0	1.56	1.56	0	0	0
1428558403021721901	CPU_0	98.41	0	0	0	0	1.58	0	0	0	0
1428558403649739624	CPU_0	95.23	0	1.58	0	0	3.17	0	0	0	0
1428558404277010140	CPU_0	96.82	0	0	0	0	1.58	1.58	0	0	0
1428558404911035350	CPU_0	100.00	0	0	0	0	0	0	0	0	0
1428558405539319239	CPU_0	98.38	0	0	0	0	1.61	0	0	0	0
1428558406166278340	CPU_0	96.82	0	1.58	0	0	1.58	0	0	0	0
1428558406794380230	CPU_0	93.65	0	1.58	0	0	3.17	1.58	0	0	0
1428558407430814975	CPU_0	96.82	0	1.58	0	0	1.58	0	0	0	0
1428558408059050031	CPU_0	98.43	0	0	0	0	1.56	0	0	0	0
1428558408685918049	CPU_0	96.77	0	0	0	0	1.61	1.61	0	0	0
1428558409313451441	CPU_0	98.41	0	0	0	0	1.58	0	0	0	0
1428558409941281832	CPU_0	96.77	0	1.61	0	0	1.61	0	0	0	0
1428558410575298083	CPU_0	100.00	0	0	0	0	0	0	0	0	0
1428558411202574934	CPU_0	95.23	0	1.58	0	0	1.58	1.58	0	0	0
1428558411860895794	CPU_0	92.53	0	2.98	0	0	4.47	0	0	0	0
1428558412488595061	CPU_0	98.36	0	0	0	0	1.63	0	0	0	0
1428558413122313271	CPU_0	98.43	0	0	0	0	1.56	0	0	0	0
1428558413749272415	CPU_0	96.82	0	0	0	0	1.58	1.58	0	0	0
1428558414377650013	CPU_0	96.82	0	1.58	0	0	1.58	0	0	0	0
1428558415005793695	CPU_0	98.41	0	0	0	0	1.58	0	0	0	0
1428558415640243029	CPU_0	95.31	0	1.56	0	0	1.56	1.56	0	0	0
1428558416267277298	CPU_0	100.00	0	0	0	0	0	0	0	0	0
1428558416895928187	CPU_0	91.93	0	3.22	0	0	4.83	0	0	0	0
1428558417524357869	CPU_0	98.41	0	0	0	0	1.58	0	0	0	0
1428558418158212580	CPU_0	93.75	0	3.12	0	0	1.56	1.56	0	0	0
1428558418785951013	CPU_0	96.77	0	1.61	0	0	1.61	0	0	0	0
1428558419412338742	CPU_0	98.41	0	0	0	0	1.58	0	0	0	0
1428558420040565924	CPU_0	95.31	0	1.56	0	0	1.56	1.56	0	0	0
1428558420674158553	CPU_0	98.41	0	1.58	0	0	0	0	0	0	0
1428558421301275321	CPU_0	98.38	0	0	0	0	1.61	0	0	0	0
1428558421962383468	CPU_0	90.90	0	3.03	0	0	4.54	1.51	0	0	0
1428558422590146527	CPU_0	98.41	0	0	0	0	1.58	0	0	0	0
1428558423222803033	CPU_0	98.41	0	0	0	0	1.58	0	0	0	0
1428558423849873802	CPU_0	95.23	0	1.58	0	0	3.17	0	0	0	0
1428558424476924112	CPU_0	95.31	0	1.56	0	0	1.56	1.56	0	0	0
1428558425103872715	CPU_0	100.00	0	0	0	0	0	0	0	0	0
1428558425736240388	CPU_0	98.41	0	0	0	0	1.58	0	0	0	0
1428558426363036116	CPU_0	95.31	0	1.56	0	0	1.56	1.56	0	0	0
1428558427084433205	CPU_0	86.11	0	4.16	0	0	9.72	0	0	0	0
1428558427711160850	CPU_0	96.82	0	1.58	0	0	1.58	0	0	0	0
1428558428344097772	CPU_0	96.82	0	0	0	0	1.58	1.58	0	0	0
1428558428970697292	CPU_0	93.65	0	3.17	0	0	3.17	0	0	0	0
1428558429598519352	CPU_0	100.00	0	0	0	0	0	0	0	0	0
1428558430225096414	CPU_0	98.41	0	0	0	0	1.58	0	0	0	0
1428558430859746083	CPU_0	96.87	0	0	0	0	1.56	1.56	0	0	0
1428558431487078852	CPU_0	98.38	0	0	0	0	1.61	0	0	0	0
1428558432115983575	CPU_0	95.23	0	1.58	0	0	3.17	0	0	0	0
1428558432743241720	CPU_0	98.38	0	0	0	0	1.61	0	0	0	0
1428558433377453348	CPU_0	95.38	0	1.53	0	0	1.53	1.53	0	0	0
1428558434004789492	CPU_0	96.72	0	1.63	0	0	1.63	0	0	0	0
1428558434632848093	CPU_0	96.82	0	1.58	0	0	1.58	0	0	0	0
1428558435260573320	CPU_0	96.87	0	0	0	0	1.56	1.56	0	0	0
1428558435895245697	CPU_0	96.82	0	1.58	0	0	1.58	0	0	0	0
1428558436524406462	CPU_0	96.77	0	1.61	0	0	1.61	0	0	0	0
1428558437153034187	CPU_0	95.23	0	1.58	0	0	3.17	0	0	0	0
1428558437780948747	CPU_0	95.23	0	1.58	0	0	1.58	1.58	0	0	0
1428558438414973292	CPU_0	98.43	0	0	0	0	1.56	0	0	0	0
1428558439043058644	CPU_0	96.77	0	1.61	0	0	1.61	0	0	0	0
1428558439670559038	CPU_0	95.31	0	1.56	0	0	1.56	1.56	0	0	0
1428558440298232807	CPU_0	100.00	0	0	0	0	0	0	0	0	0
1428558440932413686	CPU_0	98.41	0	0	0	0	1.58	0	0	0	0
1428558441563526405	CPU_0	96.82	0	1.58	0	0	1.58	0	0	0	0
1428558442191416341	CPU_0	96.87	0	0	0	0	1.56	1.56	0	0	0
1428558442820089607	CPU_0	96.82	0	1.58	0	0	1.58	0	0	0	0
1428558443447842710	CPU_0	100.00	0	0	0	0	0	0	0	0	0
1428558444083003628	CPU_0	95.38	0	1.53	0	0	1.53	1.53	0	0	0
1428558444711227730	CPU_0	98.41	0	0	0	0	1.58	0	0	0	0
1428558445339690748	CPU_0	98.38	0	0	0	0	1.61	0	0	0	0
1428558445968038890	CPU_0	98.41	0	1.58	0	0	0	0	0	0	0
1428558446604581139	CPU_0	96.87	0	0	0	0	1.56	1.56	0	0	0
1428558447233547281	CPU_0	98.38	0	0	0	0	1.61	0	0	0	0
1428558447862507131	CPU_0	96.87	0	1.56	0	0	1.56	0	0	0	0
1428558448491320231	CPU_0	96.82	0	0	0	0	1.58	1.58	0	0	0
1428558449126977024	CPU_0	100.00	0	0	0	0	0	0	0	0	0
1428558449755369542	CPU_0	96.82	0	1.58	0	0	1.58	0	0	0	0
1428558450383413395	CPU_0	96.82	0	0	0	0	1.58	1.58	0	0	0
1428558451011876080	CPU_0	96.82	0	1.58	0	0	1.58	0	0	0	0
1428558451647515664	CPU_0	98.41	0	0	0	0	1.58	0	0	0	0
1428558452275876099	CPU_0	98.41	0	1.58	0	0	0	0	0	0	0
1428558452903800244	CPU_0	96.82	0	0	0	0	1.58	1.58	0	0	0
1428558453531860680	CPU_0	96.82	0	1.58	0	0	1.58	0	0	0	0
1428558454167574640	CPU_0	98.41	0	0	0	0	1.58	0	0	0	0
1428558454796618574	CPU_0	98.41	0	0	0	0	0	1.58	0	0	0
1428558455424737551	CPU_0	98.41	0	0	0	0	1.58	0	0	0	0
1428558456054705983	CPU_0	96.82	0	1.58	0	0	1.58	0	0	0	0
1428558456689148071	CPU_0	98.41	0	0	0	0	1.58	0	0	0	0
1428558457319061128	CPU_0	98.41	0	0	0	0	0	1.58	0	0	0
1428558457946754357	CPU_0	98.41	0	0	0	0	1.58	0	0	0	0
1428558458576164874	CPU_0	98.38	0	0	0	0	1.61	0	0	0	0
1428558459206031931	CPU_0	96.87	0	0	0	0	1.56	1.56	0	0	0
1428558459839571813	CPU_0	96.87	0	1.56	0	0	1.56	0	0	0	0
1428558460467705624	CPU_0	100.00	0	0	0	0	0	0	0	0	0
1428558461097321224	CPU_0	95.31	0	3.12	0	0	1.56	0	0	0	0
1428558461725638994	CPU_0	96.82	0	0	0	0	1.58	1.58	0	0	0
1428558462360829414	CPU_0	98.43	0	0	0	0	1.56	0	0	0	0
1428558462990548472	CPU_0	98.38	0	1.61	0	0	0	0	0	0	0
1428558463620698445	CPU_0	96.87	0	0	0	0	1.56	1.56	0	0	0
1428558464249447422	CPU_0	98.41	0	0	0	0	1.58	0	0	0	0
1428558464884810634	CPU_0	98.41	0	0	0	0	1.58	0	0	0	0
1428558465512875529	CPU_0	96.82	0	1.58	0	0	1.58	0	0	0	0
1428558466143143420	CPU_0	98.41	0	0	0	0	0	1.58	0	0	0
1428558466772140771	CPU_0	98.41	0	0	0	0	1.58	0	0	0	0
1428558467408055649	CPU_0	98.41	0	0	0	0	1.58	0	0	0	0
1428558468036139419	CPU_0	96.82	0	0	0	0	1.58	1.58	0	0	0
1428558468666385810	CPU_0	98.41	0	0	0	0	1.58	0	0	0	0
1428558469294949579	CPU_0	100.00	0	0	0	0	0	0	0	0	0
1428558469931103706	CPU_0	96.87	0	1.56	0	0	1.56	0	0	0	0
1428558470559566435	CPU_0	96.87	0	0	0	0	1.56	1.56	0	0	0
1428558471189601743	CPU_0	98.41	0	0	0	0	1.58	0	0	0	0
1428558471818271471	CPU_0	100.00	0	0	0	0	0	0	0	0	0
1428558472453906807	CPU_0	96.87	0	0	0	0	1.56	1.56	0	0	0
1428558473083307367	CPU_0	96.87	0	1.56	0	0	1.56	0	0	0	0
1428558473711923220	CPU_0	98.38	0	0	0	0	1.61	0	0	0	0
1428558474340596032	CPU_0	96.87	0	1.56	0	0	1.56	0	0	0	0
1428558474975620911	CPU_0	98.41	0	0	0	0	0	1.58	0	0	0
1428558475605317429	CPU_0	98.41	0	0	0	0	1.58	0	0	0	0
1428558476233954157	CPU_0	96.82	0	1.58	0	0	1.58	0	0	0	0
1428558476862488594	CPU_0	100.00	0	0	0	0	0	0	0	0	0
1428558477497656516	CPU_0	96.87	0	0	0	0	1.56	1.56	0	0	0
1428558478130305985	CPU_0	96.82	0	1.58	0	0	1.58	0	0	0	0
1428558478759572462	CPU_0	98.41	0	0	0	0	1.58	0	0	0	0
1428558479389200314	CPU_0	96.87	0	0	0	0	1.56	1.56	0	0	0
1428558480019038373	CPU_0	96.82	0	1.58	0	0	1.58	0	0	0	0
1428558480655050459	CPU_0	100.00	0	0	0	0	0	0	0	0	0
1428558481284360812	CPU_0	96.82	0	0	0	0	1.58	1.58	0	0	0
1428558481913521331	CPU_0	98.41	0	0	0	0	1.58	0	0	0	0
1428558482542988141	CPU_0	95.16	0	3.22	0	0	1.61	0	0	0	0
1428558483179429102	CPU_0	98.43	0	0	0	0	1.56	0	0	0	0
1428558483808164373	CPU_0	96.82	0	0	0	0	1.58	1.58	0	0	0
1428558484437069143	CPU_0	100.00	0	0	0	0	0	0	0	0	0
1428558485065650831	CPU_0	96.82	0	1.58	0	0	1.58	0	0	0	0
1428558485702444249	CPU_0	95.31	0	1.56	0	0	1.56	1.56	0	0	0
1428558486331844810	CPU_0	98.41	0	0	0	0	1.58	0	0	0	0
1428558486961425037	CPU_0	100.00	0	0	0	0	0	0	0	0	0
1428558487591089431	CPU_0	96.82	0	1.58	0	0	1.58	0	0	0	0
1428558488227996849	CPU_0	96.87	0	0	0	0	1.56	1.56	0	0	0
1428558488857106869	CPU_0	98.41	0	0	0	0	1.58	0	0	0	0
1428558489486270556	CPU_0	96.82	0	1.58	0	0	1.58	0	0	0	0
1428558490115590492	CPU_0	98.41	0	0	0	0	0	1.58	0	0	0
1428558490751233539	CPU_0	98.43	0	0	0	0	1.56	0	0	0	0
1428558491380460101	CPU_0	96.82	0	1.58	0	0	1.58	0	0	0	0
1428558492009255705	CPU_0	98.38	0	0	0	0	1.61	0	0	0	0
1428558492639197141	CPU_0	95.31	0	3.12	0	0	0	1.56	0	0	0
1428558493274700646	CPU_0	98.41	0	0	0	0	1.58	0	0	0	0
1428558493904142832	CPU_0	96.77	0	1.61	0	0	1.61	0	0	0	0
1428558494533055270	CPU_0	96.87	0	0	0	0	1.56	1.56	0	0	0
1428558495163493330	CPU_0	98.41	0	1.58	0	0	0	0	0	0	0
1428558495800493457	CPU_0	98.41	0	0	0	0	1.58	0	0	0	0
1428558496430088685	CPU_0	98.41	0	0	0	0	1.58	0	0	0	0
1428558497058676124	CPU_0	95.31	0	1.56	0	0	1.56	1.56	0	0	0
1428558497690080556	CPU_0	98.38	0	0	0	0	1.61	0	0	0	0
1428558498321783154	CPU_0	98.41	0	1.58	0	0	0	0	0	0	0
1428558498955802997	CPU_0	96.87	0	0	0	0	1.56	1.56	0	0	0
1428558499584823726	CPU_0	98.41	0	0	0	0	1.58	0	0	0	0
1428558500215432411	CPU_0	98.41	0	0	0	0	1.58	0	0	0	0
1428558500845026181	CPU_0	96.82	0	1.58	0	0	1.58	0	0	0	0
1428558501480994478	CPU_0	98.43	0	0	0	0	0	1.56	0	0	0
1428558502110229915	CPU_0	98.41	0	0	0	0	1.58	0	0	0	0
1428558502740285601	CPU_0	98.38	0	0	0	0	1.61	0	0	0	0
1428558503369476289	CPU_0	96.82	0	0	0	0	1.58	1.58	0	0	0
1428558504004879921	CPU_0	92.18	0	4.68	0	0	3.12	0	0	0	0
1428558504634873315	CPU_0	95.23	0	1.58	0	0	3.17	0	0	0	0
1428558505265034210	CPU_0	98.41	0	0	0	0	0	1.58	0	0	0
1428558505894815688	CPU_0	98.41	0	0	0	0	1.58	0	0	0	0
1428558506530341736	CPU_0	96.82	0	1.58	0	0	1.58	0	0	0	0
1428558507160432547	CPU_0	98.43	0	0	0	0	1.56	0	0	0	0
1428558507790465859	CPU_0	96.82	0	0	0	0	1.58	1.58	0	0	0
1428558508419520714	CPU_0	98.38	0	0	0	0	1.61	0	0	0	0
1428558509055173971	CPU_0	98.43	0	1.56	0	0	0	0	0	0	0
1428558509685501157	CPU_0	96.82	0	0	0	0	1.58	1.58	0	0	0
1428558510315230094	CPU_0	98.41	0	0	0	0	1.58	0	0	0	0
1428558510944691032	CPU_0	96.82	0	1.58	0	0	1.58	0	0	0	0
1428558511580673413	CPU_0	96.87	0	0	0	0	1.56	1.56	0	0	0
1428558512211640973	CPU_0	100.00	0	0	0	0	0	0	0	0	0
1428558512841604243	CPU_0	95.23	0	3.17	0	0	1.58	0	0	0	0
1428558513470987015	CPU_0	98.41	0	0	0	0	1.58	0	0	0	0
1428558514107107979	CPU_0	95.38	0	1.53	0	0	1.53	1.53	0	0	0
1428558514737480498	CPU_0	100.00	0	0	0	0	0	0	0	0	0
1428558515367391269	CPU_0	98.38	0	0	0	0	1.61	0	0	0	0
1428558515997194165	CPU_0	95.38	0	1.53	0	0	1.53	1.53	0	0	0
1428558516632607715	CPU_0	96.82	0	1.58	0	0	1.58	0	0	0	0
1428558517262748277	CPU_0	100.00	0	0	0	0	0	0	0	0	0
1428558517892560131	CPU_0	98.41	0	0	0	0	1.58	0	0	0	0
1428558518521981236	CPU_0	96.87	0	0	0	0	1.56	1.56	0	0	0
1428558519159235490	CPU_0	98.43	0	0	0	0	1.56	0	0	0	0
1428558519787656223	CPU_0	98.38	0	0	0	0	1.61	0	0	0	0
1428558520416426080	CPU_0	98.41	0	0	0	0	0	1.58	0	0	0
1428558521045708436	CPU_0	96.82	0	1.58	0	0	1.58	0	0	0	0
1428558521676204998	CPU_0	98.41	0	0	0	0	1.58	0	0	0	0
1428558522310619634	CPU_0	84.12	0	1.58	12.69	0	1.58	0	0	0	0
1428558522938568618	CPU_0	0	0	0	95.38	0	0	4.61	0	0	0
