#Timestamp	CPU_ID	user%	nice%	sys%	idle%	iowait%	irq%	softiq%	steal%	guest%	guest_nice%
1428590433580481261	CPU_4	6.66	0	3.33	90.00	0	0	0	0	0	0
1428590434264700831	CPU_4	0	0	0	100.00	0	0	0	0	0	0
1428590434969408958	CPU_4	0	0	0	100.00	0	0	0	0	0	0
1428590435652471530	CPU_4	0	0	0	100.00	0	0	0	0	0	0
1428590436339321805	CPU_4	0	0	0	100.00	0	0	0	0	0	0
1428590437034075444	CPU_4	0	0	0	100.00	0	0	0	0	0	0
1428590437727368086	CPU_4	0	0	0	100.00	0	0	0	0	0	0
1428590438416208025	CPU_4	0	0	0	100.00	0	0	0	0	0	0
1428590439115633576	CPU_4	0	0	0	100.00	0	0	0	0	0	0
1428590439800532103	CPU_4	0	0	0	100.00	0	0	0	0	0	0
1428590440488381169	CPU_4	0	0	0	100.00	0	0	0	0	0	0
1428590441184653682	CPU_4	0	0	0	100.00	0	0	0	0	0	0
1428590441873601454	CPU_4	0	0	0	100.00	0	0	0	0	0	0
1428590442561756269	CPU_4	0	0	0	100.00	0	0	0	0	0	0
1428590443259416114	CPU_4	0	0	0	100.00	0	0	0	0	0	0
1428590443947821054	CPU_4	0	0	0	100.00	0	0	0	0	0	0
1428590444636584410	CPU_4	0	0	0	100.00	0	0	0	0	0	0
1428590445334377713	CPU_4	0	0	0	100.00	0	0	0	0	0	0
1428590446024674109	CPU_4	0	0	0	100.00	0	0	0	0	0	0
1428590446714330797	CPU_4	0	0	0	100.00	0	0	0	0	0	0
1428590447412877640	CPU_4	0	0	0	100.00	0	0	0	0	0	0
1428590448104081369	CPU_4	0	0	0	100.00	0	0	0	0	0	0
1428590448806254582	CPU_4	0	0	0	100.00	0	0	0	0	0	0
1428590449497266394	CPU_4	0	0	0	100.00	0	0	0	0	0	0
1428590450192712700	CPU_4	0	0	0	100.00	0	0	0	0	0	0
1428590450892065376	CPU_4	0	0	0	100.00	0	0	0	0	0	0
1428590451583834395	CPU_4	0	0	0	100.00	0	0	0	0	0	0
1428590452271953294	CPU_4	0	0	0	100.00	0	0	0	0	0	0
1428590452972376135	CPU_4	0	0	0	100.00	0	0	0	0	0	0
1428590453663533989	CPU_4	0	0	0	100.00	0	0	0	0	0	0
1428590454352201178	CPU_4	0	0	0	100.00	0	0	0	0	0	0
1428590455054318934	CPU_4	0	0	0	100.00	0	0	0	0	0	0
1428590455748014368	CPU_4	0	0	0	100.00	0	0	0	0	0	0
1428590456436188433	CPU_4	0	0	0	100.00	0	0	0	0	0	0
1428590457137143941	CPU_4	0	0	0	100.00	0	0	0	0	0	0
1428590457825344548	CPU_4	0	0	0	100.00	0	0	0	0	0	0
1428590458523771726	CPU_4	0	0	0	100.00	0	0	0	0	0	0
1428590459220461489	CPU_4	0	0	0	100.00	0	0	0	0	0	0
1428590459909336928	CPU_4	0	0	0	100.00	0	0	0	0	0	0
1428590460609991603	CPU_4	0	0	0	100.00	0	0	0	0	0	0
1428590461301673498	CPU_4	0	0	0	100.00	0	0	0	0	0	0
1428590461990160563	CPU_4	0	0	0	100.00	0	0	0	0	0	0
1428590462691305362	CPU_4	0	0	0	100.00	0	0	0	0	0	0
1428590463381845175	CPU_4	0	0	0	100.00	0	0	0	0	0	0
1428590464073927902	CPU_4	0	0	0	100.00	0	0	0	0	0	0
1428590464776358616	CPU_4	0	0	0	100.00	0	0	0	0	0	0
1428590465465569556	CPU_4	0	0	0	100.00	0	0	0	0	0	0
1428590466156619243	CPU_4	0	0	0	100.00	0	0	0	0	0	0
1428590466857686751	CPU_4	0	0	0	100.00	0	0	0	0	0	0
1428590467545177693	CPU_4	0	0	0	100.00	0	0	0	0	0	0
1428590468238480669	CPU_4	0	0	0	100.00	0	0	0	0	0	0
1428590468939663010	CPU_4	0	0	0	100.00	0	0	0	0	0	0
1428590469633766985	CPU_4	0	0	0	100.00	0	0	0	0	0	0
1428590470336394615	CPU_4	0	0	0	100.00	0	0	0	0	0	0
1428590471025153389	CPU_4	0	0	0	100.00	0	0	0	0	0	0
1428590471715464494	CPU_4	0	0	0	100.00	0	0	0	0	0	0
1428590472416018836	CPU_4	0	0	0	100.00	0	0	0	0	0	0
1428590473104992568	CPU_4	0	0	0	100.00	0	0	0	0	0	0
1428590473796909337	CPU_4	0	0	0	100.00	0	0	0	0	0	0
1428590474494902391	CPU_4	0	0	0	100.00	0	0	0	0	0	0
1428590475185251829	CPU_4	0	0	0	100.00	0	0	0	0	0	0
1428590475874489436	CPU_4	0	0	0	100.00	0	0	0	0	0	0
1428590476573904154	CPU_4	0	0	0	100.00	0	0	0	0	0	0
1428590477262979136	CPU_4	0	0	0	100.00	0	0	0	0	0	0
1428590477954452073	CPU_4	0	0	0	100.00	0	0	0	0	0	0
1428590478651193462	CPU_4	0	0	0	100.00	0	0	0	0	0	0
1428590479342077941	CPU_4	0	0	0	100.00	0	0	0	0	0	0
1428590480031103173	CPU_4	0	0	0	100.00	0	0	0	0	0	0
1428590480730354684	CPU_4	0	0	0	100.00	0	0	0	0	0	0
1428590481419360749	CPU_4	0	0	0	100.00	0	0	0	0	0	0
1428590482126490333	CPU_4	0	0	0	100.00	0	0	0	0	0	0
1428590482815503440	CPU_4	0	0	0	100.00	0	0	0	0	0	0
1428590483506921377	CPU_4	0	0	0	100.00	0	0	0	0	0	0
1428590484205135222	CPU_4	0	0	0	100.00	0	0	0	0	0	0
1428590484896316993	CPU_4	0	0	0	100.00	0	0	0	0	0	0
1428590485585930433	CPU_4	0	0	0	100.00	0	0	0	0	0	0
1428590486286801817	CPU_4	0	0	0	100.00	0	0	0	0	0	0
1428590486976355215	CPU_4	0	0	0	100.00	0	0	0	0	0	0
1428590487672524063	CPU_4	0	0	0	100.00	0	0	0	0	0	0
1428590488370484117	CPU_4	0	0	0	100.00	0	0	0	0	0	0
1428590489062332137	CPU_4	0	0	0	100.00	0	0	0	0	0	0
1428590489752124660	CPU_4	0	0	0	100.00	0	0	0	0	0	0
1428590490452211420	CPU_4	0	0	0	100.00	0	0	0	0	0	0
1428590491142604192	CPU_4	0	0	0	100.00	0	0	0	0	0	0
1428590491834425004	CPU_4	0	0	0	100.00	0	0	0	0	0	0
1428590492534465222	CPU_4	0	0	0	100.00	0	0	0	0	0	0
1428590493227312075	CPU_4	0	0	0	100.00	0	0	0	0	0	0
1428590493927227460	CPU_4	0	0	0	100.00	0	0	0	0	0	0
1428590494620761436	CPU_4	0	0	0	100.00	0	0	0	0	0	0
1428590495314150205	CPU_4	0	0	0	100.00	0	0	0	0	0	0
1428590496015280963	CPU_4	0	0	0	100.00	0	0	0	0	0	0
1428590496708201232	CPU_4	0	0	0	100.00	0	0	0	0	0	0
1428590497400522294	CPU_4	0	0	0	100.00	0	0	0	0	0	0
1428590498101846511	CPU_4	0	0	0	100.00	0	0	0	0	0	0
1428590498795283363	CPU_4	0	0	0	100.00	0	0	0	0	0	0
1428590499484803636	CPU_4	0	0	0	100.00	0	0	0	0	0	0
1428590500189745182	CPU_4	0	0	0	100.00	0	0	0	0	0	0
1428590500881358161	CPU_4	0	0	0	100.00	0	0	0	0	0	0
1428590501574053806	CPU_4	0	0	0	100.00	0	0	0	0	0	0
1428590502276467479	CPU_4	0	0	0	100.00	0	0	0	0	0	0
1428590502971402329	CPU_4	0	0	0	100.00	0	0	0	0	0	0
1428590503669336801	CPU_4	0	0	0	100.00	0	0	0	0	0	0
1428590504363965318	CPU_4	0	0	0	100.00	0	0	0	0	0	0
1428590505053197925	CPU_4	0	0	0	100.00	0	0	0	0	0	0
1428590505758804595	CPU_4	0	0	0	100.00	0	0	0	0	0	0
1428590506450824782	CPU_4	0	0	0	100.00	0	0	0	0	0	0
1428590507141710638	CPU_4	0	0	0	100.00	0	0	0	0	0	0
1428590507847180683	CPU_4	0	0	0	100.00	0	0	0	0	0	0
1428590508541322576	CPU_4	0	0	0	100.00	0	0	0	0	0	0
1428590509232141640	CPU_4	0	0	0	100.00	0	0	0	0	0	0
1428590509934002648	CPU_4	0	0	0	100.00	0	0	0	0	0	0
1428590510627537250	CPU_4	0	0	0	100.00	0	0	0	0	0	0
1428590511323131100	CPU_4	0	0	0	100.00	0	0	0	0	0	0
1428590512023830193	CPU_4	0	0	0	100.00	0	0	0	0	0	0
1428590512716175588	CPU_4	0	0	0	100.00	0	0	0	0	0	0
1428590513416795681	CPU_4	0	0	0	100.00	0	0	0	0	0	0
1428590514109677576	CPU_4	0	0	0	100.00	0	0	0	0	0	0
1428590514799297100	CPU_4	0	0	0	100.00	0	0	0	0	0	0
1428590515501693482	CPU_4	0	0	0	100.00	0	0	0	0	0	0
1428590516193728087	CPU_4	0	0	0	100.00	0	0	0	0	0	0
1428590516886125191	CPU_4	0	0	0	100.00	0	0	0	0	0	0
1428590517587455533	CPU_4	0	0	0	100.00	0	0	0	0	0	0
1428590518285491963	CPU_4	0	0	0	100.00	0	0	0	0	0	0
1428590518975377070	CPU_4	0	0	0	100.00	0	0	0	0	0	0
1428590519677857953	CPU_4	0	0	0	100.00	0	0	0	0	0	0
1428590520370814431	CPU_4	0	0	0	100.00	0	0	0	0	0	0
1428590521079760305	CPU_4	0	0	0	100.00	0	0	0	0	0	0
1428590521772122576	CPU_4	0	0	0	100.00	0	0	0	0	0	0
1428590522462793890	CPU_4	0	0	0	100.00	0	0	0	0	0	0
1428590523162368568	CPU_4	0	0	0	100.00	0	0	0	0	0	0
1428590523855864338	CPU_4	0	0	0	100.00	0	0	0	0	0	0
1428590524545057654	CPU_4	0	0	0	100.00	0	0	0	0	0	0
1428590525247481537	CPU_4	0	0	0	100.00	0	0	0	0	0	0
1428590525937935769	CPU_4	0	0	0	100.00	0	0	0	0	0	0
1428590526628096459	CPU_4	0	0	0	100.00	0	0	0	0	0	0
1428590527329333427	CPU_4	0	0	0	100.00	0	0	0	0	0	0
1428590528023000780	CPU_4	0	0	0	100.00	0	0	0	0	0	0
1428590528713794178	CPU_4	0	0	0	100.00	0	0	0	0	0	0
1428590529416939101	CPU_4	0	0	0	100.00	0	0	0	0	0	0
1428590530106716209	CPU_4	0	0	0	100.00	0	0	0	0	0	0
1428590530807360219	CPU_4	0	0	0	100.00	0	0	0	0	0	0
1428590531502987944	CPU_4	0	0	0	100.00	0	0	0	0	0	0
1428590532193439635	CPU_4	0	0	0	100.00	0	0	0	0	0	0
1428590532898069348	CPU_4	0	0	0	100.00	0	0	0	0	0	0
1428590533591387535	CPU_4	0	0	0	100.00	0	0	0	0	0	0
1428590534282487599	CPU_4	0	0	0	100.00	0	0	0	0	0	0
1428590534985429440	CPU_4	0	0	0	100.00	0	0	0	0	0	0
1428590535680115666	CPU_4	0	0	0	100.00	0	0	0	0	0	0
1428590536375208184	CPU_4	0	0	0	100.00	0	0	0	0	0	0
1428590537076892652	CPU_4	0	0	0	100.00	0	0	0	0	0	0
1428590537769990672	CPU_4	0	0	0	100.00	0	0	0	0	0	0
1428590538462978567	CPU_4	0	0	0	100.00	0	0	0	0	0	0
1428590539165728159	CPU_4	0	0	0	100.00	0	0	0	0	0	0
1428590539857417598	CPU_4	0	0	0	100.00	0	0	0	0	0	0
1428590540565801931	CPU_4	0	0	0	100.00	0	0	0	0	0	0
1428590541260116534	CPU_4	0	0	0	100.00	0	0	0	0	0	0
1428590541952718305	CPU_4	0	0	0	100.00	0	0	0	0	0	0
1428590542654240773	CPU_4	0	0	0	100.00	0	0	0	0	0	0
1428590543353342202	CPU_4	0	0	0	100.00	0	0	0	0	0	0
1428590544047311346	CPU_4	0	0	0	100.00	0	0	0	0	0	0
1428590544757453220	CPU_4	0	0	0	100.00	0	0	0	0	0	0
1428590545452717196	CPU_4	0	0	0	100.00	0	0	0	0	0	0
1428590546145142217	CPU_4	0	0	0	100.00	0	0	0	0	0	0
1428590546849421099	CPU_4	0	0	0	100.00	0	0	0	0	0	0
1428590547542537828	CPU_4	0	0	0	100.00	0	0	0	0	0	0
1428590548244777003	CPU_4	0	0	0	100.00	0	0	0	0	0	0
1428590548944731473	CPU_4	0	0	0	100.00	0	0	0	0	0	0
1428590549671053909	CPU_4	0	0	0	100.00	0	0	0	0	0	0
1428590550375264124	CPU_4	0	0	0	100.00	0	0	0	0	0	0
1428590551068052520	CPU_4	0	0	0	100.00	0	0	0	0	0	0
1428590551763148663	CPU_4	0	0	0	100.00	0	0	0	0	0	0
1428590552466311504	CPU_4	0	0	0	100.00	0	0	0	0	0	0
1428590553160847357	CPU_4	0	0	0	100.00	0	0	0	0	0	0
1428590553855192543	CPU_4	0	0	0	100.00	0	0	0	0	0	0
1428590554558854008	CPU_4	0	0	0	100.00	0	0	0	0	0	0
1428590555252424487	CPU_4	0	0	0	100.00	0	0	0	0	0	0
1428590555955878578	CPU_4	0	0	0	100.00	0	0	0	0	0	0
1428590556648132808	CPU_4	0	0	0	100.00	0	0	0	0	0	0
1428590557343731284	CPU_4	0	0	0	100.00	0	0	0	0	0	0
1428590558044182212	CPU_4	0	0	0	100.00	0	0	0	0	0	0
1428590558738960981	CPU_4	0	0	0	100.00	0	0	0	0	0	0
1428590559434730290	CPU_4	0	0	0	100.00	0	0	0	0	0	0
1428590560135580635	CPU_4	0	0	0	100.00	0	0	0	0	0	0
1428590560829380613	CPU_4	0	0	0	100.00	0	0	0	0	0	0
1428590561522172385	CPU_4	0	0	0	100.00	0	0	0	0	0	0
1428590562223820645	CPU_4	0	0	0	100.00	0	0	0	0	0	0
1428590562917676956	CPU_4	0	0	0	100.00	0	0	0	0	0	0
1428590563617807094	CPU_4	0	0	0	100.00	0	0	0	0	0	0
1428590564320444477	CPU_4	0	0	0	100.00	0	0	0	0	0	0
1428590565011797418	CPU_4	0	0	0	100.00	0	0	0	0	0	0
1428590565712747762	CPU_4	0	0	0	100.00	0	0	0	0	0	0
1428590566406724615	CPU_4	0	0	0	100.00	0	0	0	0	0	0
1428590567101306968	CPU_4	0	0	0	100.00	0	0	0	0	0	0
1428590567801323814	CPU_4	0	0	0	100.00	0	0	0	0	0	0
1428590568494434252	CPU_4	0	0	0	100.00	0	0	0	0	0	0
1428590569187626190	CPU_4	0	0	0	100.00	0	0	0	0	0	0
1428590569890581323	CPU_4	0	0	0	100.00	0	0	0	0	0	0
1428590570581334723	CPU_4	0	0	0	100.00	0	0	0	0	0	0
1428590571274150911	CPU_4	0	0	0	100.00	0	0	0	0	0	0
1428590571976035630	CPU_4	0	0	0	100.00	0	0	0	0	0	0
1428590572670582066	CPU_4	0	0	0	100.00	0	0	0	0	0	0
1428590573370873370	CPU_4	0	0	0	100.00	0	0	0	0	0	0
1428590574068576719	CPU_4	0	0	0	100.00	0	0	0	0	0	0
1428590574761501865	CPU_4	0	0	0	100.00	0	0	0	0	0	0
1428590575463795417	CPU_4	0	0	0	100.00	0	0	0	0	0	0
1428590576155732856	CPU_4	0	0	0	100.00	0	0	0	0	0	0
1428590576852372082	CPU_4	0	0	0	100.00	0	0	0	0	0	0
1428590577552148386	CPU_4	0	0	0	100.00	0	0	0	0	0	0
1428590578246779281	CPU_4	0	0	0	100.00	0	0	0	0	0	0
1428590578939021554	CPU_4	0	0	0	100.00	0	0	0	0	0	0
1428590579642908728	CPU_4	0	0	0	100.00	0	0	0	0	0	0
1428590580336666707	CPU_4	0	0	0	100.00	0	0	0	0	0	0
1428590581029304980	CPU_4	0	0	0	100.00	0	0	0	0	0	0
1428590581736426733	CPU_4	0	0	0	100.00	0	0	0	0	0	0
1428590582435800330	CPU_4	0	0	0	100.00	0	0	0	0	0	0
1428590583136746342	CPU_4	0	0	0	100.00	0	0	0	0	0	0
1428590583832187736	CPU_4	0	0	0	100.00	0	0	0	0	0	0
1428590584527380172	CPU_4	0	0	0	100.00	0	0	0	0	0	0
1428590585229238891	CPU_4	0	0	0	100.00	0	0	0	0	0	0
1428590585924077910	CPU_4	0	0	0	100.00	0	0	0	0	0	0
1428590586621352302	CPU_4	0	0	0	100.00	0	0	0	0	0	0
1428590587322296564	CPU_4	0	0	0	100.00	0	0	0	0	0	0
1428590588018118540	CPU_4	0	0	0	100.00	0	0	0	0	0	0
1428590588714433142	CPU_4	0	0	0	100.00	0	0	0	0	0	0
1428590589418041442	CPU_4	0	0	0	100.00	0	0	0	0	0	0
1428590590112460837	CPU_4	0	0	0	100.00	0	0	0	0	0	0
1428590590818455717	CPU_4	0	0	0	100.00	0	0	0	0	0	0
1428590591513384612	CPU_4	0	0	0	100.00	0	0	0	0	0	0
1428590592209565339	CPU_4	0	0	0	100.00	0	0	0	0	0	0
1428590592913413805	CPU_4	0	0	0	100.00	0	0	0	0	0	0
1428590593608145200	CPU_4	0	0	0	100.00	0	0	0	0	0	0
1428590594302373804	CPU_4	0	0	0	100.00	0	0	0	0	0	0
1428590595006270354	CPU_4	0	0	0	100.00	0	0	0	0	0	0
1428590595702752664	CPU_4	0	0	0	100.00	0	0	0	0	0	0
1428590596400900596	CPU_4	0	0	0	100.00	0	0	0	0	0	0
1428590597102325441	CPU_4	0	0	0	100.00	0	0	0	0	0	0
1428590597797849377	CPU_4	0	0	0	100.00	0	0	0	0	0	0
1428590598504115257	CPU_4	0	0	0	100.00	0	0	0	0	0	0
1428590599197573029	CPU_4	0	0	0	100.00	0	0	0	0	0	0
1428590599895177420	CPU_4	0	0	0	100.00	0	0	0	0	0	0
1428590600601591092	CPU_4	0	0	0	100.00	0	0	0	0	0	0
1428590601294350282	CPU_4	0	0	0	100.00	0	0	0	0	0	0
1428590601991399758	CPU_4	0	0	0	100.00	0	0	0	0	0	0
1428590602695399891	CPU_4	0	0	0	100.00	0	0	0	0	0	0
1428590603391002202	CPU_4	0	0	0	100.00	0	0	0	0	0	0
1428590604083585892	CPU_4	0	0	0	100.00	0	0	0	0	0	0
1428590604786634443	CPU_4	0	0	0	100.00	0	0	0	0	0	0
1428590605481678463	CPU_4	0	0	0	100.00	0	0	0	0	0	0
1428590606186405720	CPU_4	0	0	0	100.00	0	0	0	0	0	0
1428590606878802244	CPU_4	0	0	0	100.00	0	0	0	0	0	0
1428590607573739431	CPU_4	0	0	0	100.00	0	0	0	0	0	0
1428590608276276233	CPU_4	0	0	0	100.00	0	0	0	0	0	0
1428590608981340740	CPU_4	0	0	0	100.00	0	0	0	0	0	0
1428590609674476680	CPU_4	0	0	0	100.00	0	0	0	0	0	0
1428590610379733895	CPU_4	0	0	0	100.00	0	0	0	0	0	0
1428590611070681212	CPU_4	0	0	0	100.00	0	0	0	0	0	0
1428590611775120012	CPU_4	0	0	0	100.00	0	0	0	0	0	0
1428590612516593514	CPU_4	0	0	0	100.00	0	0	0	0	0	0
1428590613209075121	CPU_4	0	0	0	100.00	0	0	0	0	0	0
1428590613911909298	CPU_4	0	0	0	100.00	0	0	0	0	0	0
1428590614608215233	CPU_4	0	0	0	100.00	0	0	0	0	0	0
1428590615298843092	CPU_4	0	0	0	100.00	0	0	0	0	0	0
1428590616002977268	CPU_4	0	0	0	100.00	0	0	0	0	0	0
1428590616696426999	CPU_4	0	0	0	100.00	0	0	0	0	0	0
1428590617390096479	CPU_4	0	0	0	100.00	0	0	0	0	0	0
1428590618091853199	CPU_4	0	0	0	100.00	0	0	0	0	0	0
1428590618786528720	CPU_4	0	0	0	100.00	0	0	0	0	0	0
1428590619489202147	CPU_4	0	0	0	100.00	0	0	0	0	0	0
1428590620189094912	CPU_4	0	0	0	100.00	0	0	0	0	0	0
1428590620879858438	CPU_4	0	0	0	100.00	0	0	0	0	0	0
1428590621584151071	CPU_4	0	0	0	100.00	0	0	0	0	0	0
1428590622277811469	CPU_4	0	0	0	100.00	0	0	0	0	0	0
1428590622973157489	CPU_4	0	0	0	100.00	0	0	0	0	0	0
1428590623675794791	CPU_4	0	0	0	100.00	0	0	0	0	0	0
1428590624370718562	CPU_4	0	0	0	100.00	0	0	0	0	0	0
1428590625064253085	CPU_4	0	0	0	100.00	0	0	0	0	0	0
1428590625772480130	CPU_4	0	0	0	100.00	0	0	0	0	0	0
1428590626467717526	CPU_4	0	0	0	100.00	0	0	0	0	0	0
1428590627161564048	CPU_4	0	0	0	100.00	0	0	0	0	0	0
1428590627865686765	CPU_4	0	0	0	100.00	0	0	0	0	0	0
1428590628565853196	CPU_4	0	0	0	100.00	0	0	0	0	0	0
1428590629267544167	CPU_4	0	0	0	100.00	0	0	0	0	0	0
1428590629964855768	CPU_4	0	0	0	100.00	0	0	0	0	0	0
1428590630660762246	CPU_4	0	0	0	100.00	0	0	0	0	0	0
1428590631365049922	CPU_4	0	0	0	100.00	0	0	0	0	0	0
1428590632060611692	CPU_4	0	0	0	100.00	0	0	0	0	0	0
1428590632756693420	CPU_4	0	0	0	100.00	0	0	0	0	0	0
1428590633462313802	CPU_4	0	0	0	100.00	0	0	0	0	0	0
1428590634159326529	CPU_4	0	0	0	100.00	0	0	0	0	0	0
1428590634852431677	CPU_4	0	0	0	100.00	0	0	0	0	0	0
1428590635558047101	CPU_4	0	0	0	100.00	0	0	0	0	0	0
1428590636253821663	CPU_4	0	0	0	100.00	0	0	0	0	0	0
1428590636958370422	CPU_4	0	0	0	100.00	0	0	0	0	0	0
1428590637655674565	CPU_4	0	0	0	100.00	0	0	0	0	0	0
1428590638351720752	CPU_4	0	0	0	100.00	0	0	0	0	0	0
1428590639055713011	CPU_4	0	0	0	100.00	0	0	0	0	0	0
1428590639752343322	CPU_4	0	0	0	100.00	0	0	0	0	0	0
1428590640448325800	CPU_4	0	0	0	100.00	0	0	0	0	0	0
1428590641152539310	CPU_4	0	0	0	100.00	0	0	0	0	0	0
1428590641848703996	CPU_4	0	0	0	100.00	0	0	0	0	0	0
1428590642552060882	CPU_4	0	0	0	100.00	0	0	0	0	0	0
1428590643253354103	CPU_4	0	0	0	100.00	0	0	0	0	0	0
1428590643950655455	CPU_4	0	0	0	100.00	0	0	0	0	0	0
1428590644659605375	CPU_4	0	0	0	100.00	0	0	0	0	0	0
1428590645354569563	CPU_4	0	0	0	100.00	0	0	0	0	0	0
1428590646050789499	CPU_4	0	0	0	100.00	0	0	0	0	0	0
1428590646758948337	CPU_4	0	0	0	100.00	0	0	0	0	0	0
1428590647455283399	CPU_4	0	0	0	100.00	0	0	0	0	0	0
1428590648159768325	CPU_4	0	0	0	100.00	0	0	0	0	0	0
1428590648863178794	CPU_4	0	0	0	100.00	0	0	0	0	0	0
1428590649561052770	CPU_4	0	0	0	100.00	0	0	0	0	0	0
1428590650270624439	CPU_4	0	0	0	100.00	0	0	0	0	0	0
1428590650968014833	CPU_4	0	0	0	100.00	0	0	0	0	0	0
1428590651663079813	CPU_4	0	0	0	100.00	0	0	0	0	0	0
1428590652368186821	CPU_4	0	0	0	100.00	0	0	0	0	0	0
1428590653062018636	CPU_4	0	0	0	100.00	0	0	0	0	0	0
1428590653759923862	CPU_4	1.44	0	2.89	95.65	0	0	0	0	0	0
1428590654460924959	CPU_4	0	0	0	100.00	0	0	0	0	0	0
1428590655152262028	CPU_4	0	0	0	100.00	0	0	0	0	0	0
1428590655843930762	CPU_4	0	0	0	100.00	0	0	0	0	0	0
1428590656549459853	CPU_4	0	0	0	100.00	0	0	0	0	0	0
1428590657238942007	CPU_4	0	0	0	100.00	0	0	0	0	0	0
1428590657935778152	CPU_4	0	0	0	100.00	0	0	0	0	0	0
1428590658642113742	CPU_4	0	0	0	100.00	0	0	0	0	0	0
1428590659334377893	CPU_4	0	0	0	100.00	0	0	0	0	0	0
1428590660038221695	CPU_4	0	0	0	100.00	0	0	0	0	0	0
1428590660732747217	CPU_4	0	0	0	100.00	0	0	0	0	0	0
1428590661426831907	CPU_4	0	0	0	100.00	0	0	0	0	0	0
1428590662131786124	CPU_4	0	0	0	100.00	0	0	0	0	0	0
1428590662823570859	CPU_4	0	0	0	100.00	0	0	0	0	0	0
1428590663521331961	CPU_4	0	0	0	100.00	0	0	0	0	0	0
1428590664231515380	CPU_4	0	0	0	100.00	0	0	0	0	0	0
1428590664929733481	CPU_4	0	0	0	100.00	0	0	0	0	0	0
1428590665624890753	CPU_4	0	0	0	100.00	0	0	0	0	0	0
1428590666330480220	CPU_4	0	0	0	100.00	0	0	0	0	0	0
1428590667025049534	CPU_4	0	0	0	100.00	0	0	0	0	0	0
1428590667731281292	CPU_4	0	0	0	100.00	0	0	0	0	0	0
1428590668426557855	CPU_4	0	0	0	100.00	0	0	0	0	0	0
1428590669121189128	CPU_4	0	0	0	100.00	0	0	0	0	0	0
1428590669825942887	CPU_4	0	0	0	100.00	0	0	0	0	0	0
1428590670524084447	CPU_4	0	0	0	100.00	0	0	0	0	0	0
1428590671217371388	CPU_4	0	0	0	100.00	0	0	0	0	0	0
1428590671923518104	CPU_4	0	0	0	100.00	0	0	0	0	0	0
1428590672623237996	CPU_4	0	0	0	100.00	0	0	0	0	0	0
1428590673323160511	CPU_4	0	0	0	100.00	0	0	0	0	0	0
1428590674026189440	CPU_4	0	0	0	100.00	0	0	0	0	0	0
1428590674725698332	CPU_4	0	0	0	100.00	0	0	0	0	0	0
1428590675429100343	CPU_4	0	0	0	100.00	0	0	0	0	0	0
1428590676126736737	CPU_4	0	0	0	100.00	0	0	0	0	0	0
1428590676820797844	CPU_4	0	0	0	100.00	0	0	0	0	0	0
1428590677527233435	CPU_4	0	0	0	100.00	0	0	0	0	0	0
1428590678223829747	CPU_4	0	0	0	100.00	0	0	0	0	0	0
1428590678919816435	CPU_4	0	0	0	100.00	0	0	0	0	0	0
1428590679627611816	CPU_4	0	0	0	100.00	0	0	0	0	0	0
1428590680324558086	CPU_4	0	0	0	100.00	0	0	0	0	0	0
1428590681033329341	CPU_4	0	0	0	100.00	0	0	0	0	0	0
1428590681730571194	CPU_4	0	0	0	100.00	0	0	0	0	0	0
1428590682425832091	CPU_4	0	0	0	100.00	0	0	0	0	0	0
1428590683137349051	CPU_4	0	0	0	100.00	0	0	0	0	0	0
1428590683832082116	CPU_4	0	0	0	100.00	0	0	0	0	0	0
1428590684531487049	CPU_4	0	0	0	100.00	0	0	0	0	0	0
1428590685234331270	CPU_4	0	0	0	100.00	0	0	0	0	0	0
1428590685930569041	CPU_4	0	0	0	100.00	0	0	0	0	0	0
1428590686629505434	CPU_4	0	0	0	100.00	0	0	0	0	0	0
1428590687333739361	CPU_4	0	0	0	100.00	0	0	0	0	0	0
1428590688029505091	CPU_4	0	0	0	100.00	0	0	0	0	0	0
1428590688735774016	CPU_4	0	0	0	100.00	0	0	0	0	0	0
1428590689429410458	CPU_4	0	0	0	100.00	0	0	0	0	0	0
1428590690126645686	CPU_4	0	0	0	100.00	0	0	0	0	0	0
1428590690832280153	CPU_4	0	0	0	100.00	0	0	0	0	0	0
1428590691527264676	CPU_4	0	0	0	100.00	0	0	0	0	0	0
1428590692222545574	CPU_4	0	0	0	100.00	0	0	0	0	0	0
1428590692929508373	CPU_4	0	0	0	100.00	0	0	0	0	0	0
1428590693624259272	CPU_4	0	0	0	100.00	0	0	0	0	0	0
1428590694320331668	CPU_4	0	0	0	100.00	0	0	0	0	0	0
1428590695026470093	CPU_4	0	0	0	100.00	0	0	0	0	0	0
1428590695723763405	CPU_4	0	0	0	100.00	0	0	0	0	0	0
1428590696427895916	CPU_4	0	0	0	100.00	0	0	0	0	0	0
1428590697124109854	CPU_4	0	0	0	100.00	0	0	0	0	0	0
1428590697818925794	CPU_4	0	0	0	100.00	0	0	0	0	0	0
1428590698525455928	CPU_4	0	0	0	100.00	0	0	0	0	0	0
1428590699218309079	CPU_4	0	0	0	100.00	0	0	0	0	0	0
1428590699914573225	CPU_4	0	0	0	100.00	0	0	0	0	0	0
1428590700620048360	CPU_4	0	0	0	100.00	0	0	0	0	0	0
1428590701315012966	CPU_4	0	0	0	100.00	0	0	0	0	0	0
1428590702010026740	CPU_4	0	0	0	100.00	0	0	0	0	0	0
1428590702718555287	CPU_4	0	0	0	100.00	0	0	0	0	0	0
1428590703412227687	CPU_4	0	0	0	100.00	0	0	0	0	0	0
1428590704120346652	CPU_4	0	0	0	100.00	0	0	0	0	0	0
1428590704817586547	CPU_4	0	0	0	100.00	0	0	0	0	0	0
1428590705512870070	CPU_4	0	0	0	100.00	0	0	0	0	0	0
1428590706219431579	CPU_4	0	0	0	100.00	0	0	0	0	0	0
1428590706918536930	CPU_4	0	0	0	100.00	0	0	0	0	0	0
1428590707615067118	CPU_4	0	0	0	100.00	0	0	0	0	0	0
1428590708322025376	CPU_4	0	0	0	100.00	0	0	0	0	0	0
1428590709017760190	CPU_4	0	0	0	100.00	0	0	0	0	0	0
1428590709727502237	CPU_4	0	0	0	100.00	0	0	0	0	0	0
1428590710427591087	CPU_4	0	0	0	100.00	0	0	0	0	0	0
1428590711125389315	CPU_4	0	0	0	100.00	0	0	0	0	0	0
1428590711831442991	CPU_4	0	0	0	100.00	0	0	0	0	0	0
1428590712529669719	CPU_4	0	0	0	100.00	0	0	0	0	0	0
1428590713228840820	CPU_4	0	0	0	100.00	0	0	0	0	0	0
1428590713936084203	CPU_4	0	0	0	100.00	0	0	0	0	0	0
1428590714636237595	CPU_4	0	0	0	100.00	0	0	0	0	0	0
1428590715333378658	CPU_4	0	0	0	100.00	0	0	0	0	0	0
1428590716040210333	CPU_4	0	0	0	100.00	0	0	0	0	0	0
1428590716741284849	CPU_4	0	0	0	100.00	0	0	0	0	0	0
1428590717446294110	CPU_4	0	0	0	100.00	0	0	0	0	0	0
1428590718154263283	CPU_4	0	0	0	100.00	0	0	0	0	0	0
1428590718853590885	CPU_4	0	0	0	100.00	0	0	0	0	0	0
1428590719560152352	CPU_4	0	0	0	100.00	0	0	0	0	0	0
1428590720257860331	CPU_4	0	0	0	100.00	0	0	0	0	0	0
1428590720957212599	CPU_4	0	0	0	100.00	0	0	0	0	0	0
1428590721666889687	CPU_4	0	0	0	100.00	0	0	0	0	0	0
1428590722365676040	CPU_4	0	0	0	100.00	0	0	0	0	0	0
1428590723078063458	CPU_4	0	0	0	100.00	0	0	0	0	0	0
1428590723775525770	CPU_4	0	0	0	100.00	0	0	0	0	0	0
1428590724472317958	CPU_4	0	0	0	100.00	0	0	0	0	0	0
1428590725181253256	CPU_4	0	0	0	100.00	0	0	0	0	0	0
1428590725876822488	CPU_4	0	0	0	100.00	0	0	0	0	0	0
1428590726576387381	CPU_4	0	0	0	100.00	0	0	0	0	0	0
1428590727282722140	CPU_4	0	0	0	100.00	0	0	0	0	0	0
1428590727979388037	CPU_4	0	0	0	100.00	0	0	0	0	0	0
1428590728677808474	CPU_4	0	0	0	100.00	0	0	0	0	0	0
1428590729386042647	CPU_4	0	0	0	100.00	0	0	0	0	0	0
1428590730081275963	CPU_4	0	0	0	100.00	0	0	0	0	0	0
1428590730790008678	CPU_4	0	0	0	100.00	0	0	0	0	0	0
1428590731486408033	CPU_4	0	0	0	100.00	0	0	0	0	0	0
1428590732183042472	CPU_4	0	0	0	100.00	0	0	0	0	0	0
1428590732891502687	CPU_4	0	0	0	100.00	0	0	0	0	0	0
1428590733589926165	CPU_4	0	0	0	100.00	0	0	0	0	0	0
1428590734285885313	CPU_4	0	0	0	100.00	0	0	0	0	0	0
1428590734993481030	CPU_4	0	0	0	100.00	0	0	0	0	0	0
1428590735691547925	CPU_4	0	0	0	100.00	0	0	0	0	0	0
1428590736396819603	CPU_4	0	0	0	100.00	0	0	0	0	0	0
1428590737098914952	CPU_4	0	0	0	100.00	0	0	0	0	0	0
1428590737798123596	CPU_4	0	0	0	100.00	0	0	0	0	0	0
1428590738502392233	CPU_4	0	0	0	100.00	0	0	0	0	0	0
1428590739200696795	CPU_4	0	0	0	100.00	0	0	0	0	0	0
1428590739899943939	CPU_4	0	0	0	100.00	0	0	0	0	0	0
1428590740606701990	CPU_4	0	0	0	100.00	0	0	0	0	0	0
1428590741302898888	CPU_4	0	0	0	100.00	0	0	0	0	0	0
1428590742001754782	CPU_4	0	0	0	100.00	0	0	0	0	0	0
1428590742709797248	CPU_4	0	0	0	100.00	0	0	0	0	0	0
1428590743407385936	CPU_4	0	0	0	100.00	0	0	0	0	0	0
1428590744114003071	CPU_4	0	0	0	100.00	0	0	0	0	0	0
1428590744811430051	CPU_4	0	0	0	100.00	0	0	0	0	0	0
1428590745507691574	CPU_4	0	0	0	100.00	0	0	0	0	0	0
1428590746215375749	CPU_4	0	0	0	100.00	0	0	0	0	0	0
1428590746912168271	CPU_4	0	0	0	100.00	0	0	0	0	0	0
1428590747611495915	CPU_4	0	0	0	100.00	0	0	0	0	0	0
1428590748317198468	CPU_4	0	0	0	100.00	0	0	0	0	0	0
1428590749015990113	CPU_4	0	0	0	100.00	0	0	0	0	0	0
1428590749722884872	CPU_4	0	0	0	100.00	0	0	0	0	0	0
1428590750424429180	CPU_4	0	0	0	100.00	0	0	0	0	0	0
1428590751122286409	CPU_4	0	0	0	100.00	0	0	0	0	0	0
1428590751829856501	CPU_4	0	0	0	100.00	0	0	0	0	0	0
1428590752524616902	CPU_4	0	0	0	100.00	0	0	0	0	0	0
1428590753226388251	CPU_4	0	0	0	100.00	0	0	0	0	0	0
1428590753932463303	CPU_4	0	0	0	100.00	0	0	0	0	0	0
1428590754630659699	CPU_4	0	0	0	100.00	0	0	0	0	0	0
1428590755327330389	CPU_4	0	0	0	100.00	0	0	0	0	0	0
1428590756034642731	CPU_4	0	0	0	100.00	0	0	0	0	0	0
1428590756731089879	CPU_4	0	0	0	100.00	0	0	0	0	0	0
1428590757437976139	CPU_4	0	0	0	100.00	0	0	0	0	0	0
1428590758137192158	CPU_4	0	0	0	100.00	0	0	0	0	0	0
1428590758834796055	CPU_4	0	0	0	80.23	0	0	19.76	0	0	0
1428590759542354106	CPU_4	0	0	0	100.00	0	0	0	0	0	0
1428590760242207416	CPU_4	0	0	0	100.00	0	0	0	0	0	0
1428590760938205148	CPU_4	0	0	0	100.00	0	0	0	0	0	0
1428590761651468692	CPU_4	0	0	0	100.00	0	0	0	0	0	0
1428590762348887089	CPU_4	0	0	0	100.00	0	0	0	0	0	0
1428590763055477849	CPU_4	0	0	0	100.00	0	0	0	0	0	0
1428590763762291151	CPU_4	0	0	0	100.00	0	0	0	0	0	0
1428590764460971171	CPU_4	0	0	0	100.00	0	0	0	0	0	0
1428590765167097515	CPU_4	0	0	0	100.00	0	0	0	0	0	0
1428590765866524452	CPU_4	0	0	0	100.00	0	0	0	0	0	0
1428590766564262807	CPU_4	0	0	0	100.00	0	0	0	0	0	0
1428590767271310567	CPU_4	0	0	0	100.00	0	0	0	0	0	0
1428590767969733838	CPU_4	0	0	0	100.00	0	0	0	0	0	0
1428590768672187895	CPU_4	0	0	0	100.00	0	0	0	0	0	0
1428590769377115658	CPU_4	0	0	0	100.00	0	0	0	0	0	0
1428590770075972303	CPU_4	0	0	0	100.00	0	0	0	0	0	0
1428590770784918602	CPU_4	0	0	0	100.00	0	0	0	0	0	0
1428590771482474499	CPU_4	0	0	0	100.00	0	0	0	0	0	0
1428590772182085102	CPU_4	0	0	0	100.00	0	0	0	0	0	0
1428590772892278691	CPU_4	0	0	0	100.00	0	0	0	0	0	0
1428590773589784047	CPU_4	0	0	0	100.00	0	0	0	0	0	0
1428590774290893815	CPU_4	0	0	0	100.00	0	0	0	0	0	0
1428590775000959571	CPU_4	0	0	0	100.00	0	0	0	0	0	0
1428590775702391922	CPU_4	0	0	0	100.00	0	0	0	0	0	0
1428590776410510930	CPU_4	0	0	0	100.00	0	0	0	0	0	0
1428590777111273949	CPU_4	0	0	0	100.00	0	0	0	0	0	0
1428590777809977261	CPU_4	0	0	0	100.00	0	0	0	0	0	0
1428590778519126310	CPU_4	0	0	0	100.00	0	0	0	0	0	0
1428590779222746450	CPU_4	0	0	0	100.00	0	0	0	0	0	0
1428590779922004053	CPU_4	0	0	0	100.00	0	0	0	0	0	0
1428590780631104894	CPU_4	0	0	0	100.00	0	0	0	0	0	0
1428590781333735327	CPU_4	0	0	0	100.00	0	0	0	0	0	0
1428590782040000713	CPU_4	0	0	0	100.00	0	0	0	0	0	0
1428590782742082605	CPU_4	0	0	0	100.00	0	0	0	0	0	0
1428590783445297037	CPU_4	0	0	0	100.00	0	0	0	0	0	0
1428590784160745536	CPU_4	0	0	0	100.00	0	0	0	0	0	0
1428590784872177458	CPU_4	0	0	0	100.00	0	0	0	0	0	0
1428590785574439974	CPU_4	0	0	0	100.00	0	0	0	0	0	0
1428590786282481150	CPU_4	0	0	0	100.00	0	0	0	0	0	0
1428590786986232457	CPU_4	0	0	0	100.00	0	0	0	0	0	0
1428590787698228669	CPU_4	0	0	0	100.00	0	0	0	0	0	0
1428590788402670516	CPU_4	0	0	0	100.00	0	0	0	0	0	0
1428590789126853630	CPU_4	0	0	0	100.00	0	0	0	0	0	0
1428590789840016841	CPU_4	0	0	0	100.00	0	0	0	0	0	0
1428590790539637861	CPU_4	0	0	0	100.00	0	0	0	0	0	0
1428590791252113031	CPU_4	0	0	0	100.00	0	0	0	0	0	0
1428590791956069838	CPU_4	0	0	0	100.00	0	0	0	0	0	0
1428590792658209105	CPU_4	0	0	0	100.00	0	0	0	0	0	0
1428590793366603572	CPU_4	0	0	0	100.00	0	0	0	0	0	0
1428590794068075965	CPU_4	0	0	0	100.00	0	0	0	0	0	0
1428590794771100647	CPU_4	0	0	0	100.00	0	0	0	0	0	0
1428590795480819446	CPU_4	0	0	0	100.00	0	0	0	0	0	0
1428590796180194425	CPU_4	0	0	0	100.00	0	0	0	0	0	0
1428590796889380475	CPU_4	0	0	0	100.00	0	0	0	0	0	0
1428590797591150867	CPU_4	0	0	0	100.00	0	0	0	0	0	0
1428590798292913343	CPU_4	0	0	0	100.00	0	0	0	0	0	0
1428590799005688972	CPU_4	0	0	0	100.00	0	0	0	0	0	0
1428590799707827447	CPU_4	0	0	0	100.00	0	0	0	0	0	0
1428590800407595509	CPU_4	0	0	0	100.00	0	0	0	0	0	0
1428590801118992723	CPU_4	0	0	0	100.00	0	0	0	0	0	0
1428590801817403495	CPU_4	0	0	0	100.00	0	0	0	0	0	0
1428590802523125424	CPU_4	0	0	0	100.00	0	0	0	0	0	0
1428590803229576894	CPU_4	0	0	0	100.00	0	0	0	0	0	0
1428590803927629333	CPU_4	0	0	0	100.00	0	0	0	0	0	0
1428590804638721881	CPU_4	0	0	0	100.00	0	0	0	0	0	0
1428590805342692563	CPU_4	0	0	0	100.00	0	0	0	0	0	0
1428590806040271336	CPU_4	0	0	0	100.00	0	0	0	0	0	0
1428590806752385965	CPU_4	0	0	0	100.00	0	0	0	0	0	0
1428590807452589152	CPU_4	0	0	0	100.00	0	0	0	0	0	0
1428590808153939962	CPU_4	0	0	0	100.00	0	0	0	0	0	0
1428590808861414348	CPU_4	0	0	0	100.00	0	0	0	0	0	0
1428590809562284367	CPU_4	0	0	0	100.00	0	0	0	0	0	0
1428590810270707793	CPU_4	0	0	0	100.00	0	0	0	0	0	0
1428590810972421727	CPU_4	0	0	0	100.00	0	0	0	0	0	0
1428590811674445120	CPU_4	0	0	0	100.00	0	0	0	0	0	0
1428590812384097920	CPU_4	0	0	0	100.00	0	0	0	0	0	0
1428590813085247147	CPU_4	0	0	0	100.00	0	0	0	0	0	0
1428590813792634283	CPU_4	0	0	0	100.00	0	0	0	0	0	0
1428590814494779967	CPU_4	0	0	0	100.00	0	0	0	0	0	0
1428590815195777861	CPU_4	0	0	0	100.00	0	0	0	0	0	0
1428590815909134281	CPU_4	0	0	0	100.00	0	0	0	0	0	0
1428590816608421594	CPU_4	0	0	0	100.00	0	0	0	0	0	0
1428590817309174447	CPU_4	0	0	0	100.00	0	0	0	0	0	0
1428590818020468411	CPU_4	0	0	0	100.00	0	0	0	0	0	0
1428590818718969434	CPU_4	0	0	0	100.00	0	0	0	0	0	0
1428590819425035822	CPU_4	0	0	0	100.00	0	0	0	0	0	0
1428590820133282373	CPU_4	0	0	0	100.00	0	0	0	0	0	0
1428590820834726642	CPU_4	0	0	0	100.00	0	0	0	0	0	0
1428590821545013274	CPU_4	1.40	0	5.63	92.95	0	0	0	0	0	0
1428590822244475546	CPU_4	0	0	0	100.00	0	0	0	0	0	0
1428590822943340734	CPU_4	0	0	0	100.00	0	0	0	0	0	0
1428590823653963408	CPU_4	0	0	0	100.00	0	0	0	0	0	0
1428590824354335720	CPU_4	0	0	0	100.00	0	0	0	0	0	0
1428590825052971951	CPU_4	0	0	0	100.00	0	0	0	0	0	0
1428590825764963248	CPU_4	0	0	0	100.00	0	0	0	0	0	0
1428590826465965600	CPU_4	0	0	0	100.00	0	0	0	0	0	0
1428590827171981197	CPU_4	0	0	0	100.00	0	0	0	0	0	0
1428590827873290883	CPU_4	0	0	0	100.00	0	0	0	0	0	0
1428590828571369448	CPU_4	0	0	0	100.00	0	0	0	0	0	0
1428590829280193040	CPU_4	0	0	0	100.00	0	0	0	0	0	0
1428590829980656269	CPU_4	0	0	0	100.00	0	0	0	0	0	0
1428590830681616164	CPU_4	0	0	0	100.00	0	0	0	0	0	0
1428590831389561758	CPU_4	0	0	0	100.00	0	0	0	0	0	0
1428590832091282943	CPU_4	0	0	0	100.00	0	0	0	0	0	0
1428590832800694910	CPU_4	0	0	0	100.00	0	0	0	0	0	0
1428590833500609890	CPU_4	0	0	0	100.00	0	0	0	0	0	0
1428590834200601452	CPU_4	0	0	0	100.00	0	0	0	0	0	0
1428590834911068168	CPU_4	0	0	0	100.00	0	0	0	0	0	0
1428590835611361564	CPU_4	0	0	0	100.00	0	0	0	0	0	0
1428590836312711125	CPU_4	0	0	0	100.00	0	0	0	0	0	0
1428590837022705300	CPU_4	0	0	0	100.00	0	0	0	0	0	0
1428590837722147030	CPU_4	0	0	0	100.00	0	0	0	0	0	0
1428590838432060288	CPU_4	0	0	0	100.00	0	0	0	0	0	0
1428590839133829307	CPU_4	0	0	0	100.00	0	0	0	0	0	0
1428590839832832663	CPU_4	0	0	0	100.00	0	0	0	0	0	0
1428590840543555629	CPU_4	0	0	0	100.00	0	0	0	0	0	0
1428590841244527857	CPU_4	0	0	0	100.00	0	0	0	0	0	0
1428590841947547499	CPU_4	0	0	0	100.00	0	0	0	0	0	0
1428590842657214217	CPU_4	0	0	0	100.00	0	0	0	0	0	0
1428590843359737610	CPU_4	0	0	0	100.00	0	0	0	0	0	0
1428590844066944330	CPU_4	0	0	0	100.00	0	0	0	0	0	0
1428590844768794474	CPU_4	0	0	0	100.00	0	0	0	0	0	0
1428590845469996744	CPU_4	0	0	0	100.00	0	0	0	0	0	0
1428590846178206921	CPU_4	0	0	0	100.00	0	0	0	0	0	0
1428590846880835648	CPU_4	0	0	0	100.00	0	0	0	0	0	0
1428590847582164834	CPU_4	0	0	0	100.00	0	0	0	0	0	0
1428590848289585638	CPU_4	0	0	0	100.00	0	0	0	0	0	0
1428590848992228114	CPU_4	0	0	0	100.00	0	0	0	0	0	0
1428590849701995831	CPU_4	0	0	0	100.00	0	0	0	0	0	0
1428590850402504019	CPU_4	0	0	0	100.00	0	0	0	0	0	0
1428590851103317123	CPU_4	0	0	0	100.00	0	0	0	0	0	0
1428590851817506418	CPU_4	0	0	0	100.00	0	0	0	0	0	0
1428590852516374024	CPU_4	0	0	0	100.00	0	0	0	0	0	0
1428590853218948667	CPU_4	0	0	0	100.00	0	0	0	0	0	0
1428590853928998218	CPU_4	0	0	0	100.00	0	0	0	0	0	0
1428590854628837656	CPU_4	0	0	0	100.00	0	0	0	0	0	0
1428590855338951248	CPU_4	0	0	0	100.00	0	0	0	0	0	0
1428590856041422558	CPU_4	0	0	0	100.00	0	0	0	0	0	0
1428590856740222665	CPU_4	0	0	0	100.00	0	0	0	0	0	0
1428590857451447339	CPU_4	0	0	0	100.00	0	0	0	0	0	0
1428590858152726984	CPU_4	0	0	0	100.00	0	0	0	0	0	0
1428590858853353338	CPU_4	0	0	0	100.00	0	0	0	0	0	0
1428590859562789015	CPU_4	0	0	0	100.00	0	0	0	0	0	0
1428590860264112452	CPU_4	0	0	0	100.00	0	0	0	0	0	0
1428590860974674835	CPU_4	0	0	0	100.00	0	0	0	0	0	0
1428590861677009729	CPU_4	0	0	0	100.00	0	0	0	0	0	0
1428590862377804374	CPU_4	0	0	0	100.00	0	0	0	0	0	0
1428590863087959342	CPU_4	0	0	0	100.00	0	0	0	0	0	0
1428590863789326320	CPU_4	0	0	0	100.00	0	0	0	0	0	0
1428590864492045464	CPU_4	0	0	0	100.00	0	0	0	0	0	0
1428590865201077474	CPU_4	0	0	0	100.00	0	0	0	0	0	0
1428590865904241700	CPU_4	0	0	0	100.00	0	0	0	0	0	0
1428590866616881331	CPU_4	0	0	0	100.00	0	0	0	0	0	0
1428590867319175850	CPU_4	0	0	0	100.00	0	0	0	0	0	0
1428590868020880578	CPU_4	0	0	0	100.00	0	0	0	0	0	0
1428590868731415087	CPU_4	0	0	0	100.00	0	0	0	0	0	0
1428590869436898060	CPU_4	0	0	0	100.00	0	0	0	0	0	0
1428590870138245581	CPU_4	0	0	0	100.00	0	0	0	0	0	0
1428590870849200255	CPU_4	0	0	0	100.00	0	0	0	0	0	0
1428590871552009899	CPU_4	0	0	0	100.00	0	0	0	0	0	0
1428590872261231159	CPU_4	0	0	0	100.00	0	0	0	0	0	0
1428590872964626761	CPU_4	0	0	0	100.00	0	0	0	0	0	0
1428590873667487112	CPU_4	0	0	0	100.00	0	0	0	0	0	0
1428590874378786829	CPU_4	0	0	0	100.00	0	0	0	0	0	0
1428590875085595467	CPU_4	0	0	0	100.00	0	0	0	0	0	0
1428590875788935485	CPU_4	0	0	0	100.00	0	0	0	0	0	0
1428590876499185953	CPU_4	0	0	0	100.00	0	0	0	0	0	0
1428590877204828176	CPU_4	0	0	0	100.00	0	0	0	0	0	0
1428590877916111309	CPU_4	0	0	0	100.00	0	0	0	0	0	0
1428590878617432496	CPU_4	0	0	0	100.00	0	0	0	0	0	0
1428590879318101268	CPU_4	0	0	0	100.00	0	0	0	0	0	0
1428590880030980607	CPU_4	0	0	0	100.00	0	0	0	0	0	0
1428590880730241256	CPU_4	0	0	0	100.00	0	0	0	0	0	0
1428590881432436275	CPU_4	0	0	0	100.00	0	0	0	0	0	0
1428590882142955451	CPU_4	0	0	0	100.00	0	0	0	0	0	0
1428590882842417557	CPU_4	0	0	0	100.00	0	0	0	0	0	0
1428590883555563146	CPU_4	0	0	0	100.00	0	0	0	0	0	0
1428590884257617041	CPU_4	0	0	0	100.00	0	0	0	0	0	0
1428590884957567606	CPU_4	0	0	0	100.00	0	0	0	0	0	0
1428590885669024072	CPU_4	0	0	0	100.00	0	0	0	0	0	0
1428590886371756133	CPU_4	0	0	0	100.00	0	0	0	0	0	0
1428590887072291529	CPU_4	0	0	0	100.00	0	0	0	0	0	0
1428590887783853954	CPU_4	0	0	0	100.00	0	0	0	0	0	0
1428590888489587928	CPU_4	0	0	0	100.00	0	0	0	0	0	0
1428590889199720188	CPU_4	0	0	0	100.00	0	0	0	0	0	0
1428590889903531997	CPU_4	0	0	0	100.00	0	0	0	0	0	0
1428590890608054056	CPU_4	0	0	0	100.00	0	0	0	0	0	0
1428590891320019021	CPU_4	0	0	0	100.00	0	0	0	0	0	0
1428590892023407748	CPU_4	0	0	0	100.00	0	0	0	0	0	0
1428590892726622850	CPU_4	0	0	0	100.00	0	0	0	0	0	0
1428590893438728108	CPU_4	0	0	0	100.00	0	0	0	0	0	0
1428590894141618627	CPU_4	0	0	0	100.00	0	0	0	0	0	0
1428590894856717672	CPU_4	0	0	0	100.00	0	0	0	0	0	0
1428590895563853436	CPU_4	0	0	0	100.00	0	0	0	0	0	0
1428590896263377543	CPU_4	0	0	0	100.00	0	0	0	0	0	0
1428590896976426299	CPU_4	0	0	0	100.00	0	0	0	0	0	0
1428590897681753023	CPU_4	0	0	0	100.00	0	0	0	0	0	0
1428590898385273959	CPU_4	0	0	0	100.00	0	0	0	0	0	0
1428590899094945427	CPU_4	0	0	0	100.00	0	0	0	0	0	0
1428590899798498071	CPU_4	0	0	0	100.00	0	0	0	0	0	0
1428590900508839456	CPU_4	0	0	0	100.00	0	0	0	0	0	0
1428590901212635641	CPU_4	0	0	0	100.00	0	0	0	0	0	0
1428590901915052161	CPU_4	0	0	0	100.00	0	0	0	0	0	0
1428590902626558336	CPU_4	0	0	0	100.00	0	0	0	0	0	0
1428590903330007521	CPU_4	0	0	0	100.00	0	0	0	0	0	0
1428590904052668224	CPU_4	0	0	0	100.00	0	0	0	0	0	0
1428590904757481616	CPU_4	0	0	0	100.00	0	0	0	0	0	0
1428590905461116676	CPU_4	0	0	0	100.00	0	0	0	0	0	0
1428590906172285060	CPU_4	0	0	0	100.00	0	0	0	0	0	0
1428590906874382955	CPU_4	0	0	0	100.00	0	0	0	0	0	0
1428590907576908850	CPU_4	0	0	0	100.00	0	0	0	0	0	0
1428590908289144775	CPU_4	0	0	0	100.00	0	0	0	0	0	0
1428590908990012547	CPU_4	0	0	0	100.00	0	0	0	0	0	0
1428590909734603013	CPU_4	0	0	0	100.00	0	0	0	0	0	0
1428590910439169822	CPU_4	0	0	0	100.00	0	0	0	0	0	0
1428590911143100424	CPU_4	0	0	0	100.00	0	0	0	0	0	0
1428590911852610477	CPU_4	0	0	0	100.00	0	0	0	0	0	0
1428590912556998787	CPU_4	0	0	0	100.00	0	0	0	0	0	0
1428590913266086507	CPU_4	0	0	0	100.00	0	0	0	0	0	0
1428590913972689647	CPU_4	0	0	0	100.00	0	0	0	0	0	0
1428590914675904749	CPU_4	0	0	0	100.00	0	0	0	0	0	0
1428590915388850590	CPU_4	0	0	0	100.00	0	0	0	0	0	0
1428590916089175613	CPU_4	0	0	0	100.00	0	0	0	0	0	0
1428590916792451299	CPU_4	0	0	0	100.00	0	0	0	0	0	0
1428590917504507599	CPU_4	0	0	0	100.00	0	0	0	0	0	0
1428590918206015412	CPU_4	0	0	0	100.00	0	0	0	0	0	0
1428590918926821367	CPU_4	0	0	0	100.00	0	0	0	0	0	0
1428590919633269716	CPU_4	0	0	0	100.00	0	0	0	0	0	0
1428590920333934822	CPU_4	0	0	0	100.00	0	0	0	0	0	0
1428590921050253950	CPU_4	0	0	0	100.00	0	0	0	0	0	0
1428590921752249804	CPU_4	0	0	0	100.00	0	0	0	0	0	0
1428590922455660907	CPU_4	0	0	0	100.00	0	0	0	0	0	0
1428590923166672792	CPU_4	0	0	0	100.00	0	0	0	0	0	0
1428590923870529227	CPU_4	0	0	0	100.00	0	0	0	0	0	0
1428590924584056067	CPU_4	0	0	0	100.00	0	0	0	0	0	0
1428590925289452584	CPU_4	0	0	0	100.00	0	0	0	0	0	0
1428590925992737520	CPU_4	0	0	0	100.00	0	0	0	0	0	0
1428590926708179983	CPU_4	0	0	0	100.00	0	0	0	0	0	0
1428590927408223132	CPU_4	0	0	0	100.00	0	0	0	0	0	0
1428590928111495568	CPU_4	0	0	0	100.00	0	0	0	0	0	0
1428590928823520660	CPU_4	0	0	0	100.00	0	0	0	0	0	0
1428590929525000265	CPU_4	0	0	0	100.00	0	0	0	0	0	0
1428590930236941732	CPU_4	0	0	0	100.00	0	0	0	0	0	0
1428590930945315912	CPU_4	0	0	0	100.00	0	0	0	0	0	0
1428590931646594143	CPU_4	0	0	0	100.00	0	0	0	0	0	0
1428590932359457192	CPU_4	0	0	0	100.00	0	0	0	0	0	0
1428590933063052503	CPU_4	0	0	0	100.00	0	0	0	0	0	0
1428590933768534020	CPU_4	0	0	0	100.00	0	0	0	0	0	0
1428590934477333450	CPU_4	0	0	0	100.00	0	0	0	0	0	0
1428590935180376387	CPU_4	0	0	0	100.00	0	0	0	0	0	0
1428590935890073274	CPU_4	0	0	0	100.00	0	0	0	0	0	0
1428590936599166869	CPU_4	0	0	0	100.00	0	0	0	0	0	0
1428590937302724639	CPU_4	0	0	0	100.00	0	0	0	0	0	0
1428590938015079314	CPU_4	0	0	0	100.00	0	0	0	0	0	0
1428590938717757002	CPU_4	0	0	0	100.00	0	0	0	0	0	0
1428590939434576463	CPU_4	0	0	0	100.00	0	0	0	0	0	0
1428590940138180524	CPU_4	0	0	0	100.00	0	0	0	0	0	0
1428590940841757710	CPU_4	0	0	0	100.00	0	0	0	0	0	0
1428590941554245969	CPU_4	0	0	0	100.00	0	0	0	0	0	0
1428590942259512778	CPU_4	0	0	0	100.00	0	0	0	0	0	0
1428590942961960924	CPU_4	0	0	0	100.00	0	0	0	0	0	0
1428590943676314347	CPU_4	0	0	0	100.00	0	0	0	0	0	0
1428590944380616574	CPU_4	0	0	0	100.00	0	0	0	0	0	0
1428590945091874626	CPU_4	0	0	0	100.00	0	0	0	0	0	0
1428590945794174981	CPU_4	0	0	0	100.00	0	0	0	0	0	0
1428590946499462707	CPU_4	0	0	0	100.00	0	0	0	0	0	0
1428590947210806425	CPU_4	0	0	0	100.00	0	0	0	0	0	0
1428590947915183236	CPU_4	0	0	0	100.00	0	0	0	0	0	0
1428590948618939505	CPU_4	0	0	0	100.00	0	0	0	0	0	0
1428590949332475138	CPU_4	0	0	0	100.00	0	0	0	0	0	0
1428590950036241741	CPU_4	0	0	0	100.00	0	0	0	0	0	0
1428590950749219124	CPU_4	0	0	0	100.00	0	0	0	0	0	0
1428590951451395770	CPU_4	0	0	0	100.00	0	0	0	0	0	0
1428590952155848414	CPU_4	0	0	0	100.00	0	0	0	0	0	0
1428590952867376174	CPU_4	0	0	0	100.00	0	0	0	0	0	0
1428590953570358529	CPU_4	0	0	0	100.00	0	0	0	0	0	0
1428590954274099049	CPU_4	0	0	0	100.00	0	0	0	0	0	0
1428590954987036723	CPU_4	0	0	0	100.00	0	0	0	0	0	0
1428590955687642581	CPU_4	0	0	0	100.00	0	0	0	0	0	0
1428590956400465964	CPU_4	0	0	0	100.00	0	0	0	0	0	0
1428590957103582860	CPU_4	0	0	0	100.00	0	0	0	0	0	0
1428590957806272881	CPU_4	0	0	0	100.00	0	0	0	0	0	0
1428590958519670806	CPU_4	0	0	0	100.00	0	0	0	0	0	0
1428590959223827158	CPU_4	0	0	0	100.00	0	0	0	0	0	0
1428590959944897948	CPU_4	0	0	0	100.00	0	0	0	0	0	0
1428590960648845718	CPU_4	0	0	0	100.00	0	0	0	0	0	0
1428590961355048318	CPU_4	0	0	0	100.00	0	0	0	0	0	0
1428590962069746866	CPU_4	0	0	0	100.00	0	0	0	0	0	0
1428590962770900015	CPU_4	0	0	0	100.00	0	0	0	0	0	0
1428590963477642406	CPU_4	0	0	0	100.00	0	0	0	0	0	0
1428590964190296331	CPU_4	0	0	0	100.00	0	0	0	0	0	0
1428590964893072811	CPU_4	0	0	0	100.00	0	0	0	0	0	0
1428590965608104067	CPU_4	0	0	0	100.00	0	0	0	0	0	0
1428590966312504711	CPU_4	0	0	0	100.00	0	0	0	0	0	0
1428590967014868400	CPU_4	0	0	0	100.00	0	0	0	0	0	0
1428590967731020363	CPU_4	0	0	0	100.00	0	0	0	0	0	0
1428590968433818677	CPU_4	0	0	0	100.00	0	0	0	0	0	0
1428590969137291447	CPU_4	0	0	0	100.00	0	0	0	0	0	0
1428590969849549331	CPU_4	0	0	0	100.00	0	0	0	0	0	0
1428590970554645100	CPU_4	0	0	0	100.00	0	0	0	0	0	0
1428590971265096737	CPU_4	0	0	0	100.00	0	0	0	0	0	0
1428590971969985798	CPU_4	0	0	0	100.00	0	0	0	0	0	0
1428590972673463402	CPU_4	0	0	0	100.00	0	0	0	0	0	0
1428590973391150571	CPU_4	0	0	0	100.00	0	0	0	0	0	0
1428590974093899885	CPU_4	0	0	0	100.00	0	0	0	0	0	0
1428590974807673892	CPU_4	0	0	0	100.00	0	0	0	0	0	0
1428590975517761905	CPU_4	0	0	0	100.00	0	0	0	0	0	0
1428590976220004844	CPU_4	0	0	0	100.00	0	0	0	0	0	0
1428590976933128978	CPU_4	0	0	0	100.00	0	0	0	0	0	0
1428590977638739913	CPU_4	0	0	0	100.00	0	0	0	0	0	0
1428590978339906395	CPU_4	0	0	0	100.00	0	0	0	0	0	0
1428590979053896902	CPU_4	0	0	0	100.00	0	0	0	0	0	0
1428590979759386754	CPU_4	0	0	0	100.00	0	0	0	0	0	0
1428590980471211848	CPU_4	0	0	0	100.00	0	0	0	0	0	0
1428590981175977492	CPU_4	0	0	0	100.00	0	0	0	0	0	0
1428590981880835637	CPU_4	0	0	0	100.00	0	0	0	0	0	0
1428590982592608897	CPU_4	0	0	0	100.00	0	0	0	0	0	0
1428590983297177167	CPU_4	0	0	0	100.00	0	0	0	0	0	0
1428590984000636105	CPU_4	0	0	0	100.00	0	0	0	0	0	0
1428590984713448697	CPU_4	0	0	0	100.00	0	0	0	0	0	0
1428590985418925049	CPU_4	0	0	0	100.00	0	0	0	0	0	0
1428590986133152099	CPU_4	0	0	0	100.00	0	0	0	0	0	0
1428590986835632329	CPU_4	0	0	0	100.00	0	0	0	0	0	0
1428590987541775389	CPU_4	0	0	0	100.00	0	0	0	0	0	0
1428590988254377857	CPU_4	0	0	0	100.00	0	0	0	0	0	0
1428590988960554250	CPU_4	0	0	0	100.00	0	0	0	0	0	0
1428590989671884053	CPU_4	0	0	0	100.00	0	0	0	0	0	0
1428590990379825193	CPU_4	0	0	0	100.00	0	0	0	0	0	0
1428590991085052588	CPU_4	0	0	0	100.00	0	0	0	0	0	0
1428590991796881015	CPU_4	0	0	0	100.00	0	0	0	0	0	0
1428590992500508120	CPU_4	0	0	0	100.00	0	0	0	0	0	0
1428590993205460722	CPU_4	0	0	0	100.00	0	0	0	0	0	0
1428590993916619942	CPU_4	0	0	0	100.00	0	0	0	0	0	0
1428590994622595336	CPU_4	0	0	0	100.00	0	0	0	0	0	0
1428590995335270596	CPU_4	0	0	0	100.00	0	0	0	0	0	0
1428590996037814076	CPU_4	0	0	0	100.00	0	0	0	0	0	0
1428590996742223888	CPU_4	0	0	0	100.00	0	0	0	0	0	0
1428590997457410895	CPU_4	0	0	0	100.00	0	0	0	0	0	0
1428590998160177043	CPU_4	0	0	0	100.00	0	0	0	0	0	0
1428590998867529768	CPU_4	0	0	0	100.00	0	0	0	0	0	0
1428590999587251477	CPU_4	0	0	0	100.00	0	0	0	0	0	0
1428591000291426873	CPU_4	0	0	0	100.00	0	0	0	0	0	0
1428591001005012090	CPU_4	0	0	0	100.00	0	0	0	0	0	0
1428591001714749937	CPU_4	0	0	0	100.00	0	0	0	0	0	0
1428591002421687871	CPU_4	0	0	0	100.00	0	0	0	0	0	0
1428591003134443089	CPU_4	0	0	0	100.00	0	0	0	0	0	0
1428591003838779818	CPU_4	0	0	0	100.00	0	0	0	0	0	0
1428591004556647780	CPU_4	0	0	0	100.00	0	0	0	0	0	0
1428591005261078259	CPU_4	0	0	0	100.00	0	0	0	0	0	0
1428591005972910228	CPU_4	0	0	0	100.00	0	0	0	0	0	0
1428591006692813604	CPU_4	1.38	0	0	98.61	0	0	0	0	0	0
1428591007397398791	CPU_4	0	0	0	100.00	0	0	0	0	0	0
1428591008104459975	CPU_4	0	0	0	100.00	0	0	0	0	0	0
1428591008819501524	CPU_4	0	0	0	100.00	0	0	0	0	0	0
1428591009527037499	CPU_4	0	0	0	100.00	0	0	0	0	0	0
1428591010244197462	CPU_4	0	0	0	100.00	0	0	0	0	0	0
1428591010950365272	CPU_4	0	0	0	100.00	0	0	0	0	0	0
1428591011658708996	CPU_4	0	0	0	100.00	0	0	0	0	0	0
1428591012371885881	CPU_4	0	0	0	100.00	0	0	0	0	0	0
1428591013077614025	CPU_4	0	0	0	100.00	0	0	0	0	0	0
1428591013792390949	CPU_4	0	0	0	100.00	0	0	0	0	0	0
1428591014497021303	CPU_4	0	0	0	100.00	0	0	0	0	0	0
1428591015204558320	CPU_4	0	0	0	100.00	0	0	0	0	0	0
1428591015920674326	CPU_4	0	0	0	100.00	0	0	0	0	0	0
1428591016625687430	CPU_4	0	0	0	100.00	0	0	0	0	0	0
1428591017331512449	CPU_4	0	0	0	100.00	0	0	0	0	0	0
1428591018047681455	CPU_4	0	0	0	100.00	0	0	0	0	0	0
1428591018752376809	CPU_4	0	0	0	100.00	0	0	0	0	0	0
1428591019473227643	CPU_4	0	0	0	100.00	0	0	0	0	0	0
1428591020181240867	CPU_4	0	0	0	100.00	0	0	0	0	0	0
1428591020890138591	CPU_4	0	0	0	100.00	0	0	0	0	0	0
1428591021608371136	CPU_4	0	0	0	100.00	0	0	0	0	0	0
1428591022315271946	CPU_4	0	0	0	100.00	0	0	0	0	0	0
1428591023031983826	CPU_4	0	0	0	100.00	0	0	0	0	0	0
1428591023750579621	CPU_4	0	0	0	100.00	0	0	0	0	0	0
1428591024461651425	CPU_4	0	0	0	100.00	0	0	0	0	0	0
1428591025231615322	CPU_4	0	0	0	100.00	0	0	0	0	0	0
1428591025940454254	CPU_4	0	0	0	100.00	0	0	0	0	0	0
1428591026656188469	CPU_4	0	0	0	100.00	0	0	0	0	0	0
1428591027362842737	CPU_4	0	0	0	100.00	0	0	0	0	0	0
1428591028070743254	CPU_4	0	0	0	100.00	0	0	0	0	0	0
1428591028791088089	CPU_4	0	0	0	100.00	0	0	0	0	0	0
1428591029498920564	CPU_4	0	0	0	100.00	0	0	0	0	0	0
1428591030217885608	CPU_4	0	0	0	100.00	0	0	0	0	0	0
1428591030924799543	CPU_4	0	0	0	100.00	0	0	0	0	0	0
1428591031632061228	CPU_4	0	0	0	100.00	0	0	0	0	0	0
1428591032347415819	CPU_4	0	0	0	100.00	0	0	0	0	0	0
1428591033054687920	CPU_4	0	0	0	100.00	0	0	0	0	0	0
1428591033786822031	CPU_4	0	0	1.36	98.63	0	0	0	0	0	0
