#Timestamp	CPU_ID	user%	nice%	sys%	idle%	iowait%	irq%	softiq%	steal%	guest%	guest_nice%
1428578387211965821	CPU_4	6.45	0	6.45	87.09	0	0	0	0	0	0
1428578387900005385	CPU_4	0	0	0	100.00	0	0	0	0	0	0
1428578388596866223	CPU_4	0	0	0	100.00	0	0	0	0	0	0
1428578389286104368	CPU_4	0	0	0	100.00	0	0	0	0	0	0
1428578389977161718	CPU_4	0	0	0	100.00	0	0	0	0	0	0
1428578390673499641	CPU_4	0	0	0	100.00	0	0	0	0	0	0
1428578391364848740	CPU_4	0	0	0	100.00	0	0	0	0	0	0
1428578392051510974	CPU_4	0	0	0	100.00	0	0	0	0	0	0
1428578392755431841	CPU_4	0	0	0	100.00	0	0	0	0	0	0
1428578393444784069	CPU_4	0	0	0	100.00	0	0	0	0	0	0
1428578394132725175	CPU_4	0	0	0	100.00	0	0	0	0	0	0
1428578394833076215	CPU_4	0	0	0	100.00	0	0	0	0	0	0
1428578395524591898	CPU_4	0	0	0	100.00	0	0	0	0	0	0
1428578396212236796	CPU_4	0	0	0	100.00	0	0	0	0	0	0
1428578396912384087	CPU_4	0	0	0	100.00	0	0	0	0	0	0
1428578397603818561	CPU_4	0	0	0	100.00	0	0	0	0	0	0
1428578398297662239	CPU_4	0	0	0	100.00	0	0	0	0	0	0
1428578398995337576	CPU_4	0	0	0	100.00	0	0	0	0	0	0
1428578399684346264	CPU_4	0	0	0	100.00	0	0	0	0	0	0
1428578400386357135	CPU_4	0	0	0	100.00	0	0	0	0	0	0
1428578401078688149	CPU_4	0	0	0	100.00	0	0	0	0	0	0
1428578401769169542	CPU_4	0	0	0	100.00	0	0	0	0	0	0
1428578402470198332	CPU_4	0	0	0	100.00	0	0	0	0	0	0
1428578403164440301	CPU_4	0	0	0	100.00	0	0	0	0	0	0
1428578403856445816	CPU_4	0	0	0	100.00	0	0	0	0	0	0
1428578404557502064	CPU_4	0	0	0	100.00	0	0	0	0	0	0
1428578405248756039	CPU_4	0	0	0	100.00	0	0	0	0	0	0
1428578405941229386	CPU_4	0	0	0	100.00	0	0	0	0	0	0
1428578406643409757	CPU_4	0	0	0	100.00	0	0	0	0	0	0
1428578407334438316	CPU_4	0	0	0	100.00	0	0	0	0	0	0
1428578408027754120	CPU_4	0	0	0	100.00	0	0	0	0	0	0
1428578408731205114	CPU_4	0	0	0	100.00	0	0	0	0	0	0
1428578409421528049	CPU_4	0	0	0	100.00	0	0	0	0	0	0
1428578410122552797	CPU_4	0	0	0	100.00	0	0	0	0	0	0
1428578410817552515	CPU_4	0	0	0	100.00	0	0	0	0	0	0
1428578411506957619	CPU_4	0	0	0	100.00	0	0	0	0	0	0
1428578412209364239	CPU_4	0	0	0	100.00	0	0	0	0	0	0
1428578412900012966	CPU_4	0	0	0	100.00	0	0	0	0	0	0
1428578413595191017	CPU_4	0	0	0	100.00	0	0	0	0	0	0
1428578414298072053	CPU_4	0	0	0	100.00	0	0	0	0	0	0
1428578414988917404	CPU_4	0	0	0	100.00	0	0	0	0	0	0
1428578415683422540	CPU_4	0	0	0	100.00	0	0	0	0	0	0
1428578416386148368	CPU_4	0	0	0	100.00	0	0	0	0	0	0
1428578417076044721	CPU_4	0	0	0	100.00	0	0	0	0	0	0
1428578417777924385	CPU_4	0	0	0	100.00	0	0	0	0	0	0
1428578418475769139	CPU_4	0	0	0	100.00	0	0	0	0	0	0
1428578419166689199	CPU_4	0	0	0	100.00	0	0	0	0	0	0
1428578419867798572	CPU_4	0	0	0	100.00	0	0	0	0	0	0
1428578420560785961	CPU_4	0	0	0	100.00	0	0	0	0	0	0
1428578421253075768	CPU_4	0	0	0	100.00	0	0	0	0	0	0
1428578421955248306	CPU_4	0	0	0	100.00	0	0	0	0	0	0
1428578422645011701	CPU_4	0	0	0	100.00	0	0	0	0	0	0
1428578423338268047	CPU_4	0	0	0	100.00	0	0	0	0	0	0
1428578424041861041	CPU_4	0	0	0	100.00	0	0	0	0	0	0
1428578424736759885	CPU_4	0	0	0	100.00	0	0	0	0	0	0
1428578425429088067	CPU_4	0	0	0	100.00	0	0	0	0	0	0
1428578426131234313	CPU_4	0	0	0	100.00	0	0	0	0	0	0
1428578426820533751	CPU_4	0	0	0	100.00	0	0	0	0	0	0
1428578427517562924	CPU_4	0	0	0	100.00	0	0	0	0	0	0
1428578428212445934	CPU_4	0	0	0	100.00	0	0	0	0	0	0
1428578428905955989	CPU_4	0	0	0	100.00	0	0	0	0	0	0
1428578429634135770	CPU_4	0	0	0	100.00	0	0	0	0	0	0
1428578430326926868	CPU_4	0	0	0	100.00	0	0	0	0	0	0
1428578431016540930	CPU_4	0	0	0	100.00	0	0	0	0	0	0
1428578431723232835	CPU_4	0	0	0	100.00	0	0	0	0	0	0
1428578432412471314	CPU_4	0	0	0	100.00	0	0	0	0	0	0
1428578433105024413	CPU_4	0	0	0	100.00	0	0	0	0	0	0
1428578433805615329	CPU_4	0	0	0	100.00	0	0	0	0	0	0
1428578434497180846	CPU_4	0	0	0	100.00	0	0	0	0	0	0
1428578435191711608	CPU_4	0	0	0	100.00	0	0	0	0	0	0
1428578435893850563	CPU_4	0	0	0	100.00	0	0	0	0	0	0
1428578436583196876	CPU_4	0	0	0	100.00	0	0	0	0	0	0
1428578437286510746	CPU_4	0	0	0	100.00	0	0	0	0	0	0
1428578437978856928	CPU_4	0	0	0	100.00	0	0	0	0	0	0
1428578438670546237	CPU_4	0	0	0	100.00	0	0	0	0	0	0
1428578439371874902	CPU_4	0	0	0	100.00	0	0	0	0	0	0
1428578440063275794	CPU_4	0	0	0	100.00	0	0	0	0	0	0
1428578440754819353	CPU_4	0	0	0	100.00	0	0	0	0	0	0
1428578441459984261	CPU_4	0	0	0	100.00	0	0	0	0	0	0
1428578442149462949	CPU_4	0	0	0	100.00	0	0	0	0	0	0
1428578442843906169	CPU_4	0	0	0	100.00	0	0	0	0	0	0
1428578443544929335	CPU_4	0	0	0	100.00	0	0	0	0	0	0
1428578444235317313	CPU_4	0	0	0	100.00	0	0	0	0	0	0
1428578444932843069	CPU_4	0	0	0	100.00	0	0	0	0	0	0
1428578445641264680	CPU_4	0	0	0	100.00	0	0	0	0	0	0
1428578446332585531	CPU_4	0	0	0	100.00	0	0	0	0	0	0
1428578447035131861	CPU_4	0	0	0	100.00	0	0	0	0	0	0
1428578447727630418	CPU_4	0	0	0	100.00	0	0	0	0	0	0
1428578448430490831	CPU_4	0	0	0	100.00	0	0	0	0	0	0
1428578449132525828	CPU_4	0	0	0	100.00	0	0	0	0	0	0
1428578449825021802	CPU_4	0	0	0	100.00	0	0	0	0	0	0
1428578450517750859	CPU_4	0	0	0	100.00	0	0	0	0	0	0
1428578451221631645	CPU_4	0	0	0	100.00	0	0	0	0	0	0
1428578451914984534	CPU_4	0	0	0	100.00	0	0	0	0	0	0
1428578452608823548	CPU_4	0	0	0	100.00	0	0	0	0	0	0
1428578453311986752	CPU_4	0	0	0	100.00	0	0	0	0	0	0
1428578454004976392	CPU_4	0	0	0	100.00	0	0	0	0	0	0
1428578454706683265	CPU_4	0	0	0	100.00	0	0	0	0	0	0
1428578455402925232	CPU_4	0	0	0	100.00	0	0	0	0	0	0
1428578456094338125	CPU_4	0	0	0	100.00	0	0	0	0	0	0
1428578456797500121	CPU_4	0	0	0	100.00	0	0	0	0	0	0
1428578457489783804	CPU_4	0	0	0	100.00	0	0	0	0	0	0
1428578458184580316	CPU_4	0	0	0	100.00	0	0	0	0	0	0
1428578458887561104	CPU_4	0	0	0	100.00	0	0	0	0	0	0
1428578459580232328	CPU_4	0	0	0	100.00	0	0	0	0	0	0
1428578460272697677	CPU_4	0	0	0	100.00	0	0	0	0	0	0
1428578460977383504	CPU_4	0	0	0	100.00	0	0	0	0	0	0
1428578461674346761	CPU_4	0	0	0	100.00	0	0	0	0	0	0
1428578462379302587	CPU_4	0	0	0	100.00	0	0	0	0	0	0
1428578463076482428	CPU_4	0	0	0	100.00	0	0	0	0	0	0
1428578463772310646	CPU_4	0	0	0	100.00	0	0	0	0	0	0
1428578464475126601	CPU_4	0	0	0	100.00	0	0	0	0	0	0
1428578465171246569	CPU_4	0	0	0	100.00	0	0	0	0	0	0
1428578465862089422	CPU_4	0	0	0	100.00	0	0	0	0	0	0
1428578466567454997	CPU_4	0	0	0	100.00	0	0	0	0	0	0
1428578467260441721	CPU_4	0	0	0	100.00	0	0	0	0	0	0
1428578467950861866	CPU_4	0	0	0	100.00	0	0	0	0	0	0
1428578468648387081	CPU_4	0	0	0	100.00	0	0	0	0	0	0
1428578469337387146	CPU_4	0	0	0	100.00	0	0	0	0	0	0
1428578470026547544	CPU_4	0	0	0	100.00	0	0	0	0	0	0
1428578470727264628	CPU_4	0	0	0	100.00	0	0	0	0	0	0
1428578471415817069	CPU_4	0	0	0	100.00	0	0	0	0	0	0
1428578472110473164	CPU_4	0	0	0	100.00	0	0	0	0	0	0
1428578472809015544	CPU_4	0	0	0	100.00	0	0	0	0	0	0
1428578473500822729	CPU_4	0	0	0	100.00	0	0	0	0	0	0
1428578474199467150	CPU_4	0	0	0	100.00	0	0	0	0	0	0
1428578474890098754	CPU_4	0	0	0	100.00	0	0	0	0	0	0
1428578475579970526	CPU_4	0	0	0	100.00	0	0	0	0	0	0
1428578476281341692	CPU_4	0	0	0	100.00	0	0	0	0	0	0
1428578476970294174	CPU_4	0	0	0	100.00	0	0	0	0	0	0
1428578477661598526	CPU_4	0	0	0	100.00	0	0	0	0	0	0
1428578478362806776	CPU_4	0	0	0	100.00	0	0	0	0	0	0
1428578479053264255	CPU_4	0	0	0	100.00	0	0	0	0	0	0
1428578479744650524	CPU_4	0	0	0	100.00	0	0	0	0	0	0
1428578480445408900	CPU_4	0	0	0	100.00	0	0	0	0	0	0
1428578481135646297	CPU_4	0	0	0	100.00	0	0	0	0	0	0
1428578481829770146	CPU_4	0	0	0	100.00	0	0	0	0	0	0
1428578482528337066	CPU_4	0	0	0	100.00	0	0	0	0	0	0
1428578483221042291	CPU_4	0	0	0	100.00	0	0	0	0	0	0
1428578483926025742	CPU_4	0	0	0	100.00	0	0	0	0	0	0
1428578484616887137	CPU_4	0	0	0	100.00	0	0	0	0	0	0
1428578485307885824	CPU_4	0	0	0	100.00	0	0	0	0	0	0
1428578486012576734	CPU_4	0	0	0	100.00	0	0	0	0	0	0
1428578486702511006	CPU_4	0	0	0	100.00	0	0	0	0	0	0
1428578487396836103	CPU_4	0	0	0	100.00	0	0	0	0	0	0
1428578488096012566	CPU_4	0	0	0	100.00	0	0	0	0	0	0
1428578488789237331	CPU_4	0	0	0	100.00	0	0	0	0	0	0
1428578489483485804	CPU_4	0	0	0	100.00	0	0	0	0	0	0
1428578490184554971	CPU_4	0	0	0	100.00	0	0	0	0	0	0
1428578490878188944	CPU_4	0	0	0	100.00	0	0	0	0	0	0
1428578491571363627	CPU_4	0	0	0	100.00	0	0	0	0	0	0
1428578492274109458	CPU_4	0	0	0	100.00	0	0	0	0	0	0
1428578492969106471	CPU_4	0	0	0	100.00	0	0	0	0	0	0
1428578493672549467	CPU_4	0	0	0	100.00	0	0	0	0	0	0
1428578494364665860	CPU_4	0	0	0	100.00	0	0	0	0	0	0
1428578495060052122	CPU_4	0	0	0	100.00	0	0	0	0	0	0
1428578495770514814	CPU_4	0	0	0	100.00	0	0	0	0	0	0
1428578496462009624	CPU_4	0	0	0	100.00	0	0	0	0	0	0
1428578497156009097	CPU_4	0	0	0	100.00	0	0	0	0	0	0
1428578497860322092	CPU_4	0	0	0	100.00	0	0	0	0	0	0
1428578498571076450	CPU_4	0	0	0	100.00	0	0	0	0	0	0
1428578499263967425	CPU_4	0	0	0	100.00	0	0	0	0	0	0
1428578499966239924	CPU_4	0	0	0	100.00	0	0	0	0	0	0
1428578500659799898	CPU_4	0	0	0	100.00	0	0	0	0	0	0
1428578501362611354	CPU_4	0	0	0	100.00	0	0	0	0	0	0
1428578502054523289	CPU_4	0	0	0	100.00	0	0	0	0	0	0
1428578502751571340	CPU_4	0	0	0	100.00	0	0	0	0	0	0
1428578503455320628	CPU_4	0	0	0	100.00	0	0	0	0	0	0
1428578504148330645	CPU_4	0	0	0	100.00	0	0	0	0	0	0
1428578504840955162	CPU_4	0	0	0	100.00	0	0	0	0	0	0
1428578505545697657	CPU_4	0	0	0	100.00	0	0	0	0	0	0
1428578506238038966	CPU_4	0	0	0	100.00	0	0	0	0	0	0
1428578506933714311	CPU_4	0	0	0	100.00	0	0	0	0	0	0
1428578507639898595	CPU_4	0	0	0	100.00	0	0	0	0	0	0
1428578508333015403	CPU_4	0	0	0	100.00	0	0	0	0	0	0
1428578509037260273	CPU_4	0	0	0	100.00	0	0	0	0	0	0
1428578509736622653	CPU_4	0	0	0	100.00	0	0	0	0	0	0
1428578510430344669	CPU_4	0	0	0	100.00	0	0	0	0	0	0
1428578511134531831	CPU_4	0	0	0	100.00	0	0	0	0	0	0
1428578511826514975	CPU_4	0	0	0	100.00	0	0	0	0	0	0
1428578512521816529	CPU_4	0	0	0	100.00	0	0	0	0	0	0
1428578513226608649	CPU_4	0	0	0	100.00	0	0	0	0	0	0
1428578513920351539	CPU_4	0	0	0	100.00	0	0	0	0	0	0
1428578514613813598	CPU_4	0	0	0	100.00	0	0	0	0	0	0
1428578515317741218	CPU_4	0	0	0	100.00	0	0	0	0	0	0
1428578516008817739	CPU_4	0	0	0	100.00	0	0	0	0	0	0
1428578516702389130	CPU_4	0	0	0	100.00	0	0	0	0	0	0
1428578517407206792	CPU_4	0	0	0	100.00	0	0	0	0	0	0
1428578518099887476	CPU_4	0	0	0	100.00	0	0	0	0	0	0
1428578518800838853	CPU_4	0	0	0	100.00	0	0	0	0	0	0
1428578519494457119	CPU_4	0	0	0	100.00	0	0	0	0	0	0
1428578520186006431	CPU_4	0	0	0	100.00	0	0	0	0	0	0
1428578520889911136	CPU_4	0	0	0	100.00	0	0	0	0	0	0
1428578521584902399	CPU_4	0	0	0	100.00	0	0	0	0	0	0
1428578522277904166	CPU_4	0	0	0	100.00	0	0	0	0	0	0
1428578522980368166	CPU_4	0	0	0	100.00	0	0	0	0	0	0
1428578523673095225	CPU_4	0	0	0	100.00	0	0	0	0	0	0
1428578524364227955	CPU_4	0	0	0	100.00	0	0	0	0	0	0
1428578525068990200	CPU_4	0	0	0	100.00	0	0	0	0	0	0
1428578525758240558	CPU_4	0	0	0	100.00	0	0	0	0	0	0
1428578526457611604	CPU_4	0	0	0	100.00	0	0	0	0	0	0
1428578527154644281	CPU_4	0	0	0	100.00	0	0	0	0	0	0
1428578527849005213	CPU_4	0	0	0	100.00	0	0	0	0	0	0
1428578528553997916	CPU_4	0	0	0	100.00	0	0	0	0	0	0
1428578529246650142	CPU_4	0	0	0	100.00	0	0	0	0	0	0
1428578529940961699	CPU_4	0	0	0	100.00	0	0	0	0	0	0
1428578530644290655	CPU_4	0	0	0	100.00	0	0	0	0	0	0
1428578531335140719	CPU_4	0	0	0	100.00	0	0	0	0	0	0
1428578532030700856	CPU_4	0	0	0	100.00	0	0	0	0	0	0
1428578532731920567	CPU_4	0	0	0	100.00	0	0	0	0	0	0
1428578533424438044	CPU_4	0	0	0	100.00	0	0	0	0	0	0
1428578534117953685	CPU_4	0	0	0	100.00	0	0	0	0	0	0
1428578534823366055	CPU_4	0	0	0	100.00	0	0	0	0	0	0
1428578535515837740	CPU_4	0	0	0	100.00	0	0	0	0	0	0
1428578536221578025	CPU_4	0	0	0	100.00	0	0	0	0	0	0
1428578536917212246	CPU_4	0	0	0	100.00	0	0	0	0	0	0
1428578537612549926	CPU_4	0	0	0	100.00	0	0	0	0	0	0
1428578538315297342	CPU_4	0	0	0	100.00	0	0	0	0	0	0
1428578539008003986	CPU_4	0	0	0	100.00	0	0	0	0	0	0
1428578539702058335	CPU_4	0	0	0	100.00	0	0	0	0	0	0
1428578540406562373	CPU_4	0	0	0	100.00	0	0	0	0	0	0
1428578541099678307	CPU_4	0	0	0	100.00	0	0	0	0	0	0
1428578541794801863	CPU_4	0	0	0	100.00	0	0	0	0	0	0
1428578542500154899	CPU_4	0	0	0	100.00	0	0	0	0	0	0
1428578543193728958	CPU_4	0	0	0	100.00	0	0	0	0	0	0
1428578543911444929	CPU_4	0	0	0	100.00	0	0	0	0	0	0
1428578544612460265	CPU_4	0	0	0	100.00	0	0	0	0	0	0
1428578545305367992	CPU_4	0	0	0	100.00	0	0	0	0	0	0
1428578546013058190	CPU_4	0	0	0	100.00	0	0	0	0	0	0
1428578546707141789	CPU_4	0	0	0	100.00	0	0	0	0	0	0
1428578547401309389	CPU_4	0	0	0	100.00	0	0	0	0	0	0
1428578548106432509	CPU_4	0	0	0	100.00	0	0	0	0	0	0
1428578548803933893	CPU_4	0	0	0	100.00	0	0	0	0	0	0
1428578549500028573	CPU_4	0	0	0	100.00	0	0	0	0	0	0
1428578550205470567	CPU_4	0	0	0	100.00	0	0	0	0	0	0
1428578550901295788	CPU_4	0	0	0	100.00	0	0	0	0	0	0
1428578551606261576	CPU_4	0	0	0	100.00	0	0	0	0	0	0
1428578552301161965	CPU_4	0	0	0	100.00	0	0	0	0	0	0
1428578552995453148	CPU_4	0	0	0	100.00	0	0	0	0	0	0
1428578553711839955	CPU_4	0	0	0	100.00	0	0	0	0	0	0
1428578554408498842	CPU_4	0	0	0	100.00	0	0	0	0	0	0
1428578555102025943	CPU_4	0	0	0	100.00	0	0	0	0	0	0
1428578555807332729	CPU_4	0	0	0	100.00	0	0	0	0	0	0
1428578556502190578	CPU_4	0	0	0	100.00	0	0	0	0	0	0
1428578557198219507	CPU_4	0	0	0	100.00	0	0	0	0	0	0
1428578557900761257	CPU_4	0	0	0	100.00	0	0	0	0	0	0
1428578558601501595	CPU_4	0	0	0	100.00	0	0	0	0	0	0
1428578559303957720	CPU_4	0	0	0	100.00	0	0	0	0	0	0
1428578560002034396	CPU_4	0	0	0	100.00	0	0	0	0	0	0
1428578560697075077	CPU_4	0	0	0	100.00	0	0	0	0	0	0
1428578561400143577	CPU_4	0	0	0	100.00	0	0	0	0	0	0
1428578562094682092	CPU_4	0	0	0	100.00	0	0	0	0	0	0
1428578562790718564	CPU_4	0	0	0	100.00	0	0	0	0	0	0
1428578563492616065	CPU_4	0	0	0	100.00	0	0	0	0	0	0
1428578564187699830	CPU_4	0	0	0	100.00	0	0	0	0	0	0
1428578564880718474	CPU_4	0	0	0	100.00	0	0	0	0	0	0
1428578565585892970	CPU_4	0	0	0	100.00	0	0	0	0	0	0
1428578566278758447	CPU_4	0	0	0	100.00	0	0	0	0	0	0
1428578566980218783	CPU_4	0	0	0	100.00	0	0	0	0	0	0
1428578567673734009	CPU_4	0	0	0	100.00	0	0	0	0	0	0
1428578568367782484	CPU_4	0	0	0	100.00	0	0	0	0	0	0
1428578569068369031	CPU_4	0	0	0	100.00	0	0	0	0	0	0
1428578569763130213	CPU_4	0	0	0	100.00	0	0	0	0	0	0
1428578570458186478	CPU_4	0	0	0	100.00	0	0	0	0	0	0
1428578571163255682	CPU_4	0	0	0	100.00	0	0	0	0	0	0
1428578571856152868	CPU_4	0	0	0	100.00	0	0	0	0	0	0
1428578572552717005	CPU_4	0	0	0	100.00	0	0	0	0	0	0
1428578573252917094	CPU_4	0	0	0	100.00	0	0	0	0	0	0
1428578573950595479	CPU_4	0	0	0	100.00	0	0	0	0	0	0
1428578574661606464	CPU_4	0	0	0	100.00	0	0	0	0	0	0
1428578575354660525	CPU_4	0	0	0	100.00	0	0	0	0	0	0
1428578576049791332	CPU_4	0	0	0	100.00	0	0	0	0	0	0
1428578576754874286	CPU_4	0	0	0	100.00	0	0	0	0	0	0
1428578577447905680	CPU_4	0	0	0	100.00	0	0	0	0	0	0
1428578578143440403	CPU_4	0	0	0	100.00	0	0	0	0	0	0
1428578578845431113	CPU_4	0	0	0	100.00	0	0	0	0	0	0
1428578579542442917	CPU_4	0	0	0	100.00	0	0	0	0	0	0
1428578580235770310	CPU_4	0	0	0	100.00	0	0	0	0	0	0
1428578580941602139	CPU_4	0	0	0	100.00	0	0	0	0	0	0
1428578581641246104	CPU_4	0	0	0	100.00	0	0	0	0	0	0
1428578582355478749	CPU_4	0	0	0	100.00	0	0	0	0	0	0
1428578583049433309	CPU_4	0	0	0	100.00	0	0	0	0	0	0
1428578583747334152	CPU_4	0	0	0	100.00	0	0	0	0	0	0
1428578584452087483	CPU_4	0	0	0	100.00	0	0	0	0	0	0
1428578585146344625	CPU_4	0	0	0	100.00	0	0	0	0	0	0
1428578585841019099	CPU_4	0	0	0	100.00	0	0	0	0	0	0
1428578586547228135	CPU_4	0	0	0	100.00	0	0	0	0	0	0
1428578587240968112	CPU_4	0	0	0	100.00	0	0	0	0	0	0
1428578587937831165	CPU_4	0	0	0	100.00	0	0	0	0	0	0
1428578588651951937	CPU_4	0	0	0	100.00	0	0	0	0	0	0
1428578589345365289	CPU_4	0	0	0	100.00	0	0	0	0	0	0
1428578590054844736	CPU_4	0	0	0	100.00	0	0	0	0	0	0
1428578590754082410	CPU_4	0	0	0	100.00	0	0	0	0	0	0
1428578591447419387	CPU_4	0	0	0	100.00	0	0	0	0	0	0
1428578592155644295	CPU_4	0	0	0	100.00	0	0	0	0	0	0
1428578592852353016	CPU_4	0	0	0	100.00	0	0	0	0	0	0
1428578593548903279	CPU_4	0	0	0	100.00	0	0	0	0	0	0
1428578594253920151	CPU_4	0	0	0	100.00	0	0	0	0	0	0
1428578594949196791	CPU_4	0	0	0	100.00	0	0	0	0	0	0
1428578595648834048	CPU_4	0	0	0	100.00	0	0	0	0	0	0
1428578596355260293	CPU_4	0	0	0	100.00	0	0	0	0	0	0
1428578597048545520	CPU_4	0	0	0	100.00	0	0	0	0	0	0
1428578597755173014	CPU_4	0	0	0	100.00	0	0	0	0	0	0
1428578598451530028	CPU_4	0	0	0	100.00	0	0	0	0	0	0
1428578599147040251	CPU_4	0	0	0	100.00	0	0	0	0	0	0
1428578599852439831	CPU_4	0	0	0	100.00	0	0	0	0	0	0
1428578600548476970	CPU_4	0	0	0	100.00	0	0	0	0	0	0
1428578601245558191	CPU_4	0	0	0	100.00	0	0	0	0	0	0
1428578601952874725	CPU_4	0	0	0	100.00	0	0	0	0	0	0
1428578602648872115	CPU_4	0	0	0	100.00	0	0	0	0	0	0
1428578603344615963	CPU_4	0	0	0	100.00	0	0	0	0	0	0
1428578604049582919	CPU_4	0	0	0	100.00	0	0	0	0	0	0
1428578604747247555	CPU_4	0	0	0	100.00	0	0	0	0	0	0
1428578605449739224	CPU_4	0	0	0	100.00	0	0	0	0	0	0
1428578606147340610	CPU_4	0	0	0	100.00	0	0	0	0	0	0
1428578606844250289	CPU_4	0	0	0	100.00	0	0	0	0	0	0
1428578607548117331	CPU_4	0	0	0	100.00	0	0	0	0	0	0
1428578608242606015	CPU_4	0	0	0	100.00	0	0	0	0	0	0
1428578608937688490	CPU_4	0	0	0	100.00	0	0	0	0	0	0
1428578609641634447	CPU_4	0	0	0	100.00	0	0	0	0	0	0
1428578610337623378	CPU_4	0	0	0	100.00	0	0	0	0	0	0
1428578611029845525	CPU_4	0	0	0	100.00	0	0	0	0	0	0
1428578611738015308	CPU_4	0	0	0	100.00	0	0	0	0	0	0
1428578612432633284	CPU_4	0	0	0	100.00	0	0	0	0	0	0
1428578613138743863	CPU_4	0	0	0	100.00	0	0	0	0	0	0
1428578613832548257	CPU_4	0	0	0	100.00	0	0	0	0	0	0
1428578614529821977	CPU_4	0	0	0	100.00	0	0	0	0	0	0
1428578615231857189	CPU_4	0	0	0	100.00	0	0	0	0	0	0
1428578615928349578	CPU_4	0	0	0	100.00	0	0	0	0	0	0
1428578616625693923	CPU_4	0	0	0	100.00	0	0	0	0	0	0
1428578617327734343	CPU_4	0	0	0	100.00	0	0	0	0	0	0
1428578618022161611	CPU_4	0	0	0	100.00	0	0	0	0	0	0
1428578618723410741	CPU_4	0	0	0	100.00	0	0	0	0	0	0
1428578619424785788	CPU_4	0	0	0	100.00	0	0	0	0	0	0
1428578620121205468	CPU_4	0	0	0	100.00	0	0	0	0	0	0
1428578620827015548	CPU_4	0	0	0	100.00	0	0	0	0	0	0
1428578621521591357	CPU_4	0	0	0	100.00	0	0	0	0	0	0
1428578622218180163	CPU_4	0	0	0	100.00	0	0	0	0	0	0
1428578622923599660	CPU_4	0	0	0	100.00	0	0	0	0	0	0
1428578623619239634	CPU_4	0	0	0	100.00	0	0	0	0	0	0
1428578624315963356	CPU_4	0	0	0	100.00	0	0	0	0	0	0
1428578625019703106	CPU_4	0	0	0	100.00	0	0	0	0	0	0
1428578625720172530	CPU_4	0	0	0	100.00	0	0	0	0	0	0
1428578626416690544	CPU_4	0	0	0	100.00	0	0	0	0	0	0
1428578627123017998	CPU_4	0	0	0	100.00	0	0	0	0	0	0
1428578627818873638	CPU_4	0	0	0	100.00	0	0	0	0	0	0
1428578628524642010	CPU_4	0	0	0	100.00	0	0	0	0	0	0
1428578629219575777	CPU_4	0	0	0	100.00	0	0	0	0	0	0
1428578629917057165	CPU_4	0	0	0	100.00	0	0	0	0	0	0
1428578630623968034	CPU_4	0	0	0	100.00	0	0	0	0	0	0
1428578631318004678	CPU_4	0	0	0	100.00	0	0	0	0	0	0
1428578632013767486	CPU_4	0	0	0	100.00	0	0	0	0	0	0
1428578632721964311	CPU_4	0	0	0	100.00	0	0	0	0	0	0
1428578633415609706	CPU_4	0	0	0	100.00	0	0	0	0	0	0
1428578634124293573	CPU_4	0	0	0	100.00	0	0	0	0	0	0
1428578634825602036	CPU_4	0	0	0	100.00	0	0	0	0	0	0
1428578635521413677	CPU_4	0	0	0	100.00	0	0	0	0	0	0
1428578636229148503	CPU_4	0	0	0	100.00	0	0	0	0	0	0
1428578636928819137	CPU_4	0	0	0	100.00	0	0	0	0	0	0
1428578637628921353	CPU_4	0	0	0	100.00	0	0	0	0	0	0
1428578638336076972	CPU_4	0	0	0	100.00	0	0	0	0	0	0
1428578639034376151	CPU_4	0	0	0	100.00	0	0	0	0	0	0
1428578639731278956	CPU_4	0	0	0	100.00	0	0	0	0	0	0
1428578640436910745	CPU_4	0	0	0	100.00	0	0	0	0	0	0
1428578641137293960	CPU_4	0	0	0	100.00	0	0	0	0	0	0
1428578641841196878	CPU_4	0	0	0	100.00	0	0	0	0	0	0
1428578642539733514	CPU_4	0	0	0	100.00	0	0	0	0	0	0
1428578643236884985	CPU_4	0	0	0	100.00	0	0	0	0	0	0
1428578643944565896	CPU_4	0	0	0	100.00	0	0	0	0	0	0
1428578644641927409	CPU_4	0	0	0	100.00	0	0	0	0	0	0
1428578645337746258	CPU_4	0	0	0	100.00	0	0	0	0	0	0
1428578646043934171	CPU_4	0	0	0	100.00	0	0	0	0	0	0
1428578646742969598	CPU_4	0	0	0	100.00	0	0	0	0	0	0
1428578647442440899	CPU_4	0	0	0	100.00	0	0	0	0	0	0
1428578648149432348	CPU_4	0	0	0	100.00	0	0	0	0	0	0
1428578648848366715	CPU_4	0	0	0	100.00	0	0	0	0	0	0
1428578649554843442	CPU_4	0	0	0	100.00	0	0	0	0	0	0
1428578650253684435	CPU_4	0	0	0	100.00	0	0	0	0	0	0
1428578650952723469	CPU_4	0	0	0	100.00	0	0	0	0	0	0
1428578651658987280	CPU_4	0	0	0	100.00	0	0	0	0	0	0
1428578652356531067	CPU_4	0	0	0	100.00	0	0	0	0	0	0
1428578653052212399	CPU_4	0	0	0	100.00	0	0	0	0	0	0
1428578653757555045	CPU_4	0	0	0	100.00	0	0	0	0	0	0
1428578654452803629	CPU_4	0	0	0	100.00	0	0	0	0	0	0
1428578655162767766	CPU_4	0	0	0	100.00	0	0	0	0	0	0
1428578655856418227	CPU_4	0	0	0	100.00	0	0	0	0	0	0
1428578656552469767	CPU_4	0	0	0	100.00	0	0	0	0	0	0
1428578657258226288	CPU_4	0	0	0	100.00	0	0	0	0	0	0
1428578657953465787	CPU_4	0	0	0	100.00	0	0	0	0	0	0
1428578658650244659	CPU_4	0	0	0	100.00	0	0	0	0	0	0
1428578659357941635	CPU_4	0	0	0	100.00	0	0	0	0	0	0
1428578660050822264	CPU_4	0	0	0	100.00	0	0	0	0	0	0
1428578660750362047	CPU_4	0	0	0	100.00	0	0	0	0	0	0
1428578661454551904	CPU_4	0	0	0	100.00	0	0	0	0	0	0
1428578662149800487	CPU_4	0	0	0	100.00	0	0	0	0	0	0
1428578662855505967	CPU_4	0	0	0	100.00	0	0	0	0	0	0
1428578663552067964	CPU_4	0	0	0	100.00	0	0	0	0	0	0
1428578664260128856	CPU_4	0	0	0	100.00	0	0	0	0	0	0
1428578664970795493	CPU_4	0	0	0	100.00	0	0	0	0	0	0
1428578665720517847	CPU_4	1.33	0	2.66	96.00	0	0	0	0	0	0
1428578666426753451	CPU_4	0	0	0	100.00	0	0	0	0	0	0
1428578667119747163	CPU_4	0	0	0	100.00	0	0	0	0	0	0
1428578667816247244	CPU_4	0	0	0	100.00	0	0	0	0	0	0
1428578668518007398	CPU_4	0	0	0	100.00	0	0	0	0	0	0
1428578669215310478	CPU_4	0	0	0	100.00	0	0	0	0	0	0
1428578669911052643	CPU_4	0	0	0	100.00	0	0	0	0	0	0
1428578670613584421	CPU_4	0	0	0	100.00	0	0	0	0	0	0
1428578671309337587	CPU_4	0	0	0	100.00	0	0	0	0	0	0
1428578672007312915	CPU_4	0	0	0	100.00	0	0	0	0	0	0
1428578672710174984	CPU_4	0	0	0	100.00	0	0	0	0	0	0
1428578673406055233	CPU_4	0	0	0	100.00	0	0	0	0	0	0
1428578674110806256	CPU_4	0	0	0	100.00	0	0	0	0	0	0
1428578674807752337	CPU_4	0	0	0	100.00	0	0	0	0	0	0
1428578675502180214	CPU_4	0	0	0	100.00	0	0	0	0	0	0
1428578676207006195	CPU_4	0	0	0	100.00	0	0	0	0	0	0
1428578676901979321	CPU_4	0	0	0	100.00	0	0	0	0	0	0
1428578677598265986	CPU_4	0	0	0	100.00	0	0	0	0	0	0
1428578678302266470	CPU_4	0	0	0	100.00	0	0	0	0	0	0
1428578678998086886	CPU_4	0	0	0	100.00	0	0	0	0	0	0
1428578679698730292	CPU_4	0	0	0	100.00	0	0	0	0	0	0
1428578680403361566	CPU_4	0	0	0	100.00	0	0	0	0	0	0
1428578681098931316	CPU_4	0	0	0	100.00	0	0	0	0	0	0
1428578681805794253	CPU_4	0	0	0	100.00	0	0	0	0	0	0
1428578682500661921	CPU_4	0	0	0	100.00	0	0	0	0	0	0
1428578683197656668	CPU_4	0	0	0	100.00	0	0	0	0	0	0
1428578683908573222	CPU_4	0	0	0	100.00	0	0	0	0	0	0
1428578684603390973	CPU_4	0	0	0	100.00	0	0	0	0	0	0
1428578685301171052	CPU_4	0	0	0	100.00	0	0	0	0	0	0
1428578686008557446	CPU_4	0	0	0	100.00	0	0	0	0	0	0
1428578686704211529	CPU_4	0	0	0	100.00	0	0	0	0	0	0
1428578687402159275	CPU_4	0	0	0	100.00	0	0	0	0	0	0
1428578688110124834	CPU_4	0	0	0	100.00	0	0	0	0	0	0
1428578688807142373	CPU_4	0	0	0	100.00	0	0	0	0	0	0
1428578689512725104	CPU_4	0	0	0	100.00	0	0	0	0	0	0
1428578690212268222	CPU_4	0	0	0	100.00	0	0	0	0	0	0
1428578690908692137	CPU_4	0	0	0	100.00	0	0	0	0	0	0
1428578691618822359	CPU_4	0	0	0	100.00	0	0	0	0	0	0
1428578692316997313	CPU_4	0	0	0	100.00	0	0	0	0	0	0
1428578693014346393	CPU_4	0	0	0	100.00	0	0	0	0	0	0
1428578693721303413	CPU_4	0	0	0	100.00	0	0	0	0	0	0
1428578694419407075	CPU_4	0	0	0	100.00	0	0	0	0	0	0
1428578695132464875	CPU_4	0	0	0	100.00	0	0	0	0	0	0
1428578695831702119	CPU_4	0	0	0	100.00	0	0	0	0	0	0
1428578696526945328	CPU_4	0	0	0	100.00	0	0	0	0	0	0
1428578697235071429	CPU_4	0	0	0	100.00	0	0	0	0	0	0
1428578697931139471	CPU_4	0	0	0	100.00	0	0	0	0	0	0
1428578698627190512	CPU_4	0	0	0	100.00	0	0	0	0	0	0
1428578699334804031	CPU_4	0	0	0	100.00	0	0	0	0	0	0
1428578700032955860	CPU_4	0	0	0	100.00	0	0	0	0	0	0
1428578700729399775	CPU_4	0	0	0	100.00	0	0	0	0	0	0
1428578701437220877	CPU_4	0	0	0	100.00	0	0	0	0	0	0
1428578702134072334	CPU_4	0	0	0	100.00	0	0	0	0	0	0
1428578702839277941	CPU_4	0	0	0	100.00	0	0	0	0	0	0
1428578703535293941	CPU_4	0	0	0	100.00	0	0	0	0	0	0
1428578704233495520	CPU_4	0	0	0	100.00	0	0	0	0	0	0
1428578704937597921	CPU_4	0	0	0	100.00	0	0	0	0	0	0
1428578705636556082	CPU_4	0	0	0	100.00	0	0	0	0	0	0
1428578706334323661	CPU_4	0	0	0	100.00	0	0	0	0	0	0
1428578707039494935	CPU_4	0	0	0	100.00	0	0	0	0	0	0
1428578707735492935	CPU_4	0	0	0	100.00	0	0	0	0	0	0
1428578708437912715	CPU_4	0	0	0	100.00	0	0	0	0	0	0
1428578709138149373	CPU_4	0	0	0	100.00	0	0	0	0	0	0
1428578709836241536	CPU_4	0	0	0	100.00	0	0	0	0	0	0
1428578710542584308	CPU_4	0	0	0	100.00	0	0	0	0	0	0
1428578711238398433	CPU_4	0	0	0	100.00	0	0	0	0	0	0
1428578711935824472	CPU_4	0	0	0	100.00	0	0	0	0	0	0
1428578712644285865	CPU_4	0	0	0	100.00	0	0	0	0	0	0
1428578713347869559	CPU_4	0	0	0	100.00	0	0	0	0	0	0
1428578714046572888	CPU_4	0	0	0	100.00	0	0	0	0	0	0
1428578714753127785	CPU_4	0	0	0	100.00	0	0	0	0	0	0
1428578715449753158	CPU_4	0	0	0	100.00	0	0	0	0	0	0
1428578716155023099	CPU_4	0	0	0	100.00	0	0	0	0	0	0
1428578716855291175	CPU_4	0	0	0	100.00	0	0	0	0	0	0
1428578717551160259	CPU_4	0	0	0	100.00	0	0	0	0	0	0
1428578718257793030	CPU_4	0	0	0	100.00	0	0	0	0	0	0
1428578718962668180	CPU_4	0	0	0	100.00	0	0	0	0	0	0
1428578719660550636	CPU_4	0	0	0	100.00	0	0	0	0	0	0
1428578720368039156	CPU_4	0	0	0	100.00	0	0	0	0	0	0
1428578721065390112	CPU_4	0	0	0	100.00	0	0	0	0	0	0
1428578721793064510	CPU_4	0	0	0	100.00	0	0	0	0	0	0
1428578722492430504	CPU_4	0	0	0	100.00	0	0	0	0	0	0
1428578723190263001	CPU_4	0	0	0	100.00	0	0	0	0	0	0
1428578723897487105	CPU_4	0	0	0	100.00	0	0	0	0	0	0
1428578724594702228	CPU_4	0	0	0	100.00	0	0	0	0	0	0
1428578725292559809	CPU_4	0	0	0	100.00	0	0	0	0	0	0
1428578726000677411	CPU_4	0	0	0	100.00	0	0	0	0	0	0
1428578726699500781	CPU_4	0	0	0	100.00	0	0	0	0	0	0
1428578727395885032	CPU_4	0	0	0	100.00	0	0	0	0	0	0
1428578728114917571	CPU_4	0	0	0	100.00	0	0	0	0	0	0
1428578728814003483	CPU_4	0	0	0	100.00	0	0	0	0	0	0
1428578729523254000	CPU_4	0	0	0	100.00	0	0	0	0	0	0
1428578730220499790	CPU_4	0	0	0	100.00	0	0	0	0	0	0
1428578730920635450	CPU_4	0	0	0	100.00	0	0	0	0	0	0
1428578731628830927	CPU_4	0	0	0	100.00	0	0	0	0	0	0
1428578732329103628	CPU_4	0	0	0	100.00	0	0	0	0	0	0
1428578733028262165	CPU_4	0	0	0	100.00	0	0	0	0	0	0
1428578733737356557	CPU_4	0	0	0	100.00	0	0	0	0	0	0
1428578734437258884	CPU_4	0	0	0	100.00	0	0	0	0	0	0
1428578735144640530	CPU_4	0	0	0	100.00	0	0	0	0	0	0
1428578735842845235	CPU_4	0	0	0	100.00	0	0	0	0	0	0
1428578736541398023	CPU_4	0	0	0	100.00	0	0	0	0	0	0
1428578737248552836	CPU_4	0	0	0	100.00	0	0	0	0	0	0
1428578737946917666	CPU_4	0	0	0	100.00	0	0	0	0	0	0
1428578738646170035	CPU_4	0	0	0	100.00	0	0	0	0	0	0
1428578739356755425	CPU_4	0	0	0	100.00	0	0	0	0	0	0
1428578740053369592	CPU_4	0	0	0	100.00	0	0	0	0	0	0
1428578740764716730	CPU_4	0	0	0	100.00	0	0	0	0	0	0
1428578741464806932	CPU_4	0	0	0	100.00	0	0	0	0	0	0
1428578742162960971	CPU_4	0	0	0	100.00	0	0	0	0	0	0
1428578742873317820	CPU_4	0	0	0	100.00	0	0	0	0	0	0
1428578743572545023	CPU_4	0	0	0	100.00	0	0	0	0	0	0
1428578744268318900	CPU_4	0	0	0	100.00	0	0	0	0	0	0
1428578744978733665	CPU_4	0	0	0	100.00	0	0	0	0	0	0
1428578745678855617	CPU_4	0	0	0	100.00	0	0	0	0	0	0
1428578746386992720	CPU_4	0	0	0	100.00	0	0	0	0	0	0
1428578747088524169	CPU_4	0	0	0	100.00	0	0	0	0	0	0
1428578747788180872	CPU_4	0	0	0	100.00	0	0	0	0	0	0
1428578748495564435	CPU_4	0	0	0	100.00	0	0	0	0	0	0
1428578749194064182	CPU_4	0	0	0	100.00	0	0	0	0	0	0
1428578749893025553	CPU_4	0	0	0	100.00	0	0	0	0	0	0
1428578750600774948	CPU_4	0	0	0	100.00	0	0	0	0	0	0
1428578751297357866	CPU_4	0	0	0	100.00	0	0	0	0	0	0
1428578751997381234	CPU_4	0	0	0	100.00	0	0	0	0	0	0
1428578752702228052	CPU_4	0	0	0	100.00	0	0	0	0	0	0
1428578753402192588	CPU_4	0	0	0	100.00	0	0	0	0	0	0
1428578754109159277	CPU_4	0	0	0	100.00	0	0	0	0	0	0
1428578754806169652	CPU_4	0	0	0	100.00	0	0	0	0	0	0
1428578755504633107	CPU_4	0	0	0	100.00	0	0	0	0	0	0
1428578756212950877	CPU_4	0	0	0	100.00	0	0	0	0	0	0
1428578756909144962	CPU_4	0	0	0	100.00	0	0	0	0	0	0
1428578757609515580	CPU_4	0	0	0	100.00	0	0	0	0	0	0
1428578758317473809	CPU_4	0	0	0	100.00	0	0	0	0	0	0
1428578759016477347	CPU_4	0	0	0	100.00	0	0	0	0	0	0
1428578759720324792	CPU_4	0	0	0	100.00	0	0	0	0	0	0
1428578760426398316	CPU_4	0	0	0	100.00	0	0	0	0	0	0
1428578761122145361	CPU_4	0	0	0	100.00	0	0	0	0	0	0
1428578761831350129	CPU_4	0	0	0	100.00	0	0	0	0	0	0
1428578762531241540	CPU_4	0	0	0	100.00	0	0	0	0	0	0
1428578763228112290	CPU_4	0	0	0	100.00	0	0	0	0	0	0
1428578763939074597	CPU_4	0	0	0	100.00	0	0	0	0	0	0
1428578764638732176	CPU_4	0	0	0	100.00	0	0	0	0	0	0
1428578765335248177	CPU_4	0	0	0	100.00	0	0	0	0	0	0
1428578766044833278	CPU_4	0	0	0	100.00	0	0	0	0	0	0
1428578766742994484	CPU_4	0	0	0	100.00	0	0	0	0	0	0
1428578767451308129	CPU_4	0	0	0	100.00	0	0	0	0	0	0
1428578768149304419	CPU_4	0	0	0	100.00	0	0	0	0	0	0
1428578768849945621	CPU_4	0	0	0	100.00	0	0	0	0	0	0
1428578769557053894	CPU_4	0	0	0	100.00	0	0	0	0	0	0
1428578770256574472	CPU_4	0	0	0	100.00	0	0	0	0	0	0
1428578770959466003	CPU_4	0	0	0	100.00	0	0	0	0	0	0
1428578771665776611	CPU_4	0	0	0	100.00	0	0	0	0	0	0
1428578772366139313	CPU_4	0	0	0	100.00	0	0	0	0	0	0
1428578773074833166	CPU_4	0	0	0	100.00	0	0	0	0	0	0
1428578773772251916	CPU_4	0	0	0	100.00	0	0	0	0	0	0
1428578774474976405	CPU_4	0	0	0	100.00	0	0	0	0	0	0
1428578775185406880	CPU_4	0	0	0	100.00	0	0	0	0	0	0
1428578775885543458	CPU_4	0	0	0	100.00	0	0	0	0	0	0
1428578776587415616	CPU_4	0	0	0	100.00	0	0	0	0	0	0
1428578777296928134	CPU_4	0	0	0	100.00	0	0	0	0	0	0
1428578777996885046	CPU_4	0	0	0	100.00	0	0	0	0	0	0
1428578778707035813	CPU_4	0	0	0	100.00	0	0	0	0	0	0
1428578779408407014	CPU_4	0	0	0	100.00	0	0	0	0	0	0
1428578780107599510	CPU_4	0	0	0	100.00	0	0	0	0	0	0
1428578780816768113	CPU_4	0	0	0	100.00	0	0	0	0	0	0
1428578781518527729	CPU_4	0	0	0	100.00	0	0	0	0	0	0
1428578782216440895	CPU_4	0	0	0	100.00	0	0	0	0	0	0
1428578782927149786	CPU_4	0	0	0	100.00	0	0	0	0	0	0
1428578783634409309	CPU_4	0	0	0	100.00	0	0	0	0	0	0
1428578784349895525	CPU_4	0	0	0	100.00	0	0	0	0	0	0
1428578785112372859	CPU_4	0	0	0	100.00	0	0	0	0	0	0
1428578785813312269	CPU_4	0	0	0	100.00	0	0	0	0	0	0
1428578786527435987	CPU_4	0	0	0	100.00	0	0	0	0	0	0
1428578787227064441	CPU_4	0	0	0	100.00	0	0	0	0	0	0
1428578787937751708	CPU_4	0	0	0	100.00	0	0	0	0	0	0
1428578788639865491	CPU_4	0	0	0	100.00	0	0	0	0	0	0
1428578789338312947	CPU_4	0	0	0	100.00	0	0	0	0	0	0
1428578790052655832	CPU_4	0	0	0	100.00	0	0	0	0	0	0
1428578790752009412	CPU_4	0	0	0	100.00	0	0	0	0	0	0
1428578791451914241	CPU_4	0	0	0	100.00	0	0	0	0	0	0
1428578792160462136	CPU_4	0	0	0	100.00	0	0	0	0	0	0
1428578792861759088	CPU_4	0	0	0	100.00	0	0	0	0	0	0
1428578793571870022	CPU_4	0	0	0	100.00	0	0	0	0	0	0
1428578794273181848	CPU_4	0	0	0	100.00	0	0	0	0	0	0
1428578794974549966	CPU_4	0	0	0	100.00	0	0	0	0	0	0
1428578795683133487	CPU_4	0	0	0	100.00	0	0	0	0	0	0
1428578796382253026	CPU_4	0	0	0	100.00	0	0	0	0	0	0
1428578797088226010	CPU_4	0	0	0	100.00	0	0	0	0	0	0
1428578797794943659	CPU_4	0	0	0	100.00	0	0	0	0	0	0
1428578798498221440	CPU_4	0	0	0	100.00	0	0	0	0	0	0
1428578799212165451	CPU_4	0	0	0	100.00	0	0	0	0	0	0
1428578799912312280	CPU_4	0	0	0	100.00	0	0	0	0	0	0
1428578800614374647	CPU_4	0	0	0	100.00	0	0	0	0	0	0
1428578801325840204	CPU_4	0	0	0	100.00	0	0	0	0	0	0
1428578802023468121	CPU_4	0	0	0	100.00	0	0	0	0	0	0
1428578802724079574	CPU_4	0	0	0	100.00	0	0	0	0	0	0
1428578803434449466	CPU_4	0	0	0	100.00	0	0	0	0	0	0
1428578804138293330	CPU_4	0	0	0	100.00	0	0	0	0	0	0
1428578804854834002	CPU_4	0	0	0	100.00	0	0	0	0	0	0
1428578805556363120	CPU_4	0	0	0	100.00	0	0	0	0	0	0
1428578806253729871	CPU_4	0	0	0	100.00	0	0	0	0	0	0
1428578806966012010	CPU_4	0	0	0	100.00	0	0	0	0	0	0
1428578807666114964	CPU_4	0	0	0	100.00	0	0	0	0	0	0
1428578808364702713	CPU_4	0	0	0	100.00	0	0	0	0	0	0
1428578809074203483	CPU_4	0	0	0	100.00	0	0	0	0	0	0
1428578809775836017	CPU_4	0	0	0	100.00	0	0	0	0	0	0
1428578810481018962	CPU_4	0	0	0	100.00	0	0	0	0	0	0
1428578811186349198	CPU_4	0	0	0	100.00	0	0	0	0	0	0
1428578811887051901	CPU_4	0	0	0	100.00	0	0	0	0	0	0
1428578812598141917	CPU_4	0	0	0	100.00	0	0	0	0	0	0
1428578813297996622	CPU_4	0	0	0	100.00	0	0	0	0	0	0
1428578813999683282	CPU_4	0	0	0	100.00	0	0	0	0	0	0
1428578814708593386	CPU_4	0	0	0	100.00	0	0	0	0	0	0
1428578815410433920	CPU_4	0	0	0	100.00	0	0	0	0	0	0
1428578816123072267	CPU_4	0	0	0	100.00	0	0	0	0	0	0
1428578816827788796	CPU_4	0	0	0	100.00	0	0	0	0	0	0
1428578817529054249	CPU_4	0	0	0	100.00	0	0	0	0	0	0
1428578818239637016	CPU_4	0	0	0	100.00	0	0	0	0	0	0
1428578818938825098	CPU_4	0	0	0	100.00	0	0	0	0	0	0
1428578819640990048	CPU_4	0	0	0	100.00	0	0	0	0	0	0
1428578820351577066	CPU_4	0	0	0	100.00	0	0	0	0	0	0
1428578821056982927	CPU_4	0	0	0	100.00	0	0	0	0	0	0
1428578821768304569	CPU_4	0	0	0	100.00	0	0	0	0	0	0
1428578822475316843	CPU_4	0	0	0	100.00	0	0	0	0	0	0
1428578823176901420	CPU_4	0	0	0	100.00	0	0	0	0	0	0
1428578823889224852	CPU_4	0	0	0	100.00	0	0	0	0	0	0
1428578824592783466	CPU_4	0	0	0	100.00	0	0	0	0	0	0
1428578825295548333	CPU_4	0	0	0	100.00	0	0	0	0	0	0
1428578826007253307	CPU_4	0	0	0	100.00	0	0	0	0	0	0
1428578826711176296	CPU_4	0	0	0	100.00	0	0	0	0	0	0
1428578827428558426	CPU_4	0	0	0	100.00	0	0	0	0	0	0
1428578828129309047	CPU_4	0	0	0	100.00	0	0	0	0	0	0
1428578828831790664	CPU_4	0	0	0	100.00	0	0	0	0	0	0
1428578829544664344	CPU_4	0	0	0	100.00	0	0	0	0	0	0
1428578830244658216	CPU_4	0	0	0	100.00	0	0	0	0	0	0
1428578830947351791	CPU_4	0	0	0	100.00	0	0	0	0	0	0
1428578831658020559	CPU_4	0	0	0	100.00	0	0	0	0	0	0
1428578832358961387	CPU_4	0	0	0	100.00	0	0	0	0	0	0
1428578833073047024	CPU_4	0	0	0	100.00	0	0	0	0	0	0
1428578833775855682	CPU_4	0	0	0	100.00	0	0	0	0	0	0
1428578834475933887	CPU_4	0	0	0	100.00	0	0	0	0	0	0
1428578835187590987	CPU_4	0	0	0	100.00	0	0	0	0	0	0
1428578835889418272	CPU_4	0	0	0	100.00	0	0	0	0	0	0
1428578836591369640	CPU_4	0	0	0	100.00	0	0	0	0	0	0
1428578837303847947	CPU_4	0	0	0	100.00	0	0	0	0	0	0
1428578838007640312	CPU_4	0	0	0	100.00	0	0	0	0	0	0
1428578838716627125	CPU_4	0	0	0	100.00	0	0	0	0	0	0
1428578839422983777	CPU_4	0	0	0	100.00	0	0	0	0	0	0
1428578840124060563	CPU_4	0	0	0	100.00	0	0	0	0	0	0
1428578840833316459	CPU_4	0	0	0	100.00	0	0	0	0	0	0
1428578841534578996	CPU_4	0	0	0	100.00	0	0	0	0	0	0
1428578842235852116	CPU_4	0	0	0	100.00	0	0	0	0	0	0
1428578842943996264	CPU_4	0	0	0	100.00	0	0	0	0	0	0
1428578843646713964	CPU_4	0	0	0	100.00	0	0	0	0	0	0
1428578844352621867	CPU_4	0	0	0	100.00	0	0	0	0	0	0
1428578845057330230	CPU_4	0	0	0	100.00	0	0	0	0	0	0
1428578845757441186	CPU_4	0	0	0	100.00	0	0	0	0	0	0
1428578846469224119	CPU_4	0	0	0	100.00	0	0	0	0	0	0
1428578847168401118	CPU_4	0	0	0	100.00	0	0	0	0	0	0
1428578847871262860	CPU_4	0	0	0	100.00	0	0	0	0	0	0
1428578848582252795	CPU_4	0	0	0	100.00	0	0	0	0	0	0
1428578849282359917	CPU_4	0	0	0	100.00	0	0	0	0	0	0
1428578849986089949	CPU_4	0	0	0	100.00	0	0	0	0	0	0
1428578850696656551	CPU_4	0	0	0	100.00	0	0	0	0	0	0
1428578851396148300	CPU_4	0	0	0	100.00	0	0	0	0	0	0
1428578852109370064	CPU_4	0	0	0	100.00	0	0	0	0	0	0
1428578852809297436	CPU_4	0	0	0	100.00	0	0	0	0	0	0
1428578853510661640	CPU_4	0	0	0	100.00	0	0	0	0	0	0
1428578854219810828	CPU_4	0	0	0	100.00	0	0	0	0	0	0
1428578854922563612	CPU_4	0	0	0	100.00	0	0	0	0	0	0
1428578855623489025	CPU_4	0	0	0	100.00	0	0	0	0	0	0
1428578856333163462	CPU_4	0	0	0	100.00	0	0	0	0	0	0
1428578857034636166	CPU_4	0	0	0	100.00	0	0	0	0	0	0
1428578857747181306	CPU_4	0	0	0	100.00	0	0	0	0	0	0
1428578858447271095	CPU_4	0	0	0	100.00	0	0	0	0	0	0
1428578859151498919	CPU_4	0	0	0	100.00	0	0	0	0	0	0
1428578859863755976	CPU_4	0	0	0	100.00	0	0	0	0	0	0
1428578860565383929	CPU_4	0	0	0	100.00	0	0	0	0	0	0
1428578861270151127	CPU_4	0	0	0	100.00	0	0	0	0	0	0
1428578861979834314	CPU_4	0	0	0	100.00	0	0	0	0	0	0
1428578862681619725	CPU_4	0	0	0	100.00	0	0	0	0	0	0
1428578863393380118	CPU_4	0	0	0	100.00	0	0	0	0	0	0
1428578864096492401	CPU_4	0	0	0	100.00	0	0	0	0	0	0
1428578864796789190	CPU_4	0	0	0	100.00	0	0	0	0	0	0
1428578865508009167	CPU_4	0	0	0	100.00	0	0	0	0	0	0
1428578866211789658	CPU_4	0	0	0	100.00	0	0	0	0	0	0
1428578866925494463	CPU_4	0	0	0	100.00	0	0	0	0	0	0
1428578867630114286	CPU_4	0	0	0	100.00	0	0	0	0	0	0
1428578868333414528	CPU_4	0	0	0	100.00	0	0	0	0	0	0
1428578869047685082	CPU_4	0	0	0	100.00	0	0	0	0	0	0
1428578869750533325	CPU_4	0	0	0	100.00	0	0	0	0	0	0
1428578870453141693	CPU_4	0	0	0	100.00	0	0	0	0	0	0
1428578871164396461	CPU_4	0	0	0	100.00	0	0	0	0	0	0
1428578871867850286	CPU_4	0	0	0	100.00	0	0	0	0	0	0
1428578872582619840	CPU_4	0	0	0	100.00	0	0	0	0	0	0
1428578873284083335	CPU_4	0	0	0	100.00	0	0	0	0	0	0
1428578873987218703	CPU_4	0	0	0	100.00	0	0	0	0	0	0
1428578874702939129	CPU_4	0	0	0	100.00	0	0	0	0	0	0
1428578875402769461	CPU_4	0	0	0	100.00	0	0	0	0	0	0
1428578876105915787	CPU_4	0	0	0	100.00	0	0	0	0	0	0
1428578876818810219	CPU_4	0	0	0	100.00	0	0	0	0	0	0
1428578877520088049	CPU_4	0	0	0	100.00	0	0	0	0	0	0
1428578878232551107	CPU_4	0	0	0	100.00	0	0	0	0	0	0
1428578878935858266	CPU_4	0	0	0	100.00	0	0	0	0	0	0
1428578879639131466	CPU_4	0	0	0	100.00	0	0	0	0	0	0
1428578880352002190	CPU_4	0	0	0	100.00	0	0	0	0	0	0
1428578881053492228	CPU_4	0	0	0	100.00	0	0	0	0	0	0
1428578881763300916	CPU_4	0	0	0	100.00	0	0	0	0	0	0
1428578882472657063	CPU_4	0	0	0	100.00	0	0	0	0	0	0
1428578883177161928	CPU_4	0	0	0	100.00	0	0	0	0	0	0
1428578883888350364	CPU_4	0	0	0	100.00	0	0	0	0	0	0
1428578884592181022	CPU_4	0	0	0	100.00	0	0	0	0	0	0
1428578885294295683	CPU_4	0	0	0	100.00	0	0	0	0	0	0
1428578886007486115	CPU_4	0	0	0	100.00	0	0	0	0	0	0
1428578886708544987	CPU_4	0	0	0	100.00	0	0	0	0	0	0
1428578887412511978	CPU_4	0	0	0	100.00	0	0	0	0	0	0
1428578888122514750	CPU_4	0	0	0	100.00	0	0	0	0	0	0
1428578888824664661	CPU_4	0	0	0	100.00	0	0	0	0	0	0
1428578889534846057	CPU_4	0	0	0	100.00	0	0	0	0	0	0
1428578890238093175	CPU_4	0	0	0	100.00	0	0	0	0	0	0
1428578890937685425	CPU_4	0	0	0	100.00	0	0	0	0	0	0
1428578891651614606	CPU_4	0	0	0	100.00	0	0	0	0	0	0
1428578892352035520	CPU_4	0	0	0	100.00	0	0	0	0	0	0
1428578893057946425	CPU_4	0	0	0	100.00	0	0	0	0	0	0
1428578893767418947	CPU_4	0	0	0	100.00	0	0	0	0	0	0
1428578894470944023	CPU_4	0	0	0	100.00	0	0	0	0	0	0
1428578895184833621	CPU_4	0	0	0	100.00	0	0	0	0	0	0
1428578895887210782	CPU_4	0	0	0	100.00	0	0	0	0	0	0
1428578896590064984	CPU_4	0	0	0	100.00	0	0	0	0	0	0
1428578897300493838	CPU_4	0	0	0	100.00	0	0	0	0	0	0
1428578898001782043	CPU_4	0	0	0	100.00	0	0	0	0	0	0
1428578898711425066	CPU_4	0	0	0	100.00	0	0	0	0	0	0
1428578899415218975	CPU_4	0	0	0	100.00	0	0	0	0	0	0
1428578900120205756	CPU_4	0	0	0	100.00	0	0	0	0	0	0
1428578900831543275	CPU_4	0	0	0	100.00	0	0	0	0	0	0
1428578901535616558	CPU_4	0	0	0	100.00	0	0	0	0	0	0
1428578902239763883	CPU_4	0	0	0	100.00	0	0	0	0	0	0
1428578902953160232	CPU_4	0	0	0	100.00	0	0	0	0	0	0
1428578903670224824	CPU_4	0	0	0	100.00	0	0	0	0	0	0
1428578904392495948	CPU_4	0	0	0	100.00	0	0	0	0	0	0
1428578905165902599	CPU_4	0	0	0	100.00	0	0	0	0	0	0
1428578905869470258	CPU_4	0	0	0	100.00	0	0	0	0	0	0
1428578906580257487	CPU_4	0	0	0	100.00	0	0	0	0	0	0
1428578907281671734	CPU_4	0	0	0	100.00	0	0	0	0	0	0
1428578907993180086	CPU_4	0	0	0	100.00	0	0	0	0	0	0
1428578908697522994	CPU_4	0	0	0	100.00	0	0	0	0	0	0
1428578909399343532	CPU_4	0	0	0	100.00	0	0	0	0	0	0
1428578910111681300	CPU_4	0	0	0	100.00	0	0	0	0	0	0
1428578910815482417	CPU_4	0	0	0	100.00	0	0	0	0	0	0
1428578911518284078	CPU_4	0	0	0	100.00	0	0	0	0	0	0
1428578912230371430	CPU_4	0	0	0	100.00	0	0	0	0	0	0
1428578912934578838	CPU_4	0	0	0	100.00	0	0	0	0	0	0
1428578913648590686	CPU_4	0	0	0	100.00	0	0	0	0	0	0
1428578914353057844	CPU_4	0	0	0	100.00	0	0	0	0	0	0
1428578915058190793	CPU_4	0	0	0	100.00	0	0	0	0	0	0
1428578915770615852	CPU_4	0	0	0	100.00	0	0	0	0	0	0
1428578916474133137	CPU_4	0	0	0	100.00	0	0	0	0	0	0
1428578917191519437	CPU_4	0	0	0	100.00	0	0	0	0	0	0
1428578917893447641	CPU_4	0	0	0	100.00	0	0	0	0	0	0
1428578918597391551	CPU_4	0	0	0	100.00	0	0	0	0	0	0
1428578919311991439	CPU_4	0	0	0	100.00	0	0	0	0	0	0
1428578920017957511	CPU_4	0	0	0	100.00	0	0	0	0	0	0
1428578920721341505	CPU_4	0	0	0	100.00	0	0	0	0	0	0
1428578921436755850	CPU_4	0	0	0	100.00	0	0	0	0	0	0
1428578922143282880	CPU_4	0	0	0	100.00	0	0	0	0	0	0
1428578922856161230	CPU_4	0	0	0	100.00	0	0	0	0	0	0
1428578923559556974	CPU_4	0	0	0	100.00	0	0	0	0	0	0
1428578924266041920	CPU_4	0	0	0	100.00	0	0	0	0	0	0
1428578924979438186	CPU_4	0	0	0	100.00	0	0	0	0	0	0
1428578925687152630	CPU_4	0	0	0	100.00	0	0	0	0	0	0
1428578926401463936	CPU_4	0	0	0	100.00	0	0	0	0	0	0
1428578927107542050	CPU_4	0	0	0	100.00	0	0	0	0	0	0
1428578927813219456	CPU_4	0	0	0	100.00	0	0	0	0	0	0
1428578928527810345	CPU_4	0	0	0	100.00	0	0	0	0	0	0
1428578929231286380	CPU_4	0	0	0	100.00	0	0	0	0	0	0
1428578929935475331	CPU_4	0	0	0	100.00	0	0	0	0	0	0
1428578930651906008	CPU_4	0	0	0	100.00	0	0	0	0	0	0
1428578931357798664	CPU_4	0	0	0	100.00	0	0	0	0	0	0
1428578932071673097	CPU_4	0	0	0	100.00	0	0	0	0	0	0
1428578932777206253	CPU_4	0	0	0	100.00	0	0	0	0	0	0
1428578933483742033	CPU_4	0	0	0	100.00	0	0	0	0	0	0
1428578934197114674	CPU_4	0	0	0	100.00	0	0	0	0	0	0
1428578934902697498	CPU_4	0	0	0	100.00	0	0	0	0	0	0
1428578935607683822	CPU_4	0	0	0	100.00	0	0	0	0	0	0
1428578936321870670	CPU_4	0	0	0	100.00	0	0	0	0	0	0
1428578937027571035	CPU_4	0	0	0	100.00	0	0	0	0	0	0
1428578937742513674	CPU_4	0	0	0	100.00	0	0	0	0	0	0
1428578938447393499	CPU_4	0	0	0	100.00	0	0	0	0	0	0
1428578939153183030	CPU_4	0	0	0	100.00	0	0	0	0	0	0
1428578939868906876	CPU_4	0	0	0	100.00	0	0	0	0	0	0
1428578940571585621	CPU_4	0	0	0	100.00	0	0	0	0	0	0
1428578941283492516	CPU_4	0	0	0	100.00	0	0	0	0	0	0
1428578941992805499	CPU_4	0	0	0	100.00	0	0	0	0	0	0
1428578942698935446	CPU_4	0	0	0	100.00	0	0	0	0	0	0
1428578943411892839	CPU_4	0	0	0	100.00	0	0	0	0	0	0
1428578944116008999	CPU_4	0	0	0	100.00	0	0	0	0	0	0
1428578944823488610	CPU_4	0	0	0	100.00	0	0	0	0	0	0
1428578945536550211	CPU_4	0	0	0	100.00	0	0	0	0	0	0
1428578946241350411	CPU_4	0	0	0	100.00	0	0	0	0	0	0
1428578946955979509	CPU_4	0	0	0	100.00	0	0	0	0	0	0
1428578947658473255	CPU_4	0	0	0	100.00	0	0	0	0	0	0
1428578948364660703	CPU_4	0	0	0	100.00	0	0	0	0	0	0
1428578949081054048	CPU_4	0	0	0	100.00	0	0	0	0	0	0
1428578949784411251	CPU_4	0	0	0	100.00	0	0	0	0	0	0
1428578950488538952	CPU_4	0	0	0	100.00	0	0	0	0	0	0
1428578951203271759	CPU_4	0	0	0	100.00	0	0	0	0	0	0
1428578951906023963	CPU_4	0	0	0	100.00	0	0	0	0	0	0
1428578952619643105	CPU_4	0	0	0	100.00	0	0	0	0	0	0
1428578953324645513	CPU_4	0	0	0	100.00	0	0	0	0	0	0
1428578954027892008	CPU_4	0	0	0	100.00	0	0	0	0	0	0
1428578954742388606	CPU_4	0	0	0	100.00	0	0	0	0	0	0
1428578955446770058	CPU_4	0	0	0	100.00	0	0	0	0	0	0
1428578956154539169	CPU_4	0	0	0	100.00	0	0	0	0	0	0
1428578956864864109	CPU_4	0	0	0	100.00	0	0	0	0	0	0
1428578957569849142	CPU_4	0	0	0	100.00	0	0	0	0	0	0
1428578958288050109	CPU_4	0	0	0	100.00	0	0	0	0	0	0
1428578958992503685	CPU_4	0	0	0	100.00	0	0	0	0	0	0
1428578959698865549	CPU_4	0	0	0	100.00	0	0	0	0	0	0
1428578960412552983	CPU_4	0	0	0	100.00	0	0	0	0	0	0
1428578961115376854	CPU_4	0	0	0	100.00	0	0	0	0	0	0
1428578961831369283	CPU_4	0	0	0	100.00	0	0	0	0	0	0
1428578962537332732	CPU_4	0	0	0	100.00	0	0	0	0	0	0
1428578963243187014	CPU_4	0	0	0	100.00	0	0	0	0	0	0
1428578963956645156	CPU_4	0	0	0	100.00	0	0	0	0	0	0
1428578964661253691	CPU_4	0	0	0	100.00	0	0	0	0	0	0
1428578965365603892	CPU_4	0	0	0	100.00	0	0	0	0	0	0
1428578966079213785	CPU_4	0	0	0	100.00	0	0	0	0	0	0
1428578966784749734	CPU_4	0	0	0	100.00	0	0	0	0	0	0
1428578967498150002	CPU_4	0	0	0	100.00	0	0	0	0	0	0
1428578968203157286	CPU_4	0	0	0	100.00	0	0	0	0	0	0
1428578968915473597	CPU_4	0	0	0	100.00	0	0	0	0	0	0
1428578969630853278	CPU_4	0	0	0	100.00	0	0	0	0	0	0
1428578970334966022	CPU_4	0	0	0	100.00	0	0	0	0	0	0
1428578971050268495	CPU_4	0	0	0	100.00	0	0	0	0	0	0
1428578971756470901	CPU_4	0	0	0	100.00	0	0	0	0	0	0
1428578972458705440	CPU_4	0	0	0	100.00	0	0	0	0	0	0
1428578973172786832	CPU_4	0	0	0	100.00	0	0	0	0	0	0
1428578973880524402	CPU_4	0	0	0	100.00	0	0	0	0	0	0
1428578974583409566	CPU_4	0	0	0	100.00	0	0	0	0	0	0
1428578975298835746	CPU_4	0	0	0	100.00	0	0	0	0	0	0
1428578976004123613	CPU_4	0	0	0	100.00	0	0	0	0	0	0
1428578976716058801	CPU_4	0	0	0	100.00	0	0	0	0	0	0
1428578977421165001	CPU_4	0	0	0	100.00	0	0	0	0	0	0
1428578978125450454	CPU_4	0	0	0	100.00	0	0	0	0	0	0
1428578978841128384	CPU_4	0	0	0	100.00	0	0	0	0	0	0
1428578979548065206	CPU_4	0	0	0	100.00	0	0	0	0	0	0
1428578980272860411	CPU_4	0	0	0	100.00	0	0	0	0	0	0
1428578980981935479	CPU_4	0	0	0	100.00	0	0	0	0	0	0
1428578981685330225	CPU_4	0	0	0	100.00	0	0	0	0	0	0
1428578982401656279	CPU_4	0	0	0	100.00	0	0	0	0	0	0
1428578983109055684	CPU_4	0	0	0	100.00	0	0	0	0	0	0
1428578983813785094	CPU_4	0	0	0	100.00	0	0	0	0	0	0
1428578984529483775	CPU_4	0	0	0	100.00	0	0	0	0	0	0
1428578985235443474	CPU_4	0	0	0	100.00	0	0	0	0	0	0
1428578985949547991	CPU_4	0	0	0	100.00	0	0	0	0	0	0
1428578986655011233	CPU_4	0	0	0	100.00	0	0	0	0	0	0
1428578987373993116	CPU_4	0	0	1.36	98.63	0	0	0	0	0	0
