#Timestamp	CPU_ID	user%	nice%	sys%	idle%	iowait%	irq%	softiq%	steal%	guest%	guest_nice%
1428517583007146897	CPU_4	88.13	0	6.77	5.08	0	0	0	0	0	0
1428517583706831781	CPU_4	100.00	0	0	0	0	0	0	0	0	0
1428517584415659401	CPU_4	98.61	0	0	0	0	1.38	0	0	0	0
1428517585181583434	CPU_4	98.68	0	0	0	0	0	1.31	0	0	0
1428517585872097916	CPU_4	98.57	0	0	0	0	1.42	0	0	0	0
1428517586585389779	CPU_4	100.00	0	0	0	0	0	0	0	0	0
1428517587275980469	CPU_4	98.57	0	0	0	0	1.42	0	0	0	0
1428517587975431395	CPU_4	98.55	0	0	0	0	0	1.44	0	0	0
1428517588674596197	CPU_4	98.59	0	0	0	0	1.40	0	0	0	0
1428517589363083056	CPU_4	100.00	0	0	0	0	0	0	0	0	0
1428517590065913519	CPU_4	98.59	0	0	0	0	1.40	0	0	0	0
1428517590756970166	CPU_4	98.55	0	0	0	0	0	1.44	0	0	0
1428517591447632022	CPU_4	98.57	0	0	0	0	1.42	0	0	0	0
1428517592148415113	CPU_4	100.00	0	0	0	0	0	0	0	0	0
1428517592842766755	CPU_4	100.00	0	0	0	0	0	0	0	0	0
1428517593534688484	CPU_4	98.57	0	0	0	0	1.42	0	0	0	0
1428517594238149820	CPU_4	98.57	0	0	0	0	0	1.42	0	0	0
1428517594929886591	CPU_4	98.57	0	0	0	0	1.42	0	0	0	0
1428517595623564776	CPU_4	100.00	0	0	0	0	0	0	0	0	0
1428517596327090112	CPU_4	98.59	0	0	0	0	1.40	0	0	0	0
1428517597020008631	CPU_4	98.55	0	0	0	0	0	1.44	0	0	0
1428517597722320136	CPU_4	98.59	0	0	0	0	1.40	0	0	0	0
1428517598424105558	CPU_4	100.00	0	0	0	0	0	0	0	0	0
1428517599117075327	CPU_4	98.57	0	0	0	0	1.42	0	0	0	0
1428517599821351454	CPU_4	98.59	0	0	0	0	0	1.40	0	0	0
1428517600516261803	CPU_4	100.00	0	0	0	0	0	0	0	0	0
1428517601208768114	CPU_4	98.55	0	0	0	0	1.44	0	0	0	0
1428517601912722699	CPU_4	100.00	0	0	0	0	0	0	0	0	0
1428517602609620129	CPU_4	97.18	0	0	0	0	1.40	1.40	0	0	0
1428517603302712939	CPU_4	100.00	0	0	0	0	0	0	0	0	0
1428517604007850897	CPU_4	98.59	0	0	0	0	1.40	0	0	0	0
1428517604706027075	CPU_4	100.00	0	0	0	0	0	0	0	0	0
1428517605402372380	CPU_4	97.18	0	0	0	0	1.40	1.40	0	0	0
1428517606106334007	CPU_4	100.00	0	0	0	0	0	0	0	0	0
1428517606800314690	CPU_4	98.55	0	0	0	0	1.44	0	0	0	0
1428517607504472483	CPU_4	100.00	0	0	0	0	0	0	0	0	0
1428517608200847538	CPU_4	98.57	0	0	0	0	0	1.42	0	0	0
1428517608894085473	CPU_4	98.57	0	0	0	0	1.42	0	0	0	0
1428517609599942597	CPU_4	100.00	0	0	0	0	0	0	0	0	0
1428517610295235695	CPU_4	98.57	0	0	0	0	1.42	0	0	0	0
1428517610989505961	CPU_4	100.00	0	0	0	0	0	0	0	0	0
1428517611696510416	CPU_4	97.18	0	0	0	0	1.40	1.40	0	0	0
1428517612391853848	CPU_4	100.00	0	0	0	0	0	0	0	0	0
1428517613086594572	CPU_4	98.57	0	0	0	0	1.42	0	0	0	0
1428517613791036197	CPU_4	100.00	0	0	0	0	0	0	0	0	0
1428517614485869671	CPU_4	97.14	0	0	0	0	1.42	1.42	0	0	0
1428517615188963507	CPU_4	100.00	0	0	0	0	0	0	0	0	0
1428517615885613686	CPU_4	100.00	0	0	0	0	0	0	0	0	0
1428517616586775192	CPU_4	98.59	0	0	0	0	1.40	0	0	0	0
1428517617291252609	CPU_4	98.57	0	0	0	0	0	1.42	0	0	0
1428517617986925581	CPU_4	98.57	0	0	0	0	1.42	0	0	0	0
1428517618687388796	CPU_4	100.00	0	0	0	0	0	0	0	0	0
1428517619393579294	CPU_4	98.61	0	0	0	0	1.38	0	0	0	0
1428517620091293971	CPU_4	98.55	0	0	0	0	0	1.44	0	0	0
1428517620787091276	CPU_4	98.57	0	0	0	0	1.42	0	0	0	0
1428517621493437149	CPU_4	100.00	0	0	0	0	0	0	0	0	0
1428517622189771245	CPU_4	98.57	0	0	0	0	1.42	0	0	0	0
1428517622893248746	CPU_4	98.59	0	0	0	0	0	1.40	0	0	0
1428517623592350921	CPU_4	98.57	0	0	0	0	1.42	0	0	0	0
1428517624289409391	CPU_4	100.00	0	0	0	0	0	0	0	0	0
1428517624993407517	CPU_4	100.00	0	0	0	0	0	0	0	0	0
1428517625690525237	CPU_4	97.18	0	0	0	0	1.40	1.40	0	0	0
1428517626386564333	CPU_4	100.00	0	0	0	0	0	0	0	0	0
1428517627091778790	CPU_4	98.57	0	0	0	0	1.42	0	0	0	0
1428517627787832845	CPU_4	100.00	0	0	0	0	0	0	0	0	0
1428517628488153601	CPU_4	97.14	0	0	0	0	1.42	1.42	0	0	0
1428517629189037107	CPU_4	100.00	0	0	0	0	0	0	0	0	0
1428517629885526160	CPU_4	98.57	0	0	0	0	1.42	0	0	0	0
1428517630594986861	CPU_4	100.00	0	0	0	0	0	0	0	0	0
1428517631289938167	CPU_4	98.57	0	0	0	0	1.42	0	0	0	0
1428517631987242469	CPU_4	98.57	0	0	0	0	0	1.42	0	0	0
1428517632696388212	CPU_4	98.59	0	0	0	0	1.40	0	0	0	0
1428517633391156143	CPU_4	100.00	0	0	0	0	0	0	0	0	0
1428517634089575652	CPU_4	100.00	0	0	0	0	0	0	0	0	0
1428517634797604271	CPU_4	97.18	0	0	0	0	1.40	1.40	0	0	0
1428517635492814577	CPU_4	100.00	0	0	0	0	0	0	0	0	0
1428517636204750773	CPU_4	98.59	0	0	0	0	1.40	0	0	0	0
1428517636904601488	CPU_4	100.00	0	0	0	0	0	0	0	0	0
1428517637600280085	CPU_4	97.18	0	0	0	0	1.40	1.40	0	0	0
1428517638307426622	CPU_4	100.00	0	0	0	0	0	0	0	0	0
1428517639007337961	CPU_4	98.57	0	0	0	0	1.42	0	0	0	0
1428517639704417472	CPU_4	100.00	0	0	0	0	0	0	0	0	0
1428517640414112005	CPU_4	97.22	0	0	0	0	1.38	1.38	0	0	0
1428517641115204593	CPU_4	100.00	0	0	0	0	0	0	0	0	0
1428517641815058683	CPU_4	100.00	0	0	0	0	0	0	0	0	0
1428517642520831680	CPU_4	98.59	0	0	0	0	1.40	0	0	0	0
1428517643220054854	CPU_4	98.57	0	0	0	0	0	1.42	0	0	0
1428517643926446684	CPU_4	98.59	0	0	0	0	1.40	0	0	0	0
1428517644625983982	CPU_4	100.00	0	0	0	0	0	0	0	0	0
1428517645322531160	CPU_4	98.57	0	0	0	0	1.42	0	0	0	0
1428517646030226029	CPU_4	98.59	0	0	0	0	0	1.40	0	0	0
1428517646731895449	CPU_4	98.59	0	0	0	0	1.40	0	0	0	0
1428517647427789170	CPU_4	100.00	0	0	0	0	0	0	0	0	0
1428517648136089996	CPU_4	98.59	0	0	0	0	1.40	0	0	0	0
1428517648837183834	CPU_4	98.57	0	0	0	0	0	1.42	0	0	0
1428517649542560790	CPU_4	100.00	0	0	0	0	0	0	0	0	0
1428517650242362587	CPU_4	98.59	0	0	0	0	1.40	0	0	0	0
1428517650939660222	CPU_4	100.00	0	0	0	0	0	0	0	0	0
1428517651648868422	CPU_4	98.59	0	0	0	0	1.40	0	0	0	0
1428517652346060599	CPU_4	98.57	0	0	0	0	0	1.42	0	0	0
1428517653045669272	CPU_4	98.57	0	0	0	0	1.42	0	0	0	0
1428517653760161339	CPU_4	100.00	0	0	0	0	0	0	0	0	0
1428517654459206846	CPU_4	98.57	0	0	0	0	1.42	0	0	0	0
1428517655174299328	CPU_4	98.59	0	0	0	0	0	1.40	0	0	0
1428517655871556629	CPU_4	98.59	0	0	0	0	1.40	0	0	0	0
1428517656568566598	CPU_4	100.00	0	0	0	0	0	0	0	0	0
1428517657277996797	CPU_4	98.59	0	0	0	0	1.40	0	0	0	0
1428517657974125225	CPU_4	98.57	0	0	0	0	0	1.42	0	0	0
1428517658673952856	CPU_4	98.57	0	0	0	0	1.42	0	0	0	0
1428517659381483391	CPU_4	100.00	0	0	0	0	0	0	0	0	0
1428517660079065734	CPU_4	100.00	0	0	0	0	0	0	0	0	0
1428517660778952573	CPU_4	97.18	0	0	0	0	1.40	1.40	0	0	0
1428517661490596393	CPU_4	100.00	0	0	0	0	0	0	0	0	0
1428517662187894319	CPU_4	98.57	0	0	0	0	1.42	0	0	0	0
1428517662896912811	CPU_4	100.00	0	0	0	0	0	0	0	0	0
1428517663595038110	CPU_4	97.18	0	0	0	0	1.40	1.40	0	0	0
1428517664292960660	CPU_4	100.00	0	0	0	0	0	0	0	0	0
1428517665001240820	CPU_4	98.57	0	0	0	0	1.42	0	0	0	0
1428517665701527782	CPU_4	100.00	0	0	0	0	0	0	0	0	0
1428517666397528002	CPU_4	97.14	0	0	0	0	1.42	1.42	0	0	0
1428517667106189160	CPU_4	100.00	0	0	0	0	0	0	0	0	0
1428517667805214834	CPU_4	100.00	0	0	0	0	0	0	0	0	0
1428517668513841242	CPU_4	98.59	0	0	0	0	1.40	0	0	0	0
1428517669217505283	CPU_4	98.59	0	0	0	0	0	1.40	0	0	0
1428517669916302123	CPU_4	98.57	0	0	0	0	1.42	0	0	0	0
1428517670623901783	CPU_4	100.00	0	0	0	0	0	0	0	0	0
1428517671322761914	CPU_4	98.59	0	0	0	0	1.40	0	0	0	0
1428517672021928921	CPU_4	98.55	0	0	0	0	0	1.44	0	0	0
1428517672728401249	CPU_4	98.61	0	0	0	0	1.38	0	0	0	0
1428517673426823631	CPU_4	100.00	0	0	0	0	0	0	0	0	0
1428517674124830180	CPU_4	98.59	0	0	0	0	1.40	0	0	0	0
1428517674833487255	CPU_4	100.00	0	0	0	0	0	0	0	0	0
1428517675531333388	CPU_4	98.57	0	0	0	0	0	1.42	0	0	0
1428517676241146961	CPU_4	98.61	0	0	0	0	1.38	0	0	0	0
1428517676939009052	CPU_4	100.00	0	0	0	0	0	0	0	0	0
1428517677640804470	CPU_4	98.57	0	0	0	0	1.42	0	0	0	0
1428517678349507753	CPU_4	98.59	0	0	0	0	0	1.40	0	0	0
1428517679046381721	CPU_4	98.57	0	0	0	0	1.42	0	0	0	0
1428517679746489892	CPU_4	100.00	0	0	0	0	0	0	0	0	0
1428517680455939632	CPU_4	98.61	0	0	0	0	1.38	0	0	0	0
1428517681152636641	CPU_4	98.55	0	0	0	0	0	1.44	0	0	0
1428517681869879327	CPU_4	98.61	0	0	0	0	1.38	0	0	0	0
1428517682569155791	CPU_4	100.00	0	0	0	0	0	0	0	0	0
1428517683267446381	CPU_4	98.57	0	0	0	0	1.42	0	0	0	0
1428517683976616247	CPU_4	98.59	0	0	0	0	0	1.40	0	0	0
1428517684676829250	CPU_4	100.00	0	0	0	0	0	0	0	0	0
1428517685375035841	CPU_4	98.57	0	0	0	0	1.42	0	0	0	0
1428517686084084789	CPU_4	100.00	0	0	0	0	0	0	0	0	0
1428517686786958789	CPU_4	97.18	0	0	0	0	1.40	1.40	0	0	0
1428517687488047916	CPU_4	100.00	0	0	0	0	0	0	0	0	0
1428517688195916283	CPU_4	98.59	0	0	0	0	1.40	0	0	0	0
1428517688896968452	CPU_4	100.00	0	0	0	0	0	0	0	0	0
1428517689607756773	CPU_4	97.22	0	0	0	0	1.38	1.38	0	0	0
1428517690308304276	CPU_4	100.00	0	0	0	0	0	0	0	0	0
1428517691008786446	CPU_4	98.57	0	0	0	0	1.42	0	0	0	0
1428517691718889518	CPU_4	100.00	0	0	0	0	0	0	0	0	0
1428517692419282396	CPU_4	97.18	0	0	0	0	1.40	1.40	0	0	0
1428517693118116235	CPU_4	100.00	0	0	0	0	0	0	0	0	0
1428517693826198768	CPU_4	100.00	0	0	0	0	0	0	0	0	0
1428517694525373107	CPU_4	98.59	0	0	0	0	1.40	0	0	0	0
1428517695236794718	CPU_4	98.59	0	0	0	0	0	1.40	0	0	0
1428517695934580808	CPU_4	98.57	0	0	0	0	1.42	0	0	0	0
1428517696634786728	CPU_4	100.00	0	0	0	0	0	0	0	0	0
1428517697345867715	CPU_4	98.61	0	0	0	0	1.38	0	0	0	0
1428517698043406264	CPU_4	98.57	0	0	0	0	0	1.42	0	0	0
1428517698744562641	CPU_4	98.57	0	0	0	0	1.42	0	0	0	0
1428517699453453881	CPU_4	100.00	0	0	0	0	0	0	0	0	0
1428517700151232804	CPU_4	98.57	0	0	0	0	1.42	0	0	0	0
1428517700865832535	CPU_4	100.00	0	0	0	0	0	0	0	0	0
1428517701565373623	CPU_4	97.18	0	0	0	0	1.40	1.40	0	0	0
1428517702263801004	CPU_4	100.00	0	0	0	0	0	0	0	0	0
1428517702975742697	CPU_4	100.00	0	0	0	0	0	0	0	0	0
1428517703687525182	CPU_4	98.61	0	0	0	0	1.38	0	0	0	0
1428517704390651306	CPU_4	98.57	0	0	0	0	0	1.42	0	0	0
1428517705202226387	CPU_4	98.76	0	0	0	0	1.23	0	0	0	0
1428517705902381265	CPU_4	100.00	0	0	0	0	0	0	0	0	0
1428517706612318295	CPU_4	97.22	0	0	0	0	1.38	1.38	0	0	0
1428517707311877090	CPU_4	100.00	0	0	0	0	0	0	0	0	0
1428517708017874042	CPU_4	98.59	0	0	0	0	1.40	0	0	0	0
1428517708725921741	CPU_4	100.00	0	0	0	0	0	0	0	0	0
1428517709424117539	CPU_4	98.59	0	0	0	0	1.40	0	0	0	0
1428517710133926860	CPU_4	98.59	0	0	0	0	0	1.40	0	0	0
1428517710834610821	CPU_4	98.57	0	0	0	0	1.42	0	0	0	0
1428517711532767118	CPU_4	100.00	0	0	0	0	0	0	0	0	0
1428517712243588563	CPU_4	98.61	0	0	0	0	1.38	0	0	0	0
1428517712944674231	CPU_4	98.57	0	0	0	0	0	1.42	0	0	0
1428517713646107315	CPU_4	100.00	0	0	0	0	0	0	0	0	0
1428517714357504467	CPU_4	98.59	0	0	0	0	1.40	0	0	0	0
1428517715058478552	CPU_4	100.00	0	0	0	0	0	0	0	0	0
1428517715767831707	CPU_4	97.22	0	0	0	0	1.38	1.38	0	0	0
1428517716467203169	CPU_4	100.00	0	0	0	0	0	0	0	0	0
1428517717166866380	CPU_4	98.57	0	0	0	0	1.42	0	0	0	0
1428517717877245409	CPU_4	100.00	0	0	0	0	0	0	0	0	0
1428517718576796995	CPU_4	97.18	0	0	0	0	1.40	1.40	0	0	0
1428517719280362618	CPU_4	100.00	0	0	0	0	0	0	0	0	0
1428517719988542774	CPU_4	98.59	0	0	0	0	1.40	0	0	0	0
1428517720688767693	CPU_4	100.00	0	0	0	0	0	0	0	0	0
1428517721398989305	CPU_4	97.22	0	0	0	0	1.38	1.38	0	0	0
1428517722099025849	CPU_4	100.00	0	0	0	0	0	0	0	0	0
1428517722800175517	CPU_4	98.57	0	0	0	0	1.42	0	0	0	0
1428517723510718253	CPU_4	100.00	0	0	0	0	0	0	0	0	0
1428517724209655757	CPU_4	98.57	0	0	0	0	0	1.42	0	0	0
1428517724913287295	CPU_4	98.59	0	0	0	0	1.40	0	0	0	0
1428517725626619361	CPU_4	100.00	0	0	0	0	0	0	0	0	0
1428517726329984608	CPU_4	98.59	0	0	0	0	1.40	0	0	0	0
1428517727063542267	CPU_4	98.64	0	0	0	0	0	1.35	0	0	0
1428517727772325380	CPU_4	98.59	0	0	0	0	1.40	0	0	0	0
1428517728571451896	CPU_4	100.00	0	0	0	0	0	0	0	0	0
1428517729274217478	CPU_4	98.59	0	0	0	0	1.40	0	0	0	0
1428517729974850812	CPU_4	98.57	0	0	0	0	0	1.42	0	0	0
1428517730686433088	CPU_4	98.59	0	0	0	0	1.40	0	0	0	0
1428517731389899085	CPU_4	100.00	0	0	0	0	0	0	0	0	0
1428517732090405003	CPU_4	98.57	0	0	0	0	1.42	0	0	0	0
1428517732802973610	CPU_4	98.59	0	0	0	0	0	1.40	0	0	0
1428517733506175524	CPU_4	98.59	0	0	0	0	1.40	0	0	0	0
1428517734215416512	CPU_4	100.00	0	0	0	0	0	0	0	0	0
1428517734960637986	CPU_4	97.29	0	1.35	0	0	1.35	0	0	0	0
1428517735659247448	CPU_4	98.59	0	0	0	0	0	1.40	0	0	0
1428517736370097725	CPU_4	100.00	0	0	0	0	0	0	0	0	0
1428517737068571313	CPU_4	98.57	0	0	0	0	1.42	0	0	0	0
1428517737770665978	CPU_4	100.00	0	0	0	0	0	0	0	0	0
1428517738479368133	CPU_4	97.22	0	0	0	0	1.38	1.38	0	0	0
1428517739176088473	CPU_4	100.00	0	0	0	0	0	0	0	0	0
1428517739885939668	CPU_4	98.59	0	0	0	0	1.40	0	0	0	0
1428517740586805793	CPU_4	100.00	0	0	0	0	0	0	0	0	0
1428517741284872798	CPU_4	97.18	0	0	0	0	1.40	1.40	0	0	0
1428517741992719288	CPU_4	100.00	0	0	0	0	0	0	0	0	0
1428517742693881496	CPU_4	98.57	0	0	0	0	1.42	0	0	0	0
1428517743392433375	CPU_4	100.00	0	0	0	0	0	0	0	0	0
1428517744101396279	CPU_4	98.59	0	0	0	0	0	1.40	0	0	0
1428517744802291238	CPU_4	98.59	0	0	0	0	1.40	0	0	0	0
1428517745512939723	CPU_4	100.00	0	0	0	0	0	0	0	0	0
1428517746212392892	CPU_4	98.57	0	0	0	0	1.42	0	0	0	0
1428517746913053392	CPU_4	98.57	0	0	0	0	0	1.42	0	0	0
1428517747621398422	CPU_4	98.61	0	0	0	0	1.38	0	0	0	0
1428517748321086674	CPU_4	100.00	0	0	0	0	0	0	0	0	0
1428517749023933088	CPU_4	98.57	0	0	0	0	1.42	0	0	0	0
1428517749734311781	CPU_4	98.61	0	0	0	0	0	1.38	0	0	0
1428517750436887195	CPU_4	98.57	0	0	0	0	1.42	0	0	0	0
1428517751147743305	CPU_4	100.00	0	0	0	0	0	0	0	0	0
1428517751848418347	CPU_4	98.57	0	0	0	0	1.42	0	0	0	0
1428517752548244807	CPU_4	98.59	0	0	0	0	0	1.40	0	0	0
1428517753260054914	CPU_4	100.00	0	0	0	0	0	0	0	0	0
1428517753959011251	CPU_4	98.59	0	0	0	0	1.40	0	0	0	0
1428517754658971710	CPU_4	100.00	0	0	0	0	0	0	0	0	0
1428517755370891401	CPU_4	98.59	0	0	0	0	1.40	0	0	0	0
1428517756069001280	CPU_4	98.57	0	0	0	0	0	1.42	0	0	0
1428517756780377097	CPU_4	98.61	0	0	0	0	1.38	0	0	0	0
1428517757483505468	CPU_4	100.00	0	0	0	0	0	0	0	0	0
1428517758181469680	CPU_4	98.57	0	0	0	0	1.42	0	0	0	0
1428517758891928040	CPU_4	98.59	0	0	0	0	0	1.40	0	0	0
1428517759592373582	CPU_4	98.59	0	0	0	0	1.40	0	0	0	0
1428517760291165418	CPU_4	100.00	0	0	0	0	0	0	0	0	0
1428517761005026397	CPU_4	100.00	0	0	0	0	0	0	0	0	0
1428517761707819352	CPU_4	97.18	0	0	0	0	1.40	1.40	0	0	0
1428517762415744799	CPU_4	100.00	0	0	0	0	0	0	0	0	0
1428517763117071089	CPU_4	98.57	0	0	0	0	1.42	0	0	0	0
1428517763817233173	CPU_4	100.00	0	0	0	0	0	0	0	0	0
1428517764525929577	CPU_4	97.22	0	0	0	0	1.38	1.38	0	0	0
1428517765225022496	CPU_4	100.00	0	0	0	0	0	0	0	0	0
1428517765929840614	CPU_4	98.57	0	0	0	0	1.42	0	0	0	0
1428517766637601561	CPU_4	100.00	0	0	0	0	0	0	0	0	0
1428517767339885391	CPU_4	97.22	0	0	0	0	1.38	1.38	0	0	0
1428517768053462287	CPU_4	100.00	0	0	0	0	0	0	0	0	0
1428517768752848914	CPU_4	98.57	0	0	0	0	1.42	0	0	0	0
1428517769454255662	CPU_4	100.00	0	0	0	0	0	0	0	0	0
1428517770164351647	CPU_4	98.61	0	0	0	0	0	1.38	0	0	0
1428517770863300566	CPU_4	98.57	0	0	0	0	1.42	0	0	0	0
1428517771564651147	CPU_4	100.00	0	0	0	0	0	0	0	0	0
1428517772273861550	CPU_4	98.61	0	0	0	0	1.38	0	0	0	0
1428517772973589884	CPU_4	98.57	0	0	0	0	0	1.42	0	0	0
1428517773683121453	CPU_4	98.59	0	0	0	0	1.40	0	0	0	0
1428517774390392358	CPU_4	100.00	0	0	0	0	0	0	0	0	0
1428517775089329360	CPU_4	98.57	0	0	0	0	1.42	0	0	0	0
1428517775799604386	CPU_4	98.59	0	0	0	0	0	1.40	0	0	0
1428517776505006420	CPU_4	98.59	0	0	0	0	1.40	0	0	0	0
1428517777204416421	CPU_4	100.00	0	0	0	0	0	0	0	0	0
1428517777915187987	CPU_4	98.61	0	0	0	0	1.38	0	0	0	0
1428517778616296069	CPU_4	100.00	0	0	0	0	0	0	0	0	0
1428517779321315270	CPU_4	98.59	0	0	0	0	0	1.40	0	0	0
1428517780028212926	CPU_4	98.61	0	0	0	0	1.38	0	0	0	0
1428517780728950258	CPU_4	100.00	0	0	0	0	0	0	0	0	0
1428517781437790369	CPU_4	98.59	0	0	0	0	1.40	0	0	0	0
1428517782139293867	CPU_4	98.57	0	0	0	0	0	1.42	0	0	0
1428517782840930406	CPU_4	98.59	0	0	0	0	1.40	0	0	0	0
1428517783549959225	CPU_4	100.00	0	0	0	0	0	0	0	0	0
1428517784250781182	CPU_4	98.57	0	0	0	0	1.42	0	0	0	0
1428517784957922004	CPU_4	98.59	0	0	0	0	0	1.40	0	0	0
1428517785664321494	CPU_4	98.59	0	0	0	0	1.40	0	0	0	0
1428517786366990822	CPU_4	100.00	0	0	0	0	0	0	0	0	0
1428517787078892095	CPU_4	98.61	0	0	0	0	1.38	0	0	0	0
1428517787778235929	CPU_4	98.59	0	0	0	0	0	1.40	0	0	0
1428517788480004593	CPU_4	100.00	0	0	0	0	0	0	0	0	0
1428517789192043324	CPU_4	98.59	0	0	0	0	1.40	0	0	0	0
1428517789891571741	CPU_4	100.00	0	0	0	0	0	0	0	0	0
1428517790597934855	CPU_4	97.18	0	0	0	0	1.40	1.40	0	0	0
1428517791303584305	CPU_4	100.00	0	0	0	0	0	0	0	0	0
1428517792005874217	CPU_4	98.57	0	0	0	0	1.42	0	0	0	0
1428517792716256034	CPU_4	100.00	0	0	0	0	0	0	0	0	0
1428517793419203487	CPU_4	97.22	0	0	0	0	1.38	1.38	0	0	0
1428517794118485696	CPU_4	100.00	0	0	0	0	0	0	0	0	0
1428517794829298387	CPU_4	98.59	0	0	0	0	1.40	0	0	0	0
1428517795531721841	CPU_4	100.00	0	0	0	0	0	0	0	0	0
1428517796237799622	CPU_4	97.18	0	0	0	0	1.40	1.40	0	0	0
1428517796951232642	CPU_4	100.00	0	0	0	0	0	0	0	0	0
1428517797655457510	CPU_4	100.00	0	0	0	0	0	0	0	0	0
1428517798368278031	CPU_4	98.61	0	0	0	0	1.38	0	0	0	0
1428517799067883364	CPU_4	98.57	0	0	0	0	0	1.42	0	0	0
1428517799769669444	CPU_4	98.59	0	0	0	0	1.40	0	0	0	0
1428517800483788171	CPU_4	100.00	0	0	0	0	0	0	0	0	0
1428517801184246169	CPU_4	98.59	0	0	0	0	1.40	0	0	0	0
1428517801903438722	CPU_4	98.61	0	0	0	0	0	1.38	0	0	0
1428517802605662551	CPU_4	98.57	0	0	0	0	1.42	0	0	0	0
1428517803305518008	CPU_4	100.00	0	0	0	0	0	0	0	0	0
1428517804018380612	CPU_4	98.61	0	0	0	0	1.38	0	0	0	0
1428517804720556358	CPU_4	98.57	0	0	0	0	0	1.42	0	0	0
1428517805421455189	CPU_4	98.59	0	0	0	0	1.40	0	0	0	0
1428517806132274837	CPU_4	100.00	0	0	0	0	0	0	0	0	0
1428517806833167835	CPU_4	98.59	0	0	0	0	1.40	0	0	0	0
1428517807548075894	CPU_4	100.00	0	0	0	0	0	0	0	0	0
1428517808249598515	CPU_4	97.18	0	0	0	0	1.40	1.40	0	0	0
1428517808952339218	CPU_4	100.00	0	0	0	0	0	0	0	0	0
1428517809663765491	CPU_4	100.00	0	0	0	0	0	0	0	0	0
1428517810366306152	CPU_4	98.59	0	0	0	0	1.40	0	0	0	0
1428517811068804563	CPU_4	98.57	0	0	0	0	0	1.42	0	0	0
1428517811778839171	CPU_4	98.61	0	0	0	0	1.38	0	0	0	0
1428517812482486289	CPU_4	100.00	0	0	0	0	0	0	0	0	0
1428517813195077643	CPU_4	98.61	0	0	0	0	1.38	0	0	0	0
1428517813895406350	CPU_4	98.57	0	0	0	0	0	1.42	0	0	0
1428517814599310300	CPU_4	98.59	0	0	0	0	1.40	0	0	0	0
1428517815311466072	CPU_4	100.00	0	0	0	0	0	0	0	0	0
1428517816012877110	CPU_4	98.59	0	0	0	0	1.40	0	0	0	0
1428517816715955811	CPU_4	98.57	0	0	0	0	0	1.42	0	0	0
1428517817428847957	CPU_4	98.61	0	0	0	0	1.38	0	0	0	0
1428517818129597329	CPU_4	100.00	0	0	0	0	0	0	0	0	0
1428517818842826306	CPU_4	98.59	0	0	0	0	1.40	0	0	0	0
1428517819546422382	CPU_4	98.59	0	0	0	0	0	1.40	0	0	0
1428517820247631337	CPU_4	100.00	0	0	0	0	0	0	0	0	0
1428517820961155606	CPU_4	98.59	0	0	0	0	1.40	0	0	0	0
1428517821664741599	CPU_4	100.00	0	0	0	0	0	0	0	0	0
1428517822368970715	CPU_4	97.22	0	0	0	0	1.38	1.38	0	0	0
1428517823087745851	CPU_4	100.00	0	0	0	0	0	0	0	0	0
1428517823799844122	CPU_4	98.61	0	0	0	0	1.38	0	0	0	0
1428517824529819865	CPU_4	100.00	0	0	0	0	0	0	0	0	0
1428517825233074525	CPU_4	97.18	0	0	0	0	1.40	1.40	0	0	0
1428517825937616307	CPU_4	100.00	0	0	0	0	0	0	0	0	0
1428517826650276619	CPU_4	98.59	0	0	0	0	1.40	0	0	0	0
1428517827351579906	CPU_4	100.00	0	0	0	0	0	0	0	0	0
1428517828065751882	CPU_4	97.22	0	0	0	0	1.38	1.38	0	0	0
1428517828767811960	CPU_4	100.00	0	0	0	0	0	0	0	0	0
1428517829469512247	CPU_4	98.57	0	0	0	0	1.42	0	0	0	0
1428517830181391227	CPU_4	100.00	0	0	0	0	0	0	0	0	0
1428517830884144553	CPU_4	98.59	0	0	0	0	0	1.40	0	0	0
1428517831585873840	CPU_4	98.57	0	0	0	0	1.42	0	0	0	0
1428517832298185944	CPU_4	100.00	0	0	0	0	0	0	0	0	0
1428517833001963519	CPU_4	98.57	0	0	0	0	1.42	0	0	0	0
1428517833717929575	CPU_4	98.61	0	0	0	0	0	1.38	0	0	0
1428517834420424735	CPU_4	98.59	0	0	0	0	1.40	0	0	0	0
1428517835122416772	CPU_4	100.00	0	0	0	0	0	0	0	0	0
1428517835835759082	CPU_4	98.61	0	0	0	0	1.38	0	0	0	0
1428517836537240952	CPU_4	98.57	0	0	0	0	0	1.42	0	0	0
1428517837241617276	CPU_4	98.59	0	0	0	0	1.40	0	0	0	0
1428517837955572377	CPU_4	100.00	0	0	0	0	0	0	0	0	0
1428517838657761871	CPU_4	98.59	0	0	0	0	1.40	0	0	0	0
1428517839370286140	CPU_4	98.61	0	0	0	0	0	1.38	0	0	0
1428517840075669838	CPU_4	100.00	0	0	0	0	0	0	0	0	0
1428517840777034041	CPU_4	98.57	0	0	0	0	1.42	0	0	0	0
1428517841491488350	CPU_4	100.00	0	0	0	0	0	0	0	0	0
1428517842195504132	CPU_4	97.18	0	0	0	0	1.40	1.40	0	0	0
1428517842908511818	CPU_4	100.00	0	0	0	0	0	0	0	0	0
1428517843614578514	CPU_4	98.61	0	0	0	0	1.38	0	0	0	0
1428517844317523631	CPU_4	100.00	0	0	0	0	0	0	0	0	0
1428517845032778522	CPU_4	97.26	0	0	0	0	1.36	1.36	0	0	0
1428517845736562721	CPU_4	100.00	0	0	0	0	0	0	0	0	0
1428517846441116211	CPU_4	98.57	0	0	0	0	1.42	0	0	0	0
1428517847151514109	CPU_4	100.00	0	0	0	0	0	0	0	0	0
1428517847855306725	CPU_4	97.18	0	0	0	0	1.40	1.40	0	0	0
1428517848570521615	CPU_4	100.00	0	0	0	0	0	0	0	0	0
1428517849274423106	CPU_4	100.00	0	0	0	0	0	0	0	0	0
1428517849978088264	CPU_4	98.59	0	0	0	0	1.40	0	0	0	0
1428517850692381697	CPU_4	100.00	0	0	0	0	0	0	0	0	0
1428517851397284186	CPU_4	97.18	0	0	0	0	1.40	1.40	0	0	0
1428517852102449466	CPU_4	100.00	0	0	0	0	0	0	0	0	0
1428517852814160695	CPU_4	98.61	0	0	0	0	1.38	0	0	0	0
1428517853520738057	CPU_4	100.00	0	0	0	0	0	0	0	0	0
1428517854231088871	CPU_4	97.22	0	0	0	0	1.38	1.38	0	0	0
1428517854935478569	CPU_4	100.00	0	0	0	0	0	0	0	0	0
1428517855641429806	CPU_4	98.57	0	0	0	0	1.42	0	0	0	0
1428517856352812910	CPU_4	100.00	0	0	0	0	0	0	0	0	0
1428517857056723109	CPU_4	97.18	0	0	0	0	1.40	1.40	0	0	0
1428517857766303591	CPU_4	100.00	0	0	0	0	0	0	0	0	0
1428517858477877986	CPU_4	100.00	0	0	0	0	0	0	0	0	0
1428517859182527475	CPU_4	98.57	0	0	0	0	1.42	0	0	0	0
1428517859896137076	CPU_4	98.61	0	0	0	0	0	1.38	0	0	0
1428517860599566817	CPU_4	98.59	0	0	0	0	1.40	0	0	0	0
1428517861304599556	CPU_4	100.00	0	0	0	0	0	0	0	0	0
1428517862022416316	CPU_4	98.61	0	0	0	0	1.38	0	0	0	0
1428517862725770307	CPU_4	98.59	0	0	0	0	0	1.40	0	0	0
1428517863447485478	CPU_4	98.61	0	0	0	0	1.38	0	0	0	0
1428517864152451342	CPU_4	100.00	0	0	0	0	0	0	0	0	0
1428517864859104078	CPU_4	98.59	0	0	0	0	1.40	0	0	0	0
1428517865572086720	CPU_4	98.59	0	0	0	0	0	1.40	0	0	0
1428517866275995252	CPU_4	98.59	0	0	0	0	1.40	0	0	0	0
1428517866982345989	CPU_4	100.00	0	0	0	0	0	0	0	0	0
1428517867694574257	CPU_4	100.00	0	0	0	0	0	0	0	0	0
1428517868399263913	CPU_4	97.22	0	0	0	0	1.38	1.38	0	0	0
1428517869113242971	CPU_4	100.00	0	0	0	0	0	0	0	0	0
1428517869815875671	CPU_4	98.57	0	0	0	0	1.42	0	0	0	0
1428517870522105616	CPU_4	100.00	0	0	0	0	0	0	0	0	0
1428517871238435211	CPU_4	97.26	0	0	0	0	1.36	1.36	0	0	0
1428517871941393286	CPU_4	100.00	0	0	0	0	0	0	0	0	0
1428517872647320356	CPU_4	100.00	0	0	0	0	0	0	0	0	0
1428517873362384745	CPU_4	98.61	0	0	0	0	1.38	0	0	0	0
1428517874065700486	CPU_4	98.59	0	0	0	0	0	1.40	0	0	0
1428517874780337709	CPU_4	98.61	0	0	0	0	1.38	0	0	0	0
1428517875485291489	CPU_4	100.00	0	0	0	0	0	0	0	0	0
1428517876192480182	CPU_4	98.59	0	0	0	0	1.40	0	0	0	0
1428517876907148780	CPU_4	98.61	0	0	0	0	0	1.38	0	0	0
1428517877612059685	CPU_4	100.00	0	0	0	0	0	0	0	0	0
1428517878333327106	CPU_4	98.63	0	0	0	0	1.36	0	0	0	0
1428517879037668095	CPU_4	100.00	0	0	0	0	0	0	0	0	0
1428517879742420833	CPU_4	97.22	0	0	0	0	1.38	1.38	0	0	0
1428517880456451640	CPU_4	100.00	0	0	0	0	0	0	0	0	0
1428517881160252755	CPU_4	98.57	0	0	0	0	1.42	0	0	0	0
1428517881865038284	CPU_4	100.00	0	0	0	0	0	0	0	0	0
1428517882579870590	CPU_4	98.61	0	0	0	0	0	1.38	0	0	0
1428517883283240914	CPU_4	98.59	0	0	0	0	1.40	0	0	0	0
1428517883997445929	CPU_4	100.00	0	0	0	0	0	0	0	0	0
1428517884703412582	CPU_4	98.59	0	0	0	0	1.40	0	0	0	0
1428517885407386363	CPU_4	100.00	0	0	0	0	0	0	0	0	0
1428517886122143127	CPU_4	97.26	0	0	0	0	1.36	1.36	0	0	0
1428517886826561115	CPU_4	100.00	0	0	0	0	0	0	0	0	0
1428517887532593684	CPU_4	100.00	0	0	0	0	0	0	0	0	0
1428517888245916576	CPU_4	98.61	0	0	0	0	1.38	0	0	0	0
1428517888951286146	CPU_4	98.57	0	0	0	0	0	1.42	0	0	0
1428517889667320366	CPU_4	98.61	0	0	0	0	1.38	0	0	0	0
1428517890369825816	CPU_4	100.00	0	0	0	0	0	0	0	0	0
1428517891076259509	CPU_4	98.59	0	0	0	0	1.40	0	0	0	0
1428517891790223899	CPU_4	98.61	0	0	0	0	0	1.38	0	0	0
1428517892493456973	CPU_4	100.00	0	0	0	0	0	0	0	0	0
1428517893214965518	CPU_4	98.61	0	0	0	0	1.38	0	0	0	0
1428517893919951505	CPU_4	100.00	0	0	0	0	0	0	0	0	0
1428517894624359035	CPU_4	97.18	0	0	0	0	1.40	1.40	0	0	0
1428517895341698711	CPU_4	100.00	0	0	0	0	0	0	0	0	0
1428517896047359406	CPU_4	100.00	0	0	0	0	0	0	0	0	0
1428517896750871312	CPU_4	98.59	0	0	0	0	1.40	0	0	0	0
1428517897465816867	CPU_4	98.61	0	0	0	0	0	1.38	0	0	0
1428517898171658852	CPU_4	98.59	0	0	0	0	1.40	0	0	0	0
1428517898887304656	CPU_4	100.00	0	0	0	0	0	0	0	0	0
1428517899592064310	CPU_4	98.59	0	0	0	0	1.40	0	0	0	0
1428517900296824548	CPU_4	98.59	0	0	0	0	0	1.40	0	0	0
1428517901012960351	CPU_4	100.00	0	0	0	0	0	0	0	0	0
1428517901717018381	CPU_4	98.57	0	0	0	0	1.42	0	0	0	0
1428517902426949110	CPU_4	100.00	0	0	0	0	0	0	0	0	0
1428517903139413794	CPU_4	97.26	0	0	0	0	1.36	1.36	0	0	0
1428517903843315824	CPU_4	100.00	0	0	0	0	0	0	0	0	0
1428517904558306712	CPU_4	98.59	0	0	0	0	1.40	0	0	0	0
1428517905263513823	CPU_4	100.00	0	0	0	0	0	0	0	0	0
1428517905966298772	CPU_4	98.59	0	0	0	0	0	1.40	0	0	0
1428517906683055157	CPU_4	98.61	0	0	0	0	1.38	0	0	0	0
1428517907388406018	CPU_4	100.00	0	0	0	0	0	0	0	0	0
1428517908106632567	CPU_4	98.61	0	0	0	0	1.38	0	0	0	0
1428517908811455679	CPU_4	100.00	0	0	0	0	0	0	0	0	0
1428517909517592206	CPU_4	97.18	0	0	0	0	1.40	1.40	0	0	0
1428517910235020548	CPU_4	100.00	0	0	0	0	0	0	0	0	0
1428517910939038869	CPU_4	100.00	0	0	0	0	0	0	0	0	0
1428517911649560347	CPU_4	98.59	0	0	0	0	1.40	0	0	0	0
1428517912364293068	CPU_4	98.61	0	0	0	0	0	1.38	0	0	0
1428517913068070890	CPU_4	98.59	0	0	0	0	1.40	0	0	0	0
1428517913783788985	CPU_4	100.00	0	0	0	0	0	0	0	0	0
1428517914490005511	CPU_4	98.59	0	0	0	0	1.40	0	0	0	0
1428517915195372663	CPU_4	98.59	0	0	0	0	0	1.40	0	0	0
1428517915921726783	CPU_4	100.00	0	0	0	0	0	0	0	0	0
1428517916629292599	CPU_4	98.59	0	0	0	0	1.40	0	0	0	0
1428517917343359696	CPU_4	100.00	0	0	0	0	0	0	0	0	0
1428517918050002930	CPU_4	97.22	0	0	0	0	1.38	1.38	0	0	0
1428517918759910408	CPU_4	100.00	0	0	0	0	0	0	0	0	0
1428517919477841541	CPU_4	98.61	0	0	0	0	1.38	0	0	0	0
1428517920182473236	CPU_4	100.00	0	0	0	0	0	0	0	0	0
1428517920893188380	CPU_4	98.59	0	0	0	0	0	1.40	0	0	0
1428517921609967097	CPU_4	98.63	0	0	0	0	1.36	0	0	0	0
1428517922314106543	CPU_4	100.00	0	0	0	0	0	0	0	0	0
1428517923029997179	CPU_4	98.61	0	0	0	0	1.38	0	0	0	0
1428517923739314116	CPU_4	100.00	0	0	0	0	0	0	0	0	0
1428517924444201311	CPU_4	98.59	0	0	0	0	0	1.40	0	0	0
1428517925160847320	CPU_4	98.61	0	0	0	0	1.38	0	0	0	0
1428517925866769805	CPU_4	100.00	0	0	0	0	0	0	0	0	0
1428517926582550941	CPU_4	98.61	0	0	0	0	1.38	0	0	0	0
1428517927291270754	CPU_4	98.59	0	0	0	0	0	1.40	0	0	0
1428517927999270818	CPU_4	98.61	0	0	0	0	1.38	0	0	0	0
1428517928717074076	CPU_4	100.00	0	0	0	0	0	0	0	0	0
1428517929422388519	CPU_4	100.00	0	0	0	0	0	0	0	0	0
1428517930147134933	CPU_4	97.26	0	0	0	0	1.36	1.36	0	0	0
1428517930853511375	CPU_4	100.00	0	0	0	0	0	0	0	0	0
1428517931561012898	CPU_4	98.57	0	0	0	0	1.42	0	0	0	0
1428517932280787944	CPU_4	100.00	0	0	0	0	0	0	0	0	0
1428517932988215259	CPU_4	98.59	0	0	0	0	0	1.40	0	0	0
1428517933693860702	CPU_4	98.59	0	0	0	0	1.40	0	0	0	0
1428517934410029212	CPU_4	100.00	0	0	0	0	0	0	0	0	0
1428517935117728651	CPU_4	98.59	0	0	0	0	1.40	0	0	0	0
1428517935836046783	CPU_4	98.61	0	0	0	0	0	1.38	0	0	0
1428517936539684770	CPU_4	98.59	0	0	0	0	1.40	0	0	0	0
1428517937251702286	CPU_4	100.00	0	0	0	0	0	0	0	0	0
1428517937967722005	CPU_4	100.00	0	0	0	0	0	0	0	0	0
1428517938673585114	CPU_4	97.22	0	0	0	0	1.38	1.38	0	0	0
1428517939393036743	CPU_4	100.00	0	0	0	0	0	0	0	0	0
1428517940100809891	CPU_4	98.57	0	0	0	0	1.42	0	0	0	0
1428517940805273085	CPU_4	100.00	0	0	0	0	0	0	0	0	0
1428517941522992551	CPU_4	100.00	0	0	0	0	0	0	0	0	0
1428517942231250281	CPU_4	97.22	0	0	0	0	1.38	1.38	0	0	0
1428517942937833138	CPU_4	100.00	0	0	0	0	0	0	0	0	0
1428517943664909131	CPU_4	98.63	0	0	0	0	1.36	0	0	0	0
1428517944373077778	CPU_4	100.00	0	0	0	0	0	0	0	0	0
1428517945090374535	CPU_4	97.26	0	0	0	0	1.36	1.36	0	0	0
1428517945798042099	CPU_4	100.00	0	0	0	0	0	0	0	0	0
1428517946507300536	CPU_4	100.00	0	0	0	0	0	0	0	0	0
1428517947227255331	CPU_4	98.63	0	0	0	0	1.36	0	0	0	0
1428517947933265273	CPU_4	98.59	0	0	0	0	0	1.40	0	0	0
1428517948654203900	CPU_4	98.61	0	0	0	0	1.38	0	0	0	0
1428517949363848086	CPU_4	100.00	0	0	0	0	0	0	0	0	0
1428517950075077269	CPU_4	98.61	0	0	0	0	1.38	0	0	0	0
1428517950792627984	CPU_4	98.61	0	0	0	0	0	1.38	0	0	0
1428517951502329587	CPU_4	100.00	0	0	0	0	0	0	0	0	0
1428517952220712759	CPU_4	98.61	0	0	0	0	1.38	0	0	0	0
1428517952933169024	CPU_4	100.00	0	0	0	0	0	0	0	0	0
1428517953642606043	CPU_4	97.22	0	0	0	0	1.38	1.38	0	0	0
1428517954361249048	CPU_4	100.00	0	0	0	0	0	0	0	0	0
1428517955069401236	CPU_4	98.59	0	0	0	0	1.40	0	0	0	0
1428517955780023045	CPU_4	100.00	0	0	0	0	0	0	0	0	0
1428517956497863635	CPU_4	98.61	0	0	0	0	0	1.38	0	0	0
1428517957210197400	CPU_4	98.61	0	0	0	0	1.38	0	0	0	0
1428517957927008283	CPU_4	100.00	0	0	0	0	0	0	0	0	0
1428517958637090759	CPU_4	98.61	0	0	0	0	1.38	0	0	0	0
1428517959347172027	CPU_4	98.59	0	0	0	0	0	1.40	0	0	0
1428517960099806271	CPU_4	100.00	0	0	0	0	0	0	0	0	0
1428517960808038625	CPU_4	98.59	0	0	0	0	1.40	0	0	0	0
1428517961527543129	CPU_4	100.00	0	0	0	0	0	0	0	0	0
1428517962255250953	CPU_4	97.29	0	0	0	0	1.35	1.35	0	0	0
1428517962963550890	CPU_4	100.00	0	0	0	0	0	0	0	0	0
1428517963684080183	CPU_4	98.61	0	0	0	0	1.38	0	0	0	0
1428517964393778369	CPU_4	100.00	0	0	0	0	0	0	0	0	0
1428517965125442853	CPU_4	100.00	0	0	0	0	0	0	0	0	0
1428517965832731084	CPU_4	97.22	0	0	0	0	1.38	1.38	0	0	0
1428517966541920520	CPU_4	100.00	0	0	0	0	0	0	0	0	0
1428517967278284121	CPU_4	98.64	0	0	0	0	1.35	0	0	0	0
1428517967986930767	CPU_4	100.00	0	0	0	0	0	0	0	0	0
1428517968706626936	CPU_4	97.26	0	0	0	0	1.36	1.36	0	0	0
1428517969416403829	CPU_4	100.00	0	0	0	0	0	0	0	0	0
1428517970151814308	CPU_4	98.63	0	0	0	0	1.36	0	0	0	0
1428517970870455854	CPU_4	100.00	0	0	0	0	0	0	0	0	0
1428517971579677664	CPU_4	98.59	0	0	0	0	0	1.40	0	0	0
1428517972372468803	CPU_4	98.75	0	0	0	0	1.25	0	0	0	0
1428517973081914571	CPU_4	100.00	0	0	0	0	0	0	0	0	0
1428517973791047799	CPU_4	98.59	0	0	0	0	1.40	0	0	0	0
1428517974510799760	CPU_4	98.61	0	0	0	0	0	1.38	0	0	0
1428517975247302903	CPU_4	98.64	0	0	0	0	1.35	0	0	0	0
1428517975965379241	CPU_4	100.00	0	0	0	0	0	0	0	0	0
1428517976672838971	CPU_4	100.00	0	0	0	0	0	0	0	0	0
1428517977397313258	CPU_4	97.26	0	0	0	0	1.36	1.36	0	0	0
1428517978116651177	CPU_4	100.00	0	0	0	0	0	0	0	0	0
1428517978829039649	CPU_4	98.59	0	0	0	0	1.40	0	0	0	0
1428517979545965323	CPU_4	100.00	0	0	0	0	0	0	0	0	0
1428517980267466739	CPU_4	97.26	0	0	0	0	1.36	1.36	0	0	0
1428517980977103548	CPU_4	100.00	0	0	0	0	0	0	0	0	0
1428517981699317547	CPU_4	100.00	0	0	0	0	0	0	0	0	0
1428517982408556982	CPU_4	98.59	0	0	0	0	1.40	0	0	0	0
1428517983127186194	CPU_4	98.61	0	0	0	0	0	1.38	0	0	0
1428517983836912420	CPU_4	98.59	0	0	0	0	1.40	0	0	0	0
1428517984546428938	CPU_4	100.00	0	0	0	0	0	0	0	0	0
1428517985265390691	CPU_4	100.00	0	0	0	0	0	0	0	0	0
1428517985975503333	CPU_4	97.22	0	0	0	0	1.38	1.38	0	0	0
1428517986693753921	CPU_4	100.00	0	0	0	0	0	0	0	0	0
1428517987407874265	CPU_4	98.61	0	0	0	0	1.38	0	0	0	0
1428517988117337866	CPU_4	100.00	0	0	0	0	0	0	0	0	0
1428517988834912580	CPU_4	97.26	0	0	0	0	1.36	1.36	0	0	0
1428517989544037932	CPU_4	100.00	0	0	0	0	0	0	0	0	0
1428517990253869574	CPU_4	100.00	0	0	0	0	0	0	0	0	0
1428517990974475616	CPU_4	98.61	0	0	0	0	1.38	0	0	0	0
1428517991681497971	CPU_4	100.00	0	0	0	0	0	0	0	0	0
1428517992416908157	CPU_4	97.29	0	0	0	0	1.35	1.35	0	0	0
1428517993125933300	CPU_4	100.00	0	0	0	0	0	0	0	0	0
1428517993834280361	CPU_4	98.59	0	0	0	0	1.40	0	0	0	0
1428517994553597363	CPU_4	100.00	0	0	0	0	0	0	0	0	0
1428517995263897505	CPU_4	98.61	0	0	0	0	0	1.38	0	0	0
1428517996011358796	CPU_4	98.66	0	0	0	0	1.33	0	0	0	0
1428517996719887649	CPU_4	100.00	0	0	0	0	0	0	0	0	0
1428517997456549499	CPU_4	98.64	0	0	0	0	1.35	0	0	0	0
1428517998175445002	CPU_4	98.61	0	0	0	0	0	1.38	0	0	0
1428517998888779305	CPU_4	98.59	0	0	0	0	1.40	0	0	0	0
1428517999606921975	CPU_4	100.00	0	0	0	0	0	0	0	0	0
1428518000317507158	CPU_4	100.00	0	0	0	0	0	0	0	0	0
1428518001043861149	CPU_4	97.29	0	0	0	0	1.35	1.35	0	0	0
1428518001760902154	CPU_4	100.00	0	0	0	0	0	0	0	0	0
1428518002470421421	CPU_4	98.59	0	0	0	0	1.40	0	0	0	0
1428518003189295007	CPU_4	100.00	0	0	0	0	0	0	0	0	0
1428518003904277641	CPU_4	97.22	0	0	0	0	1.38	1.38	0	0	0
1428518004612235952	CPU_4	100.00	0	0	0	0	0	0	0	0	0
1428518005332162870	CPU_4	100.00	0	0	0	0	0	0	0	0	0
1428518006042278636	CPU_4	98.59	0	0	0	0	1.40	0	0	0	0
1428518006759474974	CPU_4	98.61	0	0	0	0	0	1.38	0	0	0
1428518007531310102	CPU_4	98.71	0	0	0	0	1.28	0	0	0	0
1428518008241605076	CPU_4	100.00	0	0	0	0	0	0	0	0	0
1428518008961085328	CPU_4	98.61	0	0	0	0	1.38	0	0	0	0
1428518009669774888	CPU_4	98.59	0	0	0	0	0	1.40	0	0	0
1428518010389741555	CPU_4	100.00	0	0	0	0	0	0	0	0	0
1428518011099985237	CPU_4	98.59	0	0	0	0	1.40	0	0	0	0
1428518011812805124	CPU_4	100.00	0	0	0	0	0	0	0	0	0
1428518012529987004	CPU_4	97.26	0	0	0	0	1.36	1.36	0	0	0
1428518013240947435	CPU_4	100.00	0	0	0	0	0	0	0	0	0
1428518013978432492	CPU_4	98.64	0	0	0	0	1.35	0	0	0	0
1428518014686142303	CPU_4	100.00	0	0	0	0	0	0	0	0	0
1428518015397193900	CPU_4	98.59	0	0	0	0	0	1.40	0	0	0
1428518016116873026	CPU_4	98.61	0	0	0	0	1.38	0	0	0	0
1428518016830440453	CPU_4	100.00	0	0	0	0	0	0	0	0	0
1428518017547434167	CPU_4	98.61	0	0	0	0	1.38	0	0	0	0
1428518018258339723	CPU_4	98.59	0	0	0	0	0	1.40	0	0	0
1428518018967834239	CPU_4	98.59	0	0	0	0	1.40	0	0	0	0
1428518019685281993	CPU_4	100.00	0	0	0	0	0	0	0	0	0
1428518020396226799	CPU_4	100.00	0	0	0	0	0	0	0	0	0
1428518021115407009	CPU_4	98.63	0	0	0	0	1.36	0	0	0	0
1428518021843964704	CPU_4	98.61	0	0	0	0	0	1.38	0	0	0
1428518022552637805	CPU_4	98.61	0	0	0	0	1.38	0	0	0	0
1428518023272709472	CPU_4	100.00	0	0	0	0	0	0	0	0	0
1428518023983949902	CPU_4	98.61	0	0	0	0	1.38	0	0	0	0
1428518024701348697	CPU_4	98.59	0	0	0	0	0	1.40	0	0	0
1428518025411367171	CPU_4	100.00	0	0	0	0	0	0	0	0	0
1428518026121251645	CPU_4	98.59	0	0	0	0	1.40	0	0	0	0
1428518026857853078	CPU_4	100.00	0	0	0	0	0	0	0	0	0
1428518027565151931	CPU_4	97.22	0	0	0	0	1.38	1.38	0	0	0
1428518028290880463	CPU_4	100.00	0	0	0	0	0	0	0	0	0
1428518029000717229	CPU_4	98.59	0	0	0	0	1.40	0	0	0	0
1428518029708217331	CPU_4	100.00	0	0	0	0	0	0	0	0	0
1428518030427343874	CPU_4	97.26	0	0	0	0	1.36	1.36	0	0	0
1428518031136862557	CPU_4	100.00	0	0	0	0	0	0	0	0	0
1428518031878599189	CPU_4	100.00	0	0	0	0	0	0	0	0	0
1428518032588252788	CPU_4	98.61	0	0	0	0	1.38	0	0	0	0
1428518033297794679	CPU_4	98.59	0	0	0	0	0	1.40	0	0	0
1428518034017349513	CPU_4	98.61	0	0	0	0	1.38	0	0	0	0
1428518034723971158	CPU_4	100.00	0	0	0	0	0	0	0	0	0
1428518035434455631	CPU_4	100.00	0	0	0	0	0	0	0	0	0
1428518036153257549	CPU_4	97.26	0	0	0	0	1.36	1.36	0	0	0
1428518036864275729	CPU_4	100.00	0	0	0	0	0	0	0	0	0
1428518037592336715	CPU_4	98.61	0	0	0	0	1.38	0	0	0	0
1428518038303538937	CPU_4	100.00	0	0	0	0	0	0	0	0	0
1428518039013234494	CPU_4	97.22	0	0	0	0	1.38	1.38	0	0	0
1428518039731311996	CPU_4	100.00	0	0	0	0	0	0	0	0	0
1428518040441480219	CPU_4	100.00	0	0	0	0	0	0	0	0	0
1428518041162472050	CPU_4	98.61	0	0	0	0	1.38	0	0	0	0
1428518041905742305	CPU_4	100.00	0	0	0	0	0	0	0	0	0
1428518042617621525	CPU_4	97.26	0	0	0	0	1.36	1.36	0	0	0
1428518043337875607	CPU_4	100.00	0	0	0	0	0	0	0	0	0
1428518044048116955	CPU_4	98.59	0	0	0	0	1.40	0	0	0	0
1428518044768868744	CPU_4	100.00	0	0	0	0	0	0	0	0	0
1428518045479890966	CPU_4	97.22	0	0	0	0	1.38	1.38	0	0	0
1428518046190980854	CPU_4	100.00	0	0	0	0	0	0	0	0	0
1428518046913367099	CPU_4	100.00	0	0	0	0	0	0	0	0	0
1428518047621561908	CPU_4	98.59	0	0	0	0	1.40	0	0	0	0
1428518048342014448	CPU_4	98.61	0	0	0	0	0	1.38	0	0	0
1428518049053044252	CPU_4	98.61	0	0	0	0	1.38	0	0	0	0
1428518049825493169	CPU_4	100.00	0	0	0	0	0	0	0	0	0
1428518050605660657	CPU_4	97.46	0	0	0	0	1.26	1.26	0	0	0
1428518051374097164	CPU_4	100.00	0	0	0	0	0	0	0	0	0
1428518052126565695	CPU_4	98.63	0	0	0	0	1.36	0	0	0	0
1428518052897931738	CPU_4	100.00	0	0	0	0	0	0	0	0	0
1428518053616675739	CPU_4	97.26	0	0	0	0	1.36	1.36	0	0	0
1428518054326964336	CPU_4	100.00	0	0	0	0	0	0	0	0	0
1428518055042766591	CPU_4	98.59	0	0	0	0	1.40	0	0	0	0
1428518055754959894	CPU_4	100.00	0	0	0	0	0	0	0	0	0
1428518056465261366	CPU_4	97.22	0	0	0	0	1.38	1.38	0	0	0
1428518057184051200	CPU_4	100.00	0	0	0	0	0	0	0	0	0
1428518057895199129	CPU_4	98.59	0	0	0	0	1.40	0	0	0	0
1428518058614999669	CPU_4	100.00	0	0	0	0	0	0	0	0	0
1428518059326887097	CPU_4	97.22	0	0	0	0	1.38	1.38	0	0	0
1428518060035101322	CPU_4	100.00	0	0	0	0	0	0	0	0	0
1428518060754230739	CPU_4	100.00	0	0	0	0	0	0	0	0	0
1428518061464043461	CPU_4	98.61	0	0	0	0	1.38	0	0	0	0
1428518062178198802	CPU_4	98.59	0	0	0	0	0	1.40	0	0	0
1428518062893916515	CPU_4	98.61	0	0	0	0	1.38	0	0	0	0
1428518063610932727	CPU_4	100.00	0	0	0	0	0	0	0	0	0
1428518064336723924	CPU_4	98.63	0	0	0	0	1.36	0	0	0	0
1428518065114614790	CPU_4	98.71	0	0	0	0	0	1.28	0	0	0
1428518065832155876	CPU_4	98.61	0	0	0	0	1.38	0	0	0	0
1428518066542811597	CPU_4	100.00	0	0	0	0	0	0	0	0	0
1428518067252518653	CPU_4	98.59	0	0	0	0	1.40	0	0	0	0
1428518067970919820	CPU_4	98.61	0	0	0	0	0	1.38	0	0	0
1428518068682432123	CPU_4	98.61	0	0	0	0	1.38	0	0	0	0
1428518069402092913	CPU_4	100.00	0	0	0	0	0	0	0	0	0
1428518070111587469	CPU_4	98.59	0	0	0	0	1.40	0	0	0	0
1428518070821104775	CPU_4	98.59	0	0	0	0	0	1.40	0	0	0
1428518071541682772	CPU_4	98.63	0	0	0	0	1.36	0	0	0	0
1428518072252533326	CPU_4	100.00	0	0	0	0	0	0	0	0	0
1428518072970986243	CPU_4	100.00	0	0	0	0	0	0	0	0	0
1428518073689774826	CPU_4	97.29	0	0	0	0	1.35	1.35	0	0	0
1428518074399916964	CPU_4	100.00	0	0	0	0	0	0	0	0	0
1428518075117378758	CPU_4	98.61	0	0	0	0	1.38	0	0	0	0
1428518075827449563	CPU_4	100.00	0	0	0	0	0	0	0	0	0
1428518076537900784	CPU_4	97.22	0	0	0	0	1.38	1.38	0	0	0
1428518077259774070	CPU_4	100.00	0	0	0	0	0	0	0	0	0
1428518077969185376	CPU_4	98.59	0	0	0	0	1.40	0	0	0	0
1428518078688510541	CPU_4	100.00	0	0	0	0	0	0	0	0	0
1428518079398074180	CPU_4	97.22	0	0	0	0	1.38	1.38	0	0	0
1428518080105315031	CPU_4	100.00	0	0	0	0	0	0	0	0	0
1428518080824067656	CPU_4	98.61	0	0	0	0	1.38	0	0	0	0
1428518081534196919	CPU_4	100.00	0	0	0	0	0	0	0	0	0
1428518082253907125	CPU_4	98.61	0	0	0	0	0	1.38	0	0	0
1428518082962720098	CPU_4	98.61	0	0	0	0	1.38	0	0	0	0
1428518083672440195	CPU_4	100.00	0	0	0	0	0	0	0	0	0
1428518084395557604	CPU_4	98.63	0	0	0	0	1.36	0	0	0	0
1428518085102744205	CPU_4	98.57	0	0	0	0	0	1.42	0	0	0
1428518085829456109	CPU_4	98.64	0	0	0	0	1.35	0	0	0	0
1428518086540042329	CPU_4	100.00	0	0	0	0	0	0	0	0	0
1428518087247534763	CPU_4	98.59	0	0	0	0	1.40	0	0	0	0
1428518087968340800	CPU_4	98.61	0	0	0	0	0	1.38	0	0	0
1428518088677857314	CPU_4	98.59	0	0	0	0	1.40	0	0	0	0
1428518089392783861	CPU_4	100.00	0	0	0	0	0	0	0	0	0
1428518090108127448	CPU_4	98.61	0	0	0	0	1.38	0	0	0	0
1428518090818218586	CPU_4	98.59	0	0	0	0	0	1.40	0	0	0
1428518091538833291	CPU_4	98.63	0	0	0	0	1.36	0	0	0	0
1428518092247690888	CPU_4	100.00	0	0	0	0	0	0	0	0	0
1428518092958808316	CPU_4	100.00	0	0	0	0	0	0	0	0	0
1428518093679619437	CPU_4	97.26	0	0	0	0	1.36	1.36	0	0	0
1428518094391894571	CPU_4	100.00	0	0	0	0	0	0	0	0	0
1428518095111122027	CPU_4	98.61	0	0	0	0	1.38	0	0	0	0
1428518095822556038	CPU_4	100.00	0	0	0	0	0	0	0	0	0
1428518096535433921	CPU_4	97.22	0	0	0	0	1.38	1.38	0	0	0
1428518097254031961	CPU_4	100.00	0	0	0	0	0	0	0	0	0
1428518097967156594	CPU_4	98.59	0	0	0	0	1.40	0	0	0	0
1428518098688023923	CPU_4	100.00	0	0	0	0	0	0	0	0	0
1428518099399601308	CPU_4	97.22	0	0	0	0	1.38	1.38	0	0	0
1428518100109733403	CPU_4	100.00	0	0	0	0	0	0	0	0	0
1428518100830087108	CPU_4	98.61	0	0	0	0	1.38	0	0	0	0
1428518101542290783	CPU_4	100.00	0	0	0	0	0	0	0	0	0
1428518102261766447	CPU_4	97.26	0	0	0	0	1.36	1.36	0	0	0
1428518102974418164	CPU_4	100.00	0	0	0	0	0	0	0	0	0
1428518103687510880	CPU_4	100.00	0	0	0	0	0	0	0	0	0
1428518104409281332	CPU_4	98.63	0	0	0	0	1.36	0	0	0	0
1428518105120295676	CPU_4	98.59	0	0	0	0	0	1.40	0	0	0
1428518105844257208	CPU_4	98.63	0	0	0	0	1.36	0	0	0	0
1428518106556632841	CPU_4	100.00	0	0	0	0	0	0	0	0	0
1428518107269202141	CPU_4	98.61	0	0	0	0	1.38	0	0	0	0
1428518107994653129	CPU_4	98.63	0	0	0	0	0	1.36	0	0	0
1428518108707769261	CPU_4	98.59	0	0	0	0	1.40	0	0	0	0
1428518109438837698	CPU_4	100.00	0	0	0	0	0	0	0	0	0
1428518110150143125	CPU_4	98.61	0	0	0	0	1.38	0	0	0	0
1428518110860850511	CPU_4	98.59	0	0	0	0	0	1.40	0	0	0
1428518111582867170	CPU_4	98.63	0	0	0	0	1.36	0	0	0	0
1428518112293207515	CPU_4	100.00	0	0	0	0	0	0	0	0	0
1428518113006647813	CPU_4	98.61	0	0	0	0	1.38	0	0	0	0
1428518113726286727	CPU_4	98.61	0	0	0	0	0	1.38	0	0	0
1428518114441128606	CPU_4	100.00	0	0	0	0	0	0	0	0	0
1428518115163578515	CPU_4	98.63	0	0	0	0	1.36	0	0	0	0
1428518115877588270	CPU_4	100.00	0	0	0	0	0	0	0	0	0
1428518116589050696	CPU_4	97.26	0	0	0	0	1.36	1.36	0	0	0
1428518117308400152	CPU_4	100.00	0	0	0	0	0	0	0	0	0
1428518118020997076	CPU_4	98.59	0	0	0	0	1.40	0	0	0	0
1428518118742494570	CPU_4	100.00	0	0	0	0	0	0	0	0	0
1428518119455200744	CPU_4	97.22	0	0	0	0	1.38	1.38	0	0	0
1428518120168084459	CPU_4	100.00	0	0	0	0	0	0	0	0	0
1428518120889171411	CPU_4	98.61	0	0	0	0	1.38	0	0	0	0
1428518121605363497	CPU_4	100.00	0	0	0	0	0	0	0	0	0
1428518122322727163	CPU_4	97.26	0	0	0	0	1.36	1.36	0	0	0
1428518123036329919	CPU_4	100.00	0	0	0	0	0	0	0	0	0
1428518123746722847	CPU_4	98.59	0	0	0	0	1.40	0	0	0	0
1428518124471798293	CPU_4	100.00	0	0	0	0	0	0	0	0	0
1428518125179830974	CPU_4	97.22	0	0	0	0	1.38	1.38	0	0	0
1428518125903078548	CPU_4	100.00	0	0	0	0	0	0	0	0	0
1428518126615489847	CPU_4	100.00	0	0	0	0	0	0	0	0	0
1428518127327050981	CPU_4	98.61	0	0	0	0	1.38	0	0	0	0
1428518128049711930	CPU_4	98.61	0	0	0	0	0	1.38	0	0	0
1428518128762353437	CPU_4	98.61	0	0	0	0	1.38	0	0	0	0
1428518129485033262	CPU_4	100.00	0	0	0	0	0	0	0	0	0
1428518130195429731	CPU_4	98.61	0	0	0	0	1.38	0	0	0	0
1428518130906194574	CPU_4	98.59	0	0	0	0	0	1.40	0	0	0
1428518131629039899	CPU_4	98.63	0	0	0	0	1.36	0	0	0	0
1428518132338565869	CPU_4	100.00	0	0	0	0	0	0	0	0	0
1428518133064071064	CPU_4	98.63	0	0	0	0	1.36	0	0	0	0
1428518133775821072	CPU_4	98.59	0	0	0	0	0	1.40	0	0	0
1428518134489181828	CPU_4	98.61	0	0	0	0	1.38	0	0	0	0
1428518135210485738	CPU_4	100.00	0	0	0	0	0	0	0	0	0
1428518135923047953	CPU_4	98.59	0	0	0	0	1.40	0	0	0	0
1428518136651103519	CPU_4	98.63	0	0	0	0	0	1.36	0	0	0
1428518137361034113	CPU_4	100.00	0	0	0	0	0	0	0	0	0
1428518138074928243	CPU_4	98.61	0	0	0	0	1.38	0	0	0	0
1428518138795720445	CPU_4	100.00	0	0	0	0	0	0	0	0	0
1428518139511191489	CPU_4	97.26	0	0	0	0	1.36	1.36	0	0	0
1428518140227037782	CPU_4	100.00	0	0	0	0	0	0	0	0	0
1428518140946069445	CPU_4	98.61	0	0	0	0	1.38	0	0	0	0
1428518141659798908	CPU_4	100.00	0	0	0	0	0	0	0	0	0
1428518142379578404	CPU_4	97.26	0	0	0	0	1.36	1.36	0	0	0
1428518143093404575	CPU_4	100.00	0	0	0	0	0	0	0	0	0
1428518143806640997	CPU_4	98.59	0	0	0	0	1.40	0	0	0	0
1428518144529990945	CPU_4	100.00	0	0	0	0	0	0	0	0	0
1428518145240178914	CPU_4	97.22	0	0	0	0	1.38	1.38	0	0	0
1428518145965494859	CPU_4	100.00	0	0	0	0	0	0	0	0	0
1428518146678837197	CPU_4	98.59	0	0	0	0	1.40	0	0	0	0
1428518147390900538	CPU_4	100.00	0	0	0	0	0	0	0	0	0
1428518148113246237	CPU_4	98.63	0	0	0	0	0	1.36	0	0	0
1428518148826034410	CPU_4	98.59	0	0	0	0	1.40	0	0	0	0
1428518149551976229	CPU_4	100.00	0	0	0	0	0	0	0	0	0
1428518150263593611	CPU_4	98.61	0	0	0	0	1.38	0	0	0	0
1428518150980130070	CPU_4	98.59	0	0	0	0	0	1.40	0	0	0
1428518151702241978	CPU_4	98.63	0	0	0	0	1.36	0	0	0	0
1428518152413032028	CPU_4	100.00	0	0	0	0	0	0	0	0	0
1428518153137188683	CPU_4	98.63	0	0	0	0	1.36	0	0	0	0
1428518153849595564	CPU_4	98.59	0	0	0	0	0	1.40	0	0	0
1428518154564956858	CPU_4	98.61	0	0	0	0	1.38	0	0	0	0
1428518155284288145	CPU_4	100.00	0	0	0	0	0	0	0	0	0
1428518156000058146	CPU_4	98.61	0	0	0	0	1.38	0	0	0	0
1428518156721893554	CPU_4	98.61	0	0	0	0	0	1.38	0	0	0
1428518157434106477	CPU_4	98.61	0	0	0	0	1.38	0	0	0	0
1428518158148569189	CPU_4	100.00	0	0	0	0	0	0	0	0	0
1428518158871372345	CPU_4	100.00	0	0	0	0	0	0	0	0	0
1428518159584767642	CPU_4	97.22	0	0	0	0	1.38	1.38	0	0	0
1428518160305827551	CPU_4	100.00	0	0	0	0	0	0	0	0	0
1428518161019086222	CPU_4	98.59	0	0	0	0	1.40	0	0	0	0
1428518161736041513	CPU_4	100.00	0	0	0	0	0	0	0	0	0
1428518162459339585	CPU_4	97.29	0	0	0	0	1.35	1.35	0	0	0
1428518163172733381	CPU_4	100.00	0	0	0	0	0	0	0	0	0
1428518163896053954	CPU_4	98.63	0	0	0	0	1.36	0	0	0	0
1428518164610375290	CPU_4	100.00	0	0	0	0	0	0	0	0	0
1428518165320846132	CPU_4	97.22	0	0	0	0	1.38	1.38	0	0	0
1428518166050219653	CPU_4	100.00	0	0	0	0	0	0	0	0	0
1428518166763520241	CPU_4	98.61	0	0	0	0	1.38	0	0	0	0
1428518167490059475	CPU_4	100.00	0	0	0	0	0	0	0	0	0
1428518168202687772	CPU_4	97.22	0	0	0	0	1.38	1.38	0	0	0
1428518168916856941	CPU_4	100.00	0	0	0	0	0	0	0	0	0
1428518169641861219	CPU_4	100.00	0	0	0	0	0	0	0	0	0
1428518170354352350	CPU_4	98.61	0	0	0	0	1.38	0	0	0	0
1428518171079610919	CPU_4	98.61	0	0	0	0	0	1.38	0	0	0
1428518171795904376	CPU_4	98.61	0	0	0	0	1.38	0	0	0	0
1428518172510070379	CPU_4	100.00	0	0	0	0	0	0	0	0	0
1428518173232307620	CPU_4	98.61	0	0	0	0	1.38	0	0	0	0
1428518173945163666	CPU_4	98.61	0	0	0	0	0	1.38	0	0	0
1428518174669335278	CPU_4	98.63	0	0	0	0	1.36	0	0	0	0
1428518175382305116	CPU_4	100.00	0	0	0	0	0	0	0	0	0
1428518176097549451	CPU_4	98.61	0	0	0	0	1.38	0	0	0	0
1428518176820877481	CPU_4	98.61	0	0	0	0	0	1.38	0	0	0
1428518177535290191	CPU_4	98.61	0	0	0	0	1.38	0	0	0	0
1428518178256230391	CPU_4	100.00	0	0	0	0	0	0	0	0	0
1428518178969161896	CPU_4	98.61	0	0	0	0	1.38	0	0	0	0
1428518179682912649	CPU_4	98.59	0	0	0	0	0	1.40	0	0	0
1428518180407551719	CPU_4	98.63	0	0	0	0	1.36	0	0	0	0
1428518181119142517	CPU_4	100.00	0	0	0	0	0	0	0	0	0
1428518181841090132	CPU_4	98.61	0	0	0	0	0	1.38	0	0	0
1428518182596288820	CPU_4	91.89	0	2.70	4.05	0	1.35	0	0	0	0
1428518183323263719	CPU_4	1.35	0	2.70	95.94	0	0	0	0	0	0
