#Timestamp	CPU_ID	user%	nice%	sys%	idle%	iowait%	irq%	softiq%	steal%	guest%	guest_nice%
1428594047172055450	CPU_4	8.06	0	6.45	85.48	0	0	0	0	0	0
1428594047859319694	CPU_4	0	0	0	100.00	0	0	0	0	0	0
1428594048557271174	CPU_4	0	0	0	100.00	0	0	0	0	0	0
1428594049253696323	CPU_4	0	0	0	100.00	0	0	0	0	0	0
1428594049945892393	CPU_4	0	0	0	100.00	0	0	0	0	0	0
1428594050646813036	CPU_4	0	0	0	100.00	0	0	0	0	0	0
1428594051336822693	CPU_4	0	0	0	100.00	0	0	0	0	0	0
1428594052029900221	CPU_4	0	0	0	100.00	0	0	0	0	0	0
1428594052731862154	CPU_4	0	0	0	100.00	0	0	0	0	0	0
1428594053417006818	CPU_4	0	0	0	100.00	0	0	0	0	0	0
1428594054106124601	CPU_4	0	0	0	100.00	0	0	0	0	0	0
1428594054805404163	CPU_4	0	0	0	100.00	0	0	0	0	0	0
1428594055493879530	CPU_4	0	0	0	100.00	0	0	0	0	0	0
1428594056183268146	CPU_4	0	0	0	100.00	0	0	0	0	0	0
1428594056882639416	CPU_4	0	0	0	100.00	0	0	0	0	0	0
1428594057573058156	CPU_4	0	0	0	100.00	0	0	0	0	0	0
1428594058265065977	CPU_4	0	0	0	100.00	0	0	0	0	0	0
1428594058963757998	CPU_4	0	0	0	100.00	0	0	0	0	0	0
1428594059654942653	CPU_4	0	0	0	100.00	0	0	0	0	0	0
1428594060364104369	CPU_4	0	0	0	100.00	0	0	0	0	0	0
1428594061058774770	CPU_4	0	0	0	100.00	0	0	0	0	0	0
1428594061751503466	CPU_4	0	0	0	100.00	0	0	0	0	0	0
1428594062455351272	CPU_4	0	0	0	100.00	0	0	0	0	0	0
1428594063148465508	CPU_4	0	0	0	100.00	0	0	0	0	0	0
1428594063842511494	CPU_4	0	0	0	100.00	0	0	0	0	0	0
1428594064544869302	CPU_4	0	0	0	100.00	0	0	0	0	0	0
1428594065237759080	CPU_4	0	0	0	100.00	0	0	0	0	0	0
1428594065930352401	CPU_4	0	0	0	100.00	0	0	0	0	0	0
1428594066631030252	CPU_4	0	0	0	100.00	0	0	0	0	0	0
1428594067323501740	CPU_4	0	0	0	100.00	0	0	0	0	0	0
1428594068016001019	CPU_4	0	0	0	100.00	0	0	0	0	0	0
1428594068716902162	CPU_4	0	0	0	100.00	0	0	0	0	0	0
1428594069410189357	CPU_4	0	0	0	100.00	0	0	0	0	0	0
1428594070111069250	CPU_4	0	0	0	100.00	0	0	0	0	0	0
1428594070803266946	CPU_4	0	0	0	100.00	0	0	0	0	0	0
1428594071495522351	CPU_4	0	0	0	100.00	0	0	0	0	0	0
1428594072203537526	CPU_4	0	0	0	100.00	0	0	0	0	0	0
1428594072894203100	CPU_4	0	0	0	100.00	0	0	0	0	0	0
1428594073588728168	CPU_4	0	0	0	100.00	0	0	0	0	0	0
1428594074291420434	CPU_4	0	0	0	100.00	0	0	0	0	0	0
1428594074985121461	CPU_4	0	0	0	100.00	0	0	0	0	0	0
1428594075677464741	CPU_4	0	0	0	100.00	0	0	0	0	0	0
1428594076379160883	CPU_4	0	0	0	100.00	0	0	0	0	0	0
1428594077073752660	CPU_4	0	0	0	100.00	0	0	0	0	0	0
1428594077774337887	CPU_4	0	0	0	100.00	0	0	0	0	0	0
1428594078468812289	CPU_4	0	0	0	100.00	0	0	0	0	0	0
1428594079163055732	CPU_4	0	0	0	100.00	0	0	0	0	0	0
1428594079866011040	CPU_4	0	0	0	100.00	0	0	0	0	0	0
1428594080557694570	CPU_4	0	0	0	100.00	0	0	0	0	0	0
1428594081251906139	CPU_4	0	0	0	100.00	0	0	0	0	0	0
1428594081954618572	CPU_4	0	0	0	100.00	0	0	0	0	0	0
1428594082646976309	CPU_4	0	0	0	100.00	0	0	0	0	0	0
1428594083343899125	CPU_4	0	0	0	100.00	0	0	0	0	0	0
1428594084041772814	CPU_4	0	0	0	100.00	0	0	0	0	0	0
1428594084735763883	CPU_4	0	0	0	100.00	0	0	0	0	0	0
1428594085427377288	CPU_4	0	0	0	100.00	0	0	0	0	0	0
1428594086128230724	CPU_4	0	0	0	100.00	0	0	0	0	0	0
1428594086820642128	CPU_4	0	0	0	100.00	0	0	0	0	0	0
1428594087516570111	CPU_4	0	0	0	100.00	0	0	0	0	0	0
1428594088214540509	CPU_4	0	0	0	100.00	0	0	0	0	0	0
1428594088908143495	CPU_4	0	0	0	100.00	0	0	0	0	0	0
1428594089608845430	CPU_4	0	0	0	100.00	0	0	0	0	0	0
1428594090301464585	CPU_4	0	0	0	100.00	0	0	0	0	0	0
1428594090993022949	CPU_4	0	0	0	100.00	0	0	0	0	0	0
1428594091694299134	CPU_4	0	0	0	100.00	0	0	0	0	0	0
1428594092386302789	CPU_4	0	0	0	100.00	0	0	0	0	0	0
1428594093081416231	CPU_4	0	0	0	100.00	0	0	0	0	0	0
1428594093783165291	CPU_4	0	0	0	100.00	0	0	0	0	0	0
1428594094477239943	CPU_4	0	0	0	100.00	0	0	0	0	0	0
1428594095169940889	CPU_4	0	0	0	100.00	0	0	0	0	0	0
1428594095872564322	CPU_4	0	0	0	100.00	0	0	0	0	0	0
1428594096565157102	CPU_4	0	0	0	100.00	0	0	0	0	0	0
1428594097272513779	CPU_4	0	0	0	100.00	0	0	0	0	0	0
1428594097967249930	CPU_4	0	0	0	100.00	0	0	0	0	0	0
1428594098660866542	CPU_4	0	0	0	100.00	0	0	0	0	0	0
1428594099362362143	CPU_4	0	0	0	100.00	0	0	0	0	0	0
1428594100059513542	CPU_4	0	0	0	100.00	0	0	0	0	0	0
1428594100752139905	CPU_4	0	0	0	100.00	0	0	0	0	0	0
1428594101453317882	CPU_4	0	0	0	100.00	0	0	0	0	0	0
1428594102146122286	CPU_4	0	0	0	100.00	0	0	0	0	0	0
1428594102841187937	CPU_4	0	0	0	100.00	0	0	0	0	0	0
1428594103541680748	CPU_4	0	0	0	100.00	0	0	0	0	0	0
1428594104234942985	CPU_4	0	0	0	100.00	0	0	0	0	0	0
1428594104930339303	CPU_4	0	0	0	100.00	0	0	0	0	0	0
1428594105632611195	CPU_4	0	0	0	100.00	0	0	0	0	0	0
1428594106326466181	CPU_4	0	0	0	100.00	0	0	0	0	0	0
1428594107032325860	CPU_4	0	0	0	100.00	0	0	0	0	0	0
1428594107723809391	CPU_4	0	0	0	100.00	0	0	0	0	0	0
1428594108420012125	CPU_4	0	0	0	100.00	0	0	0	0	0	0
1428594109121587351	CPU_4	0	0	0	100.00	0	0	0	0	0	0
1428594109817482252	CPU_4	0	0	0	100.00	0	0	0	0	0	0
1428594110511954154	CPU_4	0	0	0	100.00	0	0	0	0	0	0
1428594111216305918	CPU_4	0	0	0	100.00	0	0	0	0	0	0
1428594111911471070	CPU_4	0	0	0	100.00	0	0	0	0	0	0
1428594112605574889	CPU_4	0	0	0	100.00	0	0	0	0	0	0
1428594113310483195	CPU_4	0	0	0	100.00	0	0	0	0	0	0
1428594114005982846	CPU_4	0	0	0	100.00	0	0	0	0	0	0
1428594114709709820	CPU_4	0	0	0	100.00	0	0	0	0	0	0
1428594115407710676	CPU_4	0	0	0	100.00	0	0	0	0	0	0
1428594116101365204	CPU_4	0	0	0	100.00	0	0	0	0	0	0
1428594116807668758	CPU_4	0	0	0	100.00	0	0	0	0	0	0
1428594117498854289	CPU_4	0	0	0	100.00	0	0	0	0	0	0
1428594118194593732	CPU_4	0	0	0	100.00	0	0	0	0	0	0
1428594118900228495	CPU_4	0	0	0	100.00	0	0	0	0	0	0
1428594119593588940	CPU_4	0	0	0	100.00	0	0	0	0	0	0
1428594120290537215	CPU_4	0	0	0	100.00	0	0	0	0	0	0
1428594120992876524	CPU_4	0	0	0	100.00	0	0	0	0	0	0
1428594121691274213	CPU_4	0	0	0	100.00	0	0	0	0	0	0
1428594122392959231	CPU_4	0	0	0	100.00	0	0	0	0	0	0
1428594123091256587	CPU_4	0	0	0	100.00	0	0	0	0	0	0
1428594123787822445	CPU_4	0	0	0	100.00	0	0	0	0	0	0
1428594124490936753	CPU_4	0	0	0	100.00	0	0	0	0	0	0
1428594125184591573	CPU_4	0	0	0	100.00	0	0	0	0	0	0
1428594125878797143	CPU_4	0	0	0	100.00	0	0	0	0	0	0
1428594126583395282	CPU_4	0	0	0	100.00	0	0	0	0	0	0
1428594127276801519	CPU_4	0	0	0	100.00	0	0	0	0	0	0
1428594127972673462	CPU_4	0	0	0	100.00	0	0	0	0	0	0
1428594128676243894	CPU_4	0	0	0	100.00	0	0	0	0	0	0
1428594129372978919	CPU_4	0	0	0	100.00	0	0	0	0	0	0
1428594130067819613	CPU_4	0	0	0	100.00	0	0	0	0	0	0
1428594130775164874	CPU_4	0	0	0	100.00	0	0	0	0	0	0
1428594131468119778	CPU_4	0	0	0	100.00	0	0	0	0	0	0
1428594132172707585	CPU_4	0	0	0	100.00	0	0	0	0	0	0
1428594132865230032	CPU_4	0	0	0	100.00	0	0	0	0	0	0
1428594133560431600	CPU_4	0	0	0	100.00	0	0	0	0	0	0
1428594134261879619	CPU_4	0	0	0	100.00	0	0	0	0	0	0
1428594134955661981	CPU_4	0	0	0	100.00	0	0	0	0	0	0
1428594135653327712	CPU_4	0	0	0	100.00	0	0	0	0	0	0
1428594136357950185	CPU_4	0	0	0	100.00	0	0	0	0	0	0
1428594137047897469	CPU_4	0	0	0	100.00	0	0	0	0	0	0
1428594137742082289	CPU_4	0	0	0	100.00	0	0	0	0	0	0
1428594138444776806	CPU_4	0	0	0	100.00	0	0	0	0	0	0
1428594139137223670	CPU_4	0	0	0	100.00	0	0	0	0	0	0
1428594139840329395	CPU_4	0	0	0	100.00	0	0	0	0	0	0
1428594140540263665	CPU_4	0	0	0	100.00	0	0	0	0	0	0
1428594141232239696	CPU_4	0	0	0	100.00	0	0	0	0	0	0
1428594141938317209	CPU_4	0	0	0	100.00	0	0	0	0	0	0
1428594142632859612	CPU_4	0	0	0	100.00	0	0	0	0	0	0
1428594143332916382	CPU_4	0	0	0	100.00	0	0	0	0	0	0
1428594144036187816	CPU_4	0	0	0	100.00	0	0	0	0	0	0
1428594144737574126	CPU_4	0	0	0	100.00	0	0	0	0	0	0
1428594145436068649	CPU_4	0	0	0	100.00	0	0	0	0	0	0
1428594146143088702	CPU_4	0	0	0	100.00	0	0	0	0	0	0
1428594146835384441	CPU_4	0	0	0	100.00	0	0	0	0	0	0
1428594147548362737	CPU_4	0	0	0	100.00	0	0	0	0	0	0
1428594148241212101	CPU_4	0	0	0	100.00	0	0	0	0	0	0
1428594148935734337	CPU_4	0	0	0	100.00	0	0	0	0	0	0
1428594149662679323	CPU_4	0	0	0	100.00	0	0	0	0	0	0
1428594150359579015	CPU_4	0	0	0	100.00	0	0	0	0	0	0
1428594151051920504	CPU_4	0	0	0	100.00	0	0	0	0	0	0
1428594151757278184	CPU_4	0	0	0	100.00	0	0	0	0	0	0
1428594152453414377	CPU_4	0	0	0	100.00	0	0	0	0	0	0
1428594153147572405	CPU_4	0	0	0	100.00	0	0	0	0	0	0
1428594153852198837	CPU_4	0	0	0	100.00	0	0	0	0	0	0
1428594154548332113	CPU_4	0	0	0	100.00	0	0	0	0	0	0
1428594155258792495	CPU_4	0	0	0	100.00	0	0	0	0	0	0
1428594155956412936	CPU_4	0	0	0	100.00	0	0	0	0	0	0
1428594156651068714	CPU_4	0	0	0	100.00	0	0	0	0	0	0
1428594157356653186	CPU_4	0	0	0	100.00	0	0	0	0	0	0
1428594158052338129	CPU_4	0	0	0	100.00	0	0	0	0	0	0
1428594158751227901	CPU_4	0	0	0	100.00	0	0	0	0	0	0
1428594159455850750	CPU_4	0	0	0	100.00	0	0	0	0	0	0
1428594160151819818	CPU_4	0	0	0	100.00	0	0	0	0	0	0
1428594160851111464	CPU_4	0	0	0	100.00	0	0	0	0	0	0
1428594161555499647	CPU_4	0	0	0	100.00	0	0	0	0	0	0
1428594162250392507	CPU_4	0	0	0	100.00	0	0	0	0	0	0
1428594162964697052	CPU_4	0	0	0	100.00	0	0	0	0	0	0
1428594163658109081	CPU_4	0	0	0	100.00	0	0	0	0	0	0
1428594164356418146	CPU_4	0	0	0	100.00	0	0	0	0	0	0
1428594165059417497	CPU_4	0	0	0	100.00	0	0	0	0	0	0
1428594165758341061	CPU_4	0	0	0	100.00	0	0	0	0	0	0
1428594166454833212	CPU_4	0	0	0	100.00	0	0	0	0	0	0
1428594167161286391	CPU_4	0	0	0	100.00	0	0	0	0	0	0
1428594167858472541	CPU_4	0	0	0	100.00	0	0	0	0	0	0
1428594168555313858	CPU_4	0	0	0	100.00	0	0	0	0	0	0
1428594169258407208	CPU_4	0	0	0	100.00	0	0	0	0	0	0
1428594169956360940	CPU_4	0	0	0	100.00	0	0	0	0	0	0
1428594170660546248	CPU_4	0	0	0	100.00	0	0	0	0	0	0
1428594171356605608	CPU_4	0	0	0	100.00	0	0	0	0	0	0
1428594172052177343	CPU_4	0	0	0	100.00	0	0	0	0	0	0
1428594172758785647	CPU_4	0	0	0	100.00	0	0	0	0	0	0
1428594173453305175	CPU_4	0	0	0	100.00	0	0	0	0	0	0
1428594174149424493	CPU_4	0	0	0	100.00	0	0	0	0	0	0
1428594174854160800	CPU_4	0	0	0	100.00	0	0	0	0	0	0
1428594175549579661	CPU_4	0	0	0	100.00	0	0	0	0	0	0
1428594176243530481	CPU_4	0	0	0	100.00	0	0	0	0	0	0
1428594176951127660	CPU_4	0	0	0	100.00	0	0	0	0	0	0
1428594177646016812	CPU_4	0	0	0	100.00	0	0	0	0	0	0
1428594178351446535	CPU_4	0	0	0	100.00	0	0	0	0	0	0
1428594179044910857	CPU_4	0	0	0	100.00	0	0	0	0	0	0
1428594179740857425	CPU_4	0	0	0	100.00	0	0	0	0	0	0
1428594180444338275	CPU_4	0	0	0	100.00	0	0	0	0	0	0
1428594181138420804	CPU_4	0	0	0	100.00	0	0	0	0	0	0
1428594181833256665	CPU_4	0	0	0	100.00	0	0	0	0	0	0
1428594182538705180	CPU_4	0	0	0	100.00	0	0	0	0	0	0
1428594183230757378	CPU_4	0	0	0	100.00	0	0	0	0	0	0
1428594183927521403	CPU_4	0	0	0	100.00	0	0	0	0	0	0
1428594184630495088	CPU_4	0	0	0	100.00	0	0	0	0	0	0
1428594185328038404	CPU_4	0	0	0	100.00	0	0	0	0	0	0
1428594186032127712	CPU_4	0	0	0	100.00	0	0	0	0	0	0
1428594186730191111	CPU_4	0	0	0	100.00	0	0	0	0	0	0
1428594187427305761	CPU_4	0	0	0	100.00	0	0	0	0	0	0
1428594188134538398	CPU_4	0	0	0	100.00	0	0	0	0	0	0
1428594188833240713	CPU_4	0	0	0	100.00	0	0	0	0	0	0
1428594189529106532	CPU_4	0	0	0	100.00	0	0	0	0	0	0
1428594190232849840	CPU_4	0	0	0	100.00	0	0	0	0	0	0
1428594190931275822	CPU_4	0	0	0	100.00	0	0	0	0	0	0
1428594191623836395	CPU_4	0	0	0	100.00	0	0	0	0	0	0
1428594192329660367	CPU_4	0	0	0	100.00	0	0	0	0	0	0
1428594193023228980	CPU_4	0	0	0	100.00	0	0	0	0	0	0
1428594193728537995	CPU_4	0	0	0	100.00	0	0	0	0	0	0
1428594194424526522	CPU_4	0	0	0	100.00	0	0	0	0	0	0
1428594195119311883	CPU_4	0	0	0	100.00	0	0	0	0	0	0
1428594195824582773	CPU_4	0	0	0	100.00	0	0	0	0	0	0
1428594196521296341	CPU_4	0	0	0	100.00	0	0	0	0	0	0
1428594197214971162	CPU_4	0	0	0	100.00	0	0	0	0	0	0
1428594197924478172	CPU_4	0	0	0	100.00	0	0	0	0	0	0
1428594198620932739	CPU_4	0	0	0	100.00	0	0	0	0	0	0
1428594199316385600	CPU_4	0	0	0	100.00	0	0	0	0	0	0
1428594200020568075	CPU_4	0	0	0	100.00	0	0	0	0	0	0
1428594200717807683	CPU_4	0	0	0	100.00	0	0	0	0	0	0
1428594201422474616	CPU_4	0	0	0	100.00	0	0	0	0	0	0
1428594202121345847	CPU_4	0	0	0	100.00	0	0	0	0	0	0
1428594202818232332	CPU_4	0	0	0	100.00	0	0	0	0	0	0
1428594203526221468	CPU_4	0	0	0	100.00	0	0	0	0	0	0
1428594204261861653	CPU_4	0	0	0	100.00	0	0	0	0	0	0
1428594204991316095	CPU_4	2.63	0	3.94	93.42	0	0	0	0	0	0
1428594205684734417	CPU_4	0	0	0	100.00	0	0	0	0	0	0
1428594206381666984	CPU_4	0	0	0	100.00	0	0	0	0	0	0
1428594207089214288	CPU_4	0	0	0	100.00	0	0	0	0	0	0
1428594207783550817	CPU_4	0	0	0	100.00	0	0	0	0	0	0
1428594208480537343	CPU_4	0	0	0	100.00	0	0	0	0	0	0
1428594209187473773	CPU_4	0	0	0	100.00	0	0	0	0	0	0
1428594209880477678	CPU_4	0	0	0	100.00	0	0	0	0	0	0
1428594210578439328	CPU_4	0	0	0	100.00	0	0	0	0	0	0
1428594211282755719	CPU_4	0	0	0	100.00	0	0	0	0	0	0
1428594211979659828	CPU_4	0	0	0	100.00	0	0	0	0	0	0
1428594212687565673	CPU_4	0	0	0	100.00	0	0	0	0	0	0
1428594213384918782	CPU_4	0	0	0	100.00	0	0	0	0	0	0
1428594214086608010	CPU_4	0	0	0	100.00	0	0	0	0	0	0
1428594214792780608	CPU_4	0	0	0	100.00	0	0	0	0	0	0
1428594215489631634	CPU_4	0	0	0	100.00	0	0	0	0	0	0
1428594216184618954	CPU_4	0	0	0	100.00	0	0	0	0	0	0
1428594216889354428	CPU_4	0	0	0	100.00	0	0	0	0	0	0
1428594217589597866	CPU_4	0	0	0	100.00	0	0	0	0	0	0
1428594218282729897	CPU_4	0	0	0	100.00	0	0	0	0	0	0
1428594218991039075	CPU_4	0	0	0	100.00	0	0	0	0	0	0
1428594219691403763	CPU_4	0	0	0	100.00	0	0	0	0	0	0
1428594220401293606	CPU_4	0	0	0	100.00	0	0	0	0	0	0
1428594221099186381	CPU_4	0	0	0	100.00	0	0	0	0	0	0
1428594221799637819	CPU_4	0	0	0	100.00	0	0	0	0	0	0
1428594222506104374	CPU_4	0	0	0	100.00	0	0	0	0	0	0
1428594223205981355	CPU_4	0	0	0	100.00	0	0	0	0	0	0
1428594223903855463	CPU_4	0	0	0	100.00	0	0	0	0	0	0
1428594224612749932	CPU_4	0	0	0	100.00	0	0	0	0	0	0
1428594225310350916	CPU_4	0	0	0	100.00	0	0	0	0	0	0
1428594226022073423	CPU_4	0	0	0	100.00	0	0	0	0	0	0
1428594226717744659	CPU_4	0	0	0	100.00	0	0	0	0	0	0
1428594227416521266	CPU_4	0	0	0	100.00	0	0	0	0	0	0
1428594228123877279	CPU_4	0	0	0	100.00	0	0	0	0	0	0
1428594228823926134	CPU_4	0	0	0	100.00	0	0	0	0	0	0
1428594229523031866	CPU_4	0	0	0	100.00	0	0	0	0	0	0
1428594230230683712	CPU_4	0	0	0	100.00	0	0	0	0	0	0
1428594230928982778	CPU_4	0	0	0	100.00	0	0	0	0	0	0
1428594231645097363	CPU_4	0	0	0	100.00	0	0	0	0	0	0
1428594232342712013	CPU_4	0	0	0	100.00	0	0	0	0	0	0
1428594233042135578	CPU_4	0	0	0	100.00	0	0	0	0	0	0
1428594233749300174	CPU_4	0	0	0	100.00	0	0	0	0	0	0
1428594234447569324	CPU_4	0	0	0	100.00	0	0	0	0	0	0
1428594235148116387	CPU_4	0	0	0	100.00	0	0	0	0	0	0
1428594235856998939	CPU_4	0	0	0	100.00	0	0	0	0	0	0
1428594236554081424	CPU_4	0	0	0	100.00	0	0	0	0	0	0
1428594237262922893	CPU_4	0	0	0	100.00	0	0	0	0	0	0
1428594237965283746	CPU_4	0	0	0	100.00	0	0	0	0	0	0
1428594238663352021	CPU_4	0	0	0	100.00	0	0	0	0	0	0
1428594239371837657	CPU_4	0	0	0	100.00	0	0	0	0	0	0
1428594240072429845	CPU_4	0	0	0	100.00	0	0	0	0	0	0
1428594240768468540	CPU_4	0	0	0	100.00	0	0	0	0	0	0
1428594241477798300	CPU_4	0	0	0	100.00	0	0	0	0	0	0
1428594242175864658	CPU_4	0	0	0	100.00	0	0	0	0	0	0
1428594242873321517	CPU_4	0	0	0	100.00	0	0	0	0	0	0
1428594243581449696	CPU_4	0	0	0	100.00	0	0	0	0	0	0
1428594244280316261	CPU_4	0	0	0	100.00	0	0	0	0	0	0
1428594244985993318	CPU_4	0	0	0	100.00	0	0	0	0	0	0
1428594245688934420	CPU_4	0	0	0	100.00	0	0	0	0	0	0
1428594246386260030	CPU_4	0	0	0	100.00	0	0	0	0	0	0
1428594247092935627	CPU_4	0	0	0	100.00	0	0	0	0	0	0
1428594247790647152	CPU_4	0	0	0	100.00	0	0	0	0	0	0
1428594248490468675	CPU_4	0	0	0	100.00	0	0	0	0	0	0
1428594249196100190	CPU_4	0	0	0	100.00	0	0	0	0	0	0
1428594249894729048	CPU_4	0	0	0	100.00	0	0	0	0	0	0
1428594250602669435	CPU_4	0	0	0	100.00	0	0	0	0	0	0
1428594251303337874	CPU_4	0	0	0	100.00	0	0	0	0	0	0
1428594252000982108	CPU_4	0	0	0	100.00	0	0	0	0	0	0
1428594252710902493	CPU_4	0	0	0	100.00	0	0	0	0	0	0
1428594253407722894	CPU_4	0	0	0	100.00	0	0	0	0	0	0
1428594254108523249	CPU_4	0	0	0	100.00	0	0	0	0	0	0
1428594254815731054	CPU_4	0	0	0	100.00	0	0	0	0	0	0
1428594255514501787	CPU_4	0	0	0	100.00	0	0	0	0	0	0
1428594256215985391	CPU_4	0	0	0	100.00	0	0	0	0	0	0
1428594256925157735	CPU_4	0	0	0	100.00	0	0	0	0	0	0
1428594257623396343	CPU_4	0	0	0	100.00	0	0	0	0	0	0
1428594258333046145	CPU_4	0	0	0	100.00	0	0	0	0	0	0
1428594259032750002	CPU_4	0	0	0	100.00	0	0	0	0	0	0
1428594259731365401	CPU_4	0	0	0	100.00	0	0	0	0	0	0
1428594260439067664	CPU_4	0	0	0	100.00	0	0	0	0	0	0
1428594261140135477	CPU_4	0	0	0	100.00	0	0	0	0	0	0
1428594261837054796	CPU_4	0	0	0	100.00	0	0	0	0	0	0
1428594262547771055	CPU_4	0	0	0	100.00	0	0	0	0	0	0
1428594263245900746	CPU_4	0	0	0	100.00	0	0	0	0	0	0
1428594263960037043	CPU_4	0	0	0	100.00	0	0	0	0	0	0
1428594264662321479	CPU_4	0	0	0	100.00	0	0	0	0	0	0
1428594265363600584	CPU_4	0	0	0	100.00	0	0	0	0	0	0
1428594266071431597	CPU_4	0	0	0	100.00	0	0	0	0	0	0
1428594266772123660	CPU_4	0	0	0	100.00	0	0	0	0	0	0
1428594267472047100	CPU_4	0	0	0	100.00	0	0	0	0	0	0
1428594268181753777	CPU_4	0	0	0	100.00	0	0	0	0	0	0
1428594268880968926	CPU_4	0	0	0	100.00	0	0	0	0	0	0
1428594269611310160	CPU_4	0	0	0	100.00	0	0	0	0	0	0
1428594270307499354	CPU_4	0	0	0	100.00	0	0	0	0	0	0
1428594271009243917	CPU_4	0	0	0	100.00	0	0	0	0	0	0
1428594271718878636	CPU_4	0	0	0	100.00	0	0	0	0	0	0
1428594272417079161	CPU_4	0	0	0	100.00	0	0	0	0	0	0
1428594273116891851	CPU_4	0	0	0	100.00	0	0	0	0	0	0
1428594273826569945	CPU_4	0	0	0	100.00	0	0	0	0	0	0
1428594274522993430	CPU_4	0	0	0	100.00	0	0	0	0	0	0
1428594275237034019	CPU_4	0	0	0	100.00	0	0	0	0	0	0
1428594275936918834	CPU_4	0	0	0	100.00	0	0	0	0	0	0
1428594276636902898	CPU_4	0	0	0	100.00	0	0	0	0	0	0
1428594277347581824	CPU_4	0	0	0	100.00	0	0	0	0	0	0
1428594278048535138	CPU_4	0	0	0	100.00	0	0	0	0	0	0
1428594278747283912	CPU_4	0	0	0	100.00	0	0	0	0	0	0
1428594279457487214	CPU_4	0	0	0	100.00	0	0	0	0	0	0
1428594280157191196	CPU_4	0	0	0	100.00	0	0	0	0	0	0
1428594280862327296	CPU_4	0	0	0	100.00	0	0	0	0	0	0
1428594281567114146	CPU_4	0	0	0	100.00	0	0	0	0	0	0
1428594282268192918	CPU_4	0	0	0	100.00	0	0	0	0	0	0
1428594282974924557	CPU_4	0	0	0	100.00	0	0	0	0	0	0
1428594283677013119	CPU_4	0	0	0	100.00	0	0	0	0	0	0
1428594284375903269	CPU_4	0	0	0	100.00	0	0	0	0	0	0
1428594285085818738	CPU_4	0	0	0	100.00	0	0	0	0	0	0
1428594285785428803	CPU_4	0	0	0	100.00	0	0	0	0	0	0
1428594286487259657	CPU_4	0	0	0	100.00	0	0	0	0	0	0
1428594287192932631	CPU_4	0	0	0	100.00	0	0	0	0	0	0
1428594287893246112	CPU_4	0	0	0	100.00	0	0	0	0	0	0
1428594288602307749	CPU_4	0	0	0	100.00	0	0	0	0	0	0
1428594289300791983	CPU_4	0	0	0	100.00	0	0	0	0	0	0
1428594289999045508	CPU_4	0	0	0	100.00	0	0	0	0	0	0
1428594290710629641	CPU_4	0	0	0	100.00	0	0	0	0	0	0
1428594291406983753	CPU_4	0	0	0	100.00	0	0	0	0	0	0
1428594292108045441	CPU_4	0	0	0	100.00	0	0	0	0	0	0
1428594292816682537	CPU_4	0	0	0	100.00	0	0	0	0	0	0
1428594293515615978	CPU_4	0	0	0	100.00	0	0	0	0	0	0
1428594294225032739	CPU_4	0	0	0	100.00	0	0	0	0	0	0
1428594294925847137	CPU_4	0	0	0	100.00	0	0	0	0	0	0
1428594295624931036	CPU_4	0	0	0	100.00	0	0	0	0	0	0
1428594296335692171	CPU_4	0	0	0	100.00	0	0	0	0	0	0
1428594297034071196	CPU_4	0	0	0	100.00	0	0	0	0	0	0
1428594297736699508	CPU_4	0	0	0	100.00	0	0	0	0	0	0
1428594298447030393	CPU_4	0	0	0	100.00	0	0	0	0	0	0
1428594299148968872	CPU_4	0	0	0	100.00	0	0	0	0	0	0
1428594299856207345	CPU_4	0	0	0	100.00	0	0	0	0	0	0
1428594300557036825	CPU_4	0	0	0	100.00	0	0	0	0	0	0
1428594301257456181	CPU_4	0	0	0	100.00	0	0	0	0	0	0
1428594301966373193	CPU_4	0	0	0	100.00	0	0	0	0	0	0
1428594302667258882	CPU_4	0	0	0	100.00	0	0	0	0	0	0
1428594303367852197	CPU_4	0	0	0	100.00	0	0	0	0	0	0
1428594304075106711	CPU_4	0	0	0	100.00	0	0	0	0	0	0
1428594304777509648	CPU_4	0	0	0	100.00	0	0	0	0	0	0
1428594305486233285	CPU_4	0	0	0	100.00	0	0	0	0	0	0
1428594306186208600	CPU_4	0	0	0	100.00	0	0	0	0	0	0
1428594306886032208	CPU_4	0	0	0	100.00	0	0	0	0	0	0
1428594307597344717	CPU_4	0	0	0	100.00	0	0	0	0	0	0
1428594308296122783	CPU_4	0	0	0	100.00	0	0	0	0	0	0
1428594308997751971	CPU_4	0	0	0	100.00	0	0	0	0	0	0
1428594309711351769	CPU_4	0	0	0	100.00	0	0	0	0	0	0
1428594310417897826	CPU_4	0	0	0	100.00	0	0	0	0	0	0
1428594311127007588	CPU_4	0	0	0	100.00	0	0	0	0	0	0
1428594311829718525	CPU_4	0	0	0	100.00	0	0	0	0	0	0
1428594312527354801	CPU_4	0	0	0	100.00	0	0	0	0	0	0
1428594313239839309	CPU_4	0	0	0	100.00	0	0	0	0	0	0
1428594313940226374	CPU_4	0	0	0	100.00	0	0	0	0	0	0
1428594314641032771	CPU_4	0	0	0	100.00	0	0	0	0	0	0
1428594315349878742	CPU_4	0	0	0	100.00	0	0	0	0	0	0
1428594316052025096	CPU_4	0	0	0	100.00	0	0	0	0	0	0
1428594316762254732	CPU_4	0	0	0	100.00	0	0	0	0	0	0
1428594317464529669	CPU_4	0	0	0	100.00	0	0	0	0	0	0
1428594318164802901	CPU_4	0	0	0	100.00	0	0	0	0	0	0
1428594318875525244	CPU_4	0	0	0	100.00	0	0	0	0	0	0
1428594319574660436	CPU_4	0	0	0	100.00	0	0	0	0	0	0
1428594320276030333	CPU_4	0	0	0	100.00	0	0	0	0	0	0
1428594320983242472	CPU_4	0	0	0	100.00	0	0	0	0	0	0
1428594321689512488	CPU_4	0	0	0	100.00	0	0	0	0	0	0
1428594322401622580	CPU_4	0	0	0	100.00	0	0	0	0	0	0
1428594323102325394	CPU_4	0	0	0	100.00	0	0	0	0	0	0
1428594323804510665	CPU_4	0	0	0	100.00	0	0	0	0	0	0
1428594324515945049	CPU_4	0	0	0	100.00	0	0	0	0	0	0
1428594325216749531	CPU_4	0	0	0	100.00	0	0	0	0	0	0
1428594325918044469	CPU_4	0	0	0	100.00	0	0	0	0	0	0
1428594326627516856	CPU_4	0	0	0	100.00	0	0	0	0	0	0
1428594327332655582	CPU_4	0	0	0	100.00	0	0	0	0	0	0
1428594328041745636	CPU_4	0	0	0	100.00	0	0	0	0	0	0
1428594328744631031	CPU_4	0	0	0	100.00	0	0	0	0	0	0
1428594329448369758	CPU_4	0	0	0	100.00	0	0	0	0	0	0
1428594330159066643	CPU_4	0	0	0	100.00	0	0	0	0	0	0
1428594330858964417	CPU_4	0	0	0	100.00	0	0	0	0	0	0
1428594331562563353	CPU_4	0	0	0	100.00	0	0	0	0	0	0
1428594332280978562	CPU_4	0	0	0	100.00	0	0	0	0	0	0
1428594332982564917	CPU_4	0	0	0	100.00	0	0	0	0	0	0
1428594333694814926	CPU_4	0	0	0	100.00	0	0	0	0	0	0
1428594334393533076	CPU_4	0	0	0	100.00	0	0	0	0	0	0
1428594335093167976	CPU_4	0	0	0	100.00	0	0	0	0	0	0
1428594335806167733	CPU_4	0	0	0	100.00	0	0	0	0	0	0
1428594336503556844	CPU_4	0	0	0	100.00	0	0	0	0	0	0
1428594337205659657	CPU_4	0	0	0	100.00	0	0	0	0	0	0
1428594337915308960	CPU_4	0	0	0	100.00	0	0	0	0	0	0
1428594338615031568	CPU_4	0	0	0	100.00	0	0	0	0	0	0
1428594339324406205	CPU_4	0	0	0	100.00	0	0	0	0	0	0
1428594340025576102	CPU_4	0	0	0	100.00	0	0	0	0	0	0
1428594340724633669	CPU_4	0	0	0	100.00	0	0	0	0	0	0
1428594341435960554	CPU_4	0	0	0	100.00	0	0	0	0	0	0
1428594342135118371	CPU_4	0	0	0	100.00	0	0	0	0	0	0
1428594342835310311	CPU_4	0	0	0	100.00	0	0	0	0	0	0
1428594343545025740	CPU_4	0	0	0	100.00	0	0	0	0	0	0
1428594344247219303	CPU_4	0	0	0	100.00	0	0	0	0	0	0
1428594344957439480	CPU_4	0	0	0	100.00	0	0	0	0	0	0
1428594345663796871	CPU_4	0	0	0	100.00	0	0	0	0	0	0
1428594346365317352	CPU_4	0	0	0	100.00	0	0	0	0	0	0
1428594347074627698	CPU_4	0	0	0	100.00	0	0	0	0	0	0
1428594347776461886	CPU_4	0	0	0	100.00	0	0	0	0	0	0
1428594348478119700	CPU_4	0	0	0	100.00	0	0	0	0	0	0
1428594349187737462	CPU_4	0	0	0	100.00	0	0	0	0	0	0
1428594349891922606	CPU_4	0	0	0	100.00	0	0	0	0	0	0
1428594350606271070	CPU_4	0	0	0	100.00	0	0	0	0	0	0
1428594351306971385	CPU_4	0	0	0	100.00	0	0	0	0	0	0
1428594352008175908	CPU_4	0	0	0	100.00	0	0	0	0	0	0
1428594352725620618	CPU_4	0	0	0	100.00	0	0	0	0	0	0
1428594353424085894	CPU_4	0	0	0	100.00	0	0	0	0	0	0
1428594354126816873	CPU_4	0	0	0	100.00	0	0	0	0	0	0
1428594354837872383	CPU_4	0	0	0	100.00	0	0	0	0	0	0
1428594355539567114	CPU_4	0	0	0	100.00	0	0	0	0	0	0
1428594356251547165	CPU_4	0	0	0	100.00	0	0	0	0	0	0
1428594356953078312	CPU_4	0	0	0	100.00	0	0	0	0	0	0
1428594357652406837	CPU_4	0	0	0	100.00	0	0	0	0	0	0
1428594358364874721	CPU_4	0	0	0	100.00	0	0	0	0	0	0
1428594359065804910	CPU_4	0	0	0	100.00	0	0	0	0	0	0
1428594359767005558	CPU_4	0	0	0	100.00	0	0	0	0	0	0
1428594360477659777	CPU_4	0	0	0	100.00	0	0	0	0	0	0
1428594361180967631	CPU_4	0	0	0	100.00	0	0	0	0	0	0
1428594361893536889	CPU_4	0	0	0	100.00	0	0	0	0	0	0
1428594362595862536	CPU_4	0	0	0	100.00	0	0	0	0	0	0
1428594363297264808	CPU_4	0	0	0	100.00	0	0	0	0	0	0
1428594364012499438	CPU_4	0	0	0	100.00	0	0	0	0	0	0
1428594364710680673	CPU_4	0	0	0	100.00	0	0	0	0	0	0
1428594365414860068	CPU_4	0	0	0	100.00	0	0	0	0	0	0
1428594366127086368	CPU_4	0	0	0	100.00	0	0	0	0	0	0
1428594366830424222	CPU_4	0	0	0	100.00	0	0	0	0	0	0
1428594367540607150	CPU_4	0	0	0	100.00	0	0	0	0	0	0
1428594368244210836	CPU_4	0	0	0	100.00	0	0	0	0	0	0
1428594368943298195	CPU_4	0	0	0	100.00	0	0	0	0	0	0
1428594369658368409	CPU_4	0	0	0	100.00	0	0	0	0	0	0
1428594370359319057	CPU_4	0	0	0	100.00	0	0	0	0	0	0
1428594371058529250	CPU_4	0	0	0	100.00	0	0	0	0	0	0
1428594371770745717	CPU_4	0	0	0	100.00	0	0	0	0	0	0
1428594372473816571	CPU_4	0	0	0	100.00	0	0	0	0	0	0
1428594373181582586	CPU_4	0	0	0	100.00	0	0	0	0	0	0
1428594373888489101	CPU_4	0	0	0	100.00	0	0	0	0	0	0
1428594374590636415	CPU_4	0	0	0	100.00	0	0	0	0	0	0
1428594375304218881	CPU_4	0	0	0	100.00	0	0	0	0	0	0
1428594376006042403	CPU_4	0	0	0	100.00	0	0	0	0	0	0
1428594376707795300	CPU_4	0	0	0	100.00	0	0	0	0	0	0
1428594377419498393	CPU_4	0	0	0	100.00	0	0	0	0	0	0
1428594378122330289	CPU_4	0	0	0	100.00	0	0	0	0	0	0
1428594378833222425	CPU_4	0	0	0	100.00	0	0	0	0	0	0
1428594379533569949	CPU_4	0	0	0	100.00	0	0	0	0	0	0
1428594380234781639	CPU_4	0	0	0	100.00	0	0	0	0	0	0
1428594380948320772	CPU_4	0	0	0	100.00	0	0	0	0	0	0
1428594381649500670	CPU_4	0	0	0	100.00	0	0	0	0	0	0
1428594382354970313	CPU_4	0	0	0	100.00	0	0	0	0	0	0
1428594383064588867	CPU_4	0	0	0	100.00	0	0	0	0	0	0
1428594383781590412	CPU_4	0	0	0	100.00	0	0	0	0	0	0
1428594384533295325	CPU_4	0	0	0	100.00	0	0	0	0	0	0
1428594385238984755	CPU_4	0	0	0	100.00	0	0	0	0	0	0
1428594385943103148	CPU_4	0	0	0	100.00	0	0	0	0	0	0
1428594386654891030	CPU_4	0	0	0	100.00	0	0	0	0	0	0
1428594387359064506	CPU_4	0	0	0	100.00	0	0	0	0	0	0
1428594388071429221	CPU_4	0	0	0	100.00	0	0	0	0	0	0
1428594388771317328	CPU_4	0	0	0	100.00	0	0	0	0	0	0
1428594389474919555	CPU_4	0	0	0	100.00	0	0	0	0	0	0
1428594390184757731	CPU_4	0	0	0	100.00	0	0	0	0	0	0
1428594390886794753	CPU_4	0	0	0	100.00	0	0	0	0	0	0
1428594391588601274	CPU_4	0	0	0	100.00	0	0	0	0	0	0
1428594392301950903	CPU_4	0	0	0	100.00	0	0	0	0	0	0
1428594393001514720	CPU_4	0	0	0	100.00	0	0	0	0	0	0
1428594393715927723	CPU_4	0	0	0	100.00	0	0	0	0	0	0
1428594394417828328	CPU_4	0	0	0	100.00	0	0	0	0	0	0
1428594395119535058	CPU_4	0	0	0	100.00	0	0	0	0	0	0
1428594395831478273	CPU_4	0	0	0	100.00	0	0	0	0	0	0
1428594396534344293	CPU_4	0	0	0	100.00	0	0	0	0	0	0
1428594397233860443	CPU_4	0	0	0	100.00	0	0	0	0	0	0
1428594397952271773	CPU_4	0	0	0	100.00	0	0	0	0	0	0
1428594398654302670	CPU_4	0	0	0	100.00	0	0	0	0	0	0
1428594399370707087	CPU_4	0	0	0	100.00	0	0	0	0	0	0
1428594400070816069	CPU_4	0	0	0	100.00	0	0	0	0	0	0
1428594400775108129	CPU_4	0	0	0	100.00	0	0	0	0	0	0
1428594401488769300	CPU_4	0	0	0	100.00	0	0	0	0	0	0
1428594402190133156	CPU_4	0	0	0	100.00	0	0	0	0	0	0
1428594402901490455	CPU_4	0	0	0	100.00	0	0	0	0	0	0
1428594403609258468	CPU_4	0	0	0	100.00	0	0	0	0	0	0
1428594404308857702	CPU_4	0	0	0	100.00	0	0	0	0	0	0
1428594405021856166	CPU_4	0	0	0	100.00	0	0	0	0	0	0
1428594405723311396	CPU_4	0	0	0	100.00	0	0	0	0	0	0
1428594406426783332	CPU_4	0	0	0	100.00	0	0	0	0	0	0
1428594407137564008	CPU_4	0	0	0	100.00	0	0	0	0	0	0
1428594407841967026	CPU_4	0	0	0	100.00	0	0	0	0	0	0
1428594408551146787	CPU_4	0	0	0	100.00	0	0	0	0	0	0
1428594409259662133	CPU_4	0	0	0	100.00	0	0	0	0	0	0
1428594409963334319	CPU_4	0	0	0	100.00	0	0	0	0	0	0
1428594410674390535	CPU_4	0	0	0	100.00	0	0	0	0	0	0
1428594411376832182	CPU_4	0	0	0	100.00	0	0	0	0	0	0
1428594412082062657	CPU_4	0	0	0	100.00	0	0	0	0	0	0
1428594412791255210	CPU_4	0	0	0	100.00	0	0	0	0	0	0
1428594413497677350	CPU_4	0	0	0	100.00	0	0	0	0	0	0
1428594414211754063	CPU_4	0	0	0	100.00	0	0	0	0	0	0
1428594414916635997	CPU_4	0	0	0	100.00	0	0	0	0	0	0
1428594415617650937	CPU_4	0	0	0	100.00	0	0	0	0	0	0
1428594416331863941	CPU_4	0	0	0	100.00	0	0	0	0	0	0
1428594417034262046	CPU_4	0	0	0	100.00	0	0	0	0	0	0
1428594417740198395	CPU_4	0	0	0	100.00	0	0	0	0	0	0
1428594418452883443	CPU_4	0	0	0	100.00	0	0	0	0	0	0
1428594419157514045	CPU_4	0	0	0	100.00	0	0	0	0	0	0
1428594419869872635	CPU_4	0	0	0	100.00	0	0	0	0	0	0
1428594420573933363	CPU_4	0	0	0	100.00	0	0	0	0	0	0
1428594421276717717	CPU_4	0	0	0	100.00	0	0	0	0	0	0
1428594421993951258	CPU_4	2.77	0	5.55	91.66	0	0	0	0	0	0
1428594422695425573	CPU_4	0	0	0	100.00	0	0	0	0	0	0
1428594423398415219	CPU_4	0	0	0	100.00	0	0	0	0	0	0
1428594424108071396	CPU_4	0	0	0	100.00	0	0	0	0	0	0
1428594424809840044	CPU_4	0	0	0	100.00	0	0	0	0	0	0
1428594425521510968	CPU_4	0	0	0	100.00	0	0	0	0	0	0
1428594426222647784	CPU_4	0	0	0	100.00	0	0	0	0	0	0
1428594426924084598	CPU_4	0	0	0	100.00	0	0	0	0	0	0
1428594427635851273	CPU_4	0	0	0	100.00	0	0	0	0	0	0
1428594428335504840	CPU_4	0	0	0	100.00	0	0	0	0	0	0
1428594429040344608	CPU_4	0	0	0	100.00	0	0	0	0	0	0
1428594429752697157	CPU_4	0	0	0	100.00	0	0	0	0	0	0
1428594430454285222	CPU_4	0	0	0	100.00	0	0	0	0	0	0
1428594431165098981	CPU_4	0	0	0	100.00	0	0	0	0	0	0
1428594431870096416	CPU_4	0	0	0	100.00	0	0	0	0	0	0
1428594432568932776	CPU_4	0	0	0	100.00	0	0	0	0	0	0
1428594433281450575	CPU_4	0	0	0	100.00	0	0	0	0	0	0
1428594433985059679	CPU_4	0	0	0	100.00	0	0	0	0	0	0
1428594434686347702	CPU_4	0	0	0	100.00	0	0	0	0	0	0
1428594435398342585	CPU_4	0	0	0	100.00	0	0	0	0	0	0
1428594436103199645	CPU_4	0	0	0	100.00	0	0	0	0	0	0
1428594436814826195	CPU_4	0	0	0	100.00	0	0	0	0	0	0
1428594437519118381	CPU_4	0	0	0	100.00	0	0	0	0	0	0
1428594438221749653	CPU_4	0	0	0	100.00	0	0	0	0	0	0
1428594438939920318	CPU_4	0	0	0	100.00	0	0	0	0	0	0
1428594439642435465	CPU_4	0	0	0	100.00	0	0	0	0	0	0
1428594440360357673	CPU_4	0	0	0	100.00	0	0	0	0	0	0
1428594441064535568	CPU_4	0	0	0	100.00	0	0	0	0	0	0
1428594441769016295	CPU_4	0	0	0	100.00	0	0	0	0	0	0
1428594442481649677	CPU_4	0	0	0	100.00	0	0	0	0	0	0
1428594443186757570	CPU_4	0	0	0	100.00	0	0	0	0	0	0
1428594443887384303	CPU_4	0	0	0	100.00	0	0	0	0	0	0
1428594444600381727	CPU_4	0	0	0	100.00	0	0	0	0	0	0
1428594445303569456	CPU_4	0	0	0	100.00	0	0	0	0	0	0
1428594446017729586	CPU_4	0	0	0	100.00	0	0	0	0	0	0
1428594446720738774	CPU_4	0	0	0	100.00	0	0	0	0	0	0
1428594447427665957	CPU_4	0	0	0	100.00	0	0	0	0	0	0
1428594448141400838	CPU_4	0	0	0	100.00	0	0	0	0	0	0
1428594448845848690	CPU_4	0	0	0	100.00	0	0	0	0	0	0
1428594449549035795	CPU_4	0	0	0	100.00	0	0	0	0	0	0
1428594450263017842	CPU_4	0	0	0	100.00	0	0	0	0	0	0
1428594450966962779	CPU_4	0	0	0	100.00	0	0	0	0	0	0
1428594451681070617	CPU_4	0	0	0	100.00	0	0	0	0	0	0
1428594452396615704	CPU_4	0	0	0	100.00	0	0	0	0	0	0
1428594453098964393	CPU_4	0	0	0	100.00	0	0	0	0	0	0
1428594453811762651	CPU_4	0	0	0	100.00	0	0	0	0	0	0
1428594454519365207	CPU_4	0	0	0	100.00	0	0	0	0	0	0
1428594455235752709	CPU_4	0	0	0	100.00	0	0	0	0	0	0
1428594455943449224	CPU_4	0	0	0	100.00	0	0	0	0	0	0
1428594456646835162	CPU_4	0	0	0	100.00	0	0	0	0	0	0
1428594457359208587	CPU_4	0	0	0	100.00	0	0	0	0	0	0
1428594458063723106	CPU_4	0	0	0	100.00	0	0	0	0	0	0
1428594458769063125	CPU_4	0	0	0	100.00	0	0	0	0	0	0
1428594459480882467	CPU_4	0	0	0	100.00	0	0	0	0	0	0
1428594460187279192	CPU_4	0	0	0	100.00	0	0	0	0	0	0
1428594460899893533	CPU_4	0	0	0	100.00	0	0	0	0	0	0
1428594461601808807	CPU_4	0	0	0	100.00	0	0	0	0	0	0
1428594462304315579	CPU_4	0	0	0	100.00	0	0	0	0	0	0
1428594463019963208	CPU_4	0	0	0	100.00	0	0	0	0	0	0
1428594463720740149	CPU_4	0	0	0	100.00	0	0	0	0	0	0
1428594464426462001	CPU_4	0	0	0	100.00	0	0	0	0	0	0
1428594465139427508	CPU_4	0	0	0	100.00	0	0	0	0	0	0
1428594465848506480	CPU_4	0	0	0	100.00	0	0	0	0	0	0
1428594466559757656	CPU_4	0	0	0	100.00	0	0	0	0	0	0
1428594467263767719	CPU_4	0	0	0	100.00	0	0	0	0	0	0
1428594467970175902	CPU_4	0	0	0	100.00	0	0	0	0	0	0
1428594468683286035	CPU_4	0	0	0	100.00	0	0	0	0	0	0
1428594469385918391	CPU_4	0	0	0	100.00	0	0	0	0	0	0
1428594470098281649	CPU_4	0	0	0	100.00	0	0	0	0	0	0
1428594470805372540	CPU_4	0	0	0	100.00	0	0	0	0	0	0
1428594471511265725	CPU_4	0	0	0	100.00	0	0	0	0	0	0
1428594472224851148	CPU_4	0	0	0	100.00	0	0	0	0	0	0
1428594472928570836	CPU_4	0	0	0	100.00	0	0	0	0	0	0
1428594473632357232	CPU_4	0	0	0	100.00	0	0	0	0	0	0
1428594474347266529	CPU_4	0	0	0	100.00	0	0	0	0	0	0
1428594475049561260	CPU_4	0	0	0	100.00	0	0	0	0	0	0
1428594475771867255	CPU_4	0	0	0	100.00	0	0	0	0	0	0
1428594476475999317	CPU_4	0	0	0	100.00	0	0	0	0	0	0
1428594477179953754	CPU_4	0	0	0	100.00	0	0	0	0	0	0
1428594477892656596	CPU_4	0	0	0	100.00	0	0	0	0	0	0
1428594478598048323	CPU_4	0	0	0	100.00	0	0	0	0	0	0
1428594479303493634	CPU_4	0	0	0	100.00	0	0	0	0	0	0
1428594480018064348	CPU_4	0	0	0	100.00	0	0	0	0	0	0
1428594480722046369	CPU_4	0	0	0	100.00	0	0	0	0	0	0
1428594481438474955	CPU_4	0	0	0	100.00	0	0	0	0	0	0
1428594482144448806	CPU_4	0	0	0	100.00	0	0	0	0	0	0
1428594482850808282	CPU_4	0	0	0	100.00	0	0	0	0	0	0
1428594483565596663	CPU_4	0	0	0	100.00	0	0	0	0	0	0
1428594484268849935	CPU_4	0	0	0	100.00	0	0	0	0	0	0
1428594484979261113	CPU_4	0	0	0	100.00	0	0	0	0	0	0
1428594485689677667	CPU_4	0	0	0	100.00	0	0	0	0	0	0
1428594486391733816	CPU_4	0	0	0	100.00	0	0	0	0	0	0
1428594487107587111	CPU_4	0	0	0	100.00	0	0	0	0	0	0
1428594487812578964	CPU_4	0	0	0	100.00	0	0	0	0	0	0
1428594488517180693	CPU_4	0	0	0	100.00	0	0	0	0	0	0
1428594489229712285	CPU_4	0	0	0	100.00	0	0	0	0	0	0
1428594489935166429	CPU_4	0	0	0	100.00	0	0	0	0	0	0
1428594490652004182	CPU_4	0	0	0	100.00	0	0	0	0	0	0
1428594491357051160	CPU_4	0	0	0	100.00	0	0	0	0	0	0
1428594492062145263	CPU_4	0	0	0	100.00	0	0	0	0	0	0
1428594492777843809	CPU_4	0	0	0	100.00	0	0	0	0	0	0
1428594493480835540	CPU_4	0	0	0	100.00	0	0	0	0	0	0
1428594494188939764	CPU_4	0	0	0	100.00	0	0	0	0	0	0
1428594494899199568	CPU_4	0	0	0	100.00	0	0	0	0	0	0
1428594495607251750	CPU_4	0	0	0	100.00	0	0	0	0	0	0
1428594496320901508	CPU_4	0	0	0	100.00	0	0	0	0	0	0
1428594497028473649	CPU_4	0	0	0	100.00	0	0	0	0	0	0
1428594497730555506	CPU_4	0	0	0	100.00	0	0	0	0	0	0
1428594498445552887	CPU_4	0	0	0	100.00	0	0	0	0	0	0
1428594499150802282	CPU_4	0	0	0	100.00	0	0	0	0	0	0
1428594499867057035	CPU_4	0	0	0	100.00	0	0	0	0	0	0
1428594500572304263	CPU_4	0	0	0	100.00	0	0	0	0	0	0
1428594501277759741	CPU_4	0	0	0	100.00	0	0	0	0	0	0
1428594501996968574	CPU_4	0	0	0	100.00	0	0	0	0	0	0
1428594502701376595	CPU_4	0	0	0	100.00	0	0	0	0	0	0
1428594503405137659	CPU_4	0	0	0	100.00	0	0	0	0	0	0
1428594504125213074	CPU_4	0	0	0	100.00	0	0	0	0	0	0
1428594504833827297	CPU_4	1.42	0	0	98.57	0	0	0	0	0	0
1428594505551373258	CPU_4	0	0	0	100.00	0	0	0	0	0	0
1428594506257006319	CPU_4	0	0	0	100.00	0	0	0	0	0	0
1428594506961308090	CPU_4	0	0	0	100.00	0	0	0	0	0	0
1428594507678993884	CPU_4	0	0	0	100.00	0	0	0	0	0	0
1428594508384713403	CPU_4	0	0	0	100.00	0	0	0	0	0	0
1428594509126049912	CPU_4	0	0	0	100.00	0	0	0	0	0	0
1428594509829548268	CPU_4	0	0	0	100.00	0	0	0	0	0	0
1428594510537571951	CPU_4	0	0	0	100.00	0	0	0	0	0	0
1428594511253705622	CPU_4	0	0	0	100.00	0	0	0	0	0	0
1428594511956877395	CPU_4	0	0	0	100.00	0	0	0	0	0	0
1428594512664263454	CPU_4	0	0	0	100.00	0	0	0	0	0	0
1428594513378937002	CPU_4	0	0	0	100.00	0	0	0	0	0	0
1428594514085333187	CPU_4	0	0	0	100.00	0	0	0	0	0	0
1428594514799560152	CPU_4	0	0	0	100.00	0	0	0	0	0	0
1428594515506472670	CPU_4	0	0	0	100.00	0	0	0	0	0	0
1428594516211005858	CPU_4	0	0	0	100.00	0	0	0	0	0	0
1428594516927484904	CPU_4	0	0	0	100.00	0	0	0	0	0	0
1428594517635403962	CPU_4	0	0	0	100.00	0	0	0	0	0	0
1428594518357370833	CPU_4	0	0	0	100.00	0	0	0	0	0	0
1428594519062279104	CPU_4	0	0	0	100.00	0	0	0	0	0	0
1428594519772483575	CPU_4	0	0	0	100.00	0	0	0	0	0	0
1428594520487832831	CPU_4	0	0	0	100.00	0	0	0	0	0	0
1428594521192587769	CPU_4	0	0	0	100.00	0	0	0	0	0	0
1428594521898254913	CPU_4	0	0	0	100.00	0	0	0	0	0	0
1428594522615843041	CPU_4	0	0	0	100.00	0	0	0	0	0	0
1428594523318343399	CPU_4	0	0	0	100.00	0	0	0	0	0	0
1428594524036322776	CPU_4	0	0	0	100.00	0	0	0	0	0	0
1428594524741932462	CPU_4	0	0	0	100.00	0	0	0	0	0	0
1428594525448424814	CPU_4	0	0	0	100.00	0	0	0	0	0	0
1428594526163372446	CPU_4	0	0	0	100.00	0	0	0	0	0	0
1428594526870449755	CPU_4	0	0	0	100.00	0	0	0	0	0	0
1428594527581431976	CPU_4	0	0	0	100.00	0	0	0	0	0	0
1428594528294616235	CPU_4	0	0	0	100.00	0	0	0	0	0	0
1428594529000712254	CPU_4	0	0	0	100.00	0	0	0	0	0	0
1428594529718079841	CPU_4	0	0	0	100.00	0	0	0	0	0	0
1428594530422771571	CPU_4	0	0	0	100.00	0	0	0	0	0	0
1428594531131199337	CPU_4	0	0	0	100.00	0	0	0	0	0	0
1428594531846110218	CPU_4	0	0	0	100.00	0	0	0	0	0	0
1428594532552034322	CPU_4	0	0	0	100.00	0	0	0	0	0	0
1428594533269472658	CPU_4	0	0	0	100.00	0	0	0	0	0	0
1428594533977237342	CPU_4	0	0	0	100.00	0	0	0	0	0	0
1428594534681649864	CPU_4	0	0	0	100.00	0	0	0	0	0	0
1428594535398477493	CPU_4	0	0	0	100.00	0	0	0	0	0	0
1428594536106171177	CPU_4	0	0	0	100.00	0	0	0	0	0	0
1428594536814021527	CPU_4	0	0	0	100.00	0	0	0	0	0	0
1428594537529404450	CPU_4	0	0	0	100.00	0	0	0	0	0	0
1428594538237389800	CPU_4	0	0	0	100.00	0	0	0	0	0	0
1428594538953924138	CPU_4	0	0	0	100.00	0	0	0	0	0	0
1428594539660438449	CPU_4	0	0	0	100.00	0	0	0	0	0	0
1428594540367306176	CPU_4	0	0	0	100.00	0	0	0	0	0	0
1428594541085678303	CPU_4	0	0	0	100.00	0	0	0	0	0	0
1428594541790889449	CPU_4	0	0	0	100.00	0	0	0	0	0	0
1428594542508296411	CPU_4	0	0	0	100.00	0	0	0	0	0	0
1428594543215616970	CPU_4	0	0	0	100.00	0	0	0	0	0	0
1428594543920882033	CPU_4	0	0	0	100.00	0	0	0	0	0	0
1428594544638024745	CPU_4	0	0	0	100.00	0	0	0	0	0	0
1428594545346249137	CPU_4	0	0	0	100.00	0	0	0	0	0	0
1428594546054448570	CPU_4	0	0	0	100.00	0	0	0	0	0	0
1428594546769938160	CPU_4	0	0	0	100.00	0	0	0	0	0	0
1428594547476952970	CPU_4	0	0	0	100.00	0	0	0	0	0	0
1428594548195900597	CPU_4	0	0	0	100.00	0	0	0	0	0	0
1428594548900263744	CPU_4	0	0	0	100.00	0	0	0	0	0	0
1428594549611057174	CPU_4	0	0	0	100.00	0	0	0	0	0	0
1428594550327236763	CPU_4	0	0	0	100.00	0	0	0	0	0	0
1428594551033595366	CPU_4	0	0	0	100.00	0	0	0	0	0	0
1428594551750672245	CPU_4	0	0	0	100.00	0	0	0	0	0	0
1428594552457794889	CPU_4	0	0	0	100.00	0	0	0	0	0	0
1428594553163524493	CPU_4	0	0	0	100.00	0	0	0	0	0	0
1428594553881663245	CPU_4	0	0	0	100.00	0	0	0	0	0	0
1428594554588836181	CPU_4	0	0	0	100.00	0	0	0	0	0	0
1428594555303283022	CPU_4	0	0	0	100.00	0	0	0	0	0	0
1428594556015671908	CPU_4	0	0	0	100.00	0	0	0	0	0	0
1428594556724536008	CPU_4	0	0	0	100.00	0	0	0	0	0	0
1428594557439811098	CPU_4	0	0	0	100.00	0	0	0	0	0	0
1428594558146320534	CPU_4	0	0	0	100.00	0	0	0	0	0	0
1428594558853433220	CPU_4	0	0	0	100.00	0	0	0	0	0	0
1428594559572373263	CPU_4	0	0	0	100.00	0	0	0	0	0	0
1428594560277289160	CPU_4	0	0	0	100.00	0	0	0	0	0	0
1428594560994837872	CPU_4	0	0	0	100.00	0	0	0	0	0	0
1428594561704135680	CPU_4	0	0	0	100.00	0	0	0	0	0	0
1428594562414679819	CPU_4	0	0	0	100.00	0	0	0	0	0	0
1428594563130021617	CPU_4	0	0	0	100.00	0	0	0	0	0	0
1428594563837975927	CPU_4	0	0	0	100.00	0	0	0	0	0	0
1428594564553792016	CPU_4	0	0	0	100.00	0	0	0	0	0	0
1428594565260765619	CPU_4	0	0	0	100.00	0	0	0	0	0	0
1428594565967153514	CPU_4	0	0	0	100.00	0	0	0	0	0	0
1428594566684786726	CPU_4	0	0	0	100.00	0	0	0	0	0	0
1428594567390261956	CPU_4	0	0	0	100.00	0	0	0	0	0	0
1428594568099152014	CPU_4	0	0	0	100.00	0	0	0	0	0	0
1428594568814467730	CPU_4	0	0	0	100.00	0	0	0	0	0	0
1428594569520897792	CPU_4	0	0	0	100.00	0	0	0	0	0	0
1428594570239979335	CPU_4	0	0	0	100.00	0	0	0	0	0	0
1428594570950935640	CPU_4	0	0	0	100.00	0	0	0	0	0	0
1428594571659486157	CPU_4	0	0	0	100.00	0	0	0	0	0	0
1428594572376644245	CPU_4	0	0	0	100.00	0	0	0	0	0	0
1428594573085646637	CPU_4	0	0	0	100.00	0	0	0	0	0	0
1428594573805947429	CPU_4	0	0	0	100.00	0	0	0	0	0	0
1428594574511253784	CPU_4	0	0	0	100.00	0	0	0	0	0	0
1428594575222364339	CPU_4	0	0	0	100.00	0	0	0	0	0	0
1428594575939910302	CPU_4	0	0	0	100.00	0	0	0	0	0	0
1428594576647816612	CPU_4	0	0	0	100.00	0	0	0	0	0	0
1428594577367557529	CPU_4	0	0	0	100.00	0	0	0	0	0	0
1428594578076856212	CPU_4	0	0	0	100.00	0	0	0	0	0	0
1428594578786449312	CPU_4	0	0	0	100.00	0	0	0	0	0	0
1428594579502410110	CPU_4	0	0	0	100.00	0	0	0	0	0	0
1428594580209681629	CPU_4	0	0	0	100.00	0	0	0	0	0	0
1428594580918399104	CPU_4	0	0	0	100.00	0	0	0	0	0	0
1428594581634940944	CPU_4	0	0	0	100.00	0	0	0	0	0	0
1428594582344916209	CPU_4	0	0	0	100.00	0	0	0	0	0	0
1428594583061945381	CPU_4	0	0	0	100.00	0	0	0	0	0	0
1428594583771189731	CPU_4	0	0	0	100.00	0	0	0	0	0	0
1428594584480617747	CPU_4	0	0	0	100.00	0	0	0	0	0	0
1428594585199985165	CPU_4	0	0	0	100.00	0	0	0	0	0	0
1428594585908574766	CPU_4	0	0	0	100.00	0	0	0	0	0	0
1428594586627386811	CPU_4	0	0	0	100.00	0	0	0	0	0	0
1428594587335012205	CPU_4	0	0	0	100.00	0	0	0	0	0	0
1428594588042769348	CPU_4	0	0	0	100.00	0	0	0	0	0	0
1428594588758868813	CPU_4	0	0	0	100.00	0	0	0	0	0	0
1428594589466562291	CPU_4	0	0	0	100.00	0	0	0	0	0	0
1428594590179703718	CPU_4	0	0	0	100.00	0	0	0	0	0	0
1428594590891008899	CPU_4	0	0	0	100.00	0	0	0	0	0	0
1428594591600583082	CPU_4	0	0	0	100.00	0	0	0	0	0	0
1428594592319422459	CPU_4	0	0	0	100.00	0	0	0	0	0	0
1428594593028308352	CPU_4	0	0	0	100.00	0	0	0	0	0	0
1428594593737414994	CPU_4	0	0	0	100.00	0	0	0	0	0	0
1428594594454647832	CPU_4	0	0	0	100.00	0	0	0	0	0	0
1428594595163988599	CPU_4	0	0	0	100.00	0	0	0	0	0	0
1428594595879332732	CPU_4	0	0	0	100.00	0	0	0	0	0	0
1428594596588745624	CPU_4	0	0	0	100.00	0	0	0	0	0	0
1428594597297279225	CPU_4	0	0	0	100.00	0	0	0	0	0	0
1428594598013090274	CPU_4	0	0	0	100.00	0	0	0	0	0	0
1428594598721248084	CPU_4	0	0	0	100.00	0	0	0	0	0	0
1428594599439615463	CPU_4	0	0	0	100.00	0	0	0	0	0	0
1428594600149257021	CPU_4	0	0	0	100.00	0	0	0	0	0	0
1428594600857114998	CPU_4	0	0	0	100.00	0	0	0	0	0	0
1428594601582016826	CPU_4	0	0	0	100.00	0	0	0	0	0	0
1428594602292795591	CPU_4	0	0	0	100.00	0	0	0	0	0	0
1428594603007447100	CPU_4	0	0	0	100.00	0	0	0	0	0	0
1428594603722861275	CPU_4	0	0	0	100.00	0	0	0	0	0	0
1428594604431507001	CPU_4	0	0	0	100.00	0	0	0	0	0	0
1428594605150308213	CPU_4	0	0	0	100.00	0	0	0	0	0	0
1428594605859329439	CPU_4	0	0	0	100.00	0	0	0	0	0	0
1428594606569081330	CPU_4	0	0	0	100.00	0	0	0	0	0	0
1428594607286477294	CPU_4	0	0	0	100.00	0	0	0	0	0	0
1428594607994083647	CPU_4	0	0	0	100.00	0	0	0	0	0	0
1428594608711377235	CPU_4	0	0	0	100.00	0	0	0	0	0	0
1428594609420584211	CPU_4	0	0	0	100.00	0	0	0	0	0	0
1428594610125845901	CPU_4	0	0	0	100.00	0	0	0	0	0	0
1428594610845663528	CPU_4	0	0	0	100.00	0	0	0	0	0	0
1428594611552939381	CPU_4	0	0	0	100.00	0	0	0	0	0	0
1428594612273276591	CPU_4	0	0	0	100.00	0	0	0	0	0	0
1428594612981779734	CPU_4	0	0	0	100.00	0	0	0	0	0	0
1428594613691707376	CPU_4	0	0	0	100.00	0	0	0	0	0	0
1428594614409352214	CPU_4	0	0	0	100.00	0	0	0	0	0	0
1428594615116494026	CPU_4	0	0	0	100.00	0	0	0	0	0	0
1428594615825146295	CPU_4	0	0	0	100.00	0	0	0	0	0	0
1428594616545806962	CPU_4	0	0	0	100.00	0	0	0	0	0	0
1428594617252619983	CPU_4	0	0	0	100.00	0	0	0	0	0	0
1428594617970292989	CPU_4	0	0	0	100.00	0	0	0	0	0	0
1428594618679287048	CPU_4	0	0	0	100.00	0	0	0	0	0	0
1428594619386951151	CPU_4	0	0	0	100.00	0	0	0	0	0	0
1428594620104150032	CPU_4	0	0	0	100.00	0	0	0	0	0	0
1428594620815227381	CPU_4	0	0	0	100.00	0	0	0	0	0	0
1428594621533046344	CPU_4	0	0	0	100.00	0	0	0	0	0	0
1428594622244230692	CPU_4	0	0	0	100.00	0	0	0	0	0	0
1428594622953182335	CPU_4	0	0	0	100.00	0	0	0	0	0	0
1428594623684680321	CPU_4	0	0	0	100.00	0	0	0	0	0	0
1428594624395928544	CPU_4	0	0	0	100.00	0	0	0	0	0	0
1428594625179613954	CPU_4	2.56	0	0	97.43	0	0	0	0	0	0
1428594625889577388	CPU_4	0	0	0	100.00	0	0	0	0	0	0
1428594626601309944	CPU_4	0	0	0	100.00	0	0	0	0	0	0
1428594627325705773	CPU_4	0	0	0	100.00	0	0	0	0	0	0
1428594628034574041	CPU_4	0	0	0	100.00	0	0	0	0	0	0
1428594628754788918	CPU_4	0	0	0	100.00	0	0	0	0	0	0
1428594629469320512	CPU_4	0	0	0	100.00	0	0	0	0	0	0
1428594630182120899	CPU_4	0	0	0	100.00	0	0	0	0	0	0
1428594630903365483	CPU_4	0	0	0	100.00	0	0	0	0	0	0
1428594631613341708	CPU_4	0	0	0	100.00	0	0	0	0	0	0
1428594632336259165	CPU_4	0	0	0	100.00	0	0	0	0	0	0
1428594633043478769	CPU_4	0	0	0	100.00	0	0	0	0	0	0
1428594633753963869	CPU_4	0	0	0	100.00	0	0	0	0	0	0
1428594634475361619	CPU_4	0	0	0	100.00	0	0	0	0	0	0
1428594635182375974	CPU_4	0	0	0	100.00	0	0	0	0	0	0
1428594635902130310	CPU_4	0	0	0	100.00	0	0	0	0	0	0
1428594636612817242	CPU_4	0	0	0	100.00	0	0	0	0	0	0
1428594637320791179	CPU_4	0	0	0	100.00	0	0	0	0	0	0
1428594638042711804	CPU_4	0	0	0	100.00	0	0	0	0	0	0
1428594638753206362	CPU_4	0	0	0	100.00	0	0	0	0	0	0
1428594639473195614	CPU_4	0	0	0	100.00	0	0	0	0	0	0
1428594640181392509	CPU_4	0	0	0	100.00	0	0	0	0	0	0
1428594640892000150	CPU_4	0	0	0	100.00	0	0	0	0	0	0
1428594641610988946	CPU_4	0	0	0	100.00	0	0	0	0	0	0
1428594642320328422	CPU_4	0	0	0	100.00	0	0	0	0	0	0
1428594643036645097	CPU_4	0	0	0	100.00	0	0	0	0	0	0
1428594643751950148	CPU_4	4.16	0	2.77	93.05	0	0	0	0	0	0
1428594644459102128	CPU_4	0	0	0	100.00	0	0	0	0	0	0
1428594645177811966	CPU_4	0	0	0	100.00	0	0	0	0	0	0
1428594645885447278	CPU_4	0	0	0	100.00	0	0	0	0	0	0
1428594646596659377	CPU_4	0	0	0	100.00	0	0	0	0	0	0
1428594647326498449	CPU_4	0	0	0	100.00	0	0	0	0	0	0
