#Timestamp	CPU_ID	user%	nice%	sys%	idle%	iowait%	irq%	softiq%	steal%	guest%	guest_nice%
1428518185326306737	CPU_4	87.09	0	8.06	3.22	0	1.61	0	0	0	0
1428518186015449862	CPU_4	100.00	0	0	0	0	0	0	0	0	0
1428518186710647186	CPU_4	97.14	0	0	0	0	1.42	1.42	0	0	0
1428518187406331634	CPU_4	100.00	0	0	0	0	0	0	0	0	0
1428518188099883002	CPU_4	98.55	0	0	0	0	1.44	0	0	0	0
1428518188799991110	CPU_4	100.00	0	0	0	0	0	0	0	0	0
1428518189492988937	CPU_4	97.14	0	0	0	0	1.42	1.42	0	0	0
1428518190186934929	CPU_4	100.00	0	0	0	0	0	0	0	0	0
1428518190889237117	CPU_4	98.59	0	0	0	0	1.40	0	0	0	0
1428518191582175985	CPU_4	98.55	0	0	0	0	0	1.44	0	0	0
1428518192276592310	CPU_4	98.57	0	0	0	0	1.42	0	0	0	0
1428518192981946368	CPU_4	100.00	0	0	0	0	0	0	0	0	0
1428518193683308223	CPU_4	98.59	0	0	0	0	1.40	0	0	0	0
1428518194375846968	CPU_4	98.55	0	0	0	0	0	1.44	0	0	0
1428518195079018654	CPU_4	98.59	0	0	0	0	1.40	0	0	0	0
1428518195772496063	CPU_4	100.00	0	0	0	0	0	0	0	0	0
1428518196475677166	CPU_4	98.59	0	0	0	0	1.40	0	0	0	0
1428518197168311243	CPU_4	98.55	0	0	0	0	0	1.44	0	0	0
1428518197864374648	CPU_4	98.57	0	0	0	0	1.42	0	0	0	0
1428518198567135418	CPU_4	100.00	0	0	0	0	0	0	0	0	0
1428518199262497491	CPU_4	98.57	0	0	0	0	1.42	0	0	0	0
1428518199958492063	CPU_4	98.57	0	0	0	0	0	1.42	0	0	0
1428518200660879292	CPU_4	98.59	0	0	0	0	1.40	0	0	0	0
1428518201357394446	CPU_4	100.00	0	0	0	0	0	0	0	0	0
1428518202053998226	CPU_4	98.59	0	0	0	0	1.40	0	0	0	0
1428518202757189203	CPU_4	98.57	0	0	0	0	0	1.42	0	0	0
1428518203455416521	CPU_4	98.57	0	0	0	0	1.42	0	0	0	0
1428518204163051950	CPU_4	100.00	0	0	0	0	0	0	0	0	0
1428518204858946772	CPU_4	100.00	0	0	0	0	0	0	0	0	0
1428518205554134928	CPU_4	97.14	0	0	0	0	1.42	1.42	0	0	0
1428518206262797355	CPU_4	100.00	0	0	0	0	0	0	0	0	0
1428518206957686928	CPU_4	98.57	0	0	0	0	1.42	0	0	0	0
1428518207654572957	CPU_4	100.00	0	0	0	0	0	0	0	0	0
1428518208360919679	CPU_4	97.22	0	0	0	0	1.38	1.38	0	0	0
1428518209056571501	CPU_4	100.00	0	0	0	0	0	0	0	0	0
1428518209753000572	CPU_4	98.57	0	0	0	0	1.42	0	0	0	0
1428518210457600130	CPU_4	100.00	0	0	0	0	0	0	0	0	0
1428518211154673367	CPU_4	97.18	0	0	0	0	1.40	1.40	0	0	0
1428518211860768589	CPU_4	100.00	0	0	0	0	0	0	0	0	0
1428518212556372995	CPU_4	98.57	0	0	0	0	1.42	0	0	0	0
1428518213253231148	CPU_4	100.00	0	0	0	0	0	0	0	0	0
1428518213963485614	CPU_4	97.22	0	0	0	0	1.38	1.38	0	0	0
1428518214657888313	CPU_4	100.00	0	0	0	0	0	0	0	0	0
1428518215356513922	CPU_4	98.57	0	0	0	0	1.42	0	0	0	0
1428518216062264311	CPU_4	98.57	0	0	0	0	0	1.42	0	0	0
1428518216757686008	CPU_4	98.57	0	0	0	0	1.42	0	0	0	0
1428518217463150356	CPU_4	100.00	0	0	0	0	0	0	0	0	0
1428518218166616041	CPU_4	98.59	0	0	0	0	1.40	0	0	0	0
1428518218862297321	CPU_4	98.55	0	0	0	0	0	1.44	0	0	0
1428518219569761041	CPU_4	98.61	0	0	0	0	1.38	0	0	0	0
1428518220267154110	CPU_4	100.00	0	0	0	0	0	0	0	0	0
1428518220964506637	CPU_4	98.59	0	0	0	0	1.40	0	0	0	0
1428518221674948061	CPU_4	98.59	0	0	0	0	0	1.40	0	0	0
1428518222374514376	CPU_4	98.57	0	0	0	0	1.42	0	0	0	0
1428518223069257241	CPU_4	100.00	0	0	0	0	0	0	0	0	0
1428518223776849544	CPU_4	98.59	0	0	0	0	1.40	0	0	0	0
1428518224507012311	CPU_4	98.63	0	0	0	0	0	1.36	0	0	0
1428518225212477867	CPU_4	98.59	0	0	0	0	1.40	0	0	0	0
1428518225911604892	CPU_4	100.00	0	0	0	0	0	0	0	0	0
1428518226611523873	CPU_4	98.57	0	0	0	0	1.42	0	0	0	0
1428518227316477472	CPU_4	98.59	0	0	0	0	0	1.40	0	0	0
1428518228015668662	CPU_4	98.57	0	0	0	0	1.42	0	0	0	0
1428518228712736732	CPU_4	100.00	0	0	0	0	0	0	0	0	0
1428518229420074535	CPU_4	98.59	0	0	0	0	1.40	0	0	0	0
1428518230117170937	CPU_4	98.57	0	0	0	0	0	1.42	0	0	0
1428518230825039406	CPU_4	98.59	0	0	0	0	1.40	0	0	0	0
1428518231521057893	CPU_4	100.00	0	0	0	0	0	0	0	0	0
1428518232220797708	CPU_4	98.57	0	0	0	0	1.42	0	0	0	0
1428518232928393927	CPU_4	98.59	0	0	0	0	0	1.40	0	0	0
1428518233624721289	CPU_4	98.57	0	0	0	0	1.42	0	0	0	0
1428518234324186104	CPU_4	100.00	0	0	0	0	0	0	0	0	0
1428518235063997273	CPU_4	97.33	0	0	0	0	1.33	1.33	0	0	0
1428518235761983132	CPU_4	100.00	0	0	0	0	0	0	0	0	0
1428518236470734974	CPU_4	98.59	0	0	0	0	1.40	0	0	0	0
1428518237169446707	CPU_4	100.00	0	0	0	0	0	0	0	0	0
1428518237866707150	CPU_4	98.57	0	0	0	0	0	1.42	0	0	0
1428518238574931785	CPU_4	98.59	0	0	0	0	1.40	0	0	0	0
1428518239273407726	CPU_4	100.00	0	0	0	0	0	0	0	0	0
1428518240001894704	CPU_4	98.63	0	0	0	0	1.36	0	0	0	0
1428518240711141004	CPU_4	98.59	0	0	0	0	0	1.40	0	0	0
1428518241410310402	CPU_4	98.59	0	0	0	0	1.40	0	0	0	0
1428518242117247539	CPU_4	100.00	0	0	0	0	0	0	0	0	0
1428518242816095146	CPU_4	98.59	0	0	0	0	1.40	0	0	0	0
1428518243517735999	CPU_4	98.57	0	0	0	0	0	1.42	0	0	0
1428518244225405010	CPU_4	98.59	0	0	0	0	1.40	0	0	0	0
1428518244925500740	CPU_4	100.00	0	0	0	0	0	0	0	0	0
1428518245625696804	CPU_4	98.59	0	0	0	0	1.40	0	0	0	0
1428518246334144937	CPU_4	98.59	0	0	0	0	0	1.40	0	0	0
1428518247033518919	CPU_4	98.57	0	0	0	0	1.42	0	0	0	0
1428518247743136718	CPU_4	100.00	0	0	0	0	0	0	0	0	0
1428518248444713612	CPU_4	98.59	0	0	0	0	1.40	0	0	0	0
1428518249144035135	CPU_4	98.57	0	0	0	0	0	1.42	0	0	0
1428518249852616852	CPU_4	98.59	0	0	0	0	1.40	0	0	0	0
1428518250569913639	CPU_4	100.00	0	0	0	0	0	0	0	0	0
1428518251268400830	CPU_4	97.18	0	0	0	0	1.40	1.40	0	0	0
1428518251978392920	CPU_4	100.00	0	0	0	0	0	0	0	0	0
1428518252675829737	CPU_4	98.57	0	0	0	0	1.42	0	0	0	0
1428518253381507292	CPU_4	100.00	0	0	0	0	0	0	0	0	0
1428518254108441938	CPU_4	97.29	0	0	0	0	1.35	1.35	0	0	0
1428518254809023126	CPU_4	100.00	0	0	0	0	0	0	0	0	0
1428518255516397886	CPU_4	98.59	0	0	0	0	1.40	0	0	0	0
1428518256216493283	CPU_4	100.00	0	0	0	0	0	0	0	0	0
1428518256917079845	CPU_4	97.18	0	0	0	0	1.40	1.40	0	0	0
1428518257625163187	CPU_4	100.00	0	0	0	0	0	0	0	0	0
1428518258324938335	CPU_4	98.57	0	0	0	0	1.42	0	0	0	0
1428518259039737291	CPU_4	100.00	0	0	0	0	0	0	0	0	0
1428518259736850276	CPU_4	97.14	0	0	0	0	1.42	1.42	0	0	0
1428518260436450756	CPU_4	100.00	0	0	0	0	0	0	0	0	0
1428518261178928419	CPU_4	98.64	0	0	0	0	1.35	0	0	0	0
1428518261877270902	CPU_4	100.00	0	0	0	0	0	0	0	0	0
1428518262577999964	CPU_4	97.22	0	0	0	0	1.38	1.38	0	0	0
1428518263287879178	CPU_4	100.00	0	0	0	0	0	0	0	0	0
1428518263986685660	CPU_4	98.57	0	0	0	0	1.42	0	0	0	0
1428518264695473459	CPU_4	100.00	0	0	0	0	0	0	0	0	0
1428518265394231025	CPU_4	97.18	0	0	0	0	1.40	1.40	0	0	0
1428518266092682798	CPU_4	100.00	0	0	0	0	0	0	0	0	0
1428518266802390013	CPU_4	98.59	0	0	0	0	1.40	0	0	0	0
1428518267501979952	CPU_4	98.57	0	0	0	0	0	1.42	0	0	0
1428518268198598062	CPU_4	98.59	0	0	0	0	1.40	0	0	0	0
1428518268907642360	CPU_4	100.00	0	0	0	0	0	0	0	0	0
1428518269607945339	CPU_4	98.59	0	0	0	0	1.40	0	0	0	0
1428518270318399803	CPU_4	98.57	0	0	0	0	0	1.42	0	0	0
1428518271037082253	CPU_4	98.63	0	0	0	0	1.36	0	0	0	0
1428518271737497440	CPU_4	100.00	0	0	0	0	0	0	0	0	0
1428518272445587573	CPU_4	98.61	0	0	0	0	1.38	0	0	0	0
1428518273144962304	CPU_4	98.57	0	0	0	0	0	1.42	0	0	0
1428518273844273826	CPU_4	98.57	0	0	0	0	1.42	0	0	0	0
1428518274553077125	CPU_4	100.00	0	0	0	0	0	0	0	0	0
1428518275252086731	CPU_4	98.57	0	0	0	0	1.42	0	0	0	0
1428518275957491035	CPU_4	98.59	0	0	0	0	0	1.40	0	0	0
1428518276660991551	CPU_4	98.59	0	0	0	0	1.40	0	0	0	0
1428518277359926157	CPU_4	100.00	0	0	0	0	0	0	0	0	0
1428518278098455409	CPU_4	98.64	0	0	0	0	1.35	0	0	0	0
1428518278795593642	CPU_4	98.57	0	0	0	0	0	1.42	0	0	0
1428518279496999828	CPU_4	98.57	0	0	0	0	1.42	0	0	0	0
1428518280208554372	CPU_4	100.00	0	0	0	0	0	0	0	0	0
1428518280907904186	CPU_4	98.57	0	0	0	0	1.42	0	0	0	0
1428518281623573432	CPU_4	98.59	0	0	0	0	0	1.40	0	0	0
1428518282329890109	CPU_4	98.61	0	0	0	0	1.38	0	0	0	0
1428518283031512586	CPU_4	100.00	0	0	0	0	0	0	0	0	0
1428518283744635086	CPU_4	97.22	0	0	0	0	1.38	1.38	0	0	0
1428518284445932063	CPU_4	100.00	0	0	0	0	0	0	0	0	0
1428518285148938245	CPU_4	100.00	0	0	0	0	0	0	0	0	0
1428518285857067045	CPU_4	98.61	0	0	0	0	1.38	0	0	0	0
1428518286558547730	CPU_4	98.57	0	0	0	0	0	1.42	0	0	0
1428518287302060057	CPU_4	98.66	0	0	0	0	1.33	0	0	0	0
1428518288015011140	CPU_4	100.00	0	0	0	0	0	0	0	0	0
1428518288720002111	CPU_4	98.59	0	0	0	0	1.40	0	0	0	0
1428518289431719363	CPU_4	98.59	0	0	0	0	0	1.40	0	0	0
1428518290131357426	CPU_4	98.59	0	0	0	0	1.40	0	0	0	0
1428518290832005571	CPU_4	100.00	0	0	0	0	0	0	0	0	0
1428518291544367322	CPU_4	98.61	0	0	0	0	1.38	0	0	0	0
1428518292243453260	CPU_4	98.57	0	0	0	0	0	1.42	0	0	0
1428518292954299430	CPU_4	98.59	0	0	0	0	1.40	0	0	0	0
1428518293656342656	CPU_4	100.00	0	0	0	0	0	0	0	0	0
1428518294356473134	CPU_4	98.59	0	0	0	0	1.40	0	0	0	0
1428518295068409385	CPU_4	98.59	0	0	0	0	0	1.40	0	0	0
1428518295770075236	CPU_4	98.59	0	0	0	0	1.40	0	0	0	0
1428518296470528714	CPU_4	100.00	0	0	0	0	0	0	0	0	0
1428518297181824467	CPU_4	98.59	0	0	0	0	1.40	0	0	0	0
1428518297884194067	CPU_4	98.59	0	0	0	0	0	1.40	0	0	0
1428518298594968028	CPU_4	98.59	0	0	0	0	1.40	0	0	0	0
1428518299296417421	CPU_4	100.00	0	0	0	0	0	0	0	0	0
1428518299999423978	CPU_4	97.22	0	0	0	0	1.38	1.38	0	0	0
1428518300712339894	CPU_4	100.00	0	0	0	0	0	0	0	0	0
1428518301412512956	CPU_4	98.57	0	0	0	0	1.42	0	0	0	0
1428518302116044595	CPU_4	100.00	0	0	0	0	0	0	0	0	0
1428518302828149179	CPU_4	97.22	0	0	0	0	1.38	1.38	0	0	0
1428518303529051740	CPU_4	100.00	0	0	0	0	0	0	0	0	0
1428518304246371191	CPU_4	98.61	0	0	0	0	1.38	0	0	0	0
1428518304953041658	CPU_4	100.00	0	0	0	0	0	0	0	0	0
1428518305653566219	CPU_4	97.18	0	0	0	0	1.40	1.40	0	0	0
1428518306367398842	CPU_4	100.00	0	0	0	0	0	0	0	0	0
1428518307069652108	CPU_4	98.57	0	0	0	0	1.42	0	0	0	0
1428518307818096260	CPU_4	100.00	0	0	0	0	0	0	0	0	0
1428518308520587859	CPU_4	97.18	0	0	0	0	1.40	1.40	0	0	0
1428518309223917374	CPU_4	100.00	0	0	0	0	0	0	0	0	0
1428518309932018339	CPU_4	98.57	0	0	0	0	1.42	0	0	0	0
1428518310635138312	CPU_4	98.59	0	0	0	0	0	1.40	0	0	0
1428518311336378330	CPU_4	98.57	0	0	0	0	1.42	0	0	0	0
1428518312047130374	CPU_4	100.00	0	0	0	0	0	0	0	0	0
1428518312748760266	CPU_4	98.59	0	0	0	0	1.40	0	0	0	0
1428518313465464843	CPU_4	98.61	0	0	0	0	0	1.38	0	0	0
1428518314168357191	CPU_4	98.57	0	0	0	0	1.42	0	0	0	0
1428518314869219668	CPU_4	100.00	0	0	0	0	0	0	0	0	0
1428518315580649086	CPU_4	98.59	0	0	0	0	1.40	0	0	0	0
1428518316286129180	CPU_4	98.59	0	0	0	0	0	1.40	0	0	0
1428518316986519532	CPU_4	98.57	0	0	0	0	1.42	0	0	0	0
1428518317699261615	CPU_4	100.00	0	0	0	0	0	0	0	0	0
1428518318403896544	CPU_4	98.59	0	0	0	0	1.40	0	0	0	0
1428518319116858709	CPU_4	98.59	0	0	0	0	0	1.40	0	0	0
1428518319818958225	CPU_4	98.59	0	0	0	0	1.40	0	0	0	0
1428518320521972365	CPU_4	100.00	0	0	0	0	0	0	0	0	0
1428518321231842160	CPU_4	98.59	0	0	0	0	1.40	0	0	0	0
1428518321933768093	CPU_4	98.59	0	0	0	0	0	1.40	0	0	0
1428518322636804607	CPU_4	98.57	0	0	0	0	1.42	0	0	0	0
1428518323347178819	CPU_4	100.00	0	0	0	0	0	0	0	0	0
1428518324048299669	CPU_4	98.59	0	0	0	0	1.40	0	0	0	0
1428518324761377793	CPU_4	98.59	0	0	0	0	0	1.40	0	0	0
1428518325461351354	CPU_4	98.59	0	0	0	0	1.40	0	0	0	0
1428518326164928742	CPU_4	100.00	0	0	0	0	0	0	0	0	0
1428518326876417285	CPU_4	97.22	0	0	0	0	1.38	1.38	0	0	0
1428518327576423887	CPU_4	100.00	0	0	0	0	0	0	0	0	0
1428518328278574444	CPU_4	98.57	0	0	0	0	1.42	0	0	0	0
1428518328991031485	CPU_4	100.00	0	0	0	0	0	0	0	0	0
1428518329692168669	CPU_4	97.18	0	0	0	0	1.40	1.40	0	0	0
1428518330405136751	CPU_4	100.00	0	0	0	0	0	0	0	0	0
1428518331107782266	CPU_4	98.57	0	0	0	0	1.42	0	0	0	0
1428518331809273866	CPU_4	100.00	0	0	0	0	0	0	0	0	0
1428518332522078489	CPU_4	97.22	0	0	0	0	1.38	1.38	0	0	0
1428518333225119878	CPU_4	100.00	0	0	0	0	0	0	0	0	0
1428518333971330366	CPU_4	98.64	0	0	0	0	1.35	0	0	0	0
1428518334678121665	CPU_4	100.00	0	0	0	0	0	0	0	0	0
1428518335380463180	CPU_4	97.18	0	0	0	0	1.40	1.40	0	0	0
1428518336092561305	CPU_4	100.00	0	0	0	0	0	0	0	0	0
1428518336795536152	CPU_4	98.59	0	0	0	0	1.40	0	0	0	0
1428518337499319415	CPU_4	100.00	0	0	0	0	0	0	0	0	0
1428518338243198656	CPU_4	97.33	0	0	0	0	1.33	1.33	0	0	0
1428518338945191921	CPU_4	100.00	0	0	0	0	0	0	0	0	0
1428518339658373878	CPU_4	98.61	0	0	0	0	1.38	0	0	0	0
1428518340361963515	CPU_4	98.57	0	0	0	0	0	1.42	0	0	0
1428518341066530860	CPU_4	98.59	0	0	0	0	1.40	0	0	0	0
1428518341780529898	CPU_4	100.00	0	0	0	0	0	0	0	0	0
1428518342484872201	CPU_4	98.59	0	0	0	0	1.40	0	0	0	0
1428518343196019744	CPU_4	98.57	0	0	0	0	0	1.42	0	0	0
1428518343901499795	CPU_4	98.61	0	0	0	0	1.38	0	0	0	0
1428518344606542264	CPU_4	100.00	0	0	0	0	0	0	0	0	0
1428518345321098801	CPU_4	98.61	0	0	0	0	1.38	0	0	0	0
1428518346021936193	CPU_4	98.57	0	0	0	0	0	1.42	0	0	0
1428518346726760995	CPU_4	98.59	0	0	0	0	1.40	0	0	0	0
1428518347438937661	CPU_4	100.00	0	0	0	0	0	0	0	0	0
1428518348139226596	CPU_4	98.57	0	0	0	0	1.42	0	0	0	0
1428518348875785514	CPU_4	98.61	0	0	0	0	0	1.38	0	0	0
1428518349601397659	CPU_4	98.66	0	0	0	0	1.33	0	0	0	0
1428518350305292087	CPU_4	100.00	0	0	0	0	0	0	0	0	0
1428518351017858002	CPU_4	98.61	0	0	0	0	1.38	0	0	0	0
1428518351722045764	CPU_4	98.57	0	0	0	0	0	1.42	0	0	0
1428518352425936317	CPU_4	98.59	0	0	0	0	1.40	0	0	0	0
1428518353138064525	CPU_4	100.00	0	0	0	0	0	0	0	0	0
1428518353841825162	CPU_4	97.18	0	0	0	0	1.40	1.40	0	0	0
1428518354556362532	CPU_4	100.00	0	0	0	0	0	0	0	0	0
1428518355257501381	CPU_4	98.57	0	0	0	0	1.42	0	0	0	0
1428518355961504935	CPU_4	100.00	0	0	0	0	0	0	0	0	0
1428518356674574224	CPU_4	97.22	0	0	0	0	1.38	1.38	0	0	0
1428518357376419447	CPU_4	100.00	0	0	0	0	0	0	0	0	0
1428518358083223329	CPU_4	98.57	0	0	0	0	1.42	0	0	0	0
1428518358794969870	CPU_4	100.00	0	0	0	0	0	0	0	0	0
1428518359496117886	CPU_4	97.18	0	0	0	0	1.40	1.40	0	0	0
1428518360210582256	CPU_4	100.00	0	0	0	0	0	0	0	0	0
1428518360913554269	CPU_4	98.59	0	0	0	0	1.40	0	0	0	0
1428518361617367406	CPU_4	100.00	0	0	0	0	0	0	0	0	0
1428518362332330025	CPU_4	97.26	0	0	0	0	1.36	1.36	0	0	0
1428518363035439787	CPU_4	100.00	0	0	0	0	0	0	0	0	0
1428518363753170985	CPU_4	98.61	0	0	0	0	1.38	0	0	0	0
1428518364455958374	CPU_4	100.00	0	0	0	0	0	0	0	0	0
1428518365159649427	CPU_4	98.57	0	0	0	0	0	1.42	0	0	0
1428518365873778089	CPU_4	98.61	0	0	0	0	1.38	0	0	0	0
1428518366578858598	CPU_4	100.00	0	0	0	0	0	0	0	0	0
1428518367283150026	CPU_4	97.18	0	0	0	0	1.40	1.40	0	0	0
1428518367999266310	CPU_4	100.00	0	0	0	0	0	0	0	0	0
1428518368702136989	CPU_4	98.57	0	0	0	0	1.42	0	0	0	0
1428518369415149403	CPU_4	100.00	0	0	0	0	0	0	0	0	0
1428518370120695286	CPU_4	97.22	0	0	0	0	1.38	1.38	0	0	0
1428518370825127547	CPU_4	100.00	0	0	0	0	0	0	0	0	0
1428518371539301375	CPU_4	98.59	0	0	0	0	1.40	0	0	0	0
1428518372244533634	CPU_4	100.00	0	0	0	0	0	0	0	0	0
1428518372946712273	CPU_4	97.18	0	0	0	0	1.40	1.40	0	0	0
1428518373670910960	CPU_4	100.00	0	0	0	0	0	0	0	0	0
1428518374375905095	CPU_4	98.59	0	0	0	0	1.40	0	0	0	0
1428518375087236969	CPU_4	100.00	0	0	0	0	0	0	0	0	0
1428518375815586233	CPU_4	97.29	0	0	0	0	1.35	1.35	0	0	0
1428518376520318618	CPU_4	100.00	0	0	0	0	0	0	0	0	0
1428518377237006317	CPU_4	98.61	0	0	0	0	1.38	0	0	0	0
1428518377939350080	CPU_4	100.00	0	0	0	0	0	0	0	0	0
1428518378654365865	CPU_4	97.22	0	0	0	0	1.38	1.38	0	0	0
1428518379360034748	CPU_4	100.00	0	0	0	0	0	0	0	0	0
1428518380062384178	CPU_4	98.57	0	0	0	0	1.42	0	0	0	0
1428518380777486380	CPU_4	98.61	0	0	0	0	0	1.38	0	0	0
1428518381481706557	CPU_4	98.59	0	0	0	0	1.40	0	0	0	0
1428518382191698349	CPU_4	100.00	0	0	0	0	0	0	0	0	0
1428518382902173600	CPU_4	98.59	0	0	0	0	1.40	0	0	0	0
1428518383607223900	CPU_4	98.59	0	0	0	0	0	1.40	0	0	0
1428518384320781396	CPU_4	98.61	0	0	0	0	1.38	0	0	0	0
1428518385026571945	CPU_4	100.00	0	0	0	0	0	0	0	0	0
1428518385745967931	CPU_4	98.63	0	0	0	0	1.36	0	0	0	0
1428518386462954088	CPU_4	98.59	0	0	0	0	0	1.40	0	0	0
1428518387165763517	CPU_4	98.59	0	0	0	0	1.40	0	0	0	0
1428518387883806172	CPU_4	100.00	0	0	0	0	0	0	0	0	0
1428518388593459381	CPU_4	98.61	0	0	0	0	1.38	0	0	0	0
1428518389298256974	CPU_4	98.57	0	0	0	0	0	1.42	0	0	0
1428518390013111384	CPU_4	98.61	0	0	0	0	1.38	0	0	0	0
1428518390722288302	CPU_4	100.00	0	0	0	0	0	0	0	0	0
1428518391451710772	CPU_4	98.63	0	0	0	0	1.36	0	0	0	0
1428518392156944906	CPU_4	98.59	0	0	0	0	0	1.40	0	0	0
1428518392863293579	CPU_4	98.59	0	0	0	0	1.40	0	0	0	0
1428518393578295572	CPU_4	100.00	0	0	0	0	0	0	0	0	0
1428518394284186995	CPU_4	97.18	0	0	0	0	1.40	1.40	0	0	0
1428518394989459670	CPU_4	100.00	0	0	0	0	0	0	0	0	0
1428518395705542411	CPU_4	98.61	0	0	0	0	1.38	0	0	0	0
1428518396410070920	CPU_4	100.00	0	0	0	0	0	0	0	0	0
1428518397123758290	CPU_4	97.22	0	0	0	0	1.38	1.38	0	0	0
1428518397829683005	CPU_4	100.00	0	0	0	0	0	0	0	0	0
1428518398532286226	CPU_4	98.57	0	0	0	0	1.42	0	0	0	0
1428518399247437468	CPU_4	100.00	0	0	0	0	0	0	0	0	0
1428518399952186727	CPU_4	97.22	0	0	0	0	1.38	1.38	0	0	0
1428518400657681318	CPU_4	100.00	0	0	0	0	0	0	0	0	0
1428518401372820602	CPU_4	98.59	0	0	0	0	1.40	0	0	0	0
1428518402078857983	CPU_4	100.00	0	0	0	0	0	0	0	0	0
1428518402791555771	CPU_4	97.22	0	0	0	0	1.38	1.38	0	0	0
1428518403496194947	CPU_4	100.00	0	0	0	0	0	0	0	0	0
1428518404200586164	CPU_4	98.57	0	0	0	0	1.42	0	0	0	0
1428518404913942367	CPU_4	100.00	0	0	0	0	0	0	0	0	0
1428518405618136710	CPU_4	97.22	0	0	0	0	1.38	1.38	0	0	0
1428518406339380068	CPU_4	100.00	0	0	0	0	0	0	0	0	0
1428518407046226614	CPU_4	98.59	0	0	0	0	1.40	0	0	0	0
1428518407751858288	CPU_4	98.57	0	0	0	0	0	1.42	0	0	0
1428518408466062282	CPU_4	98.61	0	0	0	0	1.38	0	0	0	0
1428518409171208373	CPU_4	100.00	0	0	0	0	0	0	0	0	0
1428518409875171632	CPU_4	98.59	0	0	0	0	1.40	0	0	0	0
1428518410590192874	CPU_4	98.59	0	0	0	0	0	1.40	0	0	0
1428518411296259381	CPU_4	98.59	0	0	0	0	1.40	0	0	0	0
1428518412009859750	CPU_4	100.00	0	0	0	0	0	0	0	0	0
1428518412715667090	CPU_4	98.59	0	0	0	0	1.40	0	0	0	0
1428518413423162052	CPU_4	98.59	0	0	0	0	0	1.40	0	0	0
1428518414135008466	CPU_4	98.59	0	0	0	0	1.40	0	0	0	0
1428518414840976347	CPU_4	100.00	0	0	0	0	0	0	0	0	0
1428518415552287970	CPU_4	98.59	0	0	0	0	1.40	0	0	0	0
1428518416260963638	CPU_4	98.59	0	0	0	0	0	1.40	0	0	0
1428518416966472729	CPU_4	98.59	0	0	0	0	1.40	0	0	0	0
1428518417680798430	CPU_4	100.00	0	0	0	0	0	0	0	0	0
1428518418389467598	CPU_4	98.59	0	0	0	0	1.40	0	0	0	0
1428518419093499274	CPU_4	98.59	0	0	0	0	0	1.40	0	0	0
1428518419810006555	CPU_4	98.59	0	0	0	0	1.40	0	0	0	0
1428518420515786603	CPU_4	100.00	0	0	0	0	0	0	0	0	0
1428518421228593265	CPU_4	97.26	0	0	0	0	1.36	1.36	0	0	0
1428518421937333017	CPU_4	100.00	0	0	0	0	0	0	0	0	0
1428518422648157348	CPU_4	98.59	0	0	0	0	1.40	0	0	0	0
1428518423367105750	CPU_4	100.00	0	0	0	0	0	0	0	0	0
1428518424077252333	CPU_4	97.22	0	0	0	0	1.38	1.38	0	0	0
1428518424812968458	CPU_4	100.00	0	0	0	0	0	0	0	0	0
1428518425521543960	CPU_4	98.59	0	0	0	0	1.40	0	0	0	0
1428518426226693384	CPU_4	100.00	0	0	0	0	0	0	0	0	0
1428518426944044830	CPU_4	97.26	0	0	0	0	1.36	1.36	0	0	0
1428518427653328414	CPU_4	100.00	0	0	0	0	0	0	0	0	0
1428518428366724158	CPU_4	98.59	0	0	0	0	1.40	0	0	0	0
1428518429110165396	CPU_4	100.00	0	0	0	0	0	0	0	0	0
1428518429827056592	CPU_4	97.33	0	0	0	0	1.33	1.33	0	0	0
1428518430544361663	CPU_4	100.00	0	0	0	0	0	0	0	0	0
1428518431249114338	CPU_4	98.59	0	0	0	0	1.40	0	0	0	0
1428518431955803467	CPU_4	98.59	0	0	0	0	0	1.40	0	0	0
1428518432672751997	CPU_4	98.61	0	0	0	0	1.38	0	0	0	0
1428518433380220334	CPU_4	100.00	0	0	0	0	0	0	0	0	0
1428518434096153657	CPU_4	98.61	0	0	0	0	1.38	0	0	0	0
1428518434804118409	CPU_4	98.59	0	0	0	0	0	1.40	0	0	0
1428518435509594623	CPU_4	98.59	0	0	0	0	1.40	0	0	0	0
1428518436225794154	CPU_4	100.00	0	0	0	0	0	0	0	0	0
1428518436934618905	CPU_4	98.61	0	0	0	0	1.38	0	0	0	0
1428518437652178309	CPU_4	98.59	0	0	0	0	0	1.40	0	0	0
1428518438358419231	CPU_4	98.61	0	0	0	0	1.38	0	0	0	0
1428518439065416484	CPU_4	100.00	0	0	0	0	0	0	0	0	0
1428518439783953845	CPU_4	98.63	0	0	0	0	1.36	0	0	0	0
1428518440490680890	CPU_4	98.57	0	0	0	0	0	1.42	0	0	0
1428518441199742474	CPU_4	98.59	0	0	0	0	1.40	0	0	0	0
1428518441916258213	CPU_4	100.00	0	0	0	0	0	0	0	0	0
1428518442620581012	CPU_4	97.22	0	0	0	0	1.38	1.38	0	0	0
1428518443338883748	CPU_4	100.00	0	0	0	0	0	0	0	0	0
1428518444046628583	CPU_4	98.59	0	0	0	0	1.40	0	0	0	0
1428518444754163044	CPU_4	100.00	0	0	0	0	0	0	0	0	0
1428518445471099532	CPU_4	97.26	0	0	0	0	1.36	1.36	0	0	0
1428518446179784866	CPU_4	100.00	0	0	0	0	0	0	0	0	0
1428518446898326101	CPU_4	98.61	0	0	0	0	1.38	0	0	0	0
1428518447604510898	CPU_4	100.00	0	0	0	0	0	0	0	0	0
1428518448310651069	CPU_4	97.22	0	0	0	0	1.38	1.38	0	0	0
1428518449031379967	CPU_4	100.00	0	0	0	0	0	0	0	0	0
1428518449735534475	CPU_4	98.59	0	0	0	0	1.40	0	0	0	0
1428518450454827334	CPU_4	100.00	0	0	0	0	0	0	0	0	0
1428518451166018289	CPU_4	97.22	0	0	0	0	1.38	1.38	0	0	0
1428518451871888877	CPU_4	100.00	0	0	0	0	0	0	0	0	0
1428518452588025199	CPU_4	98.61	0	0	0	0	1.38	0	0	0	0
1428518453295453368	CPU_4	100.00	0	0	0	0	0	0	0	0	0
1428518454008875361	CPU_4	97.22	0	0	0	0	1.38	1.38	0	0	0
1428518454725402974	CPU_4	100.00	0	0	0	0	0	0	0	0	0
1428518455433339767	CPU_4	98.59	0	0	0	0	1.40	0	0	0	0
1428518456150586796	CPU_4	98.61	0	0	0	0	0	1.38	0	0	0
1428518456858283506	CPU_4	98.61	0	0	0	0	1.38	0	0	0	0
1428518457564964301	CPU_4	100.00	0	0	0	0	0	0	0	0	0
1428518458281568831	CPU_4	98.61	0	0	0	0	1.38	0	0	0	0
1428518458987616127	CPU_4	98.59	0	0	0	0	0	1.40	0	0	0
1428518459709878106	CPU_4	98.63	0	0	0	0	1.36	0	0	0	0
1428518460418285606	CPU_4	100.00	0	0	0	0	0	0	0	0	0
1428518461127445856	CPU_4	98.59	0	0	0	0	1.40	0	0	0	0
1428518461845712257	CPU_4	98.61	0	0	0	0	0	1.38	0	0	0
1428518462553172509	CPU_4	98.59	0	0	0	0	1.40	0	0	0	0
1428518463262096426	CPU_4	100.00	0	0	0	0	0	0	0	0	0
1428518463979418829	CPU_4	98.61	0	0	0	0	1.38	0	0	0	0
1428518464687320497	CPU_4	98.59	0	0	0	0	0	1.40	0	0	0
1428518465406732855	CPU_4	98.61	0	0	0	0	1.38	0	0	0	0
1428518466111982735	CPU_4	100.00	0	0	0	0	0	0	0	0	0
1428518466821237943	CPU_4	98.59	0	0	0	0	1.40	0	0	0	0
1428518467539889760	CPU_4	98.61	0	0	0	0	0	1.38	0	0	0
1428518468247453262	CPU_4	98.59	0	0	0	0	1.40	0	0	0	0
1428518468966006704	CPU_4	100.00	0	0	0	0	0	0	0	0	0
1428518469676016661	CPU_4	97.22	0	0	0	0	1.38	1.38	0	0	0
1428518470384619744	CPU_4	100.00	0	0	0	0	0	0	0	0	0
1428518471101564689	CPU_4	98.59	0	0	0	0	1.40	0	0	0	0
1428518471810642396	CPU_4	100.00	0	0	0	0	0	0	0	0	0
1428518472523303223	CPU_4	97.22	0	0	0	0	1.38	1.38	0	0	0
1428518473237763547	CPU_4	100.00	0	0	0	0	0	0	0	0	0
1428518473947167462	CPU_4	98.59	0	0	0	0	1.40	0	0	0	0
1428518474667156027	CPU_4	100.00	0	0	0	0	0	0	0	0	0
1428518475377104442	CPU_4	97.22	0	0	0	0	1.38	1.38	0	0	0
1428518476085173442	CPU_4	100.00	0	0	0	0	0	0	0	0	0
1428518476805778840	CPU_4	98.61	0	0	0	0	1.38	0	0	0	0
1428518477518068375	CPU_4	100.00	0	0	0	0	0	0	0	0	0
1428518478233829739	CPU_4	97.26	0	0	0	0	1.36	1.36	0	0	0
1428518478945347817	CPU_4	100.00	0	0	0	0	0	0	0	0	0
1428518479655059023	CPU_4	98.59	0	0	0	0	1.40	0	0	0	0
1428518480379248456	CPU_4	98.61	0	0	0	0	0	1.38	0	0	0
1428518481089916703	CPU_4	98.59	0	0	0	0	1.40	0	0	0	0
1428518481808904186	CPU_4	100.00	0	0	0	0	0	0	0	0	0
1428518482520654388	CPU_4	98.59	0	0	0	0	1.40	0	0	0	0
1428518483227692724	CPU_4	98.59	0	0	0	0	0	1.40	0	0	0
1428518483946884456	CPU_4	98.61	0	0	0	0	1.38	0	0	0	0
1428518484656207663	CPU_4	100.00	0	0	0	0	0	0	0	0	0
1428518485373432524	CPU_4	98.61	0	0	0	0	1.38	0	0	0	0
1428518486088028514	CPU_4	98.61	0	0	0	0	0	1.38	0	0	0
1428518486798589885	CPU_4	98.61	0	0	0	0	1.38	0	0	0	0
1428518487520367072	CPU_4	100.00	0	0	0	0	0	0	0	0	0
1428518488227820864	CPU_4	98.59	0	0	0	0	1.40	0	0	0	0
1428518488938846943	CPU_4	98.59	0	0	0	0	0	1.40	0	0	0
1428518489657517218	CPU_4	98.61	0	0	0	0	1.38	0	0	0	0
1428518490364730970	CPU_4	100.00	0	0	0	0	0	0	0	0	0
1428518491085594616	CPU_4	97.26	0	0	0	0	1.36	1.36	0	0	0
1428518491795180780	CPU_4	100.00	0	0	0	0	0	0	0	0	0
1428518492503512238	CPU_4	98.59	0	0	0	0	1.40	0	0	0	0
1428518493222898345	CPU_4	100.00	0	0	0	0	0	0	0	0	0
1428518493933448049	CPU_4	97.22	0	0	0	0	1.38	1.38	0	0	0
1428518494653884071	CPU_4	100.00	0	0	0	0	0	0	0	0	0
1428518495360566282	CPU_4	98.57	0	0	0	0	1.42	0	0	0	0
1428518496074680564	CPU_4	100.00	0	0	0	0	0	0	0	0	0
1428518496792933006	CPU_4	97.26	0	0	0	0	1.36	1.36	0	0	0
1428518497500208090	CPU_4	100.00	0	0	0	0	0	0	0	0	0
1428518498225665437	CPU_4	98.63	0	0	0	0	1.36	0	0	0	0
1428518498939767469	CPU_4	100.00	0	0	0	0	0	0	0	0	0
1428518499651102547	CPU_4	97.22	0	0	0	0	1.38	1.38	0	0	0
1428518500367206367	CPU_4	100.00	0	0	0	0	0	0	0	0	0
1428518501077828446	CPU_4	98.61	0	0	0	0	1.38	0	0	0	0
1428518501791456687	CPU_4	98.59	0	0	0	0	0	1.40	0	0	0
1428518502504986803	CPU_4	98.61	0	0	0	0	1.38	0	0	0	0
1428518503213803676	CPU_4	100.00	0	0	0	0	0	0	0	0	0
1428518503934165240	CPU_4	98.63	0	0	0	0	1.36	0	0	0	0
1428518504640922700	CPU_4	98.57	0	0	0	0	0	1.42	0	0	0
1428518505349822656	CPU_4	98.61	0	0	0	0	1.38	0	0	0	0
1428518506068940846	CPU_4	100.00	0	0	0	0	0	0	0	0	0
1428518506780435007	CPU_4	98.59	0	0	0	0	1.40	0	0	0	0
1428518507497248243	CPU_4	98.61	0	0	0	0	0	1.38	0	0	0
1428518508206265491	CPU_4	98.59	0	0	0	0	1.40	0	0	0	0
1428518508916825028	CPU_4	100.00	0	0	0	0	0	0	0	0	0
1428518509634597095	CPU_4	98.63	0	0	0	0	1.36	0	0	0	0
1428518510344722633	CPU_4	98.59	0	0	0	0	0	1.40	0	0	0
1428518511063824823	CPU_4	98.61	0	0	0	0	1.38	0	0	0	0
1428518511775147775	CPU_4	100.00	0	0	0	0	0	0	0	0	0
1428518512484641397	CPU_4	97.22	0	0	0	0	1.38	1.38	0	0	0
1428518513203775629	CPU_4	100.00	0	0	0	0	0	0	0	0	0
1428518513914201999	CPU_4	98.59	0	0	0	0	1.40	0	0	0	0
1428518514641306093	CPU_4	100.00	0	0	0	0	0	0	0	0	0
1428518515349707925	CPU_4	97.26	0	0	0	0	1.36	1.36	0	0	0
1428518516061270460	CPU_4	100.00	0	0	0	0	0	0	0	0	0
1428518516779103069	CPU_4	98.61	0	0	0	0	1.38	0	0	0	0
1428518517489543731	CPU_4	100.00	0	0	0	0	0	0	0	0	0
1428518518198159729	CPU_4	97.22	0	0	0	0	1.38	1.38	0	0	0
1428518518921020246	CPU_4	100.00	0	0	0	0	0	0	0	0	0
1428518519629972952	CPU_4	98.59	0	0	0	0	1.40	0	0	0	0
1428518520350138682	CPU_4	100.00	0	0	0	0	0	0	0	0	0
1428518521065740752	CPU_4	97.22	0	0	0	0	1.38	1.38	0	0	0
1428518521773791668	CPU_4	100.00	0	0	0	0	0	0	0	0	0
1428518522496910351	CPU_4	98.61	0	0	0	0	1.38	0	0	0	0
1428518523207267013	CPU_4	98.59	0	0	0	0	0	1.40	0	0	0
1428518523929243406	CPU_4	98.61	0	0	0	0	1.38	0	0	0	0
1428518524637389321	CPU_4	100.00	0	0	0	0	0	0	0	0	0
1428518525347564859	CPU_4	98.61	0	0	0	0	1.38	0	0	0	0
1428518526068417045	CPU_4	98.61	0	0	0	0	0	1.38	0	0	0
1428518526777925750	CPU_4	98.59	0	0	0	0	1.40	0	0	0	0
1428518527500100476	CPU_4	100.00	0	0	0	0	0	0	0	0	0
1428518528211600011	CPU_4	98.59	0	0	0	0	1.40	0	0	0	0
1428518528920160926	CPU_4	98.59	0	0	0	0	0	1.40	0	0	0
1428518529643408650	CPU_4	98.63	0	0	0	0	1.36	0	0	0	0
1428518530352909438	CPU_4	100.00	0	0	0	0	0	0	0	0	0
1428518531071803878	CPU_4	98.61	0	0	0	0	1.38	0	0	0	0
1428518531783573662	CPU_4	98.61	0	0	0	0	0	1.38	0	0	0
1428518532493912490	CPU_4	98.59	0	0	0	0	1.40	0	0	0	0
1428518533214965051	CPU_4	100.00	0	0	0	0	0	0	0	0	0
1428518533924954963	CPU_4	97.22	0	0	0	0	1.38	1.38	0	0	0
1428518534637241955	CPU_4	100.00	0	0	0	0	0	0	0	0	0
1428518535358491433	CPU_4	98.61	0	0	0	0	1.38	0	0	0	0
1428518536072357713	CPU_4	100.00	0	0	0	0	0	0	0	0	0
1428518536789923613	CPU_4	97.26	0	0	0	0	1.36	1.36	0	0	0
1428518537502067688	CPU_4	100.00	0	0	0	0	0	0	0	0	0
1428518538212849974	CPU_4	98.59	0	0	0	0	1.40	0	0	0	0
1428518538933953243	CPU_4	100.00	0	0	0	0	0	0	0	0	0
1428518539645025612	CPU_4	97.22	0	0	0	0	1.38	1.38	0	0	0
1428518540365668048	CPU_4	100.00	0	0	0	0	0	0	0	0	0
1428518541081821034	CPU_4	98.59	0	0	0	0	1.40	0	0	0	0
1428518541791394113	CPU_4	100.00	0	0	0	0	0	0	0	0	0
1428518542512838381	CPU_4	97.26	0	0	0	0	1.36	1.36	0	0	0
1428518543224407290	CPU_4	100.00	0	0	0	0	0	0	0	0	0
1428518543947438723	CPU_4	98.61	0	0	0	0	1.38	0	0	0	0
1428518544665551080	CPU_4	98.61	0	0	0	0	0	1.38	0	0	0
1428518545376700240	CPU_4	98.59	0	0	0	0	1.40	0	0	0	0
1428518546100917087	CPU_4	100.00	0	0	0	0	0	0	0	0	0
1428518546809470126	CPU_4	98.59	0	0	0	0	1.40	0	0	0	0
1428518547531726476	CPU_4	98.61	0	0	0	0	0	1.38	0	0	0
1428518548244283509	CPU_4	98.61	0	0	0	0	1.38	0	0	0	0
1428518548955505377	CPU_4	100.00	0	0	0	0	0	0	0	0	0
1428518549677515269	CPU_4	98.63	0	0	0	0	1.36	0	0	0	0
1428518550388852387	CPU_4	98.59	0	0	0	0	0	1.40	0	0	0
1428518551113146150	CPU_4	98.63	0	0	0	0	1.36	0	0	0	0
1428518551826327515	CPU_4	100.00	0	0	0	0	0	0	0	0	0
1428518552538254715	CPU_4	98.61	0	0	0	0	1.38	0	0	0	0
1428518553259589900	CPU_4	98.61	0	0	0	0	0	1.38	0	0	0
1428518553968967979	CPU_4	98.59	0	0	0	0	1.40	0	0	0	0
1428518554681451970	CPU_4	100.00	0	0	0	0	0	0	0	0	0
1428518555401872281	CPU_4	97.26	0	0	0	0	1.36	1.36	0	0	0
1428518556116396477	CPU_4	100.00	0	0	0	0	0	0	0	0	0
1428518556835095374	CPU_4	98.61	0	0	0	0	1.38	0	0	0	0
1428518557547518740	CPU_4	100.00	0	0	0	0	0	0	0	0	0
1428518558257672734	CPU_4	97.22	0	0	0	0	1.38	1.38	0	0	0
1428518558979988250	CPU_4	100.00	0	0	0	0	0	0	0	0	0
1428518559694506654	CPU_4	98.61	0	0	0	0	1.38	0	0	0	0
1428518560416477546	CPU_4	100.00	0	0	0	0	0	0	0	0	0
1428518561130830742	CPU_4	97.26	0	0	0	0	1.36	1.36	0	0	0
1428518561840425695	CPU_4	100.00	0	0	0	0	0	0	0	0	0
1428518562562341837	CPU_4	98.61	0	0	0	0	1.38	0	0	0	0
1428518563274305703	CPU_4	98.61	0	0	0	0	0	1.38	0	0	0
1428518563996618511	CPU_4	98.61	0	0	0	0	1.38	0	0	0	0
1428518564709610126	CPU_4	100.00	0	0	0	0	0	0	0	0	0
1428518565420687827	CPU_4	98.59	0	0	0	0	1.40	0	0	0	0
1428518566145719589	CPU_4	98.63	0	0	0	0	0	1.36	0	0	0
1428518566855032417	CPU_4	98.59	0	0	0	0	1.40	0	0	0	0
1428518567577179017	CPU_4	100.00	0	0	0	0	0	0	0	0	0
1428518568288810883	CPU_4	98.61	0	0	0	0	1.38	0	0	0	0
1428518569006665365	CPU_4	98.61	0	0	0	0	0	1.38	0	0	0
1428518569729461547	CPU_4	98.63	0	0	0	0	1.36	0	0	0	0
1428518570441725454	CPU_4	100.00	0	0	0	0	0	0	0	0	0
1428518571167084924	CPU_4	98.63	0	0	0	0	1.36	0	0	0	0
1428518571877177251	CPU_4	98.59	0	0	0	0	0	1.40	0	0	0
1428518572590999405	CPU_4	98.61	0	0	0	0	1.38	0	0	0	0
1428518573313086963	CPU_4	100.00	0	0	0	0	0	0	0	0	0
1428518574023817873	CPU_4	97.22	0	0	0	0	1.38	1.38	0	0	0
1428518574750245924	CPU_4	100.00	0	0	0	0	0	0	0	0	0
1428518575461050583	CPU_4	98.59	0	0	0	0	1.40	0	0	0	0
1428518576176350568	CPU_4	100.00	0	0	0	0	0	0	0	0	0
1428518576896699837	CPU_4	97.26	0	0	0	0	1.36	1.36	0	0	0
1428518577613514654	CPU_4	100.00	0	0	0	0	0	0	0	0	0
1428518578339046373	CPU_4	98.59	0	0	0	0	1.40	0	0	0	0
1428518579054260483	CPU_4	100.00	0	0	0	0	0	0	0	0	0
1428518579767370347	CPU_4	97.22	0	0	0	0	1.38	1.38	0	0	0
1428518580489582738	CPU_4	100.00	0	0	0	0	0	0	0	0	0
1428518581205220347	CPU_4	98.61	0	0	0	0	1.38	0	0	0	0
1428518581919944833	CPU_4	100.00	0	0	0	0	0	0	0	0	0
1428518582639170395	CPU_4	97.29	0	0	0	0	1.35	1.35	0	0	0
1428518583350992136	CPU_4	100.00	0	0	0	0	0	0	0	0	0
1428518584077194395	CPU_4	98.63	0	0	0	0	1.36	0	0	0	0
1428518584789041261	CPU_4	98.59	0	0	0	0	0	1.40	0	0	0
1428518585504000330	CPU_4	98.61	0	0	0	0	1.38	0	0	0	0
1428518586224979389	CPU_4	100.00	0	0	0	0	0	0	0	0	0
1428518586935083924	CPU_4	98.61	0	0	0	0	1.38	0	0	0	0
1428518587658014939	CPU_4	98.61	0	0	0	0	0	1.38	0	0	0
1428518588370403178	CPU_4	98.61	0	0	0	0	1.38	0	0	0	0
1428518589086978828	CPU_4	100.00	0	0	0	0	0	0	0	0	0
1428518589811898755	CPU_4	98.63	0	0	0	0	1.36	0	0	0	0
1428518590525127952	CPU_4	98.61	0	0	0	0	0	1.38	0	0	0
1428518591250091755	CPU_4	98.63	0	0	0	0	1.36	0	0	0	0
1428518591960263331	CPU_4	100.00	0	0	0	0	0	0	0	0	0
1428518592674143985	CPU_4	98.61	0	0	0	0	1.38	0	0	0	0
1428518593394801003	CPU_4	98.61	0	0	0	0	0	1.38	0	0	0
1428518594110990069	CPU_4	98.61	0	0	0	0	1.38	0	0	0	0
1428518594830805547	CPU_4	100.00	0	0	0	0	0	0	0	0	0
1428518595542527995	CPU_4	97.22	0	0	0	0	1.38	1.38	0	0	0
1428518596255322067	CPU_4	100.00	0	0	0	0	0	0	0	0	0
1428518596974798754	CPU_4	98.61	0	0	0	0	1.38	0	0	0	0
1428518597687700367	CPU_4	100.00	0	0	0	0	0	0	0	0	0
1428518598408895300	CPU_4	97.29	0	0	0	0	1.35	1.35	0	0	0
1428518599128499278	CPU_4	100.00	0	0	0	0	0	0	0	0	0
1428518599839083562	CPU_4	98.59	0	0	0	0	1.40	0	0	0	0
1428518600567045859	CPU_4	100.00	0	0	0	0	0	0	0	0	0
1428518601280063222	CPU_4	97.26	0	0	0	0	1.36	1.36	0	0	0
1428518602000406074	CPU_4	100.00	0	0	0	0	0	0	0	0	0
1428518602712040689	CPU_4	98.59	0	0	0	0	1.40	0	0	0	0
1428518603425015552	CPU_4	100.00	0	0	0	0	0	0	0	0	0
1428518604148567773	CPU_4	97.29	0	0	0	0	1.35	1.35	0	0	0
1428518604858131850	CPU_4	100.00	0	0	0	0	0	0	0	0	0
1428518605581820488	CPU_4	98.61	0	0	0	0	1.38	0	0	0	0
1428518606295299641	CPU_4	98.61	0	0	0	0	0	1.38	0	0	0
1428518607006607424	CPU_4	98.59	0	0	0	0	1.40	0	0	0	0
1428518607734014722	CPU_4	100.00	0	0	0	0	0	0	0	0	0
1428518608447927000	CPU_4	98.61	0	0	0	0	1.38	0	0	0	0
1428518609175302340	CPU_4	98.63	0	0	0	0	0	1.36	0	0	0
1428518609885179374	CPU_4	98.59	0	0	0	0	1.40	0	0	0	0
1428518610602949688	CPU_4	100.00	0	0	0	0	0	0	0	0	0
1428518611326127493	CPU_4	98.63	0	0	0	0	1.36	0	0	0	0
1428518612038567440	CPU_4	98.59	0	0	0	0	0	1.40	0	0	0
1428518612761942119	CPU_4	98.63	0	0	0	0	1.36	0	0	0	0
1428518613474659232	CPU_4	100.00	0	0	0	0	0	0	0	0	0
1428518614188006094	CPU_4	98.61	0	0	0	0	1.38	0	0	0	0
1428518614908791819	CPU_4	98.61	0	0	0	0	0	1.38	0	0	0
1428518615622322056	CPU_4	98.61	0	0	0	0	1.38	0	0	0	0
1428518616348023524	CPU_4	100.00	0	0	0	0	0	0	0	0	0
1428518617062462509	CPU_4	97.26	0	0	0	0	1.36	1.36	0	0	0
1428518617775208663	CPU_4	100.00	0	0	0	0	0	0	0	0	0
1428518618497351428	CPU_4	98.61	0	0	0	0	1.38	0	0	0	0
1428518619213902951	CPU_4	100.00	0	0	0	0	0	0	0	0	0
1428518619932977304	CPU_4	97.26	0	0	0	0	1.36	1.36	0	0	0
1428518620652451281	CPU_4	100.00	0	0	0	0	0	0	0	0	0
1428518621364795936	CPU_4	98.61	0	0	0	0	1.38	0	0	0	0
1428518622089586238	CPU_4	100.00	0	0	0	0	0	0	0	0	0
1428518622801018061	CPU_4	97.22	0	0	0	0	1.38	1.38	0	0	0
1428518623518255542	CPU_4	100.00	0	0	0	0	0	0	0	0	0
1428518624237153145	CPU_4	98.61	0	0	0	0	1.38	0	0	0	0
1428518624948986384	CPU_4	100.00	0	0	0	0	0	0	0	0	0
1428518625673799269	CPU_4	97.26	0	0	0	0	1.36	1.36	0	0	0
1428518626388257712	CPU_4	100.00	0	0	0	0	0	0	0	0	0
1428518627106891315	CPU_4	98.59	0	0	0	0	1.40	0	0	0	0
1428518627825465252	CPU_4	98.61	0	0	0	0	0	1.38	0	0	0
1428518628537475740	CPU_4	98.61	0	0	0	0	1.38	0	0	0	0
1428518629260692169	CPU_4	100.00	0	0	0	0	0	0	0	0	0
1428518629968123457	CPU_4	98.59	0	0	0	0	1.40	0	0	0	0
1428518630680421612	CPU_4	98.61	0	0	0	0	0	1.38	0	0	0
1428518631403300750	CPU_4	98.61	0	0	0	0	1.38	0	0	0	0
1428518632115618321	CPU_4	100.00	0	0	0	0	0	0	0	0	0
1428518632834406674	CPU_4	98.61	0	0	0	0	1.38	0	0	0	0
1428518633546192163	CPU_4	98.59	0	0	0	0	0	1.40	0	0	0
1428518634258232651	CPU_4	98.61	0	0	0	0	1.38	0	0	0	0
1428518634977400878	CPU_4	100.00	0	0	0	0	0	0	0	0	0
1428518635688771034	CPU_4	97.22	0	0	0	0	1.38	1.38	0	0	0
1428518636410782132	CPU_4	100.00	0	0	0	0	0	0	0	0	0
1428518637124566701	CPU_4	98.59	0	0	0	0	1.40	0	0	0	0
1428518637836046607	CPU_4	100.00	0	0	0	0	0	0	0	0	0
1428518638556804206	CPU_4	95.89	0	1.36	0	0	1.36	1.36	0	0	0
1428518639271177649	CPU_4	100.00	0	0	0	0	0	0	0	0	0
1428518639991059624	CPU_4	98.61	0	0	0	0	1.38	0	0	0	0
1428518640704789027	CPU_4	100.00	0	0	0	0	0	0	0	0	0
1428518641415954850	CPU_4	97.22	0	0	0	0	1.38	1.38	0	0	0
1428518642140977067	CPU_4	100.00	0	0	0	0	0	0	0	0	0
1428518642852072098	CPU_4	98.59	0	0	0	0	1.40	0	0	0	0
1428518643574329278	CPU_4	98.63	0	0	0	0	0	1.36	0	0	0
1428518644286627474	CPU_4	98.59	0	0	0	0	1.40	0	0	0	0
1428518644999105920	CPU_4	100.00	0	0	0	0	0	0	0	0	0
1428518645722387848	CPU_4	98.61	0	0	0	0	1.38	0	0	0	0
1428518646436571666	CPU_4	98.61	0	0	0	0	0	1.38	0	0	0
1428518647160852885	CPU_4	98.61	0	0	0	0	1.38	0	0	0	0
1428518647873953329	CPU_4	98.61	0	0	0	0	1.38	0	0	0	0
1428518648587555440	CPU_4	100.00	0	0	0	0	0	0	0	0	0
1428518649312888490	CPU_4	98.61	0	0	0	0	0	1.38	0	0	0
1428518650023778146	CPU_4	98.61	0	0	0	0	1.38	0	0	0	0
1428518650748887363	CPU_4	98.61	0	0	0	0	1.38	0	0	0	0
1428518651461443517	CPU_4	100.00	0	0	0	0	0	0	0	0	0
1428518652178578246	CPU_4	97.22	0	0	0	0	1.38	1.38	0	0	0
1428518652899376262	CPU_4	100.00	0	0	0	0	0	0	0	0	0
1428518653613520163	CPU_4	100.00	0	0	0	0	0	0	0	0	0
1428518654336548966	CPU_4	97.26	0	0	0	0	1.36	1.36	0	0	0
1428518655049917160	CPU_4	98.61	0	0	0	0	1.38	0	0	0	0
1428518655766288433	CPU_4	100.00	0	0	0	0	0	0	0	0	0
1428518656489331778	CPU_4	98.63	0	0	0	0	1.36	0	0	0	0
1428518657207639755	CPU_4	98.61	0	0	0	0	0	1.38	0	0	0
1428518657928474895	CPU_4	98.63	0	0	0	0	1.36	0	0	0	0
1428518658642295963	CPU_4	100.00	0	0	0	0	0	0	0	0	0
1428518659356849447	CPU_4	98.61	0	0	0	0	1.38	0	0	0	0
1428518660081181332	CPU_4	98.61	0	0	0	0	0	1.38	0	0	0
1428518660792438279	CPU_4	98.61	0	0	0	0	1.38	0	0	0	0
1428518661514295042	CPU_4	100.00	0	0	0	0	0	0	0	0	0
1428518662228031610	CPU_4	97.22	0	0	0	0	1.38	1.38	0	0	0
1428518662940330514	CPU_4	100.00	0	0	0	0	0	0	0	0	0
1428518663674174341	CPU_4	98.64	0	0	0	0	1.35	0	0	0	0
1428518664394183857	CPU_4	100.00	0	0	0	0	0	0	0	0	0
1428518665236851511	CPU_4	97.64	0	0	0	0	1.17	1.17	0	0	0
1428518665950515454	CPU_4	100.00	0	0	0	0	0	0	0	0	0
1428518666673824257	CPU_4	98.63	0	0	0	0	1.36	0	0	0	0
1428518667390260945	CPU_4	100.00	0	0	0	0	0	0	0	0	0
1428518668103183389	CPU_4	97.22	0	0	0	0	1.38	1.38	0	0	0
1428518668834103263	CPU_4	100.00	0	0	0	0	0	0	0	0	0
1428518669547507206	CPU_4	98.61	0	0	0	0	1.38	0	0	0	0
1428518670271570383	CPU_4	98.61	0	0	0	0	0	1.38	0	0	0
1428518670985246867	CPU_4	98.61	0	0	0	0	1.38	0	0	0	0
1428518671699826975	CPU_4	100.00	0	0	0	0	0	0	0	0	0
1428518672422117237	CPU_4	98.61	0	0	0	0	1.38	0	0	0	0
1428518673138439051	CPU_4	98.61	0	0	0	0	0	1.38	0	0	0
1428518673865776055	CPU_4	98.63	0	0	0	0	1.36	0	0	0	0
1428518674582047827	CPU_4	100.00	0	0	0	0	0	0	0	0	0
1428518675295120354	CPU_4	98.61	0	0	0	0	1.38	0	0	0	0
1428518676019067489	CPU_4	98.61	0	0	0	0	0	1.38	0	0	0
1428518676732384182	CPU_4	98.61	0	0	0	0	1.38	0	0	0	0
1428518677454099403	CPU_4	100.00	0	0	0	0	0	0	0	0	0
1428518678166737139	CPU_4	97.22	0	0	0	0	1.38	1.38	0	0	0
1428518678881277163	CPU_4	100.00	0	0	0	0	0	0	0	0	0
1428518679606777420	CPU_4	98.63	0	0	0	0	1.36	0	0	0	0
1428518680319616448	CPU_4	100.00	0	0	0	0	0	0	0	0	0
1428518681041947918	CPU_4	97.26	0	0	0	0	1.36	1.36	0	0	0
1428518681756494151	CPU_4	100.00	0	0	0	0	0	0	0	0	0
1428518682469064303	CPU_4	98.59	0	0	0	0	1.40	0	0	0	0
1428518683192649646	CPU_4	100.00	0	0	0	0	0	0	0	0	0
1428518683906316797	CPU_4	97.22	0	0	0	0	1.38	1.38	0	0	0
1428518684628463517	CPU_4	100.00	0	0	0	0	0	0	0	0	0
1428518685342286585	CPU_4	98.59	0	0	0	0	1.40	0	0	0	0
1428518686056457859	CPU_4	100.00	0	0	0	0	0	0	0	0	0
1428518686780445660	CPU_4	97.29	0	0	0	0	1.35	1.35	0	0	0
1428518687493566395	CPU_4	100.00	0	0	0	0	0	0	0	0	0
1428518688221787230	CPU_4	98.61	0	0	0	0	1.38	0	0	0	0
1428518688939911041	CPU_4	98.61	0	0	0	0	0	1.38	0	0	0
1428518689652133318	CPU_4	98.61	0	0	0	0	1.38	0	0	0	0
1428518690374661955	CPU_4	100.00	0	0	0	0	0	0	0	0	0
1428518691091346975	CPU_4	98.61	0	0	0	0	1.38	0	0	0	0
1428518691820866559	CPU_4	98.63	0	0	0	0	0	1.36	0	0	0
1428518692534730584	CPU_4	98.61	0	0	0	0	1.38	0	0	0	0
1428518693246765653	CPU_4	100.00	0	0	0	0	0	0	0	0	0
1428518693972295826	CPU_4	98.63	0	0	0	0	1.36	0	0	0	0
1428518694685767519	CPU_4	98.61	0	0	0	0	0	1.38	0	0	0
1428518695408294696	CPU_4	98.61	0	0	0	0	1.38	0	0	0	0
1428518696128023295	CPU_4	100.00	0	0	0	0	0	0	0	0	0
1428518696841525696	CPU_4	98.61	0	0	0	0	1.38	0	0	0	0
1428518697565750454	CPU_4	98.63	0	0	0	0	0	1.36	0	0	0
1428518698278209315	CPU_4	98.59	0	0	0	0	1.40	0	0	0	0
1428518699002169782	CPU_4	100.00	0	0	0	0	0	0	0	0	0
1428518699720829341	CPU_4	97.26	0	0	0	0	1.36	1.36	0	0	0
1428518700439547858	CPU_4	100.00	0	0	0	0	0	0	0	0	0
1428518701161323786	CPU_4	98.61	0	0	0	0	1.38	0	0	0	0
1428518701877141391	CPU_4	100.00	0	0	0	0	0	0	0	0	0
1428518702597739280	CPU_4	97.26	0	0	0	0	1.36	1.36	0	0	0
1428518703316726922	CPU_4	100.00	0	0	0	0	0	0	0	0	0
1428518704034859856	CPU_4	98.61	0	0	0	0	1.38	0	0	0	0
1428518704762851317	CPU_4	100.00	0	0	0	0	0	0	0	0	0
1428518705478267047	CPU_4	97.26	0	0	0	0	1.36	1.36	0	0	0
1428518706201142682	CPU_4	100.00	0	0	0	0	0	0	0	0	0
1428518706920082907	CPU_4	98.61	0	0	0	0	1.38	0	0	0	0
1428518707635471304	CPU_4	98.61	0	0	0	0	0	1.38	0	0	0
1428518708361281643	CPU_4	98.63	0	0	0	0	1.36	0	0	0	0
1428518709074573627	CPU_4	100.00	0	0	0	0	0	0	0	0	0
1428518709806029748	CPU_4	98.63	0	0	0	0	1.36	0	0	0	0
1428518710522121394	CPU_4	98.61	0	0	0	0	0	1.38	0	0	0
1428518711234898378	CPU_4	98.61	0	0	0	0	1.38	0	0	0	0
1428518711960819967	CPU_4	100.00	0	0	0	0	0	0	0	0	0
1428518712675530031	CPU_4	98.61	0	0	0	0	1.38	0	0	0	0
1428518713406159487	CPU_4	98.61	0	0	0	0	0	1.38	0	0	0
1428518714120048636	CPU_4	98.63	0	0	0	0	1.36	0	0	0	0
1428518714838911903	CPU_4	100.00	0	0	0	0	0	0	0	0	0
1428518715564414367	CPU_4	97.26	0	0	0	0	1.36	1.36	0	0	0
1428518716279959971	CPU_4	100.00	0	0	0	0	0	0	0	0	0
1428518717004063646	CPU_4	98.61	0	0	0	0	1.38	0	0	0	0
1428518717724377535	CPU_4	98.63	0	0	0	0	1.36	0	0	0	0
1428518718440907013	CPU_4	98.59	0	0	0	0	0	1.40	0	0	0
1428518719167576308	CPU_4	98.63	0	0	0	0	1.36	0	0	0	0
1428518719884523911	CPU_4	100.00	0	0	0	0	0	0	0	0	0
1428518720610823415	CPU_4	98.63	0	0	0	0	1.36	0	0	0	0
1428518721330802263	CPU_4	98.61	0	0	0	0	0	1.38	0	0	0
1428518722044748328	CPU_4	98.61	0	0	0	0	1.38	0	0	0	0
1428518722769103210	CPU_4	100.00	0	0	0	0	0	0	0	0	0
1428518723486877478	CPU_4	98.61	0	0	0	0	1.38	0	0	0	0
1428518724207851907	CPU_4	98.61	0	0	0	0	0	1.38	0	0	0
1428518724928060421	CPU_4	98.61	0	0	0	0	1.38	0	0	0	0
1428518725643540734	CPU_4	100.00	0	0	0	0	0	0	0	0	0
1428518726368897489	CPU_4	97.29	0	0	0	0	1.35	1.35	0	0	0
1428518727088114921	CPU_4	100.00	0	0	0	0	0	0	0	0	0
1428518727815037216	CPU_4	98.61	0	0	0	0	1.38	0	0	0	0
1428518728530501154	CPU_4	100.00	0	0	0	0	0	0	0	0	0
1428518729245417384	CPU_4	97.22	0	0	0	0	1.38	1.38	0	0	0
1428518729969403267	CPU_4	100.00	0	0	0	0	0	0	0	0	0
1428518730684293205	CPU_4	98.61	0	0	0	0	1.38	0	0	0	0
1428518731410613543	CPU_4	100.00	0	0	0	0	0	0	0	0	0
1428518732129649225	CPU_4	97.29	0	0	0	0	1.35	1.35	0	0	0
1428518732842677416	CPU_4	100.00	0	0	0	0	0	0	0	0	0
1428518733568390671	CPU_4	98.63	0	0	0	0	1.36	0	0	0	0
1428518734282492069	CPU_4	98.59	0	0	0	0	0	1.40	0	0	0
1428518735006907076	CPU_4	98.63	0	0	0	0	1.36	0	0	0	0
1428518735726017091	CPU_4	100.00	0	0	0	0	0	0	0	0	0
1428518736441547320	CPU_4	98.61	0	0	0	0	1.38	0	0	0	0
1428518737166920450	CPU_4	98.63	0	0	0	0	0	1.36	0	0	0
1428518737881577181	CPU_4	98.61	0	0	0	0	1.38	0	0	0	0
1428518738607134769	CPU_4	100.00	0	0	0	0	0	0	0	0	0
1428518739326434825	CPU_4	98.63	0	0	0	0	1.36	0	0	0	0
1428518740043598093	CPU_4	98.61	0	0	0	0	0	1.38	0	0	0
1428518740770310137	CPU_4	98.61	0	0	0	0	1.38	0	0	0	0
1428518741487709363	CPU_4	100.00	0	0	0	0	0	0	0	0	0
1428518742215121615	CPU_4	97.26	0	0	0	0	1.36	1.36	0	0	0
1428518742933053215	CPU_4	100.00	0	0	0	0	0	0	0	0	0
1428518743645909407	CPU_4	98.61	0	0	0	0	1.38	0	0	0	0
1428518744372023994	CPU_4	100.00	0	0	0	0	0	0	0	0	0
1428518745088091388	CPU_4	97.22	0	0	0	0	1.38	1.38	0	0	0
1428518745816610055	CPU_4	100.00	0	0	0	0	0	0	0	0	0
1428518746533343907	CPU_4	98.63	0	0	0	0	1.36	0	0	0	0
1428518747249655342	CPU_4	100.00	0	0	0	0	0	0	0	0	0
1428518747973909516	CPU_4	97.26	0	0	0	0	1.36	1.36	0	0	0
1428518748688446954	CPU_4	100.00	0	0	0	0	0	0	0	0	0
1428518749407689510	CPU_4	98.59	0	0	0	0	1.40	0	0	0	0
1428518750127936690	CPU_4	98.63	0	0	0	0	0	1.36	0	0	0
1428518750843330002	CPU_4	98.61	0	0	0	0	1.38	0	0	0	0
1428518751571592335	CPU_4	98.61	0	0	0	0	1.38	0	0	0	0
1428518752285706899	CPU_4	100.00	0	0	0	0	0	0	0	0	0
1428518753013569858	CPU_4	97.29	0	0	0	0	1.35	1.35	0	0	0
1428518753734977827	CPU_4	100.00	0	0	0	0	0	0	0	0	0
1428518754450564514	CPU_4	98.61	0	0	0	0	1.38	0	0	0	0
1428518755175544852	CPU_4	100.00	0	0	0	0	0	0	0	0	0
1428518755893473369	CPU_4	97.26	0	0	0	0	1.36	1.36	0	0	0
1428518756618297124	CPU_4	100.00	0	0	0	0	0	0	0	0	0
1428518757341115049	CPU_4	98.61	0	0	0	0	1.38	0	0	0	0
1428518758056109278	CPU_4	98.61	0	0	0	0	0	1.38	0	0	0
1428518758782322115	CPU_4	98.63	0	0	0	0	1.36	0	0	0	0
1428518759496680553	CPU_4	100.00	0	0	0	0	0	0	0	0	0
1428518760223498263	CPU_4	98.63	0	0	0	0	1.36	0	0	0	0
1428518760942957027	CPU_4	98.61	0	0	0	0	0	1.38	0	0	0
1428518761666678326	CPU_4	98.63	0	0	0	0	1.36	0	0	0	0
1428518762389601625	CPU_4	100.00	0	0	0	0	0	0	0	0	0
1428518763104954770	CPU_4	98.61	0	0	0	0	1.38	0	0	0	0
1428518763836148390	CPU_4	98.63	0	0	0	0	0	1.36	0	0	0
1428518764554455406	CPU_4	98.61	0	0	0	0	1.38	0	0	0	0
1428518765268399678	CPU_4	100.00	0	0	0	0	0	0	0	0	0
1428518765994331556	CPU_4	97.26	0	0	0	0	1.36	1.36	0	0	0
1428518766709121619	CPU_4	100.00	0	0	0	0	0	0	0	0	0
1428518767437476701	CPU_4	98.63	0	0	0	0	1.36	0	0	0	0
1428518768151726723	CPU_4	100.00	0	0	0	0	0	0	0	0	0
1428518768865819078	CPU_4	97.22	0	0	0	0	1.38	1.38	0	0	0
1428518769593251829	CPU_4	100.00	0	0	0	0	0	0	0	0	0
1428518770305990978	CPU_4	98.61	0	0	0	0	1.38	0	0	0	0
1428518771037681430	CPU_4	100.00	0	0	0	0	0	0	0	0	0
1428518771751837827	CPU_4	97.26	0	0	0	0	1.36	1.36	0	0	0
1428518772470538883	CPU_4	100.00	0	0	0	0	0	0	0	0	0
1428518773192599184	CPU_4	98.61	0	0	0	0	1.38	0	0	0	0
1428518773910452866	CPU_4	98.61	0	0	0	0	0	1.38	0	0	0
1428518774634130789	CPU_4	98.63	0	0	0	0	1.36	0	0	0	0
1428518775349459351	CPU_4	100.00	0	0	0	0	0	0	0	0	0
1428518776064842662	CPU_4	98.61	0	0	0	0	1.38	0	0	0	0
1428518776793590743	CPU_4	98.63	0	0	0	0	0	1.36	0	0	0
1428518777509466762	CPU_4	98.61	0	0	0	0	1.38	0	0	0	0
1428518778232608353	CPU_4	100.00	0	0	0	0	0	0	0	0	0
1428518778947847039	CPU_4	98.61	0	0	0	0	1.38	0	0	0	0
1428518779665447222	CPU_4	98.61	0	0	0	0	0	1.38	0	0	0
1428518780391516683	CPU_4	98.63	0	0	0	0	1.36	0	0	0	0
1428518781105565413	CPU_4	100.00	0	0	0	0	0	0	0	0	0
1428518781829789793	CPU_4	98.63	0	0	0	0	1.36	0	0	0	0
1428518782547880516	CPU_4	97.22	0	0	0	0	1.38	1.38	0	0	0
1428518783264114493	CPU_4	100.00	0	0	0	0	0	0	0	0	0
1428518783994808029	CPU_4	98.64	0	0	0	0	1.35	0	0	0	0
1428518784716328080	CPU_4	98.61	0	0	0	0	0	1.38	0	0	0
1428518785455517436	CPU_4	16.21	0	1.35	82.43	0	0	0	0	0	0
