#Timestamp	CPU_ID	user%	nice%	sys%	idle%	iowait%	irq%	softiq%	steal%	guest%	guest_nice%
1428613319360992824	CPU_0	10.52	0	12.28	77.19	0	0	0	0	0	0
1428613319976594701	CPU_0	0	0	0	100.00	0	0	0	0	0	0
1428613320593473242	CPU_0	0	0	1.63	98.36	0	0	0	0	0	0
1428613321208909786	CPU_0	0	0	0	100.00	0	0	0	0	0	0
1428613321832500144	CPU_0	0	0	3.17	93.65	1.58	1.58	0	0	0	0
1428613322448216980	CPU_0	0	0	1.63	98.36	0	0	0	0	0	0
1428613323064068065	CPU_0	0	0	0	98.36	0	1.63	0	0	0	0
1428613323679785817	CPU_0	0	0	1.69	98.30	0	0	0	0	0	0
1428613324296613692	CPU_0	0	0	0	93.75	0	6.25	0	0	0	0
1428613324919820426	CPU_0	0	0	1.61	98.38	0	0	0	0	0	0
1428613325536628218	CPU_0	0	0	0	100.00	0	0	0	0	0	0
1428613326153156302	CPU_0	0	0	1.63	98.36	0	0	0	0	0	0
1428613326770411092	CPU_0	0	0	1.66	98.33	0	0	0	0	0	0
1428613327394077910	CPU_0	0	0	1.63	98.36	0	0	0	0	0	0
1428613328014252318	CPU_0	0	0	0	100.00	0	0	0	0	0	0
1428613328631675317	CPU_0	0	0	0	100.00	0	0	0	0	0	0
1428613329249584773	CPU_0	0	0	1.63	96.72	0	1.63	0	0	0	0
1428613329866768897	CPU_0	0	0	0	100.00	0	0	0	0	0	0
1428613330491670795	CPU_0	0	0	1.58	96.82	0	1.58	0	0	0	0
1428613331110303583	CPU_0	0	0	0	100.00	0	0	0	0	0	0
1428613331729064912	CPU_0	0	0	0	100.00	0	0	0	0	0	0
1428613332346779202	CPU_0	0	0	1.61	96.77	0	1.61	0	0	0	0
1428613332966441779	CPU_0	0	0	1.63	98.36	0	0	0	0	0	0
1428613333589465474	CPU_0	0	0	0	98.36	0	1.63	0	0	0	0
1428613334208200762	CPU_0	0	0	0	100.00	0	0	0	0	0	0
1428613334826428259	CPU_0	0	0	0	98.36	0	1.63	0	0	0	0
1428613335445612796	CPU_0	0	0	1.61	96.77	0	0	1.61	0	0	0
1428613336070098487	CPU_0	0	0	0	98.38	0	1.61	0	0	0	0
1428613336688756483	CPU_0	0	0	0	100.00	0	0	0	0	0	0
1428613337306596857	CPU_0	0	0	1.63	98.36	0	0	0	0	0	0
1428613337925574436	CPU_0	0	0	1.61	96.77	0	1.61	0	0	0	0
1428613338544944640	CPU_0	1.63	0	0	98.36	0	0	0	0	0	0
1428613339168757458	CPU_0	0	0	0	98.38	0	1.61	0	0	0	0
1428613339787125455	CPU_0	0	0	1.66	98.33	0	0	0	0	0	0
1428613340405784911	CPU_0	0	0	0	96.77	0	1.61	1.61	0	0	0
1428613341024518616	CPU_0	0	0	0	100.00	0	0	0	0	0	0
1428613341649374515	CPU_0	0	0	1.61	96.77	0	1.61	0	0	0	0
1428613342268419345	CPU_0	0	0	1.61	95.16	1.61	1.61	0	0	0	0
1428613342887440133	CPU_0	0	0	0	96.77	0	3.22	0	0	0	0
1428613343507042669	CPU_0	0	0	5.00	93.33	0	0	1.66	0	0	0
1428613344127862828	CPU_0	0	0	0	98.30	0	1.69	0	0	0	0
1428613344751984521	CPU_0	11.47	0	4.91	78.68	0	3.27	1.63	0	0	0
1428613345371002351	CPU_0	0	0	1.58	95.23	0	3.17	0	0	0	0
1428613345991819135	CPU_0	0	0	0	100.00	0	0	0	0	0	0
1428613346610420091	CPU_0	0	0	0	100.00	0	0	0	0	0	0
1428613347237197111	CPU_0	0	0	3.33	91.66	0	5.00	0	0	0	0
1428613347856520399	CPU_0	0	0	0	100.00	0	0	0	0	0	0
1428613348477378725	CPU_0	0	0	0	98.38	0	1.61	0	0	0	0
1428613349095991056	CPU_0	1.63	0	3.27	95.08	0	0	0	0	0	0
1428613349722220411	CPU_0	8.06	0	3.22	87.09	0	1.61	0	0	0	0
1428613350343957319	CPU_0	0	0	0	100.00	0	0	0	0	0	0
1428613350964678145	CPU_0	0	0	3.17	95.23	0	1.58	0	0	0	0
1428613351584089725	CPU_0	0	0	0	100.00	0	0	0	0	0	0
1428613352204017637	CPU_0	0	0	8.33	81.66	0	8.33	1.66	0	0	0
1428613352829671743	CPU_0	0	0	0	98.38	0	1.61	0	0	0	0
1428613353450622444	CPU_0	0	0	1.66	98.33	0	0	0	0	0	0
1428613354069958733	CPU_0	0	0	0	98.38	0	1.61	0	0	0	0
1428613354689857353	CPU_0	0	0	1.63	98.36	0	0	0	0	0	0
1428613355315233128	CPU_0	0	0	0	98.38	0	1.61	0	0	0	0
1428613355936126871	CPU_0	0	0	0	96.77	0	3.22	0	0	0	0
1428613356556301866	CPU_0	9.52	0	7.93	80.95	0	0	1.58	0	0	0
1428613357175305114	CPU_0	0	0	1.72	96.55	1.72	0	0	0	0	0
1428613357793954112	CPU_0	0	0	0	98.36	0	1.63	0	0	0	0
1428613358419572970	CPU_0	0	0	1.53	93.84	0	3.07	1.53	0	0	0
1428613359038345510	CPU_0	0	0	1.63	98.36	0	0	0	0	0	0
1428613359657083884	CPU_0	0	0	0	100.00	0	0	0	0	0	0
1428613360275801591	CPU_0	0	0	1.63	98.36	0	0	0	0	0	0
1428613360901442990	CPU_0	0	0	1.61	98.38	0	0	0	0	0	0
1428613361520914195	CPU_0	0	0	0	98.36	0	1.63	0	0	0	0
1428613362139763027	CPU_0	0	0	0	96.61	0	3.38	0	0	0	0
1428613362759803148	CPU_0	0	0	0	95.16	0	4.83	0	0	0	0
1428613363379853394	CPU_0	0	0	0	100.00	0	0	0	0	0	0
1428613364006219209	CPU_0	0	0	1.61	98.38	0	0	0	0	0	0
1428613364626177914	CPU_0	0	0	0	100.00	0	0	0	0	0	0
1428613365245308412	CPU_0	0	0	0	100.00	0	0	0	0	0	0
1428613365865325283	CPU_0	0	0	3.17	95.23	0	0	1.58	0	0	0
1428613366492192930	CPU_0	0	0	0	100.00	0	0	0	0	0	0
1428613367112489592	CPU_0	0	0	1.66	95.00	0	3.33	0	0	0	0
1428613367731840049	CPU_0	0	0	1.63	98.36	0	0	0	0	0	0
1428613368351769421	CPU_0	0	0	0	98.36	0	1.63	0	0	0	0
1428613368972384999	CPU_0	0	0	0	100.00	0	0	0	0	0	0
1428613369599319313	CPU_0	0	0	1.58	96.82	0	1.58	0	0	0	0
1428613370219318518	CPU_0	0	0	0	100.00	0	0	0	0	0	0
1428613370839814305	CPU_0	0	0	1.58	95.23	0	1.58	1.58	0	0	0
1428613371461046466	CPU_0	0	0	3.22	96.77	0	0	0	0	0	0
1428613372087467114	CPU_0	0	0	0	96.61	0	3.38	0	0	0	0
1428613372708111652	CPU_0	0	0	0	95.23	0	4.76	0	0	0	0
1428613373327901149	CPU_0	0	0	1.63	98.36	0	0	0	0	0	0
1428613373948577270	CPU_0	0	0	1.61	98.38	0	0	0	0	0	0
1428613374570040014	CPU_0	0	0	0	100.00	0	0	0	0	0	0
1428613375195565498	CPU_0	0	0	1.61	98.38	0	0	0	0	0	0
1428613375815345996	CPU_0	0	0	0	98.36	0	0	1.63	0	0	0
1428613376436322824	CPU_0	0	0	0	100.00	0	0	0	0	0	0
1428613377056594988	CPU_0	0	0	3.44	89.65	0	6.89	0	0	0	0
1428613377684648800	CPU_0	0	0	3.33	88.33	0	6.66	1.66	0	0	0
1428613378304774797	CPU_0	0	0	0	98.36	0	1.63	0	0	0	0
1428613378926015500	CPU_0	0	0	1.58	95.23	0	3.17	0	0	0	0
1428613379547228411	CPU_0	0	0	1.61	98.38	0	0	0	0	0	0
1428613380173545603	CPU_0	0	0	0	100.00	0	0	0	0	0	0
1428613380793755517	CPU_0	0	0	1.61	98.38	0	0	0	0	0	0
1428613381414732429	CPU_0	1.56	0	1.56	92.18	0	4.68	0	0	0	0
1428613382036066215	CPU_0	0	0	3.38	96.61	0	0	0	0	0	0
1428613382657309710	CPU_0	0	0	0	100.00	0	0	0	0	0	0
1428613383284319400	CPU_0	0	0	1.63	98.36	0	0	0	0	0	0
1428613383905187771	CPU_0	0	0	0	98.38	0	1.61	0	0	0	0
1428613384526282475	CPU_0	0	0	1.66	98.33	0	0	0	0	0	0
1428613385146926680	CPU_0	0	0	1.61	96.77	0	0	1.61	0	0	0
1428613385774088370	CPU_0	0	0	0	100.00	0	0	0	0	0	0
1428613386394826034	CPU_0	0	0	0	98.38	0	1.61	0	0	0	0
1428613387016723944	CPU_0	0	0	0	96.61	0	3.38	0	0	0	0
1428613387639387853	CPU_0	0	0	6.89	84.48	0	8.62	0	0	0	0
1428613388260596349	CPU_0	0	0	0	95.31	0	4.68	0	0	0	0
1428613388887745831	CPU_0	0	0	3.22	96.77	0	0	0	0	0	0
1428613389509730075	CPU_0	0	0	0	98.36	0	0	1.63	0	0	0
1428613390130496613	CPU_0	0	0	1.63	98.36	0	0	0	0	0	0
1428613390751727401	CPU_0	0	0	4.68	95.31	0	0	0	0	0	0
1428613391379117924	CPU_0	0	0	0	100.00	0	0	0	0	0	0
1428613392001013085	CPU_0	0	0	0	93.54	0	1.61	4.83	0	0	0
1428613392621417333	CPU_0	0	0	1.61	96.77	0	1.61	0	0	0	0
1428613393242616830	CPU_0	0	0	0	100.00	0	0	0	0	0	0
1428613393873599470	CPU_0	0	0	0	98.38	0	1.61	0	0	0	0
1428613394496304629	CPU_0	0	0	1.63	98.36	0	0	0	0	0	0
1428613395117635709	CPU_0	1.61	0	1.61	96.77	0	0	0	0	0	0
1428613395739947952	CPU_0	0	0	0	98.38	0	1.61	0	0	0	0
1428613396361617531	CPU_0	0	0	1.63	98.36	0	0	0	0	0	0
1428613396990149844	CPU_0	0	0	1.58	93.65	1.58	3.17	0	0	0	0
1428613397611605257	CPU_0	0	0	1.61	96.77	0	1.61	0	0	0	0
1428613398232897753	CPU_0	0	0	1.63	98.36	0	0	0	0	0	0
1428613398854755332	CPU_0	0	0	0	100.00	0	0	0	0	0	0
1428613399483353020	CPU_0	0	0	1.58	96.82	0	1.58	0	0	0	0
1428613400104745349	CPU_0	0	0	1.61	98.38	0	0	0	0	0	0
1428613400726498637	CPU_0	0	0	0	98.36	0	1.63	0	0	0	0
1428613401348289257	CPU_0	0	0	0	100.00	0	0	0	0	0	0
1428613401969524879	CPU_0	0	0	1.58	96.82	0	1.58	0	0	0	0
1428613402598259526	CPU_0	0	0	1.58	92.06	0	6.34	0	0	0	0
1428613403219388898	CPU_0	0	0	0	100.00	0	0	0	0	0	0
1428613403840984144	CPU_0	0	0	1.61	98.38	0	0	0	0	0	0
1428613404462103225	CPU_0	0	0	0	100.00	0	0	0	0	0	0
1428613405090863788	CPU_0	0	0	0	100.00	0	0	0	0	0	0
1428613405712305702	CPU_0	0	0	1.63	98.36	0	0	0	0	0	0
1428613406334135240	CPU_0	0	0	0	100.00	0	0	0	0	0	0
1428613406955738486	CPU_0	0	0	0	100.00	0	0	0	0	0	0
1428613407584771840	CPU_0	1.58	0	3.17	92.06	0	3.17	0	0	0	0
1428613408206145921	CPU_0	0	0	0	100.00	0	0	0	0	0	0
1428613408827947543	CPU_0	1.56	0	0	90.62	0	1.56	6.25	0	0	0
1428613409449550164	CPU_0	0	0	1.63	98.36	0	0	0	0	0	0
1428613410071572869	CPU_0	0	0	1.58	96.82	0	1.58	0	0	0	0
1428613410700389307	CPU_0	0	0	0	100.00	0	0	0	0	0	0
1428613411322659219	CPU_0	0	0	1.61	96.77	0	1.61	0	0	0	0
1428613411944716174	CPU_0	0	0	1.56	95.31	0	3.12	0	0	0	0
1428613412567459335	CPU_0	0	0	3.44	94.82	0	1.72	0	0	0	0
1428613413195551817	CPU_0	0	0	1.53	92.30	0	6.15	0	0	0	0
1428613413817274856	CPU_0	0	0	1.61	98.38	0	0	0	0	0	0
1428613414438763895	CPU_0	0	0	1.63	98.36	0	0	0	0	0	0
1428613415060785892	CPU_0	0	0	0	100.00	0	0	0	0	0	0
1428613415690363912	CPU_0	0	0	1.61	98.38	0	0	0	0	0	0
1428613416312163743	CPU_0	0	0	0	100.00	0	0	0	0	0	0
1428613416933732824	CPU_0	0	0	1.61	98.38	0	0	0	0	0	0
1428613417556182444	CPU_0	0	0	1.75	94.73	0	3.50	0	0	0	0
1428613418177889525	CPU_0	0	0	1.61	96.77	0	1.61	0	0	0	0
1428613418805631550	CPU_0	0	0	0	100.00	0	0	0	0	0	0
1428613419427428089	CPU_0	0	0	1.61	96.77	0	1.61	0	0	0	0
1428613420049549836	CPU_0	0	0	0	100.00	0	0	0	0	0	0
1428613420670909751	CPU_0	0	0	0	100.00	0	0	0	0	0	0
1428613421299142484	CPU_0	0	0	1.58	96.82	0	1.58	0	0	0	0
1428613421921316981	CPU_0	0	0	0	100.00	0	0	0	0	0	0
1428613422544018101	CPU_0	0	0	3.33	90.00	0	6.66	0	0	0	0
1428613423165906224	CPU_0	0	0	0	95.23	0	4.76	0	0	0	0
1428613423787522347	CPU_0	0	0	0	100.00	0	0	0	0	0	0
1428613424415464414	CPU_0	0	0	0	100.00	0	0	0	0	0	0
1428613425037635620	CPU_0	0	0	0	100.00	0	0	0	0	0	0
1428613425659691284	CPU_0	1.63	0	0	98.36	0	0	0	0	0	0
1428613426281702198	CPU_0	0	0	3.22	96.77	0	0	0	0	0	0
1428613426910951262	CPU_0	0	0	0	95.31	0	4.68	0	0	0	0
1428613427538280956	CPU_0	0	0	1.63	96.72	0	0	1.63	0	0	0
1428613428160838619	CPU_0	0	0	3.22	96.77	0	0	0	0	0	0
1428613428783044991	CPU_0	0	0	0	100.00	0	0	0	0	0	0
1428613429411593474	CPU_0	0	0	3.12	96.87	0	0	0	0	0	0
1428613430034193012	CPU_0	0	0	0	100.00	0	0	0	0	0	0
1428613430655808886	CPU_0	0	0	0	98.38	0	1.61	0	0	0	0
1428613431277276260	CPU_0	1.63	0	0	96.72	0	1.63	0	0	0	0
1428613431899017259	CPU_0	0	0	3.17	96.82	0	0	0	0	0	0
1428613432527374657	CPU_0	0	0	1.56	90.62	0	1.56	6.25	0	0	0
1428613433149225742	CPU_0	0	0	0	96.77	0	3.22	0	0	0	0
1428613433770920437	CPU_0	0	0	1.63	98.36	0	0	0	0	0	0
1428613434392591592	CPU_0	0	0	0	100.00	0	0	0	0	0	0
1428613435021412394	CPU_0	0	0	1.63	98.36	0	0	0	0	0	0
1428613435643581464	CPU_0	0	0	0	96.82	0	3.17	0	0	0	0
1428613436265842867	CPU_0	0	0	0	100.00	0	0	0	0	0	0
1428613436888182269	CPU_0	0	0	1.66	98.33	0	0	0	0	0	0
1428613437515738742	CPU_0	0	0	1.63	95.08	0	3.27	0	0	0	0
1428613438138542560	CPU_0	0	0	0	100.00	0	0	0	0	0	0
1428613438760454756	CPU_0	0	0	0	98.38	0	1.61	0	0	0	0
1428613439382512577	CPU_0	0	0	0	98.36	0	1.63	0	0	0	0
1428613440004579772	CPU_0	0	0	1.63	98.36	0	0	0	0	0	0
1428613440634004282	CPU_0	0	0	0	100.00	0	0	0	0	0	0
1428613441256268352	CPU_0	0	0	0	98.36	0	1.63	0	0	0	0
1428613441878490089	CPU_0	0	0	0	100.00	0	0	0	0	0	0
1428613442501346117	CPU_0	0	0	1.63	95.08	0	3.27	0	0	0	0
1428613443131281459	CPU_0	0	0	0	100.00	0	0	0	0	0	0
1428613443754235111	CPU_0	0	0	1.51	92.42	0	6.06	0	0	0	0
1428613444376629723	CPU_0	0	0	0	100.00	0	0	0	0	0	0
1428613444998958627	CPU_0	0	0	0	100.00	0	0	0	0	0	0
1428613445630896214	CPU_0	0	0	1.63	98.36	0	0	0	0	0	0
1428613446253090869	CPU_0	0	0	0	100.00	0	0	0	0	0	0
1428613446875504814	CPU_0	0	0	1.63	98.36	0	0	0	0	0	0
1428613447497066429	CPU_0	0	0	1.72	94.82	0	3.44	0	0	0	0
1428613448119735165	CPU_0	0	0	1.61	98.38	0	0	0	0	0	0
1428613448748407053	CPU_0	0	0	0	98.36	0	1.63	0	0	0	0
1428613449370403875	CPU_0	0	0	1.63	98.36	0	0	0	0	0	0
1428613449992517280	CPU_0	0	0	0	98.38	0	1.61	0	0	0	0
1428613450615738391	CPU_0	0	0	1.56	93.75	0	0	4.68	0	0	0
1428613451244309029	CPU_0	0	0	0	98.38	0	1.61	0	0	0	0
1428613451866816850	CPU_0	0	0	1.63	98.36	0	0	0	0	0	0
1428613452489028172	CPU_0	0	0	1.58	90.47	0	7.93	0	0	0	0
1428613453111806617	CPU_0	0	0	0	100.00	0	0	0	0	0	0
1428613453735528602	CPU_0	0	0	1.63	98.36	0	0	0	0	0	0
1428613454362159829	CPU_0	0	0	0	100.00	0	0	0	0	0	0
1428613454984203527	CPU_0	0	0	1.61	98.38	0	0	0	0	0	0
1428613455606946764	CPU_0	1.61	0	1.61	96.77	0	0	0	0	0	0
1428613456229575627	CPU_0	0	0	0	100.00	0	0	0	0	0	0
1428613456857858684	CPU_0	0	0	1.58	96.82	0	1.58	0	0	0	0
1428613457479936007	CPU_0	0	0	1.78	91.07	0	7.14	0	0	0	0
1428613458102355954	CPU_0	0	0	1.58	96.82	0	1.58	0	0	0	0
1428613458725326691	CPU_0	0	0	0	100.00	0	0	0	0	0	0
1428613459353924331	CPU_0	0	0	0	98.38	0	1.61	0	0	0	0
1428613459976391819	CPU_0	0	0	0	100.00	0	0	0	0	0	0
1428613460599318099	CPU_0	0	0	0	98.36	0	1.63	0	0	0	0
1428613461221563921	CPU_0	0	0	0	100.00	0	0	0	0	0	0
1428613461843337871	CPU_0	0	0	0	92.42	0	7.57	0	0	0	0
1428613462472328885	CPU_0	0	0	1.63	96.72	1.63	0	0	0	0	0
1428613463095346622	CPU_0	0	0	0	100.00	0	0	0	0	0	0
1428613463718039153	CPU_0	0	0	1.69	96.61	0	0	1.69	0	0	0
1428613464340830516	CPU_0	0	0	0	98.27	0	1.72	0	0	0	0
1428613464970241738	CPU_0	13.11	0	3.27	81.96	0	1.63	0	0	0	0
1428613465594534764	CPU_0	0	0	1.58	96.82	0	1.58	0	0	0	0
1428613466217188920	CPU_0	0	0	0	100.00	0	0	0	0	0	0
1428613466839526826	CPU_0	0	0	0	98.38	0	1.61	0	0	0	0
1428613467468369300	CPU_0	0	0	6.06	86.36	0	6.06	1.51	0	0	0
1428613468091933953	CPU_0	0	0	0	100.00	0	0	0	0	0	0
1428613468714564568	CPU_0	0	0	0	100.00	0	0	0	0	0	0
1428613469337237141	CPU_0	8.33	0	3.33	88.33	0	0	0	0	0	0
1428613469959683047	CPU_0	0	0	0	100.00	0	0	0	0	0	0
1428613470589395186	CPU_0	0	0	1.61	98.38	0	0	0	0	0	0
1428613471212086134	CPU_0	0	0	1.63	98.36	0	0	0	0	0	0
1428613471834756623	CPU_0	0	0	0	96.82	0	1.58	1.58	0	0	0
1428613472457666696	CPU_0	0	0	3.17	90.47	0	6.34	0	0	0	0
1428613473087498417	CPU_0	0	0	0	100.00	0	0	0	0	0	0
1428613473710426115	CPU_0	0	0	0	100.00	0	0	0	0	0	0
1428613474333080272	CPU_0	0	0	0	100.00	0	0	0	0	0	0
1428613474956153761	CPU_0	0	0	1.61	98.38	0	0	0	0	0	0
1428613475586004566	CPU_0	0	0	0	100.00	0	0	0	0	0	0
1428613476209060347	CPU_0	0	0	1.63	98.36	0	0	0	0	0	0
1428613476831645338	CPU_0	0	0	0	91.04	0	7.46	1.49	0	0	0
1428613477454687369	CPU_0	0	0	3.38	96.61	0	0	0	0	0	0
1428613478077855650	CPU_0	0	0	0	100.00	0	0	0	0	0	0
1428613478707724830	CPU_0	0	0	0	100.00	0	0	0	0	0	0
1428613479330565529	CPU_0	0	0	0	100.00	0	0	0	0	0	0
1428613479953486936	CPU_0	0	0	0	100.00	0	0	0	0	0	0
1428613480576071219	CPU_0	0	0	1.61	98.38	0	0	0	0	0	0
1428613481206300107	CPU_0	0	0	0	100.00	0	0	0	0	0	0
1428613481829340222	CPU_0	0	0	0	96.77	0	1.61	1.61	0	0	0
1428613482452355587	CPU_0	0	0	0	96.61	0	3.38	0	0	0	0
1428613483075390244	CPU_0	0	0	0	100.00	0	0	0	0	0	0
1428613483707398462	CPU_0	0	0	0	96.87	0	0	3.12	0	0	0
1428613484330650326	CPU_0	0	0	0	98.36	0	1.63	0	0	0	0
1428613484953939775	CPU_0	0	0	1.61	98.38	0	0	0	0	0	0
1428613485576655849	CPU_0	1.61	0	0	96.77	0	1.61	0	0	0	0
1428613486200944670	CPU_0	0	0	1.61	98.38	0	0	0	0	0	0
1428613486830403728	CPU_0	0	0	3.07	93.84	0	3.07	0	0	0	0
1428613487453277177	CPU_0	0	0	0	100.00	0	0	0	0	0	0
1428613488076162710	CPU_0	0	0	0	100.00	0	0	0	0	0	0
1428613488700663114	CPU_0	0	0	3.17	96.82	0	0	0	0	0	0
1428613489329733715	CPU_0	0	0	1.53	92.30	0	6.15	0	0	0	0
1428613489953162747	CPU_0	0	0	0	100.00	0	0	0	0	0	0
1428613490577123819	CPU_0	0	0	0	100.00	0	0	0	0	0	0
1428613491201683848	CPU_0	0	0	1.63	98.36	0	0	0	0	0	0
1428613491830665657	CPU_0	0	0	0	100.00	0	0	0	0	0	0
1428613492453949982	CPU_0	0	0	3.22	95.16	1.61	0	0	0	0	0
1428613493077041640	CPU_0	0	0	1.61	98.38	0	0	0	0	0	0
1428613493701112962	CPU_0	0	0	0	100.00	0	0	0	0	0	0
1428613494324273245	CPU_0	0	0	1.61	98.38	0	0	0	0	0	0
1428613494954112136	CPU_0	0	0	0	98.38	0	1.61	0	0	0	0
1428613495577146586	CPU_0	0	0	0	96.82	0	0	3.17	0	0	0
1428613496201195826	CPU_0	0	0	0	98.36	0	1.63	0	0	0	0
1428613496824745191	CPU_0	0	0	0	92.42	0	7.57	0	0	0	0
1428613497454106501	CPU_0	1.61	0	0	96.77	1.61	0	0	0	0	0
1428613498077317451	CPU_0	0	0	0	100.00	0	0	0	0	0	0
1428613498701144191	CPU_0	0	0	0	100.00	0	0	0	0	0	0
1428613499323801393	CPU_0	0	0	0	100.00	0	0	0	0	0	0
1428613499952477829	CPU_0	0	0	1.61	98.38	0	0	0	0	0	0
1428613500575255530	CPU_0	0	0	0	100.00	0	0	0	0	0	0
1428613501198929646	CPU_0	0	0	0	100.00	0	0	0	0	0	0
1428613501821132850	CPU_0	0	0	1.61	98.38	0	0	0	0	0	0
1428613502444251509	CPU_0	0	0	1.63	98.36	0	0	0	0	0	0
1428613503073728443	CPU_0	0	0	0	100.00	0	0	0	0	0	0
1428613503697335310	CPU_0	0	0	1.61	96.77	0	1.61	0	0	0	0
1428613504320058470	CPU_0	0	0	0	100.00	0	0	0	0	0	0
1428613504943102047	CPU_0	0	0	0	100.00	0	0	0	0	0	0
1428613505572787148	CPU_0	0	0	1.56	95.31	0	1.56	1.56	0	0	0
1428613506197012388	CPU_0	1.58	0	1.58	93.65	0	3.17	0	0	0	0
1428613506821263212	CPU_0	0	0	1.61	98.38	0	0	0	0	0	0
1428613507445242036	CPU_0	0	0	1.63	98.36	0	0	0	0	0	0
1428613508074644680	CPU_0	0	0	1.58	96.82	0	0	1.58	0	0	0
1428613508698954420	CPU_0	0	0	0	100.00	0	0	0	0	0	0
1428613509322298371	CPU_0	0	0	1.61	98.38	0	0	0	0	0	0
1428613509945759447	CPU_0	0	0	0	98.36	0	1.63	0	0	0	0
1428613510569089482	CPU_0	0	0	0	100.00	0	0	0	0	0	0
1428613511199714248	CPU_0	0	0	1.51	92.42	0	6.06	0	0	0	0
1428613511823083366	CPU_0	0	0	1.63	98.36	0	0	0	0	0	0
1428613512446659776	CPU_0	0	0	0	92.42	0	0	7.57	0	0	0
1428613513069981102	CPU_0	0	0	1.63	98.36	0	0	0	0	0	0
1428613513700596827	CPU_0	0	0	1.61	98.38	0	0	0	0	0	0
1428613514323922737	CPU_0	0	0	0	100.00	0	0	0	0	0	0
1428613514947536522	CPU_0	0	0	0	100.00	0	0	0	0	0	0
1428613515570662433	CPU_0	0	0	1.63	98.36	0	0	0	0	0	0
1428613516201139367	CPU_0	0	0	0	100.00	0	0	0	0	0	0
1428613516824249694	CPU_0	0	0	1.61	96.77	0	1.61	0	0	0	0
1428613517447613438	CPU_0	0	0	0	98.33	0	1.66	0	0	0	0
1428613518070901807	CPU_0	0	0	0	98.38	0	1.61	0	0	0	0
1428613518695742922	CPU_0	0	0	1.63	98.36	0	0	0	0	0	0
1428613519325498650	CPU_0	0	0	0	100.00	0	0	0	0	0	0
1428613519949000769	CPU_0	0	0	0	98.36	0	1.63	0	0	0	0
1428613520572632513	CPU_0	0	0	1.61	98.38	0	0	0	0	0	0
1428613521197535795	CPU_0	0	0	0	100.00	0	0	0	0	0	0
1428613521827478314	CPU_0	0	0	0	93.84	0	6.15	0	0	0	0
1428613522451524973	CPU_0	0	0	1.61	96.77	1.61	0	0	0	0	0
1428613523075895215	CPU_0	0	0	1.61	98.38	0	0	0	0	0	0
1428613523700576415	CPU_0	0	0	1.63	98.36	0	0	0	0	0	0
1428613524330153310	CPU_0	0	0	1.58	98.41	0	0	0	0	0	0
1428613524954047095	CPU_0	0	0	0	100.00	0	0	0	0	0	0
1428613525577951422	CPU_0	0	0	0	100.00	0	0	0	0	0	0
1428613526202550331	CPU_0	0	0	1.63	98.36	0	0	0	0	0	0
1428613526829558358	CPU_0	0	0	1.58	96.82	0	1.58	0	0	0	0
1428613527455633138	CPU_0	1.61	0	0	95.16	0	3.22	0	0	0	0
1428613528079914089	CPU_0	0	0	1.61	98.38	0	0	0	0	0	0
1428613528704202499	CPU_0	6.66	0	0	93.33	0	0	0	0	0	0
1428613529327685786	CPU_0	0	0	0	100.00	0	0	0	0	0	0
1428613529957817889	CPU_0	0	0	1.61	98.38	0	0	0	0	0	0
1428613530581430259	CPU_0	0	0	1.58	96.82	0	1.58	0	0	0	0
1428613531205545627	CPU_0	0	0	0	100.00	0	0	0	0	0	0
1428613531828551666	CPU_0	0	0	3.12	95.31	0	1.56	0	0	0	0
1428613532458512061	CPU_0	0	0	0	98.36	1.63	0	0	0	0	0
1428613533081876515	CPU_0	0	0	0	98.36	0	1.63	0	0	0	0
1428613533706695757	CPU_0	0	0	0	100.00	0	0	0	0	0	0
1428613534329974503	CPU_0	0	0	0	98.38	0	1.61	0	0	0	0
1428613534963188725	CPU_0	0	0	0	100.00	0	0	0	0	0	0
1428613535586597679	CPU_0	0	0	1.61	96.77	0	1.61	0	0	0	0
1428613536210817715	CPU_0	0	0	0	88.40	0	7.24	4.34	0	0	0
1428613536834489085	CPU_0	0	0	1.61	98.38	0	0	0	0	0	0
1428613537457683207	CPU_0	0	0	0	100.00	0	0	0	0	0	0
1428613538087686270	CPU_0	0	0	1.61	98.38	0	0	0	0	0	0
1428613538712765304	CPU_0	0	0	0	100.00	0	0	0	0	0	0
1428613539336567633	CPU_0	0	0	1.63	98.36	0	0	0	0	0	0
1428613539960518253	CPU_0	0	0	0	100.00	0	0	0	0	0	0
1428613540590635774	CPU_0	0	0	0	100.00	0	0	0	0	0	0
1428613541215634267	CPU_0	0	0	1.61	98.38	0	0	0	0	0	0
1428613541839371388	CPU_0	0	0	0	100.00	0	0	0	0	0	0
1428613542463912298	CPU_0	0	0	1.63	98.36	0	0	0	0	0	0
1428613543093563821	CPU_0	0	0	0	100.00	0	0	0	0	0	0
1428613543719173479	CPU_0	0	0	0	98.38	0	1.61	0	0	0	0
1428613544342832101	CPU_0	0	0	0	100.00	0	0	0	0	0	0
1428613544966951429	CPU_0	0	0	1.61	98.38	0	0	0	0	0	0
1428613545590422427	CPU_0	1.63	0	0	96.72	0	1.63	0	0	0	0
1428613546222127445	CPU_0	0	0	1.58	98.41	0	0	0	0	0	0
1428613546845240026	CPU_0	0	0	1.58	96.82	0	1.58	0	0	0	0
1428613547469951062	CPU_0	0	0	1.66	98.33	0	0	0	0	0	0
1428613548092931019	CPU_0	0	0	0	98.38	0	1.61	0	0	0	0
1428613548724839370	CPU_0	0	0	1.61	98.38	0	0	0	0	0	0
1428613549348398617	CPU_0	0	0	0	98.38	0	1.61	0	0	0	0
1428613549972816654	CPU_0	0	0	0	98.38	0	1.61	0	0	0	0
1428613550596280152	CPU_0	0	0	0	100.00	0	0	0	0	0	0
1428613551227353464	CPU_0	0	0	0	100.00	0	0	0	0	0	0
1428613551851211836	CPU_0	0	0	0	100.00	0	0	0	0	0	0
1428613552475084916	CPU_0	0	0	1.61	95.16	1.61	1.61	0	0	0	0
1428613553099054830	CPU_0	0	0	1.49	91.04	0	0	7.46	0	0	0
1428613553725270946	CPU_0	0	0	1.51	92.42	0	6.06	0	0	0	0
1428613554354286097	CPU_0	0	0	1.61	98.38	0	0	0	0	0	0
1428613554978808176	CPU_0	0	0	0	100.00	0	0	0	0	0	0
1428613555603270130	CPU_0	0	0	0	100.00	0	0	0	0	0	0
1428613556228479416	CPU_0	0	0	0	100.00	0	0	0	0	0	0
1428613556858992771	CPU_0	0	0	1.58	98.41	0	0	0	0	0	0
1428613557483574976	CPU_0	1.63	0	1.63	96.72	0	0	0	0	0	0
1428613558107920597	CPU_0	0	0	1.63	98.36	0	0	0	0	0	0
1428613558733528590	CPU_0	0	0	0	98.38	0	1.61	0	0	0	0
1428613559363848280	CPU_0	0	0	0	100.00	0	0	0	0	0	0
1428613559987810695	CPU_0	0	0	0	98.38	0	1.61	0	0	0	0
1428613560611565568	CPU_0	0	0	0	92.42	0	7.57	0	0	0	0
1428613561236355689	CPU_0	0	0	0	100.00	0	0	0	0	0	0
1428613561867377710	CPU_0	0	0	0	100.00	0	0	0	0	0	0
1428613562491651749	CPU_0	0	0	1.66	98.33	0	0	0	0	0	0
1428613563115659997	CPU_0	1.63	0	0	98.36	0	0	0	0	0	0
1428613563740980784	CPU_0	0	0	1.61	98.38	0	0	0	0	0	0
1428613564364648283	CPU_0	0	0	0	100.00	0	0	0	0	0	0
1428613564995190223	CPU_0	0	0	0	100.00	0	0	0	0	0	0
1428613565619181429	CPU_0	0	0	4.76	95.23	0	0	0	0	0	0
1428613566244125842	CPU_0	0	0	0	100.00	0	0	0	0	0	0
1428613566867507425	CPU_0	0	0	0	100.00	0	0	0	0	0	0
1428613567498175199	CPU_0	0	0	3.17	93.65	1.58	1.58	0	0	0	0
1428613568122230781	CPU_0	0	0	1.63	98.36	0	0	0	0	0	0
1428613568747380235	CPU_0	0	0	0	100.00	0	0	0	0	0	0
1428613569371272067	CPU_0	0	0	3.12	95.31	0	1.56	0	0	0	0
1428613570001085468	CPU_0	0	0	0	100.00	0	0	0	0	0	0
1428613570625790798	CPU_0	0	0	0	95.23	0	4.76	0	0	0	0
1428613571250654087	CPU_0	0	0	0	100.00	0	0	0	0	0	0
1428613571874604086	CPU_0	0	0	1.61	98.38	0	0	0	0	0	0
1428613572498170545	CPU_0	0	0	0	100.00	0	0	0	0	0	0
1428613573128580611	CPU_0	0	0	1.61	98.38	0	0	0	0	0	0
1428613573753078234	CPU_0	0	0	0	100.00	0	0	0	0	0	0
1428613574377415524	CPU_0	0	0	1.61	98.38	0	0	0	0	0	0
1428613575001231358	CPU_0	0	0	0	98.36	0	1.63	0	0	0	0
1428613575631931424	CPU_0	0	0	0	100.00	0	0	0	0	0	0
1428613576256223631	CPU_0	0	0	0	98.38	0	1.61	0	0	0	0
1428613576880339172	CPU_0	0	0	0	100.00	0	0	0	0	0	0
1428613577503905923	CPU_0	0	0	0	93.65	0	4.76	1.58	0	0	0
1428613578135155446	CPU_0	0	0	0	100.00	0	0	0	0	0	0
1428613578759652612	CPU_0	0	0	1.61	98.38	0	0	0	0	0	0
1428613579384359943	CPU_0	0	0	0	100.00	0	0	0	0	0	0
1428613580008144360	CPU_0	0	0	0	98.38	0	0	1.61	0	0	0
1428613580643133458	CPU_0	0	0	1.58	96.82	0	1.58	0	0	0	0
1428613581267822331	CPU_0	0	0	1.61	98.38	0	0	0	0	0	0
1428613581891653707	CPU_0	0	0	0	100.00	0	0	0	0	0	0
1428613582516112748	CPU_0	0	0	1.63	98.36	0	0	0	0	0	0
1428613583140063790	CPU_0	1.63	0	0	96.72	0	1.63	0	0	0	0
1428613583772087854	CPU_0	0	0	1.66	95.00	0	3.33	0	0	0	0
1428613584396069646	CPU_0	0	0	1.58	90.47	0	7.93	0	0	0	0
1428613585020799312	CPU_0	11.29	0	4.83	83.87	0	0	0	0	0	0
1428613585645715061	CPU_0	0	0	0	100.00	0	0	0	0	0	0
1428613586277854124	CPU_0	0	0	0	98.38	0	0	1.61	0	0	0
1428613586902810039	CPU_0	0	0	0	100.00	0	0	0	0	0	0
1428613587528103412	CPU_0	0	0	0	100.00	0	0	0	0	0	0
1428613588152962661	CPU_0	0	0	1.58	96.82	0	1.58	0	0	0	0
1428613588784958934	CPU_0	0	0	1.58	98.41	0	0	0	0	0	0
1428613589409593642	CPU_0	10.00	0	1.66	86.66	0	1.66	0	0	0	0
1428613590034811890	CPU_0	0	0	1.56	95.31	0	3.12	0	0	0	0
1428613590659689431	CPU_0	0	0	1.58	96.82	0	0	1.58	0	0	0
1428613591286603884	CPU_0	0	0	0	100.00	0	0	0	0	0	0
1428613591916014330	CPU_0	0	0	0	100.00	0	0	0	0	0	0
1428613592540455539	CPU_0	0	0	1.63	96.72	0	1.63	0	0	0	0
1428613593164774915	CPU_0	0	0	1.61	98.38	0	0	0	0	0	0
1428613593790189163	CPU_0	0	0	0	100.00	0	0	0	0	0	0
1428613594421229189	CPU_0	0	0	1.56	96.87	0	1.56	0	0	0	0
1428613595045641565	CPU_0	0	0	0	95.23	0	0	4.76	0	0	0
1428613595670677939	CPU_0	0	0	1.61	96.77	0	1.61	0	0	0	0
1428613596295858064	CPU_0	0	0	0	100.00	0	0	0	0	0	0
1428613596927332922	CPU_0	0	0	0	98.38	0	1.61	0	0	0	0
1428613597553110961	CPU_0	0	0	3.17	93.65	1.58	1.58	0	0	0	0
1428613598178339711	CPU_0	0	0	0	100.00	0	0	0	0	0	0
1428613598803868293	CPU_0	0	0	1.61	98.38	0	0	0	0	0	0
1428613599434323654	CPU_0	0	0	1.61	96.77	0	1.61	0	0	0	0
1428613600058776655	CPU_0	0	0	0	100.00	0	0	0	0	0	0
1428613600683679739	CPU_0	0	0	0	95.31	0	4.68	0	0	0	0
1428613601309323530	CPU_0	0	0	0	100.00	0	0	0	0	0	0
1428613601933882073	CPU_0	0	0	1.61	98.38	0	0	0	0	0	0
1428613602565719014	CPU_0	0	0	0	100.00	0	0	0	0	0	0
1428613603191025014	CPU_0	0	0	1.61	98.38	0	0	0	0	0	0
1428613603816978637	CPU_0	0	0	0	96.82	0	3.17	0	0	0	0
1428613604441861846	CPU_0	0	0	4.76	95.23	0	0	0	0	0	0
1428613605073137790	CPU_0	0	0	1.58	98.41	0	0	0	0	0	0
1428613605698116165	CPU_0	0	0	1.63	98.36	0	0	0	0	0	0
1428613606323857414	CPU_0	0	0	0	100.00	0	0	0	0	0	0
1428613606948065876	CPU_0	0	0	0	93.84	0	0	6.15	0	0	0
1428613607579633152	CPU_0	0	0	1.58	96.82	0	1.58	0	0	0	0
1428613608203734614	CPU_0	0	0	0	100.00	0	0	0	0	0	0
1428613608829541654	CPU_0	0	0	0	92.42	0	7.57	0	0	0	0
1428613609453884282	CPU_0	0	0	0	100.00	0	0	0	0	0	0
1428613610084504186	CPU_0	0	0	0	100.00	0	0	0	0	0	0
1428613610712439097	CPU_0	0	0	1.61	98.38	0	0	0	0	0	0
1428613611337510515	CPU_0	1.63	0	1.63	96.72	0	0	0	0	0	0
1428613611962368684	CPU_0	0	0	0	100.00	0	0	0	0	0	0
1428613612587136394	CPU_0	0	0	1.63	98.36	0	0	0	0	0	0
1428613613217877173	CPU_0	0	0	0	100.00	0	0	0	0	0	0
1428613613843075133	CPU_0	0	0	0	100.00	0	0	0	0	0	0
1428613614467377678	CPU_0	0	0	1.61	98.38	0	0	0	0	0	0
1428613615091339433	CPU_0	0	0	0	98.38	0	1.61	0	0	0	0
1428613615722622002	CPU_0	0	0	0	93.84	0	6.15	0	0	0	0
1428613616347977629	CPU_0	0	0	3.17	96.82	0	0	0	0	0	0
1428613616972324174	CPU_0	0	0	0	100.00	0	0	0	0	0	0
1428613617596787886	CPU_0	0	0	0	100.00	0	0	0	0	0	0
1428613618227871790	CPU_0	0	0	1.61	98.38	0	0	0	0	0	0
1428613618853484958	CPU_0	0	0	0	100.00	0	0	0	0	0	0
1428613619478717293	CPU_0	0	0	0	100.00	0	0	0	0	0	0
1428613620103728045	CPU_0	0	0	1.61	98.38	0	0	0	0	0	0
1428613620728540132	CPU_0	0	0	0	100.00	0	0	0	0	0	0
1428613621359589786	CPU_0	0	0	1.61	98.38	0	0	0	0	0	0
1428613621984013874	CPU_0	0	0	1.61	96.77	0	1.61	0	0	0	0
1428613622609315376	CPU_0	0	0	1.58	95.23	1.58	1.58	0	0	0	0
1428613623233705756	CPU_0	0	0	1.63	98.36	0	0	0	0	0	0
1428613623865992907	CPU_0	0	0	1.58	96.82	0	1.58	0	0	0	0
1428613624490721202	CPU_0	0	0	1.61	98.38	0	0	0	0	0	0
1428613625115677081	CPU_0	0	0	0	100.00	0	0	0	0	0	0
1428613625739925544	CPU_0	0	0	0	98.36	0	1.63	0	0	0	0
1428613626372739028	CPU_0	0	0	0	100.00	0	0	0	0	0	0
1428613626997245449	CPU_0	0	0	0	98.38	0	1.61	0	0	0	0
1428613627623001118	CPU_0	0	0	3.22	95.16	0	1.61	0	0	0	0
1428613628247356081	CPU_0	1.58	0	1.58	95.23	0	0	1.58	0	0	0
1428613628880368732	CPU_0	0	0	0	100.00	0	0	0	0	0	0
1428613629505460527	CPU_0	0	0	0	96.77	0	3.22	0	0	0	0
1428613630131012654	CPU_0	0	0	1.61	98.38	0	0	0	0	0	0
1428613630755819409	CPU_0	0	0	0	100.00	0	0	0	0	0	0
1428613631382416450	CPU_0	0	0	1.61	98.38	0	0	0	0	0	0
1428613632012987190	CPU_0	0	0	0	95.38	0	4.61	0	0	0	0
1428613632638368610	CPU_0	0	0	0	100.00	0	0	0	0	0	0
1428613633262903991	CPU_0	0	0	3.12	95.31	0	0	1.56	0	0	0
1428613633889410200	CPU_0	0	0	0	100.00	0	0	0	0	0	0
1428613634520418606	CPU_0	0	0	1.61	98.38	0	0	0	0	0	0
1428613635146540732	CPU_0	0	0	0	100.00	0	0	0	0	0	0
1428613635771769695	CPU_0	0	0	1.61	96.77	0	1.61	0	0	0	0
1428613636398326154	CPU_0	0	0	0	100.00	0	0	0	0	0	0
1428613637029826100	CPU_0	0	0	0	100.00	0	0	0	0	0	0
1428613637656191477	CPU_0	0	0	0	96.72	1.63	1.63	0	0	0	0
1428613638281761230	CPU_0	0	0	0	98.38	0	0	1.61	0	0	0
1428613638908757272	CPU_0	0	0	1.58	96.82	0	1.58	0	0	0	0
1428613639539795970	CPU_0	0	0	1.61	96.77	0	1.61	0	0	0	0
1428613640165463765	CPU_0	0	0	0	100.00	0	0	0	0	0	0
1428613640790421770	CPU_0	0	0	1.56	95.31	0	3.12	0	0	0	0
1428613641417035522	CPU_0	1.61	0	1.61	96.77	0	0	0	0	0	0
1428613642042024235	CPU_0	0	0	0	100.00	0	0	0	0	0	0
1428613642674411347	CPU_0	0	0	4.61	93.84	0	0	1.53	0	0	0
1428613643299451936	CPU_0	0	0	0	100.00	0	0	0	0	0	0
1428613643926164562	CPU_0	0	0	0	98.38	0	1.61	0	0	0	0
1428613644551202068	CPU_0	0	0	1.61	98.38	0	0	0	0	0	0
1428613645183209431	CPU_0	0	0	0	96.82	0	1.58	1.58	0	0	0
1428613645809130559	CPU_0	0	0	0	100.00	0	0	0	0	0	0
1428613646434885105	CPU_0	0	0	1.58	96.82	0	1.58	0	0	0	0
1428613647060790692	CPU_0	0	0	1.61	98.38	0	0	0	0	0	0
1428613647692756347	CPU_0	0	0	0	96.77	1.61	1.61	0	0	0	0
1428613648319646474	CPU_0	0	0	1.58	96.82	0	1.58	0	0	0	0
1428613648945065270	CPU_0	1.66	0	0	98.33	0	0	0	0	0	0
1428613649571002358	CPU_0	0	0	1.61	98.38	0	0	0	0	0	0
1428613650202528973	CPU_0	0	0	1.51	92.42	0	6.06	0	0	0	0
1428613650829473307	CPU_0	0	0	0	100.00	0	0	0	0	0	0
1428613651455523978	CPU_0	0	0	0	100.00	0	0	0	0	0	0
1428613652081175400	CPU_0	0	0	0	100.00	0	0	0	0	0	0
1428613652707539653	CPU_0	0	0	1.58	95.23	0	0	3.17	0	0	0
1428613653338556978	CPU_0	0	0	0	100.00	0	0	0	0	0	0
1428613653963846484	CPU_0	0	0	1.61	98.38	0	0	0	0	0	0
1428613654589096074	CPU_0	0	0	1.61	98.38	0	0	0	0	0	0
1428613655214162747	CPU_0	0	0	0	100.00	0	0	0	0	0	0
1428613655846784693	CPU_0	0	0	1.58	96.82	0	1.58	0	0	0	0
1428613656472512990	CPU_0	0	0	0	100.00	0	0	0	0	0	0
1428613657097746413	CPU_0	0	0	0	100.00	0	0	0	0	0	0
1428613657723058878	CPU_0	0	0	3.22	95.16	0	1.61	0	0	0	0
1428613658355490117	CPU_0	0	0	0	96.87	0	3.12	0	0	0	0
1428613658981200706	CPU_0	0	0	1.63	98.36	0	0	0	0	0	0
1428613659606380630	CPU_0	0	0	1.58	96.82	0	0	1.58	0	0	0
1428613660232031719	CPU_0	0	0	0	100.00	0	0	0	0	0	0
1428613660864775041	CPU_0	0	0	1.61	98.38	0	0	0	0	0	0
1428613661490513880	CPU_0	0	0	0	98.38	0	1.61	0	0	0	0
1428613662115333555	CPU_0	0	0	3.17	96.82	0	0	0	0	0	0
1428613662741298394	CPU_0	0	0	1.61	96.77	0	1.61	0	0	0	0
1428613663368482479	CPU_0	0	0	1.63	98.36	0	0	0	0	0	0
1428613663999029140	CPU_0	0	0	0	98.41	0	1.58	0	0	0	0
1428613664624626230	CPU_0	0	0	1.61	98.38	0	0	0	0	0	0
1428613665250410945	CPU_0	0	0	0	98.36	0	1.63	0	0	0	0
1428613665877102991	CPU_0	0	0	0	100.00	0	0	0	0	0	0
1428613666509169773	CPU_0	0	0	0	93.84	0	6.15	0	0	0	0
1428613667135451653	CPU_0	0	0	1.58	96.82	0	0	1.58	0	0	0
1428613667761308243	CPU_0	0	0	1.63	96.72	1.63	0	0	0	0	0
1428613668388765829	CPU_0	0	0	0	100.00	0	0	0	0	0	0
1428613669021625192	CPU_0	0	0	1.61	98.38	0	0	0	0	0	0
1428613669647156575	CPU_0	0	0	0	100.00	0	0	0	0	0	0
1428613670273148123	CPU_0	0	0	0	100.00	0	0	0	0	0	0
1428613670899835669	CPU_0	0	0	1.61	98.38	0	0	0	0	0	0
1428613671532530034	CPU_0	0	0	0	91.04	0	5.97	2.98	0	0	0
1428613672158503624	CPU_0	0	0	1.61	98.38	0	0	0	0	0	0
1428613672784756963	CPU_0	0	0	1.63	98.36	0	0	0	0	0	0
1428613673411155469	CPU_0	0	0	0	100.00	0	0	0	0	0	0
1428613674043392835	CPU_0	0	0	1.61	98.38	0	0	0	0	0	0
1428613674669568758	CPU_0	0	0	1.61	98.38	0	0	0	0	0	0
1428613675295627557	CPU_0	0	0	0	100.00	0	0	0	0	0	0
1428613675922280020	CPU_0	0	0	0	100.00	0	0	0	0	0	0
1428613676548370736	CPU_0	0	0	1.61	98.38	0	0	0	0	0	0
1428613677180851685	CPU_0	0	0	1.61	98.38	0	0	0	0	0	0
1428613677806287402	CPU_0	0	0	0	98.36	0	1.63	0	0	0	0
1428613678433938530	CPU_0	0	0	3.17	96.82	0	0	0	0	0	0
1428613679060328328	CPU_0	0	0	0	92.42	0	1.51	6.06	0	0	0
1428613679692866444	CPU_0	0	0	0	100.00	0	0	0	0	0	0
1428613680319133576	CPU_0	0	0	0	98.38	0	1.61	0	0	0	0
1428613680946336372	CPU_0	0	0	1.61	98.38	0	0	0	0	0	0
1428613681573017712	CPU_0	0	0	3.03	90.90	0	6.06	0	0	0	0
1428613682205818952	CPU_0	0	0	1.61	98.38	0	0	0	0	0	0
1428613682832816333	CPU_0	0	0	0	98.38	1.61	0	0	0	0	0
1428613683460453462	CPU_0	0	0	0	100.00	0	0	0	0	0	0
1428613684087125385	CPU_0	0	0	3.17	96.82	0	0	0	0	0	0
1428613684720469083	CPU_0	0	0	0	100.00	0	0	0	0	0	0
1428613685347338172	CPU_0	0	0	0	100.00	0	0	0	0	0	0
1428613685974474511	CPU_0	0	0	1.63	98.36	0	0	0	0	0	0
1428613686601035143	CPU_0	0	0	0	98.38	0	1.61	0	0	0	0
1428613687233322302	CPU_0	0	0	0	100.00	0	0	0	0	0	0
1428613687862794635	CPU_0	0	0	1.61	96.77	0	1.61	0	0	0	0
1428613688489778683	CPU_0	0	0	0	100.00	0	0	0	0	0	0
1428613689116007024	CPU_0	1.58	0	3.17	93.65	0	1.58	0	0	0	0
1428613689742090450	CPU_0	0	0	1.61	98.38	0	0	0	0	0	0
1428613690375592190	CPU_0	0	0	0	98.41	0	1.58	0	0	0	0
1428613691001534032	CPU_0	0	0	0	100.00	0	0	0	0	0	0
1428613691627913832	CPU_0	0	0	3.07	93.84	0	3.07	0	0	0	0
1428613692254683505	CPU_0	0	0	0	100.00	0	0	0	0	0	0
1428613692888441120	CPU_0	0	0	1.63	98.36	0	0	0	0	0	0
1428613693515353835	CPU_0	0	0	1.61	98.38	0	0	0	0	0	0
1428613694142362509	CPU_0	0	0	0	98.38	0	1.61	0	0	0	0
1428613694768830600	CPU_0	0	0	0	100.00	0	0	0	0	0	0
1428613695402499090	CPU_0	0	0	1.49	91.04	0	7.46	0	0	0	0
1428613696029112557	CPU_0	0	0	0	100.00	0	0	0	0	0	0
1428613696655951731	CPU_0	0	0	0	100.00	0	0	0	0	0	0
1428613697282526072	CPU_0	0	0	1.63	98.36	0	0	0	0	0	0
1428613697915625897	CPU_0	0	0	0	100.00	0	0	0	0	0	0
1428613698542366030	CPU_0	0	0	0	100.00	0	0	0	0	0	0
1428613699169901662	CPU_0	0	0	3.22	96.77	0	0	0	0	0	0
1428613699797290126	CPU_0	0	0	0	100.00	0	0	0	0	0	0
1428613700424786174	CPU_0	0	0	0	95.31	0	0	4.68	0	0	0
1428613701057713000	CPU_0	0	0	3.12	96.87	0	0	0	0	0	0
1428613701684616467	CPU_0	1.58	0	0	95.23	0	3.17	0	0	0	0
1428613702311773474	CPU_0	0	0	0	100.00	0	0	0	0	0	0
1428613702939739229	CPU_0	0	0	1.63	98.36	0	0	0	0	0	0
1428613703573559429	CPU_0	1.63	0	1.63	93.44	0	3.27	0	0	0	0
1428613704200649436	CPU_0	0	0	1.66	96.66	0	1.66	0	0	0	0
1428613704828283568	CPU_0	13.23	0	4.41	72.05	0	10.29	0	0	0	0
1428613705456882489	CPU_0	0	0	1.63	98.36	0	0	0	0	0	0
1428613706090676855	CPU_0	0	0	0	100.00	0	0	0	0	0	0
1428613706717515447	CPU_0	0	0	0	100.00	0	0	0	0	0	0
1428613707344328706	CPU_0	0	0	1.61	98.38	0	0	0	0	0	0
1428613707972400378	CPU_0	0	0	0	100.00	0	0	0	0	0	0
1428613708605916370	CPU_0	0	0	1.58	98.41	0	0	0	0	0	0
1428613709232156964	CPU_0	11.11	0	3.17	85.71	0	0	0	0	0	0
1428613709858836557	CPU_0	0	0	0	100.00	0	0	0	0	0	0
1428613710486188398	CPU_0	0	0	0	100.00	0	0	0	0	0	0
1428613711119281225	CPU_0	0	0	0	100.00	0	0	0	0	0	0
1428613711746039068	CPU_0	0	0	0	98.38	0	1.61	0	0	0	0
1428613712372962036	CPU_0	0	0	1.51	92.42	0	6.06	0	0	0	0
1428613713000424127	CPU_0	0	0	0	98.38	0	0	1.61	0	0	0
1428613713627940801	CPU_0	1.63	0	0	98.36	0	0	0	0	0	0
1428613714259432508	CPU_0	0	0	3.12	96.87	0	0	0	0	0	0
1428613714885984935	CPU_0	0	0	0	100.00	0	0	0	0	0	0
1428613715513844692	CPU_0	0	0	0	100.00	0	0	0	0	0	0
1428613716141076951	CPU_0	0	0	1.58	98.41	0	0	0	0	0	0
1428613716774540444	CPU_0	0	0	0	100.00	0	0	0	0	0	0
1428613717401755787	CPU_0	0	0	0	100.00	0	0	0	0	0	0
1428613718030038251	CPU_0	0	0	1.58	96.82	0	0	1.58	0	0	0
1428613718657403594	CPU_0	0	0	1.61	96.77	0	1.61	0	0	0	0
1428613719290299422	CPU_0	0	0	0	100.00	0	0	0	0	0	0
1428613719918380846	CPU_0	0	0	1.61	96.77	0	1.61	0	0	0	0
1428613720544974690	CPU_0	0	0	1.61	98.38	0	0	0	0	0	0
1428613721171695701	CPU_0	0	0	0	98.38	0	1.61	0	0	0	0
1428613721805657819	CPU_0	0	0	0	100.00	0	0	0	0	0	0
1428613722433520118	CPU_0	1.61	0	0	96.77	0	1.61	0	0	0	0
1428613723060066838	CPU_0	0	0	0	98.38	0	0	1.61	0	0	0
1428613723687266890	CPU_0	0	0	1.58	96.82	0	1.58	0	0	0	0
1428613724320489551	CPU_0	0	0	0	100.00	0	0	0	0	0	0
1428613724948389310	CPU_0	0	0	0	98.41	0	1.58	0	0	0	0
1428613725576165777	CPU_0	0	0	1.63	98.36	0	0	0	0	0	0
1428613726202553372	CPU_0	0	0	0	100.00	0	0	0	0	0	0
1428613726831785836	CPU_0	0	0	1.58	96.82	0	1.58	0	0	0	0
1428613727463899750	CPU_0	0	0	1.61	98.38	0	0	0	0	0	0
1428613728090974928	CPU_0	0	0	0	92.42	0	6.06	1.51	0	0	0
1428613728718448604	CPU_0	0	0	1.61	98.38	0	0	0	0	0	0
1428613729345070616	CPU_0	0	0	1.61	98.38	0	0	0	0	0	0
1428613729979727858	CPU_0	0	0	1.61	98.38	0	0	0	0	0	0
1428613730606115913	CPU_0	0	0	0	100.00	0	0	0	0	0	0
1428613731233762964	CPU_0	0	0	3.17	96.82	0	0	0	0	0	0
1428613731860904058	CPU_0	0	0	0	100.00	0	0	0	0	0	0
1428613732495068552	CPU_0	0	0	0	96.82	1.58	0	1.58	0	0	0
1428613733122289521	CPU_0	0	0	1.61	98.38	0	0	0	0	0	0
1428613733748740867	CPU_0	0	0	0	98.36	0	1.63	0	0	0	0
1428613734376132836	CPU_0	0	0	0	100.00	0	0	0	0	0	0
1428613735010310580	CPU_0	0	0	1.58	96.82	0	1.58	0	0	0	0
1428613735637608091	CPU_0	0	0	0	100.00	0	0	0	0	0	0
1428613736263778980	CPU_0	0	0	0	98.38	0	1.61	0	0	0	0
1428613736891559115	CPU_0	0	0	1.61	98.38	0	0	0	0	0	0
1428613737525432527	CPU_0	0	0	1.56	95.31	0	1.56	1.56	0	0	0
1428613738152951371	CPU_0	0	0	0	100.00	0	0	0	0	0	0
1428613738779478843	CPU_0	0	0	1.58	96.82	0	1.58	0	0	0	0
1428613739407059937	CPU_0	0	0	0	100.00	0	0	0	0	0	0
1428613740040566058	CPU_0	0	0	0	91.04	0	2.98	5.97	0	0	0
1428613740671333811	CPU_0	0	0	3.12	96.87	0	0	0	0	0	0
1428613741297650242	CPU_0	0	0	3.22	96.77	0	0	0	0	0	0
1428613741925616544	CPU_0	0	0	0	100.00	0	0	0	0	0	0
1428613742553356263	CPU_0	0	0	1.53	92.30	0	6.15	0	0	0	0
1428613743187369300	CPU_0	0	0	0	100.00	0	0	0	0	0	0
1428613743814565854	CPU_0	0	0	0	100.00	0	0	0	0	0	0
1428613744442451531	CPU_0	0	0	3.17	96.82	0	0	0	0	0	0
1428613745069924793	CPU_0	0	0	0	100.00	0	0	0	0	0	0
1428613745704444412	CPU_0	0	0	0	100.00	0	0	0	0	0	0
1428613746332218049	CPU_0	0	0	1.61	98.38	0	0	0	0	0	0
1428613746960683600	CPU_0	0	0	0	100.00	0	0	0	0	0	0
1428613747588530278	CPU_0	0	0	0	98.36	0	1.63	0	0	0	0
1428613748223875812	CPU_0	0	0	3.12	96.87	0	0	0	0	0	0
1428613748851392199	CPU_0	0	0	0	100.00	0	0	0	0	0	0
1428613749480268541	CPU_0	0	0	0	98.38	0	1.61	0	0	0	0
1428613750107955178	CPU_0	0	0	3.22	96.77	0	0	0	0	0	0
1428613750741954841	CPU_0	0	0	0	98.38	0	1.61	0	0	0	0
1428613751369331395	CPU_0	0	0	0	100.00	0	0	0	0	0	0
1428613751998268863	CPU_0	0	0	0	98.38	0	1.61	0	0	0	0
1428613752626308499	CPU_0	0	0	0	100.00	0	0	0	0	0	0
1428613753260497287	CPU_0	0	0	0	98.41	0	1.58	0	0	0	0
1428613753887742092	CPU_0	0	0	1.53	93.84	0	4.61	0	0	0	0
1428613754516501601	CPU_0	0	0	1.61	98.38	0	0	0	0	0	0
1428613755144003614	CPU_0	0	0	0	100.00	0	0	0	0	0	0
1428613755781458436	CPU_0	0	0	0	100.00	0	0	0	0	0	0
1428613756408977574	CPU_0	0	0	1.58	98.41	0	0	0	0	0	0
1428613757037108836	CPU_0	0	0	0	100.00	0	0	0	0	0	0
1428613757664587682	CPU_0	0	0	1.63	98.36	0	0	0	0	0	0
1428613758291843738	CPU_0	0	0	0	100.00	0	0	0	0	0	0
1428613758925661944	CPU_0	0	0	0	98.41	0	1.58	0	0	0	0
1428613759553682664	CPU_0	0	0	3.03	92.42	0	4.54	0	0	0	0
1428613760181677552	CPU_0	0	0	0	100.00	0	0	0	0	0	0
1428613760808769191	CPU_0	0	0	0	100.00	0	0	0	0	0	0
1428613761443262938	CPU_0	0	0	3.17	96.82	0	0	0	0	0	0
1428613762071290742	CPU_0	0	0	0	98.38	0	0	1.61	0	0	0
1428613762699320296	CPU_0	0	0	0	100.00	0	0	0	0	0	0
1428613763327332767	CPU_0	0	0	3.12	95.31	0	1.56	0	0	0	0
1428613763962627595	CPU_0	0	0	0	100.00	0	0	0	0	0	0
1428613764591758397	CPU_0	0	0	0	98.38	0	1.61	0	0	0	0
1428613765220467699	CPU_0	0	0	1.58	98.41	0	0	0	0	0	0
1428613765848076088	CPU_0	0	0	1.58	96.82	0	1.58	0	0	0	0
1428613766483583166	CPU_0	0	0	0	98.38	0	0	1.61	0	0	0
1428613767111820720	CPU_0	1.58	0	1.58	96.82	0	0	0	0	0	0
1428613767740008566	CPU_0	0	0	0	98.36	0	1.63	0	0	0	0
1428613768367547164	CPU_0	0	0	0	100.00	0	0	0	0	0	0
1428613769001988828	CPU_0	1.58	0	1.58	95.23	0	1.58	0	0	0	0
1428613769629894342	CPU_0	0	0	0	98.36	0	1.63	0	0	0	0
1428613770257182315	CPU_0	0	0	0	100.00	0	0	0	0	0	0
1428613770885246246	CPU_0	0	0	0	93.84	0	1.53	4.61	0	0	0
1428613771521067365	CPU_0	0	0	0	100.00	0	0	0	0	0	0
1428613772149696627	CPU_0	0	0	0	100.00	0	0	0	0	0	0
1428613772777882974	CPU_0	0	0	3.17	95.23	0	1.58	0	0	0	0
1428613773406323570	CPU_0	0	0	0	98.36	0	1.63	0	0	0	0
1428613774036161121	CPU_0	0	0	0	100.00	0	0	0	0	0	0
1428613774669403288	CPU_0	0	0	1.58	96.82	0	1.58	0	0	0	0
1428613775297479386	CPU_0	0	0	0	100.00	0	0	0	0	0	0
1428613775925219359	CPU_0	0	0	0	98.36	0	1.63	0	0	0	0
1428613776554150788	CPU_0	0	0	3.07	95.38	0	1.53	0	0	0	0
1428613777188379453	CPU_0	0	0	0	100.00	0	0	0	0	0	0
1428613777816845550	CPU_0	0	0	0	98.38	1.61	0	0	0	0	0
1428613778444790648	CPU_0	0	0	1.58	96.82	0	1.58	0	0	0	0
1428613779073529536	CPU_0	0	0	3.17	96.82	0	0	0	0	0	0
1428613779709284364	CPU_0	1.58	0	0	96.82	0	1.58	0	0	0	0
1428613780338124585	CPU_0	0	0	1.61	98.38	0	0	0	0	0	0
1428613780966152850	CPU_0	0	0	0	100.00	0	0	0	0	0	0
1428613781595354487	CPU_0	0	0	0	98.38	0	1.61	0	0	0	0
1428613782230597650	CPU_0	0	0	1.56	96.87	0	1.56	0	0	0	0
1428613782859259247	CPU_0	0	0	1.63	98.36	0	0	0	0	0	0
1428613783487549928	CPU_0	0	0	0	100.00	0	0	0	0	0	0
1428613784117027440	CPU_0	0	0	1.58	96.82	0	1.58	0	0	0	0
1428613784751709730	CPU_0	0	0	0	100.00	0	0	0	0	0	0
1428613785380460077	CPU_0	0	0	0	90.90	0	1.51	7.57	0	0	0
1428613786008832175	CPU_0	0	0	1.61	98.38	0	0	0	0	0	0
1428613786637746480	CPU_0	0	0	0	95.38	0	4.61	0	0	0	0
1428613787271939563	CPU_0	0	0	0	100.00	0	0	0	0	0	0
1428613787900907118	CPU_0	0	0	1.63	98.36	0	0	0	0	0	0
1428613788529182675	CPU_0	0	0	1.61	98.38	0	0	0	0	0	0
1428613789157564731	CPU_0	0	0	0	100.00	0	0	0	0	0	0
1428613789791973356	CPU_0	0	0	3.12	95.31	0	1.56	0	0	0	0
1428613790423568863	CPU_0	0	0	0	100.00	0	0	0	0	0	0
1428613791052902918	CPU_0	0	0	0	100.00	0	0	0	0	0	0
1428613791681729807	CPU_0	1.58	0	1.58	95.23	0	1.58	0	0	0	0
1428613792310228947	CPU_0	0	0	1.58	96.82	0	1.58	0	0	0	0
1428613792944946738	CPU_0	0	0	0	100.00	0	0	0	0	0	0
1428613793573699794	CPU_0	0	0	1.58	96.82	0	1.58	0	0	0	0
1428613794202292684	CPU_0	0	0	0	100.00	0	0	0	0	0	0
1428613794830533283	CPU_0	0	0	0	98.41	0	1.58	0	0	0	0
1428613795466822362	CPU_0	0	0	0	100.00	0	0	0	0	0	0
1428613796096243125	CPU_0	0	0	0	98.38	0	1.61	0	0	0	0
1428613796725355056	CPU_0	0	0	0	100.00	0	0	0	0	0	0
1428613797353388073	CPU_0	0	0	1.58	96.82	0	1.58	0	0	0	0
1428613797989284028	CPU_0	0	0	3.17	96.82	0	0	0	0	0	0
1428613798617900794	CPU_0	0	0	1.63	98.36	0	0	0	0	0	0
1428613799247253266	CPU_0	0	0	0	98.41	0	1.58	0	0	0	0
1428613799875733448	CPU_0	6.55	0	8.19	83.60	0	1.63	0	0	0	0
1428613800510886823	CPU_0	0	0	1.58	98.41	0	0	0	0	0	0
1428613801138099425	CPU_0	1.61	0	0	96.77	0	1.61	0	0	0	0
1428613801766001360	CPU_0	0	0	1.51	90.90	0	7.57	0	0	0	0
1428613802392789672	CPU_0	0	0	1.61	98.38	0	0	0	0	0	0
1428613803027199215	CPU_0	0	0	1.61	98.38	0	0	0	0	0	0
1428613803655319649	CPU_0	0	0	0	100.00	0	0	0	0	0	0
1428613804283416875	CPU_0	0	0	0	100.00	0	0	0	0	0	0
1428613804911115351	CPU_0	0	0	1.61	98.38	0	0	0	0	0	0
1428613805545959269	CPU_0	0	0	0	100.00	0	0	0	0	0	0
1428613806176122906	CPU_0	0	0	0	100.00	0	0	0	0	0	0
1428613806804439215	CPU_0	0	0	0	100.00	0	0	0	0	0	0
1428613807432304900	CPU_0	0	0	0	100.00	0	0	0	0	0	0
1428613808064477199	CPU_0	0	0	0	96.77	1.61	0	1.61	0	0	0
1428613808699105159	CPU_0	0	0	1.56	96.87	0	1.56	0	0	0	0
1428613809327604010	CPU_0	0	0	1.61	98.38	0	0	0	0	0	0
1428613809955399904	CPU_0	0	0	1.61	96.77	0	1.61	0	0	0	0
1428613810585040376	CPU_0	1.56	0	1.56	93.75	0	0	3.12	0	0	0
1428613811218989505	CPU_0	0	0	1.58	96.82	0	1.58	0	0	0	0
1428613811848343562	CPU_0	0	0	1.51	92.42	0	6.06	0	0	0	0
1428613812476103248	CPU_0	0	0	0	100.00	0	0	0	0	0	0
1428613813106080095	CPU_0	0	0	0	98.36	1.63	0	0	0	0	0
1428613813740311848	CPU_0	0	0	1.58	98.41	0	0	0	0	0	0
1428613814369039782	CPU_0	0	0	1.61	98.38	0	0	0	0	0	0
1428613814997094967	CPU_0	0	0	1.61	98.38	0	0	0	0	0	0
1428613815627109439	CPU_0	0	0	0	100.00	0	0	0	0	0	0
1428613816261741650	CPU_0	0	0	0	100.00	0	0	0	0	0	0
1428613816891084666	CPU_0	0	0	0	100.00	0	0	0	0	0	0
1428613817520193016	CPU_0	0	0	1.61	98.38	0	0	0	0	0	0
1428613818150387321	CPU_0	0	0	1.61	96.77	0	1.61	0	0	0	0
1428613818785789447	CPU_0	0	0	0	100.00	0	0	0	0	0	0
1428613819415238380	CPU_0	0	0	0	98.38	0	1.61	0	0	0	0
1428613820043665607	CPU_0	0	0	0	100.00	0	0	0	0	0	0
1428613820673698746	CPU_0	0	0	0	95.38	0	4.61	0	0	0	0
1428613821308719207	CPU_0	0	0	1.61	98.38	0	0	0	0	0	0
1428613821937895432	CPU_0	0	0	1.61	98.38	0	0	0	0	0	0
1428613822567359573	CPU_0	0	0	0	98.38	0	0	1.61	0	0	0
1428613823196947256	CPU_0	1.63	0	1.63	96.72	0	0	0	0	0	0
1428613823827670352	CPU_0	0	0	0	96.61	0	3.38	0	0	0	0
1428613824461439858	CPU_0	0	0	1.58	93.65	0	1.58	3.17	0	0	0
1428613825090685250	CPU_0	13.11	0	1.63	83.60	0	1.63	0	0	0	0
1428613825720433474	CPU_0	0	0	0	98.38	0	1.61	0	0	0	0
1428613826349012326	CPU_0	0	0	1.63	98.36	0	0	0	0	0	0
1428613826984686453	CPU_0	0	0	1.56	96.87	0	1.56	0	0	0	0
1428613827614276927	CPU_0	0	0	0	98.38	0	1.61	0	0	0	0
1428613828244072235	CPU_0	0	0	0	100.00	0	0	0	0	0	0
1428613828872580879	CPU_0	0	0	1.61	98.38	0	0	0	0	0	0
1428613829508323297	CPU_0	9.37	0	1.56	87.50	0	1.56	0	0	0	0
1428613830139047228	CPU_0	0	0	0	98.38	0	1.61	0	0	0	0
1428613830768241954	CPU_0	0	0	1.61	98.38	0	0	0	0	0	0
1428613831398549094	CPU_0	0	0	0	100.00	0	0	0	0	0	0
1428613832034393762	CPU_0	0	0	0	98.38	0	1.61	0	0	0	0
1428613832665196943	CPU_0	0	0	1.61	98.38	0	0	0	0	0	0
1428613833295116835	CPU_0	0	0	0	98.36	0	1.63	0	0	0	0
1428613833924514519	CPU_0	0	0	0	95.31	0	4.68	0	0	0	0
1428613834560163063	CPU_0	0	0	3.12	96.87	0	0	0	0	0	0
1428613835190210787	CPU_0	0	0	0	100.00	0	0	0	0	0	0
1428613835820349720	CPU_0	0	0	1.58	96.82	0	0	1.58	0	0	0
1428613836450059446	CPU_0	0	0	1.61	98.38	0	0	0	0	0	0
1428613837087329236	CPU_0	0	0	0	100.00	0	0	0	0	0	0
1428613837717551252	CPU_0	0	0	1.61	96.77	0	1.61	0	0	0	0
1428613838347415894	CPU_0	0	0	0	100.00	0	0	0	0	0	0
1428613838977177495	CPU_0	0	0	0	98.38	0	1.61	0	0	0	0
1428613839614157369	CPU_0	0	0	0	100.00	0	0	0	0	0	0
1428613840243773846	CPU_0	0	0	1.58	96.82	0	0	1.58	0	0	0
1428613840873676113	CPU_0	0	0	0	98.38	0	1.61	0	0	0	0
1428613841503243339	CPU_0	0	0	0	100.00	0	0	0	0	0	0
1428613842140352339	CPU_0	0	0	3.07	95.38	0	1.53	0	0	0	0
1428613842770093857	CPU_0	0	0	0	92.42	0	0	7.57	0	0	0
1428613843399753875	CPU_0	0	0	0	98.38	0	1.61	0	0	0	0
1428613844029801309	CPU_0	0	0	1.61	98.38	0	0	0	0	0	0
1428613844666913267	CPU_0	0	0	0	98.41	0	1.58	0	0	0	0
1428613845296684660	CPU_0	1.56	0	1.56	95.31	0	1.56	0	0	0	0
1428613845926999344	CPU_0	0	0	0	100.00	0	0	0	0	0	0
1428613846556847320	CPU_0	0	0	0	98.38	0	1.61	0	0	0	0
1428613847198671684	CPU_0	0	0	0	100.00	0	0	0	0	0	0
1428613847828529785	CPU_0	0	0	3.12	95.31	1.56	0	0	0	0	0
1428613848459102177	CPU_0	0	0	1.58	96.82	0	1.58	0	0	0	0
1428613849088566821	CPU_0	0	0	0	100.00	0	0	0	0	0	0
1428613849721256582	CPU_0	0	0	1.58	98.41	0	0	0	0	0	0
1428613850355921172	CPU_0	0	0	1.58	96.82	0	1.58	0	0	0	0
1428613850986657814	CPU_0	0	0	0	100.00	0	0	0	0	0	0
1428613851617343205	CPU_0	0	0	3.17	95.23	0	1.58	0	0	0	0
1428613852247347265	CPU_0	0	0	0	100.00	0	0	0	0	0	0
1428613852883730768	CPU_0	0	0	0	98.38	0	1.61	0	0	0	0
1428613853513728662	CPU_0	0	0	1.58	96.82	0	1.58	0	0	0	0
1428613854144967219	CPU_0	0	0	0	100.00	0	0	0	0	0	0
1428613854775316153	CPU_0	0	0	0	100.00	0	0	0	0	0	0
1428613855411734614	CPU_0	0	0	1.56	96.87	0	1.56	0	0	0	0
1428613856041102385	CPU_0	0	0	1.61	98.38	0	0	0	0	0	0
1428613856672326817	CPU_0	0	0	0	98.38	0	1.61	0	0	0	0
1428613857301998671	CPU_0	0	0	1.61	98.38	0	0	0	0	0	0
1428613857939389755	CPU_0	0	0	1.61	98.38	0	0	0	0	0	0
1428613858569385482	CPU_0	0	0	0	98.38	0	1.61	0	0	0	0
1428613859200091083	CPU_0	0	0	3.12	96.87	0	0	0	0	0	0
1428613859830447643	CPU_0	0	0	1.58	96.82	0	1.58	0	0	0	0
1428613860468312310	CPU_0	0	0	0	100.00	0	0	0	0	0	0
1428613861098681161	CPU_0	1.56	0	3.12	93.75	0	1.56	0	0	0	0
1428613861730144052	CPU_0	0	0	0	100.00	0	0	0	0	0	0
1428613862360547988	CPU_0	0	0	1.58	96.82	0	1.58	0	0	0	0
1428613862997558656	CPU_0	0	0	0	100.00	0	0	0	0	0	0
1428613863627633843	CPU_0	0	0	0	98.38	0	1.61	0	0	0	0
1428613864257698071	CPU_0	0	0	0	100.00	0	0	0	0	0	0
1428613864887319050	CPU_0	0	0	1.58	96.82	0	1.58	0	0	0	0
1428613865523903178	CPU_0	0	0	0	100.00	0	0	0	0	0	0
1428613866154011365	CPU_0	0	0	0	93.84	0	6.15	0	0	0	0
1428613866783540761	CPU_0	0	0	1.61	98.38	0	0	0	0	0	0
1428613867412677450	CPU_0	0	0	0	100.00	0	0	0	0	0	0
1428613868049834286	CPU_0	0	0	1.61	98.38	0	0	0	0	0	0
1428613868681010220	CPU_0	0	0	1.58	96.82	0	0	1.58	0	0	0
1428613869311210073	CPU_0	1.61	0	0	98.38	0	0	0	0	0	0
1428613869941509135	CPU_0	0	0	0	100.00	0	0	0	0	0	0
1428613870578148056	CPU_0	0	0	3.12	96.87	0	0	0	0	0	0
1428613871209550698	CPU_0	0	0	0	93.84	0	1.53	4.61	0	0	0
1428613871839338094	CPU_0	0	0	0	100.00	0	0	0	0	0	0
1428613872469674989	CPU_0	0	0	3.17	95.23	0	1.58	0	0	0	0
1428613873105458079	CPU_0	0	0	0	100.00	0	0	0	0	0	0
1428613873736664222	CPU_0	0	0	0	100.00	0	0	0	0	0	0
1428613874365971703	CPU_0	0	0	0	98.38	0	1.61	0	0	0	0
1428613874995965516	CPU_0	0	0	3.12	96.87	0	0	0	0	0	0
1428613875635808054	CPU_0	1.58	0	0	96.82	0	1.58	0	0	0	0
1428613876265521826	CPU_0	0	0	1.61	98.38	0	0	0	0	0	0
1428613876894677558	CPU_0	0	0	0	100.00	0	0	0	0	0	0
1428613877524988745	CPU_0	0	0	1.58	96.82	0	1.58	0	0	0	0
1428613878156075472	CPU_0	0	0	1.61	96.77	1.61	0	0	0	0	0
1428613878791193481	CPU_0	0	0	0	98.38	0	1.61	0	0	0	0
1428613879420357713	CPU_0	0	0	0	100.00	0	0	0	0	0	0
1428613880049820694	CPU_0	0	0	1.58	96.82	0	1.58	0	0	0	0
1428613880680655631	CPU_0	0	0	0	100.00	0	0	0	0	0	0
1428613881316809262	CPU_0	0	0	0	98.41	0	1.58	0	0	0	0
1428613881946261036	CPU_0	0	0	1.56	95.31	0	3.12	0	0	0	0
1428613882575753225	CPU_0	0	0	1.61	98.38	0	0	0	0	0	0
1428613883206104955	CPU_0	0	0	0	100.00	0	0	0	0	0	0
1428613883842367420	CPU_0	0	0	1.58	98.41	0	0	0	0	0	0
1428613884471393361	CPU_0	0	0	0	100.00	0	0	0	0	0	0
1428613885101202092	CPU_0	0	0	0	100.00	0	0	0	0	0	0
1428613885732579861	CPU_0	0	0	0	98.38	0	1.61	0	0	0	0
1428613886369140076	CPU_0	0	0	0	100.00	0	0	0	0	0	0
1428613886998458142	CPU_0	0	0	1.58	96.82	0	1.58	0	0	0	0
1428613887628158873	CPU_0	0	0	0	95.31	0	4.68	0	0	0	0
1428613888259500184	CPU_0	0	0	0	98.38	0	0	1.61	0	0	0
1428613888896700106	CPU_0	0	0	3.12	96.87	0	0	0	0	0	0
1428613889526686295	CPU_0	3.27	0	0	96.72	0	0	0	0	0	0
1428613890156318819	CPU_0	0	0	0	100.00	0	0	0	0	0	0
1428613890787148673	CPU_0	0	0	1.61	98.38	0	0	0	0	0	0
1428613891424111179	CPU_0	0	0	1.58	98.41	0	0	0	0	0	0
1428613892056167197	CPU_0	0	0	1.61	98.38	0	0	0	0	0	0
1428613892688600756	CPU_0	0	0	1.47	89.70	1.47	5.88	1.47	0	0	0
1428613893319229278	CPU_0	0	0	1.61	98.38	0	0	0	0	0	0
1428613893957147240	CPU_0	0	0	1.58	98.41	0	0	0	0	0	0
1428613894587594304	CPU_0	0	0	1.61	98.38	0	0	0	0	0	0
1428613895218588075	CPU_0	0	0	0	95.31	0	0	4.68	0	0	0
1428613895849008847	CPU_0	0	0	0	100.00	0	0	0	0	0	0
1428613896486602394	CPU_0	0	0	1.61	98.38	0	0	0	0	0	0
1428613897117046125	CPU_0	0	0	0	100.00	0	0	0	0	0	0
1428613897748132354	CPU_0	0	0	0	98.41	0	1.58	0	0	0	0
1428613898377943128	CPU_0	0	0	0	100.00	0	0	0	0	0	0
1428613899014819760	CPU_0	0	0	1.53	96.92	0	1.53	0	0	0	0
1428613899645039492	CPU_0	0	0	0	100.00	0	0	0	0	0	0
1428613900275729848	CPU_0	0	0	1.58	96.82	0	1.58	0	0	0	0
1428613900906921702	CPU_0	0	0	0	100.00	0	0	0	0	0	0
1428613901542882462	CPU_0	0	0	0	96.87	0	3.12	0	0	0	0
1428613902174794481	CPU_0	0	0	1.61	98.38	0	0	0	0	0	0
1428613902805403588	CPU_0	0	0	1.61	98.38	0	0	0	0	0	0
1428613903436446984	CPU_0	0	0	0	100.00	0	0	0	0	0	0
1428613904072386869	CPU_0	0	0	1.49	92.53	0	5.97	0	0	0	0
1428613904703750307	CPU_0	0	0	0	100.00	0	0	0	0	0	0
1428613905334500163	CPU_0	0	0	0	100.00	0	0	0	0	0	0
1428613905966004601	CPU_0	0	0	3.17	96.82	0	0	0	0	0	0
1428613906607176806	CPU_0	0	0	0	100.00	0	0	0	0	0	0
1428613907239118743	CPU_0	0	0	0	100.00	0	0	0	0	0	0
1428613907869260685	CPU_0	0	0	1.61	96.77	1.61	0	0	0	0	0
1428613908501041747	CPU_0	0	0	0	100.00	0	0	0	0	0	0
1428613909134304139	CPU_0	0	0	0	100.00	0	0	0	0	0	0
1428613909771114356	CPU_0	0	0	1.49	94.02	0	4.47	0	0	0	0
1428613910401099964	CPU_0	0	0	0	100.00	0	0	0	0	0	0
1428613911032551278	CPU_0	0	0	0	100.00	0	0	0	0	0	0
1428613911662646969	CPU_0	0	0	1.61	98.38	0	0	0	0	0	0
1428613912301020683	CPU_0	0	0	1.49	92.53	0	0	5.97	0	0	0
1428613912931750206	CPU_0	0	0	1.63	96.72	1.63	0	0	0	0	0
1428613913563048020	CPU_0	0	0	1.56	96.87	0	1.56	0	0	0	0
1428613914194359168	CPU_0	0	0	1.61	98.38	0	0	0	0	0	0
1428613914832225799	CPU_0	0	0	0	98.41	0	1.58	0	0	0	0
1428613915462022284	CPU_0	0	0	1.53	93.84	0	4.61	0	0	0	0
1428613916093380848	CPU_0	0	0	0	100.00	0	0	0	0	0	0
1428613916724476955	CPU_0	0	0	0	100.00	0	0	0	0	0	0
1428613917362007546	CPU_0	0	0	1.61	98.38	0	0	0	0	0	0
1428613917991822655	CPU_0	0	0	0	100.00	0	0	0	0	0	0
1428613918623450844	CPU_0	0	0	0	100.00	0	0	0	0	0	0
1428613919254585826	CPU_0	0	0	1.61	98.38	0	0	0	0	0	0
