#Timestamp	CPU_ID	user%	nice%	sys%	idle%	iowait%	irq%	softiq%	steal%	guest%	guest_nice%
1421386521708554302	CPU_4	87.50	0	12.50	0	0	0	0	0	0	0
1421386522523503986	CPU_4	92.59	0	7.40	0	0	0	0	0	0	0
1421386523343550652	CPU_4	91.46	0	7.31	0	0	0	1.21	0	0	0
1421386524158557587	CPU_4	92.68	0	7.31	0	0	0	0	0	0	0
1421386524988563591	CPU_4	92.77	0	7.22	0	0	0	0	0	0	0
1421386525808615633	CPU_4	92.59	0	7.40	0	0	0	0	0	0	0
1421386526623552152	CPU_4	91.46	0	7.31	0	0	0	1.21	0	0	0
1421386527443568320	CPU_4	91.56	0	8.43	0	0	0	0	0	0	0
1421386528258563798	CPU_4	93.82	0	6.17	0	0	0	0	0	0	0
1421386529078536716	CPU_4	92.59	0	7.40	0	0	0	0	0	0	0
1421386529893578945	CPU_4	92.68	0	7.31	0	0	0	0	0	0	0
1421386530713566780	CPU_4	92.68	0	6.09	0	0	0	1.21	0	0	0
1421386531533569991	CPU_4	92.77	0	7.22	0	0	0	0	0	0	0
1421386532353573285	CPU_4	93.82	0	6.17	0	0	0	0	0	0	0
1421386533173587163	CPU_4	92.68	0	7.31	0	0	0	0	0	0	0
1421386533993592041	CPU_4	91.46	0	7.31	0	0	0	1.21	0	0	0
1421386534813651503	CPU_4	92.77	0	7.22	0	0	0	0	0	0	0
1421386535618578938	CPU_4	93.75	0	6.25	0	0	0	0	0	0	0
1421386536443582340	CPU_4	93.90	0	6.09	0	0	0	0	0	0	0
1421386537278542914	CPU_4	92.77	0	7.22	0	0	0	0	0	0	0
1421386538098714918	CPU_4	90.36	0	8.43	0	0	0	1.20	0	0	0
1421386538928687927	CPU_4	90.36	0	9.63	0	0	0	0	0	0	0
1421386539763774376	CPU_4	92.68	0	7.31	0	0	0	0	0	0	0
1421386540583672757	CPU_4	89.15	0	10.84	0	0	0	0	0	0	0
1421386541408704119	CPU_4	89.15	0	9.63	0	0	0	1.20	0	0	0
1421386542238689713	CPU_4	91.56	0	8.43	0	0	0	0	0	0	0
1421386543063716700	CPU_4	89.02	0	10.97	0	0	0	0	0	0	0
1421386543913729178	CPU_4	94.11	0	5.88	0	0	0	0	0	0	0
1421386544759342464	CPU_4	91.76	0	7.05	0	0	0	1.17	0	0	0
1421386545588688645	CPU_4	91.56	0	8.43	0	0	0	0	0	0	0
1421386546418788282	CPU_4	91.56	0	8.43	0	0	0	0	0	0	0
1421386547248759336	CPU_4	90.36	0	9.63	0	0	0	0	0	0	0
1421386548093760417	CPU_4	89.41	0	9.41	0	0	0	1.17	0	0	0
1421386548928668912	CPU_4	91.56	0	8.43	0	0	0	0	0	0	0
1421386549753732235	CPU_4	92.68	0	7.31	0	0	0	0	0	0	0
1421386550588801647	CPU_4	88.09	0	11.90	0	0	0	0	0	0	0
1421386551423719975	CPU_4	91.66	0	7.14	0	0	0	1.19	0	0	0
1421386552258702096	CPU_4	92.68	0	7.31	0	0	0	0	0	0	0
1421386553098708656	CPU_4	94.04	0	5.95	0	0	0	0	0	0	0
1421386553928713963	CPU_4	92.85	0	5.95	0	0	0	1.19	0	0	0
1421386554763822834	CPU_4	90.36	0	9.63	0	0	0	0	0	0	0
1421386555578756489	CPU_4	51.21	0	47.56	0	1.21	0	0	0	0	0
1421386556423813032	CPU_4	55.95	0	44.04	0	0	0	0	0	0	0
1421386557268856825	CPU_4	54.11	0	43.52	0	1.17	0	1.17	0	0	0
1421386558113735952	CPU_4	58.82	0	40.00	0	1.17	0	0	0	0	0
1421386558948850366	CPU_4	52.43	0	40.24	0	7.31	0	0	0	0	0
1421386559770738830	CPU_4	57.31	0	41.46	0	0	0	1.21	0	0	0
1421386560573851448	CPU_4	50.00	0	37.50	0	12.50	0	0	0	0	0
1421386561416773584	CPU_4	48.23	0	37.64	0	14.11	0	0	0	0	0
1421386562223790813	CPU_4	50.00	0	47.56	0	1.21	0	1.21	0	0	0
1421386563068864858	CPU_4	57.64	0	41.17	0	0	1.17	0	0	0	0
1421386563903872900	CPU_4	61.44	0	37.34	0	1.20	0	0	0	0	0
1421386564731026054	CPU_4	51.19	0	44.04	0	2.38	1.19	1.19	0	0	0
1421386565409202808	CPU_4	36.36	0	46.96	0	16.66	0	0	0	0	0
1421386566057304925	CPU_4	6.15	0	15.38	0	78.46	0	0	0	0	0
1421386566779853930	CPU_4	27.39	0	35.61	0	35.61	1.36	0	0	0	0
1421386567402661183	CPU_4	3.22	0	14.51	0	82.25	0	0	0	0	0
1421386568033780114	CPU_4	43.54	0	43.54	0	11.29	0	1.61	0	0	0
1421386568893836064	CPU_4	62.79	0	36.04	0	0	1.16	0	0	0	0
1421386569720074724	CPU_4	20.48	0	24.09	0	55.42	0	0	0	0	0
1421386570523830385	CPU_4	39.24	0	36.70	6.32	16.45	1.26	0	0	0	0
1421386571353814364	CPU_4	61.44	0	36.14	0	1.20	0	1.20	0	0	0
1421386572163850377	CPU_4	45.67	0	48.14	0	4.93	1.23	0	0	0	0
1421386572968496369	CPU_4	29.62	0	25.92	0	44.44	0	0	0	0	0
1421386573590921751	CPU_4	1.58	0	17.46	0	80.95	0	0	0	0	0
1421386574225745044	CPU_4	50.79	0	41.26	0	4.76	1.58	1.58	0	0	0
1421386574994905711	CPU_4	48.05	0	41.55	2.59	7.79	0	0	0	0	0
1421386575793120728	CPU_4	27.05	0	24.70	1.17	41.17	1.17	4.70	0	0	0
1421386576415588068	CPU_4	0	0	17.74	0	82.25	0	0	0	0	0
1421386577053809850	CPU_4	40.98	0	42.62	0	16.39	0	0	0	0	0
1421386577888753439	CPU_4	47.61	0	45.23	0	5.95	1.19	0	0	0	0
1421386578733752782	CPU_4	79.51	0	20.48	0	0	0	0	0	0	0
1421386579568790079	CPU_4	73.80	0	25.00	0	0	1.19	0	0	0	0
1421386580393774164	CPU_4	74.39	0	23.17	0	2.43	0	0	0	0	0
1421386581223804773	CPU_4	76.19	0	22.61	0	0	1.19	0	0	0	0
1421386582058759529	CPU_4	79.51	0	20.48	0	0	0	0	0	0	0
1421386582893820161	CPU_4	76.19	0	22.61	0	0	1.19	0	0	0	0
1421386583589674521	CPU_4	12.85	0	14.28	0	72.85	0	0	0	0	0
1421386584228839635	CPU_4	26.66	0	20.00	0	53.33	0	0	0	0	0
1421386585038880153	CPU_4	74.07	0	23.45	0	1.23	1.23	0	0	0	0
1421386585691832757	CPU_4	9.09	0	16.66	0	74.24	0	0	0	0	0
1421386586328808129	CPU_4	4.76	0	17.46	0	77.77	0	0	0	0	0
1421386587168796369	CPU_4	72.94	0	25.88	0	0	1.17	0	0	0	0
1421386588008783401	CPU_4	73.49	0	22.89	0	3.61	0	0	0	0	0
1421386588843794369	CPU_4	77.38	0	21.42	0	0	1.19	0	0	0	0
1421386589678752754	CPU_4	75.00	0	23.80	0	0	1.19	0	0	0	0
1421386590504586173	CPU_4	36.90	0	16.66	0	45.23	0	1.19	0	0	0
1421386591127315558	CPU_4	1.63	0	14.75	0	83.60	0	0	0	0	0
1421386591763747059	CPU_4	8.06	0	20.96	0	70.96	0	0	0	0	0
1421386592593831713	CPU_4	73.80	0	25.00	0	0	1.19	0	0	0	0
1421386593433815289	CPU_4	78.31	0	21.68	0	0	0	0	0	0	0
1421386594263828193	CPU_4	73.80	0	23.80	0	0	1.19	1.19	0	0	0
1421386595113755233	CPU_4	76.19	0	23.80	0	0	0	0	0	0	0
1421386595943804346	CPU_4	74.69	0	24.09	0	0	1.20	0	0	0	0
1421386596778618692	CPU_4	83.33	0	15.47	0	0	0	1.19	0	0	0
1421386597603661825	CPU_4	89.15	0	9.63	0	0	1.20	0	0	0	0
1421386598428614292	CPU_4	93.90	0	6.09	0	0	0	0	0	0	0
1421386599253564093	CPU_4	90.24	0	8.53	0	0	1.21	0	0	0	0
1421386600078629518	CPU_4	88.09	0	9.52	1.19	0	0	1.19	0	0	0
1421386600898596088	CPU_4	92.68	0	6.09	0	0	1.21	0	0	0	0
1421386601718604075	CPU_4	91.46	0	8.53	0	0	0	0	0	0	0
1421386602538626020	CPU_4	91.46	0	7.31	0	0	1.21	0	0	0	0
1421386603368609178	CPU_4	92.77	0	7.22	0	0	0	0	0	0	0
1421386604188643040	CPU_4	91.46	0	7.31	0	0	0	1.21	0	0	0
1421386605008662236	CPU_4	91.56	0	7.22	0	0	1.20	0	0	0	0
1421386605828718974	CPU_4	90.00	0	10.00	0	0	0	0	0	0	0
1421386606653611486	CPU_4	90.36	0	8.43	0	0	1.20	0	0	0	0
1421386607478770789	CPU_4	75.90	0	22.89	0	0	0	1.20	0	0	0
1421386608313833347	CPU_4	82.14	0	16.66	0	0	1.19	0	0	0	0
1421386609143756466	CPU_4	81.70	0	18.29	0	0	0	0	0	0	0
1421386609973844876	CPU_4	85.54	0	13.25	0	0	1.20	0	0	0	0
1421386610808820352	CPU_4	83.33	0	14.28	0	0	1.19	1.19	0	0	0
1421386611643879828	CPU_4	84.33	0	15.66	0	0	0	0	0	0	0
1421386612478896971	CPU_4	82.14	0	16.66	0	0	1.19	0	0	0	0
1421386613333819665	CPU_4	82.35	0	16.47	0	0	0	1.17	0	0	0
1421386614168901475	CPU_4	83.33	0	15.47	0	0	1.19	0	0	0	0
1421386615003831119	CPU_4	81.92	0	16.86	0	0	1.20	0	0	0	0
1421386616553764230	CPU_4	37.01	0	9.09	53.89	0	0	0	0	0	0
1421386617383866226	CPU_4	80.95	0	16.66	0	0	1.19	1.19	0	0	0
1421386618218810122	CPU_4	84.33	0	15.66	0	0	0	0	0	0	0
1421386619053871309	CPU_4	86.74	0	12.04	0	0	1.20	0	0	0	0
1421386619896609801	CPU_4	86.74	0	10.84	1.20	0	0	1.20	0	0	0
1421386621293807482	CPU_4	48.22	0	7.80	43.26	0	.70	0	0	0	0
1421386622123834689	CPU_4	81.70	0	17.07	0	0	1.21	0	0	0	0
1421386622958794169	CPU_4	83.13	0	16.86	0	0	0	0	0	0	0
1421386623798849256	CPU_4	84.70	0	12.94	0	0	1.17	1.17	0	0	0
1421386624648761098	CPU_4	85.88	0	14.11	0	0	0	0	0	0	0
1421386625488868685	CPU_4	80.00	0	16.47	2.35	0	1.17	0	0	0	0
1421386626323837334	CPU_4	76.19	0	21.42	0	0	1.19	1.19	0	0	0
1421386627163792047	CPU_4	87.95	0	12.04	0	0	0	0	0	0	0
1421386627993819006	CPU_4	81.92	0	16.86	0	0	1.20	0	0	0	0
1421386628828925113	CPU_4	74.69	0	25.30	0	0	0	0	0	0	0
1421386629668961202	CPU_4	83.52	0	14.11	0	0	1.17	1.17	0	0	0
1421386630490182195	CPU_4	65.06	0	8.43	25.30	0	1.20	0	0	0	0
1421386631658898106	CPU_4	42.73	0	13.67	43.58	0	0	0	0	0	0
1421386632493891215	CPU_4	87.95	0	10.84	0	0	1.20	0	0	0	0
1421386633328911282	CPU_4	84.52	0	14.28	0	0	0	1.19	0	0	0
1421386634178923211	CPU_4	84.88	0	13.95	0	0	1.16	0	0	0	0
1421386635018875135	CPU_4	86.74	0	12.04	0	0	1.20	0	0	0	0
1421386635863816083	CPU_4	91.66	0	7.14	0	0	0	1.19	0	0	0
1421386636703967800	CPU_4	85.88	0	12.94	0	0	1.17	0	0	0	0
1421386637543972934	CPU_4	89.15	0	10.84	0	0	0	0	0	0	0
1421386638376560720	CPU_4	89.28	0	9.52	0	0	1.19	0	0	0	0
1421386639213887573	CPU_4	84.52	0	13.09	0	0	1.19	1.19	0	0	0
1421386640053963999	CPU_4	84.52	0	15.47	0	0	0	0	0	0	0
1421386640883913796	CPU_4	89.02	0	9.75	0	0	1.21	0	0	0	0
1421386641718803617	CPU_4	86.74	0	13.25	0	0	0	0	0	0	0
1421386642566088059	CPU_4	82.35	0	15.29	0	0	1.17	1.17	0	0	0
1421386643398912555	CPU_4	85.71	0	13.09	0	0	1.19	0	0	0	0
1421386644220674884	CPU_4	69.51	0	19.51	0	10.97	0	0	0	0	0
1421386644843843491	CPU_4	0	0	16.39	0	83.60	0	0	0	0	0
1421386645474442904	CPU_4	12.69	0	19.04	0	65.07	1.58	1.58	0	0	0
1421386646159030866	CPU_4	30.43	0	20.28	0	49.27	0	0	0	0	0
1421386646835030236	CPU_4	23.88	0	19.40	0	56.71	0	0	0	0	0
1421386647507345079	CPU_4	26.15	0	18.46	0	53.84	1.53	0	0	0	0
1421386648199588889	CPU_4	45.71	0	15.71	0	38.57	0	0	0	0	0
1421386649035758958	CPU_4	69.76	0	20.93	0	6.97	1.16	1.16	0	0	0
1421386649863149393	CPU_4	60.97	0	20.73	0	18.29	0	0	0	0	0
1421386650542630001	CPU_4	25.00	0	20.58	0	52.94	1.47	0	0	0	0
1421386651228883501	CPU_4	31.81	0	15.15	0	53.03	0	0	0	0	0
1421386651928606285	CPU_4	50.00	0	26.38	0	20.83	1.38	1.38	0	0	0
1421386652774465736	CPU_4	69.04	0	22.61	0	8.33	0	0	0	0	0
1421386653613694587	CPU_4	70.58	0	20.00	0	8.23	1.17	0	0	0	0
1421386654449141619	CPU_4	72.28	0	19.27	0	8.43	0	0	0	0	0
1421386655276545181	CPU_4	72.61	0	15.47	0	9.52	1.19	1.19	0	0	0
1421386656119698351	CPU_4	71.60	0	18.51	0	8.64	1.23	0	0	0	0
1421386656961674318	CPU_4	75.29	0	16.47	0	8.23	0	0	0	0	0
1421386657795754356	CPU_4	70.23	0	17.85	0	9.52	1.19	1.19	0	0	0
1421386658626389824	CPU_4	73.17	0	18.29	0	8.53	0	0	0	0	0
1421386659465031137	CPU_4	75.00	0	15.47	0	8.33	1.19	0	0	0	0
1421386660314341160	CPU_4	69.31	0	19.31	0	9.09	1.13	1.13	0	0	0
1421386661142265172	CPU_4	69.51	0	23.17	0	7.31	0	0	0	0	0
1421386661984067863	CPU_4	70.58	0	20.00	0	8.23	1.17	0	0	0	0
1421386662829865503	CPU_4	67.81	0	21.83	0	9.19	0	1.14	0	0	0
1421386663637413474	CPU_4	68.75	0	21.25	0	8.75	1.25	0	0	0	0
1421386664484580362	CPU_4	63.95	0	23.25	0	12.79	0	0	0	0	0
1421386665313872788	CPU_4	69.87	0	20.48	1.20	7.22	1.20	0	0	0	0
1421386666007842664	CPU_4	10.29	0	32.35	0	55.88	0	1.47	0	0	0
1421386666680513751	CPU_4	11.11	0	26.98	0	60.31	1.58	0	0	0	0
1421386667380678490	CPU_4	12.67	0	39.43	0	47.88	0	0	0	0	0
1421386668086717216	CPU_4	17.39	0	33.33	0	47.82	1.44	0	0	0	0
1421386668776017935	CPU_4	14.28	0	38.57	0	47.14	0	0	0	0	0
1421386669468245732	CPU_4	18.57	0	31.42	0	47.14	1.42	1.42	0	0	0
1421386670166400516	CPU_4	14.70	0	33.82	0	51.47	0	0	0	0	0
1421386670815447445	CPU_4	17.18	0	28.12	0	53.12	1.56	0	0	0	0
1421386671508207199	CPU_4	15.94	0	26.08	0	57.97	0	0	0	0	0
1421386672137538670	CPU_4	3.17	0	15.87	0	80.95	0	0	0	0	0
1421386672766412849	CPU_4	12.90	0	20.96	0	66.12	0	0	0	0	0
1421386673458813563	CPU_4	15.71	0	34.28	0	47.14	1.42	1.42	0	0	0
1421386674123798833	CPU_4	7.69	0	16.92	0	75.38	0	0	0	0	0
1421386674829130436	CPU_4	14.28	0	37.14	0	48.57	0	0	0	0	0
1421386675520007819	CPU_4	8.82	0	20.58	10.29	58.82	1.47	0	0	0	0
1421386676151438785	CPU_4	1.61	0	16.12	0	82.25	0	0	0	0	0
1421386676816935805	CPU_4	18.75	0	31.25	0	50.00	0	0	0	0	0
1421386677512787094	CPU_4	18.57	0	31.42	0	47.14	1.42	1.42	0	0	0
1421386678213682498	CPU_4	20.28	0	31.88	0	47.82	0	0	0	0	0
1421386678909846037	CPU_4	16.17	0	32.35	0	50.00	1.47	0	0	0	0
1421386679603838622	CPU_4	19.40	0	31.34	0	49.25	0	0	0	0	0
1421386680303243404	CPU_4	8.45	0	19.71	0	71.83	0	0	0	0	0
1421386681406276672	CPU_4	8.18	0	18.18	0	72.72	.90	0	0	0	0
1421386682104752664	CPU_4	21.42	0	30.00	0	47.14	0	1.42	0	0	0
1421386682807347106	CPU_4	15.94	0	33.33	0	49.27	1.44	0	0	0	0
1421386683506443139	CPU_4	5.97	0	19.40	0	74.62	0	0	0	0	0
1421386684131617452	CPU_4	1.61	0	16.12	0	82.25	0	0	0	0	0
1421386684806474244	CPU_4	11.94	0	38.80	0	49.25	0	0	0	0	0
1421386685501218161	CPU_4	17.91	0	28.35	0	52.23	1.49	0	0	0	0
1421386686134797706	CPU_4	3.12	0	25.00	0	70.31	0	1.56	0	0	0
1421386686838616479	CPU_4	16.66	0	36.11	0	47.22	0	0	0	0	0
1421386687542379961	CPU_4	19.71	0	32.39	0	46.47	1.40	0	0	0	0
1421386688242642324	CPU_4	13.04	0	39.13	0	47.82	0	0	0	0	0
1421386688946732013	CPU_4	18.30	0	33.80	0	46.47	1.40	0	0	0	0
1421386689646693836	CPU_4	20.00	0	31.42	0	47.14	0	1.42	0	0	0
1421386690345204495	CPU_4	20.00	0	31.42	0	47.14	1.42	0	0	0	0
1421386691042780740	CPU_4	20.58	0	30.88	0	48.52	0	0	0	0	0
1421386691744105768	CPU_4	17.39	0	33.33	0	47.82	1.44	0	0	0	0
1421386692445143464	CPU_4	17.39	0	34.78	0	47.82	0	0	0	0	0
1421386693152020939	CPU_4	15.94	0	34.78	0	47.82	1.44	0	0	0	0
1421386693847681271	CPU_4	18.05	0	34.72	0	45.83	0	1.38	0	0	0
1421386694546131139	CPU_4	22.85	0	28.57	0	48.57	0	0	0	0	0
1421386695254027570	CPU_4	17.14	0	34.28	0	47.14	1.42	0	0	0	0
1421386695955668515	CPU_4	11.59	0	40.57	0	47.82	0	0	0	0	0
1421386696654918548	CPU_4	18.30	0	33.80	0	46.47	1.40	0	0	0	0
1421386697366472513	CPU_4	18.30	0	33.80	0	46.47	0	1.40	0	0	0
1421386698068488957	CPU_4	17.14	0	31.42	0	50.00	1.42	0	0	0	0
1421386698782624125	CPU_4	18.84	0	33.33	0	47.82	0	0	0	0	0
1421386699482641406	CPU_4	18.84	0	30.43	0	49.27	1.44	0	0	0	0
1421386700180941150	CPU_4	20.00	0	34.28	0	45.71	0	0	0	0	0
1421386700881821429	CPU_4	14.28	0	35.71	0	47.14	1.42	1.42	0	0	0
1421386701584630580	CPU_4	20.28	0	31.88	0	47.82	0	0	0	0	0
1421386702282301950	CPU_4	17.64	0	33.82	0	48.52	0	0	0	0	0
1421386702985671182	CPU_4	18.57	0	32.85	0	47.14	1.42	0	0	0	0
1421386703687075336	CPU_4	15.94	0	36.23	0	47.82	0	0	0	0	0
1421386704394884351	CPU_4	18.30	0	32.39	0	46.47	1.40	1.40	0	0	0
1421386705088034397	CPU_4	11.42	0	30.00	0	58.57	0	0	0	0	0
1421386705718846199	CPU_4	12.50	0	28.12	1.56	56.25	1.56	0	0	0	0
1421386706428705918	CPU_4	13.04	0	39.13	0	47.82	0	0	0	0	0
1421386707137283223	CPU_4	20.28	0	31.88	0	47.82	0	0	0	0	0
1421386707833839762	CPU_4	16.17	0	33.82	0	48.52	1.47	0	0	0	0
1421386708541803861	CPU_4	21.12	0	32.39	0	45.07	0	1.40	0	0	0
1421386709239287231	CPU_4	17.14	0	32.85	0	48.57	1.42	0	0	0	0
1421386709949526241	CPU_4	16.17	0	35.29	0	48.52	0	0	0	0	0
1421386710656141717	CPU_4	16.90	0	35.21	0	46.47	1.40	0	0	0	0
1421386711357726579	CPU_4	14.28	0	38.57	0	47.14	0	0	0	0	0
1421386712061388187	CPU_4	16.17	0	32.35	0	48.52	1.47	1.47	0	0	0
1421386712762438216	CPU_4	17.39	0	34.78	0	47.82	0	0	0	0	0
1421386713466765072	CPU_4	18.57	0	32.85	0	47.14	1.42	0	0	0	0
1421386714174239547	CPU_4	18.84	0	33.33	0	47.82	0	0	0	0	0
1421386714876939032	CPU_4	17.14	0	35.71	0	47.14	0	0	0	0	0
1421386715579802641	CPU_4	11.11	0	40.27	0	45.83	1.38	1.38	0	0	0
1421386716280086839	CPU_4	11.59	0	40.57	0	47.82	0	0	0	0	0
1421386716990054850	CPU_4	18.30	0	33.80	0	46.47	1.40	0	0	0	0
1421386717696972242	CPU_4	15.71	0	37.14	0	47.14	0	0	0	0	0
1421386718397790356	CPU_4	20.00	0	31.42	0	47.14	1.42	0	0	0	0
1421386719103149752	CPU_4	18.05	0	34.72	0	45.83	0	1.38	0	0	0
1421386719818884918	CPU_4	15.71	0	35.71	0	47.14	1.42	0	0	0	0
1421386720515937623	CPU_4	13.04	0	39.13	1.44	46.37	0	0	0	0	0
1421386721222183475	CPU_4	13.69	0	38.35	0	46.57	1.36	0	0	0	0
1421386721926994497	CPU_4	11.59	0	40.57	0	47.82	0	0	0	0	0
1421386722631019979	CPU_4	17.39	0	34.78	0	47.82	0	0	0	0	0
1421386723337423831	CPU_4	16.90	0	33.80	0	46.47	1.40	1.40	0	0	0
1421386724038445486	CPU_4	20.00	0	32.85	0	47.14	0	0	0	0	0
1421386724737174938	CPU_4	19.11	0	30.88	0	48.52	1.47	0	0	0	0
1421386725447592407	CPU_4	15.49	0	38.02	0	46.47	0	0	0	0	0
1421386726147332606	CPU_4	14.28	0	37.14	0	47.14	1.42	0	0	0	0
1421386726856644285	CPU_4	18.05	0	34.72	0	45.83	0	1.38	0	0	0
1421386727558952563	CPU_4	18.30	0	33.80	0	46.47	1.40	0	0	0	0
1421386728259266636	CPU_4	17.64	0	33.82	0	48.52	0	0	0	0	0
1421386728965961655	CPU_4	17.80	0	35.61	0	45.20	1.36	0	0	0	0
1421386729670942968	CPU_4	17.64	0	33.82	0	48.52	0	0	0	0	0
1421386730374710784	CPU_4	18.57	0	32.85	0	47.14	0	1.42	0	0	0
1421386731087275082	CPU_4	15.71	0	35.71	0	47.14	1.42	0	0	0	0
1421386731787129615	CPU_4	16.17	0	35.29	0	48.52	0	0	0	0	0
1421386732493727259	CPU_4	19.44	0	33.33	0	45.83	1.38	0	0	0	0
1421386733198156699	CPU_4	18.30	0	33.80	0	47.88	0	0	0	0	0
1421386733906005631	CPU_4	13.88	0	37.50	0	45.83	1.38	1.38	0	0	0
1421386734613778398	CPU_4	15.49	0	38.02	0	46.47	0	0	0	0	0
1421386735318833170	CPU_4	15.71	0	35.71	0	47.14	1.42	0	0	0	0
1421386736034655794	CPU_4	21.73	0	30.43	0	47.82	0	0	0	0	0
1421386736728563339	CPU_4	11.26	0	39.43	0	47.88	1.40	0	0	0	0
1421386737448279456	CPU_4	30.98	0	30.98	0	36.61	0	1.40	0	0	0
1421386738201662918	CPU_4	28.20	0	38.46	0	32.05	1.28	0	0	0	0
1421386738952726552	CPU_4	16.66	0	43.93	0	39.39	0	0	0	0	0
1421386739705283683	CPU_4	26.58	0	39.24	0	32.91	1.26	0	0	0	0
1421386740450227288	CPU_4	21.42	0	37.14	1.42	40.00	0	0	0	0	0
1421386741192280233	CPU_4	31.64	0	32.91	0	32.91	1.26	1.26	0	0	0
1421386741934285053	CPU_4	29.57	0	33.80	0	36.61	0	0	0	0	0
1421386742679198200	CPU_4	36.70	0	30.37	0	31.64	1.26	0	0	0	0
1421386743424053597	CPU_4	9.33	0	22.66	0	68.00	0	0	0	0	0
1421386744048932037	CPU_4	0	0	17.74	0	82.25	0	0	0	0	0
1421386744807115573	CPU_4	29.54	0	38.63	0	29.54	1.13	1.13	0	0	0
1421386745550105308	CPU_4	27.84	0	39.24	0	32.91	0	0	0	0	0
1421386746281290609	CPU_4	30.66	0	34.66	0	33.33	1.33	0	0	0	0
1421386747031442245	CPU_4	30.76	0	37.17	0	32.05	0	0	0	0	0
1421386747765594790	CPU_4	30.88	0	27.94	0	39.70	1.47	0	0	0	0
1421386748510657437	CPU_4	30.26	0	34.21	0	34.21	0	1.31	0	0	0
1421386749254961127	CPU_4	26.25	0	41.25	0	31.25	1.25	0	0	0	0
1421386750015358742	CPU_4	25.31	0	40.50	0	32.91	1.26	0	0	0	0
1421386750756952104	CPU_4	24.67	0	41.55	0	33.76	0	0	0	0	0
1421386751510113109	CPU_4	27.90	0	39.53	0	30.23	1.16	1.16	0	0	0
1421386752254550424	CPU_4	27.27	0	38.96	0	33.76	0	0	0	0	0
1421386753001190402	CPU_4	25.60	0	41.46	0	31.70	1.21	0	0	0	0
1421386753747526838	CPU_4	27.16	0	40.74	0	32.09	0	0	0	0	0
1421386754383376297	CPU_4	11.42	0	24.28	0	64.28	0	0	0	0	0
1421386755131987312	CPU_4	25.67	0	37.83	0	33.78	1.35	1.35	0	0	0
1421386755871799095	CPU_4	25.35	0	36.61	0	36.61	1.40	0	0	0	0
1421386756624500643	CPU_4	23.28	0	41.09	0	35.61	0	0	0	0	0
1421386757356725567	CPU_4	41.02	0	24.35	0	33.33	1.28	0	0	0	0
1421386758097675515	CPU_4	19.73	0	46.05	0	34.21	0	0	0	0	0
1421386758856075509	CPU_4	32.46	0	32.46	0	32.46	1.29	1.29	0	0	0
1421386759588839640	CPU_4	20.27	0	44.59	0	35.13	0	0	0	0	0
1421386760339221818	CPU_4	34.17	0	31.64	0	32.91	1.26	0	0	0	0
1421386761061627430	CPU_4	31.50	0	34.24	0	34.24	0	0	0	0	0
1421386761820217340	CPU_4	34.56	0	32.09	0	32.09	1.23	0	0	0	0
1421386762561773370	CPU_4	26.66	0	37.33	0	34.66	0	1.33	0	0	0
1421386763315300583	CPU_4	30.37	0	35.44	0	32.91	1.26	0	0	0	0
1421386764051992040	CPU_4	30.43	0	33.33	0	36.23	0	0	0	0	0
1421386764794876025	CPU_4	21.12	0	40.84	0	36.61	1.40	0	0	0	0
1421386765537713969	CPU_4	39.77	0	29.54	0	29.54	0	1.13	0	0	0
1421386766266817317	CPU_4	32.46	0	32.46	0	33.76	1.29	0	0	0	0
1421386767026599809	CPU_4	27.14	0	35.71	0	37.14	0	0	0	0	0
1421386767766456217	CPU_4	20.28	0	40.57	0	37.68	1.44	0	0	0	0
1421386768515389565	CPU_4	34.61	0	29.48	0	34.61	1.28	0	0	0	0
1421386769246166868	CPU_4	24.00	0	40.00	0	34.66	0	1.33	0	0	0
1421386769987392398	CPU_4	20.25	0	46.83	0	31.64	1.26	0	0	0	0
1421386770728088597	CPU_4	26.31	0	39.47	0	34.21	0	0	0	0	0
1421386771475107157	CPU_4	28.39	0	38.27	0	32.09	1.23	0	0	0	0
1421386772226601625	CPU_4	30.76	0	34.61	0	33.33	0	1.28	0	0	0
1421386772971815606	CPU_4	22.53	0	36.61	0	39.43	1.40	0	0	0	0
1421386773699114874	CPU_4	19.71	0	35.21	0	45.07	0	0	0	0	0
1421386774353041838	CPU_4	1.56	0	18.75	0	79.68	0	0	0	0	0
1421386774984693390	CPU_4	3.07	0	20.00	0	75.38	1.53	0	0	0	0
1421386775712229283	CPU_4	12.67	0	40.84	0	46.47	0	0	0	0	0
1421386776423442377	CPU_4	20.28	0	27.53	0	50.72	0	1.44	0	0	0
1421386777049841690	CPU_4	1.38	0	15.27	0	70.83	12.50	0	0	0	0
1421386777684163153	CPU_4	7.93	0	19.04	0	73.01	0	0	0	0	0
1421386778391565088	CPU_4	1.38	0	29.16	0	69.44	0	0	0	0	0
1421386779067986296	CPU_4	13.63	0	37.87	0	48.48	0	0	0	0	0
1421386779787112999	CPU_4	16.21	0	36.48	0	47.29	0	0	0	0	0
1421386780423248750	CPU_4	6.45	0	22.58	0	69.35	0	1.61	0	0	0
1421386781071963308	CPU_4	10.76	0	40.00	0	49.23	0	0	0	0	0
1421386781792221217	CPU_4	12.85	0	42.85	0	44.28	0	0	0	0	0
1421386782507526302	CPU_4	11.42	0	41.42	0	47.14	0	0	0	0	0
1421386783219984393	CPU_4	17.64	0	36.76	0	45.58	0	0	0	0	0
1421386783874778022	CPU_4	1.51	0	21.21	0	77.27	0	0	0	0	0
1421386784509963317	CPU_4	1.58	0	22.22	0	74.60	0	1.58	0	0	0
1421386785218686292	CPU_4	18.18	0	34.84	0	46.96	0	0	0	0	0
1421386785912728130	CPU_4	17.14	0	37.14	0	45.71	0	0	0	0	0
1421386786620024107	CPU_4	12.50	0	31.94	0	55.55	0	0	0	0	0
1421386787247757960	CPU_4	1.61	0	16.12	0	82.25	0	0	0	0	0
1421386787879850386	CPU_4	8.06	0	25.80	0	66.12	0	0	0	0	0
1421386788607940528	CPU_4	11.26	0	38.02	0	49.29	0	1.40	0	0	0
1421386789323584530	CPU_4	7.24	0	46.37	0	46.37	0	0	0	0	0
1421386790046081476	CPU_4	16.21	0	41.89	0	41.89	0	0	0	0	0
1421386790760938271	CPU_4	15.06	0	42.46	0	42.46	0	0	0	0	0
1421386791447600541	CPU_4	5.79	0	21.73	0	72.46	0	0	0	0	0
1421386792163645584	CPU_4	13.69	0	43.83	0	42.46	0	0	0	0	0
1421386792885638239	CPU_4	12.67	0	38.02	0	47.88	0	1.40	0	0	0
1421386793616012627	CPU_4	17.14	0	37.14	0	45.71	0	0	0	0	0
1421386794337919824	CPU_4	12.16	0	44.59	0	41.89	1.35	0	0	0	0
1421386795062652015	CPU_4	22.53	0	30.98	0	46.47	0	0	0	0	0
1421386795784333629	CPU_4	11.11	0	43.05	0	44.44	1.38	0	0	0	0
1421386796501044962	CPU_4	11.26	0	40.84	0	46.47	0	1.40	0	0	0
1421386797226364194	CPU_4	17.14	0	35.71	0	45.71	1.42	0	0	0	0
1421386797939274493	CPU_4	8.33	0	44.44	0	47.22	0	0	0	0	0
1421386798668975549	CPU_4	9.58	0	41.09	0	49.31	0	0	0	0	0
1421386799347288046	CPU_4	7.46	0	37.31	0	53.73	1.49	0	0	0	0
1421386800051787863	CPU_4	16.21	0	35.13	0	47.29	0	1.35	0	0	0
1421386800779003924	CPU_4	11.42	0	34.28	0	52.85	1.42	0	0	0	0
1421386801465056654	CPU_4	12.69	0	38.09	0	49.20	0	0	0	0	0
1421386802181907529	CPU_4	8.21	0	42.46	0	47.94	1.36	0	0	0	0
1421386802898478404	CPU_4	15.06	0	38.35	0	46.57	0	0	0	0	0
1421386803600684018	CPU_4	1.47	0	22.05	0	75.00	0	1.47	0	0	0
1421386805887226440	CPU_4	2.60	0	10.86	3.04	83.04	.43	0	0	0	0
1421386806605997728	CPU_4	10.14	0	39.13	0	50.72	0	0	0	0	0
1421386807319543943	CPU_4	22.53	0	32.39	0	43.66	1.40	0	0	0	0
1421386808004183510	CPU_4	12.69	0	33.33	0	53.96	0	0	0	0	0
1421386808726139874	CPU_4	18.05	0	33.33	0	48.61	0	0	0	0	0
1421386809452767103	CPU_4	26.66	0	28.00	0	42.66	1.33	1.33	0	0	0
1421386810167198233	CPU_4	17.56	0	39.18	0	43.24	0	0	0	0	0
1421386810845148023	CPU_4	4.41	0	23.52	0	70.58	1.47	0	0	0	0
1421386811562710188	CPU_4	11.42	0	42.85	0	45.71	0	0	0	0	0
1421386812281495559	CPU_4	17.33	0	40.00	0	41.33	1.33	0	0	0	0
1421386812999955347	CPU_4	14.66	0	41.33	0	42.66	0	1.33	0	0	0
1421386813718241177	CPU_4	21.12	0	28.16	0	50.70	0	0	0	0	0
1421386814355538510	CPU_4	4.61	0	15.38	0	78.46	1.53	0	0	0	0
1421386814990276890	CPU_4	1.58	0	25.39	0	73.01	0	0	0	0	0
1421386815705749393	CPU_4	10.14	0	39.13	0	50.72	0	0	0	0	0
1421386816333128497	CPU_4	1.58	0	17.46	0	80.95	0	0	0	0	0
1421386816974498113	CPU_4	6.06	0	22.72	0	69.69	1.51	0	0	0	0
1421386817675497563	CPU_4	11.76	0	13.23	0	73.52	0	1.47	0	0	0
1421386818350160443	CPU_4	9.37	0	40.62	0	50.00	0	0	0	0	0
1421386819080761998	CPU_4	17.33	0	38.66	0	42.66	1.33	0	0	0	0
1421386819792347176	CPU_4	19.17	0	38.35	0	42.46	0	0	0	0	0
1421386820510910381	CPU_4	15.78	0	42.10	0	40.78	1.31	0	0	0	0
1421386821224228763	CPU_4	21.12	0	32.39	0	45.07	0	1.40	0	0	0
1421386821945865378	CPU_4	14.66	0	42.66	0	42.66	0	0	0	0	0
1421386822661812006	CPU_4	14.28	0	40.00	0	44.28	1.42	0	0	0	0
1421386823379284921	CPU_4	22.53	0	33.80	0	43.66	0	0	0	0	0
1421386824102927157	CPU_4	13.51	0	41.89	0	43.24	1.35	0	0	0	0
1421386824823258442	CPU_4	16.66	0	37.50	0	44.44	0	1.38	0	0	0
1421386825531532460	CPU_4	1.38	0	26.38	0	70.83	1.38	0	0	0	0
1421386826233268742	CPU_4	7.14	0	47.14	1.42	44.28	0	0	0	0	0
1421386826942818883	CPU_4	18.30	0	36.61	0	45.07	0	0	0	0	0
1421386827656832597	CPU_4	16.43	0	36.98	0	45.20	1.36	0	0	0	0
1421386828294841138	CPU_4	1.53	0	26.15	0	72.30	0	0	0	0	0
1421386828945944817	CPU_4	1.53	0	15.38	0	81.53	0	1.53	0	0	0
1421386829582397653	CPU_4	3.22	0	17.74	0	79.03	0	0	0	0	0
1421386830308557634	CPU_4	13.23	0	38.23	0	47.05	1.47	0	0	0	0
1421386831000135979	CPU_4	14.70	0	38.23	0	47.05	0	0	0	0	0
1421386831716241731	CPU_4	7.14	0	32.85	0	58.57	1.42	0	0	0	0
1421386832344546542	CPU_4	4.68	0	15.62	0	79.68	0	0	0	0	0
1421386832972234895	CPU_4	0	0	17.74	0	82.25	0	0	0	0	0
1421386833609038647	CPU_4	10.60	0	34.84	0	53.03	0	1.51	0	0	0
1421386834333045049	CPU_4	24.32	0	31.08	0	43.24	1.35	0	0	0	0
1421386835046476432	CPU_4	15.49	0	40.84	0	43.66	0	0	0	0	0
1421386835764732638	CPU_4	12.50	0	41.66	0	44.44	1.38	0	0	0	0
1421386836489686872	CPU_4	13.33	0	44.00	0	42.66	0	0	0	0	0
1421386837198130348	CPU_4	5.55	0	34.72	0	58.33	0	1.38	0	0	0
1421386837826561076	CPU_4	1.56	0	17.18	0	79.68	1.56	0	0	0	0
1421386838466683487	CPU_4	6.55	0	26.22	0	67.21	0	0	0	0	0
1421386839182731031	CPU_4	21.12	0	33.80	0	45.07	0	0	0	0	0
1421386839898140077	CPU_4	10.14	0	44.92	0	43.47	1.44	0	0	0	0
1421386840612771124	CPU_4	17.14	0	35.71	0	47.14	0	0	0	0	0
1421386841289759166	CPU_4	5.88	0	16.17	0	76.47	0	1.47	0	0	0
1421386842018584100	CPU_4	13.04	0	39.13	0	46.37	1.44	0	0	0	0
1421386842741018340	CPU_4	20.27	0	36.48	0	43.24	0	0	0	0	0
1421386843471283188	CPU_4	22.97	0	31.08	0	44.59	1.35	0	0	0	0
1421386844164869279	CPU_4	26.38	0	27.77	0	45.83	0	0	0	0	0
1421386844800123075	CPU_4	4.76	0	20.63	0	74.60	0	0	0	0	0
1421386845435082748	CPU_4	0	0	15.87	0	80.95	1.58	1.58	0	0	0
1421386846575907404	CPU_4	7.69	0	22.22	3.41	66.66	0	0	0	0	0
1421386847223430591	CPU_4	4.68	0	15.62	0	79.68	0	0	0	0	0
1421386847860753759	CPU_4	3.17	0	19.04	0	77.77	0	0	0	0	0
1421386848577331302	CPU_4	15.06	0	39.72	0	43.83	1.36	0	0	0	0
1421386849222815536	CPU_4	1.66	0	18.33	0	80.00	0	0	0	0	0
1421386849939915953	CPU_4	13.88	0	41.66	0	43.05	1.38	0	0	0	0
1421386850660485822	CPU_4	13.69	0	41.09	0	43.83	0	1.36	0	0	0
1421386851382280562	CPU_4	16.66	0	40.27	0	43.05	0	0	0	0	0
1421386852065492009	CPU_4	2.94	0	20.58	0	75.00	1.47	0	0	0	0
1421386852786320460	CPU_4	15.71	0	38.57	0	45.71	0	0	0	0	0
1421386853501938881	CPU_4	25.33	0	32.00	0	41.33	1.33	0	0	0	0
1421386854221593751	CPU_4	18.91	0	36.48	0	43.24	0	1.35	0	0	0
1421386854930227520	CPU_4	21.91	0	31.50	0	46.57	0	0	0	0	0
1421386855615766128	CPU_4	22.05	0	23.52	5.88	47.05	1.47	0	0	0	0
1421386856334395834	CPU_4	8.21	0	27.39	0	64.38	0	0	0	0	0
1421386856960100193	CPU_4	3.22	0	14.51	0	82.25	0	0	0	0	0
1421386857586784841	CPU_4	9.67	0	33.87	0	54.83	1.61	0	0	0	0
1421386858220539474	CPU_4	6.34	0	15.87	0	76.19	0	1.58	0	0	0
1421386858936893102	CPU_4	13.69	0	42.46	0	43.83	0	0	0	0	0
1421386859651440691	CPU_4	12.67	0	40.84	0	45.07	1.40	0	0	0	0
1421386860333776598	CPU_4	7.24	0	17.39	0	75.36	0	0	0	0	0
1421386861591743511	CPU_4	5.55	0	20.63	0	73.80	0	0	0	0	0
1421386862298309284	CPU_4	12.85	0	24.28	0	61.42	1.42	0	0	0	0
1421386862925677764	CPU_4	1.58	0	15.87	0	80.95	0	1.58	0	0	0
1421386863561315727	CPU_4	12.69	0	25.39	0	61.90	0	0	0	0	0
1421386864273239989	CPU_4	14.28	0	34.28	0	50.00	1.42	0	0	0	0
1421386864908094079	CPU_4	1.66	0	18.33	0	80.00	0	0	0	0	0
1421386865622336877	CPU_4	12.16	0	40.54	1.35	45.94	0	0	0	0	0
1421386866340913750	CPU_4	10.95	0	45.20	0	42.46	1.36	0	0	0	0
1421386866978067585	CPU_4	4.68	0	15.62	0	78.12	0	1.56	0	0	0
1421386867606139398	CPU_4	0	0	20.31	0	79.68	0	0	0	0	0
1421386868307023599	CPU_4	17.14	0	38.57	0	44.28	0	0	0	0	0
1421386869020136984	CPU_4	0	0	28.76	0	69.86	1.36	0	0	0	0
1421386869656566529	CPU_4	14.51	0	30.64	0	54.83	0	0	0	0	0
1421386870384732174	CPU_4	24.65	0	32.87	0	42.46	0	0	0	0	0
1421386871091474488	CPU_4	12.85	0	22.85	0	61.42	1.42	1.42	0	0	0
1421386871754512061	CPU_4	11.94	0	25.37	0	62.68	0	0	0	0	0
1421386872428368694	CPU_4	20.58	0	17.64	0	60.29	1.47	0	0	0	0
1421386873077223380	CPU_4	9.37	0	21.87	0	68.75	0	0	0	0	0
1421386873733682258	CPU_4	10.93	0	20.31	0	68.75	0	0	0	0	0
1421386874408474681	CPU_4	28.98	0	28.98	0	40.57	1.44	0	0	0	0
1421386875230218798	CPU_4	49.38	0	28.39	0	20.98	0	1.23	0	0	0
1421386876032875912	CPU_4	46.91	0	29.62	0	22.22	1.23	0	0	0	0
1421386876854953444	CPU_4	56.79	0	22.22	0	19.75	1.23	0	0	0	0
1421386877679029930	CPU_4	49.38	0	29.62	0	20.98	0	0	0	0	0
1421386878472777314	CPU_4	51.25	0	23.75	0	22.50	1.25	1.25	0	0	0
1421386879291434645	CPU_4	56.09	0	23.17	0	20.73	0	0	0	0	0
1421386880103074365	CPU_4	27.84	0	26.58	0	44.30	1.26	0	0	0	0
1421386880781528489	CPU_4	23.18	0	26.08	0	50.72	0	0	0	0	0
1421386881588512803	CPU_4	50.60	0	26.50	0	20.48	1.20	1.20	0	0	0
1421386882390603752	CPU_4	45.78	0	24.09	0	28.91	1.20	0	0	0	0
1421386883047671838	CPU_4	10.93	0	20.31	0	68.75	0	0	0	0	0
1421386883711277618	CPU_4	13.43	0	23.88	0	62.68	0	0	0	0	0
1421386884382031258	CPU_4	38.57	0	28.57	0	31.42	1.42	0	0	0	0
1421386885208810448	CPU_4	56.79	0	20.98	0	20.98	0	1.23	0	0	0
1421386886023869911	CPU_4	51.80	0	26.50	0	20.48	1.20	0	0	0	0
1421386886693190971	CPU_4	20.89	0	17.91	0	61.19	0	0	0	0	0
1421386887404490027	CPU_4	45.71	0	28.57	0	24.28	1.42	0	0	0	0
1421386888212010882	CPU_4	50.61	0	28.39	0	20.98	0	0	0	0	0
1421386889044544101	CPU_4	49.38	0	27.16	0	20.98	1.23	1.23	0	0	0
1421386889871937164	CPU_4	50.00	0	26.82	0	21.95	1.21	0	0	0	0
1421386890706560171	CPU_4	50.00	0	29.26	0	20.73	0	0	0	0	0
1421386891519953471	CPU_4	46.34	0	31.70	0	20.73	1.21	0	0	0	0
1421386892321324131	CPU_4	43.37	0	33.73	0	20.48	1.20	1.20	0	0	0
1421386893160277753	CPU_4	52.43	0	26.82	0	20.73	0	0	0	0	0
1421386893978949210	CPU_4	45.78	0	32.53	0	20.48	1.20	0	0	0	0
1421386894795615129	CPU_4	52.43	0	28.04	0	19.51	0	0	0	0	0
1421386895619612824	CPU_4	32.53	0	16.86	0	48.19	1.20	1.20	0	0	0
1421386896277989991	CPU_4	12.30	0	21.53	0	66.15	0	0	0	0	0
1421386896946587844	CPU_4	15.94	0	26.08	0	56.52	1.44	0	0	0	0
1421386897780185353	CPU_4	50.60	0	27.71	0	21.68	0	0	0	0	0
1421386898607689667	CPU_4	51.19	0	28.57	0	19.04	1.19	0	0	0	0
1421386899417452434	CPU_4	49.38	0	28.39	0	20.98	0	1.23	0	0	0
1421386900248910364	CPU_4	60.97	0	36.58	0	1.21	1.21	0	0	0	0
1421386901083830662	CPU_4	65.06	0	32.53	0	1.20	1.20	0	0	0	0
1421386901908432898	CPU_4	67.46	0	28.91	0	2.40	0	1.20	0	0	0
1421386902751560762	CPU_4	68.23	0	29.41	0	1.17	1.17	0	0	0	0
1421386903589836095	CPU_4	67.07	0	30.48	0	2.43	0	0	0	0	0
1421386904432442960	CPU_4	66.27	0	30.23	0	1.16	1.16	1.16	0	0	0
1421386905273836328	CPU_4	65.85	0	34.14	0	0	0	0	0	0	0
1421386906032620577	CPU_4	60.25	0	35.89	0	2.56	1.28	0	0	0	0
1421386906868842664	CPU_4	67.07	0	31.70	0	0	0	1.21	0	0	0
1421386907697795891	CPU_4	67.85	0	30.95	0	0	1.19	0	0	0	0
1421386908535002685	CPU_4	63.09	0	25.00	0	11.90	0	0	0	0	0
1421386909308839735	CPU_4	62.33	0	35.06	0	1.29	1.29	0	0	0	0
1421386910133842513	CPU_4	64.19	0	33.33	0	1.23	0	1.23	0	0	0
1421386910963849779	CPU_4	60.71	0	33.33	0	4.76	1.19	0	0	0	0
1421386911794562253	CPU_4	67.07	0	32.92	0	0	0	0	0	0	0
1421386912642545233	CPU_4	70.93	0	25.58	0	1.16	1.16	1.16	0	0	0
1421386913493748080	CPU_4	67.85	0	29.76	0	1.19	1.19	0	0	0	0
1421386914323816472	CPU_4	67.46	0	30.12	0	2.40	0	0	0	0	0
1421386915147998293	CPU_4	66.66	0	30.95	0	0	1.19	1.19	0	0	0
1421386915978873058	CPU_4	69.51	0	28.04	0	2.43	0	0	0	0	0
1421386916814028440	CPU_4	67.46	0	30.12	0	1.20	1.20	0	0	0	0
1421386917639956840	CPU_4	51.80	0	21.68	0	25.30	0	1.20	0	0	0
1421386918265627868	CPU_4	1.58	0	17.46	0	80.95	0	0	0	0	0
1421386918918772171	CPU_4	44.61	0	35.38	0	18.46	1.53	0	0	0	0
1421386919752675388	CPU_4	69.87	0	27.71	0	2.40	0	0	0	0	0
1421386920593669591	CPU_4	75.00	0	23.80	0	0	1.19	0	0	0	0
1421386921413683629	CPU_4	93.90	0	4.87	0	0	0	1.21	0	0	0
1421386922238675032	CPU_4	93.90	0	6.09	0	0	0	0	0	0	0
1421386923068729799	CPU_4	92.85	0	5.95	0	0	1.19	0	0	0	0
1421386923893699993	CPU_4	92.68	0	7.31	0	0	0	0	0	0	0
1421386924728650625	CPU_4	91.66	0	5.95	0	0	1.19	1.19	0	0	0
1421386925548644581	CPU_4	93.82	0	6.17	0	0	0	0	0	0	0
1421386926373623108	CPU_4	92.77	0	6.02	0	0	1.20	0	0	0	0
1421386927198660220	CPU_4	95.12	0	4.87	0	0	0	0	0	0	0
1421386928023696623	CPU_4	92.68	0	7.31	0	0	0	0	0	0	0
1421386928853845390	CPU_4	84.52	0	13.09	0	0	1.19	1.19	0	0	0
1421386929688918105	CPU_4	71.08	0	28.91	0	0	0	0	0	0	0
1421386930528760977	CPU_4	65.88	0	31.76	0	0	1.17	1.17	0	0	0
1421386931368715058	CPU_4	67.46	0	32.53	0	0	0	0	0	0	0
1421386932203783106	CPU_4	70.23	0	27.38	0	0	1.19	1.19	0	0	0
1421386933038755614	CPU_4	74.69	0	24.09	0	0	1.20	0	0	0	0
1421386933878827735	CPU_4	70.23	0	28.57	0	0	0	1.19	0	0	0
1421386934718812566	CPU_4	70.23	0	28.57	0	0	1.19	0	0	0	0
1421386935551516370	CPU_4	67.46	0	31.32	0	0	0	1.20	0	0	0
1421386936378777685	CPU_4	65.47	0	33.33	0	0	1.19	0	0	0	0
1421386937223788796	CPU_4	70.23	0	28.57	0	0	0	1.19	0	0	0
1421386938058815762	CPU_4	66.26	0	32.53	0	0	1.20	0	0	0	0
1421386938908839197	CPU_4	68.23	0	30.58	0	0	0	1.17	0	0	0
1421386939743715288	CPU_4	69.04	0	29.76	0	0	1.19	0	0	0	0
1421386940578825379	CPU_4	70.23	0	28.57	0	0	0	1.19	0	0	0
1421386941418801459	CPU_4	70.23	0	28.57	0	0	1.19	0	0	0	0
1421386942258827165	CPU_4	66.26	0	32.53	0	0	0	1.20	0	0	0
1421386943123833360	CPU_4	68.60	0	30.23	0	0	1.16	0	0	0	0
1421386943958758451	CPU_4	68.23	0	29.41	0	0	1.17	1.17	0	0	0
1421386944793770625	CPU_4	85.71	0	14.28	0	0	0	0	0	0	0
1421386945628736925	CPU_4	82.92	0	17.07	0	0	0	0	0	0	0
1421386946458828235	CPU_4	77.38	0	21.42	0	0	1.19	0	0	0	0
1421386947288783170	CPU_4	84.14	0	15.85	0	0	0	0	0	0	0
1421386948123788844	CPU_4	80.00	0	17.64	0	0	1.17	1.17	0	0	0
1421386948948777790	CPU_4	84.14	0	15.85	0	0	0	0	0	0	0
1421386949793774527	CPU_4	83.33	0	15.47	0	0	1.19	0	0	0	0
1421386950628766160	CPU_4	81.92	0	18.07	0	0	0	0	0	0	0
1421386951473802480	CPU_4	86.04	0	11.62	0	0	1.16	1.16	0	0	0
1421386952308759238	CPU_4	85.36	0	14.63	0	0	0	0	0	0	0
1421386953133763434	CPU_4	78.31	0	20.48	0	0	1.20	0	0	0	0
1421386953963755119	CPU_4	79.01	0	11.11	0	9.87	0	0	0	0	0
1421386954803767450	CPU_4	82.55	0	15.11	0	0	1.16	1.16	0	0	0
1421386955638749583	CPU_4	80.72	0	19.27	0	0	0	0	0	0	0
1421386956463779695	CPU_4	78.04	0	20.73	0	0	1.21	0	0	0	0
1421386957298751662	CPU_4	81.92	0	18.07	0	0	0	0	0	0	0
1421386958128789889	CPU_4	82.14	0	15.47	0	0	1.19	1.19	0	0	0
1421386958953919043	CPU_4	82.92	0	17.07	0	0	0	0	0	0	0
1421386959783866020	CPU_4	85.54	0	13.25	0	0	1.20	0	0	0	0
1421386960618796945	CPU_4	85.54	0	14.45	0	0	0	0	0	0	0
1421386961453781495	CPU_4	80.00	0	17.64	0	0	1.17	1.17	0	0	0
1421386962288781629	CPU_4	84.14	0	15.85	0	0	0	0	0	0	0
1421386963118818397	CPU_4	78.57	0	20.23	0	0	1.19	0	0	0	0
1421386963963842718	CPU_4	84.52	0	15.47	0	0	0	0	0	0	0
1421386964808730998	CPU_4	76.47	0	21.17	0	0	1.17	1.17	0	0	0
1421386965648778204	CPU_4	83.13	0	16.86	0	0	0	0	0	0	0
1421386966483760046	CPU_4	83.33	0	15.47	0	0	1.19	0	0	0	0
1421386967323896419	CPU_4	82.92	0	17.07	0	0	0	0	0	0	0
1421386967991526068	CPU_4	17.39	0	28.98	0	52.17	0	1.44	0	0	0
1421386968829819487	CPU_4	54.87	0	35.36	0	8.53	1.21	0	0	0	0
1421386969673285395	CPU_4	50.58	0	40.00	0	8.23	1.17	0	0	0	0
1421386970524503161	CPU_4	53.48	0	37.20	0	8.13	0	1.16	0	0	0
1421386971389861773	CPU_4	55.95	0	34.52	0	8.33	1.19	0	0	0	0
1421386972244448116	CPU_4	54.65	0	37.20	0	8.13	0	0	0	0	0
1421386973091626350	CPU_4	53.57	0	36.90	0	8.33	1.19	0	0	0	0
1421386973932069847	CPU_4	55.81	0	32.55	0	9.30	1.16	1.16	0	0	0
1421386974776654586	CPU_4	57.64	0	34.11	0	8.23	0	0	0	0	0
1421386975622638364	CPU_4	35.71	0	29.76	0	33.33	1.19	0	0	0	0
1421386976308734475	CPU_4	15.49	0	29.57	0	54.92	0	0	0	0	0
1421386976991530718	CPU_4	19.40	0	23.88	0	53.73	1.49	1.49	0	0	0
1421386977698928243	CPU_4	47.88	0	32.39	0	19.71	0	0	0	0	0
1421386978560206530	CPU_4	58.82	0	31.76	0	8.23	1.17	0	0	0	0
1421386979434320250	CPU_4	51.16	0	39.53	0	8.13	0	1.16	0	0	0
1421386980269640300	CPU_4	50.00	0	40.47	0	8.33	1.19	0	0	0	0
1421386981108507051	CPU_4	56.62	0	34.93	0	8.43	0	0	0	0	0
1421386981966966594	CPU_4	52.32	0	34.88	0	11.62	1.16	0	0	0	0
1421386982809787212	CPU_4	52.94	0	36.47	0	8.23	1.17	1.17	0	0	0
1421386983673641245	CPU_4	54.76	0	38.09	0	7.14	0	0	0	0	0
1421386984528956420	CPU_4	37.93	0	26.43	0	34.48	1.14	0	0	0	0
1421386985220748186	CPU_4	22.22	0	29.16	0	48.61	0	0	0	0	0
1421386986045500508	CPU_4	54.21	0	34.93	0	8.43	1.20	1.20	0	0	0
1421386986871880869	CPU_4	40.96	0	34.93	0	24.09	0	0	0	0	0
1421386987557050524	CPU_4	17.64	0	25.00	0	55.88	1.47	0	0	0	0
1421386988259371310	CPU_4	23.28	0	27.39	0	49.31	0	0	0	0	0
1421386988965764879	CPU_4	34.28	0	38.57	0	24.28	1.42	1.42	0	0	0
1421386989813434196	CPU_4	54.76	0	36.90	0	8.33	0	0	0	0	0
1421386990654472567	CPU_4	48.19	0	42.16	0	8.43	1.20	0	0	0	0
1421386991501594843	CPU_4	53.57	0	38.09	0	7.14	0	1.19	0	0	0
1421386992346838665	CPU_4	54.11	0	36.47	0	8.23	1.17	0	0	0	0
1421386993195268688	CPU_4	54.87	0	34.14	0	9.75	1.21	0	0	0	0
1421386994029493658	CPU_4	50.60	0	39.75	0	8.43	0	1.20	0	0	0
1421386994864990375	CPU_4	53.65	0	36.58	0	8.53	1.21	0	0	0	0
1421386995724135667	CPU_4	58.13	0	33.72	0	8.13	0	0	0	0	0
1421386996570920611	CPU_4	59.30	0	31.39	0	8.13	1.16	0	0	0	0
1421386997414569436	CPU_4	56.62	0	33.73	0	8.43	0	1.20	0	0	0
1421386998258973343	CPU_4	53.57	0	36.90	0	8.33	1.19	0	0	0	0
1421386999108962946	CPU_4	54.76	0	35.71	0	8.33	1.19	0	0	0	0
1421386999943825123	CPU_4	51.80	0	38.55	0	8.43	0	1.20	0	0	0
1421387000773707977	CPU_4	89.28	0	9.52	0	0	1.19	0	0	0	0
1421387001603729414	CPU_4	93.90	0	6.09	0	0	0	0	0	0	0
1421387002438729965	CPU_4	92.85	0	5.95	0	0	1.19	0	0	0	0
1421387003268725319	CPU_4	92.68	0	6.09	0	0	0	1.21	0	0	0
1421387004103738371	CPU_4	91.66	0	7.14	0	0	1.19	0	0	0	0
1421387004948771568	CPU_4	92.94	0	7.05	0	0	0	0	0	0	0
1421387005778713672	CPU_4	93.90	0	6.09	0	0	0	0	0	0	0
1421387006618697797	CPU_4	94.11	0	4.70	0	0	1.17	0	0	0	0
1421387007458744588	CPU_4	91.66	0	7.14	0	0	0	1.19	0	0	0
1421387008283703869	CPU_4	91.56	0	7.22	0	0	1.20	0	0	0	0
1421387009113715306	CPU_4	93.82	0	6.17	0	0	0	0	0	0	0
1421387009938689296	CPU_4	89.28	0	9.52	0	0	1.19	0	0	0	0
1421387010773713681	CPU_4	92.77	0	6.02	0	0	0	1.20	0	0	0
1421387011611327477	CPU_4	92.77	0	7.22	0	0	0	0	0	0	0
1421387012438755045	CPU_4	91.66	0	7.14	0	0	1.19	0	0	0	0
1421387013273783639	CPU_4	95.18	0	4.81	0	0	0	0	0	0	0
1421387014098756670	CPU_4	92.77	0	4.81	0	0	1.20	1.20	0	0	0
1421387014933714472	CPU_4	92.77	0	7.22	0	0	0	0	0	0	0
1421387015773716639	CPU_4	94.11	0	4.70	0	0	1.17	0	0	0	0
1421387016603742785	CPU_4	92.68	0	7.31	0	0	0	0	0	0	0
1421387017438762753	CPU_4	91.66	0	7.14	0	0	1.19	0	0	0	0
1421387018278710545	CPU_4	92.85	0	5.95	0	0	0	1.19	0	0	0
1421387019108772733	CPU_4	93.97	0	6.02	0	0	0	0	0	0	0
1421387019948777858	CPU_4	92.77	0	6.02	0	0	1.20	0	0	0	0
1421387020773747306	CPU_4	92.68	0	7.31	0	0	0	0	0	0	0
1421387021603746160	CPU_4	90.47	0	7.14	0	0	1.19	1.19	0	0	0
1421387022433728307	CPU_4	93.97	0	6.02	0	0	0	0	0	0	0
1421387023288701317	CPU_4	96.51	0	2.32	0	0	1.16	0	0	0	0
1421387024118824255	CPU_4	93.90	0	6.09	0	0	0	0	0	0	0
1421387024943743412	CPU_4	92.77	0	7.22	0	0	0	0	0	0	0
1421387025778743589	CPU_4	90.47	0	7.14	0	0	1.19	1.19	0	0	0
1421387026618727423	CPU_4	95.23	0	4.76	0	0	0	0	0	0	0
1421387027453778434	CPU_4	92.77	0	6.02	0	0	1.20	0	0	0	0
1421387028283704788	CPU_4	93.90	0	6.09	0	0	0	0	0	0	0
1421387029113738060	CPU_4	90.58	0	7.05	0	0	1.17	1.17	0	0	0
1421387029943695539	CPU_4	92.77	0	7.22	0	0	0	0	0	0	0
1421387030773740561	CPU_4	93.90	0	6.09	0	0	0	0	0	0	0
1421387031618727134	CPU_4	95.23	0	3.57	0	0	1.19	0	0	0	0
1421387032453728520	CPU_4	93.97	0	6.02	0	0	0	0	0	0	0
1421387033278759177	CPU_4	89.28	0	8.33	0	0	1.19	1.19	0	0	0
1421387034108749490	CPU_4	92.77	0	7.22	0	0	0	0	0	0	0
1421387034938787678	CPU_4	93.90	0	4.87	0	0	1.21	0	0	0	0
1421387035763717086	CPU_4	90.36	0	9.63	0	0	0	0	0	0	0
1421387036603753045	CPU_4	94.04	0	4.76	0	0	0	1.19	0	0	0
1421387037438758681	CPU_4	92.85	0	5.95	0	0	1.19	0	0	0	0
1421387038278752890	CPU_4	95.18	0	4.81	0	0	0	0	0	0	0
1421387039108756495	CPU_4	91.66	0	7.14	0	0	1.19	0	0	0	0
1421387039943705132	CPU_4	93.90	0	6.09	0	0	0	0	0	0	0
1421387040783744799	CPU_4	92.94	0	4.70	0	0	1.17	1.17	0	0	0
1421387041608690706	CPU_4	92.77	0	7.22	0	0	0	0	0	0	0
1421387042453755863	CPU_4	92.85	0	7.14	0	0	0	0	0	0	0
1421387043293689990	CPU_4	94.04	0	4.76	0	0	1.19	0	0	0	0
1421387044143720803	CPU_4	95.29	0	3.52	0	0	0	1.17	0	0	0
1421387044978735523	CPU_4	91.66	0	7.14	0	0	1.19	0	0	0	0
1421387045803695305	CPU_4	92.68	0	7.31	0	0	0	0	0	0	0
1421387046638738775	CPU_4	92.85	0	5.95	0	0	1.19	0	0	0	0
1421387047468725922	CPU_4	95.12	0	4.87	0	0	0	0	0	0	0
1421387048303725101	CPU_4	92.85	0	5.95	0	0	0	1.19	0	0	0
1421387049143780227	CPU_4	94.11	0	4.70	0	0	1.17	0	0	0	0
1421387049968761134	CPU_4	93.82	0	6.17	0	0	0	0	0	0	0
1421387050803716938	CPU_4	94.04	0	4.76	0	0	1.19	0	0	0	0
1421387051634388083	CPU_4	54.11	0	38.82	0	5.88	0	1.17	0	0	0
1421387052458257827	CPU_4	10.71	0	79.76	0	8.33	1.19	0	0	0	0
1421387053278069079	CPU_4	10.58	0	72.94	0	14.11	1.17	1.17	0	0	0
1421387054090589804	CPU_4	7.40	0	79.01	0	12.34	0	1.23	0	0	0
1421387054904471735	CPU_4	12.34	0	72.83	0	13.58	1.23	0	0	0	0
1421387055713306426	CPU_4	12.94	0	69.41	0	15.29	1.17	1.17	0	0	0
1421387056513423261	CPU_4	6.84	0	79.45	0	13.69	0	0	0	0	0
1421387057318598876	CPU_4	9.75	0	76.82	0	10.97	1.21	1.21	0	0	0
1421387058108024900	CPU_4	13.41	0	73.17	0	10.97	1.21	1.21	0	0	0
1421387058920154418	CPU_4	12.19	0	73.17	0	14.63	0	0	0	0	0
1421387059713164392	CPU_4	8.75	0	75.00	0	13.75	1.25	1.25	0	0	0
1421387060460581462	CPU_4	6.49	0	80.51	0	10.38	1.29	1.29	0	0	0
1421387061285729536	CPU_4	11.84	0	71.05	1.31	15.78	0	0	0	0	0
1421387062084989956	CPU_4	3.75	0	36.25	0	57.50	1.25	1.25	0	0	0
1421387062745051457	CPU_4	9.37	0	62.50	0	28.12	0	0	0	0	0
1421387063554598689	CPU_4	6.09	0	79.26	0	12.19	1.21	1.21	0	0	0
1421387064364942627	CPU_4	14.10	0	75.64	0	8.97	1.28	0	0	0	0
1421387065084881046	CPU_4	8.69	0	73.91	0	15.94	0	1.44	0	0	0
1421387065903527259	CPU_4	7.40	0	77.77	0	13.58	1.23	0	0	0	0
1421387066703936218	CPU_4	13.58	0	74.07	0	9.87	1.23	1.23	0	0	0
1421387067513691658	CPU_4	6.17	0	64.19	0	28.39	0	1.23	0	0	0
1421387068174594199	CPU_4	5.88	0	44.11	0	48.52	1.47	0	0	0	0
1421387068925366845	CPU_4	12.32	0	73.97	0	13.69	0	0	0	0	0
1421387069684664307	CPU_4	14.66	0	73.33	0	9.33	1.33	1.33	0	0	0
1421387070499615528	CPU_4	10.38	0	72.72	0	14.28	1.29	1.29	0	0	0
1421387071314304624	CPU_4	10.00	0	75.00	0	15.00	0	0	0	0	0
1421387072080426780	CPU_4	14.66	0	74.66	0	8.00	1.33	1.33	0	0	0
1421387072817847704	CPU_4	9.85	0	78.87	0	9.85	1.40	0	0	0	0
1421387073635255461	CPU_4	12.65	0	70.88	0	15.18	0	1.26	0	0	0
1421387074435530588	CPU_4	8.97	0	73.07	0	15.38	1.28	1.28	0	0	0
1421387075244413738	CPU_4	11.11	0	79.01	0	8.64	1.23	0	0	0	0
1421387076044556115	CPU_4	8.97	0	75.64	0	14.10	0	1.28	0	0	0
1421387076855466053	CPU_4	11.25	0	78.75	0	8.75	1.25	0	0	0	0
1421387077669770317	CPU_4	14.63	0	74.39	0	8.53	1.21	1.21	0	0	0
1421387078478859258	CPU_4	9.87	0	74.07	0	14.81	0	1.23	0	0	0
1421387079286948786	CPU_4	14.10	0	69.23	0	15.38	1.28	0	0	0	0
1421387080099803178	CPU_4	12.19	0	64.63	0	20.73	1.21	1.21	0	0	0
1421387080913378819	CPU_4	12.85	0	77.14	1.42	8.57	0	0	0	0	0
1421387081673259654	CPU_4	9.72	0	76.38	0	11.11	1.38	1.38	0	0	0
1421387082410229996	CPU_4	11.26	0	71.83	0	15.49	0	1.40	0	0	0
1421387083220396561	CPU_4	15.18	0	73.41	0	10.12	1.26	0	0	0	0
1421387084034039743	CPU_4	9.75	0	74.39	0	13.41	1.21	1.21	0	0	0
1421387084823251893	CPU_4	15.58	0	72.72	0	11.68	0	0	0	0	0
1421387085557725032	CPU_4	15.58	0	71.42	0	10.38	1.29	1.29	0	0	0
1421387086359691322	CPU_4	8.00	0	77.33	0	12.00	1.33	1.33	0	0	0
1421387087179944616	CPU_4	12.82	0	78.20	0	8.97	0	0	0	0	0
1421387087999403078	CPU_4	12.65	0	75.94	0	8.86	1.26	1.26	0	0	0
1421387088809380810	CPU_4	10.25	0	73.07	0	14.10	1.28	1.28	0	0	0
1421387089617912794	CPU_4	9.75	0	76.82	0	12.19	0	1.21	0	0	0
1421387090426294613	CPU_4	10.12	0	67.08	0	21.51	1.26	0	0	0	0
1421387091244726119	CPU_4	6.32	0	77.21	0	15.18	1.26	0	0	0	0
1421387092059927507	CPU_4	9.63	0	75.90	0	13.25	0	1.20	0	0	0
1421387092879649093	CPU_4	13.41	0	76.82	0	7.31	1.21	1.21	0	0	0
1421387093698117349	CPU_4	8.53	0	75.60	0	13.41	1.21	1.21	0	0	0
1421387094514591735	CPU_4	14.10	0	71.79	0	14.10	0	0	0	0	0
1421387095324238634	CPU_4	14.28	0	75.32	0	9.09	1.29	0	0	0	0
1421387096080268520	CPU_4	10.52	0	77.63	0	9.21	1.31	1.31	0	0	0
1421387096880219898	CPU_4	12.34	0	72.83	0	13.58	0	1.23	0	0	0
1421387097680431234	CPU_4	17.50	0	72.50	0	8.75	1.25	0	0	0	0
1421387098483653272	CPU_4	9.75	0	73.17	0	14.63	1.21	1.21	0	0	0
1421387099242577027	CPU_4	12.32	0	76.71	1.36	9.58	0	0	0	0	0
1421387100008844683	CPU_4	12.32	0	69.86	0	15.06	1.36	1.36	0	0	0
1421387100813105802	CPU_4	8.33	0	75.00	0	13.88	1.38	1.38	0	0	0
1421387101629710896	CPU_4	8.75	0	76.25	0	15.00	0	0	0	0	0
1421387102439495170	CPU_4	8.97	0	74.35	0	14.10	1.28	1.28	0	0	0
1421387103246226868	CPU_4	9.87	0	77.77	0	11.11	1.23	0	0	0	0
1421387104027862034	CPU_4	10.38	0	74.02	0	14.28	0	1.29	0	0	0
1421387104832234861	CPU_4	12.00	0	72.00	0	13.33	1.33	1.33	0	0	0
1421387105631238992	CPU_4	12.32	0	76.71	0	9.58	1.36	0	0	0	0
1421387106425130258	CPU_4	11.11	0	71.60	0	16.04	0	1.23	0	0	0
1421387107232804411	CPU_4	10.00	0	75.00	0	13.75	1.25	0	0	0	0
1421387108048702507	CPU_4	15.18	0	73.41	0	8.86	1.26	1.26	0	0	0
1421387108867690846	CPU_4	14.81	0	67.90	0	16.04	0	1.23	0	0	0
1421387109683526316	CPU_4	14.63	0	71.95	0	12.19	1.21	0	0	0	0
1421387110445740481	CPU_4	7.79	0	80.51	0	9.09	1.29	1.29	0	0	0
1421387111200254121	CPU_4	14.28	0	68.57	0	17.14	0	0	0	0	0
1421387112010166770	CPU_4	10.25	0	74.35	0	12.82	1.28	1.28	0	0	0
1421387112826750864	CPU_4	10.00	0	78.75	0	8.75	1.25	1.25	0	0	0
1421387113646757701	CPU_4	11.53	0	71.79	0	16.66	0	0	0	0	0
1421387114398458222	CPU_4	15.78	0	73.68	0	7.89	1.31	1.31	0	0	0
1421387115156455729	CPU_4	12.98	0	76.62	0	10.38	0	0	0	0	0
1421387115958120813	CPU_4	9.33	0	74.66	0	13.33	1.33	1.33	0	0	0
1421387116780172895	CPU_4	13.09	0	75.00	0	9.52	1.19	1.19	0	0	0
1421387117524007474	CPU_4	18.18	0	71.21	0	10.60	0	0	0	0	0
1421387118326727639	CPU_4	13.41	0	71.95	0	12.19	1.21	1.21	0	0	0
1421387119115304749	CPU_4	11.68	0	70.12	0	15.58	1.29	1.29	0	0	0
1421387119920198368	CPU_4	14.28	0	72.72	0	12.98	0	0	0	0	0
1421387120734348217	CPU_4	10.66	0	73.33	0	13.33	1.33	1.33	0	0	0
1421387121553654889	CPU_4	20.51	0	66.66	0	11.53	1.28	0	0	0	0
1421387122369208110	CPU_4	6.57	0	77.63	0	14.47	0	1.31	0	0	0
1421387123178281179	CPU_4	11.90	0	77.38	0	8.33	1.19	1.19	0	0	0
1421387123998395516	CPU_4	6.17	0	77.77	0	14.81	1.23	0	0	0	0
1421387124794150195	CPU_4	11.11	0	75.30	0	12.34	0	1.23	0	0	0
1421387125606039758	CPU_4	13.09	0	76.19	0	9.52	1.19	0	0	0	0
1421387126419531358	CPU_4	11.11	0	74.07	0	12.34	1.23	1.23	0	0	0
1421387127224810351	CPU_4	12.50	0	72.50	0	13.75	0	1.25	0	0	0
1421387128040433698	CPU_4	17.28	0	72.83	0	8.64	1.23	0	0	0	0
1421387128796593376	CPU_4	11.53	0	74.35	0	11.53	1.28	1.28	0	0	0
1421387129558465293	CPU_4	10.25	0	74.35	0	14.10	0	1.28	0	0	0
1421387130365139616	CPU_4	11.53	0	79.48	0	7.69	1.28	0	0	0	0
1421387131171899523	CPU_4	8.97	0	71.79	1.28	15.38	1.28	1.28	0	0	0
1421387131987905036	CPU_4	5.33	0	78.66	0	16.00	0	0	0	0	0
1421387132748967287	CPU_4	10.38	0	77.92	0	9.09	1.29	1.29	0	0	0
1421387133565741965	CPU_4	8.43	0	78.31	0	10.84	1.20	1.20	0	0	0
1421387134370931250	CPU_4	8.75	0	72.50	0	15.00	0	3.75	0	0	0
1421387135184194102	CPU_4	11.25	0	73.75	0	13.75	1.25	0	0	0	0
1421387135997381620	CPU_4	13.75	0	77.50	0	7.50	1.25	0	0	0	0
1421387136777662624	CPU_4	14.47	0	75.00	0	10.52	0	0	0	0	0
1421387137593536470	CPU_4	11.11	0	71.60	0	16.04	1.23	0	0	0	0
1421387138393929099	CPU_4	9.75	0	79.26	0	9.75	1.21	0	0	0	0
1421387139160034007	CPU_4	10.00	0	78.57	0	10.00	0	1.42	0	0	0
1421387139878347722	CPU_4	15.94	0	72.46	0	10.14	1.44	0	0	0	0
1421387140653023946	CPU_4	7.50	0	70.00	0	16.25	5.00	1.25	0	0	0
1421387141460278852	CPU_4	10.12	0	75.94	0	12.65	0	1.26	0	0	0
1421387142269627254	CPU_4	11.39	0	73.41	0	15.18	0	0	0	0	0
1421387143069471925	CPU_4	11.39	0	78.48	0	8.86	0	1.26	0	0	0
1421387143819952824	CPU_4	12.00	0	80.00	0	8.00	0	0	0	0	0
1421387144552521594	CPU_4	8.33	0	75.00	0	15.27	0	1.38	0	0	0
1421387145368850148	CPU_4	6.66	0	81.33	0	10.66	0	1.33	0	0	0
1421387146179389339	CPU_4	10.38	0	71.42	0	14.28	1.29	2.59	0	0	0
1421387147000485841	CPU_4	13.41	0	78.04	0	7.31	1.21	0	0	0	0
1421387147798211893	CPU_4	10.00	0	81.25	0	8.75	0	0	0	0	0
1421387148605090841	CPU_4	8.86	0	78.48	0	11.39	1.26	0	0	0	0
1421387149414392660	CPU_4	12.50	0	69.31	0	14.77	1.13	2.27	0	0	0
1421387150224774060	CPU_4	11.90	0	77.38	0	10.71	0	0	0	0	0
1421387151039463992	CPU_4	10.97	0	71.95	1.21	14.63	1.21	0	0	0	0
1421387151858431999	CPU_4	10.38	0	72.72	0	14.28	1.29	1.29	0	0	0
1421387152651605268	CPU_4	14.47	0	71.05	0	14.47	0	0	0	0	0
1421387153473698561	CPU_4	14.47	0	69.73	0	13.15	1.31	1.31	0	0	0
1421387154262337756	CPU_4	13.15	0	73.68	0	11.84	1.31	0	0	0	0
1421387154995998940	CPU_4	16.21	0	72.97	0	9.45	0	1.35	0	0	0
1421387155800648560	CPU_4	9.09	0	80.51	0	7.79	1.29	1.29	0	0	0
1421387156563364685	CPU_4	12.82	0	76.92	0	8.97	1.28	0	0	0	0
1421387157382477775	CPU_4	51.85	0	46.91	0	0	0	1.23	0	0	0
1421387158213789090	CPU_4	59.52	0	30.95	0	8.33	1.19	0	0	0	0
1421387159047583775	CPU_4	69.87	0	28.91	0	0	0	1.20	0	0	0
1421387159872949602	CPU_4	67.85	0	30.95	0	0	1.19	0	0	0	0
1421387160647931492	CPU_4	64.93	0	32.46	0	1.29	0	1.29	0	0	0
1421387161487397707	CPU_4	71.42	0	26.19	0	1.19	1.19	0	0	0	0
1421387162307444212	CPU_4	66.26	0	25.30	0	7.22	0	1.20	0	0	0
1421387163136875156	CPU_4	71.08	0	27.71	0	0	1.20	0	0	0	0
1421387163978950033	CPU_4	69.87	0	28.91	0	0	0	1.20	0	0	0
1421387164802205240	CPU_4	67.46	0	25.30	0	6.02	1.20	0	0	0	0
1421387165627557192	CPU_4	72.28	0	26.50	0	0	0	1.20	0	0	0
1421387166442370417	CPU_4	65.43	0	24.69	0	8.64	1.23	0	0	0	0
1421387167282393464	CPU_4	67.46	0	30.12	0	1.20	0	1.20	0	0	0
1421387168122526053	CPU_4	72.94	0	25.88	0	0	1.17	0	0	0	0
1421387168942297434	CPU_4	68.29	0	30.48	0	0	0	1.21	0	0	0
1421387169777523491	CPU_4	69.51	0	29.26	0	0	1.21	0	0	0	0
1421387170612483590	CPU_4	69.87	0	28.91	0	0	0	1.20	0	0	0
1421387171391884972	CPU_4	66.25	0	31.25	0	1.25	1.25	0	0	0	0
1421387172224181119	CPU_4	71.95	0	26.82	0	0	0	1.21	0	0	0
1421387173007340034	CPU_4	69.62	0	27.84	0	1.26	1.26	0	0	0	0
1421387173843800964	CPU_4	72.61	0	25.00	0	1.19	0	1.19	0	0	0
1421387174666489547	CPU_4	69.87	0	28.91	0	0	1.20	0	0	0	0
1421387175367787675	CPU_4	13.88	0	38.88	0	45.83	1.38	0	0	0	0
1421387176064054021	CPU_4	11.76	0	36.76	0	50.00	0	1.47	0	0	0
1421387176760920907	CPU_4	13.69	0	39.72	0	45.20	1.36	0	0	0	0
1421387177464780904	CPU_4	13.23	0	38.23	0	48.52	0	0	0	0	0
1421387178161644582	CPU_4	12.67	0	39.43	0	46.47	1.40	0	0	0	0
1421387178856997097	CPU_4	11.26	0	42.25	0	45.07	1.40	0	0	0	0
1421387179563178006	CPU_4	15.71	0	34.28	0	48.57	0	1.42	0	0	0
1421387180257148232	CPU_4	17.64	0	33.82	0	47.05	1.47	0	0	0	0
1421387180953743869	CPU_4	8.69	0	39.13	0	50.72	1.44	0	0	0	0
1421387181655860161	CPU_4	13.04	0	42.02	0	44.92	0	0	0	0	0
1421387182351702800	CPU_4	9.72	0	41.66	0	45.83	1.38	1.38	0	0	0
1421387183021937450	CPU_4	13.63	0	36.36	0	48.48	1.51	0	0	0	0
1421387183723576827	CPU_4	11.76	0	38.23	0	50.00	0	0	0	0	0
1421387184419876881	CPU_4	17.14	0	35.71	0	45.71	1.42	0	0	0	0
1421387185125225292	CPU_4	15.27	0	37.50	0	44.44	1.38	1.38	0	0	0
1421387185809319705	CPU_4	14.70	0	35.29	0	50.00	0	0	0	0	0
1421387186507767922	CPU_4	15.71	0	34.28	0	48.57	1.42	0	0	0	0
1421387187205317307	CPU_4	13.04	0	36.23	0	50.72	0	0	0	0	0
1421387187900296990	CPU_4	11.42	0	37.14	0	48.57	1.42	1.42	0	0	0
1421387188599988412	CPU_4	12.50	0	40.27	0	45.83	1.38	0	0	0	0
1421387189304941032	CPU_4	20.28	0	33.33	0	46.37	0	0	0	0	0
1421387190006336118	CPU_4	10.00	0	40.00	0	48.57	1.42	0	0	0	0
1421387190700772677	CPU_4	17.64	0	33.82	0	47.05	1.47	0	0	0	0
1421387191404766674	CPU_4	13.88	0	36.11	0	48.61	0	1.38	0	0	0
1421387192105592886	CPU_4	10.00	0	42.85	0	45.71	1.42	0	0	0	0
1421387192809246259	CPU_4	13.04	0	37.68	0	49.27	0	0	0	0	0
1421387193500164116	CPU_4	14.28	0	38.57	0	45.71	1.42	0	0	0	0
1421387194178363292	CPU_4	16.17	0	33.82	0	47.05	1.47	1.47	0	0	0
1421387194881669957	CPU_4	13.23	0	39.70	0	47.05	0	0	0	0	0
1421387195572141316	CPU_4	13.23	0	36.76	0	48.52	1.47	0	0	0	0
1421387196258832183	CPU_4	11.76	0	36.76	0	50.00	1.47	0	0	0	0
1421387196957456108	CPU_4	18.84	0	33.33	0	46.37	0	1.44	0	0	0
1421387197640392732	CPU_4	18.57	0	32.85	0	47.14	1.42	0	0	0	0
1421387198337575493	CPU_4	12.67	0	40.84	0	45.07	1.40	0	0	0	0
1421387199035419295	CPU_4	12.12	0	37.87	0	50.00	0	0	0	0	0
1421387199722091203	CPU_4	15.94	0	34.78	0	47.82	1.44	0	0	0	0
1421387200413859309	CPU_4	12.67	0	39.43	0	46.47	0	1.40	0	0	0
1421387201109292908	CPU_4	14.08	0	39.43	0	45.07	1.40	0	0	0	0
1421387201805197714	CPU_4	11.42	0	40.00	0	47.14	1.42	0	0	0	0
1421387202510574125	CPU_4	10.14	0	42.02	0	47.82	0	0	0	0	0
1421387203206946472	CPU_4	8.69	0	39.13	0	49.27	1.44	1.44	0	0	0
1421387203900844490	CPU_4	15.94	0	36.23	0	46.37	1.44	0	0	0	0
1421387204604072531	CPU_4	18.57	0	34.28	0	47.14	0	0	0	0	0
1421387205302938789	CPU_4	12.50	0	38.88	0	47.22	1.38	0	0	0	0
1421387205999675843	CPU_4	2.85	0	44.28	1.42	48.57	1.42	1.42	0	0	0
1421387206703166258	CPU_4	10.14	0	40.57	0	49.27	0	0	0	0	0
1421387207397120569	CPU_4	8.95	0	38.80	0	50.74	1.49	0	0	0	0
1421387208095950827	CPU_4	13.23	0	39.70	0	47.05	0	0	0	0	0
1421387208799148076	CPU_4	15.49	0	35.21	0	46.47	1.40	1.40	0	0	0
1421387209501097411	CPU_4	9.72	0	41.66	0	47.22	1.38	0	0	0	0
1421387210199599087	CPU_4	13.04	0	40.57	0	46.37	0	0	0	0	0
1421387210897906346	CPU_4	14.08	0	36.61	0	47.88	1.40	0	0	0	0
1421387211592848113	CPU_4	11.11	0	41.66	0	44.44	1.38	1.38	0	0	0
1421387212299986937	CPU_4	11.76	0	41.17	0	47.05	0	0	0	0	0
1421387212977438240	CPU_4	10.14	0	40.57	0	47.82	1.44	0	0	0	0
1421387213677839662	CPU_4	11.42	0	38.57	0	48.57	1.42	0	0	0	0
1421387214381897951	CPU_4	14.70	0	38.23	0	47.05	0	0	0	0	0
1421387215081471458	CPU_4	15.71	0	34.28	0	47.14	1.42	1.42	0	0	0
1421387215752238234	CPU_4	16.66	0	33.33	0	48.48	1.51	0	0	0	0
1421387216456181648	CPU_4	11.42	0	38.57	0	50.00	0	0	0	0	0
1421387217154676616	CPU_4	11.94	0	37.31	0	49.25	1.49	0	0	0	0
1421387217863484854	CPU_4	12.67	0	36.61	0	49.29	0	1.40	0	0	0
1421387218557804455	CPU_4	15.49	0	38.02	0	45.07	1.40	0	0	0	0
1421387219254146385	CPU_4	20.89	0	29.85	0	47.76	1.49	0	0	0	0
1421387219949703151	CPU_4	9.72	0	43.05	0	47.22	0	0	0	0	0
1421387220647731328	CPU_4	18.30	0	33.80	0	45.07	1.40	1.40	0	0	0
1421387221350065663	CPU_4	14.49	0	40.57	0	43.47	1.44	0	0	0	0
1421387222054856284	CPU_4	15.94	0	37.68	0	46.37	0	0	0	0	0
1421387222746440724	CPU_4	15.94	0	34.78	0	47.82	1.44	0	0	0	0
1421387223434236298	CPU_4	10.00	0	41.42	0	45.71	1.42	1.42	0	0	0
1421387224123485826	CPU_4	11.11	0	43.05	0	45.83	0	0	0	0	0
1421387224822373002	CPU_4	16.90	0	36.61	0	45.07	1.40	0	0	0	0
1421387225525700335	CPU_4	10.00	0	41.42	0	48.57	0	0	0	0	0
1421387226215477154	CPU_4	14.28	0	35.71	0	47.14	1.42	1.42	0	0	0
1421387226902957936	CPU_4	14.28	0	38.57	0	45.71	1.42	0	0	0	0
1421387227587713891	CPU_4	13.23	0	38.23	0	48.52	0	0	0	0	0
1421387228288046064	CPU_4	12.85	0	35.71	0	50.00	1.42	0	0	0	0
1421387228987033572	CPU_4	17.14	0	35.71	0	45.71	1.42	0	0	0	0
1421387229691427611	CPU_4	15.27	0	36.11	0	47.22	0	1.38	0	0	0
1421387230384904673	CPU_4	14.49	0	37.68	0	46.37	1.44	0	0	0	0
1421387231084108765	CPU_4	11.76	0	39.70	0	47.05	1.47	0	0	0	0
1421387231774522958	CPU_4	10.00	0	42.85	0	47.14	0	0	0	0	0
1421387232471451762	CPU_4	12.85	0	38.57	0	45.71	1.42	1.42	0	0	0
1421387233170042689	CPU_4	13.23	0	36.76	0	48.52	1.47	0	0	0	0
1421387233874242145	CPU_4	18.84	0	34.78	0	46.37	0	0	0	0	0
1421387234573384778	CPU_4	17.14	0	34.28	0	47.14	1.42	0	0	0	0
1421387235280241062	CPU_4	14.28	0	37.14	0	45.71	1.42	1.42	0	0	0
1421387235972634002	CPU_4	15.06	0	36.98	1.36	46.57	0	0	0	0	0
1421387236673020382	CPU_4	11.26	0	38.02	0	49.29	1.40	0	0	0	0
1421387237376340257	CPU_4	20.58	0	29.41	0	50.00	0	0	0	0	0
1421387238074376851	CPU_4	11.76	0	39.70	0	47.05	1.47	0	0	0	0
1421387238767288581	CPU_4	11.42	0	40.00	0	45.71	1.42	1.42	0	0	0
1421387239443099638	CPU_4	14.70	0	38.23	0	47.05	0	0	0	0	0
1421387240142924979	CPU_4	15.71	0	32.85	0	50.00	1.42	0	0	0	0
1421387240842402903	CPU_4	12.50	0	38.88	0	47.22	1.38	0	0	0	0
1421387241546468902	CPU_4	11.26	0	42.25	0	45.07	0	1.40	0	0	0
1421387242242821416	CPU_4	14.92	0	35.82	0	47.76	1.49	0	0	0	0
1421387242942337883	CPU_4	11.94	0	37.31	0	50.74	0	0	0	0	0
1421387243639749478	CPU_4	7.14	0	42.85	0	48.57	1.42	0	0	0	0
1421387244335133786	CPU_4	18.05	0	34.72	0	44.44	1.38	1.38	0	0	0
1421387245041001406	CPU_4	14.08	0	40.84	0	45.07	0	0	0	0	0
1421387245738256086	CPU_4	15.71	0	34.28	0	48.57	1.42	0	0	0	0
1421387246437487511	CPU_4	11.11	0	43.05	0	44.44	1.38	0	0	0	0
1421387247146032542	CPU_4	13.69	0	36.98	0	47.94	0	1.36	0	0	0
1421387247844932676	CPU_4	14.70	0	35.29	0	48.52	1.47	0	0	0	0
1421387248543024896	CPU_4	11.42	0	40.00	0	47.14	1.42	0	0	0	0
1421387249240371491	CPU_4	11.42	0	40.00	0	48.57	0	0	0	0	0
1421387249933614513	CPU_4	8.45	0	43.66	0	45.07	1.40	1.40	0	0	0
1421387250636378972	CPU_4	17.14	0	35.71	0	45.71	1.42	0	0	0	0
1421387251332877903	CPU_4	13.04	0	36.23	0	50.72	0	0	0	0	0
1421387252030304041	CPU_4	16.17	0	35.29	0	47.05	1.47	0	0	0	0
1421387252736031203	CPU_4	13.04	0	37.68	0	49.27	0	0	0	0	0
1421387253434754630	CPU_4	11.42	0	40.00	0	45.71	1.42	1.42	0	0	0
1421387254105071365	CPU_4	16.41	0	34.32	0	47.76	1.49	0	0	0	0
1421387254807183743	CPU_4	12.85	0	41.42	0	45.71	0	0	0	0	0
1421387255480038515	CPU_4	11.26	0	40.84	0	46.47	1.40	0	0	0	0
1421387256183409390	CPU_4	12.85	0	35.71	0	48.57	1.42	1.42	0	0	0
1421387256886809682	CPU_4	8.57	0	45.71	0	45.71	0	0	0	0	0
1421387257554869964	CPU_4	10.29	0	38.23	0	50.00	1.47	0	0	0	0
1421387258278759172	CPU_4	14.28	0	35.71	0	48.57	1.42	0	0	0	0
1421387258974145355	CPU_4	18.57	0	32.85	0	47.14	0	1.42	0	0	0
1421387259672022575	CPU_4	13.04	0	33.33	0	49.27	4.34	0	0	0	0
1421387260378258778	CPU_4	16.66	0	38.88	0	44.44	0	0	0	0	0
1421387261077349829	CPU_4	12.67	0	39.43	1.40	46.47	0	0	0	0	0
1421387261766295776	CPU_4	13.04	0	37.68	0	47.82	0	1.44	0	0	0
1421387262472209813	CPU_4	14.28	0	37.14	0	48.57	0	0	0	0	0
1421387263170127033	CPU_4	11.42	0	38.57	0	48.57	1.42	0	0	0	0
1421387263870054416	CPU_4	15.94	0	34.78	0	47.82	1.44	0	0	0	0
1421387264577242825	CPU_4	15.94	0	34.78	0	49.27	0	0	0	0	0
1421387265270878346	CPU_4	8.69	0	42.02	0	46.37	1.44	1.44	0	0	0
1421387265954043930	CPU_4	14.49	0	37.68	0	46.37	1.44	0	0	0	0
1421387266656564599	CPU_4	8.69	0	42.02	0	49.27	0	0	0	0	0
1421387267350625786	CPU_4	10.14	0	40.57	0	47.82	1.44	0	0	0	0
1421387268050767043	CPU_4	8.33	0	44.44	0	45.83	0	1.38	0	0	0
1421387268751356258	CPU_4	14.49	0	34.78	0	49.27	1.44	0	0	0	0
1421387269451583140	CPU_4	15.71	0	35.71	0	47.14	1.42	0	0	0	0
1421387270161626711	CPU_4	21.12	0	33.80	0	45.07	0	0	0	0	0
1421387270859480181	CPU_4	8.69	0	40.57	0	47.82	1.44	1.44	0	0	0
1421387271557878026	CPU_4	14.28	0	37.14	0	47.14	1.42	0	0	0	0
1421387272259162947	CPU_4	12.50	0	43.05	0	44.44	0	0	0	0	0
1421387272942528073	CPU_4	10.29	0	39.70	0	48.52	1.47	0	0	0	0
1421387273648075819	CPU_4	7.24	0	39.13	0	50.72	1.44	1.44	0	0	0
1421387274348229868	CPU_4	11.42	0	42.85	0	45.71	0	0	0	0	0
1421387275047771794	CPU_4	11.42	0	37.14	0	50.00	1.42	0	0	0	0
1421387275751990918	CPU_4	14.49	0	34.78	0	49.27	1.44	0	0	0	0
1421387276443332194	CPU_4	12.85	0	40.00	0	45.71	0	1.42	0	0	0
1421387277142744578	CPU_4	11.42	0	38.57	0	48.57	1.42	0	0	0	0
1421387277851830442	CPU_4	15.71	0	35.71	0	48.57	0	0	0	0	0
1421387278548996373	CPU_4	14.49	0	37.68	0	46.37	1.44	0	0	0	0
1421387279256118908	CPU_4	15.71	0	32.85	0	50.00	1.42	0	0	0	0
1421387279955114834	CPU_4	12.85	0	40.00	0	45.71	0	1.42	0	0	0
1421387280652023599	CPU_4	17.14	0	35.71	0	45.71	1.42	0	0	0	0
1421387281360036299	CPU_4	10.00	0	40.00	0	48.57	1.42	0	0	0	0
1421387282056028565	CPU_4	13.04	0	40.57	0	46.37	0	0	0	0	0
1421387282750674792	CPU_4	10.00	0	40.00	0	47.14	1.42	1.42	0	0	0
1421387283446938017	CPU_4	16.41	0	34.32	0	47.76	1.49	0	0	0	0
1421387284134209051	CPU_4	15.94	0	34.78	0	49.27	0	0	0	0	0
1421387284830151193	CPU_4	17.64	0	32.35	0	48.52	1.47	0	0	0	0
1421387285539761806	CPU_4	8.57	0	42.85	0	47.14	0	1.42	0	0	0
1421387286216584071	CPU_4	14.49	0	36.23	1.44	46.37	1.44	0	0	0	0
1421387286923333898	CPU_4	16.66	0	36.11	0	45.83	1.38	0	0	0	0
1421387287594833965	CPU_4	20.89	0	31.34	0	47.76	0	0	0	0	0
1421387288295533764	CPU_4	8.45	0	39.43	0	49.29	1.40	1.40	0	0	0
1421387289001977592	CPU_4	19.71	0	33.80	0	45.07	1.40	0	0	0	0
1421387289685024052	CPU_4	11.76	0	41.17	0	47.05	0	0	0	0	0
1421387290384446062	CPU_4	14.28	0	38.57	0	45.71	1.42	0	0	0	0
1421387291095543797	CPU_4	11.26	0	40.84	0	46.47	1.40	0	0	0	0
1421387291767473280	CPU_4	13.63	0	36.36	0	48.48	0	1.51	0	0	0
1421387292468629369	CPU_4	14.08	0	38.02	0	46.47	1.40	0	0	0	0
1421387293179420356	CPU_4	5.88	0	44.11	0	50.00	0	0	0	0	0
1421387293878819198	CPU_4	7.14	0	42.85	0	48.57	1.42	0	0	0	0
1421387294579821455	CPU_4	15.27	0	36.11	0	45.83	1.38	1.38	0	0	0
1421387295287565906	CPU_4	14.08	0	38.02	0	47.88	0	0	0	0	0
1421387295984662128	CPU_4	11.59	0	37.68	0	49.27	1.44	0	0	0	0
1421387296697020445	CPU_4	10.00	0	41.42	0	47.14	1.42	0	0	0	0
1421387297399413365	CPU_4	15.71	0	34.28	0	48.57	0	1.42	0	0	0
1421387298097367586	CPU_4	8.57	0	42.85	0	47.14	1.42	0	0	0	0
1421387298803145999	CPU_4	16.90	0	35.21	0	46.47	1.40	0	0	0	0
1421387299499658057	CPU_4	8.82	0	41.17	0	50.00	0	0	0	0	0
1421387300198595901	CPU_4	18.30	0	33.80	0	45.07	1.40	1.40	0	0	0
1421387300908023640	CPU_4	15.27	0	37.50	1.38	44.44	1.38	0	0	0	0
1421387301604889905	CPU_4	11.11	0	37.50	0	47.22	0	4.16	0	0	0
1421387302306782493	CPU_4	18.05	0	34.72	0	45.83	1.38	0	0	0	0
1421387303006004337	CPU_4	13.04	0	40.57	0	46.37	0	0	0	0	0
1421387303697434030	CPU_4	11.76	0	38.23	0	48.52	1.47	0	0	0	0
1421387304412111092	CPU_4	14.08	0	35.21	0	49.29	1.40	0	0	0	0
1421387305107489193	CPU_4	12.85	0	41.42	0	45.71	0	0	0	0	0
1421387305783260627	CPU_4	10.60	0	39.39	0	48.48	1.51	0	0	0	0
1421387306490712412	CPU_4	15.71	0	32.85	0	50.00	1.42	0	0	0	0
1421387307194487330	CPU_4	13.23	0	39.70	0	47.05	0	0	0	0	0
1421387307899179746	CPU_4	10.14	0	39.13	0	49.27	1.44	0	0	0	0
1421387308610073399	CPU_4	14.08	0	36.61	0	47.88	1.40	0	0	0	0
1421387309311809320	CPU_4	18.84	0	33.33	0	47.82	0	0	0	0	0
1421387309997243609	CPU_4	17.14	0	35.71	0	45.71	1.42	0	0	0	0
1421387310698528491	CPU_4	13.04	0	39.13	0	46.37	1.44	0	0	0	0
1421387311399564123	CPU_4	13.23	0	39.70	0	47.05	0	0	0	0	0
1421387312107613656	CPU_4	9.58	0	39.72	0	47.94	1.36	1.36	0	0	0
1421387312809938911	CPU_4	13.23	0	38.23	0	48.52	0	0	0	0	0
1421387313506756968	CPU_4	16.17	0	35.29	0	47.05	1.47	0	0	0	0
1421387314209990304	CPU_4	17.14	0	35.71	0	45.71	1.42	0	0	0	0
1421387314912316308	CPU_4	10.95	0	39.72	0	47.94	0	1.36	0	0	0
1421387315621957630	CPU_4	12.50	0	38.88	0	47.22	1.38	0	0	0	0
1421387316317205899	CPU_4	14.70	0	35.29	0	48.52	1.47	0	0	0	0
1421387317014980496	CPU_4	14.70	0	35.29	0	50.00	0	0	0	0	0
1421387317726956064	CPU_4	20.00	0	32.85	0	45.71	1.42	0	0	0	0
1421387318429848525	CPU_4	16.90	0	33.80	0	46.47	1.40	1.40	0	0	0
1421387319130117200	CPU_4	10.29	0	38.23	0	51.47	0	0	0	0	0
1421387319840599480	CPU_4	17.39	0	34.78	0	46.37	1.44	0	0	0	0
1421387320534311002	CPU_4	13.23	0	36.76	0	50.00	0	0	0	0	0
1421387321244112491	CPU_4	12.50	0	38.88	0	45.83	1.38	1.38	0	0	0
1421387321937586222	CPU_4	18.57	0	34.28	0	45.71	1.42	0	0	0	0
1421387322632586991	CPU_4	10.00	0	41.42	0	48.57	0	0	0	0	0
1421387323341955481	CPU_4	8.69	0	42.02	0	47.82	1.44	0	0	0	0
1421387324037016709	CPU_4	13.88	0	37.50	0	45.83	1.38	1.38	0	0	0
1421387324737420926	CPU_4	10.44	0	38.80	0	50.74	0	0	0	0	0
1421387325445939001	CPU_4	13.04	0	39.13	0	46.37	1.44	0	0	0	0
1421387326118639692	CPU_4	11.76	0	36.76	1.47	48.52	1.47	0	0	0	0
1421387326825404687	CPU_4	10.00	0	40.00	0	48.57	0	1.42	0	0	0
1421387327530139687	CPU_4	12.67	0	38.02	0	47.88	1.40	0	0	0	0
1421387328227706368	CPU_4	14.28	0	38.57	0	45.71	1.42	0	0	0	0
1421387328935909444	CPU_4	8.57	0	42.85	0	48.57	0	0	0	0	0
1421387329636451744	CPU_4	15.06	0	36.98	0	45.20	1.36	1.36	0	0	0
1421387330337209877	CPU_4	11.59	0	42.02	0	46.37	0	0	0	0	0
1421387331040660171	CPU_4	10.00	0	38.57	0	50.00	1.42	0	0	0	0
1421387331744921088	CPU_4	10.00	0	42.85	0	45.71	1.42	0	0	0	0
1421387332454158745	CPU_4	11.26	0	40.84	0	47.88	0	0	0	0	0
1421387333161544489	CPU_4	15.49	0	36.61	0	45.07	1.40	1.40	0	0	0
1421387333855873511	CPU_4	12.67	0	39.43	0	46.47	1.40	0	0	0	0
1421387334561907341	CPU_4	18.84	0	34.78	0	46.37	0	0	0	0	0
1421387335262479016	CPU_4	14.08	0	35.21	0	49.29	1.40	0	0	0	0
1421387335969066846	CPU_4	9.85	0	39.43	0	47.88	1.40	1.40	0	0	0
1421387336673141097	CPU_4	13.04	0	40.57	0	46.37	0	0	0	0	0
1421387337359942217	CPU_4	10.60	0	37.87	0	50.00	1.51	0	0	0	0
1421387338058843437	CPU_4	9.45	0	41.89	0	47.29	1.35	0	0	0	0
1421387338774463581	CPU_4	15.71	0	37.14	0	45.71	0	1.42	0	0	0
1421387339475436256	CPU_4	14.28	0	34.28	0	50.00	1.42	0	0	0	0
1421387340187630032	CPU_4	15.27	0	37.50	0	45.83	1.38	0	0	0	0
1421387340883795633	CPU_4	13.04	0	40.57	0	46.37	0	0	0	0	0
1421387341585249473	CPU_4	10.81	0	40.54	0	45.94	1.35	1.35	0	0	0
1421387342288366352	CPU_4	11.59	0	40.57	0	46.37	1.44	0	0	0	0
1421387342994972348	CPU_4	14.08	0	38.02	0	47.88	0	0	0	0	0
1421387343694729275	CPU_4	14.08	0	35.21	0	49.29	1.40	0	0	0	0
1421387344405664095	CPU_4	16.17	0	35.29	0	47.05	0	1.47	0	0	0
1421387345110705845	CPU_4	15.94	0	31.88	0	50.72	1.44	0	0	0	0
1421387345819301795	CPU_4	12.85	0	40.00	0	45.71	1.42	0	0	0	0
1421387346486992580	CPU_4	14.92	0	35.82	0	49.25	0	0	0	0	0
1421387347194903991	CPU_4	15.71	0	35.71	0	47.14	1.42	0	0	0	0
1421387347903813441	CPU_4	16.90	0	35.21	0	45.07	1.40	1.40	0	0	0
1421387348577202714	CPU_4	12.85	0	40.00	0	47.14	0	0	0	0	0
1421387349275081270	CPU_4	11.59	0	39.13	0	47.82	1.44	0	0	0	0
1421387349986175549	CPU_4	12.50	0	40.27	0	45.83	1.38	0	0	0	0
1421387350686788766	CPU_4	12.67	0	40.84	0	45.07	0	1.40	0	0	0
1421387351388611689	CPU_4	14.08	0	36.61	0	47.88	1.40	0	0	0	0
1421387352094358770	CPU_4	18.84	0	34.78	0	46.37	0	0	0	0	0
1421387352798259147	CPU_4	13.88	0	40.27	0	44.44	1.38	0	0	0	0
1421387353507391222	CPU_4	14.08	0	33.80	0	49.29	1.40	1.40	0	0	0
1421387354212194264	CPU_4	17.39	0	34.78	0	47.82	0	0	0	0	0
1421387354910026362	CPU_4	13.23	0	38.23	0	47.05	1.47	0	0	0	0
1421387355621555973	CPU_4	12.85	0	35.71	0	50.00	1.42	0	0	0	0
1421387356324982143	CPU_4	10.00	0	38.57	0	50.00	0	1.42	0	0	0
1421387357033163220	CPU_4	16.90	0	36.61	0	45.07	1.40	0	0	0	0
1421387357739731008	CPU_4	14.70	0	33.82	0	50.00	1.47	0	0	0	0
1421387358447432627	CPU_4	15.49	0	35.21	0	49.29	0	0	0	0	0
1421387359161394484	CPU_4	12.50	0	38.88	0	45.83	1.38	1.38	0	0	0
1421387359864606988	CPU_4	14.08	0	36.61	0	47.88	1.40	0	0	0	0
1421387360568598323	CPU_4	15.94	0	36.23	0	47.82	0	0	0	0	0
1421387361273688490	CPU_4	11.42	0	40.00	0	47.14	1.42	0	0	0	0
1421387361983152730	CPU_4	13.04	0	37.68	0	47.82	1.44	0	0	0	0
1421387362687863606	CPU_4	14.70	0	36.76	0	47.05	0	1.47	0	0	0
1421387363389168322	CPU_4	8.57	0	41.42	0	48.57	1.42	0	0	0	0
1421387364097652607	CPU_4	5.71	0	47.14	0	45.71	1.42	0	0	0	0
1421387364809816342	CPU_4	12.85	0	40.00	0	47.14	0	0	0	0	0
1421387365510590851	CPU_4	14.28	0	34.28	0	48.57	1.42	1.42	0	0	0
1421387366213713730	CPU_4	12.85	0	35.71	1.42	50.00	0	0	0	0	0
1421387366920394060	CPU_4	11.59	0	37.68	0	49.27	1.44	0	0	0	0
1421387367626263892	CPU_4	20.28	0	31.88	0	46.37	1.44	0	0	0	0
1421387368306579318	CPU_4	11.59	0	39.13	0	47.82	0	1.44	0	0	0
1421387369008739782	CPU_4	15.71	0	37.14	0	45.71	1.42	0	0	0	0
1421387369711517121	CPU_4	11.76	0	36.76	0	50.00	1.47	0	0	0	0
1421387370419768656	CPU_4	12.67	0	42.25	0	45.07	0	0	0	0	0
1421387371123694242	CPU_4	12.85	0	34.28	0	50.00	1.42	1.42	0	0	0
1421387371833771773	CPU_4	11.42	0	41.42	0	45.71	1.42	0	0	0	0
1421387372506898006	CPU_4	12.30	0	38.46	0	49.23	0	0	0	0	0
1421387373214776417	CPU_4	15.49	0	35.21	0	47.88	1.40	0	0	0	0
1421387373928428191	CPU_4	15.27	0	37.50	0	45.83	0	1.38	0	0	0
1421387374628628410	CPU_4	14.49	0	37.68	0	46.37	1.44	0	0	0	0
1421387375306196551	CPU_4	10.14	0	40.57	0	47.82	1.44	0	0	0	0
1421387376012597006	CPU_4	12.67	0	39.43	0	47.88	0	0	0	0	0
1421387376715340553	CPU_4	11.59	0	36.23	0	50.72	1.44	0	0	0	0
1421387377417780934	CPU_4	12.85	0	37.14	0	47.14	1.42	1.42	0	0	0
1421387378139300400	CPU_4	21.73	0	30.43	0	47.82	0	0	0	0	0
1421387378839876410	CPU_4	15.49	0	38.02	0	45.07	1.40	0	0	0	0
1421387379532164729	CPU_4	11.26	0	40.84	0	46.47	1.40	0	0	0	0
1421387380239329183	CPU_4	15.27	0	37.50	0	45.83	0	1.38	0	0	0
1421387380943792685	CPU_4	15.27	0	34.72	1.38	47.22	1.38	0	0	0	0
1421387381654688298	CPU_4	14.28	0	38.57	0	45.71	1.42	0	0	0	0
1421387382352146939	CPU_4	14.08	0	36.61	0	49.29	0	0	0	0	0
1421387383057231565	CPU_4	10.14	0	40.57	0	46.37	1.44	1.44	0	0	0
1421387383734161748	CPU_4	16.66	0	34.84	0	48.48	0	0	0	0	0
1421387384435410465	CPU_4	12.50	0	40.27	0	45.83	1.38	0	0	0	0
1421387385135055269	CPU_4	16.90	0	33.80	0	47.88	1.40	0	0	0	0
1421387385837919149	CPU_4	12.50	0	38.88	0	47.22	0	1.38	0	0	0
1421387386537222870	CPU_4	14.49	0	36.23	0	47.82	1.44	0	0	0	0
1421387387223605242	CPU_4	8.69	0	43.47	0	46.37	1.44	0	0	0	0
1421387387923744003	CPU_4	8.57	0	42.85	0	48.57	0	0	0	0	0
1421387388640162689	CPU_4	20.27	0	35.13	0	41.89	1.35	1.35	0	0	0
1421387389357234331	CPU_4	16.90	0	33.80	0	47.88	1.40	0	0	0	0
1421387390065544575	CPU_4	22.38	0	31.34	0	46.26	0	0	0	0	0
1421387390777492978	CPU_4	17.56	0	37.83	0	43.24	1.35	0	0	0	0
1421387391457232823	CPU_4	16.41	0	35.82	0	46.26	0	1.49	0	0	0
1421387392158033874	CPU_4	19.11	0	33.82	0	45.58	1.47	0	0	0	0
1421387392877564220	CPU_4	16.43	0	38.35	0	43.83	1.36	0	0	0	0
1421387393585681298	CPU_4	17.39	0	34.78	0	47.82	0	0	0	0	0
1421387394294561458	CPU_4	15.06	0	39.72	0	42.46	1.36	1.36	0	0	0
1421387394978951585	CPU_4	16.66	0	33.33	0	48.48	1.51	0	0	0	0
1421387395688433993	CPU_4	18.30	0	33.80	0	47.88	0	0	0	0	0
1421387396397126237	CPU_4	12.67	0	39.43	0	46.47	1.40	0	0	0	0
1421387397105085898	CPU_4	15.27	0	38.88	0	44.44	1.38	0	0	0	0
1421387397809612525	CPU_4	15.06	0	41.09	0	42.46	0	1.36	0	0	0
1421387398493585862	CPU_4	16.17	0	36.76	0	45.58	1.47	0	0	0	0
1421387399208753925	CPU_4	12.67	0	36.61	0	49.29	1.40	0	0	0	0
1421387399915421006	CPU_4	18.05	0	33.33	0	45.83	2.77	0	0	0	0
1421387400625422122	CPU_4	18.05	0	37.50	0	43.05	0	1.38	0	0	0
1421387401338402106	CPU_4	15.27	0	40.27	0	44.44	0	0	0	0	0
1421387402049191346	CPU_4	19.71	0	36.61	0	43.66	0	0	0	0	0
1421387402742055789	CPU_4	14.49	0	37.68	0	46.37	1.44	0	0	0	0
1421387403450718116	CPU_4	17.91	0	32.83	0	47.76	0	1.49	0	0	0
1421387404164000725	CPU_4	15.06	0	36.98	0	46.57	1.36	0	0	0	0
1421387404875059505	CPU_4	15.27	0	40.27	0	43.05	1.38	0	0	0	0
1421387405555010808	CPU_4	14.92	0	37.31	0	47.76	0	0	0	0	0
1421387406263769594	CPU_4	15.06	0	35.61	0	46.57	1.36	1.36	0	0	0
1421387406963007398	CPU_4	18.84	0	34.78	0	44.92	1.44	0	0	0	0
1421387407664544949	CPU_4	14.08	0	38.02	0	47.88	0	0	0	0	0
1421387408370352115	CPU_4	18.30	0	36.61	0	43.66	1.40	0	0	0	0
1421387409052908954	CPU_4	14.70	0	36.76	0	47.05	1.47	0	0	0	0
1421387409762941154	CPU_4	15.49	0	36.61	0	46.47	0	1.40	0	0	0
1421387410468856403	CPU_4	15.27	0	38.88	0	44.44	1.38	0	0	0	0
1421387411166881836	CPU_4	15.49	0	36.61	1.40	46.47	0	0	0	0	0
1421387411882026525	CPU_4	22.22	0	33.33	0	43.05	1.38	0	0	0	0
1421387412586817443	CPU_4	17.80	0	35.61	0	43.83	1.36	1.36	0	0	0
1421387413296190644	CPU_4	19.71	0	35.21	0	45.07	0	0	0	0	0
1421387413999096192	CPU_4	18.57	0	32.85	0	47.14	1.42	0	0	0	0
1421387414704065777	CPU_4	17.64	0	32.35	0	48.52	1.47	0	0	0	0
1421387415416277513	CPU_4	15.27	0	37.50	0	45.83	0	1.38	0	0	0
1421387416125526256	CPU_4	19.71	0	33.80	0	45.07	1.40	0	0	0	0
1421387416816683786	CPU_4	20.58	0	29.41	0	48.52	1.47	0	0	0	0
1421387417529265689	CPU_4	17.14	0	38.57	0	44.28	0	0	0	0	0
1421387418237344601	CPU_4	15.27	0	34.72	0	47.22	1.38	1.38	0	0	0
1421387418941817979	CPU_4	15.71	0	37.14	0	45.71	1.42	0	0	0	0
1421387419631529095	CPU_4	17.91	0	35.82	0	46.26	0	0	0	0	0
1421387420316389805	CPU_4	14.08	0	39.43	0	45.07	1.40	0	0	0	0
1421387421029288291	CPU_4	15.71	0	38.57	0	44.28	0	1.42	0	0	0
1421387421741160028	CPU_4	15.27	0	36.11	0	47.22	1.38	0	0	0	0
1421387422446813820	CPU_4	16.90	0	38.02	0	43.66	1.40	0	0	0	0
1421387423155259440	CPU_4	16.66	0	38.88	0	44.44	0	0	0	0	0
1421387423860148401	CPU_4	18.57	0	35.71	0	44.28	1.42	0	0	0	0
1421387424580350829	CPU_4	17.80	0	32.87	0	46.57	1.36	1.36	0	0	0
1421387425289136907	CPU_4	14.28	0	38.57	0	47.14	0	0	0	0	0
1421387425994561658	CPU_4	18.57	0	32.85	0	47.14	1.42	0	0	0	0
1421387426707227769	CPU_4	17.56	0	37.83	0	43.24	1.35	0	0	0	0
1421387427410340858	CPU_4	15.49	0	39.43	0	43.66	0	1.40	0	0	0
1421387428119855642	CPU_4	12.67	0	38.02	0	47.88	1.40	0	0	0	0
1421387428833224544	CPU_4	13.33	0	41.33	0	44.00	1.33	0	0	0	0
1421387429539862125	CPU_4	18.84	0	31.88	0	49.27	0	0	0	0	0
1421387430255240814	CPU_4	16.43	0	38.35	0	42.46	1.36	1.36	0	0	0
1421387430967468551	CPU_4	17.80	0	35.61	1.36	43.83	1.36	0	0	0	0
1421387431670369016	CPU_4	19.40	0	31.34	0	49.25	0	0	0	0	0
1421387432385176248	CPU_4	16.90	0	38.02	0	43.66	1.40	0	0	0	0
1421387433096794903	CPU_4	17.33	0	37.33	0	42.66	1.33	1.33	0	0	0
1421387433807837143	CPU_4	17.64	0	32.35	0	50.00	0	0	0	0	0
1421387434518096176	CPU_4	16.43	0	39.72	0	42.46	1.36	0	0	0	0
1421387435193848530	CPU_4	17.39	0	36.23	0	46.37	0	0	0	0	0
1421387435904909853	CPU_4	18.30	0	32.39	0	46.47	1.40	1.40	0	0	0
1421387436613191223	CPU_4	17.14	0	32.85	0	48.57	1.42	0	0	0	0
1421387437314216609	CPU_4	14.28	0	41.42	0	44.28	0	0	0	0	0
1421387438028976674	CPU_4	17.14	0	37.14	0	44.28	1.42	0	0	0	0
1421387438705015778	CPU_4	14.70	0	36.76	0	47.05	1.47	0	0	0	0
1421387439426501246	CPU_4	15.78	0	38.15	0	44.73	0	1.31	0	0	0
1421387440134566075	CPU_4	14.08	0	38.02	0	46.47	1.40	0	0	0	0
1421387440845578648	CPU_4	16.43	0	39.72	0	42.46	1.36	0	0	0	0
1421387441556826721	CPU_4	19.71	0	35.21	0	45.07	0	0	0	0	0
1421387442237048650	CPU_4	16.66	0	33.33	0	46.96	1.51	1.51	0	0	0
1421387442945871144	CPU_4	13.69	0	42.46	0	43.83	0	0	0	0	0
1421387443648692859	CPU_4	15.71	0	38.57	0	44.28	1.42	0	0	0	0
1421387444360457181	CPU_4	12.50	0	40.27	0	45.83	1.38	0	0	0	0
1421387445074300415	CPU_4	13.51	0	39.18	0	45.94	0	1.35	0	0	0
1421387445782184204	CPU_4	20.54	0	34.24	0	43.83	1.36	0	0	0	0
1421387446471124614	CPU_4	15.27	0	38.88	0	44.44	1.38	0	0	0	0
1421387447189908422	CPU_4	15.27	0	40.27	0	44.44	0	0	0	0	0
1421387447900446454	CPU_4	14.08	0	33.80	0	49.29	1.40	1.40	0	0	0
1421387448614903687	CPU_4	18.30	0	33.80	0	46.47	1.40	0	0	0	0
1421387449328109090	CPU_4	22.85	0	31.42	0	45.71	0	0	0	0	0
1421387450017713124	CPU_4	14.49	0	37.68	0	46.37	1.44	0	0	0	0
1421387450731228317	CPU_4	18.05	0	36.11	0	43.05	1.38	1.38	0	0	0
1421387451442181474	CPU_4	12.32	0	41.09	0	46.57	0	0	0	0	0
1421387452146252895	CPU_4	16.17	0	36.76	0	45.58	1.47	0	0	0	0
1421387452865248203	CPU_4	18.05	0	36.11	0	44.44	1.38	0	0	0	0
1421387453576998025	CPU_4	19.17	0	36.98	0	42.46	0	1.36	0	0	0
1421387454271186966	CPU_4	20.83	0	33.33	0	44.44	1.38	0	0	0	0
1421387454984456869	CPU_4	14.49	0	34.78	0	50.72	0	0	0	0	0
1421387455691769116	CPU_4	13.69	0	39.72	0	45.20	1.36	0	0	0	0
1421387456406534724	CPU_4	15.27	0	40.27	0	43.05	1.38	0	0	0	0
1421387457082374495	CPU_4	16.92	0	33.84	0	47.69	0	1.53	0	0	0
1421387457791764156	CPU_4	13.51	0	41.89	0	43.24	1.35	0	0	0	0
1421387458502102148	CPU_4	15.49	0	35.21	0	47.88	1.40	0	0	0	0
1421387459214153344	CPU_4	21.42	0	31.42	0	47.14	0	0	0	0	0
1421387459922240216	CPU_4	16.66	0	36.11	0	44.44	1.38	1.38	0	0	0
1421387460624974390	CPU_4	20.89	0	31.34	0	46.26	1.49	0	0	0	0
1421387461338185334	CPU_4	16.90	0	38.02	0	45.07	0	0	0	0	0
1421387462057567599	CPU_4	14.92	0	34.32	0	49.25	1.49	0	0	0	0
1421387462771574708	CPU_4	15.27	0	37.50	0	44.44	1.38	1.38	0	0	0
1421387463485189235	CPU_4	16.90	0	39.43	0	43.66	0	0	0	0	0
1421387464190571779	CPU_4	13.88	0	38.88	0	45.83	1.38	0	0	0	0
1421387464902241393	CPU_4	14.08	0	39.43	0	45.07	1.40	0	0	0	0
1421387465595617837	CPU_4	13.88	0	40.27	0	44.44	0	1.38	0	0	0
1421387466308525365	CPU_4	18.30	0	36.61	0	43.66	1.40	0	0	0	0
1421387467025390677	CPU_4	13.88	0	40.27	0	44.44	1.38	0	0	0	0
1421387467736017627	CPU_4	11.42	0	41.42	0	47.14	0	0	0	0	0
1421387468442440919	CPU_4	18.42	0	36.84	0	42.10	1.31	1.31	0	0	0
1421387469112313536	CPU_4	10.44	0	41.79	0	47.76	0	0	0	0	0
1421387469821640447	CPU_4	12.50	0	43.05	0	43.05	1.38	0	0	0	0
1421387470529596152	CPU_4	18.05	0	37.50	0	43.05	1.38	0	0	0	0
1421387471239551687	CPU_4	18.84	0	34.78	1.44	44.92	0	0	0	0	0
1421387471946632227	CPU_4	18.84	0	31.88	0	46.37	1.44	1.44	0	0	0
1421387472656959261	CPU_4	16.66	0	38.88	0	43.05	1.38	0	0	0	0
1421387473358224981	CPU_4	17.39	0	34.78	0	47.82	0	0	0	0	0
1421387474068872847	CPU_4	20.00	0	34.28	0	44.28	1.42	0	0	0	0
1421387474757031510	CPU_4	17.64	0	29.41	0	50.00	1.47	1.47	0	0	0
1421387475462961595	CPU_4	14.28	0	38.57	0	47.14	0	0	0	0	0
1421387476170947467	CPU_4	16.90	0	36.61	0	45.07	1.40	0	0	0	0
1421387476888236653	CPU_4	19.71	0	35.21	0	43.66	1.40	0	0	0	0
1421387477590392204	CPU_4	14.28	0	40.00	0	44.28	0	1.42	0	0	0
1421387478278752742	CPU_4	18.18	0	31.81	0	48.48	1.51	0	0	0	0
1421387478989488650	CPU_4	14.28	0	34.28	0	51.42	0	0	0	0	0
1421387479699725809	CPU_4	15.27	0	40.27	0	43.05	1.38	0	0	0	0
1421387480417525286	CPU_4	18.66	0	36.00	0	42.66	1.33	1.33	0	0	0
1421387481130026483	CPU_4	20.28	0	34.78	0	44.92	0	0	0	0	0
1421387481808729915	CPU_4	14.49	0	37.68	0	46.37	1.44	0	0	0	0
1421387482528791846	CPU_4	20.00	0	34.28	0	44.28	1.42	0	0	0	0
1421387483236207636	CPU_4	16.66	0	37.50	0	44.44	0	1.38	0	0	0
1421387483956867358	CPU_4	19.17	0	34.24	0	45.20	1.36	0	0	0	0
1421387484668025432	CPU_4	14.28	0	40.00	0	44.28	1.42	0	0	0	0
1421387485353082435	CPU_4	13.23	0	38.23	0	48.52	0	0	0	0	0
1421387486071242911	CPU_4	12.00	0	38.66	1.33	45.33	1.33	1.33	0	0	0
1421387486774808293	CPU_4	14.49	0	39.13	0	44.92	1.44	0	0	0	0
1421387487485704451	CPU_4	12.50	0	43.05	0	44.44	0	0	0	0	0
1421387488195432445	CPU_4	17.14	0	37.14	0	44.28	1.42	0	0	0	0
1421387488882949193	CPU_4	12.67	0	43.66	0	43.66	0	0	0	0	0
1421387489602606666	CPU_4	15.49	0	33.80	0	47.88	1.40	1.40	0	0	0
1421387490313889240	CPU_4	15.49	0	39.43	0	43.66	1.40	0	0	0	0
1421387491017205623	CPU_4	10.95	0	43.83	0	45.20	0	0	0	0	0
1421387491732287855	CPU_4	18.57	0	35.71	0	44.28	1.42	0	0	0	0
1421387492437245068	CPU_4	19.17	0	34.24	0	43.83	1.36	1.36	0	0	0
1421387493155421461	CPU_4	17.39	0	37.68	0	44.92	0	0	0	0	0
1421387493863799208	CPU_4	18.84	0	30.43	0	49.27	1.44	0	0	0	0
1421387494579305482	CPU_4	12.00	0	42.66	0	44.00	1.33	0	0	0	0
1421387495292944718	CPU_4	20.28	0	31.88	0	46.37	0	1.44	0	0	0
1421387495986007413	CPU_4	16.90	0	38.02	0	43.66	1.40	0	0	0	0
1421387496693919286	CPU_4	17.80	0	38.35	0	42.46	1.36	0	0	0	0
1421387497402482532	CPU_4	14.49	0	36.23	0	49.27	0	0	0	0	0
1421387498097829306	CPU_4	17.91	0	29.85	0	49.25	1.49	1.49	0	0	0
1421387498812409540	CPU_4	16.90	0	35.21	0	46.47	1.40	0	0	0	0
1421387499514945841	CPU_4	18.30	0	38.02	0	43.66	0	0	0	0	0
1421387500226980205	CPU_4	17.10	0	39.47	0	42.10	1.31	0	0	0	0
1421387500945114391	CPU_4	18.30	0	33.80	0	46.47	0	1.40	0	0	0
1421387501650658727	CPU_4	18.91	0	36.48	0	43.24	1.35	0	0	0	0
1421387502371723198	CPU_4	19.44	0	34.72	0	44.44	1.38	0	0	0	0
1421387503078035032	CPU_4	15.71	0	40.00	0	44.28	0	0	0	0	0
1421387503774915678	CPU_4	14.28	0	37.14	0	45.71	1.42	1.42	0	0	0
1421387504492741531	CPU_4	18.30	0	33.80	0	46.47	1.40	0	0	0	0
1421387505205596144	CPU_4	14.08	0	36.61	0	49.29	0	0	0	0	0
1421387505925121910	CPU_4	16.90	0	35.21	0	46.47	1.40	0	0	0	0
1421387506628785625	CPU_4	15.27	0	38.88	0	43.05	1.38	1.38	0	0	0
1421387507340149324	CPU_4	19.17	0	36.98	0	43.83	0	0	0	0	0
1421387508061342920	CPU_4	15.49	0	35.21	0	47.88	1.40	0	0	0	0
1421387508774188366	CPU_4	16.90	0	35.21	0	46.47	1.40	0	0	0	0
1421387509491703470	CPU_4	14.86	0	39.18	0	44.59	0	1.35	0	0	0
1421387510200054884	CPU_4	18.91	0	37.83	0	41.89	1.35	0	0	0	0
1421387510906382802	CPU_4	17.14	0	37.14	0	44.28	1.42	0	0	0	0
1421387511621520410	CPU_4	15.49	0	36.61	0	47.88	0	0	0	0	0
1421387512328549494	CPU_4	18.05	0	36.11	0	44.44	1.38	0	0	0	0
1421387513034044497	CPU_4	16.43	0	38.35	0	42.46	1.36	1.36	0	0	0
1421387513748320357	CPU_4	20.58	0	32.35	0	47.05	0	0	0	0	0
1421387514460027890	CPU_4	21.42	0	31.42	0	45.71	1.42	0	0	0	0
1421387515179867613	CPU_4	17.56	0	36.48	0	44.59	1.35	0	0	0	0
1421387515860311502	CPU_4	16.41	0	35.82	0	46.26	0	1.49	0	0	0
1421387516566980586	CPU_4	12.50	0	41.66	0	44.44	1.38	0	0	0	0
1421387517285460771	CPU_4	17.14	0	38.57	0	44.28	0	0	0	0	0
1421387517966154451	CPU_4	14.08	0	39.43	0	45.07	1.40	0	0	0	0
1421387518682808265	CPU_4	13.51	0	37.83	0	45.94	1.35	1.35	0	0	0
1421387519359119370	CPU_4	14.49	0	40.57	0	44.92	0	0	0	0	0
1421387520073188814	CPU_4	14.08	0	40.84	0	43.66	1.40	0	0	0	0
1421387520790053544	CPU_4	13.88	0	40.27	0	44.44	1.38	0	0	0	0
1421387521470915515	CPU_4	19.40	0	32.83	0	46.26	0	1.49	0	0	0
1421387522182033466	CPU_4	16.21	0	39.18	0	43.24	1.35	0	0	0	0
1421387522894478663	CPU_4	19.17	0	36.98	0	42.46	1.36	0	0	0	0
1421387523606568028	CPU_4	15.49	0	38.02	0	46.47	0	0	0	0	0
1421387524313173613	CPU_4	12.67	0	38.02	0	46.47	1.40	1.40	0	0	0
1421387525018100326	CPU_4	16.17	0	35.29	0	48.52	0	0	0	0	0
1421387525719446880	CPU_4	10.00	0	41.42	0	47.14	1.42	0	0	0	0
1421387526438337064	CPU_4	20.27	0	35.13	0	43.24	1.35	0	0	0	0
1421387527148876349	CPU_4	20.89	0	31.34	0	46.26	0	1.49	0	0	0
1421387527856900639	CPU_4	17.64	0	32.35	0	48.52	1.47	0	0	0	0
1421387528577670987	CPU_4	19.17	0	35.61	0	43.83	1.36	0	0	0	0
1421387529255215298	CPU_4	14.70	0	36.76	0	48.52	0	0	0	0	0
1421387529970987531	CPU_4	20.83	0	34.72	0	43.05	1.38	0	0	0	0
1421387530678337114	CPU_4	18.57	0	34.28	0	44.28	1.42	1.42	0	0	0
1421387531386738903	CPU_4	14.08	0	38.02	1.40	46.47	0	0	0	0	0
1421387532099150601	CPU_4	15.27	0	40.27	0	43.05	1.38	0	0	0	0
1421387532802837026	CPU_4	17.14	0	37.14	0	44.28	1.42	0	0	0	0
1421387533514668100	CPU_4	16.66	0	37.50	0	44.44	0	1.38	0	0	0
1421387534233766784	CPU_4	20.27	0	32.43	0	45.94	1.35	0	0	0	0
1421387534943040738	CPU_4	16.90	0	35.21	0	46.47	1.40	0	0	0	0
1421387535663548420	CPU_4	15.49	0	36.61	0	47.88	0	0	0	0	0
1421387536377043907	CPU_4	18.57	0	31.42	0	47.14	1.42	1.42	0	0	0
1421387537080680207	CPU_4	14.08	0	40.84	0	43.66	1.40	0	0	0	0
1421387537800390265	CPU_4	16.90	0	38.02	0	45.07	0	0	0	0	0
1421387538513511461	CPU_4	11.84	0	42.10	0	44.73	1.31	0	0	0	0
1421387539221729002	CPU_4	17.14	0	35.71	0	44.28	1.42	1.42	0	0	0
1421387539915359655	CPU_4	14.08	0	36.61	0	49.29	0	0	0	0	0
1421387540623374321	CPU_4	13.04	0	39.13	0	46.37	1.44	0	0	0	0
1421387541339797761	CPU_4	21.12	0	35.21	0	43.66	0	0	0	0	0
1421387542055053203	CPU_4	14.47	0	40.78	0	42.10	1.31	1.31	0	0	0
1421387542764917656	CPU_4	13.69	0	41.09	0	43.83	1.36	0	0	0	0
1421387543475481025	CPU_4	16.43	0	39.72	0	43.83	0	0	0	0	0
1421387544175507415	CPU_4	15.49	0	38.02	0	45.07	1.40	0	0	0	0
1421387544897369344	CPU_4	14.08	0	36.61	0	46.47	1.40	1.40	0	0	0
1421387545597549443	CPU_4	16.90	0	38.02	0	45.07	0	0	0	0	0
1421387546281991824	CPU_4	13.88	0	41.66	0	43.05	1.38	0	0	0	0
1421387547000687634	CPU_4	14.28	0	38.57	0	45.71	1.42	0	0	0	0
1421387547706881887	CPU_4	15.94	0	34.78	0	49.27	0	0	0	0	0
1421387548426309613	CPU_4	16.00	0	36.00	0	45.33	1.33	1.33	0	0	0
1421387549138730269	CPU_4	17.80	0	35.61	0	45.20	1.36	0	0	0	0
1421387549850970260	CPU_4	12.50	0	43.05	0	44.44	0	0	0	0	0
1421387550567888366	CPU_4	15.71	0	38.57	0	44.28	1.42	0	0	0	0
1421387551253257411	CPU_4	20.58	0	30.88	0	45.58	1.47	1.47	0	0	0
1421387551979077666	CPU_4	22.85	0	31.42	0	45.71	0	0	0	0	0
1421387552691327948	CPU_4	10.66	0	45.33	0	42.66	1.33	0	0	0	0
1421387553396924244	CPU_4	9.85	0	43.66	0	46.47	0	0	0	0	0
1421387554111456063	CPU_4	16.66	0	37.50	0	43.05	1.38	1.38	0	0	0
1421387554800335977	CPU_4	22.05	0	29.41	0	47.05	1.47	0	0	0	0
1421387555514190589	CPU_4	18.91	0	35.13	0	45.94	0	0	0	0	0
1421387556231958443	CPU_4	15.06	0	36.98	1.36	45.20	1.36	0	0	0	0
1421387556939028736	CPU_4	18.66	0	36.00	0	42.66	1.33	1.33	0	0	0
1421387557655333468	CPU_4	20.54	0	36.98	0	42.46	0	0	0	0	0
1421387558332069990	CPU_4	17.39	0	34.78	0	46.37	1.44	0	0	0	0
1421387559045650395	CPU_4	20.27	0	33.78	0	44.59	1.35	0	0	0	0
1421387559764480372	CPU_4	14.47	0	40.78	0	43.42	0	1.31	0	0	0
1421387560469079295	CPU_4	18.30	0	36.61	0	43.66	1.40	0	0	0	0
1421387561176080047	CPU_4	22.53	0	30.98	0	45.07	1.40	0	0	0	0
1421387561856383270	CPU_4	13.04	0	42.02	0	44.92	0	0	0	0	0
1421387562571447130	CPU_4	14.28	0	37.14	0	45.71	1.42	1.42	0	0	0
1421387563282478040	CPU_4	16.00	0	41.33	0	41.33	1.33	0	0	0	0
1421387563995383946	CPU_4	14.08	0	39.43	0	46.47	0	0	0	0	0
1421387564699745787	CPU_4	17.56	0	36.48	0	44.59	1.35	0	0	0	0
1421387565413721482	CPU_4	15.27	0	40.27	0	43.05	1.38	0	0	0	0
1421387566111001587	CPU_4	18.84	0	31.88	0	47.82	0	1.44	0	0	0
1421387566826595988	CPU_4	16.66	0	38.88	0	43.05	1.38	0	0	0	0
1421387567531198745	CPU_4	15.49	0	36.61	0	47.88	0	0	0	0	0
1421387568239261119	CPU_4	15.06	0	38.35	0	45.20	1.36	0	0	0	0
1421387568957651097	CPU_4	14.86	0	40.54	0	41.89	1.35	1.35	0	0	0
1421387569638191320	CPU_4	16.17	0	36.76	0	47.05	0	0	0	0	0
1421387570349989896	CPU_4	18.57	0	34.28	0	45.71	1.42	0	0	0	0
1421387571069200039	CPU_4	18.30	0	35.21	0	45.07	1.40	0	0	0	0
1421387571777288622	CPU_4	15.94	0	36.23	0	46.37	0	1.44	0	0	0
1421387572499787967	CPU_4	15.06	0	39.72	0	43.83	1.36	0	0	0	0
1421387573207962675	CPU_4	16.17	0	36.76	0	45.58	1.47	0	0	0	0
1421387573901795829	CPU_4	18.18	0	33.33	0	48.48	0	0	0	0	0
1421387574619422517	CPU_4	16.90	0	33.80	0	46.47	1.40	1.40	0	0	0
1421387575333333880	CPU_4	17.14	0	32.85	0	48.57	1.42	0	0	0	0
1421387576045201788	CPU_4	15.71	0	35.71	1.42	47.14	0	0	0	0	0
1421387576755187618	CPU_4	20.83	0	33.33	0	44.44	1.38	0	0	0	0
1421387577466311861	CPU_4	18.91	0	36.48	0	41.89	1.35	1.35	0	0	0
1421387578184644631	CPU_4	21.42	0	30.00	0	48.57	0	0	0	0	0
1421387578899206868	CPU_4	15.27	0	37.50	0	45.83	1.38	0	0	0	0
1421387579610569444	CPU_4	20.89	0	29.85	0	49.25	0	0	0	0	0
1421387580322099187	CPU_4	14.66	0	40.00	0	42.66	1.33	1.33	0	0	0
1421387581032069350	CPU_4	18.05	0	37.50	0	43.05	1.38	0	0	0	0
1421387581746091587	CPU_4	13.88	0	40.27	0	45.83	0	0	0	0	0
1421387582453475922	CPU_4	16.66	0	38.88	0	43.05	1.38	0	0	0	0
1421387583165090581	CPU_4	21.12	0	32.39	0	45.07	1.40	0	0	0	0
1421387583874252621	CPU_4	18.05	0	37.50	0	43.05	0	1.38	0	0	0
1421387584580492541	CPU_4	13.69	0	41.09	0	43.83	1.36	0	0	0	0
1421387585299656435	CPU_4	14.86	0	37.83	0	45.94	1.35	0	0	0	0
1421387586014864504	CPU_4	20.28	0	31.88	0	47.82	0	0	0	0	0
1421387586726944870	CPU_4	15.49	0	36.61	0	45.07	1.40	1.40	0	0	0
1421387587430187047	CPU_4	13.51	0	41.89	0	43.24	1.35	0	0	0	0
1421387588119221086	CPU_4	13.04	0	42.02	0	44.92	0	0	0	0	0
1421387588823468261	CPU_4	16.66	0	37.50	0	44.44	1.38	0	0	0	0
1421387589526667271	CPU_4	19.44	0	31.94	0	45.83	1.38	1.38	0	0	0
1421387590235634811	CPU_4	15.49	0	40.84	0	43.66	0	0	0	0	0
1421387590946401056	CPU_4	19.44	0	34.72	0	44.44	1.38	0	0	0	0
1421387591635855344	CPU_4	16.41	0	35.82	0	46.26	1.49	0	0	0	0
1421387592347410421	CPU_4	20.27	0	35.13	0	43.24	0	1.35	0	0	0
1421387593066011816	CPU_4	18.91	0	37.83	0	41.89	1.35	0	0	0	0
1421387593780894594	CPU_4	14.08	0	36.61	0	47.88	1.40	0	0	0	0
1421387594496071496	CPU_4	14.28	0	38.57	0	47.14	0	0	0	0	0
1421387595209686360	CPU_4	14.86	0	37.83	0	44.59	1.35	1.35	0	0	0
1421387595913839993	CPU_4	12.67	0	42.25	0	45.07	0	0	0	0	0
1421387596606830025	CPU_4	17.64	0	33.82	0	47.05	1.47	0	0	0	0
1421387597318417684	CPU_4	16.66	0	38.88	0	43.05	1.38	0	0	0	0
1421387598038680493	CPU_4	16.90	0	33.80	0	47.88	0	1.40	0	0	0
1421387598743214917	CPU_4	19.71	0	33.80	0	45.07	1.40	0	0	0	0
1421387599436099657	CPU_4	18.84	0	31.88	0	47.82	1.44	0	0	0	0
1421387600153892554	CPU_4	17.80	0	39.72	0	42.46	0	0	0	0	0
1421387600861557014	CPU_4	17.39	0	33.33	0	46.37	1.44	1.44	0	0	0
1421387601575445878	CPU_4	12.50	0	40.27	0	45.83	1.38	0	0	0	0
1421387602286760163	CPU_4	19.17	0	38.35	0	42.46	0	0	0	0	0
1421387602993898207	CPU_4	18.05	0	36.11	0	44.44	1.38	0	0	0	0
1421387603710473107	CPU_4	14.08	0	40.84	0	43.66	1.40	0	0	0	0
1421387604417289735	CPU_4	14.86	0	39.18	0	44.59	0	1.35	0	0	0
1421387605131141890	CPU_4	12.67	0	39.43	0	46.47	1.40	0	0	0	0
1421387605852051156	CPU_4	12.85	0	37.14	0	48.57	1.42	0	0	0	0
1421387606578814701	CPU_4	25.71	0	52.85	0	20.00	0	1.42	0	0	0
1421387607423962920	CPU_4	42.35	0	56.47	0	0	1.17	0	0	0	0
1421387608271004509	CPU_4	47.61	0	51.19	0	0	0	1.19	0	0	0
1421387609103881336	CPU_4	47.61	0	51.19	0	0	1.19	0	0	0	0
1421387609944051107	CPU_4	44.70	0	54.11	0	0	0	1.17	0	0	0
1421387610783807753	CPU_4	48.78	0	50.00	0	0	1.21	0	0	0	0
1421387611628786889	CPU_4	43.52	0	55.29	0	0	0	1.17	0	0	0
1421387612469056826	CPU_4	45.23	0	53.57	0	0	1.19	0	0	0	0
1421387613303746024	CPU_4	50.00	0	48.80	0	0	0	1.19	0	0	0
1421387614153769108	CPU_4	47.61	0	51.19	0	0	1.19	0	0	0	0
1421387614998831118	CPU_4	50.58	0	48.23	0	0	0	1.17	0	0	0
1421387615843800421	CPU_4	50.00	0	48.80	0	0	1.19	0	0	0	0
1421387616689105806	CPU_4	48.83	0	50.00	0	0	0	1.16	0	0	0
1421387617519099972	CPU_4	39.75	0	59.03	0	0	1.20	0	0	0	0
1421387618353839296	CPU_4	42.16	0	56.62	0	0	0	1.20	0	0	0
1421387619193896317	CPU_4	53.01	0	45.78	0	0	1.20	0	0	0	0
1421387620028773932	CPU_4	51.19	0	47.61	0	0	0	1.19	0	0	0
1421387620868824703	CPU_4	44.04	0	54.76	0	0	1.19	0	0	0	0
1421387621708729016	CPU_4	43.52	0	55.29	0	0	0	1.17	0	0	0
1421387622544227296	CPU_4	48.80	0	50.00	0	0	1.19	0	0	0	0
1421387623388892433	CPU_4	43.37	0	55.42	0	0	0	1.20	0	0	0
1421387624228839787	CPU_4	49.41	0	49.41	0	0	1.17	0	0	0	0
1421387625063810736	CPU_4	44.57	0	54.21	0	0	0	1.20	0	0	0
1421387625908834955	CPU_4	44.04	0	54.76	0	0	1.19	0	0	0	0
1421387626758834581	CPU_4	49.41	0	49.41	0	0	0	1.17	0	0	0
1421387627598878352	CPU_4	47.61	0	51.19	0	0	1.19	0	0	0	0
1421387628443825780	CPU_4	48.23	0	50.58	0	0	0	1.17	0	0	0
1421387629283844551	CPU_4	46.42	0	52.38	0	0	1.19	0	0	0	0
1421387630128835479	CPU_4	46.42	0	52.38	0	0	0	1.19	0	0	0
1421387630973852907	CPU_4	45.23	0	53.57	0	0	1.19	0	0	0	0
1421387631818808543	CPU_4	43.52	0	55.29	0	0	0	1.17	0	0	0
1421387632658849773	CPU_4	45.23	0	53.57	0	0	1.19	0	0	0	0
1421387633503810909	CPU_4	51.19	0	47.61	0	0	0	1.19	0	0	0
1421387634344396763	CPU_4	47.61	0	51.19	0	0	1.19	0	0	0	0
1421387635193830973	CPU_4	43.52	0	55.29	0	0	0	1.17	0	0	0
1421387636048877672	CPU_4	50.00	0	48.83	0	0	1.16	0	0	0	0
1421387636903786913	CPU_4	52.94	0	45.88	0	0	0	1.17	0	0	0
1421387637748827180	CPU_4	44.70	0	54.11	0	0	1.17	0	0	0	0
1421387638583814955	CPU_4	42.85	0	55.95	0	0	0	1.19	0	0	0
1421387639418730238	CPU_4	93.97	0	4.81	0	0	1.20	0	0	0	0
1421387640253826562	CPU_4	92.77	0	7.22	0	0	0	0	0	0	0
1421387641093849525	CPU_4	91.76	0	5.88	0	0	1.17	1.17	0	0	0
1421387641933782072	CPU_4	94.04	0	5.95	0	0	0	0	0	0	0
1421387642778788090	CPU_4	91.76	0	7.05	0	0	1.17	0	0	0	0
1421387643618818555	CPU_4	93.97	0	6.02	0	0	0	0	0	0	0
1421387644458856687	CPU_4	91.76	0	7.05	0	0	1.17	0	0	0	0
1421387645298822320	CPU_4	93.97	0	4.81	0	0	0	1.20	0	0	0
1421387646133841899	CPU_4	94.04	0	5.95	0	0	0	0	0	0	0
1421387646968763146	CPU_4	93.97	0	4.81	0	0	1.20	0	0	0	0
1421387647808796697	CPU_4	94.04	0	5.95	0	0	0	0	0	0	0
1421387648643787487	CPU_4	86.90	0	10.71	0	0	1.19	1.19	0	0	0
1421387649479955645	CPU_4	91.66	0	8.33	0	0	0	0	0	0	0
1421387650318803164	CPU_4	91.66	0	7.14	0	0	1.19	0	0	0	0
1421387651158788343	CPU_4	92.77	0	7.22	0	0	0	0	0	0	0
1421387652003774785	CPU_4	92.94	0	7.05	0	0	0	0	0	0	0
1421387652843748507	CPU_4	91.66	0	5.95	0	0	1.19	1.19	0	0	0
1421387653683834521	CPU_4	92.85	0	7.14	0	0	0	0	0	0	0
1421387654518804066	CPU_4	92.85	0	5.95	0	0	1.19	0	0	0	0
1421387655353836652	CPU_4	93.97	0	6.02	0	0	0	0	0	0	0
1421387656188823990	CPU_4	92.85	0	4.76	0	0	1.19	1.19	0	0	0
1421387657023759745	CPU_4	93.97	0	6.02	0	0	0	0	0	0	0
1421387657863870303	CPU_4	92.85	0	5.95	0	0	1.19	0	0	0	0
1421387658693812380	CPU_4	93.97	0	6.02	0	0	0	0	0	0	0
1421387659533814650	CPU_4	94.04	0	5.95	0	0	0	0	0	0	0
1421387660368852823	CPU_4	91.66	0	5.95	0	0	1.19	1.19	0	0	0
1421387661203770623	CPU_4	96.38	0	3.61	0	0	0	0	0	0	0
1421387662048804282	CPU_4	92.85	0	5.95	0	0	1.19	0	0	0	0
1421387662883806332	CPU_4	95.18	0	4.81	0	0	0	0	0	0	0
1421387663718780134	CPU_4	90.58	0	7.05	0	0	1.17	1.17	0	0	0
1421387664566388821	CPU_4	94.04	0	5.95	0	0	0	0	0	0	0
1421387665403844902	CPU_4	91.66	0	8.33	0	0	0	0	0	0	0
1421387666243771010	CPU_4	90.47	0	8.33	0	0	1.19	0	0	0	0
1421387667078840730	CPU_4	90.47	0	8.33	0	0	0	1.19	0	0	0
1421387667913738494	CPU_4	92.77	0	6.02	0	0	1.20	0	0	0	0
1421387668753800062	CPU_4	93.97	0	6.02	0	0	0	0	0	0	0
1421387669588863992	CPU_4	91.76	0	7.05	0	0	1.17	0	0	0	0
1421387670428809020	CPU_4	91.56	0	7.22	0	0	0	1.20	0	0	0
1421387671263837244	CPU_4	92.94	0	5.88	0	0	1.17	0	0	0	0
1421387672103834482	CPU_4	91.56	0	8.43	0	0	0	0	0	0	0
1421387672943875011	CPU_4	90.47	0	8.33	0	0	1.19	0	0	0	0
1421387673783806917	CPU_4	91.66	0	7.14	0	0	0	1.19	0	0	0
1421387674628864169	CPU_4	92.94	0	5.88	0	0	1.17	0	0	0	0
1421387675463826563	CPU_4	91.46	0	8.53	0	0	0	0	0	0	0
1421387676298834791	CPU_4	91.66	0	7.14	0	0	1.19	0	0	0	0
1421387677133850353	CPU_4	90.47	0	8.33	0	0	0	1.19	0	0	0
1421387677968894707	CPU_4	94.04	0	4.76	0	0	1.19	0	0	0	0
1421387678803841896	CPU_4	91.46	0	8.53	0	0	0	0	0	0	0
1421387679638900168	CPU_4	92.85	0	5.95	0	0	1.19	0	0	0	0
1421387680478834079	CPU_4	89.28	0	9.52	0	0	0	1.19	0	0	0
1421387681328840057	CPU_4	90.69	0	8.13	0	0	1.16	0	0	0	0
1421387682163844915	CPU_4	91.56	0	8.43	0	0	0	0	0	0	0
1421387682998827440	CPU_4	91.56	0	8.43	0	0	0	0	0	0	0
1421387683843870074	CPU_4	92.94	0	4.70	0	0	1.17	1.17	0	0	0
1421387684683801280	CPU_4	91.66	0	8.33	0	0	0	0	0	0	0
1421387685528895249	CPU_4	89.28	0	9.52	0	0	1.19	0	0	0	0
1421387686363793110	CPU_4	93.97	0	6.02	0	0	0	0	0	0	0
1421387687203856818	CPU_4	89.41	0	8.23	0	0	1.17	1.17	0	0	0
1421387688043873942	CPU_4	92.77	0	7.22	0	0	0	0	0	0	0
1421387688878898555	CPU_4	92.94	0	5.88	0	0	1.17	0	0	0	0
1421387689718712141	CPU_4	91.56	0	8.43	0	0	0	0	0	0	0
1421387690558878892	CPU_4	91.76	0	5.88	0	0	1.17	1.17	0	0	0
1421387691403827699	CPU_4	91.66	0	8.33	0	0	0	0	0	0	0
1421387692248844257	CPU_4	89.41	0	9.41	0	0	1.17	0	0	0	0
1421387693088825553	CPU_4	92.77	0	7.22	0	0	0	0	0	0	0
1421387693923855878	CPU_4	91.66	0	5.95	0	0	1.19	1.19	0	0	0
1421387694773914325	CPU_4	91.76	0	8.23	0	0	0	0	0	0	0
1421387695608873027	CPU_4	91.56	0	7.22	0	0	1.20	0	0	0	0
1421387696448838575	CPU_4	90.47	0	9.52	0	0	0	0	0	0	0
1421387697283822070	CPU_4	90.47	0	7.14	0	0	1.19	1.19	0	0	0
1421387698118840315	CPU_4	91.56	0	8.43	0	0	0	0	0	0	0
1421387698958843948	CPU_4	91.66	0	7.14	0	0	1.19	0	0	0	0
1421387699798853457	CPU_4	92.85	0	7.14	0	0	0	0	0	0	0
1421387700643903563	CPU_4	91.76	0	5.88	0	0	1.17	1.17	0	0	0
1421387701478871020	CPU_4	91.56	0	8.43	0	0	0	0	0	0	0
1421387702323823710	CPU_4	90.58	0	8.23	0	0	1.17	0	0	0	0
1421387703168842777	CPU_4	94.04	0	5.95	0	0	0	0	0	0	0
1421387704003856443	CPU_4	89.41	0	8.23	0	0	1.17	1.17	0	0	0
1421387704848793136	CPU_4	90.36	0	9.63	0	0	0	0	0	0	0
1421387705688844941	CPU_4	91.66	0	7.14	0	0	1.19	0	0	0	0
1421387706523859901	CPU_4	91.56	0	8.43	0	0	0	0	0	0	0
1421387707363893666	CPU_4	88.37	0	9.30	0	0	1.16	1.16	0	0	0
1421387708198828461	CPU_4	92.68	0	7.31	0	0	0	0	0	0	0
1421387709033841673	CPU_4	92.85	0	5.95	0	0	1.19	0	0	0	0
1421387709873979190	CPU_4	91.56	0	8.43	0	0	0	0	0	0	0
1421387710708881195	CPU_4	91.76	0	7.05	0	0	0	1.17	0	0	0
1421387711549383544	CPU_4	90.47	0	8.33	0	0	1.19	0	0	0	0
1421387712388861525	CPU_4	91.56	0	8.43	0	0	0	0	0	0	0
1421387713233901474	CPU_4	90.58	0	8.23	0	0	1.17	0	0	0	0
1421387714083853103	CPU_4	90.47	0	8.33	0	0	0	1.19	0	0	0
1421387714918887361	CPU_4	91.76	0	7.05	0	0	1.17	0	0	0	0
1421387715758785134	CPU_4	92.77	0	7.22	0	0	0	0	0	0	0
1421387716601511474	CPU_4	88.23	0	9.41	0	0	1.17	1.17	0	0	0
1421387717438849596	CPU_4	92.77	0	7.22	0	0	0	0	0	0	0
1421387718283862757	CPU_4	90.58	0	8.23	0	0	1.17	0	0	0	0
1421387719118854894	CPU_4	91.56	0	8.43	0	0	0	0	0	0	0
1421387719953938947	CPU_4	90.58	0	7.05	0	0	1.17	1.17	0	0	0
1421387720798871444	CPU_4	94.04	0	5.95	0	0	0	0	0	0	0
1421387721633901833	CPU_4	91.56	0	7.22	0	0	1.20	0	0	0	0
1421387722473862027	CPU_4	91.66	0	8.33	0	0	0	0	0	0	0
1421387723308915125	CPU_4	91.66	0	5.95	0	0	1.19	1.19	0	0	0
1421387724148880653	CPU_4	91.56	0	8.43	0	0	0	0	0	0	0
1421387724988919140	CPU_4	88.09	0	10.71	0	0	1.19	0	0	0	0
1421387725828886170	CPU_4	94.04	0	5.95	0	0	0	0	0	0	0
1421387726678903392	CPU_4	89.53	0	8.13	0	0	1.16	1.16	0	0	0
1421387727523881936	CPU_4	91.56	0	8.43	0	0	0	0	0	0	0
1421387728363909760	CPU_4	88.23	0	10.58	0	0	1.17	0	0	0	0
1421387729218897955	CPU_4	92.85	0	7.14	0	0	0	0	0	0	0
1421387730053922392	CPU_4	91.86	0	5.81	0	0	1.16	1.16	0	0	0
1421387730893804676	CPU_4	91.56	0	8.43	0	0	0	0	0	0	0
1421387731738963514	CPU_4	92.94	0	5.88	0	0	1.17	0	0	0	0
1421387732583863729	CPU_4	95.18	0	4.81	0	0	0	0	0	0	0
1421387733423870973	CPU_4	89.41	0	8.23	0	0	1.17	1.17	0	0	0
1421387734258821913	CPU_4	92.77	0	7.22	0	0	0	0	0	0	0
1421387735098919366	CPU_4	90.58	0	8.23	0	0	1.17	0	0	0	0
1421387735948839347	CPU_4	92.85	0	7.14	0	0	0	0	0	0	0
1421387736788913676	CPU_4	89.41	0	8.23	0	0	1.17	1.17	0	0	0
1421387737628816757	CPU_4	92.85	0	7.14	0	0	0	0	0	0	0
1421387738471473656	CPU_4	95.18	0	4.81	0	0	0	0	0	0	0
1421387739313843225	CPU_4	90.58	0	8.23	0	0	1.17	0	0	0	0
1421387740153902223	CPU_4	92.85	0	5.95	0	0	0	1.19	0	0	0
1421387740988777836	CPU_4	91.66	0	7.14	0	0	1.19	0	0	0	0
1421387741828910919	CPU_4	93.97	0	6.02	0	0	0	0	0	0	0
1421387742663859699	CPU_4	89.28	0	9.52	0	0	1.19	0	0	0	0
1421387743498949771	CPU_4	92.85	0	5.95	0	0	0	1.19	0	0	0
1421387744338853149	CPU_4	90.47	0	8.33	0	0	1.19	0	0	0	0
1421387745173912597	CPU_4	92.77	0	7.22	0	0	0	0	0	0	0
1421387746018936947	CPU_4	89.28	0	9.52	0	0	1.19	0	0	0	0
1421387746853842189	CPU_4	91.66	0	7.14	0	0	0	1.19	0	0	0
1421387747693856735	CPU_4	91.66	0	7.14	0	0	1.19	0	0	0	0
1421387748533867408	CPU_4	91.66	0	8.33	0	0	0	0	0	0	0
1421387749368831401	CPU_4	91.56	0	7.22	0	0	1.20	0	0	0	0
1421387750208861783	CPU_4	90.58	0	8.23	0	0	0	1.17	0	0	0
1421387751048850291	CPU_4	90.47	0	8.33	0	0	1.19	0	0	0	0
1421387751883859578	CPU_4	93.90	0	6.09	0	0	0	0	0	0	0
1421387752738910709	CPU_4	90.80	0	8.04	0	0	1.14	0	0	0	0
1421387753588868369	CPU_4	90.58	0	8.23	0	0	0	1.17	0	0	0
1421387754428826630	CPU_4	90.47	0	8.33	0	0	1.19	0	0	0	0
1421387755273880695	CPU_4	93.97	0	6.02	0	0	0	0	0	0	0
1421387756108879152	CPU_4	89.28	0	9.52	0	0	1.19	0	0	0	0
1421387756953894594	CPU_4	90.58	0	8.23	0	0	0	1.17	0	0	0
1421387757793888065	CPU_4	91.66	0	7.14	0	0	1.19	0	0	0	0
1421387758633799746	CPU_4	90.36	0	9.63	0	0	0	0	0	0	0
1421387759473841510	CPU_4	91.76	0	7.05	0	0	1.17	0	0	0	0
1421387760313875191	CPU_4	90.58	0	8.23	0	0	0	1.17	0	0	0
1421387761153889165	CPU_4	91.56	0	8.43	0	0	0	0	0	0	0
1421387761993902597	CPU_4	91.66	0	7.14	0	0	1.19	0	0	0	0
1421387762828786018	CPU_4	92.77	0	7.22	0	0	0	0	0	0	0
1421387763668855119	CPU_4	90.58	0	7.05	0	0	1.17	1.17	0	0	0
1421387764503765333	CPU_4	92.77	0	7.22	0	0	0	0	0	0	0
1421387765343844643	CPU_4	91.66	0	7.14	0	0	1.19	0	0	0	0
1421387766183767871	CPU_4	91.66	0	8.33	0	0	0	0	0	0	0
1421387767018911627	CPU_4	90.47	0	7.14	0	0	1.19	1.19	0	0	0
1421387767858787231	CPU_4	91.56	0	8.43	0	0	0	0	0	0	0
1421387768703933432	CPU_4	91.76	0	7.05	0	0	1.17	0	0	0	0
1421387769543858079	CPU_4	92.85	0	7.14	0	0	0	0	0	0	0
1421387770378897922	CPU_4	91.66	0	5.95	0	0	1.19	1.19	0	0	0
1421387771218827445	CPU_4	91.56	0	8.43	0	0	0	0	0	0	0
1421387772058894427	CPU_4	91.76	0	7.05	0	0	1.17	0	0	0	0
1421387772898840952	CPU_4	92.77	0	7.22	0	0	0	0	0	0	0
1421387773733850047	CPU_4	89.28	0	8.33	0	0	1.19	1.19	0	0	0
1421387774578844461	CPU_4	89.28	0	10.71	0	0	0	0	0	0	0
1421387775413886558	CPU_4	89.28	0	9.52	0	0	1.19	0	0	0	0
1421387776258751516	CPU_4	87.05	0	11.76	0	0	0	1.17	0	0	0
1421387777098899917	CPU_4	89.28	0	9.52	0	0	1.19	0	0	0	0
1421387777933785850	CPU_4	89.15	0	10.84	0	0	0	0	0	0	0
1421387778768796824	CPU_4	92.85	0	5.95	0	0	1.19	0	0	0	0
1421387779611439381	CPU_4	91.56	0	7.22	0	0	0	1.20	0	0	0
1421387780443862954	CPU_4	91.66	0	7.14	0	0	1.19	0	0	0	0
1421387781283821402	CPU_4	90.36	0	9.63	0	0	0	0	0	0	0
1421387782113809825	CPU_4	91.66	0	7.14	0	0	1.19	0	0	0	0
1421387782948820219	CPU_4	90.36	0	8.43	0	0	0	1.20	0	0	0
1421387783788823168	CPU_4	89.41	0	9.41	0	0	1.17	0	0	0	0
1421387784628809869	CPU_4	91.56	0	8.43	0	0	0	0	0	0	0
1421387785468895652	CPU_4	86.90	0	11.90	0	0	1.19	0	0	0	0
1421387786303856924	CPU_4	89.28	0	9.52	0	0	0	1.19	0	0	0
1421387787135603007	CPU_4	88.09	0	10.71	0	0	1.19	0	0	0	0
1421387787978855150	CPU_4	91.56	0	8.43	0	0	0	0	0	0	0
1421387788801236037	CPU_4	80.95	0	13.09	4.76	0	1.19	0	0	0	0
1421387789439894849	CPU_4	0	0	17.18	81.25	0	0	1.56	0	0	0
