#Timestamp	CPU_ID	user%	nice%	sys%	idle%	iowait%	irq%	softiq%	steal%	guest%	guest_nice%
1428506740983376321	CPU_4	87.09	0	8.06	3.22	0	1.61	0	0	0	0
1428506741672063955	CPU_4	100.00	0	0	0	0	0	0	0	0	0
1428506742381000340	CPU_4	98.59	0	0	0	0	1.40	0	0	0	0
1428506743069731307	CPU_4	98.55	0	0	0	0	0	1.44	0	0	0
1428506743761626200	CPU_4	98.57	0	0	0	0	1.42	0	0	0	0
1428506744462661137	CPU_4	100.00	0	0	0	0	0	0	0	0	0
1428506745153538311	CPU_4	97.14	0	0	0	0	1.42	1.42	0	0	0
1428506746036837756	CPU_4	100.00	0	0	0	0	0	0	0	0	0
1428506746743423253	CPU_4	98.59	0	0	0	0	1.40	0	0	0	0
1428506747435082590	CPU_4	100.00	0	0	0	0	0	0	0	0	0
1428506748139003838	CPU_4	97.22	0	0	0	0	1.38	1.38	0	0	0
1428506748829054341	CPU_4	100.00	0	0	0	0	0	0	0	0	0
1428506749528102840	CPU_4	98.57	0	0	0	0	1.42	0	0	0	0
1428506750231109418	CPU_4	100.00	0	0	0	0	0	0	0	0	0
1428506750922607378	CPU_4	97.14	0	0	0	0	1.42	1.42	0	0	0
1428506751624535956	CPU_4	100.00	0	0	0	0	0	0	0	0	0
1428506752327836241	CPU_4	98.57	0	0	0	0	1.42	0	0	0	0
1428506753021744072	CPU_4	100.00	0	0	0	0	0	0	0	0	0
1428506753725559688	CPU_4	97.18	0	0	0	0	1.40	1.40	0	0	0
1428506754419551934	CPU_4	100.00	0	0	0	0	0	0	0	0	0
1428506755114065263	CPU_4	98.57	0	0	0	0	1.42	0	0	0	0
1428506755817531961	CPU_4	100.00	0	0	0	0	0	0	0	0	0
1428506756509500498	CPU_4	97.18	0	0	0	0	1.40	1.40	0	0	0
1428506757234262725	CPU_4	100.00	0	0	0	0	0	0	0	0	0
1428506757938357504	CPU_4	98.57	0	0	0	0	1.42	0	0	0	0
1428506758632569996	CPU_4	100.00	0	0	0	0	0	0	0	0	0
1428506759338737147	CPU_4	97.18	0	0	0	0	1.40	1.40	0	0	0
1428506760039540468	CPU_4	100.00	0	0	0	0	0	0	0	0	0
1428506760732879125	CPU_4	98.55	0	0	0	0	1.44	0	0	0	0
1428506761437607358	CPU_4	98.59	0	0	0	0	0	1.40	0	0	0
1428506762133941012	CPU_4	98.57	0	0	0	0	1.42	0	0	0	0
1428506762827917292	CPU_4	100.00	0	0	0	0	0	0	0	0	0
1428506763535620772	CPU_4	98.59	0	0	0	0	1.40	0	0	0	0
1428506764232281590	CPU_4	98.55	0	0	0	0	0	1.44	0	0	0
1428506764925914993	CPU_4	98.57	0	0	0	0	1.42	0	0	0	0
1428506765634917054	CPU_4	100.00	0	0	0	0	0	0	0	0	0
1428506766332165828	CPU_4	98.57	0	0	0	0	1.42	0	0	0	0
1428506767041891304	CPU_4	98.57	0	0	0	0	0	1.42	0	0	0
1428506767759351190	CPU_4	98.64	0	0	0	0	1.35	0	0	0	0
1428506768456166213	CPU_4	100.00	0	0	0	0	0	0	0	0	0
1428506769161700439	CPU_4	98.59	0	0	0	0	1.40	0	0	0	0
1428506769858512043	CPU_4	98.57	0	0	0	0	0	1.42	0	0	0
1428506770556981605	CPU_4	98.57	0	0	0	0	1.42	0	0	0	0
1428506771261747037	CPU_4	100.00	0	0	0	0	0	0	0	0	0
1428506771958928140	CPU_4	98.57	0	0	0	0	1.42	0	0	0	0
1428506772674600189	CPU_4	98.61	0	0	0	0	0	1.38	0	0	0
1428506773379148411	CPU_4	98.59	0	0	0	0	1.40	0	0	0	0
1428506774078093177	CPU_4	100.00	0	0	0	0	0	0	0	0	0
1428506774785472563	CPU_4	98.59	0	0	0	0	1.40	0	0	0	0
1428506775481243829	CPU_4	98.55	0	0	0	0	0	1.44	0	0	0
1428506776179989469	CPU_4	98.57	0	0	0	0	1.42	0	0	0	0
1428506776887201394	CPU_4	100.00	0	0	0	0	0	0	0	0	0
1428506777583877325	CPU_4	97.18	0	0	0	0	1.40	1.40	0	0	0
1428506778281982254	CPU_4	100.00	0	0	0	0	0	0	0	0	0
1428506778988550178	CPU_4	98.59	0	0	0	0	1.40	0	0	0	0
1428506779687480897	CPU_4	100.00	0	0	0	0	0	0	0	0	0
1428506780394815986	CPU_4	97.22	0	0	0	0	1.38	1.38	0	0	0
1428506781105933196	CPU_4	100.00	0	0	0	0	0	0	0	0	0
1428506781802952206	CPU_4	98.57	0	0	0	0	1.42	0	0	0	0
1428506782512166667	CPU_4	100.00	0	0	0	0	0	0	0	0	0
1428506783214757505	CPU_4	97.18	0	0	0	0	1.40	1.40	0	0	0
1428506783916651260	CPU_4	100.00	0	0	0	0	0	0	0	0	0
1428506784629365633	CPU_4	98.59	0	0	0	0	1.40	0	0	0	0
1428506785329550930	CPU_4	100.00	0	0	0	0	0	0	0	0	0
1428506786025986769	CPU_4	97.14	0	0	0	0	1.42	1.42	0	0	0
1428506786736403266	CPU_4	100.00	0	0	0	0	0	0	0	0	0
1428506787434076854	CPU_4	100.00	0	0	0	0	0	0	0	0	0
1428506788145226433	CPU_4	97.22	0	0	0	0	1.38	1.38	0	0	0
1428506788844568018	CPU_4	100.00	0	0	0	0	0	0	0	0	0
1428506789543877602	CPU_4	98.57	0	0	0	0	1.42	0	0	0	0
1428506790249834849	CPU_4	100.00	0	0	0	0	0	0	0	0	0
1428506790949668765	CPU_4	97.18	0	0	0	0	1.40	1.40	0	0	0
1428506791650321139	CPU_4	100.00	0	0	0	0	0	0	0	0	0
1428506792357251466	CPU_4	98.59	0	0	0	0	1.40	0	0	0	0
1428506793055189256	CPU_4	100.00	0	0	0	0	0	0	0	0	0
1428506793761219458	CPU_4	97.22	0	0	0	0	1.38	1.38	0	0	0
1428506794468959741	CPU_4	100.00	0	0	0	0	0	0	0	0	0
1428506795169426070	CPU_4	98.57	0	0	0	0	1.42	0	0	0	0
1428506795877600559	CPU_4	100.00	0	0	0	0	0	0	0	0	0
1428506796575888180	CPU_4	97.18	0	0	0	0	1.40	1.40	0	0	0
1428506797276135298	CPU_4	100.00	0	0	0	0	0	0	0	0	0
1428506797986219285	CPU_4	98.59	0	0	0	0	1.40	0	0	0	0
1428506798684227695	CPU_4	100.00	0	0	0	0	0	0	0	0	0
1428506799385986685	CPU_4	97.18	0	0	0	0	1.40	1.40	0	0	0
1428506800096793044	CPU_4	100.00	0	0	0	0	0	0	0	0	0
1428506800794693619	CPU_4	98.57	0	0	0	0	1.42	0	0	0	0
1428506801502896104	CPU_4	100.00	0	0	0	0	0	0	0	0	0
1428506802204695925	CPU_4	97.18	0	0	0	0	1.40	1.40	0	0	0
1428506802902588998	CPU_4	100.00	0	0	0	0	0	0	0	0	0
1428506803616124310	CPU_4	98.61	0	0	0	0	1.38	0	0	0	0
1428506804316498005	CPU_4	98.57	0	0	0	0	0	1.42	0	0	0
1428506805015580076	CPU_4	98.57	0	0	0	0	1.42	0	0	0	0
1428506805726673429	CPU_4	100.00	0	0	0	0	0	0	0	0	0
1428506806427534414	CPU_4	98.59	0	0	0	0	1.40	0	0	0	0
1428506807152824257	CPU_4	98.61	0	0	0	0	0	1.38	0	0	0
1428506807877376267	CPU_4	98.63	0	0	0	0	1.36	0	0	0	0
1428506808577720542	CPU_4	100.00	0	0	0	0	0	0	0	0	0
1428506809287253226	CPU_4	98.61	0	0	0	0	1.38	0	0	0	0
1428506809988091166	CPU_4	98.57	0	0	0	0	0	1.42	0	0	0
1428506810689998062	CPU_4	98.59	0	0	0	0	1.40	0	0	0	0
1428506811398273496	CPU_4	100.00	0	0	0	0	0	0	0	0	0
1428506812120033253	CPU_4	98.61	0	0	0	0	1.38	0	0	0	0
1428506812830229976	CPU_4	98.59	0	0	0	0	0	1.40	0	0	0
1428506813532506786	CPU_4	98.59	0	0	0	0	1.40	0	0	0	0
1428506814231387223	CPU_4	100.00	0	0	0	0	0	0	0	0	0
1428506814941834860	CPU_4	98.59	0	0	0	0	1.40	0	0	0	0
1428506815645555459	CPU_4	98.59	0	0	0	0	0	1.40	0	0	0
1428506816343837061	CPU_4	98.57	0	0	0	0	1.42	0	0	0	0
1428506817054214488	CPU_4	100.00	0	0	0	0	0	0	0	0	0
1428506817764276456	CPU_4	97.22	0	0	0	0	1.38	1.38	0	0	0
1428506818473105341	CPU_4	100.00	0	0	0	0	0	0	0	0	0
1428506819175158354	CPU_4	98.57	0	0	0	0	1.42	0	0	0	0
1428506819913066844	CPU_4	100.00	0	0	0	0	0	0	0	0	0
1428506820623262976	CPU_4	97.22	0	0	0	0	1.38	1.38	0	0	0
1428506821324778446	CPU_4	100.00	0	0	0	0	0	0	0	0	0
1428506822034615702	CPU_4	98.59	0	0	0	0	1.40	0	0	0	0
1428506822733422798	CPU_4	100.00	0	0	0	0	0	0	0	0	0
1428506823433105726	CPU_4	97.18	0	0	0	0	1.40	1.40	0	0	0
1428506824143103313	CPU_4	100.00	0	0	0	0	0	0	0	0	0
1428506824841830823	CPU_4	98.57	0	0	0	0	1.42	0	0	0	0
1428506825541655541	CPU_4	100.00	0	0	0	0	0	0	0	0	0
1428506826251719542	CPU_4	97.22	0	0	0	0	1.38	1.38	0	0	0
1428506826949245468	CPU_4	100.00	0	0	0	0	0	0	0	0	0
1428506827659909635	CPU_4	98.59	0	0	0	0	1.40	0	0	0	0
1428506828359976391	CPU_4	100.00	0	0	0	0	0	0	0	0	0
1428506829058179857	CPU_4	98.57	0	0	0	0	0	1.42	0	0	0
1428506829772446186	CPU_4	98.61	0	0	0	0	1.38	0	0	0	0
1428506830472354774	CPU_4	100.00	0	0	0	0	0	0	0	0	0
1428506831171858486	CPU_4	97.18	0	0	0	0	1.40	1.40	0	0	0
1428506831882794732	CPU_4	100.00	0	0	0	0	0	0	0	0	0
1428506832582931360	CPU_4	98.59	0	0	0	0	1.40	0	0	0	0
1428506833297509977	CPU_4	100.00	0	0	0	0	0	0	0	0	0
1428506833998446478	CPU_4	97.22	0	0	0	0	1.38	1.38	0	0	0
1428506834699295103	CPU_4	100.00	0	0	0	0	0	0	0	0	0
1428506835440274659	CPU_4	98.64	0	0	0	0	1.35	0	0	0	0
1428506836140033034	CPU_4	100.00	0	0	0	0	0	0	0	0	0
1428506836841033948	CPU_4	97.18	0	0	0	0	1.40	1.40	0	0	0
1428506837552831855	CPU_4	100.00	0	0	0	0	0	0	0	0	0
1428506838252650936	CPU_4	98.57	0	0	0	0	1.42	0	0	0	0
1428506838966159924	CPU_4	100.00	0	0	0	0	0	0	0	0	0
1428506839668367419	CPU_4	97.18	0	0	0	0	1.40	1.40	0	0	0
1428506840366561665	CPU_4	100.00	0	0	0	0	0	0	0	0	0
1428506841076733237	CPU_4	98.59	0	0	0	0	1.40	0	0	0	0
1428506841783305102	CPU_4	100.00	0	0	0	0	0	0	0	0	0
1428506842482386137	CPU_4	97.18	0	0	0	0	1.40	1.40	0	0	0
1428506843192900165	CPU_4	100.00	0	0	0	0	0	0	0	0	0
1428506843894919073	CPU_4	98.57	0	0	0	0	1.42	0	0	0	0
1428506844609496638	CPU_4	98.59	0	0	0	0	0	1.40	0	0	0
1428506845310599545	CPU_4	98.59	0	0	0	0	1.40	0	0	0	0
1428506846012608159	CPU_4	100.00	0	0	0	0	0	0	0	0	0
1428506846721645934	CPU_4	98.59	0	0	0	0	1.40	0	0	0	0
1428506847422700506	CPU_4	98.57	0	0	0	0	0	1.42	0	0	0
1428506848124041161	CPU_4	98.59	0	0	0	0	1.40	0	0	0	0
1428506848834814183	CPU_4	100.00	0	0	0	0	0	0	0	0	0
1428506849535132837	CPU_4	98.59	0	0	0	0	1.40	0	0	0	0
1428506850255741893	CPU_4	98.59	0	0	0	0	0	1.40	0	0	0
1428506850954360130	CPU_4	98.59	0	0	0	0	1.40	0	0	0	0
1428506851656613405	CPU_4	100.00	0	0	0	0	0	0	0	0	0
1428506852367918965	CPU_4	98.61	0	0	0	0	1.38	0	0	0	0
1428506853068498241	CPU_4	98.57	0	0	0	0	0	1.42	0	0	0
1428506853774166596	CPU_4	98.59	0	0	0	0	1.40	0	0	0	0
1428506854486229987	CPU_4	100.00	0	0	0	0	0	0	0	0	0
1428506855186319386	CPU_4	98.59	0	0	0	0	1.40	0	0	0	0
1428506855905921937	CPU_4	98.61	0	0	0	0	0	1.38	0	0	0
1428506856607482959	CPU_4	98.57	0	0	0	0	1.42	0	0	0	0
1428506857308453688	CPU_4	100.00	0	0	0	0	0	0	0	0	0
1428506858019581786	CPU_4	97.22	0	0	0	0	1.38	1.38	0	0	0
1428506858722735512	CPU_4	100.00	0	0	0	0	0	0	0	0	0
1428506859423511449	CPU_4	98.59	0	0	0	0	1.40	0	0	0	0
1428506860135098585	CPU_4	100.00	0	0	0	0	0	0	0	0	0
1428506860837716561	CPU_4	97.18	0	0	0	0	1.40	1.40	0	0	0
1428506861578325301	CPU_4	100.00	0	0	0	0	0	0	0	0	0
1428506862279766651	CPU_4	98.57	0	0	0	0	1.42	0	0	0	0
1428506862982413833	CPU_4	100.00	0	0	0	0	0	0	0	0	0
1428506863693253425	CPU_4	97.22	0	0	0	0	1.38	1.38	0	0	0
1428506864394627773	CPU_4	100.00	0	0	0	0	0	0	0	0	0
1428506865098452952	CPU_4	98.57	0	0	0	0	1.42	0	0	0	0
1428506865813341873	CPU_4	100.00	0	0	0	0	0	0	0	0	0
1428506866512778179	CPU_4	97.18	0	0	0	0	1.40	1.40	0	0	0
1428506867228421056	CPU_4	100.00	0	0	0	0	0	0	0	0	0
1428506867932188733	CPU_4	100.00	0	0	0	0	0	0	0	0	0
1428506868632970828	CPU_4	98.59	0	0	0	0	1.40	0	0	0	0
1428506869344094457	CPU_4	98.59	0	0	0	0	0	1.40	0	0	0
1428506870046855257	CPU_4	98.57	0	0	0	0	1.42	0	0	0	0
1428506870747156350	CPU_4	100.00	0	0	0	0	0	0	0	0	0
1428506871459209351	CPU_4	97.26	0	0	0	0	1.36	1.36	0	0	0
1428506872160326485	CPU_4	100.00	0	0	0	0	0	0	0	0	0
1428506872874685358	CPU_4	98.61	0	0	0	0	1.38	0	0	0	0
1428506873577180489	CPU_4	100.00	0	0	0	0	0	0	0	0	0
1428506874279858744	CPU_4	97.22	0	0	0	0	1.38	1.38	0	0	0
1428506874990874659	CPU_4	100.00	0	0	0	0	0	0	0	0	0
1428506875693518497	CPU_4	98.59	0	0	0	0	1.40	0	0	0	0
1428506876396620666	CPU_4	100.00	0	0	0	0	0	0	0	0	0
1428506877136934768	CPU_4	97.33	0	0	0	0	1.33	1.33	0	0	0
1428506877838220729	CPU_4	100.00	0	0	0	0	0	0	0	0	0
1428506878551145140	CPU_4	98.59	0	0	0	0	1.40	0	0	0	0
1428506879254233890	CPU_4	100.00	0	0	0	0	0	0	0	0	0
1428506879955865891	CPU_4	97.18	0	0	0	0	1.40	1.40	0	0	0
1428506880690866285	CPU_4	100.00	0	0	0	0	0	0	0	0	0
1428506881394515741	CPU_4	98.59	0	0	0	0	1.40	0	0	0	0
1428506882120562931	CPU_4	100.00	0	0	0	0	0	0	0	0	0
1428506882828404259	CPU_4	97.26	0	0	0	0	1.36	1.36	0	0	0
1428506883530154881	CPU_4	100.00	0	0	0	0	0	0	0	0	0
1428506884244359578	CPU_4	98.59	0	0	0	0	1.40	0	0	0	0
1428506884946344491	CPU_4	98.59	0	0	0	0	0	1.40	0	0	0
1428506885649176528	CPU_4	98.59	0	0	0	0	1.40	0	0	0	0
1428506886392275535	CPU_4	100.00	0	0	0	0	0	0	0	0	0
1428506887093339364	CPU_4	98.59	0	0	0	0	1.40	0	0	0	0
1428506887807368766	CPU_4	98.59	0	0	0	0	0	1.40	0	0	0
1428506888511496382	CPU_4	98.59	0	0	0	0	1.40	0	0	0	0
1428506889213062626	CPU_4	100.00	0	0	0	0	0	0	0	0	0
1428506889929308066	CPU_4	98.61	0	0	0	0	1.38	0	0	0	0
1428506890633371472	CPU_4	98.59	0	0	0	0	0	1.40	0	0	0
1428506891335666671	CPU_4	98.57	0	0	0	0	1.42	0	0	0	0
1428506892050396902	CPU_4	100.00	0	0	0	0	0	0	0	0	0
1428506892753942349	CPU_4	98.59	0	0	0	0	1.40	0	0	0	0
1428506893469090829	CPU_4	98.59	0	0	0	0	0	1.40	0	0	0
1428506894172160608	CPU_4	98.57	0	0	0	0	1.42	0	0	0	0
1428506894876868136	CPU_4	100.00	0	0	0	0	0	0	0	0	0
1428506895591494989	CPU_4	97.26	0	0	0	0	1.36	1.36	0	0	0
1428506896294479099	CPU_4	100.00	0	0	0	0	0	0	0	0	0
1428506897004042872	CPU_4	98.57	0	0	0	0	1.42	0	0	0	0
1428506897744082371	CPU_4	100.00	0	0	0	0	0	0	0	0	0
1428506898446533689	CPU_4	97.18	0	0	0	0	1.40	1.40	0	0	0
1428506899160254956	CPU_4	100.00	0	0	0	0	0	0	0	0	0
1428506899865012937	CPU_4	98.59	0	0	0	0	1.40	0	0	0	0
1428506900567372253	CPU_4	100.00	0	0	0	0	0	0	0	0	0
1428506901280644561	CPU_4	97.26	0	0	0	0	1.36	1.36	0	0	0
1428506901986648456	CPU_4	100.00	0	0	0	0	0	0	0	0	0
1428506902698793763	CPU_4	98.59	0	0	0	0	1.40	0	0	0	0
1428506903408813196	CPU_4	98.59	0	0	0	0	0	1.40	0	0	0
1428506904117212047	CPU_4	98.59	0	0	0	0	1.40	0	0	0	0
1428506904836896429	CPU_4	100.00	0	0	0	0	0	0	0	0	0
1428506905538326617	CPU_4	98.59	0	0	0	0	1.40	0	0	0	0
1428506906256138333	CPU_4	98.59	0	0	0	0	0	1.40	0	0	0
1428506906962138725	CPU_4	98.61	0	0	0	0	1.38	0	0	0	0
1428506907665151617	CPU_4	100.00	0	0	0	0	0	0	0	0	0
1428506908412411477	CPU_4	98.66	0	0	0	0	1.33	0	0	0	0
1428506909120429115	CPU_4	98.59	0	0	0	0	0	1.40	0	0	0
1428506909827763919	CPU_4	98.59	0	0	0	0	1.40	0	0	0	0
1428506910541231218	CPU_4	100.00	0	0	0	0	0	0	0	0	0
1428506911244804108	CPU_4	98.59	0	0	0	0	1.40	0	0	0	0
1428506911961073070	CPU_4	98.59	0	0	0	0	0	1.40	0	0	0
1428506912661903711	CPU_4	98.59	0	0	0	0	1.40	0	0	0	0
1428506913397536199	CPU_4	100.00	0	0	0	0	0	0	0	0	0
1428506914111821120	CPU_4	97.26	0	0	0	0	1.36	1.36	0	0	0
1428506914816750922	CPU_4	100.00	0	0	0	0	0	0	0	0	0
1428506915532049549	CPU_4	98.59	0	0	0	0	1.40	0	0	0	0
1428506916242499304	CPU_4	100.00	0	0	0	0	0	0	0	0	0
1428506916946790229	CPU_4	97.18	0	0	0	0	1.40	1.40	0	0	0
1428506917660287648	CPU_4	100.00	0	0	0	0	0	0	0	0	0
1428506918365169863	CPU_4	98.59	0	0	0	0	1.40	0	0	0	0
1428506919072178327	CPU_4	100.00	0	0	0	0	0	0	0	0	0
1428506919782777995	CPU_4	97.22	0	0	0	0	1.38	1.38	0	0	0
1428506920487926251	CPU_4	100.00	0	0	0	0	0	0	0	0	0
1428506921201719416	CPU_4	98.59	0	0	0	0	1.40	0	0	0	0
1428506921906271921	CPU_4	100.00	0	0	0	0	0	0	0	0	0
1428506922609588384	CPU_4	97.22	0	0	0	0	1.38	1.38	0	0	0
1428506923325598004	CPU_4	100.00	0	0	0	0	0	0	0	0	0
1428506924045580203	CPU_4	98.63	0	0	0	0	1.36	0	0	0	0
1428506924756639950	CPU_4	98.59	0	0	0	0	0	1.40	0	0	0
1428506925465355366	CPU_4	98.59	0	0	0	0	1.40	0	0	0	0
1428506926168382535	CPU_4	100.00	0	0	0	0	0	0	0	0	0
1428506926883486860	CPU_4	98.61	0	0	0	0	1.38	0	0	0	0
1428506927588029235	CPU_4	98.57	0	0	0	0	0	1.42	0	0	0
1428506928291574027	CPU_4	98.59	0	0	0	0	1.40	0	0	0	0
1428506929006316102	CPU_4	100.00	0	0	0	0	0	0	0	0	0
1428506929710937016	CPU_4	98.59	0	0	0	0	1.40	0	0	0	0
1428506930433145875	CPU_4	98.61	0	0	0	0	0	1.38	0	0	0
1428506931137276664	CPU_4	98.59	0	0	0	0	1.40	0	0	0	0
1428506931843162035	CPU_4	100.00	0	0	0	0	0	0	0	0	0
1428506932557179190	CPU_4	98.61	0	0	0	0	1.38	0	0	0	0
1428506933259948103	CPU_4	98.57	0	0	0	0	0	1.42	0	0	0
1428506933965610389	CPU_4	98.59	0	0	0	0	1.40	0	0	0	0
1428506934710580309	CPU_4	100.00	0	0	0	0	0	0	0	0	0
1428506935414781636	CPU_4	97.18	0	0	0	0	1.40	1.40	0	0	0
1428506936130210704	CPU_4	100.00	0	0	0	0	0	0	0	0	0
1428506936835057613	CPU_4	98.59	0	0	0	0	1.40	0	0	0	0
1428506937542870269	CPU_4	100.00	0	0	0	0	0	0	0	0	0
1428506938254818337	CPU_4	97.22	0	0	0	0	1.38	1.38	0	0	0
1428506938961716118	CPU_4	100.00	0	0	0	0	0	0	0	0	0
1428506939683375011	CPU_4	98.61	0	0	0	0	1.38	0	0	0	0
1428506940388261042	CPU_4	100.00	0	0	0	0	0	0	0	0	0
1428506941092438406	CPU_4	97.18	0	0	0	0	1.40	1.40	0	0	0
1428506941807282511	CPU_4	100.00	0	0	0	0	0	0	0	0	0
1428506942510158500	CPU_4	98.57	0	0	0	0	1.42	0	0	0	0
1428506943214812070	CPU_4	100.00	0	0	0	0	0	0	0	0	0
1428506943930515673	CPU_4	97.26	0	0	0	0	1.36	1.36	0	0	0
1428506944634604201	CPU_4	100.00	0	0	0	0	0	0	0	0	0
1428506945383347818	CPU_4	98.68	0	0	0	0	1.31	0	0	0	0
1428506946089994093	CPU_4	98.57	0	0	0	0	0	1.42	0	0	0
1428506946795134493	CPU_4	98.59	0	0	0	0	1.40	0	0	0	0
1428506947510262176	CPU_4	100.00	0	0	0	0	0	0	0	0	0
1428506948214717368	CPU_4	98.59	0	0	0	0	1.40	0	0	0	0
1428506948920987432	CPU_4	98.57	0	0	0	0	0	1.42	0	0	0
1428506949635348739	CPU_4	98.61	0	0	0	0	1.38	0	0	0	0
1428506950341286886	CPU_4	100.00	0	0	0	0	0	0	0	0	0
1428506951058095732	CPU_4	98.61	0	0	0	0	1.38	0	0	0	0
1428506951761717629	CPU_4	98.57	0	0	0	0	0	1.42	0	0	0
1428506952466949900	CPU_4	98.59	0	0	0	0	1.40	0	0	0	0
1428506953182403704	CPU_4	100.00	0	0	0	0	0	0	0	0	0
1428506953887525473	CPU_4	97.18	0	0	0	0	1.40	1.40	0	0	0
1428506954609607645	CPU_4	100.00	0	0	0	0	0	0	0	0	0
1428506955315063121	CPU_4	98.59	0	0	0	0	1.40	0	0	0	0
1428506956020447973	CPU_4	100.00	0	0	0	0	0	0	0	0	0
1428506956731735526	CPU_4	97.22	0	0	0	0	1.38	1.38	0	0	0
1428506957437683792	CPU_4	100.00	0	0	0	0	0	0	0	0	0
1428506958143115808	CPU_4	98.59	0	0	0	0	1.40	0	0	0	0
1428506958856457025	CPU_4	100.00	0	0	0	0	0	0	0	0	0
1428506959561793123	CPU_4	97.22	0	0	0	0	1.38	1.38	0	0	0
1428506960282814708	CPU_4	100.00	0	0	0	0	0	0	0	0	0
1428506960985914391	CPU_4	98.59	0	0	0	0	1.40	0	0	0	0
1428506961691068695	CPU_4	100.00	0	0	0	0	0	0	0	0	0
1428506962406443033	CPU_4	97.22	0	0	0	0	1.38	1.38	0	0	0
1428506963109469755	CPU_4	100.00	0	0	0	0	0	0	0	0	0
1428506963816035974	CPU_4	98.59	0	0	0	0	1.40	0	0	0	0
1428506964530358894	CPU_4	98.59	0	0	0	0	0	1.40	0	0	0
1428506965237390569	CPU_4	98.59	0	0	0	0	1.40	0	0	0	0
1428506965981833464	CPU_4	100.00	0	0	0	0	0	0	0	0	0
1428506966686510932	CPU_4	98.59	0	0	0	0	1.40	0	0	0	0
1428506967391702690	CPU_4	98.57	0	0	0	0	0	1.42	0	0	0
1428506968105961858	CPU_4	98.61	0	0	0	0	1.38	0	0	0	0
1428506968811283407	CPU_4	100.00	0	0	0	0	0	0	0	0	0
1428506969527933154	CPU_4	98.61	0	0	0	0	1.38	0	0	0	0
1428506970236360699	CPU_4	98.59	0	0	0	0	0	1.40	0	0	0
1428506970942692329	CPU_4	98.59	0	0	0	0	1.40	0	0	0	0
1428506971658456242	CPU_4	100.00	0	0	0	0	0	0	0	0	0
1428506972366179161	CPU_4	98.59	0	0	0	0	1.40	0	0	0	0
1428506973081158408	CPU_4	98.59	0	0	0	0	0	1.40	0	0	0
1428506973791385698	CPU_4	100.00	0	0	0	0	0	0	0	0	0
1428506974498933658	CPU_4	98.59	0	0	0	0	1.40	0	0	0	0
1428506975212211862	CPU_4	98.59	0	0	0	0	0	1.40	0	0	0
1428506975924289608	CPU_4	98.61	0	0	0	0	1.38	0	0	0	0
1428506976657727127	CPU_4	100.00	0	0	0	0	0	0	0	0	0
1428506977373538286	CPU_4	98.61	0	0	0	0	1.38	0	0	0	0
1428506978079026577	CPU_4	98.59	0	0	0	0	0	1.40	0	0	0
1428506978796185567	CPU_4	98.61	0	0	0	0	1.38	0	0	0	0
1428506979503093231	CPU_4	100.00	0	0	0	0	0	0	0	0	0
1428506980208511063	CPU_4	98.59	0	0	0	0	1.40	0	0	0	0
1428506980924940634	CPU_4	98.61	0	0	0	0	0	1.38	0	0	0
1428506981633463962	CPU_4	98.59	0	0	0	0	1.40	0	0	0	0
1428506982348272617	CPU_4	100.00	0	0	0	0	0	0	0	0	0
1428506983055449612	CPU_4	98.59	0	0	0	0	1.40	0	0	0	0
1428506983762171315	CPU_4	98.57	0	0	0	0	0	1.42	0	0	0
1428506984476411885	CPU_4	98.61	0	0	0	0	1.38	0	0	0	0
1428506985183375670	CPU_4	100.00	0	0	0	0	0	0	0	0	0
1428506985946672282	CPU_4	97.33	0	0	0	0	1.33	1.33	0	0	0
1428506986655339689	CPU_4	100.00	0	0	0	0	0	0	0	0	0
1428506987360505765	CPU_4	98.57	0	0	0	0	1.42	0	0	0	0
1428506988077622622	CPU_4	100.00	0	0	0	0	0	0	0	0	0
1428506988784447529	CPU_4	97.22	0	0	0	0	1.38	1.38	0	0	0
1428506989489707437	CPU_4	100.00	0	0	0	0	0	0	0	0	0
1428506990207207500	CPU_4	98.61	0	0	0	0	1.38	0	0	0	0
1428506990913755739	CPU_4	100.00	0	0	0	0	0	0	0	0	0
1428506991650696743	CPU_4	97.33	0	0	0	0	1.33	1.33	0	0	0
1428506992355948399	CPU_4	100.00	0	0	0	0	0	0	0	0	0
1428506993063770593	CPU_4	98.59	0	0	0	0	1.40	0	0	0	0
1428506993779707988	CPU_4	100.00	0	0	0	0	0	0	0	0	0
1428506994487602306	CPU_4	97.18	0	0	0	0	1.40	1.40	0	0	0
1428506995195792665	CPU_4	100.00	0	0	0	0	0	0	0	0	0
1428506995911105268	CPU_4	98.61	0	0	0	0	1.38	0	0	0	0
1428506996617062544	CPU_4	98.59	0	0	0	0	0	1.40	0	0	0
1428506997334190227	CPU_4	98.61	0	0	0	0	1.38	0	0	0	0
1428506998042491793	CPU_4	100.00	0	0	0	0	0	0	0	0	0
1428506998752020314	CPU_4	98.59	0	0	0	0	1.40	0	0	0	0
1428506999468555246	CPU_4	98.61	0	0	0	0	0	1.38	0	0	0
1428507000177206684	CPU_4	98.59	0	0	0	0	1.40	0	0	0	0
1428507000893484282	CPU_4	100.00	0	0	0	0	0	0	0	0	0
1428507001604844467	CPU_4	98.61	0	0	0	0	1.38	0	0	0	0
1428507002313551070	CPU_4	98.59	0	0	0	0	0	1.40	0	0	0
1428507003045700277	CPU_4	98.63	0	0	0	0	1.36	0	0	0	0
1428507003759027875	CPU_4	100.00	0	0	0	0	0	0	0	0	0
1428507004473788013	CPU_4	97.26	0	0	0	0	1.36	1.36	0	0	0
1428507005181693656	CPU_4	100.00	0	0	0	0	0	0	0	0	0
1428507005888865299	CPU_4	98.59	0	0	0	0	1.40	0	0	0	0
1428507006604634018	CPU_4	100.00	0	0	0	0	0	0	0	0	0
1428507007311820410	CPU_4	97.22	0	0	0	0	1.38	1.38	0	0	0
1428507008024551339	CPU_4	100.00	0	0	0	0	0	0	0	0	0
1428507008736851267	CPU_4	98.61	0	0	0	0	1.38	0	0	0	0
1428507009443326824	CPU_4	100.00	0	0	0	0	0	0	0	0	0
1428507010160394498	CPU_4	97.26	0	0	0	0	1.36	1.36	0	0	0
1428507010864235807	CPU_4	100.00	0	0	0	0	0	0	0	0	0
1428507011571029904	CPU_4	98.57	0	0	0	0	1.42	0	0	0	0
1428507012288285409	CPU_4	100.00	0	0	0	0	0	0	0	0	0
1428507013000021626	CPU_4	97.22	0	0	0	0	1.38	1.38	0	0	0
1428507013714426590	CPU_4	100.00	0	0	0	0	0	0	0	0	0
1428507014420134353	CPU_4	98.57	0	0	0	0	1.42	0	0	0	0
1428507015127679239	CPU_4	100.00	0	0	0	0	0	0	0	0	0
1428507015842280409	CPU_4	97.26	0	0	0	0	1.36	1.36	0	0	0
1428507016549169420	CPU_4	100.00	0	0	0	0	0	0	0	0	0
1428507017257244053	CPU_4	98.59	0	0	0	0	1.40	0	0	0	0
1428507017971843348	CPU_4	98.59	0	0	0	0	0	1.40	0	0	0
1428507018679776064	CPU_4	98.61	0	0	0	0	1.38	0	0	0	0
1428507019397594395	CPU_4	100.00	0	0	0	0	0	0	0	0	0
1428507020105101278	CPU_4	98.61	0	0	0	0	1.38	0	0	0	0
1428507020813392242	CPU_4	98.59	0	0	0	0	0	1.40	0	0	0
1428507021534871652	CPU_4	98.61	0	0	0	0	1.38	0	0	0	0
1428507022243321657	CPU_4	100.00	0	0	0	0	0	0	0	0	0
1428507022958189113	CPU_4	98.61	0	0	0	0	1.38	0	0	0	0
1428507023680780729	CPU_4	98.61	0	0	0	0	0	1.38	0	0	0
1428507024396416518	CPU_4	98.61	0	0	0	0	1.38	0	0	0	0
1428507025196212023	CPU_4	100.00	0	0	0	0	0	0	0	0	0
1428507025901684861	CPU_4	97.22	0	0	0	0	1.38	1.38	0	0	0
1428507026622043518	CPU_4	100.00	0	0	0	0	0	0	0	0	0
1428507027330020769	CPU_4	98.59	0	0	0	0	1.40	0	0	0	0
1428507028046106304	CPU_4	100.00	0	0	0	0	0	0	0	0	0
1428507028757989092	CPU_4	97.22	0	0	0	0	1.38	1.38	0	0	0
1428507029466246342	CPU_4	100.00	0	0	0	0	0	0	0	0	0
1428507030184141748	CPU_4	98.61	0	0	0	0	1.38	0	0	0	0
1428507030891068581	CPU_4	100.00	0	0	0	0	0	0	0	0	0
1428507031599399870	CPU_4	97.22	0	0	0	0	1.38	1.38	0	0	0
1428507032317476984	CPU_4	100.00	0	0	0	0	0	0	0	0	0
1428507033023207608	CPU_4	98.57	0	0	0	0	1.42	0	0	0	0
1428507033744621967	CPU_4	98.63	0	0	0	0	0	1.36	0	0	0
1428507034452397088	CPU_4	98.59	0	0	0	0	1.40	0	0	0	0
1428507035163481122	CPU_4	100.00	0	0	0	0	0	0	0	0	0
1428507035880605400	CPU_4	98.61	0	0	0	0	1.38	0	0	0	0
1428507036591166308	CPU_4	98.59	0	0	0	0	0	1.40	0	0	0
1428507037307724169	CPU_4	98.61	0	0	0	0	1.38	0	0	0	0
1428507038014860996	CPU_4	100.00	0	0	0	0	0	0	0	0	0
1428507038724219238	CPU_4	98.61	0	0	0	0	1.38	0	0	0	0
1428507039445128218	CPU_4	98.61	0	0	0	0	0	1.38	0	0	0
1428507040150667587	CPU_4	98.59	0	0	0	0	1.40	0	0	0	0
1428507040861091034	CPU_4	100.00	0	0	0	0	0	0	0	0	0
1428507041577280266	CPU_4	98.61	0	0	0	0	1.38	0	0	0	0
1428507042287790962	CPU_4	98.59	0	0	0	0	0	1.40	0	0	0
1428507043003521736	CPU_4	98.61	0	0	0	0	1.38	0	0	0	0
1428507043713083099	CPU_4	100.00	0	0	0	0	0	0	0	0	0
1428507044422855752	CPU_4	97.22	0	0	0	0	1.38	1.38	0	0	0
1428507045140055273	CPU_4	100.00	0	0	0	0	0	0	0	0	0
1428507045847177886	CPU_4	98.59	0	0	0	0	1.40	0	0	0	0
1428507046566014571	CPU_4	100.00	0	0	0	0	0	0	0	0	0
1428507047272116726	CPU_4	97.22	0	0	0	0	1.38	1.38	0	0	0
1428507047980705211	CPU_4	100.00	0	0	0	0	0	0	0	0	0
1428507048697632354	CPU_4	98.61	0	0	0	0	1.38	0	0	0	0
1428507049408272170	CPU_4	100.00	0	0	0	0	0	0	0	0	0
1428507050124408938	CPU_4	97.26	0	0	0	0	1.36	1.36	0	0	0
1428507050832067672	CPU_4	100.00	0	0	0	0	0	0	0	0	0
1428507051540454154	CPU_4	98.59	0	0	0	0	1.40	0	0	0	0
1428507052257692586	CPU_4	100.00	0	0	0	0	0	0	0	0	0
1428507052965470194	CPU_4	97.22	0	0	0	0	1.38	1.38	0	0	0
1428507053699203276	CPU_4	100.00	0	0	0	0	0	0	0	0	0
1428507054418036164	CPU_4	97.29	0	1.35	0	0	1.35	0	0	0	0
1428507055124065229	CPU_4	98.59	0	0	0	0	0	1.40	0	0	0
1428507055839526244	CPU_4	98.61	0	0	0	0	1.38	0	0	0	0
1428507056549481180	CPU_4	100.00	0	0	0	0	0	0	0	0	0
1428507057253949453	CPU_4	98.59	0	0	0	0	1.40	0	0	0	0
1428507057969190758	CPU_4	98.61	0	0	0	0	0	1.38	0	0	0
1428507058675926487	CPU_4	98.59	0	0	0	0	1.40	0	0	0	0
1428507059390222041	CPU_4	100.00	0	0	0	0	0	0	0	0	0
1428507060098559143	CPU_4	98.61	0	0	0	0	1.38	0	0	0	0
1428507060805718328	CPU_4	98.57	0	0	0	0	0	1.42	0	0	0
1428507061518771007	CPU_4	98.61	0	0	0	0	1.38	0	0	0	0
1428507062226449941	CPU_4	100.00	0	0	0	0	0	0	0	0	0
1428507062938559828	CPU_4	98.59	0	0	0	0	1.40	0	0	0	0
1428507063653890795	CPU_4	98.61	0	0	0	0	0	1.38	0	0	0
1428507064359972604	CPU_4	98.59	0	0	0	0	1.40	0	0	0	0
1428507065078334526	CPU_4	100.00	0	0	0	0	0	0	0	0	0
1428507065785535374	CPU_4	97.22	0	0	0	0	1.38	1.38	0	0	0
1428507066493278638	CPU_4	100.00	0	0	0	0	0	0	0	0	0
1428507067211357683	CPU_4	98.61	0	0	0	0	1.38	0	0	0	0
1428507067920239195	CPU_4	100.00	0	0	0	0	0	0	0	0	0
1428507068636412616	CPU_4	97.26	0	0	0	0	1.36	1.36	0	0	0
1428507069345325251	CPU_4	100.00	0	0	0	0	0	0	0	0	0
1428507070053818637	CPU_4	98.59	0	0	0	0	1.40	0	0	0	0
1428507070778164049	CPU_4	100.00	0	0	0	0	0	0	0	0	0
1428507071484026144	CPU_4	97.22	0	0	0	0	1.38	1.38	0	0	0
1428507072206600557	CPU_4	100.00	0	0	0	0	0	0	0	0	0
1428507072916302647	CPU_4	98.59	0	0	0	0	1.40	0	0	0	0
1428507073625026530	CPU_4	100.00	0	0	0	0	0	0	0	0	0
1428507074343947486	CPU_4	97.26	0	0	0	0	1.36	1.36	0	0	0
1428507075052760159	CPU_4	100.00	0	0	0	0	0	0	0	0	0
1428507075771837072	CPU_4	98.59	0	0	0	0	1.40	0	0	0	0
1428507076490588819	CPU_4	98.63	0	0	0	0	0	1.36	0	0	0
1428507077199672448	CPU_4	98.59	0	0	0	0	1.40	0	0	0	0
1428507077918253402	CPU_4	100.00	0	0	0	0	0	0	0	0	0
1428507078625927699	CPU_4	98.59	0	0	0	0	1.40	0	0	0	0
1428507079334980160	CPU_4	98.59	0	0	0	0	0	1.40	0	0	0
1428507080052965071	CPU_4	98.61	0	0	0	0	1.38	0	0	0	0
1428507080764211905	CPU_4	100.00	0	0	0	0	0	0	0	0	0
1428507081482798023	CPU_4	98.61	0	0	0	0	1.38	0	0	0	0
1428507082192510773	CPU_4	98.59	0	0	0	0	0	1.40	0	0	0
1428507082901673524	CPU_4	98.59	0	0	0	0	1.40	0	0	0	0
1428507083621768138	CPU_4	100.00	0	0	0	0	0	0	0	0	0
1428507084330739555	CPU_4	98.61	0	0	0	0	1.38	0	0	0	0
1428507085049443670	CPU_4	98.61	0	0	0	0	0	1.38	0	0	0
1428507085757101503	CPU_4	98.59	0	0	0	0	1.40	0	0	0	0
1428507086467185500	CPU_4	100.00	0	0	0	0	0	0	0	0	0
1428507087186361363	CPU_4	97.26	0	0	0	0	1.36	1.36	0	0	0
1428507087894733486	CPU_4	100.00	0	0	0	0	0	0	0	0	0
1428507088612893349	CPU_4	98.61	0	0	0	0	1.38	0	0	0	0
1428507089324211510	CPU_4	100.00	0	0	0	0	0	0	0	0	0
1428507090034770795	CPU_4	97.18	0	0	0	0	1.40	1.40	0	0	0
1428507090754555280	CPU_4	100.00	0	0	0	0	0	0	0	0	0
1428507091463966024	CPU_4	98.59	0	0	0	0	1.40	0	0	0	0
1428507092181694260	CPU_4	100.00	0	0	0	0	0	0	0	0	0
1428507092892936168	CPU_4	97.22	0	0	0	0	1.38	1.38	0	0	0
1428507093603976034	CPU_4	100.00	0	0	0	0	0	0	0	0	0
1428507094334253882	CPU_4	98.63	0	0	0	0	1.36	0	0	0	0
1428507095043897081	CPU_4	100.00	0	0	0	0	0	0	0	0	0
1428507095753351072	CPU_4	97.26	0	0	0	0	1.36	1.36	0	0	0
1428507096475353634	CPU_4	100.00	0	0	0	0	0	0	0	0	0
1428507097184632125	CPU_4	98.59	0	0	0	0	1.40	0	0	0	0
1428507097902028982	CPU_4	98.61	0	0	0	0	0	1.38	0	0	0
1428507098611370512	CPU_4	98.59	0	0	0	0	1.40	0	0	0	0
1428507099321836833	CPU_4	100.00	0	0	0	0	0	0	0	0	0
1428507100037212149	CPU_4	98.61	0	0	0	0	1.38	0	0	0	0
1428507100747982094	CPU_4	98.59	0	0	0	0	0	1.40	0	0	0
1428507101465717073	CPU_4	98.63	0	0	0	0	1.36	0	0	0	0
1428507102177115807	CPU_4	100.00	0	0	0	0	0	0	0	0	0
1428507102884087879	CPU_4	98.59	0	0	0	0	1.40	0	0	0	0
1428507103603319480	CPU_4	98.61	0	0	0	0	0	1.38	0	0	0
1428507104313444215	CPU_4	98.61	0	0	0	0	1.38	0	0	0	0
1428507105038422559	CPU_4	100.00	0	0	0	0	0	0	0	0	0
1428507105750475707	CPU_4	98.61	0	0	0	0	1.38	0	0	0	0
1428507106461441189	CPU_4	98.59	0	0	0	0	0	1.40	0	0	0
1428507107182445870	CPU_4	98.61	0	0	0	0	1.38	0	0	0	0
1428507107892375060	CPU_4	100.00	0	0	0	0	0	0	0	0	0
1428507108612142782	CPU_4	98.61	0	0	0	0	1.38	0	0	0	0
1428507109327974591	CPU_4	98.61	0	0	0	0	0	1.38	0	0	0
1428507110035916990	CPU_4	98.59	0	0	0	0	1.40	0	0	0	0
1428507110757344834	CPU_4	100.00	0	0	0	0	0	0	0	0	0
1428507111467057522	CPU_4	97.22	0	0	0	0	1.38	1.38	0	0	0
1428507112177841875	CPU_4	100.00	0	0	0	0	0	0	0	0	0
1428507112897390928	CPU_4	98.61	0	0	0	0	1.38	0	0	0	0
1428507113607595364	CPU_4	100.00	0	0	0	0	0	0	0	0	0
1428507114327346165	CPU_4	97.26	0	0	0	0	1.36	1.36	0	0	0
1428507115035007269	CPU_4	100.00	0	0	0	0	0	0	0	0	0
1428507115746330536	CPU_4	98.59	0	0	0	0	1.40	0	0	0	0
1428507116466475919	CPU_4	100.00	0	0	0	0	0	0	0	0	0
1428507117174648896	CPU_4	97.22	0	0	0	0	1.38	1.38	0	0	0
1428507117893993320	CPU_4	100.00	0	0	0	0	0	0	0	0	0
1428507118605004419	CPU_4	98.59	0	0	0	0	1.40	0	0	0	0
1428507119316339183	CPU_4	100.00	0	0	0	0	0	0	0	0	0
1428507120035885272	CPU_4	97.26	0	0	0	0	1.36	1.36	0	0	0
1428507120747443244	CPU_4	100.00	0	0	0	0	0	0	0	0	0
1428507121468593830	CPU_4	98.63	0	0	0	0	1.36	0	0	0	0
1428507122176831054	CPU_4	98.57	0	0	0	0	0	1.42	0	0	0
1428507122887565441	CPU_4	98.61	0	0	0	0	1.38	0	0	0	0
1428507123610161983	CPU_4	100.00	0	0	0	0	0	0	0	0	0
1428507124320639120	CPU_4	98.61	0	0	0	0	1.38	0	0	0	0
1428507125037059709	CPU_4	98.59	0	0	0	0	0	1.40	0	0	0
1428507125754746962	CPU_4	98.63	0	0	0	0	1.36	0	0	0	0
1428507126466378638	CPU_4	100.00	0	0	0	0	0	0	0	0	0
1428507127185298306	CPU_4	98.61	0	0	0	0	1.38	0	0	0	0
1428507127899740395	CPU_4	98.61	0	0	0	0	0	1.38	0	0	0
1428507128612754109	CPU_4	98.59	0	0	0	0	1.40	0	0	0	0
1428507129330117486	CPU_4	100.00	0	0	0	0	0	0	0	0	0
1428507130040157077	CPU_4	97.22	0	0	0	0	1.38	1.38	0	0	0
1428507130761227157	CPU_4	100.00	0	0	0	0	0	0	0	0	0
1428507131471733706	CPU_4	98.59	0	0	0	0	1.40	0	0	0	0
1428507132180620547	CPU_4	100.00	0	0	0	0	0	0	0	0	0
1428507132903500541	CPU_4	97.29	0	0	0	0	1.35	1.35	0	0	0
1428507133614060171	CPU_4	100.00	0	0	0	0	0	0	0	0	0
1428507134332133460	CPU_4	98.61	0	0	0	0	1.38	0	0	0	0
1428507135042937755	CPU_4	100.00	0	0	0	0	0	0	0	0	0
1428507135756771589	CPU_4	97.26	0	0	0	0	1.36	1.36	0	0	0
1428507136477885082	CPU_4	100.00	0	0	0	0	0	0	0	0	0
1428507137186366753	CPU_4	98.59	0	0	0	0	1.40	0	0	0	0
1428507137908070870	CPU_4	100.00	0	0	0	0	0	0	0	0	0
1428507138620347619	CPU_4	97.22	0	0	0	0	1.38	1.38	0	0	0
1428507139329943788	CPU_4	100.00	0	0	0	0	0	0	0	0	0
1428507140049724155	CPU_4	98.63	0	0	0	0	1.36	0	0	0	0
1428507140761332488	CPU_4	98.59	0	0	0	0	0	1.40	0	0	0
1428507141482253394	CPU_4	98.61	0	0	0	0	1.38	0	0	0	0
1428507142191677186	CPU_4	100.00	0	0	0	0	0	0	0	0	0
1428507142902652434	CPU_4	98.61	0	0	0	0	1.38	0	0	0	0
1428507143632678913	CPU_4	98.63	0	0	0	0	0	1.36	0	0	0
1428507144348227656	CPU_4	98.61	0	0	0	0	1.38	0	0	0	0
1428507145165663422	CPU_4	98.76	0	0	0	0	1.23	0	0	0	0
1428507145877912458	CPU_4	100.00	0	0	0	0	0	0	0	0	0
1428507146596392447	CPU_4	97.22	0	0	0	0	1.38	1.38	0	0	0
1428507147313082020	CPU_4	100.00	0	0	0	0	0	0	0	0	0
1428507148023357099	CPU_4	98.61	0	0	0	0	1.38	0	0	0	0
1428507148747665830	CPU_4	98.61	0	0	0	0	0	1.38	0	0	0
1428507149459118532	CPU_4	98.61	0	0	0	0	1.38	0	0	0	0
1428507150168948985	CPU_4	100.00	0	0	0	0	0	0	0	0	0
1428507150890273592	CPU_4	98.63	0	0	0	0	1.36	0	0	0	0
1428507151601652709	CPU_4	98.59	0	0	0	0	0	1.40	0	0	0
1428507152322414358	CPU_4	98.61	0	0	0	0	1.38	0	0	0	0
1428507153032074226	CPU_4	100.00	0	0	0	0	0	0	0	0	0
1428507153745815173	CPU_4	98.61	0	0	0	0	1.38	0	0	0	0
1428507154466823736	CPU_4	98.61	0	0	0	0	0	1.38	0	0	0
1428507155174256772	CPU_4	98.61	0	0	0	0	1.38	0	0	0	0
1428507155896872750	CPU_4	100.00	0	0	0	0	0	0	0	0	0
1428507156608092655	CPU_4	97.22	0	0	0	0	1.38	1.38	0	0	0
1428507157322002974	CPU_4	100.00	0	0	0	0	0	0	0	0	0
1428507158042208495	CPU_4	98.61	0	0	0	0	1.38	0	0	0	0
1428507158754986022	CPU_4	100.00	0	0	0	0	0	0	0	0	0
1428507159474699209	CPU_4	97.26	0	0	0	0	1.36	1.36	0	0	0
1428507160184466780	CPU_4	100.00	0	0	0	0	0	0	0	0	0
1428507160895891141	CPU_4	98.59	0	0	0	0	1.40	0	0	0	0
1428507161617333241	CPU_4	100.00	0	0	0	0	0	0	0	0	0
1428507162330495183	CPU_4	97.22	0	0	0	0	1.38	1.38	0	0	0
1428507163050351492	CPU_4	100.00	0	0	0	0	0	0	0	0	0
1428507163765760680	CPU_4	98.59	0	0	0	0	1.40	0	0	0	0
1428507164478002288	CPU_4	100.00	0	0	0	0	0	0	0	0	0
1428507165197304054	CPU_4	97.26	0	0	0	0	1.36	1.36	0	0	0
1428507165909731286	CPU_4	100.00	0	0	0	0	0	0	0	0	0
1428507166631661965	CPU_4	98.61	0	0	0	0	1.38	0	0	0	0
1428507167346481777	CPU_4	98.59	0	0	0	0	0	1.40	0	0	0
1428507168056339718	CPU_4	98.61	0	0	0	0	1.38	0	0	0	0
1428507168777200605	CPU_4	100.00	0	0	0	0	0	0	0	0	0
1428507169491559624	CPU_4	98.61	0	0	0	0	1.38	0	0	0	0
1428507170219491170	CPU_4	98.61	0	0	0	0	0	1.38	0	0	0
1428507170932040523	CPU_4	98.61	0	0	0	0	1.38	0	0	0	0
1428507171645921291	CPU_4	100.00	0	0	0	0	0	0	0	0	0
1428507172368344466	CPU_4	98.63	0	0	0	0	1.36	0	0	0	0
1428507173078816778	CPU_4	98.59	0	0	0	0	0	1.40	0	0	0
1428507173796785249	CPU_4	98.61	0	0	0	0	1.38	0	0	0	0
1428507174513465512	CPU_4	100.00	0	0	0	0	0	0	0	0	0
1428507175223450781	CPU_4	98.59	0	0	0	0	1.40	0	0	0	0
1428507175946802745	CPU_4	98.61	0	0	0	0	0	1.38	0	0	0
1428507176659873093	CPU_4	98.61	0	0	0	0	1.38	0	0	0	0
1428507177375748230	CPU_4	100.00	0	0	0	0	0	0	0	0	0
1428507178094022989	CPU_4	97.26	0	0	0	0	1.36	1.36	0	0	0
1428507178807861502	CPU_4	100.00	0	0	0	0	0	0	0	0	0
1428507179529380924	CPU_4	98.63	0	0	0	0	1.36	0	0	0	0
1428507180249680887	CPU_4	100.00	0	0	0	0	0	0	0	0	0
1428507180961302527	CPU_4	97.22	0	0	0	0	1.38	1.38	0	0	0
1428507181688085233	CPU_4	100.00	0	0	0	0	0	0	0	0	0
1428507182402404493	CPU_4	98.61	0	0	0	0	1.38	0	0	0	0
1428507183123328079	CPU_4	100.00	0	0	0	0	0	0	0	0	0
1428507183835825382	CPU_4	97.26	0	0	0	0	1.36	1.36	0	0	0
1428507184548944225	CPU_4	100.00	0	0	0	0	0	0	0	0	0
1428507185271625433	CPU_4	98.63	0	0	0	0	1.36	0	0	0	0
1428507185986376899	CPU_4	98.59	0	0	0	0	0	1.40	0	0	0
1428507186711731603	CPU_4	98.63	0	0	0	0	1.36	0	0	0	0
1428507187424990236	CPU_4	100.00	0	0	0	0	0	0	0	0	0
1428507188135721288	CPU_4	98.59	0	0	0	0	1.40	0	0	0	0
1428507188859220826	CPU_4	98.63	0	0	0	0	0	1.36	0	0	0
1428507189571764125	CPU_4	98.59	0	0	0	0	1.40	0	0	0	0
1428507190295157746	CPU_4	100.00	0	0	0	0	0	0	0	0	0
1428507191006568129	CPU_4	98.59	0	0	0	0	1.40	0	0	0	0
1428507191720581175	CPU_4	98.61	0	0	0	0	0	1.38	0	0	0
1428507192444625418	CPU_4	98.61	0	0	0	0	1.38	0	0	0	0
1428507193156003175	CPU_4	100.00	0	0	0	0	0	0	0	0	0
1428507193879286126	CPU_4	97.26	0	0	0	0	1.36	1.36	0	0	0
1428507194592089005	CPU_4	100.00	0	0	0	0	0	0	0	0	0
1428507195306063132	CPU_4	98.59	0	0	0	0	1.40	0	0	0	0
1428507196030929164	CPU_4	100.00	0	0	0	0	0	0	0	0	0
1428507196745458623	CPU_4	97.26	0	0	0	0	1.36	1.36	0	0	0
1428507197468152698	CPU_4	100.00	0	0	0	0	0	0	0	0	0
1428507198179432826	CPU_4	98.59	0	0	0	0	1.40	0	0	0	0
1428507198894409700	CPU_4	100.00	0	0	0	0	0	0	0	0	0
1428507199615027442	CPU_4	97.26	0	0	0	0	1.36	1.36	0	0	0
1428507200333060437	CPU_4	100.00	0	0	0	0	0	0	0	0	0
1428507201055585010	CPU_4	98.61	0	0	0	0	1.38	0	0	0	0
1428507201773073671	CPU_4	98.61	0	0	0	0	0	1.38	0	0	0
1428507202485824794	CPU_4	98.61	0	0	0	0	1.38	0	0	0	0
1428507203207955116	CPU_4	100.00	0	0	0	0	0	0	0	0	0
1428507203921679488	CPU_4	98.61	0	0	0	0	1.38	0	0	0	0
1428507204646072306	CPU_4	98.61	0	0	0	0	0	1.38	0	0	0
1428507205359522053	CPU_4	98.61	0	0	0	0	1.38	0	0	0	0
1428507206074257005	CPU_4	100.00	0	0	0	0	0	0	0	0	0
1428507206796822741	CPU_4	98.61	0	0	0	0	1.38	0	0	0	0
1428507207511822526	CPU_4	98.61	0	0	0	0	0	1.38	0	0	0
1428507208234880635	CPU_4	98.61	0	0	0	0	1.38	0	0	0	0
1428507208949038920	CPU_4	100.00	0	0	0	0	0	0	0	0	0
1428507209660690832	CPU_4	98.61	0	0	0	0	1.38	0	0	0	0
1428507210385165563	CPU_4	98.61	0	0	0	0	0	1.38	0	0	0
1428507211095961434	CPU_4	98.59	0	0	0	0	1.40	0	0	0	0
1428507211819821040	CPU_4	100.00	0	0	0	0	0	0	0	0	0
1428507212534091280	CPU_4	97.26	0	0	0	0	1.36	1.36	0	0	0
1428507213251373017	CPU_4	100.00	0	0	0	0	0	0	0	0	0
1428507213974350706	CPU_4	98.61	0	0	0	0	1.38	0	0	0	0
1428507214690635568	CPU_4	100.00	0	0	0	0	0	0	0	0	0
1428507215414905172	CPU_4	97.29	0	0	0	0	1.35	1.35	0	0	0
1428507216126910329	CPU_4	100.00	0	0	0	0	0	0	0	0	0
1428507216842089275	CPU_4	98.61	0	0	0	0	1.38	0	0	0	0
1428507217567067584	CPU_4	100.00	0	0	0	0	0	0	0	0	0
1428507218281387113	CPU_4	97.22	0	0	0	0	1.38	1.38	0	0	0
1428507219004802506	CPU_4	100.00	0	0	0	0	0	0	0	0	0
1428507219722637072	CPU_4	98.61	0	0	0	0	1.38	0	0	0	0
1428507220438352973	CPU_4	98.59	0	0	0	0	0	1.40	0	0	0
1428507221165202444	CPU_4	98.63	0	0	0	0	1.36	0	0	0	0
1428507221884816549	CPU_4	100.00	0	0	0	0	0	0	0	0	0
1428507222609129730	CPU_4	98.63	0	0	0	0	1.36	0	0	0	0
1428507223322530299	CPU_4	98.59	0	0	0	0	0	1.40	0	0	0
1428507224035513533	CPU_4	98.61	0	0	0	0	1.38	0	0	0	0
1428507224759932672	CPU_4	100.00	0	0	0	0	0	0	0	0	0
1428507225474489529	CPU_4	98.61	0	0	0	0	1.38	0	0	0	0
1428507226199305375	CPU_4	98.63	0	0	0	0	0	1.36	0	0	0
1428507226917117769	CPU_4	98.61	0	0	0	0	1.38	0	0	0	0
1428507227632653541	CPU_4	100.00	0	0	0	0	0	0	0	0	0
1428507228355617554	CPU_4	97.29	0	0	0	0	1.35	1.35	0	0	0
1428507229070810575	CPU_4	100.00	0	0	0	0	0	0	0	0	0
1428507229793314421	CPU_4	98.61	0	0	0	0	1.38	0	0	0	0
1428507230509638731	CPU_4	100.00	0	0	0	0	0	0	0	0	0
1428507231223255711	CPU_4	97.26	0	0	0	0	1.36	1.36	0	0	0
1428507231951217549	CPU_4	98.61	0	0	0	0	1.38	0	0	0	0
1428507232664673945	CPU_4	100.00	0	0	0	0	0	0	0	0	0
1428507233390107994	CPU_4	98.63	0	0	0	0	1.36	0	0	0	0
1428507234105557470	CPU_4	98.59	0	0	0	0	0	1.40	0	0	0
1428507234818920406	CPU_4	98.61	0	0	0	0	1.38	0	0	0	0
1428507235543306079	CPU_4	100.00	0	0	0	0	0	0	0	0	0
1428507236258591845	CPU_4	97.22	0	0	0	0	1.38	1.38	0	0	0
1428507236994297714	CPU_4	100.00	0	0	0	0	0	0	0	0	0
1428507237711239811	CPU_4	98.61	0	0	0	0	1.38	0	0	0	0
1428507238425721285	CPU_4	100.00	0	0	0	0	0	0	0	0	0
1428507239151667413	CPU_4	97.26	0	0	0	0	1.36	1.36	0	0	0
1428507239862111141	CPU_4	100.00	0	0	0	0	0	0	0	0	0
1428507240588007684	CPU_4	98.61	0	0	0	0	1.38	0	0	0	0
1428507241302672407	CPU_4	100.00	0	0	0	0	0	0	0	0	0
1428507242025464911	CPU_4	97.29	0	0	0	0	1.35	1.35	0	0	0
1428507242748793998	CPU_4	100.00	0	0	0	0	0	0	0	0	0
1428507243463982052	CPU_4	98.59	0	0	0	0	1.40	0	0	0	0
1428507244188232053	CPU_4	98.61	0	0	0	0	0	1.38	0	0	0
1428507244904498313	CPU_4	98.63	0	0	0	0	1.36	0	0	0	0
1428507245619339574	CPU_4	100.00	0	0	0	0	0	0	0	0	0
1428507246343155033	CPU_4	98.63	0	0	0	0	1.36	0	0	0	0
1428507247067870657	CPU_4	98.61	0	0	0	0	0	1.38	0	0	0
1428507247790148992	CPU_4	98.63	0	0	0	0	1.36	0	0	0	0
1428507248505241126	CPU_4	100.00	0	0	0	0	0	0	0	0	0
1428507249220904301	CPU_4	98.61	0	0	0	0	1.38	0	0	0	0
1428507249946910130	CPU_4	98.61	0	0	0	0	0	1.38	0	0	0
1428507250660111681	CPU_4	98.61	0	0	0	0	1.38	0	0	0	0
1428507251383906012	CPU_4	100.00	0	0	0	0	0	0	0	0	0
1428507252105737303	CPU_4	97.26	0	0	0	0	1.36	1.36	0	0	0
1428507252821841725	CPU_4	100.00	0	0	0	0	0	0	0	0	0
1428507253546160887	CPU_4	98.61	0	0	0	0	1.38	0	0	0	0
1428507254262313183	CPU_4	100.00	0	0	0	0	0	0	0	0	0
1428507254989288717	CPU_4	97.29	0	0	0	0	1.35	1.35	0	0	0
1428507255705688511	CPU_4	100.00	0	0	0	0	0	0	0	0	0
1428507256421078765	CPU_4	98.61	0	0	0	0	1.38	0	0	0	0
1428507257155957080	CPU_4	100.00	0	0	0	0	0	0	0	0	0
1428507257870622625	CPU_4	97.22	0	0	0	0	1.38	1.38	0	0	0
1428507258596129158	CPU_4	100.00	0	0	0	0	0	0	0	0	0
1428507259311293285	CPU_4	98.61	0	0	0	0	1.38	0	0	0	0
1428507260029149284	CPU_4	100.00	0	0	0	0	0	0	0	0	0
1428507260754822732	CPU_4	97.29	0	0	0	0	1.35	1.35	0	0	0
1428507261472460230	CPU_4	100.00	0	0	0	0	0	0	0	0	0
1428507262203119464	CPU_4	98.64	0	0	0	0	1.35	0	0	0	0
1428507262921357544	CPU_4	98.61	0	0	0	0	0	1.38	0	0	0
1428507263651287818	CPU_4	98.63	0	0	0	0	1.36	0	0	0	0
1428507264378324013	CPU_4	100.00	0	0	0	0	0	0	0	0	0
1428507265171807799	CPU_4	98.73	0	0	0	0	1.26	0	0	0	0
1428507265897671744	CPU_4	97.29	0	0	0	0	1.35	1.35	0	0	0
1428507266613391991	CPU_4	100.00	0	0	0	0	0	0	0	0	0
1428507267346170177	CPU_4	98.63	0	0	0	0	1.36	0	0	0	0
1428507268060278884	CPU_4	98.61	0	0	0	0	0	1.38	0	0	0
1428507268781005082	CPU_4	98.61	0	0	0	0	1.38	0	0	0	0
1428507269501243281	CPU_4	100.00	0	0	0	0	0	0	0	0	0
1428507270215093153	CPU_4	98.61	0	0	0	0	1.38	0	0	0	0
1428507270942028093	CPU_4	98.63	0	0	0	0	0	1.36	0	0	0
1428507271660227376	CPU_4	98.61	0	0	0	0	1.38	0	0	0	0
1428507272388274523	CPU_4	100.00	0	0	0	0	0	0	0	0	0
1428507273108331219	CPU_4	98.63	0	0	0	0	1.36	0	0	0	0
1428507273824878544	CPU_4	98.59	0	0	0	0	0	1.40	0	0	0
1428507274552384107	CPU_4	98.63	0	0	0	0	1.36	0	0	0	0
1428507275268319265	CPU_4	100.00	0	0	0	0	0	0	0	0	0
1428507275995578077	CPU_4	97.29	0	0	0	0	1.35	1.35	0	0	0
1428507276716091646	CPU_4	100.00	0	0	0	0	0	0	0	0	0
1428507277439475711	CPU_4	98.63	0	0	0	0	1.36	0	0	0	0
1428507278166506939	CPU_4	100.00	0	0	0	0	0	0	0	0	0
1428507278882699095	CPU_4	97.22	0	0	0	0	1.38	1.38	0	0	0
1428507279611201361	CPU_4	100.00	0	0	0	0	0	0	0	0	0
1428507280326863350	CPU_4	98.59	0	0	0	0	1.40	0	0	0	0
1428507281041529340	CPU_4	100.00	0	0	0	0	0	0	0	0	0
1428507281766419942	CPU_4	97.29	0	0	0	0	1.35	1.35	0	0	0
1428507282487018883	CPU_4	100.00	0	0	0	0	0	0	0	0	0
1428507283212712109	CPU_4	98.63	0	0	0	0	1.36	0	0	0	0
1428507283925512599	CPU_4	98.59	0	0	0	0	0	1.40	0	0	0
1428507284642438417	CPU_4	98.61	0	0	0	0	1.38	0	0	0	0
1428507285366512560	CPU_4	100.00	0	0	0	0	0	0	0	0	0
1428507286084842042	CPU_4	98.61	0	0	0	0	1.38	0	0	0	0
1428507286806304813	CPU_4	98.61	0	0	0	0	0	1.38	0	0	0
1428507287526079584	CPU_4	98.63	0	0	0	0	1.36	0	0	0	0
1428507288241196569	CPU_4	100.00	0	0	0	0	0	0	0	0	0
1428507288969571747	CPU_4	98.63	0	0	0	0	1.36	0	0	0	0
1428507289682640941	CPU_4	98.61	0	0	0	0	0	1.38	0	0	0
1428507290408002996	CPU_4	98.63	0	0	0	0	1.36	0	0	0	0
1428507291125774935	CPU_4	100.00	0	0	0	0	0	0	0	0	0
1428507291840068544	CPU_4	97.22	0	0	0	0	1.38	1.38	0	0	0
1428507292572457381	CPU_4	100.00	0	0	0	0	0	0	0	0	0
1428507293289167069	CPU_4	98.61	0	0	0	0	1.38	0	0	0	0
1428507294016506245	CPU_4	100.00	0	0	0	0	0	0	0	0	0
1428507294731079519	CPU_4	97.22	0	0	0	0	1.38	1.38	0	0	0
1428507295447728206	CPU_4	100.00	0	0	0	0	0	0	0	0	0
1428507296174036840	CPU_4	98.63	0	0	0	0	1.36	0	0	0	0
1428507296895176188	CPU_4	100.00	0	0	0	0	0	0	0	0	0
1428507297626529940	CPU_4	97.29	0	0	0	0	1.35	1.35	0	0	0
1428507298346897871	CPU_4	100.00	0	0	0	0	0	0	0	0	0
1428507299070075465	CPU_4	98.63	0	0	0	0	1.36	0	0	0	0
1428507299796229431	CPU_4	98.61	0	0	0	0	0	1.38	0	0	0
1428507300510037618	CPU_4	98.61	0	0	0	0	1.38	0	0	0	0
1428507301237134498	CPU_4	100.00	0	0	0	0	0	0	0	0	0
1428507301952414225	CPU_4	98.61	0	0	0	0	1.38	0	0	0	0
1428507302687003220	CPU_4	98.63	0	0	0	0	0	1.36	0	0	0
1428507303404974360	CPU_4	98.63	0	0	0	0	1.36	0	0	0	0
1428507304122345124	CPU_4	100.00	0	0	0	0	0	0	0	0	0
1428507304848315045	CPU_4	98.63	0	0	0	0	1.36	0	0	0	0
1428507305563277187	CPU_4	98.61	0	0	0	0	0	1.38	0	0	0
1428507306296689181	CPU_4	98.63	0	0	0	0	1.36	0	0	0	0
1428507307013512320	CPU_4	100.00	0	0	0	0	0	0	0	0	0
1428507307736089035	CPU_4	98.61	0	0	0	0	1.38	0	0	0	0
1428507308460065997	CPU_4	98.63	0	0	0	0	0	1.36	0	0	0
1428507309176658302	CPU_4	98.59	0	0	0	0	1.40	0	0	0	0
1428507309907800255	CPU_4	100.00	0	0	0	0	0	0	0	0	0
1428507310624692058	CPU_4	97.26	0	0	0	0	1.36	1.36	0	0	0
1428507311340279987	CPU_4	100.00	0	0	0	0	0	0	0	0	0
1428507312069895941	CPU_4	98.63	0	0	0	0	1.36	0	0	0	0
1428507312787119201	CPU_4	100.00	0	0	0	0	0	0	0	0	0
1428507313514361865	CPU_4	97.26	0	0	0	0	1.36	1.36	0	0	0
1428507314232327207	CPU_4	100.00	0	0	0	0	0	0	0	0	0
1428507314948942549	CPU_4	98.61	0	0	0	0	1.38	0	0	0	0
1428507315679897249	CPU_4	100.00	0	0	0	0	0	0	0	0	0
1428507316392714845	CPU_4	97.22	0	0	0	0	1.38	1.38	0	0	0
1428507317120437632	CPU_4	100.00	0	0	0	0	0	0	0	0	0
1428507317837810263	CPU_4	98.61	0	0	0	0	1.38	0	0	0	0
1428507318553973563	CPU_4	98.61	0	0	0	0	0	1.38	0	0	0
1428507319281152932	CPU_4	98.63	0	0	0	0	1.36	0	0	0	0
1428507319998105729	CPU_4	100.00	0	0	0	0	0	0	0	0	0
1428507320725514764	CPU_4	98.63	0	0	0	0	1.36	0	0	0	0
1428507321441850187	CPU_4	98.61	0	0	0	0	0	1.38	0	0	0
1428507322157746442	CPU_4	98.61	0	0	0	0	1.38	0	0	0	0
1428507322884714977	CPU_4	100.00	0	0	0	0	0	0	0	0	0
1428507323601565147	CPU_4	98.61	0	0	0	0	1.38	0	0	0	0
1428507324329537637	CPU_4	98.61	0	0	0	0	0	1.38	0	0	0
1428507325045672433	CPU_4	98.61	0	0	0	0	1.38	0	0	0	0
1428507325763897725	CPU_4	100.00	0	0	0	0	0	0	0	0	0
1428507326489452384	CPU_4	97.26	0	0	0	0	1.36	1.36	0	0	0
1428507327205548887	CPU_4	100.00	0	0	0	0	0	0	0	0	0
1428507327931973544	CPU_4	98.63	0	0	0	0	1.36	0	0	0	0
1428507328648770545	CPU_4	100.00	0	0	0	0	0	0	0	0	0
1428507329365327295	CPU_4	97.26	0	0	0	0	1.36	1.36	0	0	0
1428507330094087073	CPU_4	100.00	0	0	0	0	0	0	0	0	0
1428507330811760364	CPU_4	98.61	0	0	0	0	1.38	0	0	0	0
1428507331538300143	CPU_4	100.00	0	0	0	0	0	0	0	0	0
1428507332258248722	CPU_4	97.26	0	0	0	0	1.36	1.36	0	0	0
1428507332980119048	CPU_4	100.00	0	0	0	0	0	0	0	0	0
1428507333707949741	CPU_4	98.63	0	0	0	0	1.36	0	0	0	0
1428507334437269599	CPU_4	98.63	0	0	0	0	0	1.36	0	0	0
1428507335168868288	CPU_4	98.64	0	0	0	0	1.35	0	0	0	0
1428507335884181203	CPU_4	100.00	0	0	0	0	0	0	0	0	0
1428507336612228186	CPU_4	98.63	0	0	0	0	1.36	0	0	0	0
1428507337329669848	CPU_4	98.61	0	0	0	0	0	1.38	0	0	0
1428507338049582132	CPU_4	98.61	0	0	0	0	1.38	0	0	0	0
1428507338775362491	CPU_4	100.00	0	0	0	0	0	0	0	0	0
1428507339494236900	CPU_4	98.61	0	0	0	0	1.38	0	0	0	0
1428507340225016003	CPU_4	98.63	0	0	0	0	0	1.36	0	0	0
1428507340944293161	CPU_4	35.61	0	1.36	61.64	0	1.36	0	0	0	0
