#Timestamp	CPU_ID	user%	nice%	sys%	idle%	iowait%	irq%	softiq%	steal%	guest%	guest_nice%
1428598263277763565	CPU_4	32.25	0	25.80	41.93	0	0	0	0	0	0
1428598263990527746	CPU_4	0	0	0	100.00	0	0	0	0	0	0
1428598264717073538	CPU_4	0	0	0	100.00	0	0	0	0	0	0
1428598265429727636	CPU_4	0	0	0	100.00	0	0	0	0	0	0
1428598266146426562	CPU_4	0	0	0	100.00	0	0	0	0	0	0
1428598266873246521	CPU_4	0	0	0	100.00	0	0	0	0	0	0
1428598267591147196	CPU_4	0	0	0	100.00	0	0	0	0	0	0
1428598268315507407	CPU_4	0	0	0	100.00	0	0	0	0	0	0
1428598269033438833	CPU_4	0	0	0	100.00	0	0	0	0	0	0
1428598269754805129	CPU_4	0	0	0	100.00	0	0	0	0	0	0
1428598270484584543	CPU_4	0	0	0	100.00	0	0	0	0	0	0
1428598271198987264	CPU_4	0	0	0	100.00	0	0	0	0	0	0
1428598271927994470	CPU_4	0	0	0	100.00	0	0	0	0	0	0
1428598272644250063	CPU_4	0	0	0	100.00	0	0	0	0	0	0
1428598273365248277	CPU_4	0	0	0	100.00	0	0	0	0	0	0
1428598274092136027	CPU_4	0	0	0	100.00	0	0	0	0	0	0
1428598274813900573	CPU_4	0	0	0	100.00	0	0	0	0	0	0
1428598275543805486	CPU_4	0	0	0	100.00	0	0	0	0	0	0
1428598276262470619	CPU_4	0	0	0	100.00	0	0	0	0	0	0
1428598276982979708	CPU_4	0	0	0	100.00	0	0	0	0	0	0
1428598277714242411	CPU_4	0	0	0	100.00	0	0	0	0	0	0
1428598278434137709	CPU_4	0	0	0	100.00	0	0	0	0	0	0
1428598279164616080	CPU_4	0	0	0	100.00	0	0	0	0	0	0
1428598279885431627	CPU_4	0	0	0	100.00	0	0	0	0	0	0
1428598280619766244	CPU_4	0	0	0	100.00	0	0	0	0	0	0
1428598281340808249	CPU_4	0	0	0	100.00	0	0	0	0	0	0
1428598282059391048	CPU_4	0	0	0	100.00	0	0	0	0	0	0
1428598282789385294	CPU_4	0	0	0	100.00	0	0	0	0	0	0
1428598283510481132	CPU_4	0	0	0	100.00	0	0	0	0	0	0
1428598284239481712	CPU_4	0	0	0	100.00	0	0	0	0	0	0
1428598284958225927	CPU_4	0	0	0	100.00	0	0	0	0	0	0
1428598285678395975	CPU_4	0	0	0	100.00	0	0	0	0	0	0
1428598286409952386	CPU_4	0	0	0	100.00	0	0	0	0	0	0
1428598287128489476	CPU_4	0	0	0	100.00	0	0	0	0	0	0
1428598287858016431	CPU_4	0	0	0	100.00	0	0	0	0	0	0
1428598288576875020	CPU_4	0	0	0	100.00	0	0	0	0	0	0
1428598289297566484	CPU_4	0	0	0	100.00	0	0	0	0	0	0
1428598290028155937	CPU_4	0	0	0	100.00	0	0	0	0	0	0
1428598290749098025	CPU_4	0	0	0	100.00	0	0	0	0	0	0
1428598291480555936	CPU_4	0	0	0	100.00	0	0	0	0	0	0
1428598292203808979	CPU_4	0	0	0	100.00	0	0	0	0	0	0
1428598292923063319	CPU_4	0	0	0	100.00	0	0	0	0	0	0
1428598293665029011	CPU_4	0	0	0	100.00	0	0	0	0	0	0
1428598294384860849	CPU_4	0	0	0	100.00	0	0	0	0	0	0
1428598295115985177	CPU_4	0	0	0	100.00	0	0	0	0	0	0
1428598295835644224	CPU_4	0	0	0	100.00	0	0	0	0	0	0
1428598296568178383	CPU_4	0	0	0	100.00	0	0	0	0	0	0
1428598297287471181	CPU_4	0	0	0	100.00	0	0	0	0	0	0
1428598298008560810	CPU_4	0	0	0	100.00	0	0	0	0	0	0
1428598298749808294	CPU_4	0	0	0	100.00	0	0	0	0	0	0
1428598299467546467	CPU_4	0	0	0	100.00	0	0	0	0	0	0
1428598300195980297	CPU_4	0	0	0	100.00	0	0	0	0	0	0
1428598300916725051	CPU_4	0	0	0	100.00	0	0	0	0	0	0
1428598301634189975	CPU_4	0	0	0	100.00	0	0	0	0	0	0
1428598302362921055	CPU_4	0	0	0	100.00	0	0	0	0	0	0
1428598303080974311	CPU_4	0	0	0	100.00	0	0	0	0	0	0
1428598303813832970	CPU_4	0	0	0	100.00	0	0	0	0	0	0
1428598304531022810	CPU_4	0	0	0	100.00	0	0	0	0	0	0
1428598305248246734	CPU_4	0	0	0	100.00	0	0	0	0	0	0
1428598305977720938	CPU_4	0	0	0	100.00	0	0	0	0	0	0
1428598306698887691	CPU_4	0	0	0	100.00	0	0	0	0	0	0
1428598307427583228	CPU_4	0	0	0	100.00	0	0	0	0	0	0
1428598308144436069	CPU_4	0	0	0	100.00	0	0	0	0	0	0
1428598308862145326	CPU_4	0	0	0	100.00	0	0	0	0	0	0
1428598309592723903	CPU_4	0	0	0	100.00	0	0	0	0	0	0
1428598310311028242	CPU_4	0	0	0	100.00	0	0	0	0	0	0
1428598311039117822	CPU_4	0	0	0	100.00	0	0	0	0	0	0
1428598311763438155	CPU_4	0	0	0	100.00	0	0	0	0	0	0
1428598312484161158	CPU_4	0	0	0	100.00	0	0	0	0	0	0
1428598313214303027	CPU_4	0	0	0	100.00	0	0	0	0	0	0
1428598313934848906	CPU_4	0	0	0	100.00	0	0	0	0	0	0
1428598314664829358	CPU_4	0	0	0	100.00	0	0	0	0	0	0
1428598315386494735	CPU_4	0	0	0	100.00	0	0	0	0	0	0
1428598316113560107	CPU_4	0	0	0	100.00	0	0	0	0	0	0
1428598316836793941	CPU_4	0	0	0	100.00	0	0	0	0	0	0
1428598317555839112	CPU_4	0	0	0	100.00	0	0	0	0	0	0
1428598318286724980	CPU_4	0	0	0	100.00	0	0	0	0	0	0
1428598319006692484	CPU_4	0	0	0	100.00	0	0	0	0	0	0
1428598319744606928	CPU_4	0	0	0	100.00	0	0	0	0	0	0
1428598320463922474	CPU_4	0	0	0	100.00	0	0	0	0	0	0
1428598321185051977	CPU_4	0	0	1.36	98.63	0	0	0	0	0	0
1428598321918537384	CPU_4	0	0	0	100.00	0	0	0	0	0	0
1428598322637975596	CPU_4	0	0	0	100.00	0	0	0	0	0	0
1428598323366859091	CPU_4	0	0	0	100.00	0	0	0	0	0	0
1428598324089174467	CPU_4	0	0	0	100.00	0	0	0	0	0	0
1428598324809661595	CPU_4	0	0	0	100.00	0	0	0	0	0	0
1428598325540740795	CPU_4	0	0	0	100.00	0	0	0	0	0	0
1428598326259197425	CPU_4	0	0	0	100.00	0	0	0	0	0	0
1428598326991270333	CPU_4	0	0	0	100.00	0	0	0	0	0	0
1428598327712106294	CPU_4	0	0	0	100.00	0	0	0	0	0	0
1428598328433381504	CPU_4	0	0	0	100.00	0	0	0	0	0	0
1428598329164252913	CPU_4	0	0	0	100.00	0	0	0	0	0	0
1428598329885715123	CPU_4	0	0	0	100.00	0	0	0	0	0	0
1428598330617670697	CPU_4	0	0	0	100.00	0	0	0	0	0	0
1428598331336890493	CPU_4	0	0	0	100.00	0	0	0	0	0	0
1428598332056729870	CPU_4	0	0	0	100.00	0	0	0	0	0	0
1428598332791614692	CPU_4	0	0	0	100.00	0	0	0	0	0	0
1428598333513065360	CPU_4	0	0	0	100.00	0	0	0	0	0	0
1428598334245380226	CPU_4	0	0	0	100.00	0	0	0	0	0	0
1428598334966547561	CPU_4	0	0	0	100.00	0	0	0	0	0	0
1428598335709705624	CPU_4	0	0	0	100.00	0	0	0	0	0	0
1428598336432346582	CPU_4	0	0	0	100.00	0	0	0	0	0	0
1428598337153122167	CPU_4	0	0	0	100.00	0	0	0	0	0	0
1428598337888290447	CPU_4	0	0	0	100.00	0	0	0	0	0	0
1428598338612152154	CPU_4	0	0	0	100.00	0	0	0	0	0	0
1428598339344866644	CPU_4	0	0	0	100.00	0	0	0	0	0	0
1428598340065825478	CPU_4	0	0	0	100.00	0	0	0	0	0	0
1428598340787763020	CPU_4	0	0	0	100.00	0	0	0	0	0	0
1428598341522010384	CPU_4	0	0	0	100.00	0	0	0	0	0	0
1428598342244645342	CPU_4	0	0	0	100.00	0	0	0	0	0	0
1428598342978262206	CPU_4	0	0	0	100.00	0	0	0	0	0	0
1428598343717122231	CPU_4	0	0	0	100.00	0	0	0	0	0	0
1428598344464470664	CPU_4	0	0	0	100.00	0	0	0	0	0	0
1428598345245991148	CPU_4	2.56	0	0	97.43	0	0	0	0	0	0
1428598345972844643	CPU_4	0	0	0	100.00	0	0	0	0	0	0
1428598346704733842	CPU_4	0	0	0	100.00	0	0	0	0	0	0
1428598347427438633	CPU_4	0	0	0	100.00	0	0	0	0	0	0
1428598348163830827	CPU_4	0	0	0	100.00	0	0	0	0	0	0
1428598348886760242	CPU_4	0	0	0	100.00	0	0	0	0	0	0
1428598349660271108	CPU_4	0	0	0	100.00	0	0	0	0	0	0
1428598350380949276	CPU_4	0	0	0	100.00	0	0	0	0	0	0
1428598351105589315	CPU_4	0	0	0	100.00	0	0	0	0	0	0
1428598351842888925	CPU_4	0	0	0	100.00	0	0	0	0	0	0
1428598352566738047	CPU_4	0	0	0	100.00	0	0	0	0	0	0
1428598353305676364	CPU_4	0	0	0	100.00	0	0	0	0	0	0
1428598354028241404	CPU_4	0	0	0	100.00	0	0	0	0	0	0
1428598354766817554	CPU_4	0	0	0	100.00	0	0	0	0	0	0
1428598355490551802	CPU_4	0	0	0	100.00	0	0	0	0	0	0
1428598356217226339	CPU_4	0	0	0	100.00	0	0	0	0	0	0
1428598356949381328	CPU_4	0	0	0	100.00	0	0	0	0	0	0
1428598357674508658	CPU_4	0	0	0	100.00	0	0	0	0	0	0
1428598358410443351	CPU_4	0	0	0	100.00	0	0	0	0	0	0
1428598359136781430	CPU_4	0	0	0	100.00	0	0	0	0	0	0
1428598359859283304	CPU_4	0	0	0	100.00	0	0	0	0	0	0
1428598360594480206	CPU_4	0	0	0	100.00	0	0	0	0	0	0
1428598361318407329	CPU_4	0	0	0	100.00	0	0	0	0	0	0
1428598362055199230	CPU_4	0	0	0	100.00	0	0	0	0	0	0
1428598362775766522	CPU_4	0	0	0	100.00	0	0	0	0	0	0
1428598363513953088	CPU_4	0	0	0	100.00	0	0	0	0	0	0
1428598364238241918	CPU_4	0	0	0	100.00	0	0	0	0	0	0
1428598364963785122	CPU_4	0	0	0	100.00	0	0	0	0	0	0
1428598365699312316	CPU_4	0	0	0	100.00	0	0	0	0	0	0
1428598366424300187	CPU_4	0	0	0	100.00	0	0	0	0	0	0
1428598367160107463	CPU_4	0	0	0	100.00	0	0	0	0	0	0
1428598367886330167	CPU_4	0	0	0	100.00	0	0	0	0	0	0
1428598368617550573	CPU_4	0	0	0	100.00	0	0	0	0	0	0
1428598369349797062	CPU_4	0	0	0	100.00	0	0	0	0	0	0
1428598370076180681	CPU_4	0	0	0	100.00	0	0	0	0	0	0
1428598370812742207	CPU_4	0	0	0	100.00	0	0	0	0	0	0
1428598371536383495	CPU_4	0	0	0	100.00	0	0	0	0	0	0
1428598372270131190	CPU_4	0	0	0	100.00	0	0	0	0	0	0
1428598372994825686	CPU_4	0	0	0	100.00	0	0	0	0	0	0
1428598373722333679	CPU_4	0	0	0	100.00	0	0	0	0	0	0
1428598374456358416	CPU_4	0	0	0	100.00	0	0	0	0	0	0
1428598375180028037	CPU_4	0	0	0	100.00	0	0	0	0	0	0
1428598375916154105	CPU_4	0	0	0	100.00	0	0	0	0	0	0
1428598376642545266	CPU_4	0	0	0	100.00	0	0	0	0	0	0
1428598377367554386	CPU_4	0	0	0	100.00	0	0	0	0	0	0
1428598378100827248	CPU_4	0	0	0	100.00	0	0	0	0	0	0
1428598378827535825	CPU_4	0	0	0	100.00	0	0	0	0	0	0
1428598379565246932	CPU_4	0	0	0	100.00	0	0	0	0	0	0
1428598380288972053	CPU_4	0	0	0	100.00	0	0	0	0	0	0
1428598381027448743	CPU_4	0	0	0	100.00	0	0	0	0	0	0
1428598381754669945	CPU_4	0	0	0	100.00	0	0	0	0	0	0
1428598382480348147	CPU_4	0	0	0	100.00	0	0	0	0	0	0
1428598383215322007	CPU_4	0	0	0	100.00	0	0	0	0	0	0
1428598383941787751	CPU_4	0	0	0	100.00	0	0	0	0	0	0
1428598384675156654	CPU_4	0	0	0	100.00	0	0	0	0	0	0
1428598385400385398	CPU_4	0	0	0	100.00	0	0	0	0	0	0
1428598386132698469	CPU_4	0	0	0	100.00	0	0	0	0	0	0
1428598386862760834	CPU_4	0	0	0	100.00	0	0	0	0	0	0
1428598387585605039	CPU_4	0	0	0	100.00	0	0	0	0	0	0
1428598388321086190	CPU_4	0	0	0	100.00	0	0	0	0	0	0
1428598389047315100	CPU_4	0	0	0	100.00	0	0	0	0	0	0
1428598389784990790	CPU_4	0	0	0	100.00	0	0	0	0	0	0
1428598390511733116	CPU_4	0	0	0	100.00	0	0	0	0	0	0
1428598391236606652	CPU_4	0	0	0	100.00	0	0	0	0	0	0
1428598391974875550	CPU_4	0	0	0	100.00	0	0	0	0	0	0
1428598392700595960	CPU_4	0	0	0	100.00	0	0	0	0	0	0
1428598393436272111	CPU_4	0	0	0	100.00	0	0	0	0	0	0
1428598394160655772	CPU_4	0	0	0	100.00	0	0	0	0	0	0
1428598394903361499	CPU_4	0	0	0	100.00	0	0	0	0	0	0
1428598395632634739	CPU_4	0	0	0	100.00	0	0	0	0	0	0
1428598396357955357	CPU_4	0	0	0	100.00	0	0	0	0	0	0
1428598397095597881	CPU_4	0	0	0	100.00	0	0	0	0	0	0
1428598397820325792	CPU_4	0	0	0	100.00	0	0	0	0	0	0
1428598398557371232	CPU_4	0	0	0	100.00	0	0	0	0	0	0
1428598399282419267	CPU_4	0	0	0	100.00	0	0	0	0	0	0
1428598400015241504	CPU_4	0	0	0	100.00	0	0	0	0	0	0
1428598400749776196	CPU_4	0	0	0	100.00	0	0	0	0	0	0
1428598401475989647	CPU_4	0	0	0	100.00	0	0	0	0	0	0
1428598402212929712	CPU_4	0	0	0	100.00	0	0	0	0	0	0
1428598402940102579	CPU_4	0	0	0	100.00	0	0	0	0	0	0
1428598403677195186	CPU_4	0	0	0	100.00	0	0	0	0	0	0
1428598404402376221	CPU_4	0	0	0	100.00	0	0	0	0	0	0
1428598405131657543	CPU_4	0	0	0	100.00	0	0	0	0	0	0
1428598405870451857	CPU_4	0	0	0	100.00	0	0	0	0	0	0
1428598406595708725	CPU_4	0	0	0	100.00	0	0	0	0	0	0
1428598407334246830	CPU_4	0	0	0	100.00	0	0	0	0	0	0
1428598408060665780	CPU_4	0	0	0	100.00	0	0	0	0	0	0
1428598408797734095	CPU_4	0	0	0	100.00	0	0	0	0	0	0
1428598409527349500	CPU_4	0	0	0	100.00	0	0	0	0	0	0
1428598410255646115	CPU_4	0	0	0	100.00	0	0	0	0	0	0
1428598410991525348	CPU_4	0	0	0	100.00	0	0	0	0	0	0
1428598411720012796	CPU_4	0	0	0	100.00	0	0	0	0	0	0
1428598412455398445	CPU_4	0	0	0	100.00	0	0	0	0	0	0
1428598413181498687	CPU_4	0	0	0	100.00	0	0	0	0	0	0
1428598413908583262	CPU_4	0	0	0	100.00	0	0	0	0	0	0
1428598414651212987	CPU_4	0	0	0	100.00	0	0	0	0	0	0
1428598415383397181	CPU_4	0	0	0	100.00	0	0	0	0	0	0
1428598416121999411	CPU_4	0	0	0	100.00	0	0	0	0	0	0
1428598416846304321	CPU_4	0	0	0	100.00	0	0	0	0	0	0
1428598417583156760	CPU_4	0	0	0	100.00	0	0	0	0	0	0
1428598418310152334	CPU_4	0	0	0	100.00	0	0	0	0	0	0
1428598419036831076	CPU_4	0	0	0	100.00	0	0	0	0	0	0
1428598419774712430	CPU_4	0	0	0	100.00	0	0	0	0	0	0
1428598420501796754	CPU_4	0	0	0	100.00	0	0	0	0	0	0
1428598421238738902	CPU_4	0	0	0	100.00	0	0	0	0	0	0
1428598421967068558	CPU_4	0	0	0	100.00	0	0	0	0	0	0
1428598422706665161	CPU_4	0	0	0	100.00	0	0	0	0	0	0
1428598423436097732	CPU_4	0	0	0	100.00	0	0	0	0	0	0
1428598424161969390	CPU_4	0	0	0	100.00	0	0	0	0	0	0
1428598424899722620	CPU_4	0	0	0	100.00	0	0	0	0	0	0
1428598425628772817	CPU_4	0	0	0	100.00	0	0	0	0	0	0
1428598426364559548	CPU_4	0	0	0	100.00	0	0	0	0	0	0
1428598427090413206	CPU_4	0	0	0	100.00	0	0	0	0	0	0
1428598427818919738	CPU_4	0	0	0	100.00	0	0	0	0	0	0
1428598428554977301	CPU_4	0	0	0	100.00	0	0	0	0	0	0
1428598429281592834	CPU_4	0	0	0	100.00	0	0	0	0	0	0
1428598430018910980	CPU_4	0	0	0	100.00	0	0	0	0	0	0
1428598430747381177	CPU_4	0	0	0	100.00	0	0	0	0	0	0
1428598431484207282	CPU_4	0	0	0	100.00	0	0	0	0	0	0
1428598432213941103	CPU_4	0	0	0	100.00	0	0	0	0	0	0
1428598432937958179	CPU_4	0	0	0	100.00	0	0	0	0	0	0
1428598433677258157	CPU_4	0	0	0	100.00	0	0	0	0	0	0
1428598434403931189	CPU_4	0	0	0	100.00	0	0	0	0	0	0
1428598435143045333	CPU_4	0	0	0	100.00	0	0	0	0	0	0
1428598435876609275	CPU_4	0	0	0	100.00	0	0	0	0	0	0
1428598436623482578	CPU_4	0	0	0	100.00	0	0	0	0	0	0
1428598437351517817	CPU_4	0	0	0	100.00	0	0	0	0	0	0
1428598438080524012	CPU_4	0	0	0	100.00	0	0	0	0	0	0
1428598438819018491	CPU_4	0	0	0	100.00	0	0	0	0	0	0
1428598439543824357	CPU_4	0	0	0	100.00	0	0	0	0	0	0
1428598440282617918	CPU_4	0	0	0	100.00	0	0	0	0	0	0
1428598441009968449	CPU_4	0	0	0	100.00	0	0	0	0	0	0
1428598441748190677	CPU_4	0	0	0	100.00	0	0	0	0	0	0
1428598442485222449	CPU_4	0	0	0	100.00	0	0	0	0	0	0
1428598443213370812	CPU_4	0	0	0	100.00	0	0	0	0	0	0
1428598443954478079	CPU_4	0	0	0	100.00	0	0	0	0	0	0
1428598444682420525	CPU_4	0	0	0	100.00	0	0	0	0	0	0
1428598445420728587	CPU_4	0	0	0	100.00	0	0	0	0	0	0
1428598446150559490	CPU_4	0	0	0	100.00	0	0	0	0	0	0
1428598446877828103	CPU_4	0	0	0	100.00	0	0	0	0	0	0
1428598447616290123	CPU_4	0	0	0	100.00	0	0	0	0	0	0
1428598448345120735	CPU_4	0	0	0	100.00	0	0	0	0	0	0
1428598449087947750	CPU_4	0	0	0	100.00	0	0	0	0	0	0
1428598449814577697	CPU_4	0	0	0	100.00	0	0	0	0	0	0
1428598450551410760	CPU_4	0	0	0	100.00	0	0	0	0	0	0
1428598451280397330	CPU_4	0	0	0	100.00	0	0	0	0	0	0
1428598452010214441	CPU_4	0	0	0	100.00	0	0	0	0	0	0
1428598452748798918	CPU_4	0	0	0	100.00	0	0	0	0	0	0
1428598453481006819	CPU_4	0	0	0	100.00	0	0	0	0	0	0
1428598454219861754	CPU_4	0	0	0	100.00	0	0	0	0	0	0
1428598454946224826	CPU_4	0	0	0	100.00	0	0	0	0	0	0
1428598455692688879	CPU_4	0	0	0	100.00	0	0	0	0	0	0
1428598456416103913	CPU_4	0	0	0	100.00	0	0	0	0	0	0
1428598457144822066	CPU_4	0	0	0	100.00	0	0	0	0	0	0
1428598457883055835	CPU_4	0	0	0	100.00	0	0	0	0	0	0
1428598458610887448	CPU_4	0	0	0	100.00	0	0	0	0	0	0
1428598459346859385	CPU_4	0	0	0	100.00	0	0	0	0	0	0
1428598460075505789	CPU_4	0	0	0	100.00	0	0	0	0	0	0
1428598460806263398	CPU_4	0	0	0	100.00	0	0	0	0	0	0
1428598461543423793	CPU_4	0	0	0	100.00	0	0	0	0	0	0
1428598462273768319	CPU_4	0	0	0	100.00	0	0	0	0	0	0
1428598463011186756	CPU_4	0	0	0	100.00	0	0	0	0	0	0
1428598463755531393	CPU_4	0	0	0	100.00	0	0	0	0	0	0
1428598464543955070	CPU_4	0	0	0	100.00	0	0	0	0	0	0
1428598465280603674	CPU_4	2.70	0	0	97.29	0	0	0	0	0	0
1428598466022570147	CPU_4	0	0	0	100.00	0	0	0	0	0	0
1428598466751391883	CPU_4	0	0	0	100.00	0	0	0	0	0	0
1428598467481616118	CPU_4	0	0	0	100.00	0	0	0	0	0	0
1428598468220632302	CPU_4	0	0	0	100.00	0	0	0	0	0	0
1428598468952078202	CPU_4	0	0	0	100.00	0	0	0	0	0	0
1428598469725844518	CPU_4	0	0	0	100.00	0	0	0	0	0	0
1428598470454952170	CPU_4	0	0	0	100.00	0	0	0	0	0	0
1428598471190787441	CPU_4	0	0	0	100.00	0	0	0	0	0	0
1428598471921580508	CPU_4	0	0	0	100.00	0	0	0	0	0	0
1428598472656327571	CPU_4	0	0	0	100.00	0	0	0	0	0	0
1428598473390383052	CPU_4	0	0	0	100.00	0	0	0	0	0	0
1428598474120064828	CPU_4	0	0	0	100.00	0	0	0	0	0	0
1428598474859931095	CPU_4	0	0	0	100.00	0	0	0	0	0	0
1428598475585523292	CPU_4	0	0	0	100.00	0	0	0	0	0	0
1428598476325391433	CPU_4	0	0	0	100.00	0	0	0	0	0	0
1428598477053053503	CPU_4	0	0	0	100.00	0	0	0	0	0	0
1428598477781842988	CPU_4	0	0	0	100.00	0	0	0	0	0	0
1428598478520327923	CPU_4	0	0	0	100.00	0	0	0	0	0	0
1428598479249114908	CPU_4	0	0	0	100.00	0	0	0	0	0	0
1428598479986434343	CPU_4	0	0	0	100.00	0	0	0	0	0	0
1428598480712236706	CPU_4	0	0	0	100.00	0	0	0	0	0	0
1428598481451055223	CPU_4	0	0	0	100.00	0	0	0	0	0	0
1428598482180011083	CPU_4	0	0	0	100.00	0	0	0	0	0	0
1428598482911562399	CPU_4	0	0	0	100.00	0	0	0	0	0	0
1428598483653335621	CPU_4	0	0	0	100.00	0	0	0	0	0	0
1428598484380712108	CPU_4	0	0	0	100.00	0	0	0	0	0	0
1428598485121928956	CPU_4	0	0	0	100.00	0	0	0	0	0	0
1428598485852277481	CPU_4	0	0	0	100.00	0	0	0	0	0	0
1428598486592045080	CPU_4	0	0	0	100.00	0	0	0	0	0	0
1428598487319910441	CPU_4	0	0	0	100.00	0	0	0	0	0	0
1428598488052138589	CPU_4	0	0	0	100.00	0	0	0	0	0	0
1428598488792189062	CPU_4	0	0	0	100.00	0	0	0	0	0	0
1428598489521400005	CPU_4	0	0	0	100.00	0	0	0	0	0	0
1428598490264464601	CPU_4	0	0	0	100.00	0	0	0	0	0	0
1428598490992596086	CPU_4	0	0	0	100.00	0	0	0	0	0	0
1428598491735739931	CPU_4	0	0	0	100.00	0	0	0	0	0	0
1428598492465626581	CPU_4	0	0	0	100.00	0	0	0	0	0	0
1428598493195626773	CPU_4	0	0	0	100.00	0	0	0	0	0	0
1428598493939813409	CPU_4	0	0	0	100.00	0	0	0	0	0	0
1428598494666547479	CPU_4	0	0	0	100.00	0	0	0	0	0	0
1428598495407940201	CPU_4	0	0	0	100.00	0	0	0	0	0	0
1428598496140118390	CPU_4	0	0	0	98.64	0	0	1.35	0	0	0
1428598496881951736	CPU_4	0	0	0	100.00	0	0	0	0	0	0
1428598497607846932	CPU_4	0	0	0	100.00	0	0	0	0	0	0
1428598498340076330	CPU_4	0	0	0	100.00	0	0	0	0	0	0
1428598499081006760	CPU_4	0	0	0	100.00	0	0	0	0	0	0
1428598499812083867	CPU_4	0	0	0	100.00	0	0	0	0	0	0
1428598500552331715	CPU_4	0	0	0	100.00	0	0	0	0	0	0
1428598501281912740	CPU_4	0	0	0	100.00	0	0	0	0	0	0
1428598502030326162	CPU_4	0	0	0	100.00	0	0	0	0	0	0
1428598502760800228	CPU_4	0	0	0	100.00	0	0	0	0	0	0
1428598503497356871	CPU_4	0	0	0	100.00	0	0	0	0	0	0
1428598504241292256	CPU_4	0	0	0	100.00	0	0	0	0	0	0
1428598504969634366	CPU_4	0	0	0	100.00	0	0	0	0	0	0
1428598505710325046	CPU_4	0	0	0	100.00	0	0	0	0	0	0
1428598506440690903	CPU_4	0	0	0	100.00	0	0	0	0	0	0
1428598507185199455	CPU_4	0	0	0	100.00	0	0	0	0	0	0
1428598507916275478	CPU_4	0	0	0	100.00	0	0	0	0	0	0
1428598508649502749	CPU_4	0	0	0	100.00	0	0	0	0	0	0
1428598509389239596	CPU_4	0	0	0	100.00	0	0	0	0	0	0
1428598510116776081	CPU_4	0	0	0	100.00	0	0	0	0	0	0
1428598510858265969	CPU_4	0	0	0	100.00	0	0	0	0	0	0
1428598511584580997	CPU_4	0	0	0	100.00	0	0	0	0	0	0
1428598512317164851	CPU_4	0	0	0	100.00	0	0	0	0	0	0
1428598513054987242	CPU_4	0	0	0	100.00	0	0	0	0	0	0
1428598513789241303	CPU_4	0	0	0	100.00	0	0	0	0	0	0
1428598514532453897	CPU_4	0	0	0	100.00	0	0	0	0	0	0
1428598515258989925	CPU_4	0	0	0	100.00	0	0	0	0	0	0
1428598516000709978	CPU_4	0	0	0	100.00	0	0	0	0	0	0
1428598516729796169	CPU_4	0	0	0	100.00	0	0	0	0	0	0
1428598517467461102	CPU_4	0	0	0	100.00	0	0	0	0	0	0
1428598518200187706	CPU_4	0	0	0	100.00	0	0	0	0	0	0
1428598518932583561	CPU_4	0	0	0	100.00	0	0	0	0	0	0
1428598519671970783	CPU_4	0	0	0	100.00	0	0	0	0	0	0
1428598520402897556	CPU_4	0	0	0	100.00	0	0	0	0	0	0
1428598521142672611	CPU_4	0	0	0	100.00	0	0	0	0	0	0
1428598521870758803	CPU_4	0	0	0	100.00	0	0	0	0	0	0
1428598522601747742	CPU_4	0	0	0	100.00	0	0	0	0	0	0
1428598523342303088	CPU_4	0	0	0	100.00	0	0	0	0	0	0
1428598524073955443	CPU_4	0	0	0	100.00	0	0	0	0	0	0
1428598524817090328	CPU_4	0	0	0	100.00	0	0	0	0	0	0
1428598525545049478	CPU_4	0	0	0	100.00	0	0	0	0	0	0
1428598526291520735	CPU_4	0	0	0	100.00	0	0	0	0	0	0
1428598527021272383	CPU_4	0	0	0	100.00	0	0	0	0	0	0
1428598527758205732	CPU_4	0	0	0	100.00	0	0	0	0	0	0
1428598528493267584	CPU_4	0	0	0	100.00	0	0	0	0	0	0
1428598529226633270	CPU_4	0	0	0	100.00	0	0	0	0	0	0
1428598529969147822	CPU_4	0	0	0	100.00	0	0	0	0	0	0
1428598530699164053	CPU_4	0	0	0	100.00	0	0	0	0	0	0
1428598531440701606	CPU_4	0	0	0	100.00	0	0	0	0	0	0
1428598532169141630	CPU_4	0	0	0	100.00	0	0	0	0	0	0
1428598532905432147	CPU_4	0	0	0	98.64	0	0	1.35	0	0	0
1428598533642649537	CPU_4	0	0	0	100.00	0	0	0	0	0	0
1428598534377049139	CPU_4	0	0	0	100.00	0	0	0	0	0	0
1428598535117460901	CPU_4	0	0	0	100.00	0	0	0	0	0	0
1428598535845321509	CPU_4	0	0	0	100.00	0	0	0	0	0	0
1428598536584548022	CPU_4	0	0	0	100.00	0	0	0	0	0	0
1428598537313774670	CPU_4	0	0	0	100.00	0	0	0	0	0	0
1428598538051474102	CPU_4	0	0	0	100.00	0	0	0	0	0	0
1428598538786149869	CPU_4	0	0	0	100.00	0	0	0	0	0	0
1428598539518833972	CPU_4	0	0	0	100.00	0	0	0	0	0	0
1428598540261518190	CPU_4	0	0	0	100.00	0	0	0	0	0	0
1428598540992870836	CPU_4	0	0	0	100.00	0	0	0	0	0	0
1428598541734212139	CPU_4	0	0	0	100.00	0	0	0	0	0	0
1428598542462120871	CPU_4	0	0	0	100.00	0	0	0	0	0	0
1428598543197531846	CPU_4	0	0	0	100.00	0	0	0	0	0	0
1428598543934679653	CPU_4	0	0	0	100.00	0	0	0	0	0	0
1428598544666760881	CPU_4	0	0	0	100.00	0	0	0	0	0	0
1428598545409270599	CPU_4	0	0	0	100.00	0	0	0	0	0	0
1428598546137544373	CPU_4	0	0	0	100.00	0	0	0	0	0	0
1428598546879561049	CPU_4	0	0	0	100.00	0	0	0	0	0	0
1428598547609638863	CPU_4	0	0	0	100.00	0	0	0	0	0	0
1428598548347784460	CPU_4	0	0	0	100.00	0	0	0	0	0	0
1428598549085343766	CPU_4	0	0	0	100.00	0	0	0	0	0	0
1428598549815466204	CPU_4	0	0	0	100.00	0	0	0	0	0	0
1428598550557493213	CPU_4	0	0	0	52.11	0	0	47.88	0	0	0
1428598551287478527	CPU_4	0	0	0	100.00	0	0	0	0	0	0
1428598552028567787	CPU_4	0	0	0	100.00	0	0	0	0	0	0
1428598552756840102	CPU_4	0	0	0	100.00	0	0	0	0	0	0
1428598553495220282	CPU_4	0	0	0	100.00	0	0	0	0	0	0
1428598554228597550	CPU_4	0	0	0	100.00	0	0	0	0	0	0
1428598554962032026	CPU_4	0	0	0	100.00	0	0	0	0	0	0
1428598555703491036	CPU_4	0	0	0	100.00	0	0	0	0	0	0
1428598556432056517	CPU_4	0	0	0	100.00	0	0	0	0	0	0
1428598557171702987	CPU_4	0	0	0	100.00	0	0	0	0	0	0
1428598557903902215	CPU_4	0	0	0	100.00	0	0	0	0	0	0
1428598558641885728	CPU_4	0	0	0	100.00	0	0	0	0	0	0
1428598559379262117	CPU_4	0	0	0	100.00	0	0	0	0	0	0
1428598560110055012	CPU_4	0	0	0	100.00	0	0	0	0	0	0
1428598560852349021	CPU_4	0	0	0	100.00	0	0	0	0	0	0
1428598561588305828	CPU_4	0	0	0	100.00	0	0	0	0	0	0
1428598562330151212	CPU_4	0	0	0	100.00	0	0	0	0	0	0
1428598563061749773	CPU_4	0	0	0	100.00	0	0	0	0	0	0
1428598563793354209	CPU_4	0	0	0	100.00	0	0	0	0	0	0
1428598564532793387	CPU_4	0	0	0	100.00	0	0	0	0	0	0
1428598565265010280	CPU_4	0	0	0	100.00	0	0	0	0	0	0
1428598566007174914	CPU_4	0	0	0	100.00	0	0	0	0	0	0
1428598566736530519	CPU_4	0	0	0	100.00	0	0	0	0	0	0
1428598567478286611	CPU_4	0	0	0	100.00	0	0	0	0	0	0
1428598568208746048	CPU_4	0	0	0	100.00	0	0	0	0	0	0
1428598568942004857	CPU_4	0	0	0	100.00	0	0	0	0	0	0
1428598569681989409	CPU_4	0	0	0	100.00	0	0	0	0	0	0
1428598570417470132	CPU_4	0	0	0	100.00	0	0	0	0	0	0
1428598571157967309	CPU_4	0	0	0	100.00	0	0	0	0	0	0
1428598571888851120	CPU_4	0	0	0	100.00	0	0	0	0	0	0
1428598572630921254	CPU_4	0	0	0	100.00	0	0	0	0	0	0
1428598573364069021	CPU_4	0	0	0	100.00	0	0	0	0	0	0
1428598574102224950	CPU_4	0	0	0	100.00	0	0	0	0	0	0
1428598574840991544	CPU_4	0	0	0	100.00	0	0	0	0	0	0
1428598575575852685	CPU_4	0	0	0	100.00	0	0	0	0	0	0
1428598576318038776	CPU_4	0	0	0	100.00	0	0	0	0	0	0
1428598577051316543	CPU_4	0	0	0	100.00	0	0	0	0	0	0
1428598577792884593	CPU_4	0	0	0	100.00	0	0	0	0	0	0
1428598578525442444	CPU_4	0	0	0	100.00	0	0	0	0	0	0
1428598579274262737	CPU_4	0	0	0	100.00	0	0	0	0	0	0
1428598580005790630	CPU_4	0	0	0	100.00	0	0	0	0	0	0
1428598580739403938	CPU_4	0	0	0	100.00	0	0	0	0	0	0
1428598581481987279	CPU_4	0	0	0	100.00	0	0	0	0	0	0
1428598582213465130	CPU_4	0	0	0	100.00	0	0	0	0	0	0
1428598582957588469	CPU_4	0	0	0	100.00	0	0	0	0	0	0
1428598583701846725	CPU_4	0	0	0	100.00	0	0	0	0	0	0
1428598584459431175	CPU_4	0	0	0	100.00	0	0	0	0	0	0
1428598585271710071	CPU_4	3.75	0	0	96.25	0	0	0	0	0	0
1428598586021280363	CPU_4	0	0	0	100.00	0	0	0	0	0	0
1428598586750823758	CPU_4	0	0	0	100.00	0	0	0	0	0	0
1428598587485755439	CPU_4	0	0	0	100.00	0	0	0	0	0	0
1428598588225245741	CPU_4	0	0	0	100.00	0	0	0	0	0	0
1428598588957624008	CPU_4	0	0	0	100.00	0	0	0	0	0	0
1428598589735063146	CPU_4	0	0	0	100.00	0	0	0	0	0	0
1428598590471834117	CPU_4	0	0	0	100.00	0	0	0	0	0	0
1428598591214444541	CPU_4	0	0	0	100.00	0	0	0	0	0	0
1428598591946108100	CPU_4	0	0	0	100.00	0	0	0	0	0	0
1428598592689292439	CPU_4	0	0	0	100.00	0	0	0	0	0	0
1428598593423016830	CPU_4	0	0	0	100.00	0	0	0	0	0	0
1428598594153376015	CPU_4	0	0	0	100.00	0	0	0	0	0	0
1428598594898026436	CPU_4	0	0	0	100.00	0	0	0	0	0	0
1428598595631723868	CPU_4	0	0	0	100.00	0	0	0	0	0	0
1428598596383514865	CPU_4	0	0	0	100.00	0	0	0	0	0	0
1428598597118538754	CPU_4	0	0	0	100.00	0	0	0	0	0	0
1428598597859786637	CPU_4	0	0	0	100.00	0	0	0	0	0	0
1428598598592786236	CPU_4	0	0	0	100.00	0	0	0	0	0	0
1428598599324829878	CPU_4	0	0	0	100.00	0	0	0	0	0	0
1428598600069711007	CPU_4	0	0	0	100.00	0	0	0	0	0	0
1428598600802327606	CPU_4	0	0	0	100.00	0	0	0	0	0	0
1428598601546398528	CPU_4	0	0	0	100.00	0	0	0	0	0	0
1428598602278968835	CPU_4	0	0	0	100.00	0	0	0	0	0	0
1428598603023584506	CPU_4	0	0	0	100.00	0	0	0	0	0	0
1428598603755472606	CPU_4	0	0	0	100.00	0	0	0	0	0	0
1428598604498774986	CPU_4	0	0	0	100.00	0	0	0	0	0	0
1428598605235814248	CPU_4	0	0	0	100.00	0	0	0	0	0	0
1428598605968768847	CPU_4	0	0	0	100.00	0	0	0	0	0	0
1428598606715876848	CPU_4	0	0	0	100.00	0	0	0	0	0	0
1428598607447713823	CPU_4	0	0	0	100.00	0	0	0	0	0	0
1428598608193302950	CPU_4	0	0	0	100.00	0	0	0	0	0	0
1428598608923779343	CPU_4	0	0	0	100.00	0	0	0	0	0	0
1428598609668222722	CPU_4	0	0	0	100.00	0	0	0	0	0	0
1428598610405447400	CPU_4	0	0	0	100.00	0	0	0	0	0	0
1428598611139740288	CPU_4	0	0	0	100.00	0	0	0	0	0	0
1428598611886351873	CPU_4	0	0	0	100.00	0	0	0	0	0	0
1428598612617222140	CPU_4	0	0	0	100.00	0	0	0	0	0	0
1428598613360744603	CPU_4	0	0	0	100.00	0	0	0	0	0	0
1428598614094754992	CPU_4	0	0	0	100.00	0	0	0	0	0	0
1428598614840893161	CPU_4	0	0	0	100.00	0	0	0	0	0	0
1428598615576308506	CPU_4	0	0	0	100.00	0	0	0	0	0	0
1428598616307334648	CPU_4	0	0	0	100.00	0	0	0	0	0	0
1428598617054535774	CPU_4	0	0	0	100.00	0	0	0	0	0	0
1428598617790322994	CPU_4	0	0	0	100.00	0	0	0	0	0	0
1428598618535780788	CPU_4	0	0	0	100.00	0	0	0	0	0	0
1428598619270400343	CPU_4	0	0	0	100.00	0	0	0	0	0	0
1428598620012030849	CPU_4	0	0	0	100.00	0	0	0	0	0	0
1428598620746180446	CPU_4	0	0	0	100.00	0	0	0	0	0	0
1428598621479107002	CPU_4	0	0	0	100.00	0	0	0	0	0	0
1428598622226758460	CPU_4	0	0	0	100.00	0	0	0	0	0	0
1428598622963074180	CPU_4	0	0	0	100.00	0	0	0	0	0	0
1428598623710315763	CPU_4	0	0	0	100.00	0	0	0	0	0	0
1428598624444853734	CPU_4	0	0	0	100.00	0	0	0	0	0	0
1428598625189571070	CPU_4	0	0	0	100.00	0	0	0	0	0	0
1428598625922658168	CPU_4	0	0	0	100.00	0	0	0	0	0	0
1428598626666293921	CPU_4	0	0	0	100.00	0	0	0	0	0	0
1428598627402357516	CPU_4	0	0	0	100.00	0	0	0	0	0	0
1428598628137155695	CPU_4	0	0	0	100.00	0	0	0	0	0	0
1428598628881985197	CPU_4	0	0	0	100.00	0	0	0	0	0	0
1428598629618729166	CPU_4	0	0	0	100.00	0	0	0	0	0	0
1428598630364602792	CPU_4	0	0	0	100.00	0	0	0	0	0	0
1428598631096644432	CPU_4	0	0	0	100.00	0	0	0	0	0	0
1428598631842407266	CPU_4	0	0	0	100.00	0	0	0	0	0	0
1428598632585165979	CPU_4	0	0	0	100.00	0	0	0	0	0	0
1428598633319726408	CPU_4	0	0	0	100.00	0	0	0	0	0	0
1428598634065962450	CPU_4	0	0	0	100.00	0	0	0	0	0	0
1428598634797452507	CPU_4	0	0	0	100.00	0	0	0	0	0	0
1428598635542185342	CPU_4	0	0	0	100.00	0	0	0	0	0	0
1428598636276561938	CPU_4	0	0	0	100.00	0	0	0	0	0	0
1428598637020470399	CPU_4	0	0	0	100.00	0	0	0	0	0	0
1428598637758045658	CPU_4	0	0	0	100.00	0	0	0	0	0	0
1428598638491539463	CPU_4	0	0	0	100.00	0	0	0	0	0	0
1428598639238164838	CPU_4	0	0	0	100.00	0	0	0	0	0	0
1428598639971351018	CPU_4	0	0	0	100.00	0	0	0	0	0	0
1428598640717578059	CPU_4	0	0	0	100.00	0	0	0	0	0	0
1428598641451348780	CPU_4	0	0	0	100.00	0	0	0	0	0	0
1428598642194422242	CPU_4	0	0	0	100.00	0	0	0	0	0	0
1428598642930768877	CPU_4	0	0	0	100.00	0	0	0	0	0	0
1428598643668035844	CPU_4	0	0	0	100.00	0	0	0	0	0	0
1428598644412102971	CPU_4	0	0	0	100.00	0	0	0	0	0	0
1428598645147670274	CPU_4	0	0	0	100.00	0	0	0	0	0	0
1428598645890106069	CPU_4	0	0	0	100.00	0	0	0	0	0	0
1428598646626811037	CPU_4	0	0	0	100.00	0	0	0	0	0	0
1428598647371395497	CPU_4	0	0	0	100.00	0	0	0	0	0	0
1428598648109734379	CPU_4	0	0	0	100.00	0	0	0	0	0	0
1428598648857840585	CPU_4	5.33	0	10.66	84.00	0	0	0	0	0	0
1428598649592928221	CPU_4	0	0	0	100.00	0	0	0	0	0	0
1428598650327511149	CPU_4	0	0	0	100.00	0	0	0	0	0	0
1428598651073212274	CPU_4	0	0	0	100.00	0	0	0	0	0	0
1428598651809294076	CPU_4	0	0	0	100.00	0	0	0	0	0	0
1428598652557930864	CPU_4	0	0	0	100.00	0	0	0	0	0	0
1428598653294480332	CPU_4	0	0	0	100.00	0	0	0	0	0	0
1428598654040995748	CPU_4	0	0	0	100.00	0	0	0	0	0	0
1428598654777222090	CPU_4	0	0	0	100.00	0	0	0	0	0	0
1428598655513016642	CPU_4	0	0	0	100.00	0	0	0	0	0	0
1428598656260616890	CPU_4	0	0	0	100.00	0	0	0	0	0	0
1428598656997603940	CPU_4	0	0	0	100.00	0	0	0	0	0	0
1428598657743848439	CPU_4	0	0	0	100.00	0	0	0	0	0	0
1428598658478201450	CPU_4	0	0	0	100.00	0	0	0	0	0	0
1428598659221217828	CPU_4	0	0	1.33	98.66	0	0	0	0	0	0
1428598659952335383	CPU_4	0	0	0	100.00	0	0	0	0	0	0
1428598660693481513	CPU_4	0	0	0	100.00	0	0	0	0	0	0
1428598661428308148	CPU_4	0	0	0	100.00	0	0	0	0	0	0
1428598662161935285	CPU_4	0	0	0	100.00	0	0	0	0	0	0
1428598662904383496	CPU_4	0	0	0	100.00	0	0	0	0	0	0
1428598663638050549	CPU_4	0	0	0	100.00	0	0	0	0	0	0
1428598664381750467	CPU_4	0	0	0	100.00	0	0	0	0	0	0
1428598665114780271	CPU_4	0	0	0	100.00	0	0	0	0	0	0
1428598665855565525	CPU_4	0	0	0	100.00	0	0	0	0	0	0
1428598666594916989	CPU_4	0	0	0	100.00	0	0	0	0	0	0
1428598667328849666	CPU_4	0	0	0	100.00	0	0	0	0	0	0
1428598668073248667	CPU_4	0	0	0	100.00	0	0	0	0	0	0
1428598668807632344	CPU_4	0	0	0	100.00	0	0	0	0	0	0
1428598669553291135	CPU_4	0	0	0	100.00	0	0	0	0	0	0
1428598670288111061	CPU_4	0	0	0	100.00	0	0	0	0	0	0
1428598671035974058	CPU_4	0	0	0	100.00	0	0	0	0	0	0
1428598671775809688	CPU_4	0	0	0	100.00	0	0	0	0	0	0
1428598672508167325	CPU_4	0	0	0	100.00	0	0	0	0	0	0
1428598673254755906	CPU_4	0	0	0	100.00	0	0	0	0	0	0
1428598673991162290	CPU_4	0	0	0	100.00	0	0	0	0	0	0
1428598674742251491	CPU_4	0	0	0	100.00	0	0	0	0	0	0
1428598675479109915	CPU_4	0	0	0	100.00	0	0	0	0	0	0
1428598676223369415	CPU_4	0	0	0	100.00	0	0	0	0	0	0
1428598676959155507	CPU_4	0	0	0	100.00	0	0	0	0	0	0
1428598677702433048	CPU_4	0	0	0	100.00	0	0	0	0	0	0
1428598678443381845	CPU_4	0	0	0	100.00	0	0	0	0	0	0
1428598679180523019	CPU_4	0	0	0	100.00	0	0	0	0	0	0
1428598679925809518	CPU_4	0	0	0	100.00	0	0	0	0	0	0
1428598680663879024	CPU_4	0	0	0	100.00	0	0	0	0	0	0
1428598681410644104	CPU_4	0	0	0	100.00	0	0	0	0	0	0
1428598682147408112	CPU_4	0	0	0	100.00	0	0	0	0	0	0
1428598682895052441	CPU_4	0	0	0	100.00	0	0	0	0	0	0
1428598683636180236	CPU_4	0	0	0	100.00	0	0	0	0	0	0
1428598684380320944	CPU_4	0	0	0	100.00	0	0	0	0	0	0
1428598685129356772	CPU_4	0	0	0	100.00	0	0	0	0	0	0
1428598685867085778	CPU_4	0	0	0	100.00	0	0	0	0	0	0
1428598686614359525	CPU_4	0	0	0	100.00	0	0	0	0	0	0
1428598687352733322	CPU_4	0	0	0	100.00	0	0	0	0	0	0
1428598688095739281	CPU_4	0	0	0	100.00	0	0	0	0	0	0
1428598688831547122	CPU_4	0	0	0	100.00	0	0	0	0	0	0
1428598689577881161	CPU_4	0	0	0	100.00	0	0	0	0	0	0
1428598690318140872	CPU_4	0	0	0	100.00	0	0	0	0	0	0
1428598691054503130	CPU_4	0	0	0	100.00	0	0	0	0	0	0
1428598691800895627	CPU_4	0	0	0	100.00	0	0	0	0	0	0
1428598692535527885	CPU_4	0	0	0	100.00	0	0	0	0	0	0
1428598693283280298	CPU_4	0	0	0	100.00	0	0	0	0	0	0
1428598694018402848	CPU_4	0	0	0	100.00	0	0	0	0	0	0
1428598694768119633	CPU_4	0	0	0	100.00	0	0	0	0	0	0
1428598695503122058	CPU_4	0	0	0	100.00	0	0	0	0	0	0
1428598696255862340	CPU_4	0	0	0	100.00	0	0	0	0	0	0
1428598696992028639	CPU_4	0	0	0	100.00	0	0	0	0	0	0
1428598697729410353	CPU_4	0	0	0	100.00	0	0	0	0	0	0
1428598698475417558	CPU_4	0	0	0	100.00	0	0	0	0	0	0
1428598699214260104	CPU_4	0	0	0	100.00	0	0	0	0	0	0
1428598699958318770	CPU_4	0	0	0	100.00	0	0	0	0	0	0
1428598700696526816	CPU_4	0	0	0	100.00	0	0	0	0	0	0
1428598701441668189	CPU_4	0	0	0	100.00	0	0	0	0	0	0
1428598702177534821	CPU_4	0	0	0	100.00	0	0	0	0	0	0
1428598702915078868	CPU_4	0	0	0	100.00	0	0	0	0	0	0
1428598703673038894	CPU_4	0	0	0	100.00	0	0	0	0	0	0
1428598704415081437	CPU_4	0	0	0	100.00	0	0	0	0	0	0
1428598705231057029	CPU_4	3.70	0	0	96.29	0	0	0	0	0	0
1428598705970058700	CPU_4	0	0	0	100.00	0	0	0	0	0	0
1428598706720670525	CPU_4	0	0	0	100.00	0	0	0	0	0	0
1428598707455473116	CPU_4	0	0	0	100.00	0	0	0	0	0	0
1428598708202521487	CPU_4	0	0	0	100.00	0	0	0	0	0	0
1428598708935361705	CPU_4	0	0	0	100.00	0	0	0	0	0	0
1428598709718916205	CPU_4	0	0	0	100.00	0	0	0	0	0	0
1428598710453328588	CPU_4	0	0	0	100.00	0	0	0	0	0	0
1428598711191208259	CPU_4	0	0	0	100.00	0	0	0	0	0	0
1428598711938987129	CPU_4	0	0	0	100.00	0	0	0	0	0	0
1428598712677886132	CPU_4	0	0	0	100.00	0	0	0	0	0	0
1428598713422529088	CPU_4	0	0	0	100.00	0	0	0	0	0	0
1428598714158861302	CPU_4	0	0	0	100.00	0	0	0	0	0	0
1428598714906321839	CPU_4	0	0	0	100.00	0	0	0	0	0	0
1428598715642398886	CPU_4	0	0	0	100.00	0	0	0	0	0	0
1428598716382810180	CPU_4	0	0	0	100.00	0	0	0	0	0	0
1428598717125952595	CPU_4	0	0	0	100.00	0	0	0	0	0	0
1428598717862705017	CPU_4	0	0	0	100.00	0	0	0	0	0	0
1428598718610557511	CPU_4	0	0	0	100.00	0	0	0	0	0	0
1428598719346878100	CPU_4	0	0	0	100.00	0	0	0	0	0	0
1428598720094157720	CPU_4	0	0	0	100.00	0	0	0	0	0	0
1428598720830011226	CPU_4	0	0	0	100.00	0	0	0	0	0	0
1428598721580503425	CPU_4	0	0	0	100.00	0	0	0	0	0	0
1428598722316908348	CPU_4	0	0	0	100.00	0	0	0	0	0	0
1428598723054883435	CPU_4	0	0	0	100.00	0	0	0	0	0	0
1428598723803491803	CPU_4	0	0	0	98.68	0	1.31	0	0	0	0
1428598724543582721	CPU_4	0	0	0	100.00	0	0	0	0	0	0
1428598725288040051	CPU_4	0	0	0	100.00	0	0	0	0	0	0
1428598726024871514	CPU_4	0	0	0	100.00	0	0	0	0	0	0
1428598726776593046	CPU_4	0	0	0	100.00	0	0	0	0	0	0
1428598727514478591	CPU_4	0	0	0	100.00	0	0	0	0	0	0
1428598728262525543	CPU_4	0	0	0	100.00	0	0	0	0	0	0
1428598728998275173	CPU_4	0	0	0	100.00	0	0	0	0	0	0
1428598729735292928	CPU_4	0	0	0	100.00	0	0	0	0	0	0
1428598730485381794	CPU_4	0	0	0	100.00	0	0	0	0	0	0
1428598731220702008	CPU_4	0	0	0	98.64	0	1.35	0	0	0	0
1428598731972210164	CPU_4	0	0	0	100.00	0	0	0	0	0	0
1428598732708075711	CPU_4	0	0	0	100.00	0	0	0	0	0	0
1428598733457675703	CPU_4	0	0	0	100.00	0	0	0	0	0	0
1428598734193929208	CPU_4	0	0	0	100.00	0	0	0	0	0	0
1428598734944146448	CPU_4	0	0	0	100.00	0	0	0	0	0	0
1428598735683583200	CPU_4	0	0	0	100.00	0	0	0	0	0	0
1428598736423525618	CPU_4	0	0	0	100.00	0	0	0	0	0	0
1428598737171291277	CPU_4	0	0	0	100.00	0	0	0	0	0	0
1428598737909002531	CPU_4	0	0	0	100.00	0	0	0	0	0	0
1428598738657273648	CPU_4	0	0	0	100.00	0	0	0	0	0	0
1428598739395695150	CPU_4	0	0	0	98.66	0	1.33	0	0	0	0
1428598740142504394	CPU_4	0	0	0	100.00	0	0	0	0	0	0
1428598740879156107	CPU_4	0	0	0	100.00	0	0	0	0	0	0
1428598741620772356	CPU_4	0	0	0	100.00	0	0	0	0	0	0
1428598742372263136	CPU_4	0	0	0	100.00	0	0	0	0	0	0
1428598743108573641	CPU_4	0	0	0	100.00	0	0	0	0	0	0
1428598743857883299	CPU_4	0	0	0	100.00	0	0	0	0	0	0
1428598744606217749	CPU_4	0	0	0	100.00	0	0	0	0	0	0
1428598745353267826	CPU_4	0	0	0	100.00	0	0	0	0	0	0
1428598746088747206	CPU_4	0	0	0	100.00	0	0	0	0	0	0
1428598746839648987	CPU_4	0	0	0	100.00	0	0	0	0	0	0
1428598747577360198	CPU_4	0	0	0	98.64	0	1.35	0	0	0	0
1428598748316332657	CPU_4	0	0	0	100.00	0	0	0	0	0	0
1428598749062123193	CPU_4	0	0	0	100.00	0	0	0	0	0	0
1428598749803137026	CPU_4	0	0	0	100.00	0	0	0	0	0	0
1428598750550600352	CPU_4	0	0	0	100.00	0	0	0	0	0	0
1428598751287680938	CPU_4	0	0	0	100.00	0	0	0	0	0	0
1428598752034214640	CPU_4	0	0	0	100.00	0	0	0	0	0	0
1428598752774437390	CPU_4	0	0	0	100.00	0	0	0	0	0	0
1428598753519150968	CPU_4	0	0	0	100.00	0	0	0	0	0	0
1428598754256681513	CPU_4	0	0	0	100.00	0	0	0	0	0	0
1428598754991538809	CPU_4	0	0	0	100.00	0	0	0	0	0	0
1428598755742802756	CPU_4	0	0	0	98.68	0	1.31	0	0	0	0
1428598756480742800	CPU_4	0	0	0	100.00	0	0	0	0	0	0
1428598757226279044	CPU_4	0	0	0	100.00	0	0	0	0	0	0
1428598757962057465	CPU_4	0	0	0	100.00	0	0	0	0	0	0
1428598758710831705	CPU_4	0	0	0	100.00	0	0	0	0	0	0
1428598759446885792	CPU_4	0	0	0	100.00	0	0	0	0	0	0
1428598760200707403	CPU_4	0	0	0	100.00	0	0	0	0	0	0
1428598760936324990	CPU_4	0	0	0	100.00	0	0	0	0	0	0
1428598761673457743	CPU_4	0	0	0	100.00	0	0	0	0	0	0
1428598762421781109	CPU_4	0	0	0	100.00	0	0	0	0	0	0
1428598763159574902	CPU_4	0	0	0	98.64	0	1.35	0	0	0	0
1428598763909466183	CPU_4	0	0	0	100.00	0	0	0	0	0	0
1428598764649335391	CPU_4	0	0	0	100.00	0	0	0	0	0	0
1428598765396097967	CPU_4	0	0	0	100.00	0	0	0	0	0	0
1428598766143749750	CPU_4	0	0	0	100.00	0	0	0	0	0	0
1428598766902992772	CPU_4	0	0	0	100.00	0	0	0	0	0	0
1428598767644552144	CPU_4	0	0	0	100.00	0	0	0	0	0	0
1428598768382707937	CPU_4	0	0	0	100.00	0	0	0	0	0	0
1428598769136831880	CPU_4	0	0	0	100.00	0	0	0	0	0	0
1428598769872277092	CPU_4	0	0	0	100.00	0	0	0	0	0	0
1428598770622474081	CPU_4	0	0	0	98.68	0	1.31	0	0	0	0
1428598771360657415	CPU_4	0	0	0	100.00	0	0	0	0	0	0
1428598772109436448	CPU_4	0	0	0	100.00	0	0	0	0	0	0
1428598772847495073	CPU_4	0	0	0	100.00	0	0	0	0	0	0
1428598773590144611	CPU_4	0	0	0	100.00	0	0	0	0	0	0
1428598774332433815	CPU_4	0	0	0	100.00	0	0	0	0	0	0
1428598775072447939	CPU_4	0	0	0	100.00	0	0	0	0	0	0
1428598775820611430	CPU_4	0	0	0	100.00	0	0	0	0	0	0
1428598776560454179	CPU_4	0	0	0	100.00	0	0	0	0	0	0
1428598777308948877	CPU_4	0	0	0	100.00	0	0	0	0	0	0
1428598778047810752	CPU_4	0	0	0	100.00	0	0	0	0	0	0
1428598778795321743	CPU_4	0	0	0	98.66	0	1.33	0	0	0	0
1428598779535035158	CPU_4	0	0	0	100.00	0	0	0	0	0	0
1428598780273949825	CPU_4	0	0	0	100.00	0	0	0	0	0	0
1428598781025772311	CPU_4	0	0	0	100.00	0	0	0	0	0	0
1428598781760047315	CPU_4	0	0	0	100.00	0	0	0	0	0	0
1428598782510411428	CPU_4	0	0	0	100.00	0	0	0	0	0	0
1428598783246770180	CPU_4	0	0	0	100.00	0	0	0	0	0	0
1428598784000582873	CPU_4	0	0	0	100.00	0	0	0	0	0	0
1428598784739516789	CPU_4	0	0	0	100.00	0	0	0	0	0	0
1428598785492299357	CPU_4	0	0	0	100.00	0	0	0	0	0	0
1428598786227713735	CPU_4	0	0	0	100.00	0	0	0	0	0	0
1428598786969762606	CPU_4	0	0	0	98.66	0	1.33	0	0	0	0
1428598787717624430	CPU_4	0	0	0	100.00	0	0	0	0	0	0
1428598788456343262	CPU_4	0	0	0	100.00	0	0	0	0	0	0
1428598789206348584	CPU_4	0	0	0	100.00	0	0	0	0	0	0
1428598789944240917	CPU_4	0	0	0	100.00	0	0	0	0	0	0
1428598790692314490	CPU_4	0	0	0	100.00	0	0	0	0	0	0
1428598791431366989	CPU_4	0	0	0	100.00	0	0	0	0	0	0
1428598792180649061	CPU_4	0	0	0	100.00	0	0	0	0	0	0
1428598792921008933	CPU_4	0	0	0	100.00	0	0	0	0	0	0
1428598793655504062	CPU_4	0	0	0	100.00	0	0	0	0	0	0
1428598794407168922	CPU_4	0	0	0	98.68	0	1.31	0	0	0	0
1428598795143827548	CPU_4	0	0	0	100.00	0	0	0	0	0	0
1428598795894959910	CPU_4	0	0	0	100.00	0	0	0	0	0	0
1428598796631700161	CPU_4	0	0	0	100.00	0	0	0	0	0	0
1428598797382402772	CPU_4	0	0	0	100.00	0	0	0	0	0	0
1428598798118072066	CPU_4	0	0	0	100.00	0	0	0	0	0	0
1428598798876809503	CPU_4	0	0	0	100.00	0	0	0	0	0	0
1428598799614793919	CPU_4	0	0	0	100.00	0	0	0	0	0	0
1428598800353384959	CPU_4	0	0	0	100.00	0	0	0	0	0	0
1428598801102910447	CPU_4	0	0	0	100.00	0	0	0	0	0	0
1428598801840703072	CPU_4	0	0	0	100.00	0	0	0	0	0	0
1428598802588806602	CPU_4	0	0	0	98.66	0	1.33	0	0	0	0
1428598803327679434	CPU_4	0	0	0	100.00	0	0	0	0	0	0
1428598804076299339	CPU_4	0	0	0	100.00	0	0	0	0	0	0
1428598804815934795	CPU_4	0	0	0	100.00	0	0	0	0	0	0
1428598805571191026	CPU_4	0	0	0	100.00	0	0	0	0	0	0
1428598806309074984	CPU_4	0	0	0	100.00	0	0	0	0	0	0
1428598807050816729	CPU_4	0	0	0	100.00	0	0	0	0	0	0
1428598807801441090	CPU_4	0	0	0	100.00	0	0	0	0	0	0
1428598808539865464	CPU_4	0	0	0	100.00	0	0	0	0	0	0
1428598809289090660	CPU_4	0	0	0	100.00	0	0	0	0	0	0
1428598810030424030	CPU_4	0	0	0	100.00	0	0	0	0	0	0
1428598810778369602	CPU_4	0	0	0	98.66	0	1.33	0	0	0	0
1428598811517735183	CPU_4	0	0	0	100.00	0	0	0	0	0	0
1428598812271731124	CPU_4	0	0	0	100.00	0	0	0	0	0	0
1428598813012646078	CPU_4	0	0	0	100.00	0	0	0	0	0	0
1428598813751635534	CPU_4	0	0	0	100.00	0	0	0	0	0	0
1428598814499880314	CPU_4	0	0	0	100.00	0	0	0	0	0	0
1428598815236883689	CPU_4	0	0	0	100.00	0	0	0	0	0	0
1428598815989173673	CPU_4	0	0	0	100.00	0	0	0	0	0	0
1428598816727760379	CPU_4	0	0	0	100.00	0	0	0	0	0	0
1428598817480155529	CPU_4	0	0	0	100.00	0	0	0	0	0	0
1428598818220985775	CPU_4	0	0	0	98.66	0	1.33	0	0	0	0
1428598818975454382	CPU_4	0	0	0	100.00	0	0	0	0	0	0
1428598819716499543	CPU_4	0	0	0	100.00	0	0	0	0	0	0
1428598820455506374	CPU_4	0	0	0	100.00	0	0	0	0	0	0
1428598821204877986	CPU_4	0	0	0	100.00	0	0	0	0	0	0
1428598821945212898	CPU_4	0	0	0	100.00	0	0	0	0	0	0
1428598822699213922	CPU_4	0	0	0	100.00	0	0	0	0	0	0
1428598823436608629	CPU_4	0	0	0	100.00	0	0	0	0	0	0
1428598824196519813	CPU_4	0	0	0	100.00	0	0	0	0	0	0
1428598824949907170	CPU_4	0	0	0	100.00	0	0	0	0	0	0
1428598825702805445	CPU_4	0	0	0	100.00	0	0	0	0	0	0
1428598826441810234	CPU_4	0	0	0	98.64	0	1.35	0	0	0	0
1428598827185404476	CPU_4	0	0	0	100.00	0	0	0	0	0	0
1428598827933554005	CPU_4	0	0	0	100.00	0	0	0	0	0	0
1428598828674932416	CPU_4	0	0	0	100.00	0	0	0	0	0	0
1428598829425872318	CPU_4	0	0	0	100.00	0	0	0	0	0	0
1428598830166264396	CPU_4	0	0	0	100.00	0	0	0	0	0	0
1428598830916404590	CPU_4	0	0	0	100.00	0	0	0	0	0	0
1428598831656083503	CPU_4	0	0	0	100.00	0	0	0	0	0	0
1428598832410178484	CPU_4	0	0	0	100.00	0	0	0	0	0	0
1428598833153055851	CPU_4	0	0	0	100.00	0	0	0	0	0	0
1428598833891310099	CPU_4	0	0	0	100.00	0	0	0	0	0	0
1428598834643894165	CPU_4	0	0	0	98.68	0	1.31	0	0	0	0
1428598835381848121	CPU_4	0	0	0	100.00	0	0	0	0	0	0
1428598836134955686	CPU_4	0	0	0	100.00	0	0	0	0	0	0
1428598836874514265	CPU_4	0	0	0	100.00	0	0	0	0	0	0
1428598837627553039	CPU_4	0	0	0	100.00	0	0	0	0	0	0
1428598838366720868	CPU_4	0	0	0	100.00	0	0	0	0	0	0
1428598839125188678	CPU_4	0	0	0	100.00	0	0	0	0	0	0
1428598839863941508	CPU_4	0	0	0	100.00	0	0	0	0	0	0
1428598840603484629	CPU_4	0	0	0	100.00	0	0	0	0	0	0
1428598841353542863	CPU_4	0	0	0	100.00	0	0	0	0	0	0
1428598842095236232	CPU_4	0	0	0	100.00	0	0	0	0	0	0
1428598842845954883	CPU_4	0	0	0	98.68	0	1.31	0	0	0	0
1428598843588841541	CPU_4	0	0	0	100.00	0	0	0	0	0	0
1428598844341090190	CPU_4	0	0	0	100.00	0	0	0	0	0	0
1428598845084458724	CPU_4	0	0	0	100.00	0	0	0	0	0	0
1428598845832261336	CPU_4	0	0	0	100.00	0	0	0	0	0	0
1428598846577702783	CPU_4	0	0	0	100.00	0	0	0	0	0	0
1428598847315102197	CPU_4	0	0	0	100.00	0	0	0	0	0	0
1428598848067823179	CPU_4	0	0	0	100.00	0	0	0	0	0	0
1428598848807777966	CPU_4	0	0	0	100.00	0	0	0	0	0	0
1428598849560658405	CPU_4	0	0	0	100.00	0	0	0	0	0	0
1428598850298266903	CPU_4	0	0	0	98.64	0	1.35	0	0	0	0
1428598851053320882	CPU_4	0	0	0	100.00	0	0	0	0	0	0
1428598851796358165	CPU_4	0	0	0	100.00	0	0	0	0	0	0
1428598852549365979	CPU_4	0	0	0	100.00	0	0	0	0	0	0
1428598853285885436	CPU_4	0	0	0	100.00	0	0	0	0	0	0
1428598854032693673	CPU_4	0	0	0	100.00	0	0	0	0	0	0
1428598854778542995	CPU_4	0	0	0	100.00	0	0	0	0	0	0
1428598855520068488	CPU_4	0	0	0	100.00	0	0	0	0	0	0
1428598856269315139	CPU_4	0	0	0	100.00	0	0	0	0	0	0
1428598857013826504	CPU_4	0	0	0	100.00	0	0	0	0	0	0
1428598857762371823	CPU_4	0	0	0	100.00	0	0	0	0	0	0
1428598858502581775	CPU_4	0	0	0	98.66	0	1.33	0	0	0	0
1428598859253555216	CPU_4	0	0	0	100.00	0	0	0	0	0	0
1428598859992998878	CPU_4	0	0	0	100.00	0	0	0	0	0	0
1428598860748312065	CPU_4	0	0	0	100.00	0	0	0	0	0	0
1428598861492414221	CPU_4	0	0	0	100.00	0	0	0	0	0	0
1428598862234635046	CPU_4	0	0	0	100.00	0	0	0	0	0	0
1428598862986515195	CPU_4	0	0	1.33	98.66	0	0	0	0	0	0
