#Timestamp	CPU_ID	user%	nice%	sys%	idle%	iowait%	irq%	softiq%	steal%	guest%	guest_nice%
1428607899821558181	CPU_0	14.03	0	1.75	82.45	0	1.75	0	0	0	0
1428607900433353811	CPU_0	0	0	0	92.30	0	0	7.69	0	0	0
1428607901046492063	CPU_0	0	0	0	100.00	0	0	0	0	0	0
1428607901658723484	CPU_0	0	0	0	100.00	0	0	0	0	0	0
1428607902279698177	CPU_0	0	0	0	98.41	0	1.58	0	0	0	0
1428607902893330136	CPU_0	0	0	0	100.00	0	0	0	0	0	0
1428607903507248804	CPU_0	0	0	0	100.00	0	0	0	0	0	0
1428607904119484142	CPU_0	0	0	0	100.00	0	0	0	0	0	0
1428607904732759519	CPU_0	0	0	0	98.36	0	1.63	0	0	0	0
1428607905352094424	CPU_0	0	0	1.61	98.38	0	0	0	0	0	0
1428607905965523635	CPU_0	0	0	0	93.75	0	6.25	0	0	0	0
1428607906578435680	CPU_0	0	0	0	100.00	0	0	0	0	0	0
1428607907192693055	CPU_0	0	0	1.61	98.38	0	0	0	0	0	0
1428607907807310596	CPU_0	0	0	0	100.00	0	0	0	0	0	0
1428607908427657542	CPU_0	0	0	0	100.00	0	0	0	0	0	0
1428607909041594085	CPU_0	0	0	0	100.00	0	0	0	0	0	0
1428607909656076085	CPU_0	0	0	0	100.00	0	0	0	0	0	0
1428607910269323340	CPU_0	0	0	0	100.00	0	0	0	0	0	0
1428607910890495366	CPU_0	0	0	0	100.00	0	0	0	0	0	0
1428607911508444150	CPU_0	0	0	0	100.00	0	0	0	0	0	0
1428607912123833524	CPU_0	0	0	0	100.00	0	0	0	0	0	0
1428607912738581691	CPU_0	0	0	0	100.00	0	0	0	0	0	0
1428607913354537188	CPU_0	0	0	0	100.00	0	0	0	0	0	0
1428607913975941424	CPU_0	0	0	0	100.00	0	0	0	0	0	0
1428607914591582381	CPU_0	0	0	1.61	96.77	1.61	0	0	0	0	0
1428607915206665089	CPU_0	0	0	0	100.00	0	0	0	0	0	0
1428607915822377796	CPU_0	0	0	0	93.75	0	6.25	0	0	0	0
1428607916437513170	CPU_0	0	0	0	100.00	0	0	0	0	0	0
1428607917059459656	CPU_0	0	0	0	100.00	0	0	0	0	0	0
1428607917674077490	CPU_0	0	0	1.61	98.38	0	0	0	0	0	0
1428607918288854157	CPU_0	0	0	0	100.00	0	0	0	0	0	0
1428607918905043280	CPU_0	0	0	3.17	96.82	0	0	0	0	0	0
1428607919526423559	CPU_0	0	0	0	100.00	0	0	0	0	0	0
1428607920141738308	CPU_0	0	0	1.63	98.36	0	0	0	0	0	0
1428607920756932892	CPU_0	0	0	0	100.00	0	0	0	0	0	0
1428607921373196890	CPU_0	0	0	0	100.00	0	0	0	0	0	0
1428607921988821806	CPU_0	0	0	0	100.00	0	0	0	0	0	0
1428607922610424418	CPU_0	0	0	0	100.00	0	0	0	0	0	0
1428607923225754918	CPU_0	0	0	0	100.00	0	0	0	0	0	0
1428607923841829542	CPU_0	0	0	0	100.00	0	0	0	0	0	0
1428607924457519417	CPU_0	0	0	0	100.00	0	0	0	0	0	0
1428607925073373916	CPU_0	0	0	0	100.00	0	0	0	0	0	0
1428607925694865153	CPU_0	0	0	0	100.00	0	0	0	0	0	0
1428607926310294112	CPU_0	0	0	0	100.00	0	0	0	0	0	0
1428607926926807569	CPU_0	0	0	1.61	98.38	0	0	0	0	0	0
1428607927543212275	CPU_0	0	0	0	98.38	0	1.61	0	0	0	0
1428607928165673386	CPU_0	0	0	0	100.00	0	0	0	0	0	0
1428607928781815219	CPU_0	0	0	0	98.38	0	1.61	0	0	0	0
1428607929399213632	CPU_0	0	0	1.63	98.36	0	0	0	0	0	0
1428607930015372090	CPU_0	0	0	0	100.00	0	0	0	0	0	0
1428607930631664464	CPU_0	0	0	0	100.00	0	0	0	0	0	0
1428607931254327866	CPU_0	0	0	0	100.00	0	0	0	0	0	0
1428607931870991573	CPU_0	0	0	0	98.38	0	1.61	0	0	0	0
1428607932486604992	CPU_0	0	0	0	100.00	0	0	0	0	0	0
1428607933102636282	CPU_0	0	0	0	100.00	0	0	0	0	0	0
1428607933725266976	CPU_0	0	0	0	100.00	0	0	0	0	0	0
1428607934342728557	CPU_0	0	0	0	96.77	0	3.22	0	0	0	0
1428607934958856891	CPU_0	0	0	0	100.00	0	0	0	0	0	0
1428607935575326224	CPU_0	0	0	0	100.00	0	0	0	0	0	0
1428607936192044140	CPU_0	0	0	0	100.00	0	0	0	0	0	0
1428607936815417874	CPU_0	0	0	0	100.00	0	0	0	0	0	0
1428607937432371623	CPU_0	0	0	0	100.00	0	0	0	0	0	0
1428607938048737040	CPU_0	0	0	0	100.00	0	0	0	0	0	0
1428607938665343748	CPU_0	0	0	0	100.00	0	0	0	0	0	0
1428607939283715369	CPU_0	0	0	0	100.00	0	0	0	0	0	0
1428607939905188191	CPU_0	0	0	1.58	96.82	0	1.58	0	0	0	0
1428607940522147940	CPU_0	0	0	0	100.00	0	0	0	0	0	0
1428607941138526232	CPU_0	0	0	0	100.00	0	0	0	0	0	0
1428607941755207649	CPU_0	0	0	0	100.00	0	0	0	0	0	0
1428607942378756384	CPU_0	0	0	0	98.38	0	1.61	0	0	0	0
1428607942995746175	CPU_0	0	0	1.61	98.38	0	0	0	0	0	0
1428607943612740091	CPU_0	1.63	0	0	96.72	0	1.63	0	0	0	0
1428607944230619672	CPU_0	0	0	0	98.33	0	1.66	0	0	0	0
1428607944847702589	CPU_0	8.19	0	1.63	88.52	1.63	0	0	0	0	0
1428607945471000658	CPU_0	0	0	0	98.41	0	1.58	0	0	0	0
1428607946087730200	CPU_0	0	0	0	100.00	0	0	0	0	0	0
1428607946704824658	CPU_0	0	0	0	98.38	0	1.61	0	0	0	0
1428607947321684992	CPU_0	0	0	1.63	98.36	0	0	0	0	0	0
1428607947945937310	CPU_0	0	0	0	100.00	0	0	0	0	0	0
1428607948563373059	CPU_0	0	0	0	100.00	0	0	0	0	0	0
1428607949180275518	CPU_0	4.91	0	0	95.08	0	0	0	0	0	0
1428607949797116352	CPU_0	0	0	0	92.42	0	1.51	6.06	0	0	0
1428607950414488226	CPU_0	0	0	0	100.00	0	0	0	0	0	0
1428607951037930421	CPU_0	0	0	1.61	98.38	0	0	0	0	0	0
1428607951654659048	CPU_0	0	0	0	100.00	0	0	0	0	0	0
1428607952271432715	CPU_0	0	0	0	100.00	0	0	0	0	0	0
1428607952888775590	CPU_0	0	0	0	98.38	0	1.61	0	0	0	0
1428607953511748787	CPU_0	0	0	1.63	98.36	0	0	0	0	0	0
1428607954128366288	CPU_0	0	0	0	100.00	0	0	0	0	0	0
1428607954745485998	CPU_0	0	0	0	98.38	0	1.61	0	0	0	0
1428607955362583707	CPU_0	0	0	0	100.00	0	0	0	0	0	0
1428607955979641708	CPU_0	0	0	0	100.00	0	0	0	0	0	0
1428607956602295280	CPU_0	0	0	0	100.00	0	0	0	0	0	0
1428607957219404781	CPU_0	0	0	1.58	96.82	0	1.58	0	0	0	0
1428607957835466035	CPU_0	0	0	0	100.00	0	0	0	0	0	0
1428607958453456159	CPU_0	0	0	1.58	96.82	0	1.58	0	0	0	0
1428607959072902198	CPU_0	0	0	0	100.00	0	0	0	0	0	0
1428607959695350604	CPU_0	0	0	0	100.00	0	0	0	0	0	0
1428607960311907482	CPU_0	0	0	0	100.00	0	0	0	0	0	0
1428607960929371941	CPU_0	0	0	1.61	98.38	0	0	0	0	0	0
1428607961546433818	CPU_0	0	0	0	100.00	0	0	0	0	0	0
1428607962169555807	CPU_0	0	0	1.58	96.82	0	1.58	0	0	0	0
1428607962786931100	CPU_0	0	0	0	100.00	0	0	0	0	0	0
1428607963404210310	CPU_0	0	0	0	100.00	0	0	0	0	0	0
1428607964021106937	CPU_0	0	0	0	100.00	0	0	0	0	0	0
1428607964637963648	CPU_0	0	0	0	100.00	0	0	0	0	0	0
1428607965261160846	CPU_0	0	0	1.56	96.87	0	1.56	0	0	0	0
1428607965878547514	CPU_0	0	0	0	100.00	0	0	0	0	0	0
1428607966495784183	CPU_0	0	0	1.61	98.38	0	0	0	0	0	0
1428607967113018268	CPU_0	0	0	0	100.00	0	0	0	0	0	0
1428607967737024464	CPU_0	0	0	0	98.38	0	1.61	0	0	0	0
1428607968354522550	CPU_0	0	0	1.61	98.38	0	0	0	0	0	0
1428607968972487509	CPU_0	0	0	0	100.00	0	0	0	0	0	0
1428607969589592428	CPU_0	0	0	0	98.36	0	1.63	0	0	0	0
1428607970206863848	CPU_0	0	0	1.61	98.38	0	0	0	0	0	0
1428607970830560878	CPU_0	0	0	0	100.00	0	0	0	0	0	0
1428607971448944462	CPU_0	0	0	0	100.00	0	0	0	0	0	0
1428607972066020632	CPU_0	0	0	0	98.38	0	1.61	0	0	0	0
1428607972683350718	CPU_0	0	0	0	100.00	0	0	0	0	0	0
1428607973307031249	CPU_0	0	0	0	100.00	0	0	0	0	0	0
1428607973925401458	CPU_0	0	0	0	100.00	0	0	0	0	0	0
1428607974543339460	CPU_0	0	0	1.58	95.23	1.58	1.58	0	0	0	0
1428607975161672044	CPU_0	0	0	0	100.00	0	0	0	0	0	0
1428607975779756462	CPU_0	0	0	0	100.00	0	0	0	0	0	0
1428607976404339075	CPU_0	0	0	0	100.00	0	0	0	0	0	0
1428607977021652328	CPU_0	0	0	1.61	98.38	0	0	0	0	0	0
1428607977638930249	CPU_0	0	0	0	98.38	0	1.61	0	0	0	0
1428607978256077086	CPU_0	0	0	0	100.00	0	0	0	0	0	0
1428607978879383952	CPU_0	0	0	0	96.82	0	3.17	0	0	0	0
1428607979497399037	CPU_0	0	0	0	100.00	0	0	0	0	0	0
1428607980115018582	CPU_0	0	0	0	100.00	0	0	0	0	0	0
1428607980732059087	CPU_0	0	0	1.61	98.38	0	0	0	0	0	0
1428607981349683757	CPU_0	0	0	1.63	98.36	0	0	0	0	0	0
1428607981973496580	CPU_0	0	0	0	100.00	0	0	0	0	0	0
1428607982591691082	CPU_0	0	0	1.61	98.38	0	0	0	0	0	0
1428607983209065086	CPU_0	0	0	0	100.00	0	0	0	0	0	0
1428607983826348591	CPU_0	0	0	0	100.00	0	0	0	0	0	0
1428607984453731657	CPU_0	0	0	0	100.00	0	0	0	0	0	0
1428607985071379869	CPU_0	0	0	0	98.38	0	1.61	0	0	0	0
1428607985688662165	CPU_0	0	0	1.61	98.38	0	0	0	0	0	0
1428607986305888670	CPU_0	0	0	0	100.00	0	0	0	0	0	0
1428607986923828174	CPU_0	0	0	0	100.00	0	0	0	0	0	0
1428607987547662040	CPU_0	0	0	1.61	98.38	0	0	0	0	0	0
1428607988164992920	CPU_0	0	0	0	98.38	0	1.61	0	0	0	0
1428607988782883673	CPU_0	0	0	0	100.00	0	0	0	0	0	0
1428607989400086595	CPU_0	0	0	0	100.00	0	0	0	0	0	0
1428607990019993178	CPU_0	0	0	0	100.00	0	0	0	0	0	0
1428607990643217463	CPU_0	0	0	1.56	96.87	0	1.56	0	0	0	0
1428607991261034884	CPU_0	0	0	0	100.00	0	0	0	0	0	0
1428607991878583180	CPU_0	0	0	0	98.38	0	1.61	0	0	0	0
1428607992496728476	CPU_0	0	0	0	100.00	0	0	0	0	0	0
1428607993120665467	CPU_0	0	0	1.61	98.38	0	0	0	0	0	0
1428607993738236097	CPU_0	0	0	0	100.00	0	0	0	0	0	0
1428607994356054394	CPU_0	0	0	0	100.00	0	0	0	0	0	0
1428607994973767774	CPU_0	0	0	0	100.00	0	0	0	0	0	0
1428607995591170029	CPU_0	0	0	0	98.36	0	1.63	0	0	0	0
1428607996214586522	CPU_0	0	0	0	100.00	0	0	0	0	0	0
1428607996831718945	CPU_0	0	0	0	100.00	0	0	0	0	0	0
1428607997449109452	CPU_0	0	0	0	100.00	0	0	0	0	0	0
1428607998066524874	CPU_0	0	0	1.58	96.82	0	1.58	0	0	0	0
1428607998689913909	CPU_0	0	0	0	100.00	0	0	0	0	0	0
1428607999307678832	CPU_0	0	0	0	100.00	0	0	0	0	0	0
1428607999925072630	CPU_0	0	0	0	100.00	0	0	0	0	0	0
1428608000542545094	CPU_0	0	0	0	98.38	0	1.61	0	0	0	0
1428608001159884393	CPU_0	0	0	1.53	93.84	0	0	4.61	0	0	0
1428608001783666969	CPU_0	0	0	0	100.00	0	0	0	0	0	0
1428608002400829018	CPU_0	0	0	0	100.00	0	0	0	0	0	0
1428608003019050939	CPU_0	0	0	0	98.38	0	1.61	0	0	0	0
1428608003636559779	CPU_0	0	0	0	100.00	0	0	0	0	0	0
1428608004260292439	CPU_0	0	0	0	100.00	0	0	0	0	0	0
1428608004877997821	CPU_0	0	0	1.61	98.38	0	0	0	0	0	0
1428608005496566659	CPU_0	0	0	0	98.38	0	1.61	0	0	0	0
1428608006114085791	CPU_0	0	0	0	100.00	0	0	0	0	0	0
1428608006732478588	CPU_0	0	0	0	98.38	0	1.61	0	0	0	0
1428608007356749789	CPU_0	0	0	1.61	98.38	0	0	0	0	0	0
1428608007976129083	CPU_0	3.27	0	3.27	93.44	0	0	0	0	0	0
1428608008593743507	CPU_0	0	0	0	100.00	0	0	0	0	0	0
1428608009210548933	CPU_0	0	0	0	98.38	0	1.61	0	0	0	0
1428608009833589470	CPU_0	0	0	0	100.00	0	0	0	0	0	0
1428608010451457935	CPU_0	0	0	0	100.00	0	0	0	0	0	0
1428608011068218611	CPU_0	0	0	0	100.00	0	0	0	0	0	0
1428608011685624119	CPU_0	0	0	1.61	98.38	0	0	0	0	0	0
1428608012302369087	CPU_0	0	0	0	100.00	0	0	0	0	0	0
1428608012926407164	CPU_0	0	0	1.51	93.93	0	4.54	0	0	0	0
1428608013544652212	CPU_0	0	0	0	100.00	0	0	0	0	0	0
1428608014162836094	CPU_0	1.61	0	1.61	96.77	0	0	0	0	0	0
1428608014779914770	CPU_0	0	0	0	100.00	0	0	0	0	0	0
1428608015405615760	CPU_0	0	0	0	100.00	0	0	0	0	0	0
1428608016024445933	CPU_0	0	0	0	100.00	0	0	0	0	0	0
1428608016642938272	CPU_0	0	0	1.61	98.38	0	0	0	0	0	0
1428608017260746238	CPU_0	0	0	0	100.00	0	0	0	0	0	0
1428608017879044287	CPU_0	0	0	0	100.00	0	0	0	0	0	0
1428608018504078113	CPU_0	1.61	0	0	98.38	0	0	0	0	0	0
1428608019122992994	CPU_0	0	0	1.61	98.38	0	0	0	0	0	0
1428608019740609336	CPU_0	0	0	0	98.38	1.61	0	0	0	0	0
1428608020359510467	CPU_0	0	0	0	100.00	0	0	0	0	0	0
1428608020984220543	CPU_0	0	0	1.58	96.82	0	1.58	0	0	0	0
1428608021605108545	CPU_0	0	0	0	100.00	0	0	0	0	0	0
1428608022223259386	CPU_0	0	0	1.61	98.38	0	0	0	0	0	0
1428608022842231559	CPU_0	0	0	0	100.00	0	0	0	0	0	0
1428608023461297899	CPU_0	0	0	1.56	93.75	0	4.68	0	0	0	0
1428608024086603100	CPU_0	0	0	0	100.00	0	0	0	0	0	0
1428608024704962232	CPU_0	0	0	0	100.00	0	0	0	0	0	0
1428608025323884906	CPU_0	0	0	0	100.00	0	0	0	0	0	0
1428608025942238330	CPU_0	0	0	1.61	98.38	0	0	0	0	0	0
1428608026563329249	CPU_0	0	0	0	100.00	0	0	0	0	0	0
1428608027186041123	CPU_0	0	0	0	100.00	0	0	0	0	0	0
1428608027804780005	CPU_0	0	0	0	100.00	0	0	0	0	0	0
1428608028423438679	CPU_0	0	0	1.61	98.38	0	0	0	0	0	0
1428608029042672811	CPU_0	0	0	0	100.00	0	0	0	0	0	0
1428608029667826346	CPU_0	0	0	1.61	98.38	0	0	0	0	0	0
1428608030286331021	CPU_0	0	0	0	100.00	0	0	0	0	0	0
1428608030905040362	CPU_0	0	0	0	100.00	0	0	0	0	0	0
1428608031524293285	CPU_0	0	0	0	98.38	0	1.61	0	0	0	0
1428608032144850998	CPU_0	0	0	0	100.00	0	0	0	0	0	0
1428608032768045663	CPU_0	0	0	1.58	98.41	0	0	0	0	0	0
1428608033387035295	CPU_0	0	0	0	100.00	0	0	0	0	0	0
1428608034006033720	CPU_0	0	0	0	98.38	0	1.61	0	0	0	0
1428608034624846644	CPU_0	0	0	0	98.38	0	0	1.61	0	0	0
1428608035250382888	CPU_0	0	0	1.61	98.38	0	0	0	0	0	0
1428608035869076230	CPU_0	0	0	0	100.00	0	0	0	0	0	0
1428608036487728614	CPU_0	0	0	1.49	92.53	0	5.97	0	0	0	0
1428608037106358164	CPU_0	0	0	0	100.00	0	0	0	0	0	0
1428608037726879669	CPU_0	0	0	1.58	98.41	0	0	0	0	0	0
1428608038350969875	CPU_0	0	0	0	100.00	0	0	0	0	0	0
1428608038970634298	CPU_0	0	0	1.61	98.38	0	0	0	0	0	0
1428608039589927347	CPU_0	0	0	0	100.00	0	0	0	0	0	0
1428608040208483024	CPU_0	0	0	0	98.41	0	0	1.58	0	0	0
1428608040833711935	CPU_0	0	0	0	100.00	0	0	0	0	0	0
1428608041452064945	CPU_0	0	0	1.61	98.38	0	0	0	0	0	0
1428608042071388870	CPU_0	0	0	0	100.00	0	0	0	0	0	0
1428608042690159463	CPU_0	0	0	0	100.00	0	0	0	0	0	0
1428608043310867426	CPU_0	0	0	1.61	98.38	0	0	0	0	0	0
1428608043934707383	CPU_0	0	0	0	100.00	0	0	0	0	0	0
1428608044554583932	CPU_0	0	0	0	100.00	0	0	0	0	0	0
1428608045173128484	CPU_0	0	0	0	100.00	0	0	0	0	0	0
1428608045792385117	CPU_0	0	0	1.61	98.38	0	0	0	0	0	0
1428608046417326281	CPU_0	0	0	0	98.41	0	1.58	0	0	0	0
1428608047037704370	CPU_0	0	0	0	100.00	0	0	0	0	0	0
1428608047656547213	CPU_0	0	0	0	95.31	0	4.68	0	0	0	0
1428608048275752639	CPU_0	0	0	1.61	98.38	0	0	0	0	0	0
1428608048900388303	CPU_0	0	0	0	100.00	0	0	0	0	0	0
1428608049522668764	CPU_0	0	0	1.61	98.38	0	0	0	0	0	0
1428608050141201567	CPU_0	0	0	0	100.00	0	0	0	0	0	0
1428608050760757742	CPU_0	0	0	0	100.00	0	0	0	0	0	0
1428608051379414128	CPU_0	0	0	0	100.00	0	0	0	0	0	0
1428608052005608039	CPU_0	0	0	0	100.00	0	0	0	0	0	0
1428608052624846090	CPU_0	0	0	1.61	98.38	0	0	0	0	0	0
1428608053244168683	CPU_0	0	0	0	100.00	0	0	0	0	0	0
1428608053863446443	CPU_0	0	0	0	100.00	0	0	0	0	0	0
1428608054493304014	CPU_0	0	0	0	100.00	0	0	0	0	0	0
1428608055112914773	CPU_0	0	0	1.61	98.38	0	0	0	0	0	0
1428608055732742531	CPU_0	0	0	0	100.00	0	0	0	0	0	0
1428608056351924083	CPU_0	0	0	1.61	98.38	0	0	0	0	0	0
1428608056970987636	CPU_0	0	0	0	100.00	0	0	0	0	0	0
1428608057597644797	CPU_0	0	0	0	91.17	0	1.47	7.35	0	0	0
1428608058216779807	CPU_0	0	0	0	100.00	0	0	0	0	0	0
1428608058836511858	CPU_0	0	0	1.61	98.38	0	0	0	0	0	0
1428608059455876452	CPU_0	0	0	0	100.00	0	0	0	0	0	0
1428608060082400864	CPU_0	0	0	0	98.38	0	1.61	0	0	0	0
1428608060701685541	CPU_0	0	0	0	100.00	0	0	0	0	0	0
1428608061321398467	CPU_0	0	0	3.17	96.82	0	0	0	0	0	0
1428608061940668853	CPU_0	0	0	0	100.00	0	0	0	0	0	0
1428608062560747112	CPU_0	0	0	0	98.41	0	1.58	0	0	0	0
1428608063186641776	CPU_0	1.63	0	0	98.36	0	0	0	0	0	0
1428608063806311453	CPU_0	0	0	0	98.33	0	1.66	0	0	0	0
1428608064425765838	CPU_0	0	0	0	98.36	0	1.63	0	0	0	0
1428608065046758971	CPU_0	9.52	0	3.17	85.71	0	1.58	0	0	0	0
1428608065672371302	CPU_0	0	0	0	100.00	0	0	0	0	0	0
1428608066291394481	CPU_0	0	0	0	100.00	0	0	0	0	0	0
1428608066910385409	CPU_0	0	0	0	100.00	0	0	0	0	0	0
1428608067530142087	CPU_0	0	0	0	98.38	0	1.61	0	0	0	0
1428608068149404265	CPU_0	0	0	1.61	98.38	0	0	0	0	0	0
1428608068775277262	CPU_0	0	0	0	100.00	0	0	0	0	0	0
1428608069394693899	CPU_0	4.76	0	1.58	93.65	0	0	0	0	0	0
1428608070015617074	CPU_0	0	0	0	96.77	1.61	1.61	0	0	0	0
1428608070636919415	CPU_0	0	0	1.58	98.41	0	0	0	0	0	0
1428608071263193287	CPU_0	0	0	0	100.00	0	0	0	0	0	0
1428608071882914673	CPU_0	0	0	0	100.00	0	0	0	0	0	0
1428608072502867976	CPU_0	0	0	0	98.38	0	1.61	0	0	0	0
1428608073122971361	CPU_0	0	0	0	100.00	0	0	0	0	0	0
1428608073742966414	CPU_0	0	0	0	100.00	0	0	0	0	0	0
1428608074368181705	CPU_0	0	0	0	100.00	0	0	0	0	0	0
1428608074987770634	CPU_0	0	0	1.53	93.84	0	4.61	0	0	0	0
1428608075608167852	CPU_0	0	0	0	100.00	0	0	0	0	0	0
1428608076227633365	CPU_0	0	0	1.61	98.38	0	0	0	0	0	0
1428608076853961904	CPU_0	0	0	0	100.00	0	0	0	0	0	0
1428608077473598291	CPU_0	0	0	0	100.00	0	0	0	0	0	0
1428608078094065177	CPU_0	0	0	0	100.00	0	0	0	0	0	0
1428608078713922022	CPU_0	0	0	1.61	98.38	0	0	0	0	0	0
1428608079336706652	CPU_0	0	0	0	100.00	0	0	0	0	0	0
1428608079958782701	CPU_0	0	0	0	100.00	0	0	0	0	0	0
1428608080578933921	CPU_0	0	0	0	100.00	0	0	0	0	0	0
1428608081198863225	CPU_0	0	0	1.58	98.41	0	0	0	0	0	0
1428608081818954361	CPU_0	0	0	0	100.00	0	0	0	0	0	0
1428608082445391610	CPU_0	0	0	1.58	98.41	0	0	0	0	0	0
1428608083065776329	CPU_0	0	0	0	96.82	0	3.17	0	0	0	0
1428608083685819841	CPU_0	0	0	0	100.00	0	0	0	0	0	0
1428608084305814937	CPU_0	0	0	1.61	98.38	0	0	0	0	0	0
1428608084932100561	CPU_0	0	0	0	100.00	0	0	0	0	0	0
1428608085553060405	CPU_0	0	0	0	100.00	0	0	0	0	0	0
1428608086173535291	CPU_0	0	0	0	100.00	0	0	0	0	0	0
1428608086794071678	CPU_0	0	0	0	100.00	0	0	0	0	0	0
1428608087414551023	CPU_0	0	0	0	100.00	0	0	0	0	0	0
1428608088042436019	CPU_0	0	0	0	100.00	0	0	0	0	0	0
1428608088663168447	CPU_0	0	0	0	98.38	0	1.61	0	0	0	0
1428608089283986499	CPU_0	0	0	1.61	98.38	0	0	0	0	0	0
1428608089904510928	CPU_0	0	0	0	100.00	0	0	0	0	0	0
1428608090531285593	CPU_0	0	0	0	100.00	0	0	0	0	0	0
1428608091152149646	CPU_0	0	0	0	92.42	0	7.57	0	0	0	0
1428608091771982452	CPU_0	0	0	1.61	98.38	0	0	0	0	0	0
1428608092392268589	CPU_0	0	0	0	100.00	0	0	0	0	0	0
1428608093012756352	CPU_0	0	0	0	100.00	0	0	0	0	0	0
1428608093640293516	CPU_0	0	0	0	100.00	0	0	0	0	0	0
1428608094260370529	CPU_0	0	0	0	100.00	0	0	0	0	0	0
1428608094881187416	CPU_0	0	0	0	100.00	0	0	0	0	0	0
1428608095501300221	CPU_0	0	0	0	100.00	0	0	0	0	0	0
1428608096129270593	CPU_0	0	0	1.58	98.41	0	0	0	0	0	0
1428608096749612523	CPU_0	0	0	0	100.00	0	0	0	0	0	0
1428608097370386744	CPU_0	0	0	0	100.00	0	0	0	0	0	0
1428608097991173590	CPU_0	0	0	0	100.00	0	0	0	0	0	0
1428608098614302305	CPU_0	0	0	0	100.00	0	0	0	0	0	0
1428608099239234893	CPU_0	0	0	0	100.00	0	0	0	0	0	0
1428608099860162113	CPU_0	0	0	0	98.38	1.61	0	0	0	0	0
1428608100480437127	CPU_0	0	0	0	100.00	0	0	0	0	0	0
1428608101101366348	CPU_0	0	0	1.61	98.38	0	0	0	0	0	0
1428608101729170263	CPU_0	0	0	1.58	98.41	0	0	0	0	0	0
1428608102350136984	CPU_0	0	0	0	100.00	0	0	0	0	0	0
1428608102970913330	CPU_0	0	0	0	100.00	0	0	0	0	0	0
1428608103592123759	CPU_0	0	0	0	98.38	0	1.61	0	0	0	0
1428608104218381886	CPU_0	0	0	0	100.00	0	0	0	0	0	0
1428608104839239899	CPU_0	0	0	0	100.00	0	0	0	0	0	0
1428608105459753538	CPU_0	0	0	1.61	98.38	0	0	0	0	0	0
1428608106080425177	CPU_0	0	0	0	100.00	0	0	0	0	0	0
1428608106700911024	CPU_0	0	0	0	98.38	0	1.61	0	0	0	0
1428608107327784608	CPU_0	0	0	0	100.00	0	0	0	0	0	0
1428608107948549414	CPU_0	0	0	0	100.00	0	0	0	0	0	0
1428608108569829301	CPU_0	0	0	0	100.00	0	0	0	0	0	0
1428608109190170358	CPU_0	0	0	1.58	96.82	0	1.58	0	0	0	0
1428608109816920109	CPU_0	0	0	0	100.00	0	0	0	0	0	0
1428608110437107916	CPU_0	0	0	0	100.00	0	0	0	0	0	0
1428608111057280015	CPU_0	0	0	0	100.00	0	0	0	0	0	0
1428608111678520362	CPU_0	0	0	0	98.38	0	1.61	0	0	0	0
1428608112298784127	CPU_0	0	0	0	100.00	0	0	0	0	0	0
1428608112925202755	CPU_0	0	0	0	96.87	0	0	3.12	0	0	0
1428608113546026019	CPU_0	0	0	0	100.00	0	0	0	0	0	0
1428608114166579534	CPU_0	0	0	1.58	96.82	0	1.58	0	0	0	0
1428608114786772467	CPU_0	0	0	0	100.00	0	0	0	0	0	0
1428608115413276594	CPU_0	0	0	0	95.38	0	4.61	0	0	0	0
1428608116034300525	CPU_0	0	0	0	100.00	0	0	0	0	0	0
1428608116654886749	CPU_0	0	0	0	100.00	0	0	0	0	0	0
1428608117275384515	CPU_0	0	0	0	100.00	0	0	0	0	0	0
1428608117902430350	CPU_0	0	0	0	100.00	0	0	0	0	0	0
1428608118526125276	CPU_0	0	0	0	100.00	0	0	0	0	0	0
1428608119147416998	CPU_0	0	0	0	100.00	0	0	0	0	0	0
1428608119768508346	CPU_0	0	0	0	100.00	0	0	0	0	0	0
1428608120389280945	CPU_0	0	0	1.61	98.38	0	0	0	0	0	0
1428608121017067237	CPU_0	0	0	0	100.00	0	0	0	0	0	0
1428608121638983875	CPU_0	0	0	0	100.00	0	0	0	0	0	0
1428608122260024599	CPU_0	0	0	0	100.00	0	0	0	0	0	0
1428608122880606198	CPU_0	0	0	1.61	98.38	0	0	0	0	0	0
1428608123508047117	CPU_0	0	0	0	100.00	0	0	0	0	0	0
1428608124129558089	CPU_0	0	0	0	100.00	0	0	0	0	0	0
1428608124750559397	CPU_0	0	0	0	96.82	1.58	1.58	0	0	0	0
1428608125371794287	CPU_0	0	0	0	100.00	0	0	0	0	0	0
1428608125992935885	CPU_0	0	0	0	100.00	0	0	0	0	0	0
1428608126620959803	CPU_0	0	0	0	100.00	0	0	0	0	0	0
1428608127242083110	CPU_0	0	0	0	100.00	0	0	0	0	0	0
1428608127863290084	CPU_0	0	0	1.58	96.82	0	1.58	0	0	0	0
1428608128485015224	CPU_0	0	0	0	100.00	0	0	0	0	0	0
1428608129113468474	CPU_0	0	0	0	100.00	0	0	0	0	0	0
1428608129734888323	CPU_0	0	0	1.58	96.82	0	1.58	0	0	0	0
1428608130355344298	CPU_0	0	0	0	100.00	0	0	0	0	0	0
1428608130976868647	CPU_0	0	0	0	100.00	0	0	0	0	0	0
1428608131599374452	CPU_0	0	0	0	100.00	0	0	0	0	0	0
1428608132225495624	CPU_0	0	0	0	100.00	0	0	0	0	0	0
1428608132846412474	CPU_0	0	0	0	98.38	0	1.61	0	0	0	0
1428608133467972865	CPU_0	0	0	1.61	98.38	0	0	0	0	0	0
1428608134089317173	CPU_0	0	0	0	100.00	0	0	0	0	0	0
1428608134718567672	CPU_0	0	0	0	100.00	0	0	0	0	0	0
1428608135339208065	CPU_0	0	0	0	98.41	0	1.58	0	0	0	0
1428608135960329915	CPU_0	0	0	0	92.42	0	0	7.57	0	0	0
1428608136581322599	CPU_0	0	0	0	100.00	0	0	0	0	0	0
1428608137209474726	CPU_0	0	0	1.58	98.41	0	0	0	0	0	0
1428608137830836034	CPU_0	0	0	0	98.41	0	1.58	0	0	0	0
1428608138452048176	CPU_0	0	0	0	100.00	0	0	0	0	0	0
1428608139073056902	CPU_0	0	0	0	100.00	0	0	0	0	0	0
1428608139695437166	CPU_0	0	0	1.63	98.36	0	0	0	0	0	0
1428608140322625046	CPU_0	0	0	0	98.41	0	1.58	0	0	0	0
1428608140944172479	CPU_0	0	0	0	100.00	0	0	0	0	0	0
1428608141565001122	CPU_0	0	0	0	100.00	0	0	0	0	0	0
1428608142186964888	CPU_0	0	0	0	100.00	0	0	0	0	0	0
1428608142814373059	CPU_0	0	0	0	100.00	0	0	0	0	0	0
1428608143435878368	CPU_0	0	0	0	98.38	0	1.61	0	0	0	0
1428608144056346179	CPU_0	0	0	1.61	98.38	0	0	0	0	0	0
1428608144678781194	CPU_0	0	0	1.58	98.41	0	0	0	0	0	0
1428608145305810033	CPU_0	0	0	0	100.00	0	0	0	0	0	0
1428608145929431337	CPU_0	0	0	0	98.41	0	1.58	0	0	0	0
1428608146550609397	CPU_0	0	0	1.61	98.38	0	0	0	0	0	0
1428608147172543663	CPU_0	0	0	0	100.00	0	0	0	0	0	0
1428608147793717807	CPU_0	0	0	0	100.00	0	0	0	0	0	0
1428608148421221520	CPU_0	0	0	0	98.41	0	1.58	0	0	0	0
1428608149041888039	CPU_0	0	0	1.61	98.38	0	0	0	0	0	0
1428608149664519430	CPU_0	0	0	0	98.38	1.61	0	0	0	0	0
1428608150286990154	CPU_0	0	0	1.61	98.38	0	0	0	0	0	0
1428608150914684992	CPU_0	0	0	0	98.41	0	1.58	0	0	0	0
1428608151536155552	CPU_0	0	0	0	100.00	0	0	0	0	0	0
1428608152158316902	CPU_0	0	0	0	100.00	0	0	0	0	0	0
1428608152779646046	CPU_0	0	0	0	100.00	0	0	0	0	0	0
1428608153401102731	CPU_0	0	0	1.58	98.41	0	0	0	0	0	0
1428608154028317279	CPU_0	0	0	0	98.38	0	1.61	0	0	0	0
1428608154649945255	CPU_0	0	0	1.58	98.41	0	0	0	0	0	0
1428608155271089899	CPU_0	0	0	0	100.00	0	0	0	0	0	0
1428608155892512752	CPU_0	0	0	0	100.00	0	0	0	0	0	0
1428608156519513842	CPU_0	0	0	0	98.41	0	1.58	0	0	0	0
1428608157141047694	CPU_0	0	0	1.61	98.38	0	0	0	0	0	0
1428608157761977172	CPU_0	0	0	0	100.00	0	0	0	0	0	0
1428608158382509860	CPU_0	0	0	0	100.00	0	0	0	0	0	0
1428608159014539107	CPU_0	0	0	0	93.93	0	6.06	0	0	0	0
1428608159636129001	CPU_0	0	0	1.61	98.38	0	0	0	0	0	0
1428608160257640812	CPU_0	0	0	0	100.00	0	0	0	0	0	0
1428608160878304624	CPU_0	0	0	0	100.00	0	0	0	0	0	0
1428608161499651227	CPU_0	0	0	1.61	98.38	0	0	0	0	0	0
1428608162127412609	CPU_0	0	0	0	100.00	0	0	0	0	0	0
1428608162749014586	CPU_0	0	0	0	100.00	0	0	0	0	0	0
1428608163369926440	CPU_0	0	0	0	100.00	0	0	0	0	0	0
1428608163991846293	CPU_0	0	0	1.61	98.38	0	0	0	0	0	0
1428608164619710591	CPU_0	0	0	0	100.00	0	0	0	0	0	0
1428608165242001942	CPU_0	0	0	0	100.00	0	0	0	0	0	0
1428608165864051336	CPU_0	0	0	0	100.00	0	0	0	0	0	0
1428608166485631106	CPU_0	0	0	0	100.00	0	0	0	0	0	0
1428608167107652166	CPU_0	0	0	0	100.00	0	0	0	0	0	0
1428608167736752504	CPU_0	0	0	1.58	98.41	0	0	0	0	0	0
1428608168358736523	CPU_0	0	0	0	100.00	0	0	0	0	0	0
1428608168980007211	CPU_0	0	0	0	100.00	0	0	0	0	0	0
1428608169601917897	CPU_0	0	0	0	92.42	0	7.57	0	0	0	0
1428608170231254401	CPU_0	0	0	1.58	98.41	0	0	0	0	0	0
1428608170853054088	CPU_0	0	0	0	100.00	0	0	0	0	0	0
1428608171474640025	CPU_0	0	0	0	100.00	0	0	0	0	0	0
1428608172096841252	CPU_0	0	0	0	100.00	0	0	0	0	0	0
1428608172725173550	CPU_0	0	0	1.58	98.41	0	0	0	0	0	0
1428608173347034279	CPU_0	0	0	0	100.00	0	0	0	0	0	0
1428608173968326384	CPU_0	0	0	0	100.00	0	0	0	0	0	0
1428608174590074696	CPU_0	0	0	0	100.00	0	0	0	0	0	0
1428608175212539090	CPU_0	0	0	0	100.00	0	0	0	0	0	0
1428608175841124555	CPU_0	0	0	1.58	98.41	0	0	0	0	0	0
1428608176462406660	CPU_0	0	0	0	100.00	0	0	0	0	0	0
1428608177084363430	CPU_0	0	0	0	100.00	0	0	0	0	0	0
1428608177706817783	CPU_0	0	0	0	100.00	0	0	0	0	0	0
1428608178335311748	CPU_0	0	0	0	100.00	0	0	0	0	0	0
1428608178956651770	CPU_0	0	0	0	100.00	0	0	0	0	0	0
1428608179578803332	CPU_0	0	0	1.61	98.38	0	0	0	0	0	0
1428608180201658101	CPU_0	0	0	0	98.38	1.61	0	0	0	0	0
1428608180833736268	CPU_0	0	0	0	100.00	0	0	0	0	0	0
1428608181456473287	CPU_0	0	0	0	100.00	0	0	0	0	0	0
1428608182079173515	CPU_0	0	0	1.58	98.41	0	0	0	0	0	0
1428608182702591283	CPU_0	0	0	0	100.00	0	0	0	0	0	0
1428608183325300553	CPU_0	1.61	0	0	96.77	0	1.61	0	0	0	0
1428608183954514350	CPU_0	0	0	1.61	96.77	0	1.61	0	0	0	0
1428608184576528455	CPU_0	6.55	0	1.63	90.16	0	1.63	0	0	0	0
1428608185199497058	CPU_0	0	0	0	100.00	0	0	0	0	0	0
1428608185821175955	CPU_0	0	0	0	98.41	0	1.58	0	0	0	0
1428608186449226464	CPU_0	0	0	0	100.00	0	0	0	0	0	0
1428608187070946111	CPU_0	0	0	0	100.00	0	0	0	0	0	0
1428608187694044506	CPU_0	0	0	1.61	98.38	0	0	0	0	0	0
1428608188315551195	CPU_0	0	0	0	98.38	0	1.61	0	0	0	0
1428608188938263966	CPU_0	0	0	0	100.00	0	0	0	0	0	0
1428608189564919145	CPU_0	4.83	0	0	95.16	0	0	0	0	0	0
1428608190189529119	CPU_0	0	0	1.61	98.38	0	0	0	0	0	0
1428608190811233851	CPU_0	0	0	0	98.41	0	1.58	0	0	0	0
1428608191432680166	CPU_0	0	0	0	100.00	0	0	0	0	0	0
1428608192061438299	CPU_0	0	0	0	100.00	0	0	0	0	0	0
1428608192683905862	CPU_0	0	0	1.61	98.38	0	0	0	0	0	0
1428608193305654093	CPU_0	1.49	0	0	92.53	0	1.49	4.47	0	0	0
1428608193927432908	CPU_0	0	0	0	100.00	0	0	0	0	0	0
1428608194556008167	CPU_0	0	0	0	100.00	0	0	0	0	0	0
1428608195178335647	CPU_0	0	0	0	100.00	0	0	0	0	0	0
1428608195799760921	CPU_0	0	0	1.58	96.82	0	1.58	0	0	0	0
1428608196421095196	CPU_0	0	0	1.61	98.38	0	0	0	0	0	0
1428608197043093760	CPU_0	0	0	0	100.00	0	0	0	0	0	0
1428608197673314349	CPU_0	0	0	0	100.00	0	0	0	0	0	0
1428608198294951998	CPU_0	0	0	0	98.38	0	1.61	0	0	0	0
1428608198917410854	CPU_0	0	0	0	100.00	0	0	0	0	0	0
1428608199539210128	CPU_0	1.58	0	1.58	96.82	0	0	0	0	0	0
1428608200168695969	CPU_0	0	0	0	98.38	0	1.61	0	0	0	0
1428608200791410449	CPU_0	0	0	0	100.00	0	0	0	0	0	0
1428608201414699470	CPU_0	0	0	0	98.38	0	1.61	0	0	0	0
1428608202036440661	CPU_0	0	0	1.61	98.38	0	0	0	0	0	0
1428608202664882504	CPU_0	0	0	0	100.00	0	0	0	0	0	0
1428608203287447027	CPU_0	0	0	0	100.00	0	0	0	0	0	0
1428608203909895133	CPU_0	0	0	1.61	98.38	0	0	0	0	0	0
1428608204531968907	CPU_0	0	0	0	100.00	0	0	0	0	0	0
1428608205154170847	CPU_0	0	0	0	100.00	0	0	0	0	0	0
1428608205783704230	CPU_0	0	0	1.56	96.87	0	1.56	0	0	0	0
1428608206406053171	CPU_0	0	0	0	100.00	0	0	0	0	0	0
1428608207027937487	CPU_0	0	0	0	100.00	0	0	0	0	0	0
1428608207650646676	CPU_0	0	0	0	100.00	0	0	0	0	0	0
1428608208280157102	CPU_0	0	0	1.56	96.87	0	1.56	0	0	0	0
1428608208902838292	CPU_0	0	0	0	100.00	0	0	0	0	0	0
1428608209525388398	CPU_0	0	0	0	100.00	0	0	0	0	0	0
1428608210148875045	CPU_0	0	0	0	98.38	1.61	0	0	0	0	0
1428608210780951757	CPU_0	0	0	0	98.41	0	1.58	0	0	0	0
1428608211403983613	CPU_0	0	0	1.58	98.41	0	0	0	0	0	0
1428608212026494220	CPU_0	0	0	0	96.82	0	3.17	0	0	0	0
1428608212650189617	CPU_0	0	0	0	100.00	0	0	0	0	0	0
1428608213272844640	CPU_0	0	0	0	100.00	0	0	0	0	0	0
1428608213903269231	CPU_0	0	0	1.58	98.41	0	0	0	0	0	0
1428608214525814464	CPU_0	0	0	0	100.00	0	0	0	0	0	0
1428608215149590069	CPU_0	0	0	0	100.00	0	0	0	0	0	0
1428608215772753217	CPU_0	0	0	0	100.00	0	0	0	0	0	0
1428608216402382643	CPU_0	0	0	1.58	98.41	0	0	0	0	0	0
1428608217024916334	CPU_0	0	0	0	100.00	0	0	0	0	0	0
1428608217648146107	CPU_0	0	0	0	98.38	0	1.61	0	0	0	0
1428608218271858504	CPU_0	0	0	0	100.00	0	0	0	0	0	0
1428608218904473633	CPU_0	0	0	0	100.00	0	0	0	0	0	0
1428608219526870825	CPU_0	0	0	0	100.00	0	0	0	0	0	0
1428608220150310348	CPU_0	0	0	0	100.00	0	0	0	0	0	0
1428608220773708246	CPU_0	0	0	0	100.00	0	0	0	0	0	0
1428608221396554520	CPU_0	0	0	1.56	95.31	0	3.12	0	0	0	0
1428608222025409324	CPU_0	0	0	0	100.00	0	0	0	0	0	0
1428608222649241096	CPU_0	0	0	0	100.00	0	0	0	0	0	0
1428608223272607411	CPU_0	0	0	0	100.00	0	0	0	0	0	0
1428608223895749144	CPU_0	0	0	1.61	98.38	0	0	0	0	0	0
1428608224524382406	CPU_0	0	0	0	100.00	0	0	0	0	0	0
1428608225147425681	CPU_0	0	0	0	100.00	0	0	0	0	0	0
1428608225770610664	CPU_0	0	0	0	100.00	0	0	0	0	0	0
1428608226393336231	CPU_0	0	0	0	100.00	0	0	0	0	0	0
1428608227021906035	CPU_0	0	0	0	98.41	0	1.58	0	0	0	0
1428608227647813721	CPU_0	0	0	0	98.41	0	0	1.58	0	0	0
1428608228271030454	CPU_0	0	0	0	100.00	0	0	0	0	0	0
1428608228893803021	CPU_0	0	0	0	100.00	0	0	0	0	0	0
1428608229517182962	CPU_0	0	0	0	98.38	0	1.61	0	0	0	0
1428608230147156931	CPU_0	0	0	0	100.00	0	0	0	0	0	0
1428608230770994704	CPU_0	0	0	0	100.00	0	0	0	0	0	0
1428608231394219313	CPU_0	0	0	1.58	98.41	0	0	0	0	0	0
1428608232017437004	CPU_0	0	0	0	95.31	0	4.68	0	0	0	0
1428608232647155599	CPU_0	0	0	0	100.00	0	0	0	0	0	0
1428608233270871956	CPU_0	0	0	0	100.00	0	0	0	0	0	0
1428608233893812399	CPU_0	0	0	0	100.00	0	0	0	0	0	0
1428608234516460092	CPU_0	0	0	1.61	98.38	0	0	0	0	0	0
1428608235145308106	CPU_0	0	0	0	98.41	1.58	0	0	0	0	0
1428608235771081001	CPU_0	0	0	1.61	98.38	0	0	0	0	0	0
1428608236394125944	CPU_0	0	0	0	100.00	0	0	0	0	0	0
1428608237016295471	CPU_0	0	0	0	100.00	0	0	0	0	0	0
1428608237639999954	CPU_0	0	0	0	93.93	0	6.06	0	0	0	0
1428608238269564800	CPU_0	0	0	1.58	98.41	0	0	0	0	0	0
1428608238892695535	CPU_0	0	0	0	98.38	0	0	1.61	0	0	0
1428608239515086521	CPU_0	0	0	0	100.00	0	0	0	0	0	0
1428608240138138297	CPU_0	0	0	1.61	98.38	0	0	0	0	0	0
1428608240767564227	CPU_0	0	0	0	100.00	0	0	0	0	0	0
1428608241390727795	CPU_0	0	0	0	100.00	0	0	0	0	0	0
1428608242013438739	CPU_0	0	0	0	100.00	0	0	0	0	0	0
1428608242636251641	CPU_0	0	0	0	100.00	0	0	0	0	0	0
1428608243262056121	CPU_0	0	0	1.58	98.41	0	0	0	0	0	0
1428608243889596138	CPU_0	0	0	0	100.00	0	0	0	0	0	0
1428608244512493166	CPU_0	0	0	1.51	92.42	0	0	6.06	0	0	0
1428608245136064108	CPU_0	0	0	0	100.00	0	0	0	0	0	0
1428608245760307091	CPU_0	0	0	1.61	98.38	0	0	0	0	0	0
1428608246390541895	CPU_0	0	0	0	100.00	0	0	0	0	0	0
1428608247013804505	CPU_0	0	0	0	100.00	0	0	0	0	0	0
1428608247637384365	CPU_0	0	0	0	100.00	0	0	0	0	0	0
1428608248261327599	CPU_0	0	0	0	100.00	0	0	0	0	0	0
1428608248891312237	CPU_0	0	0	1.56	96.87	0	1.56	0	0	0	0
1428608249515060930	CPU_0	0	0	0	100.00	0	0	0	0	0	0
1428608250138237374	CPU_0	0	0	0	100.00	0	0	0	0	0	0
1428608250762163066	CPU_0	0	0	0	100.00	0	0	0	0	0	0
1428608251393356911	CPU_0	0	0	1.56	96.87	0	1.56	0	0	0	0
1428608252017166229	CPU_0	0	0	1.61	98.38	0	0	0	0	0	0
1428608252640908088	CPU_0	0	0	1.58	98.41	0	0	0	0	0	0
1428608253265508197	CPU_0	0	0	0	100.00	0	0	0	0	0	0
1428608253888558058	CPU_0	0	0	0	98.38	0	1.61	0	0	0	0
1428608254519219154	CPU_0	1.58	0	1.58	96.82	0	0	0	0	0	0
1428608255142967097	CPU_0	0	0	1.58	96.82	1.58	0	0	0	0	0
1428608255767697331	CPU_0	0	0	0	98.41	0	1.58	0	0	0	0
1428608256391098817	CPU_0	0	0	0	100.00	0	0	0	0	0	0
1428608257021592163	CPU_0	0	0	0	98.41	0	1.58	0	0	0	0
1428608257645712190	CPU_0	0	0	1.61	98.38	0	0	0	0	0	0
1428608258269753633	CPU_0	0	0	0	100.00	0	0	0	0	0	0
1428608258893047745	CPU_0	0	0	0	100.00	0	0	0	0	0	0
1428608259522933384	CPU_0	0	0	0	100.00	0	0	0	0	0	0
1428608260145522706	CPU_0	0	0	0	100.00	0	0	0	0	0	0
1428608260769779524	CPU_0	0	0	1.58	98.41	0	0	0	0	0	0
1428608261392926595	CPU_0	0	0	0	98.38	0	1.61	0	0	0	0
1428608262017762120	CPU_0	0	0	0	100.00	0	0	0	0	0	0
1428608262647384386	CPU_0	0	0	1.58	98.41	0	0	0	0	0	0
1428608263271978496	CPU_0	0	0	0	100.00	0	0	0	0	0	0
1428608263895046192	CPU_0	0	0	0	98.41	0	1.58	0	0	0	0
1428608264518931470	CPU_0	0	0	1.61	98.38	0	0	0	0	0	0
1428608265148199444	CPU_0	0	0	1.58	98.41	0	0	0	0	0	0
1428608265772618763	CPU_0	0	0	0	100.00	0	0	0	0	0	0
1428608266395639085	CPU_0	0	0	0	98.38	0	1.61	0	0	0	0
1428608267019283155	CPU_0	0	0	0	100.00	0	0	0	0	0	0
1428608267648376589	CPU_0	0	0	0	100.00	0	0	0	0	0	0
1428608268272775658	CPU_0	0	0	0	100.00	0	0	0	0	0	0
1428608268895572397	CPU_0	0	0	0	98.41	0	1.58	0	0	0	0
1428608269519095509	CPU_0	0	0	0	100.00	0	0	0	0	0	0
1428608270141976207	CPU_0	0	0	0	98.38	0	1.61	0	0	0	0
1428608270772119264	CPU_0	0	0	0	100.00	0	0	0	0	0	0
1428608271395381669	CPU_0	0	0	1.58	98.41	0	0	0	0	0	0
1428608272018809782	CPU_0	0	0	0	100.00	0	0	0	0	0	0
1428608272642186437	CPU_0	0	0	0	100.00	0	0	0	0	0	0
1428608273272777910	CPU_0	0	0	0	100.00	0	0	0	0	0	0
1428608273895463400	CPU_0	0	0	0	98.38	0	1.61	0	0	0	0
1428608274518757764	CPU_0	0	0	1.61	98.38	0	0	0	0	0	0
1428608275141810087	CPU_0	0	0	0	100.00	0	0	0	0	0	0
1428608275771553145	CPU_0	0	0	0	100.00	0	0	0	0	0	0
1428608276394963801	CPU_0	0	0	0	98.38	0	1.61	0	0	0	0
1428608277018214665	CPU_0	0	0	0	100.00	0	0	0	0	0	0
1428608277642319736	CPU_0	0	0	0	100.00	0	0	0	0	0	0
1428608278267061263	CPU_0	0	0	0	98.38	0	1.61	0	0	0	0
1428608278895739366	CPU_0	0	0	0	100.00	0	0	0	0	0	0
1428608279519096231	CPU_0	0	0	1.53	95.38	0	3.07	0	0	0	0
1428608280142492511	CPU_0	0	0	0	98.38	1.61	0	0	0	0	0
1428608280765947334	CPU_0	0	0	0	100.00	0	0	0	0	0	0
1428608281396775391	CPU_0	0	0	0	100.00	0	0	0	0	0	0
1428608282020001464	CPU_0	0	0	1.61	98.38	0	0	0	0	0	0
1428608282643185746	CPU_0	0	0	0	100.00	0	0	0	0	0	0
1428608283266249528	CPU_0	0	0	0	100.00	0	0	0	0	0	0
1428608283896951211	CPU_0	0	0	0	100.00	0	0	0	0	0	0
1428608284520535533	CPU_0	0	0	0	100.00	0	0	0	0	0	0
1428608285144219148	CPU_0	0	0	1.61	98.38	0	0	0	0	0	0
1428608285767303180	CPU_0	0	0	0	98.38	0	1.61	0	0	0	0
1428608286394020913	CPU_0	0	0	0	100.00	0	0	0	0	0	0
1428608287022194601	CPU_0	0	0	0	96.87	0	3.12	0	0	0	0
1428608287645969257	CPU_0	0	0	1.58	98.41	0	0	0	0	0	0
1428608288269060165	CPU_0	0	0	0	100.00	0	0	0	0	0	0
1428608288893316862	CPU_0	0	0	1.58	98.41	0	0	0	0	0	0
1428608289522943256	CPU_0	0	0	0	100.00	0	0	0	0	0	0
1428608290146827537	CPU_0	0	0	0	100.00	0	0	0	0	0	0
1428608290770062153	CPU_0	0	0	0	100.00	0	0	0	0	0	0
1428608291394194434	CPU_0	0	0	1.58	98.41	0	0	0	0	0	0
1428608292024801493	CPU_0	0	0	0	93.93	0	6.06	0	0	0	0
1428608292649357690	CPU_0	0	0	0	100.00	0	0	0	0	0	0
1428608293273104346	CPU_0	0	0	0	100.00	0	0	0	0	0	0
1428608293898039834	CPU_0	0	0	1.58	98.41	0	0	0	0	0	0
1428608294528671102	CPU_0	0	0	0	100.00	0	0	0	0	0	0
1428608295155693752	CPU_0	0	0	0	98.38	0	0	1.61	0	0	0
1428608295779109160	CPU_0	0	0	0	100.00	0	0	0	0	0	0
1428608296403178483	CPU_0	0	0	1.61	98.38	0	0	0	0	0	0
1428608297026900766	CPU_0	0	0	0	100.00	0	0	0	0	0	0
1428608297657727033	CPU_0	0	0	0	100.00	0	0	0	0	0	0
1428608298281168275	CPU_0	0	0	0	100.00	0	0	0	0	0	0
1428608298906013805	CPU_0	0	0	0	100.00	0	0	0	0	0	0
1428608299529289339	CPU_0	0	0	0	100.00	0	0	0	0	0	0
1428608300160134273	CPU_0	0	0	0	100.00	0	0	0	0	0	0
1428608300783455140	CPU_0	0	0	1.58	98.41	0	0	0	0	0	0
1428608301408259212	CPU_0	0	0	0	100.00	0	0	0	0	0	0
1428608302031921454	CPU_0	0	0	0	100.00	0	0	0	0	0	0
1428608302663349554	CPU_0	0	0	0	100.00	0	0	0	0	0	0
1428608303287536170	CPU_0	1.61	0	0	96.77	0	1.61	0	0	0	0
1428608303912657867	CPU_0	0	0	0	98.36	0	1.63	0	0	0	0
1428608304536425108	CPU_0	6.45	0	0	88.70	0	1.61	3.22	0	0	0
1428608305161044515	CPU_0	8.06	0	3.22	88.70	0	0	0	0	0	0
1428608305790534828	CPU_0	0	0	0	92.53	0	7.46	0	0	0	0
1428608306416014108	CPU_0	0	0	0	100.00	0	0	0	0	0	0
1428608307039958933	CPU_0	0	0	0	100.00	0	0	0	0	0	0
1428608307664009299	CPU_0	0	0	0	100.00	0	0	0	0	0	0
1428608308294240486	CPU_0	0	0	0	100.00	0	0	0	0	0	0
1428608308919400767	CPU_0	0	0	0	100.00	0	0	0	0	0	0
1428608309543895383	CPU_0	4.83	0	0	95.16	0	0	0	0	0	0
1428608310168755706	CPU_0	0	0	1.58	96.82	1.58	0	0	0	0	0
1428608310799748058	CPU_0	0	0	0	100.00	0	0	0	0	0	0
1428608311425114006	CPU_0	0	0	1.58	98.41	0	0	0	0	0	0
1428608312049727705	CPU_0	0	0	0	100.00	0	0	0	0	0	0
1428608312674039572	CPU_0	0	0	0	100.00	0	0	0	0	0	0
1428608313300521225	CPU_0	0	0	0	100.00	0	0	0	0	0	0
1428608313929792498	CPU_0	0	0	0	100.00	0	0	0	0	0	0
1428608314554057948	CPU_0	0	0	0	100.00	0	0	0	0	0	0
1428608315178399315	CPU_0	0	0	0	100.00	0	0	0	0	0	0
1428608315802688307	CPU_0	0	0	0	100.00	0	0	0	0	0	0
1428608316434644575	CPU_0	0	0	0	100.00	0	0	0	0	0	0
1428608317058954775	CPU_0	0	0	0	98.41	0	1.58	0	0	0	0
1428608317683260142	CPU_0	0	0	0	100.00	0	0	0	0	0	0
1428608318307133927	CPU_0	0	0	1.58	98.41	0	0	0	0	0	0
1428608318938719154	CPU_0	0	0	0	100.00	0	0	0	0	0	0
1428608319562885980	CPU_0	0	0	0	100.00	0	0	0	0	0	0
1428608320187074890	CPU_0	0	0	0	100.00	0	0	0	0	0	0
1428608320811032424	CPU_0	0	0	0	98.38	0	1.61	0	0	0	0
1428608321441801654	CPU_0	0	0	0	100.00	0	0	0	0	0	0
1428608322066098063	CPU_0	0	0	0	100.00	0	0	0	0	0	0
1428608322690182181	CPU_0	0	0	0	100.00	0	0	0	0	0	0
1428608323314794840	CPU_0	0	0	0	98.41	0	1.58	0	0	0	0
1428608323940132539	CPU_0	0	0	0	100.00	0	0	0	0	0	0
1428608324571465893	CPU_0	0	0	0	93.93	0	6.06	0	0	0	0
1428608325196541426	CPU_0	0	0	0	100.00	0	0	0	0	0	0
1428608325821513626	CPU_0	0	0	1.58	98.41	0	0	0	0	0	0
1428608326447278741	CPU_0	0	0	0	98.38	0	0	1.61	0	0	0
1428608327078902594	CPU_0	0	0	0	100.00	0	0	0	0	0	0
1428608327703848003	CPU_0	0	0	0	100.00	0	0	0	0	0	0
1428608328327550373	CPU_0	0	0	0	100.00	0	0	0	0	0	0
1428608328952704365	CPU_0	0	0	0	100.00	0	0	0	0	0	0
1428608329583432887	CPU_0	0	0	0	100.00	0	0	0	0	0	0
1428608330208040380	CPU_0	0	0	0	100.00	0	0	0	0	0	0
1428608330832281374	CPU_0	0	0	0	100.00	0	0	0	0	0	0
1428608331457169533	CPU_0	0	0	0	100.00	0	0	0	0	0	0
1428608332083447731	CPU_0	0	0	0	96.82	0	0	3.17	0	0	0
1428608332712950381	CPU_0	0	0	0	100.00	0	0	0	0	0	0
1428608333337335958	CPU_0	0	0	0	100.00	0	0	0	0	0	0
1428608333962396701	CPU_0	0	0	0	100.00	0	0	0	0	0	0
1428608334587317236	CPU_0	0	0	0	100.00	0	0	0	0	0	0
1428608335218210925	CPU_0	0	0	1.58	98.41	0	0	0	0	0	0
1428608335842303628	CPU_0	0	0	0	100.00	0	0	0	0	0	0
1428608336467505162	CPU_0	0	0	0	98.41	0	1.58	0	0	0	0
1428608337091772532	CPU_0	0	0	0	100.00	0	0	0	0	0	0
1428608337723083345	CPU_0	0	0	0	100.00	0	0	0	0	0	0
1428608338347591298	CPU_0	0	0	0	100.00	0	0	0	0	0	0
1428608338972821374	CPU_0	0	0	0	98.38	0	1.61	0	0	0	0
1428608339596859453	CPU_0	0	0	0	100.00	0	0	0	0	0	0
1428608340227756185	CPU_0	0	0	1.56	96.87	1.56	0	0	0	0	0
1428608340852320221	CPU_0	0	0	0	92.42	0	7.57	0	0	0	0
1428608341477794339	CPU_0	0	0	0	100.00	0	0	0	0	0	0
1428608342102296917	CPU_0	0	0	0	100.00	0	0	0	0	0	0
1428608342727283869	CPU_0	0	0	0	100.00	0	0	0	0	0	0
1428608343358188642	CPU_0	0	0	0	100.00	0	0	0	0	0	0
1428608343983566469	CPU_0	0	0	1.58	98.41	0	0	0	0	0	0
1428608344608470797	CPU_0	0	0	0	100.00	0	0	0	0	0	0
1428608345233902748	CPU_0	0	0	0	100.00	0	0	0	0	0	0
1428608345865622020	CPU_0	0	0	0	100.00	0	0	0	0	0	0
1428608346489921183	CPU_0	0	0	0	100.00	0	0	0	0	0	0
1428608347114386387	CPU_0	0	0	1.61	98.38	0	0	0	0	0	0
1428608347739454631	CPU_0	0	0	0	100.00	0	0	0	0	0	0
1428608348370505821	CPU_0	0	0	1.58	98.41	0	0	0	0	0	0
1428608348995465066	CPU_0	0	0	0	100.00	0	0	0	0	0	0
1428608349619552896	CPU_0	0	0	0	100.00	0	0	0	0	0	0
1428608350243870226	CPU_0	0	0	0	100.00	0	0	0	0	0	0
1428608350870165051	CPU_0	0	0	0	100.00	0	0	0	0	0	0
1428608351499637287	CPU_0	0	0	0	100.00	0	0	0	0	0	0
1428608352124154866	CPU_0	0	0	0	100.00	0	0	0	0	0	0
1428608352748866279	CPU_0	0	0	1.61	98.38	0	0	0	0	0	0
1428608353373271567	CPU_0	0	0	0	100.00	0	0	0	0	0	0
1428608354004489508	CPU_0	0	0	0	98.41	0	1.58	0	0	0	0
1428608354628266381	CPU_0	0	0	0	100.00	0	0	0	0	0	0
1428608355252841335	CPU_0	0	0	0	100.00	0	0	0	0	0	0
1428608355877681873	CPU_0	0	0	0	100.00	0	0	0	0	0	0
1428608356508521565	CPU_0	0	0	1.53	96.92	0	1.53	0	0	0	0
1428608357133145270	CPU_0	0	0	0	100.00	0	0	0	0	0	0
1428608357758542640	CPU_0	0	0	0	100.00	0	0	0	0	0	0
1428608358384048134	CPU_0	0	0	0	100.00	0	0	0	0	0	0
1428608359014499869	CPU_0	0	0	1.56	96.87	0	1.56	0	0	0	0
1428608359639411282	CPU_0	0	0	0	100.00	0	0	0	0	0	0
1428608360263463863	CPU_0	0	0	0	100.00	0	0	0	0	0	0
1428608360889508232	CPU_0	0	0	0	98.41	0	0	1.58	0	0	0
1428608361513917355	CPU_0	0	0	0	100.00	0	0	0	0	0	0
1428608362145117797	CPU_0	0	0	0	98.41	0	1.58	0	0	0	0
1428608362769870794	CPU_0	0	0	0	100.00	0	0	0	0	0	0
1428608363394971790	CPU_0	0	0	1.58	98.41	0	0	0	0	0	0
1428608364020150578	CPU_0	0	0	0	100.00	0	0	0	0	0	0
1428608364651452270	CPU_0	0	0	0	98.41	0	1.58	0	0	0	0
1428608365276980932	CPU_0	0	0	0	98.38	1.61	0	0	0	0	0
1428608365902249220	CPU_0	0	0	1.58	98.41	0	0	0	0	0	0
1428608366526821385	CPU_0	0	0	0	98.41	0	1.58	0	0	0	0
1428608367159075116	CPU_0	0	0	1.58	98.41	0	0	0	0	0	0
1428608367784449571	CPU_0	0	0	0	98.41	0	1.58	0	0	0	0
1428608368410048359	CPU_0	0	0	0	100.00	0	0	0	0	0	0
1428608369035633771	CPU_0	0	0	0	100.00	0	0	0	0	0	0
1428608369669779375	CPU_0	0	0	1.56	98.43	0	0	0	0	0	0
1428608370294930205	CPU_0	0	0	0	100.00	0	0	0	0	0	0
1428608370920515701	CPU_0	0	0	0	100.00	0	0	0	0	0	0
1428608371545705240	CPU_0	0	0	0	100.00	0	0	0	0	0	0
1428608372170814029	CPU_0	0	0	1.47	89.70	0	1.47	7.35	0	0	0
1428608372802739846	CPU_0	0	0	0	100.00	0	0	0	0	0	0
1428608373428554009	CPU_0	0	0	0	100.00	0	0	0	0	0	0
1428608374054487380	CPU_0	0	0	0	98.41	0	1.58	0	0	0	0
1428608374679824835	CPU_0	0	0	0	100.00	0	0	0	0	0	0
1428608375311863569	CPU_0	0	0	0	100.00	0	0	0	0	0	0
1428608375936945608	CPU_0	0	0	0	100.00	0	0	0	0	0	0
1428608376561509941	CPU_0	0	0	1.56	96.87	0	1.56	0	0	0	0
1428608377187171896	CPU_0	0	0	0	100.00	0	0	0	0	0	0
1428608377818689131	CPU_0	0	0	0	100.00	0	0	0	0	0	0
1428608378444737252	CPU_0	0	0	0	100.00	0	0	0	0	0	0
1428608379069410918	CPU_0	0	0	0	100.00	0	0	0	0	0	0
1428608379694704791	CPU_0	0	0	0	98.41	0	1.58	0	0	0	0
1428608380325148903	CPU_0	0	0	1.58	98.41	0	0	0	0	0	0
1428608380953848144	CPU_0	0	0	0	100.00	0	0	0	0	0	0
1428608381578268894	CPU_0	0	0	0	100.00	0	0	0	0	0	0
1428608382203028602	CPU_0	1.58	0	0	96.82	0	1.58	0	0	0	0
1428608382827437477	CPU_0	0	0	0	100.00	0	0	0	0	0	0
1428608383459643086	CPU_0	0	0	0	100.00	0	0	0	0	0	0
1428608384084346919	CPU_0	0	0	0	100.00	0	0	0	0	0	0
1428608384709107294	CPU_0	0	0	0	98.41	0	1.58	0	0	0	0
1428608385333911544	CPU_0	0	0	1.61	98.38	0	0	0	0	0	0
1428608385966748860	CPU_0	0	0	0	100.00	0	0	0	0	0	0
1428608386591162403	CPU_0	0	0	0	100.00	0	0	0	0	0	0
1428608387216239194	CPU_0	0	0	1.56	96.87	0	1.56	0	0	0	0
1428608387841190318	CPU_0	0	0	0	100.00	0	0	0	0	0	0
1428608388473060429	CPU_0	0	0	1.58	98.41	0	0	0	0	0	0
1428608389098390345	CPU_0	0	0	0	100.00	0	0	0	0	0	0
1428608389723595511	CPU_0	0	0	1.53	95.38	0	3.07	0	0	0	0
1428608390349700217	CPU_0	0	0	0	100.00	0	0	0	0	0	0
1428608390977351419	CPU_0	0	0	0	100.00	0	0	0	0	0	0
1428608391607683367	CPU_0	0	0	0	100.00	0	0	0	0	0	0
1428608392231846119	CPU_0	0	0	1.61	98.38	0	0	0	0	0	0
1428608392857345118	CPU_0	0	0	0	100.00	0	0	0	0	0	0
1428608393482601909	CPU_0	0	0	0	100.00	0	0	0	0	0	0
1428608394114567062	CPU_0	0	0	0	100.00	0	0	0	0	0	0
1428608394738798814	CPU_0	0	0	1.58	98.41	0	0	0	0	0	0
1428608395364503605	CPU_0	0	0	1.58	96.82	0	1.58	0	0	0	0
1428608395989108065	CPU_0	0	0	0	100.00	0	0	0	0	0	0
1428608396621258675	CPU_0	0	0	0	100.00	0	0	0	0	0	0
1428608397245633969	CPU_0	0	0	1.61	98.38	0	0	0	0	0	0
1428608397871010553	CPU_0	0	0	0	98.41	0	1.58	0	0	0	0
1428608398496292053	CPU_0	0	0	1.61	98.38	0	0	0	0	0	0
1428608399127831124	CPU_0	0	0	0	100.00	0	0	0	0	0	0
1428608399752380418	CPU_0	0	0	0	100.00	0	0	0	0	0	0
1428608400377491085	CPU_0	0	0	0	96.82	1.58	1.58	0	0	0	0
1428608401002583503	CPU_0	0	0	0	100.00	0	0	0	0	0	0
1428608401628232586	CPU_0	0	0	0	100.00	0	0	0	0	0	0
1428608402259698783	CPU_0	0	0	0	96.87	0	3.12	0	0	0	0
1428608402884695201	CPU_0	0	0	1.61	98.38	0	0	0	0	0	0
1428608403510116285	CPU_0	0	0	0	100.00	0	0	0	0	0	0
1428608404135334786	CPU_0	0	0	0	100.00	0	0	0	0	0	0
1428608404767107649	CPU_0	0	0	0	100.00	0	0	0	0	0	0
1428608405392196567	CPU_0	0	0	1.61	98.38	0	0	0	0	0	0
1428608406018370025	CPU_0	0	0	0	100.00	0	0	0	0	0	0
1428608406644203608	CPU_0	0	0	0	100.00	0	0	0	0	0	0
1428608407276690095	CPU_0	0	0	0	100.00	0	0	0	0	0	0
1428608407902041680	CPU_0	0	0	1.56	96.87	0	1.56	0	0	0	0
1428608408528550387	CPU_0	0	0	0	100.00	0	0	0	0	0	0
1428608409153877014	CPU_0	0	0	1.61	98.38	0	0	0	0	0	0
1428608409785497086	CPU_0	0	0	0	100.00	0	0	0	0	0	0
1428608410411240753	CPU_0	0	0	1.58	96.82	0	1.58	0	0	0	0
1428608411037056962	CPU_0	0	0	0	100.00	0	0	0	0	0	0
1428608411662426631	CPU_0	0	0	0	100.00	0	0	0	0	0	0
1428608412287469134	CPU_0	0	0	0	100.00	0	0	0	0	0	0
1428608412918661915	CPU_0	0	0	0	98.43	0	1.56	0	0	0	0
1428608413545131873	CPU_0	0	0	1.58	98.41	0	0	0	0	0	0
1428608414170148209	CPU_0	0	0	0	100.00	0	0	0	0	0	0
1428608414795419962	CPU_0	0	0	0	100.00	0	0	0	0	0	0
1428608415427443700	CPU_0	0	0	0	98.38	0	1.61	0	0	0	0
1428608416053445285	CPU_0	0	0	1.58	98.41	0	0	0	0	0	0
1428608416678752454	CPU_0	0	0	0	100.00	0	0	0	0	0	0
1428608417304542081	CPU_0	0	0	0	100.00	0	0	0	0	0	0
1428608417936625695	CPU_0	0	0	0	98.41	0	1.58	0	0	0	0
1428608418563164487	CPU_0	0	0	1.58	98.41	0	0	0	0	0	0
1428608419188276323	CPU_0	0	0	0	100.00	0	0	0	0	0	0
1428608419814035950	CPU_0	0	0	1.58	98.41	0	0	0	0	0	0
1428608420445815648	CPU_0	0	0	0	96.87	0	3.12	0	0	0	0
1428608421072049066	CPU_0	0	0	1.58	98.41	0	0	0	0	0	0
1428608421698847025	CPU_0	0	0	0	100.00	0	0	0	0	0	0
1428608422325047359	CPU_0	0	0	0	100.00	0	0	0	0	0	0
1428608422962466754	CPU_0	0	0	0	100.00	0	0	0	0	0	0
1428608423589204505	CPU_0	0	0	3.12	93.75	0	0	3.12	0	0	0
1428608424215130299	CPU_0	0	0	0	98.38	0	1.61	0	0	0	0
1428608424842114757	CPU_0	11.47	0	0	86.88	0	1.63	0	0	0	0
1428608425469621715	CPU_0	0	0	0	96.82	1.58	1.58	0	0	0	0
1428608426102253870	CPU_0	0	0	0	100.00	0	0	0	0	0	0
1428608426727823415	CPU_0	0	0	0	100.00	0	0	0	0	0	0
1428608427353197377	CPU_0	0	0	0	100.00	0	0	0	0	0	0
1428608427979283046	CPU_0	0	0	1.49	91.04	0	7.46	0	0	0	0
1428608428611542953	CPU_0	0	0	0	100.00	0	0	0	0	0	0
1428608429236713874	CPU_0	3.22	0	1.61	95.16	0	0	0	0	0	0
1428608429862400961	CPU_0	0	0	0	100.00	0	0	0	0	0	0
1428608430488895546	CPU_0	0	0	0	100.00	0	0	0	0	0	0
1428608431121593702	CPU_0	0	0	0	100.00	0	0	0	0	0	0
1428608431747071622	CPU_0	0	0	0	100.00	0	0	0	0	0	0
1428608432372932209	CPU_0	0	0	1.61	98.38	0	0	0	0	0	0
1428608432999553836	CPU_0	0	0	0	100.00	0	0	0	0	0	0
1428608433631581285	CPU_0	0	0	0	100.00	0	0	0	0	0	0
1428608434256955707	CPU_0	0	0	1.58	98.41	0	0	0	0	0	0
1428608434882785585	CPU_0	0	0	0	100.00	0	0	0	0	0	0
1428608435509528837	CPU_0	0	0	1.61	98.38	0	0	0	0	0	0
1428608436134816342	CPU_0	0	0	0	100.00	0	0	0	0	0	0
1428608436766387085	CPU_0	0	0	0	100.00	0	0	0	0	0	0
1428608437391814589	CPU_0	0	0	0	100.00	0	0	0	0	0	0
1428608438018913841	CPU_0	0	0	1.58	98.41	0	0	0	0	0	0
1428608438645187803	CPU_0	0	0	1.56	95.31	0	3.12	0	0	0	0
1428608439278379542	CPU_0	0	0	0	100.00	0	0	0	0	0	0
1428608439904888420	CPU_0	0	0	0	100.00	0	0	0	0	0	0
1428608440532233005	CPU_0	0	0	0	100.00	0	0	0	0	0	0
1428608441157997176	CPU_0	0	0	1.58	98.41	0	0	0	0	0	0
1428608441790329001	CPU_0	0	0	0	100.00	0	0	0	0	0	0
1428608442416177422	CPU_0	0	0	1.58	98.41	0	0	0	0	0	0
1428608443042617967	CPU_0	0	0	0	100.00	0	0	0	0	0	0
1428608443668532972	CPU_0	0	0	0	100.00	0	0	0	0	0	0
1428608444300438381	CPU_0	0	0	0	100.00	0	0	0	0	0	0
1428608444926658927	CPU_0	0	0	1.51	93.93	0	4.54	0	0	0	0
1428608445552552473	CPU_0	0	0	0	100.00	0	0	0	0	0	0
1428608446178253687	CPU_0	0	0	0	100.00	0	0	0	0	0	0
1428608446810736095	CPU_0	0	0	0	100.00	0	0	0	0	0	0
1428608447439972677	CPU_0	0	0	0	100.00	0	0	0	0	0	0
1428608448067074013	CPU_0	4.83	0	3.22	91.93	0	0	0	0	0	0
1428608448693149018	CPU_0	0	0	0	100.00	0	0	0	0	0	0
1428608449318073067	CPU_0	0	0	0	96.87	0	0	3.12	0	0	0
1428608449950151269	CPU_0	0	0	0	100.00	0	0	0	0	0	0
1428608450576618606	CPU_0	0	0	0	96.82	1.58	1.58	0	0	0	0
1428608451202269654	CPU_0	1.58	0	0	98.41	0	0	0	0	0	0
1428608451828172785	CPU_0	0	0	1.61	98.38	0	0	0	0	0	0
1428608452459994320	CPU_0	0	0	0	100.00	0	0	0	0	0	0
1428608453087206157	CPU_0	0	0	0	100.00	0	0	0	0	0	0
1428608453713505537	CPU_0	0	0	0	100.00	0	0	0	0	0	0
1428608454339493459	CPU_0	0	0	0	91.17	0	8.82	0	0	0	0
1428608454971871327	CPU_0	0	0	0	100.00	0	0	0	0	0	0
1428608455599128372	CPU_0	0	0	1.58	98.41	0	0	0	0	0	0
1428608456225822794	CPU_0	0	0	0	100.00	0	0	0	0	0	0
1428608456851671300	CPU_0	0	0	0	100.00	0	0	0	0	0	0
1428608457483852627	CPU_0	0	0	0	100.00	0	0	0	0	0	0
1428608458110909756	CPU_0	0	0	0	100.00	0	0	0	0	0	0
1428608458737792677	CPU_0	0	0	0	100.00	0	0	0	0	0	0
1428608459364426558	CPU_0	0	0	0	100.00	0	0	0	0	0	0
1428608459992143019	CPU_0	0	0	0	100.00	0	0	0	0	0	0
1428608460624391804	CPU_0	0	0	1.56	98.43	0	0	0	0	0	0
1428608461251096810	CPU_0	0	0	0	100.00	0	0	0	0	0	0
1428608461878064398	CPU_0	0	0	1.58	98.41	0	0	0	0	0	0
1428608462505146736	CPU_0	0	0	0	100.00	0	0	0	0	0	0
1428608463139394809	CPU_0	0	0	0	100.00	0	0	0	0	0	0
1428608463766570230	CPU_0	0	0	0	100.00	0	0	0	0	0	0
1428608464393579444	CPU_0	0	0	0	100.00	0	0	0	0	0	0
1428608465020988948	CPU_0	0	0	0	100.00	0	0	0	0	0	0
1428608465654198024	CPU_0	0	0	0	100.00	0	0	0	0	0	0
1428608466280683155	CPU_0	0	0	1.58	98.41	0	0	0	0	0	0
1428608466907270078	CPU_0	0	0	0	100.00	0	0	0	0	0	0
1428608467534630416	CPU_0	0	0	0	100.00	0	0	0	0	0	0
1428608468167907867	CPU_0	0	0	1.58	98.41	0	0	0	0	0	0
1428608468794340165	CPU_0	0	0	0	100.00	0	0	0	0	0	0
1428608469421437213	CPU_0	0	0	0	100.00	0	0	0	0	0	0
1428608470049494758	CPU_0	0	0	0	95.31	0	4.68	0	0	0	0
1428608470683946457	CPU_0	1.56	0	0	98.43	0	0	0	0	0	0
1428608471311546961	CPU_0	0	0	0	100.00	0	0	0	0	0	0
1428608471938980758	CPU_0	0	0	0	100.00	0	0	0	0	0	0
1428608472567083804	CPU_0	0	0	1.53	95.38	0	0	3.07	0	0	0
1428608473202762583	CPU_0	0	0	0	100.00	0	0	0	0	0	0
1428608473829994339	CPU_0	0	0	0	100.00	0	0	0	0	0	0
1428608474457773427	CPU_0	0	0	0	100.00	0	0	0	0	0	0
1428608475085724807	CPU_0	0	0	1.58	98.41	0	0	0	0	0	0
1428608475713277437	CPU_0	0	0	0	100.00	0	0	0	0	0	0
1428608476346838847	CPU_0	0	0	1.58	98.41	0	0	0	0	0	0
1428608476973860853	CPU_0	0	0	0	100.00	0	0	0	0	0	0
1428608477602397482	CPU_0	0	0	0	100.00	0	0	0	0	0	0
1428608478229879738	CPU_0	0	0	0	98.41	0	1.58	0	0	0	0
1428608478863849938	CPU_0	0	0	0	100.00	0	0	0	0	0	0
1428608479490635737	CPU_0	0	0	1.61	98.38	0	0	0	0	0	0
1428608480118946742	CPU_0	0	0	0	98.41	0	1.58	0	0	0	0
1428608480746274706	CPU_0	0	0	0	100.00	0	0	0	0	0	0
1428608481379956950	CPU_0	0	0	0	100.00	0	0	0	0	0	0
1428608482006052751	CPU_0	0	0	1.58	98.41	0	0	0	0	0	0
1428608482633813673	CPU_0	0	0	0	95.38	0	4.61	0	0	0	0
1428608483260814389	CPU_0	0	0	0	100.00	0	0	0	0	0	0
1428608483894682299	CPU_0	0	0	0	100.00	0	0	0	0	0	0
1428608484521302390	CPU_0	0	0	0	100.00	0	0	0	0	0	0
1428608485148917563	CPU_0	0	0	0	98.41	1.58	0	0	0	0	0
1428608485776191612	CPU_0	0	0	0	100.00	0	0	0	0	0	0
1428608486409619190	CPU_0	0	0	0	100.00	0	0	0	0	0	0
1428608487036670823	CPU_0	0	0	0	100.00	0	0	0	0	0	0
1428608487665205411	CPU_0	0	0	0	100.00	0	0	0	0	0	0
1428608488292328544	CPU_0	0	0	1.58	98.41	0	0	0	0	0	0
1428608488920732049	CPU_0	0	0	0	100.00	0	0	0	0	0	0
1428608489552693464	CPU_0	0	0	0	100.00	0	0	0	0	0	0
1428608490179880096	CPU_0	0	0	0	100.00	0	0	0	0	0	0
1428608490806881188	CPU_0	0	0	0	98.41	0	1.58	0	0	0	0
1428608491434116029	CPU_0	0	0	0	100.00	0	0	0	0	0	0
1428608492068031857	CPU_0	0	0	0	100.00	0	0	0	0	0	0
1428608492695552906	CPU_0	0	0	0	100.00	0	0	0	0	0	0
1428608493322906497	CPU_0	0	0	0	98.41	0	1.58	0	0	0	0
1428608493950206797	CPU_0	0	0	0	100.00	0	0	0	0	0	0
1428608494584560416	CPU_0	1.56	0	0	95.31	0	3.12	0	0	0	0
1428608495212948172	CPU_0	0	0	0	96.87	0	0	3.12	0	0	0
1428608495840932512	CPU_0	0	0	0	100.00	0	0	0	0	0	0
1428608496469205477	CPU_0	0	0	0	100.00	0	0	0	0	0	0
1428608497103449346	CPU_0	0	0	0	100.00	0	0	0	0	0	0
1428608497731338937	CPU_0	0	0	0	100.00	0	0	0	0	0	0
1428608498359944234	CPU_0	0	0	0	100.00	0	0	0	0	0	0
1428608498987748742	CPU_0	0	0	0	100.00	0	0	0	0	0	0
1428608499622955651	CPU_0	0	0	0	100.00	0	0	0	0	0	0
