#Timestamp	CPU_ID	user%	nice%	sys%	idle%	iowait%	irq%	softiq%	steal%	guest%	guest_nice%
1428596456291651787	CPU_4	10.00	0	6.66	83.33	0	0	0	0	0	0
1428596456983507243	CPU_4	0	0	0	100.00	0	0	0	0	0	0
1428596457692006381	CPU_4	0	0	0	100.00	0	0	0	0	0	0
1428596458389734022	CPU_4	0	0	0	100.00	0	0	0	0	0	0
1428596459085750378	CPU_4	0	0	0	100.00	0	0	0	0	0	0
1428596459802709525	CPU_4	0	0	0	100.00	0	0	0	0	0	0
1428596460502208826	CPU_4	0	0	0	100.00	0	0	0	0	0	0
1428596461198909639	CPU_4	0	0	0	100.00	0	0	0	0	0	0
1428596461908701858	CPU_4	0	0	0	100.00	0	0	0	0	0	0
1428596462607086123	CPU_4	0	0	0	100.00	0	0	0	0	0	0
1428596463303364313	CPU_4	0	0	0	100.00	0	0	0	0	0	0
1428596464010648293	CPU_4	0	0	0	100.00	0	0	0	0	0	0
1428596464709360182	CPU_4	0	0	0	100.00	0	0	0	0	0	0
1428596465415725916	CPU_4	0	0	0	100.00	0	0	0	0	0	0
1428596466114042350	CPU_4	0	0	0	100.00	0	0	0	0	0	0
1428596466811993243	CPU_4	0	0	0	100.00	0	0	0	0	0	0
1428596467520691719	CPU_4	0	0	0	100.00	0	0	0	0	0	0
1428596468218755779	CPU_4	0	0	0	100.00	0	0	0	0	0	0
1428596468916456133	CPU_4	0	0	0	100.00	0	0	0	0	0	0
1428596469628992720	CPU_4	0	0	0	100.00	0	0	0	0	0	0
1428596470329019315	CPU_4	0	0	0	100.00	0	0	0	0	0	0
1428596471037147961	CPU_4	0	0	0	100.00	0	0	0	0	0	0
1428596471743145533	CPU_4	0	0	0	100.00	0	0	0	0	0	0
1428596472444979913	CPU_4	0	0	0	100.00	0	0	0	0	0	0
1428596473158135790	CPU_4	0	0	0	100.00	0	0	0	0	0	0
1428596473857634848	CPU_4	0	0	0	100.00	0	0	0	0	0	0
1428596474557585653	CPU_4	0	0	0	100.00	0	0	0	0	0	0
1428596475268541999	CPU_4	0	0	0	100.00	0	0	0	0	0	0
1428596475968420930	CPU_4	0	0	0	100.00	0	0	0	0	0	0
1428596476669773981	CPU_4	0	0	0	100.00	0	0	0	0	0	0
1428596477379854998	CPU_4	0	0	0	100.00	0	0	0	0	0	0
1428596478077668355	CPU_4	0	0	0	100.00	0	0	0	0	0	0
1428596478788097413	CPU_4	0	0	0	100.00	0	0	0	0	0	0
1428596479489964296	CPU_4	0	0	0	100.00	0	0	0	0	0	0
1428596480187412448	CPU_4	0	0	0	100.00	0	0	0	0	0	0
1428596480897766090	CPU_4	0	0	0	100.00	0	0	0	0	0	0
1428596481602449463	CPU_4	0	0	0	100.00	0	0	0	0	0	0
1428596482302643438	CPU_4	0	0	0	100.00	0	0	0	0	0	0
1428596483012810915	CPU_4	0	0	0	100.00	0	0	0	0	0	0
1428596483714764801	CPU_4	0	0	0	100.00	0	0	0	0	0	0
1428596484424115531	CPU_4	0	0	0	100.00	0	0	0	0	0	0
1428596485124176758	CPU_4	0	0	0	100.00	0	0	0	0	0	0
1428596485826826100	CPU_4	0	0	0	100.00	0	0	0	0	0	0
1428596486534530922	CPU_4	0	0	0	100.00	0	0	0	0	0	0
1428596487236306351	CPU_4	0	0	0	100.00	0	0	0	0	0	0
1428596487937683366	CPU_4	0	0	0	100.00	0	0	0	0	0	0
1428596488646451851	CPU_4	0	0	0	100.00	0	0	0	0	0	0
1428596489346254622	CPU_4	0	0	0	100.00	0	0	0	0	0	0
1428596490057457140	CPU_4	0	0	0	100.00	0	0	0	0	0	0
1428596490754169341	CPU_4	0	0	0	100.00	0	0	0	0	0	0
1428596491454860485	CPU_4	0	0	0	100.00	0	0	0	0	0	0
1428596492165067175	CPU_4	0	0	0	100.00	0	0	0	0	0	0
1428596492864259284	CPU_4	0	0	0	100.00	0	0	0	0	0	0
1428596493561671650	CPU_4	0	0	0	100.00	0	0	0	0	0	0
1428596494273036127	CPU_4	0	0	0	100.00	0	0	0	0	0	0
1428596494980497996	CPU_4	0	0	0	100.00	0	0	0	0	0	0
1428596495690293522	CPU_4	0	0	0	100.00	0	0	0	0	0	0
1428596496389884506	CPU_4	0	0	0	100.00	0	0	0	0	0	0
1428596497087925496	CPU_4	0	0	0	100.00	0	0	0	0	0	0
1428596497795785864	CPU_4	0	0	0	100.00	0	0	0	0	0	0
1428596498499183042	CPU_4	0	0	0	100.00	0	0	0	0	0	0
1428596499196382412	CPU_4	0	0	0	100.00	0	0	0	0	0	0
1428596499906824979	CPU_4	0	0	0	100.00	0	0	0	0	0	0
1428596500607765209	CPU_4	0	0	0	100.00	0	0	0	0	0	0
1428596501315414329	CPU_4	0	0	0	100.00	0	0	0	0	0	0
1428596502018815343	CPU_4	0	0	0	100.00	0	0	0	0	0	0
1428596502719768574	CPU_4	0	0	0	100.00	0	0	0	0	0	0
1428596503428598983	CPU_4	0	0	0	100.00	0	0	0	0	0	0
1428596504129522298	CPU_4	0	0	0	100.00	0	0	0	0	0	0
1428596504829329868	CPU_4	0	0	0	100.00	0	0	0	0	0	0
1428596505538769275	CPU_4	0	0	0	100.00	0	0	0	0	0	0
1428596506237587142	CPU_4	0	0	0	100.00	0	0	0	0	0	0
1428596506942632317	CPU_4	0	0	0	100.00	0	0	0	0	0	0
1428596507647098412	CPU_4	0	0	0	100.00	0	0	0	0	0	0
1428596508348531644	CPU_4	0	0	0	100.00	0	0	0	0	0	0
1428596509057748595	CPU_4	0	0	0	100.00	0	0	0	0	0	0
1428596509756730504	CPU_4	0	0	0	100.00	0	0	0	0	0	0
1428596510456214787	CPU_4	0	0	0	100.00	0	0	0	0	0	0
1428596511167263940	CPU_4	0	0	0	100.00	0	0	0	0	0	0
1428596511866037809	CPU_4	0	0	0	100.00	0	0	0	0	0	0
1428596512566576338	CPU_4	0	0	0	100.00	0	0	0	0	0	0
1428596513277333868	CPU_4	0	0	0	100.00	0	0	0	0	0	0
1428596513978912811	CPU_4	0	0	0	100.00	0	0	0	0	0	0
1428596514688797179	CPU_4	0	0	0	100.00	0	0	0	0	0	0
1428596515391752949	CPU_4	0	0	0	100.00	0	0	0	0	0	0
1428596516089863073	CPU_4	0	0	0	100.00	0	0	0	0	0	0
1428596516800785854	CPU_4	0	0	0	100.00	0	0	0	0	0	0
1428596517501593010	CPU_4	0	0	0	100.00	0	0	0	0	0	0
1428596518201525086	CPU_4	0	0	0	100.00	0	0	0	0	0	0
1428596518913421281	CPU_4	0	0	0	100.00	0	0	0	0	0	0
1428596519615192141	CPU_4	0	0	0	100.00	0	0	0	0	0	0
1428596520324314348	CPU_4	0	0	0	100.00	0	0	0	0	0	0
1428596521027165122	CPU_4	0	0	0	100.00	0	0	0	0	0	0
1428596521732705677	CPU_4	0	0	0	100.00	0	0	0	0	0	0
1428596522442623298	CPU_4	0	0	0	100.00	0	0	0	0	0	0
1428596523142941958	CPU_4	0	0	0	100.00	0	0	0	0	0	0
1428596523845922399	CPU_4	0	0	0	100.00	0	0	0	0	0	0
1428596524557962305	CPU_4	0	0	0	100.00	0	0	0	0	0	0
1428596525260103000	CPU_4	0	0	0	100.00	0	0	0	0	0	0
1428596525972051031	CPU_4	0	0	0	100.00	0	0	0	0	0	0
1428596526673479814	CPU_4	0	0	0	100.00	0	0	0	0	0	0
1428596527373781475	CPU_4	0	0	0	100.00	0	0	0	0	0	0
1428596528087545709	CPU_4	0	0	0	100.00	0	0	0	0	0	0
1428596528786557293	CPU_4	0	0	0	100.00	0	0	0	0	0	0
1428596529491584896	CPU_4	0	0	0	100.00	0	0	0	0	0	0
1428596530201987227	CPU_4	0	0	0	100.00	0	0	0	0	0	0
1428596530903915092	CPU_4	0	0	0	100.00	0	0	0	0	0	0
1428596531614868088	CPU_4	0	0	0	100.00	0	0	0	0	0	0
1428596532317571076	CPU_4	0	0	0	100.00	0	0	0	0	0	0
1428596533016777495	CPU_4	0	0	0	100.00	0	0	0	0	0	0
1428596533729087404	CPU_4	0	0	0	100.00	0	0	0	0	0	0
1428596534430509023	CPU_4	0	0	0	100.00	0	0	0	0	0	0
1428596535130496106	CPU_4	0	0	0	100.00	0	0	0	0	0	0
1428596535840337650	CPU_4	0	0	0	100.00	0	0	0	0	0	0
1428596536543095015	CPU_4	0	0	0	100.00	0	0	0	0	0	0
1428596537253042851	CPU_4	0	0	0	100.00	0	0	0	0	0	0
1428596537956306548	CPU_4	0	0	0	100.00	0	0	0	0	0	0
1428596538656629840	CPU_4	0	0	0	100.00	0	0	0	0	0	0
1428596539368817460	CPU_4	0	0	0	100.00	0	0	0	0	0	0
1428596540069998832	CPU_4	0	0	0	100.00	0	0	0	0	0	0
1428596540772528158	CPU_4	0	0	0	100.00	0	0	0	0	0	0
1428596541483798991	CPU_4	0	0	0	100.00	0	0	0	0	0	0
1428596542185887736	CPU_4	0	0	0	100.00	0	0	0	0	0	0
1428596542895822200	CPU_4	0	0	0	100.00	0	0	0	0	0	0
1428596543606066163	CPU_4	0	0	0	100.00	0	0	0	0	0	0
1428596544309516361	CPU_4	0	0	0	100.00	0	0	0	0	0	0
1428596545063031319	CPU_4	0	0	0	100.00	0	0	0	0	0	0
1428596545762774283	CPU_4	0	0	0	100.00	0	0	0	0	0	0
1428596546481227715	CPU_4	0	0	0	100.00	0	0	0	0	0	0
1428596547181242804	CPU_4	0	0	0	100.00	0	0	0	0	0	0
1428596547882495679	CPU_4	0	0	0	100.00	0	0	0	0	0	0
1428596548595077344	CPU_4	0	0	0	100.00	0	0	0	0	0	0
1428596549297345883	CPU_4	0	0	0	100.00	0	0	0	0	0	0
1428596550002094662	CPU_4	0	0	0	100.00	0	0	0	0	0	0
1428596550712089713	CPU_4	0	0	0	100.00	0	0	0	0	0	0
1428596551412536093	CPU_4	0	0	0	100.00	0	0	0	0	0	0
1428596552125426883	CPU_4	0	0	0	100.00	0	0	0	0	0	0
1428596552829978706	CPU_4	0	0	0	100.00	0	0	0	0	0	0
1428596553532411997	CPU_4	0	0	0	100.00	0	0	0	0	0	0
1428596554242925713	CPU_4	0	0	0	100.00	0	0	0	0	0	0
1428596554951235606	CPU_4	0	0	0	100.00	0	0	0	0	0	0
1428596555649567205	CPU_4	0	0	0	100.00	0	0	0	0	0	0
1428596556361783041	CPU_4	0	0	0	100.00	0	0	0	0	0	0
1428596557064859747	CPU_4	0	0	0	100.00	0	0	0	0	0	0
1428596557768087286	CPU_4	0	0	0	100.00	0	0	0	0	0	0
1428596558476402555	CPU_4	0	0	0	100.00	0	0	0	0	0	0
1428596559180394342	CPU_4	0	0	0	100.00	0	0	0	0	0	0
1428596559891162852	CPU_4	0	0	0	100.00	0	0	0	0	0	0
1428596560597719337	CPU_4	0	0	0	100.00	0	0	0	0	0	0
1428596561301158836	CPU_4	0	0	0	100.00	0	0	0	0	0	0
1428596562013142467	CPU_4	0	0	0	100.00	0	0	0	0	0	0
1428596562714949097	CPU_4	0	0	0	100.00	0	0	0	0	0	0
1428596563435100280	CPU_4	0	0	0	100.00	0	0	0	0	0	0
1428596564135135918	CPU_4	0	0	0	100.00	0	0	0	0	0	0
1428596564837957003	CPU_4	0	0	0	100.00	0	0	0	0	0	0
1428596565551249714	CPU_4	0	0	0	100.00	0	0	0	0	0	0
1428596566252662264	CPU_4	0	0	0	100.00	0	0	0	0	0	0
1428596566954815895	CPU_4	0	0	0	100.00	0	0	0	0	0	0
1428596567668339606	CPU_4	0	0	0	100.00	0	0	0	0	0	0
1428596568369600033	CPU_4	0	0	0	100.00	0	0	0	0	0	0
1428596569083087036	CPU_4	0	0	0	100.00	0	0	0	0	0	0
1428596569784679795	CPU_4	0	0	0	100.00	0	0	0	0	0	0
1428596570487173177	CPU_4	0	0	0	100.00	0	0	0	0	0	0
1428596571199217770	CPU_4	0	0	0	100.00	0	0	0	0	0	0
1428596571902131775	CPU_4	0	0	0	100.00	0	0	0	0	0	0
1428596572602967122	CPU_4	0	0	0	100.00	0	0	0	0	0	0
1428596573316920709	CPU_4	0	0	0	100.00	0	0	0	0	0	0
1428596574020384338	CPU_4	0	0	0	100.00	0	0	0	0	0	0
1428596574736716874	CPU_4	0	0	0	100.00	0	0	0	0	0	0
1428596575437176224	CPU_4	0	0	0	100.00	0	0	0	0	0	0
1428596576144007298	CPU_4	0	0	0	100.00	0	0	0	0	0	0
1428596576858089511	CPU_4	0	0	0	100.00	0	0	0	0	0	0
1428596577561461767	CPU_4	0	0	0	100.00	0	0	0	0	0	0
1428596578263544320	CPU_4	0	0	0	100.00	0	0	0	0	0	0
1428596578977178744	CPU_4	0	0	0	100.00	0	0	0	0	0	0
1428596579679505005	CPU_4	0	0	0	100.00	0	0	0	0	0	0
1428596580393159763	CPU_4	0	0	0	100.00	0	0	0	0	0	0
1428596581096003772	CPU_4	0	0	0	100.00	0	0	0	0	0	0
1428596581797343871	CPU_4	0	0	0	100.00	0	0	0	0	0	0
1428596582509412137	CPU_4	0	0	0	100.00	0	0	0	0	0	0
1428596583213387268	CPU_4	0	0	0	100.00	0	0	0	0	0	0
1428596583912943750	CPU_4	0	0	0	100.00	0	0	0	0	0	0
1428596584626702467	CPU_4	0	0	0	100.00	0	0	0	0	0	0
1428596585329735145	CPU_4	0	0	0	100.00	0	0	0	0	0	0
1428596586042304534	CPU_4	0	0	0	100.00	0	0	0	0	0	0
1428596586743386553	CPU_4	0	0	0	100.00	0	0	0	0	0	0
1428596587446760689	CPU_4	0	0	0	100.00	0	0	0	0	0	0
1428596588156345300	CPU_4	0	0	0	100.00	0	0	0	0	0	0
1428596588859579686	CPU_4	0	0	0	100.00	0	0	0	0	0	0
1428596589566409308	CPU_4	0	0	0	100.00	0	0	0	0	0	0
1428596590271065315	CPU_4	0	0	0	100.00	0	0	0	0	0	0
1428596590971353130	CPU_4	0	0	0	100.00	0	0	0	0	0	0
1428596591685687349	CPU_4	0	0	0	100.00	0	0	0	0	0	0
1428596592383306093	CPU_4	0	0	0	100.00	0	0	0	0	0	0
1428596593086352857	CPU_4	0	0	0	100.00	0	0	0	0	0	0
1428596593796843842	CPU_4	0	0	0	100.00	0	0	0	0	0	0
1428596594515933376	CPU_4	0	0	0	100.00	0	0	0	0	0	0
1428596595226715653	CPU_4	0	0	0	100.00	0	0	0	0	0	0
1428596595934669440	CPU_4	0	0	0	100.00	0	0	0	0	0	0
1428596596637999080	CPU_4	0	0	0	100.00	0	0	0	0	0	0
1428596597357605614	CPU_4	0	0	0	100.00	0	0	0	0	0	0
1428596598058947595	CPU_4	0	0	0	100.00	0	0	0	0	0	0
1428596598761874654	CPU_4	0	0	0	100.00	0	0	0	0	0	0
1428596599472289850	CPU_4	0	0	0	100.00	0	0	0	0	0	0
1428596600200890974	CPU_4	0	0	0	100.00	0	0	0	0	0	0
1428596600911251296	CPU_4	0	0	0	100.00	0	0	0	0	0	0
1428596601615956766	CPU_4	0	0	0	100.00	0	0	0	0	0	0
1428596602329552618	CPU_4	0	0	0	100.00	0	0	0	0	0	0
1428596603043944591	CPU_4	0	0	0	100.00	0	0	0	0	0	0
1428596603743773581	CPU_4	0	0	0	100.00	0	0	0	0	0	0
1428596604446685309	CPU_4	0	0	0	100.00	0	0	0	0	0	0
1428596605159189541	CPU_4	0	0	0	100.00	0	0	0	0	0	0
1428596605863146724	CPU_4	0	0	0	100.00	0	0	0	0	0	0
1428596606576551328	CPU_4	0	0	0	100.00	0	0	0	0	0	0
1428596607279491891	CPU_4	0	0	0	100.00	0	0	0	0	0	0
1428596607983761448	CPU_4	0	0	0	100.00	0	0	0	0	0	0
1428596608697290553	CPU_4	0	0	0	100.00	0	0	0	0	0	0
1428596609400320991	CPU_4	0	0	0	100.00	0	0	0	0	0	0
1428596610117312875	CPU_4	0	0	0	100.00	0	0	0	0	0	0
1428596610822422388	CPU_4	0	0	0	100.00	0	0	0	0	0	0
1428596611527773110	CPU_4	0	0	0	100.00	0	0	0	0	0	0
1428596612241757798	CPU_4	0	0	0	100.00	0	0	0	0	0	0
1428596612943897991	CPU_4	0	0	0	100.00	0	0	0	0	0	0
1428596613649114964	CPU_4	0	0	0	100.00	0	0	0	0	0	0
1428596614363015028	CPU_4	0	0	0	100.00	0	0	0	0	0	0
1428596615065572971	CPU_4	0	0	0	100.00	0	0	0	0	0	0
1428596615779289286	CPU_4	0	0	0	100.00	0	0	0	0	0	0
1428596616482334436	CPU_4	0	0	0	100.00	0	0	0	0	0	0
1428596617186466415	CPU_4	0	0	0	100.00	0	0	0	0	0	0
1428596617900798270	CPU_4	0	0	0	100.00	0	0	0	0	0	0
1428596618606800076	CPU_4	0	0	0	100.00	0	0	0	0	0	0
1428596619307993776	CPU_4	0	0	0	100.00	0	0	0	0	0	0
1428596620022022925	CPU_4	0	0	0	100.00	0	0	0	0	0	0
1428596620725760199	CPU_4	0	0	0	100.00	0	0	0	0	0	0
1428596621444185540	CPU_4	0	0	0	100.00	0	0	0	0	0	0
1428596622146478778	CPU_4	0	0	0	100.00	0	0	0	0	0	0
1428596622851667214	CPU_4	0	0	0	100.00	0	0	0	0	0	0
1428596623567128526	CPU_4	0	0	0	100.00	0	0	0	0	0	0
1428596624279154894	CPU_4	0	0	0	100.00	0	0	0	0	0	0
1428596624993231004	CPU_4	0	0	0	100.00	0	0	0	0	0	0
1428596625707708279	CPU_4	0	0	0	100.00	0	0	0	0	0	0
1428596626408260985	CPU_4	0	0	0	100.00	0	0	0	0	0	0
1428596627123409258	CPU_4	0	0	0	100.00	0	0	0	0	0	0
1428596627826224580	CPU_4	0	0	0	100.00	0	0	0	0	0	0
1428596628529948524	CPU_4	0	0	0	100.00	0	0	0	0	0	0
1428596629242662433	CPU_4	0	0	0	100.00	0	0	0	0	0	0
1428596629947063666	CPU_4	0	0	0	100.00	0	0	0	0	0	0
1428596630661903943	CPU_4	0	0	0	100.00	0	0	0	0	0	0
1428596631366676675	CPU_4	0	0	0	100.00	0	0	0	0	0	0
1428596632069879456	CPU_4	0	0	0	100.00	0	0	0	0	0	0
1428596632786082353	CPU_4	0	0	0	100.00	0	0	0	0	0	0
1428596633486523979	CPU_4	0	0	0	100.00	0	0	0	0	0	0
1428596634192035126	CPU_4	0	0	0	100.00	0	0	0	0	0	0
1428596634905266952	CPU_4	0	0	0	100.00	0	0	0	0	0	0
1428596635609169732	CPU_4	0	0	0	100.00	0	0	0	0	0	0
1428596636320061818	CPU_4	0	0	0	100.00	0	0	0	0	0	0
1428596637024234347	CPU_4	0	0	0	100.00	0	0	0	0	0	0
1428596637726834633	CPU_4	0	0	0	100.00	0	0	0	0	0	0
1428596638439556421	CPU_4	0	0	0	100.00	0	0	0	0	0	0
1428596639142006750	CPU_4	0	0	0	100.00	0	0	0	0	0	0
1428596639842900918	CPU_4	0	0	0	100.00	0	0	0	0	0	0
1428596640553980505	CPU_4	0	0	0	100.00	0	0	0	0	0	0
1428596641258292119	CPU_4	0	0	0	100.00	0	0	0	0	0	0
1428596641967496381	CPU_4	0	0	0	100.00	0	0	0	0	0	0
1428596642672229993	CPU_4	0	0	0	100.00	0	0	0	0	0	0
1428596643372536582	CPU_4	0	0	0	100.00	0	0	0	0	0	0
1428596644086194494	CPU_4	0	0	0	100.00	0	0	0	0	0	0
1428596644788905283	CPU_4	0	0	0	100.00	0	0	0	0	0	0
1428596645495741805	CPU_4	0	0	0	100.00	0	0	0	0	0	0
1428596646204637112	CPU_4	0	0	0	100.00	0	0	0	0	0	0
1428596646908235731	CPU_4	0	0	0	100.00	0	0	0	0	0	0
1428596647622331768	CPU_4	0	0	0	100.00	0	0	0	0	0	0
1428596648324264311	CPU_4	0	0	0	100.00	0	0	0	0	0	0
1428596649026270895	CPU_4	0	0	0	100.00	0	0	0	0	0	0
1428596649743123339	CPU_4	0	0	0	100.00	0	0	0	0	0	0
1428596650446383711	CPU_4	0	0	0	100.00	0	0	0	0	0	0
1428596651160157126	CPU_4	0	0	0	100.00	0	0	0	0	0	0
1428596651866085696	CPU_4	0	0	0	100.00	0	0	0	0	0	0
1428596652572063809	CPU_4	0	0	0	100.00	0	0	0	0	0	0
1428596653284883686	CPU_4	0	0	0	100.00	0	0	0	0	0	0
1428596653990053844	CPU_4	0	0	0	100.00	0	0	0	0	0	0
1428596654695086336	CPU_4	0	0	0	100.00	0	0	0	0	0	0
1428596655406800761	CPU_4	0	0	0	100.00	0	0	0	0	0	0
1428596656110267426	CPU_4	0	0	0	100.00	0	0	0	0	0	0
1428596656824810257	CPU_4	0	0	0	100.00	0	0	0	0	0	0
1428596657527614176	CPU_4	0	0	0	100.00	0	0	0	0	0	0
1428596658233346250	CPU_4	0	0	0	100.00	0	0	0	0	0	0
1428596658947433000	CPU_4	0	0	0	100.00	0	0	0	0	0	0
1428596659652803910	CPU_4	0	0	0	100.00	0	0	0	0	0	0
1428596660357230782	CPU_4	0	0	0	100.00	0	0	0	0	0	0
1428596661073206045	CPU_4	0	0	0	100.00	0	0	0	0	0	0
1428596661777339608	CPU_4	0	0	0	100.00	0	0	0	0	0	0
1428596662493252948	CPU_4	0	0	0	100.00	0	0	0	0	0	0
1428596663198087385	CPU_4	0	0	0	100.00	0	0	0	0	0	0
1428596663908525732	CPU_4	0	0	0	100.00	0	0	0	0	0	0
1428596664627121652	CPU_4	0	0	0	100.00	0	0	0	0	0	0
1428596665335362127	CPU_4	0	0	0	100.00	0	0	0	0	0	0
1428596666041134229	CPU_4	0	0	0	100.00	0	0	0	0	0	0
1428596666756105612	CPU_4	0	0	0	100.00	0	0	0	0	0	0
1428596667461256133	CPU_4	0	0	0	100.00	0	0	0	0	0	0
1428596668177316306	CPU_4	0	0	0	100.00	0	0	0	0	0	0
1428596668879578288	CPU_4	0	0	0	100.00	0	0	0	0	0	0
1428596669586439848	CPU_4	0	0	0	100.00	0	0	0	0	0	0
1428596670309449387	CPU_4	0	0	0	100.00	0	0	0	0	0	0
1428596671013395367	CPU_4	0	0	0	100.00	0	0	0	0	0	0
1428596671732737036	CPU_4	0	0	0	100.00	0	0	0	0	0	0
1428596672438841555	CPU_4	0	0	0	100.00	0	0	0	0	0	0
1428596673144016075	CPU_4	0	0	0	100.00	0	0	0	0	0	0
1428596673860705622	CPU_4	0	0	0	100.00	0	0	0	0	0	0
1428596674564062520	CPU_4	0	0	0	100.00	0	0	0	0	0	0
1428596675274322659	CPU_4	0	0	0	100.00	0	0	0	0	0	0
1428596675985555754	CPU_4	0	0	0	100.00	0	0	0	0	0	0
1428596676692339981	CPU_4	0	0	0	100.00	0	0	0	0	0	0
1428596677405123241	CPU_4	0	0	0	100.00	0	0	0	0	0	0
1428596678108074848	CPU_4	0	0	0	100.00	0	0	0	0	0	0
1428596678812302286	CPU_4	0	0	0	100.00	0	0	0	0	0	0
1428596679527030294	CPU_4	0	0	0	100.00	0	0	0	0	0	0
1428596680228243861	CPU_4	0	0	0	100.00	0	0	0	0	0	0
1428596680933375506	CPU_4	0	0	0	100.00	0	0	0	0	0	0
1428596681647039098	CPU_4	0	0	0	100.00	0	0	0	0	0	0
1428596682350939537	CPU_4	0	0	0	100.00	0	0	0	0	0	0
1428596683064500505	CPU_4	0	0	0	100.00	0	0	0	0	0	0
1428596683769487108	CPU_4	0	0	0	100.00	0	0	0	0	0	0
1428596684470500925	CPU_4	0	0	0	100.00	0	0	0	0	0	0
1428596685185057308	CPU_4	0	0	0	100.00	0	0	0	0	0	0
1428596685890340787	CPU_4	0	0	0	100.00	0	0	0	0	0	0
1428596686600840508	CPU_4	0	0	0	100.00	0	0	0	0	0	0
1428596687308278734	CPU_4	0	0	0	100.00	0	0	0	0	0	0
1428596688015227627	CPU_4	0	0	0	100.00	0	0	0	0	0	0
1428596688729676343	CPU_4	0	0	0	100.00	0	0	0	0	0	0
1428596689431661076	CPU_4	0	0	0	100.00	0	0	0	0	0	0
1428596690134408557	CPU_4	0	0	0	100.00	0	0	0	0	0	0
1428596690850088355	CPU_4	0	0	0	100.00	0	0	0	0	0	0
1428596691550292965	CPU_4	0	0	0	100.00	0	0	0	0	0	0
1428596692265492097	CPU_4	0	0	0	100.00	0	0	0	0	0	0
1428596692973754863	CPU_4	0	0	0	100.00	0	0	0	0	0	0
1428596693681362672	CPU_4	0	0	0	100.00	0	0	0	0	0	0
1428596694395128056	CPU_4	0	0	0	100.00	0	0	0	0	0	0
1428596695100334076	CPU_4	0	0	0	100.00	0	0	0	0	0	0
1428596695802441433	CPU_4	0	0	0	100.00	0	0	0	0	0	0
1428596696519634313	CPU_4	0	0	0	100.00	0	0	0	0	0	0
1428596697224378958	CPU_4	0	0	0	100.00	0	0	0	0	0	0
1428596697937461885	CPU_4	0	0	0	100.00	0	0	0	0	0	0
1428596698642236239	CPU_4	0	0	0	100.00	0	0	0	0	0	0
1428596699349007090	CPU_4	0	0	0	100.00	0	0	0	0	0	0
1428596700064956805	CPU_4	0	0	0	100.00	0	0	0	0	0	0
1428596700769696283	CPU_4	0	0	0	100.00	0	0	0	0	0	0
1428596701474391804	CPU_4	0	0	0	100.00	0	0	0	0	0	0
1428596702191174976	CPU_4	0	0	0	100.00	0	0	0	0	0	0
1428596702894573206	CPU_4	0	0	0	100.00	0	0	0	0	0	0
1428596703612061794	CPU_4	0	0	0	100.00	0	0	0	0	0	0
1428596704317431647	CPU_4	0	0	0	100.00	0	0	0	0	0	0
1428596705022866458	CPU_4	0	0	0	100.00	0	0	0	0	0	0
1428596705742080252	CPU_4	0	0	0	100.00	0	0	0	0	0	0
1428596706448253854	CPU_4	0	0	0	100.00	0	0	0	0	0	0
1428596707162077446	CPU_4	0	0	0	100.00	0	0	0	0	0	0
1428596707874502540	CPU_4	0	0	0	100.00	0	0	0	0	0	0
1428596708580176434	CPU_4	0	0	0	100.00	0	0	0	0	0	0
1428596709299787352	CPU_4	0	0	0	100.00	0	0	0	0	0	0
1428596710004118040	CPU_4	0	0	0	100.00	0	0	0	0	0	0
1428596710710579099	CPU_4	0	0	0	100.00	0	0	0	0	0	0
1428596711426693480	CPU_4	0	0	0	100.00	0	0	0	0	0	0
1428596712130190711	CPU_4	0	0	0	100.00	0	0	0	0	0	0
1428596712846433841	CPU_4	0	0	0	100.00	0	0	0	0	0	0
1428596713552814235	CPU_4	0	0	0	100.00	0	0	0	0	0	0
1428596714256038840	CPU_4	0	0	0	100.00	0	0	0	0	0	0
1428596714973534136	CPU_4	0	0	0	100.00	0	0	0	0	0	0
1428596715682752442	CPU_4	0	0	0	100.00	0	0	0	0	0	0
1428596716389159960	CPU_4	0	0	0	100.00	0	0	0	0	0	0
1428596717104429592	CPU_4	0	0	0	100.00	0	0	0	0	0	0
1428596717813478607	CPU_4	0	0	0	100.00	0	0	0	0	0	0
1428596718530317612	CPU_4	0	0	0	100.00	0	0	0	0	0	0
1428596719235345049	CPU_4	0	0	0	100.00	0	0	0	0	0	0
1428596719941720775	CPU_4	0	0	0	100.00	0	0	0	0	0	0
1428596720658780780	CPU_4	0	0	0	100.00	0	0	0	0	0	0
1428596721362958092	CPU_4	0	0	0	100.00	0	0	0	0	0	0
1428596722080058430	CPU_4	0	0	0	100.00	0	0	0	0	0	0
1428596722788574154	CPU_4	0	0	0	100.00	0	0	0	0	0	0
1428596723493867298	CPU_4	0	0	0	100.00	0	0	0	0	0	0
1428596724209106222	CPU_4	0	0	0	100.00	0	0	0	0	0	0
1428596724916483364	CPU_4	0	0	0	100.00	0	0	0	0	0	0
1428596725618420846	CPU_4	0	0	0	100.00	0	0	0	0	0	0
1428596726335338226	CPU_4	0	0	0	100.00	0	0	0	0	0	0
1428596727039341997	CPU_4	0	0	0	100.00	0	0	0	0	0	0
1428596727756480210	CPU_4	0	0	0	100.00	0	0	0	0	0	0
1428596728460892147	CPU_4	0	0	0	100.00	0	0	0	0	0	0
1428596729167688956	CPU_4	0	0	0	100.00	0	0	0	0	0	0
1428596729884189878	CPU_4	0	0	0	100.00	0	0	0	0	0	0
1428596730588240066	CPU_4	0	0	0	100.00	0	0	0	0	0	0
1428596731301707491	CPU_4	0	0	0	100.00	0	0	0	0	0	0
1428596732011621547	CPU_4	0	0	0	100.00	0	0	0	0	0	0
1428596732713464320	CPU_4	0	0	0	100.00	0	0	0	0	0	0
1428596733431944990	CPU_4	0	0	0	100.00	0	0	0	0	0	0
1428596734135413511	CPU_4	0	0	0	100.00	0	0	0	0	0	0
1428596734838385409	CPU_4	0	0	0	100.00	0	0	0	0	0	0
1428596735551402002	CPU_4	0	0	0	100.00	0	0	0	0	0	0
1428596736257232729	CPU_4	0	0	0	100.00	0	0	0	0	0	0
1428596736968975073	CPU_4	0	0	0	100.00	0	0	0	0	0	0
1428596737676704715	CPU_4	0	0	0	100.00	0	0	0	0	0	0
1428596738380560319	CPU_4	0	0	0	100.00	0	0	0	0	0	0
1428596739098044323	CPU_4	0	0	0	100.00	0	0	0	0	0	0
1428596739804745882	CPU_4	0	0	0	100.00	0	0	0	0	0	0
1428596740510771942	CPU_4	0	0	0	100.00	0	0	0	0	0	0
1428596741228106071	CPU_4	0	0	0	100.00	0	0	0	0	0	0
1428596741933951257	CPU_4	0	0	0	100.00	0	0	0	0	0	0
1428596742649495388	CPU_4	0	0	0	100.00	0	0	0	0	0	0
1428596743356548030	CPU_4	0	0	0	100.00	0	0	0	0	0	0
1428596744059725760	CPU_4	0	0	0	100.00	0	0	0	0	0	0
1428596744776772348	CPU_4	0	0	0	100.00	0	0	0	0	0	0
1428596745482579200	CPU_4	0	0	0	100.00	0	0	0	0	0	0
1428596746197436374	CPU_4	0	0	0	100.00	0	0	0	0	0	0
1428596746908479802	CPU_4	0	0	0	100.00	0	0	0	0	0	0
1428596747616351485	CPU_4	0	0	0	100.00	0	0	0	0	0	0
1428596748331142034	CPU_4	0	0	0	100.00	0	0	0	0	0	0
1428596749037458969	CPU_4	0	0	0	100.00	0	0	0	0	0	0
1428596749744762735	CPU_4	0	0	0	100.00	0	0	0	0	0	0
1428596750464089570	CPU_4	0	0	0	100.00	0	0	0	0	0	0
1428596751167852716	CPU_4	0	0	0	100.00	0	0	0	0	0	0
1428596751886624885	CPU_4	0	0	0	100.00	0	0	0	0	0	0
1428596752592904278	CPU_4	0	0	0	100.00	0	0	0	0	0	0
1428596753298942796	CPU_4	0	0	0	100.00	0	0	0	0	0	0
1428596754017187049	CPU_4	0	0	0	100.00	0	0	0	0	0	0
1428596754725455731	CPU_4	0	0	0	100.00	0	0	0	0	0	0
1428596755442074277	CPU_4	0	0	0	100.00	0	0	0	0	0	0
1428596756154443663	CPU_4	0	0	0	100.00	0	0	0	0	0	0
1428596756861546805	CPU_4	0	0	0	100.00	0	0	0	0	0	0
1428596757580211140	CPU_4	0	0	0	100.00	0	0	0	0	0	0
1428596758284768452	CPU_4	0	0	0	100.00	0	0	0	0	0	0
1428596758993297550	CPU_4	0	0	0	100.00	0	0	0	0	0	0
1428596759712616093	CPU_4	0	0	0	100.00	0	0	0	0	0	0
1428596760421312316	CPU_4	0	0	0	100.00	0	0	0	0	0	0
1428596761138218029	CPU_4	0	0	0	100.00	0	0	0	0	0	0
1428596761849677915	CPU_4	0	0	0	100.00	0	0	0	0	0	0
1428596762554088310	CPU_4	0	0	0	100.00	0	0	0	0	0	0
1428596763272398146	CPU_4	0	0	0	100.00	0	0	0	0	0	0
1428596763980313579	CPU_4	0	0	0	100.00	0	0	0	0	0	0
1428596764715492018	CPU_4	0	0	0	100.00	0	0	0	0	0	0
1428596765426640155	CPU_4	0	0	0	100.00	0	0	0	0	0	0
1428596766134448296	CPU_4	0	0	0	100.00	0	0	0	0	0	0
1428596766852074924	CPU_4	0	0	0	100.00	0	0	0	0	0	0
1428596767558330192	CPU_4	0	0	0	100.00	0	0	0	0	0	0
1428596768268181830	CPU_4	0	0	0	100.00	0	0	0	0	0	0
1428596768983427170	CPU_4	0	0	0	100.00	0	0	0	0	0	0
1428596769687827482	CPU_4	0	0	0	100.00	0	0	0	0	0	0
1428596770430346537	CPU_4	0	0	0	100.00	0	0	0	0	0	0
1428596771136207722	CPU_4	0	0	0	100.00	0	0	0	0	0	0
1428596771843867738	CPU_4	0	0	0	100.00	0	0	0	0	0	0
1428596772557961412	CPU_4	0	0	0	100.00	0	0	0	0	0	0
1428596773265220345	CPU_4	0	0	0	100.00	0	0	0	0	0	0
1428596773982378933	CPU_4	0	0	0	100.00	0	0	0	0	0	0
1428596774686962828	CPU_4	0	0	0	100.00	0	0	0	0	0	0
1428596775392837138	CPU_4	0	0	0	100.00	0	0	0	0	0	0
1428596776109671100	CPU_4	0	0	0	100.00	0	0	0	0	0	0
1428596776812042415	CPU_4	0	0	0	100.00	0	0	0	0	0	0
1428596777530695916	CPU_4	0	0	0	100.00	0	0	0	0	0	0
1428596778239933222	CPU_4	0	0	0	100.00	0	0	0	0	0	0
1428596778949903777	CPU_4	0	0	0	100.00	0	0	0	0	0	0
1428596779662303620	CPU_4	0	0	0	100.00	0	0	0	0	0	0
1428596780369304637	CPU_4	0	0	0	100.00	0	0	0	0	0	0
1428596781074769197	CPU_4	0	0	0	100.00	0	0	0	0	0	0
1428596781791917284	CPU_4	0	0	0	100.00	0	0	0	0	0	0
1428596782497281761	CPU_4	0	0	0	100.00	0	0	0	0	0	0
1428596783213015850	CPU_4	0	0	0	100.00	0	0	0	0	0	0
1428596783928939522	CPU_4	0	0	0	100.00	0	0	0	0	0	0
1428596784641199241	CPU_4	0	0	0	100.00	0	0	0	0	0	0
1428596785356064998	CPU_4	0	0	0	100.00	0	0	0	0	0	0
1428596786063526555	CPU_4	0	0	0	100.00	0	0	0	0	0	0
1428596786779347977	CPU_4	0	0	0	100.00	0	0	0	0	0	0
1428596787491900695	CPU_4	0	0	0	100.00	0	0	0	0	0	0
1428596788197819880	CPU_4	0	0	0	100.00	0	0	0	0	0	0
1428596788913424428	CPU_4	0	0	0	100.00	0	0	0	0	0	0
1428596789646574619	CPU_4	0	0	0	100.00	0	0	0	0	0	0
1428596790356013674	CPU_4	0	0	0	100.00	0	0	0	0	0	0
1428596791072537221	CPU_4	0	0	0	100.00	0	0	0	0	0	0
1428596791779261738	CPU_4	0	0	0	100.00	0	0	0	0	0	0
1428596792495631451	CPU_4	0	0	0	100.00	0	0	0	0	0	0
1428596793204954881	CPU_4	0	0	0	100.00	0	0	0	0	0	0
1428596793911676606	CPU_4	0	0	0	100.00	0	0	0	0	0	0
1428596794629263110	CPU_4	0	0	0	100.00	0	0	0	0	0	0
1428596795336575501	CPU_4	0	0	0	100.00	0	0	0	0	0	0
1428596796056265710	CPU_4	0	0	0	100.00	0	0	0	0	0	0
1428596796762741268	CPU_4	0	0	0	100.00	0	0	0	0	0	0
1428596797472097532	CPU_4	0	0	0	100.00	0	0	0	0	0	0
1428596798186581081	CPU_4	0	0	0	100.00	0	0	0	0	0	0
1428596798895294053	CPU_4	0	0	0	100.00	0	0	0	0	0	0
1428596799612123974	CPU_4	0	0	0	100.00	0	0	0	0	0	0
1428596800327508897	CPU_4	0	0	0	100.00	0	0	0	0	0	0
1428596801034534288	CPU_4	0	0	0	100.00	0	0	0	0	0	0
1428596801753243707	CPU_4	0	0	0	100.00	0	0	0	0	0	0
1428596802462561637	CPU_4	0	0	0	100.00	0	0	0	0	0	0
1428596803169390237	CPU_4	0	0	0	100.00	0	0	0	0	0	0
1428596803888478613	CPU_4	0	0	0	100.00	0	0	0	0	0	0
1428596804598588667	CPU_4	0	0	0	100.00	0	0	0	0	0	0
1428596805313969298	CPU_4	0	0	0	100.00	0	0	0	0	0	0
1428596806024052561	CPU_4	0	0	0	100.00	0	0	0	0	0	0
1428596806732045118	CPU_4	0	0	0	100.00	0	0	0	0	0	0
1428596807453815282	CPU_4	0	0	0	100.00	0	0	0	0	0	0
1428596808158810551	CPU_4	0	0	0	100.00	0	0	0	0	0	0
1428596808877188095	CPU_4	0	0	0	100.00	0	0	0	0	0	0
1428596809585252485	CPU_4	0	0	0	100.00	0	0	0	0	0	0
1428596810292036126	CPU_4	0	0	0	100.00	0	0	0	0	0	0
1428596811010793045	CPU_4	0	0	0	100.00	0	0	0	0	0	0
1428596811721923431	CPU_4	0	0	0	100.00	0	0	0	0	0	0
1428596812433497025	CPU_4	0	0	0	100.00	0	0	0	0	0	0
1428596813148035823	CPU_4	0	0	0	100.00	0	0	0	0	0	0
1428596813856203963	CPU_4	0	0	0	100.00	0	0	0	0	0	0
1428596814578055502	CPU_4	0	0	0	100.00	0	0	0	0	0	0
1428596815282445897	CPU_4	0	0	0	100.00	0	0	0	0	0	0
1428596815993549450	CPU_4	0	0	0	100.00	0	0	0	0	0	0
1428596816709769371	CPU_4	0	0	0	100.00	0	0	0	0	0	0
1428596817415665514	CPU_4	0	0	0	100.00	0	0	0	0	0	0
1428596818133927891	CPU_4	0	0	0	100.00	0	0	0	0	0	0
1428596818842219989	CPU_4	0	0	0	100.00	0	0	0	0	0	0
1428596819547533258	CPU_4	0	0	0	100.00	0	0	0	0	0	0
1428596820264742219	CPU_4	0	0	0	100.00	0	0	0	0	0	0
1428596820971693361	CPU_4	0	0	0	100.00	0	0	0	0	0	0
1428596821702018431	CPU_4	0	0	0	42.94	0	57.05	0	0	0	0
1428596822405935701	CPU_4	0	0	0	100.00	0	0	0	0	0	0
1428596823114168174	CPU_4	0	0	0	100.00	0	0	0	0	0	0
1428596823830380512	CPU_4	0	0	0	100.00	0	0	0	0	0	0
1428596824538131611	CPU_4	0	0	0	100.00	0	0	0	0	0	0
1428596825244169212	CPU_4	0	0	0	100.00	0	0	0	0	0	0
1428596825963801503	CPU_4	0	0	0	100.00	0	0	0	0	0	0
1428596826668272481	CPU_4	0	0	0	100.00	0	0	0	0	0	0
1428596827385267027	CPU_4	0	0	0	100.00	0	0	0	0	0	0
1428596828093244708	CPU_4	0	0	0	100.00	0	0	0	0	0	0
1428596828798913185	CPU_4	0	0	0	100.00	0	0	0	0	0	0
1428596829516364479	CPU_4	0	0	0	100.00	0	0	0	0	0	0
1428596830224965993	CPU_4	0	0	0	100.00	0	0	0	0	0	0
1428596830942230205	CPU_4	0	0	0	100.00	0	0	0	0	0	0
1428596831648978638	CPU_4	0	0	0	100.00	0	0	0	0	0	0
1428596832358332568	CPU_4	0	0	0	100.00	0	0	0	0	0	0
1428596833079387233	CPU_4	0	0	0	100.00	0	0	0	0	0	0
1428596833785954250	CPU_4	0	0	0	100.00	0	0	0	0	0	0
1428596834498153884	CPU_4	0	0	0	100.00	0	0	0	0	0	0
1428596835213521348	CPU_4	0	0	0	100.00	0	0	0	0	0	0
1428596835921353780	CPU_4	0	0	0	100.00	0	0	0	0	0	0
1428596836639666532	CPU_4	0	0	0	100.00	0	0	0	0	0	0
1428596837348704712	CPU_4	0	0	0	100.00	0	0	0	0	0	0
1428596838061269138	CPU_4	0	0	0	100.00	0	0	0	0	0	0
1428596838778879807	CPU_4	0	0	0	100.00	0	0	0	0	0	0
1428596839488361278	CPU_4	0	0	0	100.00	0	0	0	0	0	0
1428596840207394196	CPU_4	0	0	0	100.00	0	0	0	0	0	0
1428596840915051003	CPU_4	0	0	0	100.00	0	0	0	0	0	0
1428596841628241803	CPU_4	0	0	0	100.00	0	0	0	0	0	0
1428596842346972346	CPU_4	0	0	0	100.00	0	0	0	0	0	0
1428596843056859608	CPU_4	0	0	0	100.00	0	0	0	0	0	0
1428596843776313692	CPU_4	0	0	0	100.00	0	0	0	0	0	0
1428596844486580745	CPU_4	0	0	0	100.00	0	0	0	0	0	0
1428596845195734759	CPU_4	0	0	0	100.00	0	0	0	0	0	0
1428596845914233219	CPU_4	0	0	0	100.00	0	0	0	0	0	0
1428596846625041688	CPU_4	0	0	0	100.00	0	0	0	0	0	0
1428596847348885974	CPU_4	0	0	0	100.00	0	0	0	0	0	0
1428596848058433279	CPU_4	0	0	0	100.00	0	0	0	0	0	0
1428596848770913996	CPU_4	0	0	0	100.00	0	0	0	0	0	0
1428596849491500953	CPU_4	0	0	0	100.00	0	0	0	0	0	0
1428596850203216047	CPU_4	0	0	0	100.00	0	0	0	0	0	0
1428596850911520895	CPU_4	0	0	0	100.00	0	0	0	0	0	0
1428596851631739769	CPU_4	0	0	0	100.00	0	0	0	0	0	0
1428596852341700239	CPU_4	0	0	0	100.00	0	0	0	0	0	0
1428596853060995531	CPU_4	0	0	0	100.00	0	0	0	0	0	0
1428596853774698330	CPU_4	0	0	0	100.00	0	0	0	0	0	0
1428596854493220248	CPU_4	0	0	0	100.00	0	0	0	0	0	0
1428596855214480830	CPU_4	0	0	0	100.00	0	0	0	0	0	0
1428596855923066844	CPU_4	0	0	0	100.00	0	0	0	0	0	0
1428596856642097886	CPU_4	0	0	0	100.00	0	0	0	0	0	0
1428596857352074815	CPU_4	0	0	0	100.00	0	0	0	0	0	0
1428596858061494036	CPU_4	0	0	0	100.00	0	0	0	0	0	0
1428596858781733118	CPU_4	0	0	0	100.00	0	0	0	0	0	0
1428596859491227256	CPU_4	0	0	0	100.00	0	0	0	0	0	0
1428596860214087460	CPU_4	0	0	0	100.00	0	0	0	0	0	0
1428596860921441309	CPU_4	0	0	0	100.00	0	0	0	0	0	0
1428596861632443778	CPU_4	0	0	0	100.00	0	0	0	0	0	0
1428596862350628655	CPU_4	0	0	0	100.00	0	0	0	0	0	0
1428596863058314837	CPU_4	0	0	0	100.00	0	0	0	0	0	0
1428596863768170224	CPU_4	0	0	0	100.00	0	0	0	0	0	0
1428596864487123433	CPU_4	0	0	0	100.00	0	0	0	0	0	0
1428596865194387449	CPU_4	0	0	0	100.00	0	0	0	0	0	0
1428596865913799199	CPU_4	0	0	0	100.00	0	0	0	0	0	0
1428596866622714462	CPU_4	0	0	0	100.00	0	0	0	0	0	0
1428596867333370390	CPU_4	0	0	0	100.00	0	0	0	0	0	0
1428596868052035391	CPU_4	0	0	0	100.00	0	0	0	0	0	0
1428596868763005443	CPU_4	0	0	0	100.00	0	0	0	0	0	0
1428596869481128028	CPU_4	0	0	0	100.00	0	0	0	0	0	0
1428596870190645458	CPU_4	0	0	0	100.00	0	0	0	0	0	0
1428596870899116222	CPU_4	0	0	0	100.00	0	0	0	0	0	0
1428596871619771012	CPU_4	0	0	0	100.00	0	0	0	0	0	0
1428596872326447486	CPU_4	0	0	0	100.00	0	0	0	0	0	0
1428596873048032400	CPU_4	0	0	0	100.00	0	0	0	0	0	0
1428596873755773957	CPU_4	0	0	0	100.00	0	0	0	0	0	0
1428596874467283092	CPU_4	0	0	0	100.00	0	0	0	0	0	0
1428596875186495884	CPU_4	0	0	0	100.00	0	0	0	0	0	0
1428596875896994270	CPU_4	0	0	0	100.00	0	0	0	0	0	0
1428596876616685561	CPU_4	0	0	0	100.00	0	0	0	0	0	0
1428596877332430524	CPU_4	2.81	0	7.04	90.14	0	0	0	0	0	0
1428596878039936915	CPU_4	0	0	0	100.00	0	0	0	0	0	0
1428596878759658789	CPU_4	0	0	0	100.00	0	0	0	0	0	0
1428596879467103221	CPU_4	0	0	0	100.00	0	0	0	0	0	0
1428596880180368437	CPU_4	0	0	0	100.00	0	0	0	0	0	0
1428596880897399440	CPU_4	0	0	0	100.00	0	0	0	0	0	0
1428596881611458572	CPU_4	0	0	0	100.00	0	0	0	0	0	0
1428596882326037411	CPU_4	0	0	0	100.00	0	0	0	0	0	0
1428596883034528425	CPU_4	0	0	0	100.00	0	0	0	0	0	0
1428596883745245269	CPU_4	0	0	0	100.00	0	0	0	0	0	0
1428596884462721355	CPU_4	0	0	0	100.00	0	0	0	0	0	0
1428596885171317744	CPU_4	0	0	0	100.00	0	0	0	0	0	0
1428596885889872411	CPU_4	0	0	0	100.00	0	0	0	0	0	0
1428596886601252671	CPU_4	0	0	0	100.00	0	0	0	0	0	0
1428596887309940935	CPU_4	0	0	0	100.00	0	0	0	0	0	0
1428596888027737187	CPU_4	0	0	0	100.00	0	0	0	0	0	0
1428596888737783782	CPU_4	0	0	0	100.00	0	0	0	0	0	0
1428596889446086254	CPU_4	0	0	0	100.00	0	0	0	0	0	0
1428596890164870672	CPU_4	0	0	0	100.00	0	0	0	0	0	0
1428596890873754018	CPU_4	0	0	0	100.00	0	0	0	0	0	0
1428596891592501269	CPU_4	0	0	0	100.00	0	0	0	0	0	0
1428596892301905865	CPU_4	0	0	0	100.00	0	0	0	0	0	0
1428596893012052585	CPU_4	0	0	0	100.00	0	0	0	0	0	0
1428596893734768580	CPU_4	0	0	0	100.00	0	0	0	0	0	0
1428596894443720927	CPU_4	0	0	0	100.00	0	0	0	0	0	0
1428596895164281592	CPU_4	0	0	0	100.00	0	0	0	0	0	0
1428596895876132809	CPU_4	0	0	0	100.00	0	0	0	0	0	0
1428596896584770240	CPU_4	0	0	0	100.00	0	0	0	0	0	0
1428596897305970945	CPU_4	0	0	0	100.00	0	0	0	0	0	0
1428596898016892623	CPU_4	0	0	0	100.00	0	0	0	0	0	0
1428596898743128072	CPU_4	0	0	0	100.00	0	0	0	0	0	0
1428596899451451211	CPU_4	0	0	0	100.00	0	0	0	0	0	0
1428596900165288801	CPU_4	0	0	0	100.00	0	0	0	0	0	0
1428596900891156501	CPU_4	0	0	0	100.00	0	0	0	0	0	0
1428596901603562176	CPU_4	0	0	0	100.00	0	0	0	0	0	0
1428596902323798425	CPU_4	0	0	0	100.00	0	0	0	0	0	0
1428596903035675101	CPU_4	0	0	0	100.00	0	0	0	0	0	0
1428596903762237883	CPU_4	0	0	0	100.00	0	0	0	0	0	0
1428596904537453562	CPU_4	0	0	0	100.00	0	0	0	0	0	0
1428596905259866641	CPU_4	0	0	0	100.00	0	0	0	0	0	0
1428596905984031801	CPU_4	0	0	0	100.00	0	0	0	0	0	0
1428596906696427351	CPU_4	0	0	0	100.00	0	0	0	0	0	0
1428596907406884071	CPU_4	0	0	0	100.00	0	0	0	0	0	0
1428596908129467358	CPU_4	0	0	0	100.00	0	0	0	0	0	0
1428596908840575827	CPU_4	0	0	0	100.00	0	0	0	0	0	0
1428596909563409655	CPU_4	0	0	0	100.00	0	0	0	0	0	0
1428596910276636538	CPU_4	0	0	0	100.00	0	0	0	0	0	0
1428596910990070962	CPU_4	0	0	0	100.00	0	0	0	0	0	0
1428596911712264958	CPU_4	0	0	0	100.00	0	0	0	0	0	0
1428596912421222846	CPU_4	0	0	0	100.00	0	0	0	0	0	0
1428596913144075382	CPU_4	0	0	0	100.00	0	0	0	0	0	0
1428596913855227851	CPU_4	0	0	0	100.00	0	0	0	0	0	0
1428596914568463317	CPU_4	0	0	0	100.00	0	0	0	0	0	0
1428596915287947316	CPU_4	0	0	0	100.00	0	0	0	0	0	0
1428596915999991075	CPU_4	0	0	0	100.00	0	0	0	0	0	0
1428596916720899906	CPU_4	0	0	0	100.00	0	0	0	0	0	0
1428596917429413378	CPU_4	0	0	0	100.00	0	0	0	0	0	0
1428596918141149471	CPU_4	0	0	0	100.00	0	0	0	0	0	0
1428596918861593802	CPU_4	0	0	0	100.00	0	0	0	0	0	0
1428596919571589647	CPU_4	0	0	0	100.00	0	0	0	0	0	0
1428596920293544643	CPU_4	0	0	0	100.00	0	0	0	0	0	0
1428596921004769862	CPU_4	0	0	0	100.00	0	0	0	0	0	0
1428596921717214787	CPU_4	0	0	0	100.00	0	0	0	0	0	0
1428596922434265581	CPU_4	0	0	0	100.00	0	0	0	0	0	0
1428596923146540881	CPU_4	0	0	0	100.00	0	0	0	0	0	0
1428596923876355576	CPU_4	0	0	0	100.00	0	0	0	0	0	0
1428596924591160498	CPU_4	0	0	0	100.00	0	0	0	0	0	0
1428596925299707136	CPU_4	0	0	0	100.00	0	0	0	0	0	0
1428596926020999925	CPU_4	0	0	0	100.00	0	0	0	0	0	0
1428596926735746513	CPU_4	0	0	0	100.00	0	0	0	0	0	0
1428596927446624607	CPU_4	0	0	0	100.00	0	0	0	0	0	0
1428596928166509731	CPU_4	0	0	0	100.00	0	0	0	0	0	0
1428596928877508199	CPU_4	0	0	0	100.00	0	0	0	0	0	0
1428596929598519405	CPU_4	0	0	0	100.00	0	0	0	0	0	0
1428596930311627204	CPU_4	0	0	0	100.00	0	0	0	0	0	0
1428596931022116382	CPU_4	0	0	0	100.00	0	0	0	0	0	0
1428596931750130829	CPU_4	0	0	0	100.00	0	0	0	0	0	0
1428596932458504884	CPU_4	0	0	0	100.00	0	0	0	0	0	0
1428596933181987586	CPU_4	0	0	0	100.00	0	0	0	0	0	0
1428596933891864598	CPU_4	0	0	0	100.00	0	0	0	0	0	0
1428596934602746566	CPU_4	0	0	0	100.00	0	0	0	0	0	0
1428596935325006354	CPU_4	0	0	0	100.00	0	0	0	0	0	0
1428596936038195236	CPU_4	0	0	0	100.00	0	0	0	0	0	0
1428596936759656524	CPU_4	0	0	0	100.00	0	0	0	0	0	0
1428596937469914869	CPU_4	0	0	0	100.00	0	0	0	0	0	0
1428596938182146044	CPU_4	0	0	0	100.00	0	0	0	0	0	0
1428596938905087205	CPU_4	0	0	0	100.00	0	0	0	0	0	0
1428596939615831966	CPU_4	0	0	0	100.00	0	0	0	0	0	0
1428596940340396917	CPU_4	0	0	0	100.00	0	0	0	0	0	0
1428596941057029795	CPU_4	0	0	0	100.00	0	0	0	0	0	0
1428596941771233967	CPU_4	0	0	0	100.00	0	0	0	0	0	0
1428596942494552337	CPU_4	0	0	0	100.00	0	0	0	0	0	0
1428596943208278302	CPU_4	0	0	0	100.00	0	0	0	0	0	0
1428596943931473796	CPU_4	0	0	0	100.00	0	0	0	0	0	0
1428596944647022717	CPU_4	0	0	0	100.00	0	0	0	0	0	0
1428596945358197518	CPU_4	0	0	0	100.00	0	0	0	0	0	0
1428596946082176095	CPU_4	0	0	0	100.00	0	0	0	0	0	0
1428596946796446518	CPU_4	0	0	0	100.00	0	0	0	0	0	0
1428596947519412346	CPU_4	0	0	0	100.00	0	0	0	0	0	0
1428596948234239267	CPU_4	0	0	0	100.00	0	0	0	0	0	0
1428596948948158399	CPU_4	0	0	0	100.00	0	0	0	0	0	0
1428596949671979767	CPU_4	0	0	0	100.00	0	0	0	0	0	0
1428596950385905440	CPU_4	0	0	0	100.00	0	0	0	0	0	0
1428596951108512727	CPU_4	0	0	0	100.00	0	0	0	0	0	0
1428596951823010441	CPU_4	0	0	0	100.00	0	0	0	0	0	0
1428596952535328574	CPU_4	0	0	0	100.00	0	0	0	0	0	0
1428596953259776858	CPU_4	0	0	0	100.00	0	0	0	0	0	0
1428596953971956242	CPU_4	0	0	0	100.00	0	0	0	0	0	0
1428596954696738484	CPU_4	0	0	0	100.00	0	0	0	0	0	0
1428596955406667120	CPU_4	0	0	0	100.00	0	0	0	0	0	0
1428596956120635085	CPU_4	0	0	0	100.00	0	0	0	0	0	0
1428596956843930537	CPU_4	0	0	0	100.00	0	0	0	0	0	0
1428596957554881089	CPU_4	0	0	0	100.00	0	0	0	0	0	0
1428596958280046039	CPU_4	0	0	0	100.00	0	0	0	0	0	0
1428596958998450290	CPU_4	0	0	0	100.00	0	0	0	0	0	0
1428596959712269213	CPU_4	0	0	0	100.00	0	0	0	0	0	0
1428596960435105124	CPU_4	0	0	0	100.00	0	0	0	0	0	0
1428596961148153215	CPU_4	0	0	0	100.00	0	0	0	0	0	0
1428596961868290629	CPU_4	0	0	0	100.00	0	0	0	0	0	0
1428596962586654713	CPU_4	0	0	0	100.00	0	0	0	0	0	0
1428596963298928721	CPU_4	0	0	0	100.00	0	0	0	0	0	0
1428596964021239008	CPU_4	0	0	0	100.00	0	0	0	0	0	0
1428596964735249223	CPU_4	0	0	0	100.00	0	0	0	0	0	0
1428596965445204775	CPU_4	0	0	0	100.00	0	0	0	0	0	0
1428596966166691605	CPU_4	0	0	0	100.00	0	0	0	0	0	0
1428596966879833487	CPU_4	0	0	0	100.00	0	0	0	0	0	0
1428596967607320059	CPU_4	0	0	0	100.00	0	0	0	0	0	0
1428596968321794190	CPU_4	0	0	0	100.00	0	0	0	0	0	0
1428596969035923362	CPU_4	0	0	0	100.00	0	0	0	0	0	0
1428596969757608233	CPU_4	0	0	0	100.00	0	0	0	0	0	0
1428596970470528907	CPU_4	0	0	0	100.00	0	0	0	0	0	0
1428596971191954195	CPU_4	0	0	0	100.00	0	0	0	0	0	0
1428596971906414784	CPU_4	0	0	0	100.00	0	0	0	0	0	0
1428596972619782957	CPU_4	0	0	0	100.00	0	0	0	0	0	0
1428596973345246990	CPU_4	0	0	0	100.00	0	0	0	0	0	0
1428596974065472738	CPU_4	0	0	0	100.00	0	0	0	0	0	0
1428596974789554690	CPU_4	0	0	0	100.00	0	0	0	0	0	0
1428596975501211782	CPU_4	0	0	0	100.00	0	0	0	0	0	0
1428596976216165911	CPU_4	0	0	0	100.00	0	0	0	0	0	0
1428596976936579992	CPU_4	0	0	0	100.00	0	0	0	0	0	0
1428596977648885834	CPU_4	0	0	0	100.00	0	0	0	0	0	0
1428596978370610830	CPU_4	0	0	0	100.00	0	0	0	0	0	0
1428596979087596540	CPU_4	0	0	0	100.00	0	0	0	0	0	0
1428596979801110630	CPU_4	0	0	0	100.00	0	0	0	0	0	0
1428596980525368081	CPU_4	0	0	0	100.00	0	0	0	0	0	0
1428596981235915091	CPU_4	0	0	0	100.00	0	0	0	0	0	0
1428596981961120874	CPU_4	0	0	0	100.00	0	0	0	0	0	0
1428596982673994923	CPU_4	0	0	0	100.00	0	0	0	0	0	0
1428596983387285680	CPU_4	0	0	0	100.00	0	0	0	0	0	0
1428596984113200129	CPU_4	0	0	0	100.00	0	0	0	0	0	0
1428596984828751008	CPU_4	0	0	0	100.00	0	0	0	0	0	0
1428596985553133750	CPU_4	0	0	0	100.00	0	0	0	0	0	0
1428596986266457674	CPU_4	0	0	0	100.00	0	0	0	0	0	0
1428596986979523305	CPU_4	0	0	0	100.00	0	0	0	0	0	0
1428596987704849005	CPU_4	0	0	0	100.00	0	0	0	0	0	0
1428596988419131844	CPU_4	0	0	0	100.00	0	0	0	0	0	0
1428596989146000458	CPU_4	0	0	0	100.00	0	0	0	0	0	0
1428596989861324546	CPU_4	0	0	0	100.00	0	0	0	0	0	0
1428596990576410633	CPU_4	0	0	0	100.00	0	0	0	0	0	0
1428596991300766334	CPU_4	0	0	0	100.00	0	0	0	0	0	0
1428596992014951589	CPU_4	0	0	0	100.00	0	0	0	0	0	0
1428596992738545833	CPU_4	0	0	0	100.00	0	0	0	0	0	0
1428596993456145501	CPU_4	0	0	0	100.00	0	0	0	0	0	0
1428596994167806218	CPU_4	0	0	0	100.00	0	0	0	0	0	0
1428596994893822000	CPU_4	0	0	0	100.00	0	0	0	0	0	0
1428596995607810880	CPU_4	0	0	0	100.00	0	0	0	0	0	0
1428596996332800164	CPU_4	0	0	0	100.00	0	0	0	0	0	0
1428596997047915751	CPU_4	0	0	0	100.00	0	0	0	0	0	0
1428596997764647920	CPU_4	0	0	0	100.00	0	0	0	0	0	0
1428596998491588451	CPU_4	0	0	0	100.00	0	0	0	0	0	0
1428596999204382916	CPU_4	0	0	0	100.00	0	0	0	0	0	0
1428596999933356528	CPU_4	0	0	0	100.00	0	0	0	0	0	0
1428597000648484782	CPU_4	0	0	0	100.00	0	0	0	0	0	0
1428597001365632117	CPU_4	0	0	0	100.00	0	0	0	0	0	0
1428597002090495942	CPU_4	0	0	0	100.00	0	0	0	0	0	0
1428597002806263779	CPU_4	0	0	0	100.00	0	0	0	0	0	0
1428597003531210729	CPU_4	0	0	0	100.00	0	0	0	0	0	0
1428597004245676359	CPU_4	0	0	0	100.00	0	0	0	0	0	0
1428597004965282191	CPU_4	0	0	0	100.00	0	0	0	0	0	0
1428597005690703765	CPU_4	0	0	0	100.00	0	0	0	0	0	0
1428597006408359974	CPU_4	0	0	0	100.00	0	0	0	0	0	0
1428597007131440135	CPU_4	0	0	0	100.00	0	0	0	0	0	0
1428597007849811343	CPU_4	0	0	0	100.00	0	0	0	0	0	0
1428597008572705504	CPU_4	0	0	0	100.00	0	0	0	0	0	0
1428597009295919164	CPU_4	0	0	0	100.00	0	0	0	0	0	0
1428597010012793583	CPU_4	0	0	0	100.00	0	0	0	0	0	0
1428597010740506238	CPU_4	0	0	0	100.00	0	0	0	0	0	0
1428597011456461866	CPU_4	0	0	0	100.00	0	0	0	0	0	0
1428597012190477721	CPU_4	0	0	0	100.00	0	0	0	0	0	0
1428597012905499725	CPU_4	0	0	0	100.00	0	0	0	0	0	0
1428597013622517226	CPU_4	0	0	0	100.00	0	0	0	0	0	0
1428597014348984174	CPU_4	0	0	0	100.00	0	0	0	0	0	0
1428597015063326471	CPU_4	0	0	0	100.00	0	0	0	0	0	0
1428597015797103868	CPU_4	0	0	0	100.00	0	0	0	0	0	0
1428597016516618950	CPU_4	0	0	0	100.00	0	0	0	0	0	0
1428597017231792995	CPU_4	0	0	0	100.00	0	0	0	0	0	0
1428597017957009903	CPU_4	0	0	0	100.00	0	0	0	0	0	0
1428597018673128698	CPU_4	0	0	0	100.00	0	0	0	0	0	0
1428597019403022308	CPU_4	0	0	0	100.00	0	0	0	0	0	0
1428597020119197102	CPU_4	0	0	0	100.00	0	0	0	0	0	0
1428597020833561524	CPU_4	0	0	0	100.00	0	0	0	0	0	0
1428597021559573305	CPU_4	0	0	0	100.00	0	0	0	0	0	0
1428597022275182225	CPU_4	0	0	0	100.00	0	0	0	0	0	0
1428597022991655061	CPU_4	0	0	0	100.00	0	0	0	0	0	0
1428597023726571206	CPU_4	0	0	0	100.00	0	0	0	0	0	0
1428597024455222318	CPU_4	0	0	0	100.00	0	0	0	0	0	0
1428597025238401693	CPU_4	0	0	0	100.00	0	0	0	0	0	0
1428597025954292988	CPU_4	0	0	0	100.00	0	0	0	0	0	0
1428597026679070688	CPU_4	0	0	0	100.00	0	0	0	0	0	0
1428597027395673023	CPU_4	0	0	0	100.00	0	0	0	0	0	0
1428597028111805568	CPU_4	0	0	0	100.00	0	0	0	0	0	0
1428597028838019641	CPU_4	0	0	0	100.00	0	0	0	0	0	0
1428597029551741855	CPU_4	0	0	0	100.00	0	0	0	0	0	0
1428597030277283470	CPU_4	0	0	0	100.00	0	0	0	0	0	0
1428597030998736300	CPU_4	0	0	0	100.00	0	0	0	0	0	0
1428597031716085634	CPU_4	0	0	0	100.00	0	0	0	0	0	0
1428597032441970916	CPU_4	0	0	0	100.00	0	0	0	0	0	0
1428597033155923296	CPU_4	0	0	0	100.00	0	0	0	0	0	0
1428597033883813617	CPU_4	0	0	0	100.00	0	0	0	0	0	0
1428597034599415995	CPU_4	0	0	0	100.00	0	0	0	0	0	0
1428597035322179656	CPU_4	0	0	0	100.00	0	0	0	0	0	0
1428597036046383482	CPU_4	0	0	0	100.00	0	0	0	0	0	0
1428597036767852894	CPU_4	0	0	0	100.00	0	0	0	0	0	0
1428597037491507137	CPU_4	0	0	0	100.00	0	0	0	0	0	0
1428597038206617099	CPU_4	0	0	0	100.00	0	0	0	0	0	0
1428597038938387248	CPU_4	0	0	0	100.00	0	0	0	0	0	0
1428597039654322043	CPU_4	0	0	0	100.00	0	0	0	0	0	0
1428597040368774797	CPU_4	0	0	0	100.00	0	0	0	0	0	0
1428597041095268703	CPU_4	0	0	0	100.00	0	0	0	0	0	0
1428597041810893415	CPU_4	0	0	0	100.00	0	0	0	0	0	0
1428597042544105354	CPU_4	0	0	0	100.00	0	0	0	0	0	0
1428597043257345193	CPU_4	0	0	0	100.00	0	0	0	0	0	0
1428597043974173403	CPU_4	0	0	0	100.00	0	0	0	0	0	0
1428597044700362893	CPU_4	0	0	0	100.00	0	0	0	0	0	0
1428597045416258979	CPU_4	0	0	0	100.00	0	0	0	0	0	0
1428597046144596924	CPU_4	0	0	0	100.00	0	0	0	0	0	0
1428597046862140883	CPU_4	0	0	0	100.00	0	0	0	0	0	0
1428597047577635845	CPU_4	0	0	0	100.00	0	0	0	0	0	0
1428597048302292086	CPU_4	0	0	0	100.00	0	0	0	0	0	0
1428597049018583255	CPU_4	0	0	0	100.00	0	0	0	0	0	0
1428597049745285411	CPU_4	0	0	0	100.00	0	0	0	0	0	0
1428597050462160496	CPU_4	0	0	0	100.00	0	0	0	0	0	0
1428597051175916709	CPU_4	0	0	0	100.00	0	0	0	0	0	0
1428597051905933444	CPU_4	0	0	0	100.00	0	0	0	0	0	0
1428597052624484277	CPU_4	0	0	0	100.00	0	0	0	0	0	0
1428597053353736012	CPU_4	0	0	0	100.00	0	0	0	0	0	0
1428597054069709348	CPU_4	0	0	0	100.00	0	0	0	0	0	0
1428597054785902934	CPU_4	0	0	0	100.00	0	0	0	0	0	0
1428597055512374298	CPU_4	0	0	0	100.00	0	0	0	0	0	0
1428597056227009011	CPU_4	0	0	1.38	98.61	0	0	0	0	0	0
