#Timestamp	CPU_ID	user%	nice%	sys%	idle%	iowait%	irq%	softiq%	steal%	guest%	guest_nice%
1428575977517068472	CPU_4	40.32	0	32.25	27.41	0	0	0	0	0	0
1428575978250157630	CPU_4	0	0	0	100.00	0	0	0	0	0	0
1428575978999443138	CPU_4	0	0	0	100.00	0	0	0	0	0	0
1428575979736798290	CPU_4	0	0	0	100.00	0	0	0	0	0	0
1428575980482691262	CPU_4	0	0	0	100.00	0	0	0	0	0	0
1428575981219408164	CPU_4	0	0	0	100.00	0	0	0	0	0	0
1428575981956612483	CPU_4	0	0	0	100.00	0	0	0	0	0	0
1428575982706348782	CPU_4	0	0	0	100.00	0	0	0	0	0	0
1428575983444528807	CPU_4	0	0	0	100.00	0	0	0	0	0	0
1428575984196112270	CPU_4	0	0	0	100.00	0	0	0	0	0	0
1428575984931262217	CPU_4	0	0	0	100.00	0	0	0	0	0	0
1428575985690364960	CPU_4	6.66	0	13.33	80.00	0	0	0	0	0	0
1428575986428209444	CPU_4	0	0	0	100.00	0	0	0	0	0	0
1428575987178911950	CPU_4	0	0	0	100.00	0	0	0	0	0	0
1428575987918035265	CPU_4	0	0	0	100.00	0	0	0	0	0	0
1428575988657431372	CPU_4	0	0	0	100.00	0	0	0	0	0	0
1428575989409462459	CPU_4	0	0	0	100.00	0	0	0	0	0	0
1428575990148310733	CPU_4	0	0	0	100.00	0	0	0	0	0	0
1428575990900754153	CPU_4	0	0	0	100.00	0	0	0	0	0	0
1428575991650032120	CPU_4	0	0	0	100.00	0	0	0	0	0	0
1428575992402839080	CPU_4	0	0	0	100.00	0	0	0	0	0	0
1428575993151358423	CPU_4	0	0	0	100.00	0	0	0	0	0	0
1428575993904613883	CPU_4	0	0	0	100.00	0	0	0	0	0	0
1428575994646980443	CPU_4	0	0	0	100.00	0	0	0	0	0	0
1428575995384291095	CPU_4	0	0	0	100.00	0	0	0	0	0	0
1428575996132383313	CPU_4	0	0	1.33	98.66	0	0	0	0	0	0
1428575996872571168	CPU_4	0	0	0	100.00	0	0	0	0	0	0
1428575997621527510	CPU_4	0	0	0	100.00	0	0	0	0	0	0
1428575998360191909	CPU_4	0	0	0	100.00	0	0	0	0	0	0
1428575999110131166	CPU_4	0	0	0	100.00	0	0	0	0	0	0
1428575999847825650	CPU_4	0	0	0	100.00	0	0	0	0	0	0
1428576000606900601	CPU_4	0	0	0	100.00	0	0	0	0	0	0
1428576001348380163	CPU_4	0	0	0	100.00	0	0	0	0	0	0
1428576002087151645	CPU_4	0	0	0	100.00	0	0	0	0	0	0
1428576002837957359	CPU_4	0	0	0	100.00	0	0	0	0	0	0
1428576003577148715	CPU_4	0	0	0	100.00	0	0	0	0	0	0
1428576004329062136	CPU_4	0	0	0	100.00	0	0	0	0	0	0
1428576005068162701	CPU_4	0	0	0	100.00	0	0	0	0	0	0
1428576005818549373	CPU_4	0	0	0	100.00	0	0	0	0	0	0
1428576006560306059	CPU_4	0	0	0	100.00	0	0	0	0	0	0
1428576007321952173	CPU_4	0	0	0	100.00	0	0	0	0	0	0
1428576008062770694	CPU_4	0	0	0	100.00	0	0	0	0	0	0
1428576008803427506	CPU_4	0	0	0	100.00	0	0	0	0	0	0
1428576009554815386	CPU_4	0	0	0	100.00	0	0	0	0	0	0
1428576010295096115	CPU_4	0	0	0	100.00	0	0	0	0	0	0
1428576011047165202	CPU_4	0	0	0	100.00	0	0	0	0	0	0
1428576011789222054	CPU_4	0	0	0	100.00	0	0	0	0	0	0
1428576012544677802	CPU_4	0	0	0	100.00	0	0	0	0	0	0
1428576013287643736	CPU_4	0	0	0	100.00	0	0	0	0	0	0
1428576014041925152	CPU_4	0	0	0	100.00	0	0	0	0	0	0
1428576014784460087	CPU_4	0	0	0	100.00	0	0	0	0	0	0
1428576015524847233	CPU_4	0	0	0	100.00	0	0	0	0	0	0
1428576016280015148	CPU_4	0	0	0	100.00	0	0	0	0	0	0
1428576017018309839	CPU_4	0	0	0	100.00	0	0	0	0	0	0
1428576017776110042	CPU_4	0	0	0	100.00	0	0	0	0	0	0
1428576018517006521	CPU_4	0	0	0	100.00	0	0	0	0	0	0
1428576019271592186	CPU_4	0	0	0	100.00	0	0	0	0	0	0
1428576020012145207	CPU_4	0	0	0	100.00	0	0	0	0	0	0
1428576020768545912	CPU_4	0	0	0	100.00	0	0	0	0	0	0
1428576021509901223	CPU_4	0	0	0	100.00	0	0	0	0	0	0
1428576022254384946	CPU_4	0	0	0	100.00	0	0	0	0	0	0
1428576023010057152	CPU_4	0	0	0	100.00	0	0	0	0	0	0
1428576023769421227	CPU_4	0	0	0	100.00	0	0	0	0	0	0
1428576024566215036	CPU_4	0	0	0	100.00	0	0	0	0	0	0
1428576025312446381	CPU_4	3.89	0	0	96.10	0	0	0	0	0	0
1428576026065747174	CPU_4	0	0	0	100.00	0	0	0	0	0	0
1428576026811075104	CPU_4	0	0	0	100.00	0	0	0	0	0	0
1428576027563832731	CPU_4	0	0	0	100.00	0	0	0	0	0	0
1428576028312240156	CPU_4	0	0	0	100.00	0	0	0	0	0	0
1428576029066622655	CPU_4	0	0	0	100.00	0	0	0	0	0	0
1428576029847833988	CPU_4	0	0	0	100.00	0	0	0	0	0	0
1428576030599693366	CPU_4	0	0	0	100.00	0	0	0	0	0	0
1428576031343411465	CPU_4	0	0	0	100.00	0	0	0	0	0	0
1428576032090277643	CPU_4	0	0	0	100.00	0	0	0	0	0	0
1428576032839456733	CPU_4	0	0	0	100.00	0	0	0	0	0	0
1428576033580497503	CPU_4	0	0	0	100.00	0	0	0	0	0	0
1428576034339106579	CPU_4	0	0	0	100.00	0	0	0	0	0	0
1428576035078498393	CPU_4	0	0	0	100.00	0	0	0	0	0	0
1428576035833811182	CPU_4	0	0	0	100.00	0	0	0	0	0	0
1428576036574924660	CPU_4	0	0	0	100.00	0	0	0	0	0	0
1428576037330488491	CPU_4	0	0	0	100.00	0	0	0	0	0	0
1428576038071457344	CPU_4	0	0	0	100.00	0	0	0	0	0	0
1428576038837660158	CPU_4	0	0	0	100.00	0	0	0	0	0	0
1428576039576356640	CPU_4	0	0	0	100.00	0	0	0	0	0	0
1428576040321145362	CPU_4	0	0	0	100.00	0	0	0	0	0	0
1428576041072980073	CPU_4	0	0	0	100.00	0	0	0	0	0	0
1428576041815933965	CPU_4	0	0	0	100.00	0	0	0	0	0	0
1428576042569801090	CPU_4	0	0	0	100.00	0	0	0	0	0	0
1428576043319455971	CPU_4	0	0	0	100.00	0	0	0	0	0	0
1428576044070812808	CPU_4	0	0	0	100.00	0	0	0	0	0	0
1428576044815538905	CPU_4	0	0	0	100.00	0	0	0	0	0	0
1428576045567847991	CPU_4	0	0	0	100.00	0	0	0	0	0	0
1428576046312468463	CPU_4	0	0	0	100.00	0	0	0	0	0	0
1428576047054248731	CPU_4	0	0	0	100.00	0	0	0	0	0	0
1428576047810664435	CPU_4	0	0	0	100.00	0	0	0	0	0	0
1428576048549741375	CPU_4	0	0	0	100.00	0	0	0	0	0	0
1428576049307183660	CPU_4	0	0	0	100.00	0	0	0	0	0	0
1428576050047836389	CPU_4	0	0	0	100.00	0	0	0	0	0	0
1428576050807667546	CPU_4	0	0	0	100.00	0	0	0	0	0	0
1428576051549128065	CPU_4	0	0	0	100.00	0	0	0	0	0	0
1428576052306108893	CPU_4	0	0	0	100.00	0	0	0	0	0	0
1428576053044736957	CPU_4	0	0	0	100.00	0	0	0	0	0	0
1428576053797968041	CPU_4	0	0	0	100.00	0	0	0	0	0	0
1428576054544196594	CPU_4	0	0	0	100.00	0	0	0	0	0	0
1428576055289454565	CPU_4	0	0	0	100.00	0	0	0	0	0	0
1428576056043177440	CPU_4	0	0	0	100.00	0	0	0	0	0	0
1428576056790631283	CPU_4	0	0	0	100.00	0	0	0	0	0	0
1428576057545879364	CPU_4	0	0	0	100.00	0	0	0	0	0	0
1428576058290049711	CPU_4	0	0	0	100.00	0	0	0	0	0	0
1428576059042537588	CPU_4	0	0	0	100.00	0	0	0	0	0	0
1428576059788200392	CPU_4	0	0	0	100.00	0	0	0	0	0	0
1428576060545313594	CPU_4	0	0	0	100.00	0	0	0	0	0	0
1428576061291367606	CPU_4	0	0	0	100.00	0	0	0	0	0	0
1428576062035191496	CPU_4	0	0	0	100.00	0	0	0	0	0	0
1428576062791641866	CPU_4	0	0	0	100.00	0	0	0	0	0	0
1428576063533739717	CPU_4	0	0	0	100.00	0	0	0	0	0	0
1428576064292335375	CPU_4	0	0	0	100.00	0	0	0	0	0	0
1428576065034625809	CPU_4	0	0	0	100.00	0	0	0	0	0	0
1428576065792138386	CPU_4	0	0	0	100.00	0	0	0	0	0	0
1428576066536051776	CPU_4	0	0	0	100.00	0	0	0	0	0	0
1428576067291904689	CPU_4	0	0	0	100.00	0	0	0	0	0	0
1428576068035241079	CPU_4	0	0	0	100.00	0	0	0	0	0	0
1428576068792067324	CPU_4	0	0	0	100.00	0	0	0	0	0	0
1428576069539475375	CPU_4	0	0	0	100.00	0	0	0	0	0	0
1428576070289033964	CPU_4	0	0	0	100.00	0	0	0	0	0	0
1428576071043599795	CPU_4	0	0	0	100.00	0	0	0	0	0	0
1428576071809730942	CPU_4	0	0	0	100.00	0	0	0	0	0	0
1428576072570079056	CPU_4	0	0	0	100.00	0	0	0	0	0	0
1428576073389594287	CPU_4	0	0	0	100.00	0	0	0	0	0	0
1428576074141609247	CPU_4	0	0	0	100.00	0	0	0	0	0	0
1428576074892217876	CPU_4	0	0	0	100.00	0	0	0	0	0	0
1428576075650966076	CPU_4	0	0	0	100.00	0	0	0	0	0	0
1428576076396490421	CPU_4	0	0	0	100.00	0	0	0	0	0	0
1428576077150524004	CPU_4	0	0	0	100.00	0	0	0	0	0	0
1428576077895383725	CPU_4	0	0	0	100.00	0	0	0	0	0	0
1428576078673337020	CPU_4	0	0	0	100.00	0	0	0	0	0	0
1428576079427435393	CPU_4	0	0	0	100.00	0	0	0	0	0	0
1428576080310759483	CPU_4	6.97	0	1.16	91.86	0	0	0	0	0	0
1428576081055609746	CPU_4	0	0	0	100.00	0	0	0	0	0	0
1428576081812486949	CPU_4	0	0	0	100.00	0	0	0	0	0	0
1428576082557966211	CPU_4	0	0	0	100.00	0	0	0	0	0	0
1428576083312536709	CPU_4	0	0	0	100.00	0	0	0	0	0	0
1428576084057137222	CPU_4	0	0	0	100.00	0	0	0	0	0	0
1428576084802616900	CPU_4	0	0	0	100.00	0	0	0	0	0	0
1428576085558765312	CPU_4	0	0	0	100.00	0	0	0	0	0	0
1428576086302438494	CPU_4	0	0	0	100.00	0	0	0	0	0	0
1428576087057003241	CPU_4	0	0	0	100.00	0	0	0	0	0	0
1428576087805269249	CPU_4	0	0	0	100.00	0	0	0	0	0	0
1428576088562838117	CPU_4	0	0	0	100.00	0	0	0	0	0	0
1428576089306374798	CPU_4	0	0	0	100.00	0	0	0	0	0	0
1428576090063798958	CPU_4	0	0	0	100.00	0	0	0	0	0	0
1428576090809956427	CPU_4	0	0	0	100.00	0	0	0	0	0	0
1428576091571954330	CPU_4	0	0	0	100.00	0	0	0	0	0	0
1428576092315376011	CPU_4	0	0	0	100.00	0	0	0	0	0	0
1428576093059048859	CPU_4	0	0	0	100.00	0	0	0	0	0	0
1428576093818958307	CPU_4	0	0	0	100.00	0	0	0	0	0	0
1428576094564506402	CPU_4	0	0	0	100.00	0	0	0	0	0	0
1428576095319949981	CPU_4	0	0	0	100.00	0	0	0	0	0	0
1428576096064428161	CPU_4	0	0	0	100.00	0	0	0	0	0	0
1428576096820012157	CPU_4	0	0	0	100.00	0	0	0	0	0	0
1428576097564647503	CPU_4	0	0	0	100.00	0	0	0	0	0	0
1428576098322895661	CPU_4	0	0	0	100.00	0	0	0	0	0	0
1428576099068047215	CPU_4	0	0	0	100.00	0	0	0	0	0	0
1428576099836526524	CPU_4	0	0	0	100.00	0	0	0	0	0	0
1428576100582125994	CPU_4	0	0	0	100.00	0	0	0	0	0	0
1428576101323782636	CPU_4	0	0	0	100.00	0	0	0	0	0	0
1428576102083939650	CPU_4	0	0	0	100.00	0	0	0	0	0	0
1428576102829633842	CPU_4	0	0	0	100.00	0	0	0	0	0	0
1428576103587207058	CPU_4	0	0	0	100.00	0	0	0	0	0	0
1428576104332743124	CPU_4	0	0	0	100.00	0	0	0	0	0	0
1428576105091201381	CPU_4	0	0	0	100.00	0	0	0	0	0	0
1428576105840225067	CPU_4	0	0	0	100.00	0	0	0	0	0	0
1428576106597010909	CPU_4	0	0	0	100.00	0	0	0	0	0	0
1428576107344116140	CPU_4	0	0	0	100.00	0	0	0	0	0	0
1428576108111871341	CPU_4	0	0	0	100.00	0	0	0	0	0	0
1428576108858185448	CPU_4	0	0	0	100.00	0	0	0	0	0	0
1428576109605133513	CPU_4	0	0	0	100.00	0	0	0	0	0	0
1428576110363354477	CPU_4	0	0	0	100.00	0	0	0	0	0	0
1428576111111455082	CPU_4	0	0	0	100.00	0	0	0	0	0	0
1428576111869455755	CPU_4	0	0	0	100.00	0	0	0	0	0	0
1428576112616504569	CPU_4	0	0	0	100.00	0	0	0	0	0	0
1428576113378184863	CPU_4	0	0	0	100.00	0	0	0	0	0	0
1428576114123932887	CPU_4	0	0	0	100.00	0	0	0	0	0	0
1428576114883953432	CPU_4	0	0	0	100.00	0	0	0	0	0	0
1428576115631031621	CPU_4	0	0	0	100.00	0	0	0	0	0	0
1428576116391895749	CPU_4	0	0	0	100.00	0	0	0	0	0	0
1428576117135810526	CPU_4	0	0	0	100.00	0	0	0	0	0	0
1428576117883926880	CPU_4	0	0	0	100.00	0	0	0	0	0	0
1428576118643030385	CPU_4	0	0	0	100.00	0	0	0	0	0	0
1428576119389429325	CPU_4	0	0	0	100.00	0	0	0	0	0	0
1428576120146815332	CPU_4	0	0	0	100.00	0	0	0	0	0	0
1428576120893026064	CPU_4	0	0	0	100.00	0	0	0	0	0	0
1428576121657753019	CPU_4	0	0	0	100.00	0	0	0	0	0	0
1428576122402441961	CPU_4	0	0	0	100.00	0	0	0	0	0	0
1428576123160412551	CPU_4	0	0	0	100.00	0	0	0	0	0	0
1428576123907888073	CPU_4	0	0	1.33	98.66	0	0	0	0	0	0
1428576124666071579	CPU_4	0	0	0	100.00	0	0	0	0	0	0
1428576125410506396	CPU_4	0	0	0	100.00	0	0	0	0	0	0
1428576126161427413	CPU_4	0	0	0	100.00	0	0	0	0	0	0
1428576126915736299	CPU_4	0	0	0	100.00	0	0	0	0	0	0
1428576127662512238	CPU_4	0	0	0	100.00	0	0	0	0	0	0
1428576128424097156	CPU_4	0	0	0	100.00	0	0	0	0	0	0
1428576129169885763	CPU_4	0	0	0	100.00	0	0	0	0	0	0
1428576129928507727	CPU_4	0	0	0	100.00	0	0	0	0	0	0
1428576130675777582	CPU_4	0	0	0	100.00	0	0	0	0	0	0
1428576131435417878	CPU_4	0	0	0	100.00	0	0	0	0	0	0
1428576132178323447	CPU_4	0	0	0	100.00	0	0	0	0	0	0
1428576132936424578	CPU_4	0	0	0	100.00	0	0	0	0	0	0
1428576133683210058	CPU_4	0	0	0	100.00	0	0	0	0	0	0
1428576134438063319	CPU_4	0	0	0	98.66	0	1.33	0	0	0	0
1428576135189428501	CPU_4	0	0	0	100.00	0	0	0	0	0	0
1428576135936421815	CPU_4	0	0	0	100.00	0	0	0	0	0	0
1428576136693199489	CPU_4	0	0	0	100.00	0	0	0	0	0	0
1428576137439388887	CPU_4	0	0	0	100.00	0	0	0	0	0	0
1428576138196570644	CPU_4	0	0	0	100.00	0	0	0	0	0	0
1428576138942881000	CPU_4	0	0	0	100.00	0	0	0	0	0	0
1428576139701037548	CPU_4	0	0	0	100.00	0	0	0	0	0	0
1428576140446819238	CPU_4	0	0	0	98.66	0	1.33	0	0	0	0
1428576141204442328	CPU_4	0	0	0	100.00	0	0	0	0	0	0
1428576141949222478	CPU_4	0	0	0	100.00	0	0	0	0	0	0
1428576142703224781	CPU_4	0	0	0	100.00	0	0	0	0	0	0
1428576143457852375	CPU_4	0	0	0	100.00	0	0	0	0	0	0
1428576144211043179	CPU_4	0	0	0	100.00	0	0	0	0	0	0
1428576144977870339	CPU_4	0	0	0	100.00	0	0	0	0	0	0
1428576145725263985	CPU_4	0	0	0	100.00	0	0	0	0	0	0
1428576146485487696	CPU_4	0	0	0	98.70	0	1.29	0	0	0	0
1428576147230660137	CPU_4	0	0	0	100.00	0	0	0	0	0	0
1428576147993587136	CPU_4	0	0	0	100.00	0	0	0	0	0	0
1428576148738564327	CPU_4	0	0	0	100.00	0	0	0	0	0	0
1428576149501342576	CPU_4	0	0	0	100.00	0	0	0	0	0	0
1428576150247369265	CPU_4	0	0	0	100.00	0	0	0	0	0	0
1428576151006878894	CPU_4	0	0	0	100.00	0	0	0	0	0	0
1428576151756278245	CPU_4	0	0	0	100.00	0	0	0	0	0	0
1428576152500675478	CPU_4	0	0	0	48.36	0	51.63	0	0	0	0
1428576153259092150	CPU_4	0	0	0	100.00	0	0	0	0	0	0
1428576154006464295	CPU_4	0	0	0	100.00	0	0	0	0	0	0
1428576154769397836	CPU_4	0	0	0	100.00	0	0	0	0	0	0
1428576155515657066	CPU_4	0	0	0	100.00	0	0	0	0	0	0
1428576156275316361	CPU_4	0	0	0	100.00	0	0	0	0	0	0
1428576157025079670	CPU_4	0	0	0	100.00	0	0	0	0	0	0
1428576157782931426	CPU_4	0	0	0	100.00	0	0	0	0	0	0
1428576158531151445	CPU_4	0	0	0	100.00	0	0	0	0	0	0
1428576159290321824	CPU_4	0	0	0	100.00	0	0	0	0	0	0
1428576160037693261	CPU_4	0	0	0	100.00	0	0	0	0	0	0
1428576160786923154	CPU_4	0	0	0	100.00	0	0	0	0	0	0
1428576161542632163	CPU_4	0	0	0	100.00	0	0	0	0	0	0
1428576162288536143	CPU_4	0	0	0	100.00	0	0	0	0	0	0
1428576163048323230	CPU_4	0	0	0	100.00	0	0	0	0	0	0
1428576163797604664	CPU_4	0	0	0	100.00	0	0	0	0	0	0
1428576164557206500	CPU_4	0	0	0	100.00	0	0	0	0	0	0
1428576165305453936	CPU_4	0	0	0	100.00	0	0	0	0	0	0
1428576166067250436	CPU_4	0	0	0	100.00	0	0	0	0	0	0
1428576166815499580	CPU_4	0	0	0	100.00	0	0	0	0	0	0
1428576167578017287	CPU_4	0	0	0	100.00	0	0	0	0	0	0
1428576168322764561	CPU_4	0	0	0	100.00	0	0	0	0	0	0
1428576169087674348	CPU_4	0	0	0	100.00	0	0	0	0	0	0
1428576169836786741	CPU_4	0	0	0	100.00	0	0	0	0	0	0
1428576170585607092	CPU_4	0	0	0	100.00	0	0	0	0	0	0
1428576171345214804	CPU_4	0	0	0	100.00	0	0	0	0	0	0
1428576172095950736	CPU_4	0	0	0	100.00	0	0	0	0	0	0
1428576172859301525	CPU_4	0	0	0	100.00	0	0	0	0	0	0
1428576173607282461	CPU_4	0	0	0	100.00	0	0	0	0	0	0
1428576174367871129	CPU_4	0	0	0	100.00	0	0	0	0	0	0
1428576175116389105	CPU_4	0	0	0	100.00	0	0	0	0	0	0
1428576175878399896	CPU_4	0	0	0	100.00	0	0	0	0	0	0
1428576176626727832	CPU_4	0	0	0	100.00	0	0	0	0	0	0
1428576177386965875	CPU_4	0	0	0	100.00	0	0	0	0	0	0
1428576178139867929	CPU_4	0	0	0	100.00	0	0	0	0	0	0
1428576178903810842	CPU_4	0	0	0	100.00	0	0	0	0	0	0
1428576179652966276	CPU_4	0	0	0	100.00	0	0	0	0	0	0
1428576180401600461	CPU_4	0	0	0	100.00	0	0	0	0	0	0
1428576181162529837	CPU_4	0	0	0	100.00	0	0	0	0	0	0
1428576181911303063	CPU_4	0	0	0	100.00	0	0	0	0	0	0
1428576182673967519	CPU_4	0	0	0	100.00	0	0	0	0	0	0
1428576183422928203	CPU_4	0	0	0	100.00	0	0	0	0	0	0
1428576184186264201	CPU_4	0	0	0	100.00	0	0	0	0	0	0
1428576184934341928	CPU_4	0	0	0	100.00	0	0	0	0	0	0
1428576185695654719	CPU_4	0	0	0	100.00	0	0	0	0	0	0
1428576186442827864	CPU_4	0	0	0	100.00	0	0	0	0	0	0
1428576187203919490	CPU_4	0	0	0	100.00	0	0	0	0	0	0
1428576187952487966	CPU_4	0	0	0	100.00	0	0	0	0	0	0
1428576188708144099	CPU_4	0	0	0	100.00	0	0	0	0	0	0
1428576189460104487	CPU_4	0	0	0	100.00	0	0	0	0	0	0
1428576190209429837	CPU_4	0	0	0	100.00	0	0	0	0	0	0
1428576190970264504	CPU_4	0	0	0	100.00	0	0	0	0	0	0
1428576191720057229	CPU_4	0	0	0	100.00	0	0	0	0	0	0
1428576192480531063	CPU_4	0	0	0	100.00	0	0	0	0	0	0
1428576193229441080	CPU_4	0	0	0	100.00	0	0	0	0	0	0
1428576193991482787	CPU_4	0	0	0	100.00	0	0	0	0	0	0
1428576194737936183	CPU_4	0	0	0	100.00	0	0	0	0	0	0
1428576195498943933	CPU_4	0	0	0	100.00	0	0	0	0	0	0
1428576196246564869	CPU_4	0	0	0	100.00	0	0	0	0	0	0
1428576197012664279	CPU_4	0	0	0	100.00	0	0	0	0	0	0
1428576197760741714	CPU_4	0	0	0	100.00	0	0	0	0	0	0
1428576198516550888	CPU_4	0	0	0	100.00	0	0	0	0	0	0
1428576199276396514	CPU_4	0	0	0	100.00	0	0	0	0	0	0
1428576200029005610	CPU_4	0	0	0	100.00	0	0	0	0	0	0
1428576200786419406	CPU_4	0	0	0	100.00	0	0	0	0	0	0
1428576201537860753	CPU_4	0	0	0	100.00	0	0	0	0	0	0
1428576202298881711	CPU_4	0	0	0	100.00	0	0	0	0	0	0
1428576203048204728	CPU_4	0	0	0	100.00	0	0	0	0	0	0
1428576203809640102	CPU_4	0	0	0	100.00	0	0	0	0	0	0
1428576204559025744	CPU_4	0	0	0	100.00	0	0	0	0	0	0
1428576205320519076	CPU_4	0	0	0	100.00	0	0	0	0	0	0
1428576206070052842	CPU_4	0	0	0	100.00	0	0	0	0	0	0
1428576206825045517	CPU_4	0	0	0	100.00	0	0	0	0	0	0
1428576207582256772	CPU_4	0	0	0	100.00	0	0	0	0	0	0
1428576208330163541	CPU_4	0	0	0	100.00	0	0	0	0	0	0
1428576209096440741	CPU_4	0	0	0	100.00	0	0	0	0	0	0
1428576209843504386	CPU_4	0	0	0	100.00	0	0	0	0	0	0
1428576210606665257	CPU_4	0	0	0	100.00	0	0	0	0	0	0
1428576211352777945	CPU_4	0	0	0	100.00	0	0	0	0	0	0
1428576212118043438	CPU_4	0	0	0	100.00	0	0	0	0	0	0
1428576212866411122	CPU_4	0	0	0	100.00	0	0	0	0	0	0
1428576213636549776	CPU_4	0	0	0	100.00	0	0	0	0	0	0
1428576214384887793	CPU_4	0	0	0	100.00	0	0	0	0	0	0
1428576215148566622	CPU_4	0	0	0	100.00	0	0	0	0	0	0
1428576215897231848	CPU_4	0	0	0	100.00	0	0	0	0	0	0
1428576216663536631	CPU_4	0	0	0	100.00	0	0	0	0	0	0
1428576217415290977	CPU_4	0	0	0	100.00	0	0	0	0	0	0
1428576218171436025	CPU_4	0	0	0	100.00	0	0	0	0	0	0
1428576218931553943	CPU_4	0	0	0	100.00	0	0	0	0	0	0
1428576219685654202	CPU_4	0	0	0	100.00	0	0	0	0	0	0
1428576220445842369	CPU_4	0	0	0	100.00	0	0	0	0	0	0
1428576221197965631	CPU_4	0	0	0	100.00	0	0	0	0	0	0
1428576221959956046	CPU_4	0	0	0	100.00	0	0	0	0	0	0
1428576222712832473	CPU_4	0	0	0	100.00	0	0	0	0	0	0
1428576223476331135	CPU_4	0	0	0	100.00	0	0	0	0	0	0
1428576224230014854	CPU_4	0	0	0	100.00	0	0	0	0	0	0
1428576224990921728	CPU_4	0	0	0	100.00	0	0	0	0	0	0
1428576225746107027	CPU_4	0	0	0	100.00	0	0	0	0	0	0
1428576226507499401	CPU_4	0	0	0	100.00	0	0	0	0	0	0
1428576227259996954	CPU_4	0	0	0	100.00	0	0	0	0	0	0
1428576228017621749	CPU_4	0	0	0	100.00	0	0	0	0	0	0
1428576228779828080	CPU_4	0	0	0	100.00	0	0	0	0	0	0
1428576229528601430	CPU_4	0	0	0	100.00	0	0	0	0	0	0
1428576230293371340	CPU_4	0	0	0	100.00	0	0	0	0	0	0
1428576231041393483	CPU_4	0	0	0	100.00	0	0	0	0	0	0
1428576231805871310	CPU_4	0	0	0	100.00	0	0	0	0	0	0
1428576232555808158	CPU_4	0	0	0	100.00	0	0	0	0	0	0
1428576233319881153	CPU_4	0	0	0	100.00	0	0	0	0	0	0
1428576234071080666	CPU_4	0	0	0	100.00	0	0	0	0	0	0
1428576234832908830	CPU_4	0	0	0	100.00	0	0	0	0	0	0
1428576235587168255	CPU_4	0	0	0	100.00	0	0	0	0	0	0
1428576236351719999	CPU_4	0	0	0	100.00	0	0	0	0	0	0
1428576237105280467	CPU_4	0	0	0	100.00	0	0	0	0	0	0
1428576237867757130	CPU_4	0	0	0	100.00	0	0	0	0	0	0
1428576238619234351	CPU_4	0	0	0	100.00	0	0	0	0	0	0
1428576239371197071	CPU_4	0	0	0	100.00	0	0	0	0	0	0
1428576240135413732	CPU_4	0	0	0	100.00	0	0	0	0	0	0
1428576240882524084	CPU_4	0	0	0	100.00	0	0	0	0	0	0
1428576241651927154	CPU_4	0	0	0	100.00	0	0	0	0	0	0
1428576242404255332	CPU_4	0	0	0	100.00	0	0	0	0	0	0
1428576243167390202	CPU_4	0	0	0	100.00	0	0	0	0	0	0
1428576243920888337	CPU_4	0	0	0	100.00	0	0	0	0	0	0
1428576244685192872	CPU_4	0	0	0	100.00	0	0	0	0	0	0
1428576245435583220	CPU_4	0	0	0	100.00	0	0	0	0	0	0
1428576246201062628	CPU_4	0	0	0	100.00	0	0	0	0	0	0
1428576246950322644	CPU_4	0	0	0	100.00	0	0	0	0	0	0
1428576247712922098	CPU_4	0	0	0	100.00	0	0	0	0	0	0
1428576248467026023	CPU_4	0	0	0	100.00	0	0	0	0	0	0
1428576249232355474	CPU_4	0	0	0	100.00	0	0	0	0	0	0
1428576249982945029	CPU_4	0	0	0	100.00	0	0	0	0	0	0
1428576250742201197	CPU_4	0	0	0	100.00	0	0	0	0	0	0
1428576251498923368	CPU_4	0	0	0	100.00	0	0	0	0	0	0
1428576252247897550	CPU_4	0	0	0	100.00	0	0	0	0	0	0
1428576253010950462	CPU_4	0	0	0	100.00	0	0	0	0	0	0
1428576253762717432	CPU_4	0	0	0	100.00	0	0	0	0	0	0
1428576254528347466	CPU_4	0	0	0	100.00	0	0	0	0	0	0
1428576255279384603	CPU_4	0	0	0	100.00	0	0	0	0	0	0
1428576256042856098	CPU_4	0	0	0	100.00	0	0	0	0	0	0
1428576256794457068	CPU_4	0	0	0	100.00	0	0	0	0	0	0
1428576257560917433	CPU_4	0	0	0	100.00	0	0	0	0	0	0
1428576258310386990	CPU_4	0	0	0	100.00	0	0	0	0	0	0
1428576259074099318	CPU_4	0	0	0	100.00	0	0	0	0	0	0
1428576259825340246	CPU_4	0	0	0	100.00	0	0	0	0	0	0
1428576260589859240	CPU_4	0	0	0	100.00	0	0	0	0	0	0
1428576261341830209	CPU_4	0	0	0	100.00	0	0	0	0	0	0
1428576262093498387	CPU_4	0	0	0	100.00	0	0	0	0	0	0
1428576262857603131	CPU_4	0	0	0	100.00	0	0	0	0	0	0
1428576263626449701	CPU_4	0	0	0	100.00	0	0	0	0	0	0
1428576264404993757	CPU_4	0	0	0	100.00	0	0	0	0	0	0
1428576265250318552	CPU_4	4.81	0	0	95.18	0	0	0	0	0	0
1428576266004071644	CPU_4	0	0	0	100.00	0	0	0	0	0	0
1428576266754567490	CPU_4	0	0	0	100.00	0	0	0	0	0	0
1428576267515925696	CPU_4	0	0	0	100.00	0	0	0	0	0	0
1428576268271820534	CPU_4	0	0	0	100.00	0	0	0	0	0	0
1428576269035443028	CPU_4	0	0	0	100.00	0	0	0	0	0	0
1428576269791586825	CPU_4	0	0	0	100.00	0	0	0	0	0	0
1428576270553085572	CPU_4	0	0	0	100.00	0	0	0	0	0	0
1428576271305344291	CPU_4	0	0	0	100.00	0	0	0	0	0	0
1428576272070307533	CPU_4	0	0	0	100.00	0	0	0	0	0	0
1428576272819547756	CPU_4	0	0	0	100.00	0	0	0	0	0	0
1428576273580800378	CPU_4	0	0	0	100.00	0	0	0	0	0	0
1428576274333582138	CPU_4	0	0	0	100.00	0	0	0	0	0	0
1428576275099891961	CPU_4	0	0	0	100.00	0	0	0	0	0	0
1428576275852627554	CPU_4	0	0	0	100.00	0	0	0	0	0	0
1428576276614700342	CPU_4	0	0	0	100.00	0	0	0	0	0	0
1428576277367060644	CPU_4	0	0	0	100.00	0	0	0	0	0	0
1428576278117060449	CPU_4	0	0	0	100.00	0	0	0	0	0	0
1428576278882720857	CPU_4	0	0	0	100.00	0	0	0	0	0	0
1428576279637265405	CPU_4	0	0	0	100.00	0	0	0	0	0	0
1428576280409494553	CPU_4	0	0	0	100.00	0	0	0	0	0	0
1428576281160926065	CPU_4	0	0	0	100.00	0	0	0	0	0	0
1428576281926383806	CPU_4	0	0	0	100.00	0	0	0	0	0	0
1428576282677942900	CPU_4	0	0	0	100.00	0	0	0	0	0	0
1428576283443534599	CPU_4	0	0	0	100.00	0	0	0	0	0	0
1428576284196946233	CPU_4	0	0	0	100.00	0	0	0	0	0	0
1428576284961100392	CPU_4	0	0	0	100.00	0	0	0	0	0	0
1428576285714966525	CPU_4	0	0	0	100.00	0	0	0	0	0	0
1428576286480833641	CPU_4	0	0	0	100.00	0	0	0	0	0	0
1428576287234094232	CPU_4	0	0	0	100.00	0	0	0	0	0	0
1428576287998417808	CPU_4	0	0	0	100.00	0	0	0	0	0	0
1428576288751265734	CPU_4	0	0	0	100.00	0	0	0	0	0	0
1428576289516454975	CPU_4	0	0	0	100.00	0	0	0	0	0	0
1428576290278470305	CPU_4	0	0	0	100.00	0	0	0	0	0	0
1428576291028555942	CPU_4	0	0	0	100.00	0	0	0	0	0	0
1428576291796437138	CPU_4	0	0	0	100.00	0	0	0	0	0	0
1428576292548197649	CPU_4	0	0	0	100.00	0	0	0	0	0	0
1428576293313864764	CPU_4	0	0	0	100.00	0	0	0	0	0	0
1428576294066713690	CPU_4	0	0	0	100.00	0	0	0	0	0	0
1428576294832138139	CPU_4	0	0	0	100.00	0	0	0	0	0	0
1428576295585136898	CPU_4	0	0	0	100.00	0	0	0	0	0	0
1428576296352488677	CPU_4	0	0	0	100.00	0	0	0	0	0	0
1428576297104210188	CPU_4	0	0	0	100.00	0	0	0	0	0	0
1428576297869647470	CPU_4	0	0	0	100.00	0	0	0	0	0	0
1428576298622881145	CPU_4	0	0	0	100.00	0	0	0	0	0	0
1428576299389501342	CPU_4	0	0	0	100.00	0	0	0	0	0	0
1428576300141626477	CPU_4	0	0	0	100.00	0	0	0	0	0	0
1428576300908160341	CPU_4	0	0	0	100.00	0	0	0	0	0	0
1428576301672682458	CPU_4	0	0	0	100.00	0	0	0	0	0	0
1428576302428464588	CPU_4	0	0	0	100.00	0	0	0	0	0	0
1428576303196861699	CPU_4	0	0	0	100.00	0	0	0	0	0	0
1428576303947390169	CPU_4	0	0	0	100.00	0	0	0	0	0	0
1428576304712316577	CPU_4	0	0	0	100.00	0	0	0	0	0	0
1428576305465888210	CPU_4	0	0	0	100.00	0	0	0	0	0	0
1428576306231431533	CPU_4	0	0	0	100.00	0	0	0	0	0	0
1428576306987801287	CPU_4	0	0	0	100.00	0	0	0	0	0	0
1428576307754238359	CPU_4	0	0	0	100.00	0	0	0	0	0	0
1428576308508379824	CPU_4	0	0	0	100.00	0	0	0	0	0	0
1428576309278413933	CPU_4	0	0	0	100.00	0	0	0	0	0	0
1428576310028041738	CPU_4	0	0	0	100.00	0	0	0	0	0	0
1428576310794061102	CPU_4	0	0	0	100.00	0	0	0	0	0	0
1428576311545908195	CPU_4	0	0	0	100.00	0	0	0	0	0	0
1428576312321929921	CPU_4	0	0	0	100.00	0	0	0	0	0	0
1428576313074148013	CPU_4	0	0	0	100.00	0	0	0	0	0	0
1428576313831161140	CPU_4	0	0	0	100.00	0	0	0	0	0	0
1428576314596581297	CPU_4	0	0	0	100.00	0	0	0	0	0	0
1428576315351766344	CPU_4	0	0	0	100.00	0	0	0	0	0	0
1428576316115627378	CPU_4	0	0	0	100.00	0	0	0	0	0	0
1428576316875764251	CPU_4	0	0	0	100.00	0	0	0	0	0	0
1428576317640362284	CPU_4	0	0	0	100.00	0	0	0	0	0	0
1428576318397772744	CPU_4	0	0	0	100.00	0	0	0	0	0	0
1428576319162201319	CPU_4	0	0	0	100.00	0	0	0	0	0	0
1428576319918368697	CPU_4	0	0	0	100.00	0	0	0	0	0	0
1428576320684988227	CPU_4	0	0	0	100.00	0	0	0	0	0	0
1428576321440721898	CPU_4	0	0	0	100.00	0	0	0	0	0	0
1428576322210243091	CPU_4	0	0	0	100.00	0	0	0	0	0	0
1428576322963248598	CPU_4	0	0	0	100.00	0	0	0	0	0	0
1428576323727701298	CPU_4	0	0	0	100.00	0	0	0	0	0	0
1428576324484042926	CPU_4	0	0	0	100.00	0	0	0	0	0	0
1428576325255618699	CPU_4	0	0	0	100.00	0	0	0	0	0	0
1428576326011249120	CPU_4	0	0	0	100.00	0	0	0	0	0	0
1428576326782784518	CPU_4	0	0	0	100.00	0	0	0	0	0	0
1428576327546900259	CPU_4	0	0	0	100.00	0	0	0	0	0	0
1428576328301017307	CPU_4	0	0	0	100.00	0	0	0	0	0	0
1428576329069948417	CPU_4	0	0	0	100.00	0	0	0	0	0	0
1428576329824032923	CPU_4	0	0	0	100.00	0	0	0	0	0	0
1428576330590024454	CPU_4	0	0	0	100.00	0	0	0	0	0	0
1428576331345194875	CPU_4	0	0	0	100.00	0	0	0	0	0	0
1428576332111817905	CPU_4	0	0	0	100.00	0	0	0	0	0	0
1428576332867172409	CPU_4	0	0	0	100.00	0	0	0	0	0	0
1428576333635583936	CPU_4	0	0	0	100.00	0	0	0	0	0	0
1428576334391265856	CPU_4	0	0	0	100.00	0	0	0	0	0	0
1428576335158523927	CPU_4	0	0	0	100.00	0	0	0	0	0	0
1428576335916216969	CPU_4	0	0	0	100.00	0	0	0	0	0	0
1428576336681391501	CPU_4	0	0	0	100.00	0	0	0	0	0	0
1428576337435842298	CPU_4	0	0	0	100.00	0	0	0	0	0	0
1428576338202313828	CPU_4	0	0	0	100.00	0	0	0	0	0	0
1428576338957361999	CPU_4	0	0	0	100.00	0	0	0	0	0	0
1428576339734050972	CPU_4	0	0	0	100.00	0	0	0	0	0	0
1428576340491113765	CPU_4	0	0	0	100.00	0	0	0	0	0	0
1428576341246291770	CPU_4	0	0	0	100.00	0	0	0	0	0	0
1428576342014299214	CPU_4	0	0	0	100.00	0	0	0	0	0	0
1428576342774947835	CPU_4	0	0	0	100.00	0	0	0	0	0	0
1428576343539808075	CPU_4	0	0	0	100.00	0	0	0	0	0	0
1428576344295093371	CPU_4	0	0	0	100.00	0	0	0	0	0	0
1428576345062798399	CPU_4	0	0	0	100.00	0	0	0	0	0	0
1428576345822288188	CPU_4	0	0	0	100.00	0	0	0	0	0	0
1428576346591302048	CPU_4	0	0	0	100.00	0	0	0	0	0	0
1428576347345760886	CPU_4	0	0	0	100.00	0	0	0	0	0	0
1428576348117070158	CPU_4	0	0	0	100.00	0	0	0	0	0	0
1428576348876104490	CPU_4	0	0	0	100.00	0	0	0	0	0	0
1428576349645027808	CPU_4	0	0	0	100.00	0	0	0	0	0	0
1428576350401091686	CPU_4	0	0	0	100.00	0	0	0	0	0	0
1428576351167862673	CPU_4	0	0	0	100.00	0	0	0	0	0	0
1428576351925470215	CPU_4	0	0	0	100.00	0	0	0	0	0	0
1428576352703129770	CPU_4	0	0	0	100.00	0	0	0	0	0	0
1428576353460800937	CPU_4	0	0	0	100.00	0	0	0	0	0	0
1428576354216780481	CPU_4	0	0	0	100.00	0	0	0	0	0	0
1428576354983981551	CPU_4	0	0	0	100.00	0	0	0	0	0	0
1428576355738359015	CPU_4	0	0	0	100.00	0	0	0	0	0	0
1428576356509150829	CPU_4	0	0	0	100.00	0	0	0	0	0	0
1428576357262147044	CPU_4	0	0	0	100.00	0	0	0	0	0	0
1428576358032212818	CPU_4	0	0	0	100.00	0	0	0	0	0	0
1428576358788863362	CPU_4	0	0	0	100.00	0	0	0	0	0	0
1428576359558003387	CPU_4	0	0	0	100.00	0	0	0	0	0	0
1428576360313337557	CPU_4	0	0	0	100.00	0	0	0	0	0	0
1428576361085736453	CPU_4	0	0	0	100.00	0	0	0	0	0	0
1428576361840144749	CPU_4	0	0	0	100.00	0	0	0	0	0	0
1428576362611442855	CPU_4	0	0	0	100.00	0	0	0	0	0	0
1428576363369050938	CPU_4	0	0	0	100.00	0	0	0	0	0	0
1428576364137203965	CPU_4	0	0	0	100.00	0	0	0	0	0	0
1428576364891967677	CPU_4	0	0	0	100.00	0	0	0	0	0	0
1428576365663237366	CPU_4	0	0	0	100.00	0	0	0	0	0	0
1428576366421040241	CPU_4	0	0	0	100.00	0	0	0	0	0	0
1428576367189231059	CPU_4	0	0	0	100.00	0	0	0	0	0	0
1428576367945492769	CPU_4	0	0	0	100.00	0	0	0	0	0	0
1428576368724326822	CPU_4	0	0	0	100.00	0	0	0	0	0	0
1428576369480492907	CPU_4	0	0	0	100.00	0	0	0	0	0	0
1428576370235073912	CPU_4	0	0	0	100.00	0	0	0	0	0	0
1428576371004344811	CPU_4	0	0	0	100.00	0	0	0	0	0	0
1428576371756712610	CPU_4	0	0	0	100.00	0	0	0	0	0	0
1428576372526342051	CPU_4	0	0	0	100.00	0	0	0	0	0	0
1428576373282522887	CPU_4	0	0	0	100.00	0	0	0	0	0	0
1428576374050739954	CPU_4	0	0	0	100.00	0	0	0	0	0	0
1428576374806816456	CPU_4	0	0	0	100.00	0	0	0	0	0	0
1428576375575798815	CPU_4	0	0	0	100.00	0	0	0	0	0	0
1428576376332004108	CPU_4	0	0	0	100.00	0	0	0	0	0	0
1428576377100305426	CPU_4	0	0	0	100.00	0	0	0	0	0	0
1428576377855383388	CPU_4	0	0	0	100.00	0	0	0	0	0	0
1428576378627390200	CPU_4	0	0	0	100.00	0	0	0	0	0	0
1428576379383942826	CPU_4	0	0	0	100.00	0	0	0	0	0	0
1428576380151729311	CPU_4	0	0	0	100.00	0	0	0	0	0	0
1428576380907694230	CPU_4	0	0	0	100.00	0	0	0	0	0	0
1428576381676391005	CPU_4	0	0	0	100.00	0	0	0	0	0	0
1428576382432679715	CPU_4	0	0	0	100.00	0	0	0	0	0	0
1428576383205238901	CPU_4	0	0	0	100.00	0	0	0	0	0	0
1428576383972567220	CPU_4	0	0	0	100.00	0	0	0	0	0	0
1428576384743081826	CPU_4	0	0	0	100.00	0	0	0	0	0	0
1428576385510233854	CPU_4	0	0	0	100.00	0	0	0	0	0	0
1428576386265336107	CPU_4	0	0	0	100.00	0	0	0	0	0	0
1428576387036355504	CPU_4	0	0	0	100.00	0	0	0	0	0	0
1428576387797411540	CPU_4	0	0	0	100.00	0	0	0	0	0	0
1428576388574378803	CPU_4	0	0	0	100.00	0	0	0	0	0	0
1428576389329055515	CPU_4	0	0	0	100.00	0	0	0	0	0	0
1428576390102178034	CPU_4	0	0	0	100.00	0	0	0	0	0	0
1428576390857540995	CPU_4	0	0	0	100.00	0	0	0	0	0	0
1428576391627873726	CPU_4	0	0	0	100.00	0	0	0	0	0	0
1428576392387064056	CPU_4	0	0	0	100.00	0	0	0	0	0	0
1428576393156953621	CPU_4	0	0	0	100.00	0	0	0	0	0	0
1428576393912479290	CPU_4	0	0	0	100.00	0	0	0	0	0	0
1428576394686372933	CPU_4	0	0	0	100.00	0	0	0	0	0	0
1428576395441433144	CPU_4	0	0	0	100.00	0	0	0	0	0	0
1428576396211180334	CPU_4	0	0	0	100.00	0	0	0	0	0	0
1428576396968179209	CPU_4	0	0	0	100.00	0	0	0	0	0	0
1428576397738576023	CPU_4	0	0	0	100.00	0	0	0	0	0	0
1428576398497889811	CPU_4	0	0	0	100.00	0	0	0	0	0	0
1428576399267103710	CPU_4	0	0	0	100.00	0	0	0	0	0	0
1428576400027543580	CPU_4	0	0	0	100.00	0	0	0	0	0	0
1428576400797207770	CPU_4	0	0	0	100.00	0	0	0	0	0	0
1428576401557775099	CPU_4	0	0	0	100.00	0	0	0	0	0	0
1428576402315165806	CPU_4	0	0	0	100.00	0	0	0	0	0	0
1428576403086699327	CPU_4	0	0	0	100.00	0	0	0	0	0	0
1428576403843281119	CPU_4	0	0	0	100.00	0	0	0	0	0	0
1428576404615596514	CPU_4	0	0	0	100.00	0	0	0	0	0	0
1428576405375632509	CPU_4	0	0	0	100.00	0	0	0	0	0	0
1428576406145406365	CPU_4	0	0	0	100.00	0	0	0	0	0	0
1428576406905700985	CPU_4	0	0	0	100.00	0	0	0	0	0	0
1428576407676540174	CPU_4	0	0	0	100.00	0	0	0	0	0	0
1428576408432279300	CPU_4	0	0	0	100.00	0	0	0	0	0	0
1428576409202367864	CPU_4	0	0	0	100.00	0	0	0	0	0	0
1428576409959759238	CPU_4	0	0	0	100.00	0	0	0	0	0	0
1428576410729232637	CPU_4	0	0	0	100.00	0	0	0	0	0	0
1428576411485525721	CPU_4	0	0	0	100.00	0	0	0	0	0	0
1428576412253961162	CPU_4	0	0	0	100.00	0	0	0	0	0	0
1428576413011110245	CPU_4	0	0	0	100.00	0	0	0	0	0	0
1428576413781870017	CPU_4	0	0	0	100.00	0	0	0	0	0	0
1428576414541967512	CPU_4	0	0	0	100.00	0	0	0	0	0	0
1428576415306759833	CPU_4	0	0	0	100.00	0	0	0	0	0	0
1428576416064102666	CPU_4	0	0	0	100.00	0	0	0	0	0	0
1428576416841616969	CPU_4	0	0	0	100.00	0	0	0	0	0	0
1428576417603864044	CPU_4	0	0	0	100.00	0	0	0	0	0	0
1428576418366440994	CPU_4	0	0	0	100.00	0	0	0	0	0	0
1428576419131624315	CPU_4	0	0	0	100.00	0	0	0	0	0	0
1428576419890098021	CPU_4	0	0	0	100.00	0	0	0	0	0	0
1428576420664939328	CPU_4	0	0	0	100.00	0	0	0	0	0	0
1428576421421231036	CPU_4	0	0	0	100.00	0	0	0	0	0	0
1428576422195046512	CPU_4	5.33	0	20.00	74.66	0	0	0	0	0	0
1428576422948961182	CPU_4	0	0	0	100.00	0	0	0	0	0	0
1428576423720229244	CPU_4	0	0	0	100.00	0	0	0	0	0	0
1428576424477303368	CPU_4	0	0	0	100.00	0	0	0	0	0	0
1428576425248290514	CPU_4	0	0	0	100.00	0	0	0	0	0	0
1428576426004961347	CPU_4	0	0	0	100.00	0	0	0	0	0	0
1428576426777402241	CPU_4	0	0	0	100.00	0	0	0	0	0	0
1428576427532783909	CPU_4	0	0	0	100.00	0	0	0	0	0	0
1428576428303964638	CPU_4	0	0	0	100.00	0	0	0	0	0	0
1428576429116561474	CPU_4	3.75	0	15.00	81.25	0	0	0	0	0	0
1428576429885974955	CPU_4	0	0	0	100.00	0	0	0	0	0	0
1428576430647273573	CPU_4	0	0	0	100.00	0	0	0	0	0	0
1428576431417043346	CPU_4	0	0	0	100.00	0	0	0	0	0	0
1428576432174361386	CPU_4	0	0	0	100.00	0	0	0	0	0	0
1428576432944246033	CPU_4	0	0	0	100.00	0	0	0	0	0	0
1428576433702920530	CPU_4	0	0	0	100.00	0	0	0	0	0	0
1428576434473108260	CPU_4	0	0	0	100.00	0	0	0	0	0	0
1428576435231093549	CPU_4	0	0	0	100.00	0	0	0	0	0	0
1428576435999168990	CPU_4	0	0	0	100.00	0	0	0	0	0	0
1428576436758208528	CPU_4	0	0	0	100.00	0	0	0	0	0	0
1428576437536163247	CPU_4	0	0	0	100.00	0	0	0	0	0	0
1428576438297561448	CPU_4	0	0	0	100.00	0	0	0	0	0	0
1428576439068568843	CPU_4	0	0	0	100.00	0	0	0	0	0	0
1428576439841770194	CPU_4	0	0	1.28	98.71	0	0	0	0	0	0
1428576440602482312	CPU_4	0	0	0	100.00	0	0	0	0	0	0
1428576441370753045	CPU_4	0	0	0	100.00	0	0	0	0	0	0
1428576442131534580	CPU_4	0	0	0	100.00	0	0	0	0	0	0
1428576442901183435	CPU_4	0	0	0	100.00	0	0	0	0	0	0
1428576443659864307	CPU_4	0	0	0	100.00	0	0	0	0	0	0
1428576444428565455	CPU_4	0	0	0	100.00	0	0	0	0	0	0
1428576445187743409	CPU_4	0	0	0	100.00	0	0	0	0	0	0
1428576445957619681	CPU_4	0	0	0	100.00	0	0	0	0	0	0
1428576446737482355	CPU_4	0	0	0	100.00	0	0	0	0	0	0
1428576447504042882	CPU_4	0	0	0	100.00	0	0	0	0	0	0
1428576448265949623	CPU_4	0	0	0	100.00	0	0	0	0	0	0
1428576449037368726	CPU_4	0	0	0	100.00	0	0	0	0	0	0
1428576449798308344	CPU_4	0	0	0	100.00	0	0	0	0	0	0
1428576450569363822	CPU_4	0	0	0	100.00	0	0	0	0	0	0
1428576451328241485	CPU_4	0	0	0	100.00	0	0	0	0	0	0
1428576452098167215	CPU_4	0	0	0	100.00	0	0	0	0	0	0
1428576452858892249	CPU_4	0	0	0	100.00	0	0	0	0	0	0
1428576453636891843	CPU_4	0	0	0	100.00	0	0	0	0	0	0
1428576454397749086	CPU_4	0	0	0	100.00	0	0	0	0	0	0
1428576455170924353	CPU_4	0	0	0	100.00	0	0	0	0	0	0
1428576455928932183	CPU_4	0	0	0	100.00	0	0	0	0	0	0
1428576456701355951	CPU_4	0	0	0	100.00	0	0	0	0	0	0
1428576457460268321	CPU_4	0	0	0	100.00	0	0	0	0	0	0
1428576458237663957	CPU_4	0	0	0	100.00	0	0	0	0	0	0
1428576458997389785	CPU_4	0	0	0	100.00	0	0	0	0	0	0
1428576459780727120	CPU_4	0	0	0	100.00	0	0	0	0	0	0
1428576460538888075	CPU_4	0	0	0	100.00	0	0	0	0	0	0
1428576461300691816	CPU_4	0	0	0	100.00	0	0	0	0	0	0
1428576462072339210	CPU_4	0	0	0	100.00	0	0	0	0	0	0
1428576462837791946	CPU_4	0	0	0	100.00	0	0	0	0	0	0
1428576463608407550	CPU_4	0	0	0	100.00	0	0	0	0	0	0
1428576464370327916	CPU_4	0	0	0	100.00	0	0	0	0	0	0
1428576465143532183	CPU_4	0	0	0	100.00	0	0	0	0	0	0
1428576465902305678	CPU_4	0	0	0	100.00	0	0	0	0	0	0
1428576466675779903	CPU_4	0	0	0	100.00	0	0	0	0	0	0
1428576467435931979	CPU_4	0	0	0	100.00	0	0	0	0	0	0
1428576468209048954	CPU_4	0	0	0	100.00	0	0	0	0	0	0
1428576468968111991	CPU_4	0	0	0	100.00	0	0	0	0	0	0
1428576469741333216	CPU_4	0	0	0	100.00	0	0	0	0	0	0
1428576470501635084	CPU_4	0	0	0	100.00	0	0	0	0	0	0
1428576471277000264	CPU_4	0	0	0	100.00	0	0	0	0	0	0
1428576472034684886	CPU_4	0	0	0	100.00	0	0	0	0	0	0
1428576472809446108	CPU_4	0	0	0	100.00	0	0	0	0	0	0
1428576473568302812	CPU_4	0	0	0	100.00	0	0	0	0	0	0
1428576474346012863	CPU_4	0	0	0	100.00	0	0	0	0	0	0
1428576475105539316	CPU_4	0	0	0	100.00	0	0	0	0	0	0
1428576475879497373	CPU_4	0	0	0	100.00	0	0	0	0	0	0
1428576476640374823	CPU_4	0	0	0	100.00	0	0	0	0	0	0
1428576477414664963	CPU_4	0	0	0	100.00	0	0	0	0	0	0
1428576478174466082	CPU_4	0	0	0	100.00	0	0	0	0	0	0
1428576478946964599	CPU_4	0	0	0	100.00	0	0	0	0	0	0
1428576479715302997	CPU_4	0	0	0	100.00	0	0	0	0	0	0
1428576480492863132	CPU_4	0	0	0	100.00	0	0	0	0	0	0
1428576481252661167	CPU_4	0	0	0	100.00	0	0	0	0	0	0
1428576482023599645	CPU_4	0	0	0	100.00	0	0	0	0	0	0
1428576482794124040	CPU_4	0	0	0	100.00	0	0	0	0	0	0
1428576483557901694	CPU_4	0	0	0	100.00	0	0	0	0	0	0
1428576484328518547	CPU_4	0	0	0	100.00	0	0	0	0	0	0
1428576485087981083	CPU_4	0	0	0	100.00	0	0	0	0	0	0
1428576485861172182	CPU_4	0	0	0	100.00	0	0	0	0	0	0
1428576486621805925	CPU_4	0	0	0	100.00	0	0	0	0	0	0
1428576487394911982	CPU_4	0	0	0	100.00	0	0	0	0	0	0
1428576488155861224	CPU_4	0	0	0	100.00	0	0	0	0	0	0
1428576488928057366	CPU_4	0	0	0	100.00	0	0	0	0	0	0
1428576489691999312	CPU_4	0	0	0	100.00	0	0	0	0	0	0
1428576490467582991	CPU_4	0	0	0	100.00	0	0	0	0	0	0
1428576491229474898	CPU_4	0	0	0	100.00	0	0	0	0	0	0
1428576492001713707	CPU_4	0	0	0	100.00	0	0	0	0	0	0
1428576492764659529	CPU_4	0	0	0	100.00	0	0	0	0	0	0
1428576493535612257	CPU_4	0	0	0	100.00	0	0	0	0	0	0
1428576494297769080	CPU_4	0	0	0	100.00	0	0	0	0	0	0
1428576495070949471	CPU_4	0	0	0	100.00	0	0	0	0	0	0
1428576495837258455	CPU_4	0	0	0	100.00	0	0	0	0	0	0
1428576496611949260	CPU_4	0	0	0	100.00	0	0	0	0	0	0
1428576497371396170	CPU_4	0	0	0	100.00	0	0	0	0	0	0
1428576498143471479	CPU_4	0	0	0	100.00	0	0	0	0	0	0
1428576498907664216	CPU_4	0	0	0	100.00	0	0	0	0	0	0
1428576499679198526	CPU_4	0	0	0	100.00	0	0	0	0	0	0
1428576500440935474	CPU_4	0	0	0	100.00	0	0	0	0	0	0
1428576501214610906	CPU_4	0	0	0	100.00	0	0	0	0	0	0
1428576501977417894	CPU_4	0	0	0	100.00	0	0	0	0	0	0
1428576502750898701	CPU_4	0	0	0	100.00	0	0	0	0	0	0
1428576503511316402	CPU_4	0	0	0	100.00	0	0	0	0	0	0
1428576504296362525	CPU_4	0	0	0	100.00	0	0	0	0	0	0
1428576505177844885	CPU_4	6.81	0	2.27	90.90	0	0	0	0	0	0
1428576505953249022	CPU_4	0	0	0	100.00	0	0	0	0	0	0
1428576506716150803	CPU_4	0	0	0	100.00	0	0	0	0	0	0
1428576507491276190	CPU_4	0	0	0	100.00	0	0	0	0	0	0
1428576508254127512	CPU_4	0	0	0	100.00	0	0	0	0	0	0
1428576509029374816	CPU_4	0	0	0	100.00	0	0	0	0	0	0
1428576509835222285	CPU_4	0	0	0	100.00	0	0	0	0	0	0
1428576510609046049	CPU_4	0	0	0	100.00	0	0	0	0	0	0
1428576511373774660	CPU_4	0	0	0	100.00	0	0	0	0	0	0
1428576512143220680	CPU_4	0	0	0	100.00	0	0	0	0	0	0
1428576512905824877	CPU_4	0	0	0	100.00	0	0	0	0	0	0
1428576513679167101	CPU_4	0	0	0	100.00	0	0	0	0	0	0
1428576514441625840	CPU_4	0	0	0	100.00	0	0	0	0	0	0
1428576515214452605	CPU_4	0	0	0	100.00	0	0	0	0	0	0
1428576515977274427	CPU_4	0	0	0	100.00	0	0	0	0	0	0
1428576516750086776	CPU_4	0	0	0	100.00	0	0	0	0	0	0
1428576517513095139	CPU_4	0	0	0	100.00	0	0	0	0	0	0
1428576518286212571	CPU_4	0	0	0	100.00	0	0	0	0	0	0
1428576519046497771	CPU_4	0	0	0	100.00	0	0	0	0	0	0
1428576519832991725	CPU_4	0	0	0	100.00	0	0	0	0	0	0
1428576520592977718	CPU_4	0	0	0	100.00	0	0	0	0	0	0
1428576521373394431	CPU_4	0	0	0	100.00	0	0	0	0	0	0
1428576522134020839	CPU_4	0	0	0	100.00	0	0	0	0	0	0
1428576522907225020	CPU_4	0	0	0	100.00	0	0	0	0	0	0
1428576523674263252	CPU_4	0	0	0	100.00	0	0	0	0	0	0
1428576524436476741	CPU_4	0	0	0	100.00	0	0	0	0	0	0
1428576525209267757	CPU_4	0	0	0	100.00	0	0	0	0	0	0
1428576525973100118	CPU_4	0	0	0	100.00	0	0	0	0	0	0
1428576526747177090	CPU_4	0	0	0	100.00	0	0	0	0	0	0
1428576527512299158	CPU_4	0	0	0	100.00	0	0	0	0	0	0
1428576528285513007	CPU_4	0	0	0	100.00	0	0	0	0	0	0
1428576529051692740	CPU_4	0	0	0	100.00	0	0	0	0	0	0
1428576529824211714	CPU_4	0	0	0	100.00	0	0	0	0	0	0
1428576530585405162	CPU_4	0	0	0	100.00	0	0	0	0	0	0
1428576531359201176	CPU_4	0	0	0	100.00	0	0	0	0	0	0
1428576532121341498	CPU_4	0	0	0	100.00	0	0	0	0	0	0
1428576532898411299	CPU_4	0	0	0	100.00	0	0	0	0	0	0
1428576533659243623	CPU_4	0	0	0	100.00	0	0	0	0	0	0
1428576534434327802	CPU_4	0	0	0	100.00	0	0	0	0	0	0
1428576535195409709	CPU_4	0	0	0	100.00	0	0	0	0	0	0
1428576535971299261	CPU_4	0	0	0	100.00	0	0	0	0	0	0
1428576536732313752	CPU_4	0	0	0	100.00	0	0	0	0	0	0
1428576537508905428	CPU_4	0	0	0	100.00	0	0	0	0	0	0
1428576538268346212	CPU_4	0	0	0	100.00	0	0	0	0	0	0
1428576539046273303	CPU_4	0	0	0	100.00	0	0	0	0	0	0
1428576539807279669	CPU_4	0	0	0	100.00	0	0	0	0	0	0
1428576540582534888	CPU_4	0	0	0	100.00	0	0	0	0	0	0
1428576541346714332	CPU_4	0	0	0	100.00	0	0	0	0	0	0
1428576542123096467	CPU_4	0	0	0	100.00	0	0	0	0	0	0
1428576542886975495	CPU_4	0	0	0	100.00	0	0	0	0	0	0
1428576543678595816	CPU_4	0	0	0	100.00	0	0	0	0	0	0
1428576544441223471	CPU_4	0	0	0	100.00	0	0	0	0	0	0
1428576545214984151	CPU_4	0	0	0	100.00	0	0	0	0	0	0
1428576545977169056	CPU_4	0	0	0	100.00	0	0	0	0	0	0
1428576546750021571	CPU_4	0	0	0	100.00	0	0	0	0	0	0
1428576547514272431	CPU_4	0	0	0	100.00	0	0	0	0	0	0
1428576548287890487	CPU_4	0	0	0	100.00	0	0	0	0	0	0
1428576549052981221	CPU_4	0	0	0	100.00	0	0	0	0	0	0
1428576549830197604	CPU_4	0	0	0	100.00	0	0	0	0	0	0
1428576550594297256	CPU_4	0	0	0	100.00	0	0	0	0	0	0
1428576551377480090	CPU_4	0	0	0	100.00	0	0	0	0	0	0
1428576552138425246	CPU_4	0	0	0	100.00	0	0	0	0	0	0
1428576552909655680	CPU_4	0	0	0	100.00	0	0	0	0	0	0
1428576553678935825	CPU_4	0	0	0	100.00	0	0	0	0	0	0
1428576554442492103	CPU_4	0	0	0	100.00	0	0	0	0	0	0
1428576555215869658	CPU_4	0	0	0	100.00	0	0	0	0	0	0
1428576555981503683	CPU_4	0	0	0	100.00	0	0	0	0	0	0
1428576556756280778	CPU_4	0	0	0	100.00	0	0	0	0	0	0
1428576557517146518	CPU_4	0	0	0	100.00	0	0	0	0	0	0
1428576558290008657	CPU_4	0	0	0	100.00	0	0	0	0	0	0
1428576559057311180	CPU_4	0	0	0	100.00	0	0	0	0	0	0
1428576559831484359	CPU_4	0	0	0	100.00	0	0	0	0	0	0
1428576560594676762	CPU_4	0	0	0	100.00	0	0	0	0	0	0
1428576561368259234	CPU_4	0	0	0	100.00	0	0	0	0	0	0
1428576562129630723	CPU_4	0	0	0	100.00	0	0	0	0	0	0
1428576562903452653	CPU_4	0	0	0	100.00	0	0	0	0	0	0
1428576563665761474	CPU_4	0	0	0	100.00	0	0	0	0	0	0
1428576564443197898	CPU_4	0	0	0	100.00	0	0	0	0	0	0
1428576565206133593	CPU_4	0	0	0	100.00	0	0	0	0	0	0
1428576565981039605	CPU_4	0	0	0	100.00	0	0	0	0	0	0
1428576566742182886	CPU_4	0	0	0	100.00	0	0	0	0	0	0
1428576567516257398	CPU_4	0	0	0	100.00	0	0	0	0	0	0
1428576568277177138	CPU_4	0	0	0	100.00	0	0	0	0	0	0
1428576569054445437	CPU_4	0	0	0	100.00	0	0	0	0	0	0
1428576569816840758	CPU_4	0	0	0	100.00	0	0	0	0	0	0
1428576570590654188	CPU_4	0	0	0	100.00	0	0	0	0	0	0
1428576571350726178	CPU_4	0	0	0	100.00	0	0	0	0	0	0
1428576572124674816	CPU_4	0	0	0	100.00	0	0	0	0	0	0
1428576572885826805	CPU_4	0	0	0	100.00	0	0	0	0	0	0
1428576573663278271	CPU_4	0	0	0	100.00	0	0	0	0	0	0
1428576574429391461	CPU_4	0	0	0	100.00	0	0	0	0	0	0
1428576575204847971	CPU_4	0	0	0	100.00	0	0	0	0	0	0
1428576575966742751	CPU_4	0	0	0	100.00	0	0	0	0	0	0
1428576576739315432	CPU_4	0	0	0	100.00	0	0	0	0	0	0
1428576577501409045	CPU_4	0	0	1.31	98.68	0	0	0	0	0	0
