#Timestamp	CPU_ID	user%	nice%	sys%	idle%	iowait%	irq%	softiq%	steal%	guest%	guest_nice%
1428585012155015457	CPU_4	13.11	0	9.83	77.04	0	0	0	0	0	0
1428585012847620275	CPU_4	0	0	0	100.00	0	0	0	0	0	0
1428585013557916242	CPU_4	0	0	0	100.00	0	0	0	0	0	0
1428585014253796765	CPU_4	0	0	0	100.00	0	0	0	0	0	0
1428585014949761996	CPU_4	0	0	0	100.00	0	0	0	0	0	0
1428585015659602005	CPU_4	0	0	0	100.00	0	0	0	0	0	0
1428585016357056818	CPU_4	0	0	0	100.00	0	0	0	0	0	0
1428585017054645839	CPU_4	0	0	0	100.00	0	0	0	0	0	0
1428585017763857307	CPU_4	0	0	0	100.00	0	0	0	0	0	0
1428585018460632537	CPU_4	0	0	0	100.00	0	0	0	0	0	0
1428585019157100934	CPU_4	0	0	0	100.00	0	0	0	0	0	0
1428585019865678861	CPU_4	0	0	0	100.00	0	0	0	0	0	0
1428585020564831130	CPU_4	0	0	0	100.00	0	0	0	0	0	0
1428585021270121227	CPU_4	0	0	0	100.00	0	0	0	0	0	0
1428585021970108745	CPU_4	0	0	0	100.00	0	0	0	0	0	0
1428585022669537139	CPU_4	0	0	0	100.00	0	0	0	0	0	0
1428585023376623817	CPU_4	0	0	0	100.00	0	0	0	0	0	0
1428585024079366374	CPU_4	0	0	0	100.00	0	0	0	0	0	0
1428585024784669637	CPU_4	0	0	0	100.00	0	0	0	0	0	0
1428585025493065522	CPU_4	0	0	0	100.00	0	0	0	0	0	0
1428585026193900290	CPU_4	0	0	0	100.00	0	0	0	0	0	0
1428585026906170754	CPU_4	0	0	0	100.00	0	0	0	0	0	0
1428585027605997064	CPU_4	0	0	0	100.00	0	0	0	0	0	0
1428585028306477040	CPU_4	0	0	0	100.00	0	0	0	0	0	0
1428585029017493798	CPU_4	0	0	0	100.00	0	0	0	0	0	0
1428585029751280282	CPU_4	0	0	0	100.00	0	0	0	0	0	0
1428585030451580300	CPU_4	0	0	0	100.00	0	0	0	0	0	0
1428585031162589557	CPU_4	0	0	0	100.00	0	0	0	0	0	0
1428585031862354909	CPU_4	0	0	0	100.00	0	0	0	0	0	0
1428585032572927375	CPU_4	0	0	0	100.00	0	0	0	0	0	0
1428585033273746808	CPU_4	0	0	0	100.00	0	0	0	0	0	0
1428585033973237410	CPU_4	0	0	0	100.00	0	0	0	0	0	0
1428585034686374373	CPU_4	0	0	0	100.00	0	0	0	0	0	0
1428585035385637017	CPU_4	0	0	0	100.00	0	0	0	0	0	0
1428585036085891410	CPU_4	0	0	0	100.00	0	0	0	0	0	0
1428585036796506708	CPU_4	0	0	0	100.00	0	0	0	0	0	0
1428585037498215475	CPU_4	0	0	0	100.00	0	0	0	0	0	0
1428585038209663814	CPU_4	0	0	0	100.00	0	0	0	0	0	0
1428585038908937791	CPU_4	0	0	0	100.00	0	0	0	0	0	0
1428585039609732808	CPU_4	0	0	0	100.00	0	0	0	0	0	0
1428585040322613646	CPU_4	0	0	0	100.00	0	0	0	0	0	0
1428585041020380582	CPU_4	0	0	0	100.00	0	0	0	0	0	0
1428585041721888723	CPU_4	0	0	0	100.00	0	0	0	0	0	0
1428585042434199687	CPU_4	0	0	0	100.00	0	0	0	0	0	0
1428585043133094289	CPU_4	0	0	0	100.00	0	0	0	0	0	0
1428585043842817714	CPU_4	0	0	0	100.00	0	0	0	0	0	0
1428585044546322019	CPU_4	0	0	0	100.00	0	0	0	0	0	0
1428585045244050872	CPU_4	0	0	0	100.00	0	0	0	0	0	0
1428585045954801712	CPU_4	0	0	0	100.00	0	0	0	0	0	0
1428585046661522723	CPU_4	0	0	0	100.00	0	0	0	0	0	0
1428585047361185782	CPU_4	0	0	0	100.00	0	0	0	0	0	0
1428585048070433790	CPU_4	0	0	0	100.00	0	0	0	0	0	0
1428585048772687805	CPU_4	0	0	0	100.00	0	0	0	0	0	0
1428585049477963317	CPU_4	0	0	0	100.00	0	0	0	0	0	0
1428585050177196418	CPU_4	0	0	0	100.00	0	0	0	0	0	0
1428585050879116350	CPU_4	0	0	0	100.00	0	0	0	0	0	0
1428585051588255692	CPU_4	0	0	0	100.00	0	0	0	0	0	0
1428585052287002002	CPU_4	0	0	0	100.00	0	0	0	0	0	0
1428585052990209224	CPU_4	0	0	0	100.00	0	0	0	0	0	0
1428585053696673651	CPU_4	0	0	0	100.00	0	0	0	0	0	0
1428585054398804499	CPU_4	0	0	0	100.00	0	0	0	0	0	0
1428585055114073834	CPU_4	0	0	0	100.00	0	0	0	0	0	0
1428585055812219645	CPU_4	0	0	0	100.00	0	0	0	0	0	0
1428585056511026871	CPU_4	0	0	0	100.00	0	0	0	0	0	0
1428585057222190210	CPU_4	0	0	0	100.00	0	0	0	0	0	0
1428585057917774440	CPU_4	0	0	0	100.00	0	0	0	0	0	0
1428585058619204205	CPU_4	0	0	0	100.00	0	0	0	0	0	0
1428585059330184086	CPU_4	0	0	0	100.00	0	0	0	0	0	0
1428585060029537603	CPU_4	0	0	0	100.00	0	0	0	0	0	0
1428585060731278993	CPU_4	0	0	0	100.00	0	0	0	0	0	0
1428585061441644999	CPU_4	0	0	0	100.00	0	0	0	0	0	0
1428585062138448436	CPU_4	0	0	0	100.00	0	0	0	0	0	0
1428585062851113982	CPU_4	0	0	0	100.00	0	0	0	0	0	0
1428585063550925248	CPU_4	0	0	0	100.00	0	0	0	0	0	0
1428585064252424555	CPU_4	0	0	0	100.00	0	0	0	0	0	0
1428585064961497646	CPU_4	0	0	0	100.00	0	0	0	0	0	0
1428585065662835619	CPU_4	0	0	0	100.00	0	0	0	0	0	0
1428585066361761637	CPU_4	0	0	0	100.00	0	0	0	0	0	0
1428585067072015476	CPU_4	0	0	0	100.00	0	0	0	0	0	0
1428585067773301991	CPU_4	0	0	0	100.00	0	0	0	0	0	0
1428585068482426290	CPU_4	0	0	0	100.00	0	0	0	0	0	0
1428585069181928015	CPU_4	0	0	0	100.00	0	0	0	0	0	0
1428585069884322529	CPU_4	0	0	0	100.00	0	0	0	0	0	0
1428585070592454454	CPU_4	0	0	0	100.00	0	0	0	0	0	0
1428585071295749509	CPU_4	0	0	0	100.00	0	0	0	0	0	0
1428585071996711524	CPU_4	0	0	0	100.00	0	0	0	0	0	0
1428585072706987863	CPU_4	0	0	0	100.00	0	0	0	0	0	0
1428585073408858169	CPU_4	0	0	0	100.00	0	0	0	0	0	0
1428585074120419090	CPU_4	0	0	0	100.00	0	0	0	0	0	0
1428585074822687937	CPU_4	0	0	0	100.00	0	0	0	0	0	0
1428585075524043494	CPU_4	0	0	0	100.00	0	0	0	0	0	0
1428585076234942207	CPU_4	0	0	0	100.00	0	0	0	0	0	0
1428585076935953389	CPU_4	0	0	0	100.00	0	0	0	0	0	0
1428585077637000820	CPU_4	0	0	0	100.00	0	0	0	0	0	0
1428585078349311824	CPU_4	0	0	0	100.00	0	0	0	0	0	0
1428585079048320674	CPU_4	0	0	0	100.00	0	0	0	0	0	0
1428585079762868592	CPU_4	0	0	0	100.00	0	0	0	0	0	0
1428585080463461566	CPU_4	0	0	0	100.00	0	0	0	0	0	0
1428585081162767165	CPU_4	0	0	0	100.00	0	0	0	0	0	0
1428585081878101583	CPU_4	0	0	0	100.00	0	0	0	0	0	0
1428585082580544721	CPU_4	0	0	0	100.00	0	0	0	0	0	0
1428585083280203445	CPU_4	0	0	0	100.00	0	0	0	0	0	0
1428585083993369114	CPU_4	0	0	0	100.00	0	0	0	0	0	0
1428585084695365628	CPU_4	0	0	0	100.00	0	0	0	0	0	0
1428585085408918213	CPU_4	0	0	0	100.00	0	0	0	0	0	0
1428585086110299977	CPU_4	0	0	0	100.00	0	0	0	0	0	0
1428585086817141444	CPU_4	0	0	0	100.00	0	0	0	0	0	0
1428585087526309576	CPU_4	0	0	0	100.00	0	0	0	0	0	0
1428585088229391713	CPU_4	0	0	0	100.00	0	0	0	0	0	0
1428585088931614226	CPU_4	0	0	0	100.00	0	0	0	0	0	0
1428585089643486647	CPU_4	0	0	0	100.00	0	0	0	0	0	0
1428585090345714368	CPU_4	0	0	0	100.00	0	0	0	0	0	0
1428585091058147871	CPU_4	0	0	0	100.00	0	0	0	0	0	0
1428585091757955011	CPU_4	0	0	0	100.00	0	0	0	0	0	0
1428585092465039811	CPU_4	0	0	0	100.00	0	0	0	0	0	0
1428585093175774524	CPU_4	0	0	0	100.00	0	0	0	0	0	0
1428585093881147284	CPU_4	0	0	0	100.00	0	0	0	0	0	0
1428585094579712634	CPU_4	0	0	0	100.00	0	0	0	0	0	0
1428585095294830342	CPU_4	0	0	0	100.00	0	0	0	0	0	0
1428585095996698605	CPU_4	0	0	0	100.00	0	0	0	0	0	0
1428585096708197984	CPU_4	0	0	0	100.00	0	0	0	0	0	0
1428585097412077203	CPU_4	0	0	0	100.00	0	0	0	0	0	0
1428585098115385548	CPU_4	0	0	0	100.00	0	0	0	0	0	0
1428585098825799553	CPU_4	0	0	0	100.00	0	0	0	0	0	0
1428585099528205149	CPU_4	0	0	0	100.00	0	0	0	0	0	0
1428585100227337081	CPU_4	0	0	0	100.00	0	0	0	0	0	0
1428585100938556835	CPU_4	0	0	0	100.00	0	0	0	0	0	0
1428585101638273225	CPU_4	0	0	0	100.00	0	0	0	0	0	0
1428585102353336058	CPU_4	0	0	0	100.00	0	0	0	0	0	0
1428585103050799867	CPU_4	0	0	0	100.00	0	0	0	0	0	0
1428585103753270421	CPU_4	0	0	0	100.00	0	0	0	0	0	0
1428585104464020258	CPU_4	0	0	0	100.00	0	0	0	0	0	0
1428585105163891106	CPU_4	0	0	0	100.00	0	0	0	0	0	0
1428585105864597704	CPU_4	0	0	0	100.00	0	0	0	0	0	0
1428585106575799665	CPU_4	0	0	0	100.00	0	0	0	0	0	0
1428585107274250306	CPU_4	0	0	0	100.00	0	0	0	0	0	0
1428585107990853179	CPU_4	0	0	0	100.00	0	0	0	0	0	0
1428585108693123233	CPU_4	0	0	0	100.00	0	0	0	0	0	0
1428585109393910705	CPU_4	0	0	0	100.00	0	0	0	0	0	0
1428585110104160960	CPU_4	0	0	0	100.00	0	0	0	0	0	0
1428585110808549386	CPU_4	0	0	0	100.00	0	0	0	0	0	0
1428585111509155275	CPU_4	0	0	0	100.00	0	0	0	0	0	0
1428585112220778861	CPU_4	0	0	0	100.00	0	0	0	0	0	0
1428585112921641291	CPU_4	0	0	0	100.00	0	0	0	0	0	0
1428585113631924087	CPU_4	0	0	0	100.00	0	0	0	0	0	0
1428585114337062638	CPU_4	0	0	0	100.00	0	0	0	0	0	0
1428585115039152941	CPU_4	0	0	0	100.00	0	0	0	0	0	0
1428585115750176986	CPU_4	0	0	0	100.00	0	0	0	0	0	0
1428585116453487372	CPU_4	0	0	0	100.00	0	0	0	0	0	0
1428585117155062551	CPU_4	0	0	0	100.00	0	0	0	0	0	0
1428585117866525221	CPU_4	0	0	0	100.00	0	0	0	0	0	0
1428585118568782899	CPU_4	0	0	0	100.00	0	0	0	0	0	0
1428585119273378909	CPU_4	0	0	0	100.00	0	0	0	0	0	0
1428585119982448080	CPU_4	0	0	0	100.00	0	0	0	0	0	0
1428585120686246174	CPU_4	0	0	0	100.00	0	0	0	0	0	0
1428585121399777257	CPU_4	0	0	0	100.00	0	0	0	0	0	0
1428585122104541725	CPU_4	0	0	0	100.00	0	0	0	0	0	0
1428585122806766528	CPU_4	0	0	0	100.00	0	0	0	0	0	0
1428585123520488320	CPU_4	0	0	0	100.00	0	0	0	0	0	0
1428585124226278578	CPU_4	0	0	0	100.00	0	0	0	0	0	0
1428585124941837368	CPU_4	0	0	0	100.00	0	0	0	0	0	0
1428585125646885877	CPU_4	0	0	0	100.00	0	0	0	0	0	0
1428585126351019720	CPU_4	0	0	0	100.00	0	0	0	0	0	0
1428585127063870429	CPU_4	0	0	0	100.00	0	0	0	0	0	0
1428585127767682605	CPU_4	0	0	0	100.00	0	0	0	0	0	0
1428585128470088616	CPU_4	0	0	0	100.00	0	0	0	0	0	0
1428585129182329201	CPU_4	0	0	0	100.00	0	0	0	0	0	0
1428585129886163961	CPU_4	0	0	0	100.00	0	0	0	0	0	0
1428585130607052662	CPU_4	0	0	0	100.00	0	0	0	0	0	0
1428585131306334551	CPU_4	0	0	0	100.00	0	0	0	0	0	0
1428585132011304226	CPU_4	0	0	0	100.00	0	0	0	0	0	0
1428585132726462266	CPU_4	0	0	0	100.00	0	0	0	0	0	0
1428585133429785401	CPU_4	0	0	0	100.00	0	0	0	0	0	0
1428585134132942870	CPU_4	0	0	0	100.00	0	0	0	0	0	0
1428585134848181951	CPU_4	0	0	0	100.00	0	0	0	0	0	0
1428585135551298003	CPU_4	0	0	0	100.00	0	0	0	0	0	0
1428585136265740919	CPU_4	0	0	0	100.00	0	0	0	0	0	0
1428585136968702971	CPU_4	0	0	0	100.00	0	0	0	0	0	0
1428585137673169146	CPU_4	0	0	0	100.00	0	0	0	0	0	0
1428585138384336148	CPU_4	0	0	0	100.00	0	0	0	0	0	0
1428585139088118741	CPU_4	0	0	0	100.00	0	0	0	0	0	0
1428585139791971125	CPU_4	0	0	0	100.00	0	0	0	0	0	0
1428585140504161209	CPU_4	0	0	0	100.00	0	0	0	0	0	0
1428585141206112803	CPU_4	0	0	0	100.00	0	0	0	0	0	0
1428585141920297802	CPU_4	0	0	0	100.00	0	0	0	0	0	0
1428585142620350357	CPU_4	0	0	0	100.00	0	0	0	0	0	0
1428585143322624368	CPU_4	0	0	0	100.00	0	0	0	0	0	0
1428585144039400197	CPU_4	0	0	0	100.00	0	0	0	0	0	0
1428585144745697245	CPU_4	1.42	0	0	98.57	0	0	0	0	0	0
1428585145447322132	CPU_4	0	0	0	100.00	0	0	0	0	0	0
1428585146159678257	CPU_4	0	0	0	100.00	0	0	0	0	0	0
1428585146864308223	CPU_4	0	0	0	100.00	0	0	0	0	0	0
1428585147578431680	CPU_4	0	0	0	100.00	0	0	0	0	0	0
1428585148279265776	CPU_4	0	0	0	100.00	0	0	0	0	0	0
1428585148981713411	CPU_4	0	0	0	100.00	0	0	0	0	0	0
1428585149728922377	CPU_4	0	0	0	100.00	0	0	0	0	0	0
1428585150433053927	CPU_4	0	0	0	100.00	0	0	0	0	0	0
1428585151146393009	CPU_4	0	0	0	100.00	0	0	0	0	0	0
1428585151851100767	CPU_4	0	0	0	100.00	0	0	0	0	0	0
1428585152554122443	CPU_4	0	0	0	100.00	0	0	0	0	0	0
1428585153267891900	CPU_4	0	0	0	100.00	0	0	0	0	0	0
1428585153969194453	CPU_4	0	0	0	100.00	0	0	0	0	0	0
1428585154672841712	CPU_4	0	0	0	100.00	0	0	0	0	0	0
1428585155385422253	CPU_4	0	0	0	100.00	0	0	0	0	0	0
1428585156087968222	CPU_4	0	0	0	100.00	0	0	0	0	0	0
1428585156800970013	CPU_4	0	0	0	100.00	0	0	0	0	0	0
1428585157504624605	CPU_4	0	0	0	100.00	0	0	0	0	0	0
1428585158205493866	CPU_4	0	0	0	100.00	0	0	0	0	0	0
1428585158924057401	CPU_4	0	0	0	100.00	0	0	0	0	0	0
1428585159629557783	CPU_4	0	0	0	100.00	0	0	0	0	0	0
1428585160333268666	CPU_4	0	0	0	100.00	0	0	0	0	0	0
1428585161046081582	CPU_4	0	0	0	100.00	0	0	0	0	0	0
1428585161750454299	CPU_4	0	0	0	100.00	0	0	0	0	0	0
1428585162463959047	CPU_4	0	0	0	100.00	0	0	0	0	0	0
1428585163167490931	CPU_4	0	0	0	100.00	0	0	0	0	0	0
1428585163871574480	CPU_4	0	0	0	100.00	0	0	0	0	0	0
1428585164587914934	CPU_4	0	0	0	100.00	0	0	0	0	0	0
1428585165288859279	CPU_4	0	0	0	100.00	0	0	0	0	0	0
1428585166009431728	CPU_4	0	0	0	100.00	0	0	0	0	0	0
1428585166713911777	CPU_4	0	0	0	100.00	0	0	0	0	0	0
1428585167417508827	CPU_4	0	0	0	100.00	0	0	0	0	0	0
1428585168131046992	CPU_4	0	0	0	100.00	0	0	0	0	0	0
1428585168834755959	CPU_4	0	0	0	100.00	0	0	0	0	0	0
1428585169537196176	CPU_4	0	0	0	100.00	0	0	0	0	0	0
1428585170252205756	CPU_4	0	0	0	100.00	0	0	0	0	0	0
1428585170957671263	CPU_4	0	0	0	100.00	0	0	0	0	0	0
1428585171670502053	CPU_4	0	0	0	100.00	0	0	0	0	0	0
1428585172373853936	CPU_4	0	0	0	100.00	0	0	0	0	0	0
1428585173079803734	CPU_4	0	0	0	100.00	0	0	0	0	0	0
1428585173791454234	CPU_4	0	0	0	100.00	0	0	0	0	0	0
1428585174497343739	CPU_4	0	0	0	100.00	0	0	0	0	0	0
1428585175200984372	CPU_4	0	0	0	100.00	0	0	0	0	0	0
1428585175914037871	CPU_4	0	0	0	100.00	0	0	0	0	0	0
1428585176618050003	CPU_4	0	0	0	100.00	0	0	0	0	0	0
1428585177332720000	CPU_4	0	0	0	100.00	0	0	0	0	0	0
1428585178036684924	CPU_4	0	0	0	100.00	0	0	0	0	0	0
1428585178741852055	CPU_4	0	0	0	100.00	0	0	0	0	0	0
1428585179457690342	CPU_4	0	0	0	100.00	0	0	0	0	0	0
1428585180164976888	CPU_4	0	0	0	100.00	0	0	0	0	0	0
1428585180868337271	CPU_4	0	0	0	100.00	0	0	0	0	0	0
1428585181586889638	CPU_4	0	0	0	100.00	0	0	0	0	0	0
1428585182290224188	CPU_4	0	0	0	100.00	0	0	0	0	0	0
1428585183004806809	CPU_4	0	0	0	100.00	0	0	0	0	0	0
1428585183710741690	CPU_4	0	0	0	100.00	0	0	0	0	0	0
1428585184415380779	CPU_4	0	0	0	100.00	0	0	0	0	0	0
1428585185128893027	CPU_4	0	0	0	100.00	0	0	0	0	0	0
1428585185832803284	CPU_4	0	0	0	100.00	0	0	0	0	0	0
1428585186546465365	CPU_4	0	0	0	100.00	0	0	0	0	0	0
1428585187249288289	CPU_4	0	0	0	100.00	0	0	0	0	0	0
1428585187953908296	CPU_4	0	0	0	100.00	0	0	0	0	0	0
1428585188668508292	CPU_4	0	0	0	100.00	0	0	0	0	0	0
1428585189369215886	CPU_4	0	0	0	100.00	0	0	0	0	0	0
1428585190077318097	CPU_4	0	0	0	100.00	0	0	0	0	0	0
1428585190790157636	CPU_4	0	0	0	100.00	0	0	0	0	0	0
1428585191496916599	CPU_4	0	0	0	100.00	0	0	0	0	0	0
1428585192208053432	CPU_4	0	0	0	100.00	0	0	0	0	0	0
1428585192913750437	CPU_4	0	0	0	100.00	0	0	0	0	0	0
1428585193619197317	CPU_4	0	0	0	100.00	0	0	0	0	0	0
1428585194330580191	CPU_4	0	0	0	100.00	0	0	0	0	0	0
1428585195035564238	CPU_4	0	0	0	100.00	0	0	0	0	0	0
1428585195744230240	CPU_4	0	0	0	100.00	0	0	0	0	0	0
1428585196453792325	CPU_4	0	0	0	100.00	0	0	0	0	0	0
1428585197160077495	CPU_4	0	0	0	100.00	0	0	0	0	0	0
1428585197873411951	CPU_4	0	0	0	100.00	0	0	0	0	0	0
1428585198577320749	CPU_4	0	0	0	100.00	0	0	0	0	0	0
1428585199280402423	CPU_4	0	0	0	100.00	0	0	0	0	0	0
1428585199995642418	CPU_4	0	0	0	100.00	0	0	0	0	0	0
1428585200698263801	CPU_4	0	0	0	100.00	0	0	0	0	0	0
1428585201413388921	CPU_4	0	0	0	100.00	0	0	0	0	0	0
1428585202122637256	CPU_4	0	0	0	100.00	0	0	0	0	0	0
1428585202824782389	CPU_4	0	0	0	100.00	0	0	0	0	0	0
1428585203539912217	CPU_4	0	0	0	100.00	0	0	0	0	0	0
1428585204245133972	CPU_4	0	0	0	100.00	0	0	0	0	0	0
1428585204950567394	CPU_4	0	0	0	100.00	0	0	0	0	0	0
1428585205665324097	CPU_4	0	0	0	100.00	0	0	0	0	0	0
1428585206370571977	CPU_4	0	0	0	100.00	0	0	0	0	0	0
1428585207089733385	CPU_4	0	0	0	100.00	0	0	0	0	0	0
1428585207792196767	CPU_4	0	0	0	100.00	0	0	0	0	0	0
1428585208498704146	CPU_4	0	0	0	100.00	0	0	0	0	0	0
1428585209214341432	CPU_4	0	0	0	100.00	0	0	0	0	0	0
1428585209918760562	CPU_4	0	0	0	100.00	0	0	0	0	0	0
1428585210624971233	CPU_4	0	0	0	100.00	0	0	0	0	0	0
1428585211344731889	CPU_4	0	0	0	100.00	0	0	0	0	0	0
1428585212052313558	CPU_4	0	0	0	100.00	0	0	0	0	0	0
1428585212769122135	CPU_4	0	0	0	100.00	0	0	0	0	0	0
1428585213473825098	CPU_4	0	0	0	100.00	0	0	0	0	0	0
1428585214180089018	CPU_4	0	0	0	100.00	0	0	0	0	0	0
1428585214894768805	CPU_4	0	0	0	100.00	0	0	0	0	0	0
1428585215601927849	CPU_4	0	0	0	100.00	0	0	0	0	0	0
1428585216321136381	CPU_4	0	0	0	100.00	0	0	0	0	0	0
1428585217027110343	CPU_4	0	0	0	100.00	0	0	0	0	0	0
1428585217732414389	CPU_4	0	0	0	100.00	0	0	0	0	0	0
1428585218449335007	CPU_4	0	0	0	100.00	0	0	0	0	0	0
1428585219154057762	CPU_4	0	0	0	100.00	0	0	0	0	0	0
1428585219860303723	CPU_4	0	0	0	100.00	0	0	0	0	0	0
1428585220576673341	CPU_4	0	0	0	100.00	0	0	0	0	0	0
1428585221280262930	CPU_4	0	0	0	100.00	0	0	0	0	0	0
1428585221999822754	CPU_4	0	0	0	100.00	0	0	0	0	0	0
1428585222706903339	CPU_4	0	0	0	100.00	0	0	0	0	0	0
1428585223410419845	CPU_4	0	0	0	100.00	0	0	0	0	0	0
1428585224127909545	CPU_4	0	0	0	100.00	0	0	0	0	0	0
1428585224833027466	CPU_4	0	0	0	100.00	0	0	0	0	0	0
1428585225552584456	CPU_4	0	0	0	100.00	0	0	0	0	0	0
1428585226257355335	CPU_4	0	0	0	100.00	0	0	0	0	0	0
1428585226964811962	CPU_4	0	0	0	100.00	0	0	0	0	0	0
1428585227680993080	CPU_4	0	0	0	100.00	0	0	0	0	0	0
1428585228384855085	CPU_4	0	0	0	100.00	0	0	0	0	0	0
1428585229092128545	CPU_4	0	0	0	100.00	0	0	0	0	0	0
1428585229808529705	CPU_4	0	0	0	100.00	0	0	0	0	0	0
1428585230510623878	CPU_4	0	0	0	100.00	0	0	0	0	0	0
1428585231226397955	CPU_4	0	0	0	100.00	0	0	0	0	0	0
1428585231931916000	CPU_4	0	0	0	100.00	0	0	0	0	0	0
1428585232637757378	CPU_4	0	0	0	100.00	0	0	0	0	0	0
1428585233352654705	CPU_4	0	0	0	100.00	0	0	0	0	0	0
1428585234059436374	CPU_4	0	0	0	100.00	0	0	0	0	0	0
1428585234763989503	CPU_4	0	0	0	100.00	0	0	0	0	0	0
1428585235479267580	CPU_4	0	0	0	100.00	0	0	0	0	0	0
1428585236183819543	CPU_4	0	0	0	100.00	0	0	0	0	0	0
1428585236898795578	CPU_4	0	0	0	100.00	0	0	0	0	0	0
1428585237605200789	CPU_4	0	0	0	100.00	0	0	0	0	0	0
1428585238311507333	CPU_4	0	0	0	100.00	0	0	0	0	0	0
1428585239025047161	CPU_4	0	0	0	100.00	0	0	0	0	0	0
1428585239728840875	CPU_4	0	0	0	100.00	0	0	0	0	0	0
1428585240443979785	CPU_4	0	0	0	100.00	0	0	0	0	0	0
1428585241156794864	CPU_4	0	0	0	100.00	0	0	0	0	0	0
1428585241860028327	CPU_4	0	0	0	100.00	0	0	0	0	0	0
1428585242576611069	CPU_4	0	0	0	100.00	0	0	0	0	0	0
1428585243282138239	CPU_4	0	0	0	100.00	0	0	0	0	0	0
1428585243987436450	CPU_4	0	0	0	100.00	0	0	0	0	0	0
1428585244702339235	CPU_4	0	0	0	100.00	0	0	0	0	0	0
1428585245407929863	CPU_4	0	0	0	100.00	0	0	0	0	0	0
1428585246125289563	CPU_4	0	0	0	100.00	0	0	0	0	0	0
1428585246829511025	CPU_4	0	0	0	100.00	0	0	0	0	0	0
1428585247534384945	CPU_4	0	0	0	100.00	0	0	0	0	0	0
1428585248254272683	CPU_4	0	0	0	100.00	0	0	0	0	0	0
1428585248957936313	CPU_4	0	0	0	100.00	0	0	0	0	0	0
1428585249667828603	CPU_4	0	0	0	100.00	0	0	0	0	0	0
1428585250381205223	CPU_4	0	0	0	100.00	0	0	0	0	0	0
1428585251087429891	CPU_4	0	0	0	100.00	0	0	0	0	0	0
1428585251802607217	CPU_4	0	0	0	100.00	0	0	0	0	0	0
1428585252509278302	CPU_4	0	0	0	100.00	0	0	0	0	0	0
1428585253217234552	CPU_4	0	0	0	100.00	0	0	0	0	0	0
1428585253933548377	CPU_4	0	0	0	100.00	0	0	0	0	0	0
1428585254641622335	CPU_4	0	0	0	100.00	0	0	0	0	0	0
1428585255360961574	CPU_4	0	0	0	100.00	0	0	0	0	0	0
1428585256065451286	CPU_4	0	0	0	100.00	0	0	0	0	0	0
1428585256773548410	CPU_4	0	0	0	100.00	0	0	0	0	0	0
1428585257490226527	CPU_4	0	0	0	100.00	0	0	0	0	0	0
1428585258196203653	CPU_4	0	0	0	100.00	0	0	0	0	0	0
1428585258912427312	CPU_4	0	0	0	100.00	0	0	0	0	0	0
1428585259621656185	CPU_4	0	0	0	100.00	0	0	0	0	0	0
1428585260326331313	CPU_4	0	0	0	100.00	0	0	0	0	0	0
1428585261044264636	CPU_4	0	0	0	100.00	0	0	0	0	0	0
1428585261751129095	CPU_4	0	0	0	100.00	0	0	0	0	0	0
1428585262456060473	CPU_4	0	0	0	100.00	0	0	0	0	0	0
1428585263176672460	CPU_4	0	0	0	100.00	0	0	0	0	0	0
1428585263889873996	CPU_4	0	0	0	100.00	0	0	0	0	0	0
1428585264612031690	CPU_4	1.38	0	0	98.61	0	0	0	0	0	0
1428585265317782525	CPU_4	0	0	0	100.00	0	0	0	0	0	0
1428585266024267567	CPU_4	0	0	0	100.00	0	0	0	0	0	0
1428585266741787390	CPU_4	0	0	0	100.00	0	0	0	0	0	0
1428585267446636685	CPU_4	0	0	0	100.00	0	0	0	0	0	0
1428585268164702174	CPU_4	0	0	0	100.00	0	0	0	0	0	0
1428585268876402253	CPU_4	0	0	0	100.00	0	0	0	0	0	0
1428585269582317963	CPU_4	0	0	0	100.00	0	0	0	0	0	0
1428585270299367494	CPU_4	0	0	0	100.00	0	0	0	0	0	0
1428585271007289369	CPU_4	0	0	0	100.00	0	0	0	0	0	0
1428585271717339991	CPU_4	0	0	0	100.00	0	0	0	0	0	0
1428585272433279315	CPU_4	0	0	0	100.00	0	0	0	0	0	0
1428585273141391898	CPU_4	0	0	0	100.00	0	0	0	0	0	0
1428585273860108719	CPU_4	0	0	0	100.00	0	0	0	0	0	0
1428585274565193346	CPU_4	0	0	0	100.00	0	0	0	0	0	0
1428585275279333214	CPU_4	0	0	0	100.00	0	0	0	0	0	0
1428585275995641122	CPU_4	0	0	0	100.00	0	0	0	0	0	0
1428585276702114164	CPU_4	0	0	0	100.00	0	0	0	0	0	0
1428585277425587106	CPU_4	0	0	0	100.00	0	0	0	0	0	0
1428585278135382644	CPU_4	0	0	0	100.00	0	0	0	0	0	0
1428585278844257434	CPU_4	0	0	0	100.00	0	0	0	0	0	0
1428585279560400841	CPU_4	0	0	0	100.00	0	0	0	0	0	0
1428585280269200006	CPU_4	0	0	0	100.00	0	0	0	0	0	0
1428585280978354920	CPU_4	0	0	0	100.00	0	0	0	0	0	0
1428585281694405161	CPU_4	0	0	0	100.00	0	0	0	0	0	0
1428585282403455825	CPU_4	0	0	0	100.00	0	0	0	0	0	0
1428585283121717897	CPU_4	0	0	0	100.00	0	0	0	0	0	0
1428585283830496103	CPU_4	0	0	0	100.00	0	0	0	0	0	0
1428585284537775561	CPU_4	0	0	0	100.00	0	0	0	0	0	0
1428585285257912548	CPU_4	0	0	0	100.00	0	0	0	0	0	0
1428585285969362793	CPU_4	0	0	0	100.00	0	0	0	0	0	0
1428585286688062822	CPU_4	0	0	0	100.00	0	0	0	0	0	0
1428585287395540946	CPU_4	0	0	0	100.00	0	0	0	0	0	0
1428585288104732527	CPU_4	0	0	0	100.00	0	0	0	0	0	0
1428585288821539558	CPU_4	0	0	0	100.00	0	0	0	0	0	0
1428585289530029098	CPU_4	0	0	0	100.00	0	0	0	0	0	0
1428585290248051044	CPU_4	0	0	0	100.00	0	0	0	0	0	0
1428585290962085245	CPU_4	0	0	0	100.00	0	0	0	0	0	0
1428585291673975989	CPU_4	0	0	0	100.00	0	0	0	0	0	0
1428585292392480935	CPU_4	0	0	0	100.00	0	0	0	0	0	0
1428585293100615225	CPU_4	0	0	0	100.00	0	0	0	0	0	0
1428585293806953683	CPU_4	0	0	0	100.00	0	0	0	0	0	0
1428585294523809173	CPU_4	0	0	0	100.00	0	0	0	0	0	0
1428585295235127459	CPU_4	0	0	0	100.00	0	0	0	0	0	0
1428585295950978449	CPU_4	0	0	0	100.00	0	0	0	0	0	0
1428585296660996987	CPU_4	0	0	0	100.00	0	0	0	0	0	0
1428585297370420859	CPU_4	0	0	0	100.00	0	0	0	0	0	0
1428585298092005260	CPU_4	0	0	0	100.00	0	0	0	0	0	0
1428585298799521925	CPU_4	0	0	0	100.00	0	0	0	0	0	0
1428585299517827038	CPU_4	0	0	0	100.00	0	0	0	0	0	0
1428585300227733534	CPU_4	0	0	0	100.00	0	0	0	0	0	0
1428585300936222531	CPU_4	0	0	0	100.00	0	0	0	0	0	0
1428585301658084807	CPU_4	0	0	0	100.00	0	0	0	0	0	0
1428585302368437469	CPU_4	0	0	0	100.00	0	0	0	0	0	0
1428585303082139753	CPU_4	0	0	0	100.00	0	0	0	0	0	0
1428585303798073243	CPU_4	0	0	0	100.00	0	0	0	0	0	0
1428585304505642657	CPU_4	0	0	0	100.00	0	0	0	0	0	0
1428585305229325181	CPU_4	0	0	0	100.00	0	0	0	0	0	0
1428585305937533137	CPU_4	0	0	0	100.00	0	0	0	0	0	0
1428585306648094174	CPU_4	0	0	0	100.00	0	0	0	0	0	0
1428585307367828034	CPU_4	0	0	0	100.00	0	0	0	0	0	0
1428585308074533908	CPU_4	0	0	0	100.00	0	0	0	0	0	0
1428585308793247728	CPU_4	0	0	0	100.00	0	0	0	0	0	0
1428585309502570308	CPU_4	0	0	0	100.00	0	0	0	0	0	0
1428585310208458641	CPU_4	0	0	0	100.00	0	0	0	0	0	0
1428585310927698085	CPU_4	0	0	0	100.00	0	0	0	0	0	0
1428585311635528208	CPU_4	0	0	0	100.00	0	0	0	0	0	0
1428585312355571860	CPU_4	0	0	0	100.00	0	0	0	0	0	0
1428585313061775026	CPU_4	0	0	0	100.00	0	0	0	0	0	0
1428585313771805438	CPU_4	0	0	0	100.00	0	0	0	0	0	0
1428585314491198465	CPU_4	0	0	0	100.00	0	0	0	0	0	0
1428585315199277588	CPU_4	0	0	0	100.00	0	0	0	0	0	0
1428585315910058915	CPU_4	0	0	0	100.00	0	0	0	0	0	0
1428585316629396526	CPU_4	0	0	0	100.00	0	0	0	0	0	0
1428585317341321520	CPU_4	0	0	0	100.00	0	0	0	0	0	0
1428585318061058213	CPU_4	0	0	0	100.00	0	0	0	0	0	0
1428585318770356584	CPU_4	0	0	0	100.00	0	0	0	0	0	0
1428585319480112246	CPU_4	0	0	0	100.00	0	0	0	0	0	0
1428585320197389567	CPU_4	0	0	0	100.00	0	0	0	0	0	0
1428585320907266104	CPU_4	0	0	0	100.00	0	0	0	0	0	0
1428585321630260211	CPU_4	0	0	0	100.00	0	0	0	0	0	0
1428585322339261082	CPU_4	1.42	0	8.57	90.00	0	0	0	0	0	0
1428585323047887870	CPU_4	0	0	0	100.00	0	0	0	0	0	0
1428585323768869312	CPU_4	0	0	0	100.00	0	0	0	0	0	0
1428585324479236432	CPU_4	0	0	0	100.00	0	0	0	0	0	0
1428585325195716045	CPU_4	0	0	0	100.00	0	0	0	0	0	0
1428585325905681123	CPU_4	0	0	0	100.00	0	0	0	0	0	0
1428585326615478285	CPU_4	0	0	0	100.00	0	0	0	0	0	0
1428585327338984724	CPU_4	0	0	0	100.00	0	0	0	0	0	0
1428585328047505387	CPU_4	0	0	0	100.00	0	0	0	0	0	0
1428585328767047664	CPU_4	0	0	0	100.00	0	0	0	0	0	0
1428585329481157988	CPU_4	0	0	0	100.00	0	0	0	0	0	0
1428585330189488067	CPU_4	0	0	0	100.00	0	0	0	0	0	0
1428585330909886176	CPU_4	0	0	0	100.00	0	0	0	0	0	0
1428585331618448714	CPU_4	0	0	0	100.00	0	0	0	0	0	0
1428585332334755702	CPU_4	0	0	0	100.00	0	0	0	0	0	0
1428585333052769022	CPU_4	0	0	0	100.00	0	0	0	0	0	0
1428585333763904390	CPU_4	0	0	0	100.00	0	0	0	0	0	0
1428585334495095989	CPU_4	0	0	0	100.00	0	0	0	0	0	0
1428585335204792400	CPU_4	0	0	0	100.00	0	0	0	0	0	0
1428585335915176727	CPU_4	0	0	0	100.00	0	0	0	0	0	0
1428585336634854045	CPU_4	0	0	0	100.00	0	0	0	0	0	0
1428585337347131079	CPU_4	0	0	0	100.00	0	0	0	0	0	0
1428585338067312605	CPU_4	0	0	0	100.00	0	0	0	0	0	0
1428585338777331432	CPU_4	0	0	0	100.00	0	0	0	0	0	0
1428585339485424345	CPU_4	0	0	0	100.00	0	0	0	0	0	0
1428585340205623662	CPU_4	0	0	0	100.00	0	0	0	0	0	0
1428585340918373362	CPU_4	0	0	0	100.00	0	0	0	0	0	0
1428585341642218967	CPU_4	0	0	0	100.00	0	0	0	0	0	0
1428585342354096918	CPU_4	0	0	0	100.00	0	0	0	0	0	0
1428585343063248913	CPU_4	0	0	0	100.00	0	0	0	0	0	0
1428585343785421478	CPU_4	0	0	0	100.00	0	0	0	0	0	0
1428585344493781973	CPU_4	0	0	0	100.00	0	0	0	0	0	0
1428585345208221505	CPU_4	0	0	0	100.00	0	0	0	0	0	0
1428585345926252157	CPU_4	0	0	0	100.00	0	0	0	0	0	0
1428585346639847272	CPU_4	0	0	0	100.00	0	0	0	0	0	0
1428585347360124381	CPU_4	0	0	0	100.00	0	0	0	0	0	0
1428585348070117708	CPU_4	0	0	0	100.00	0	0	0	0	0	0
1428585348780224577	CPU_4	0	0	0	100.00	0	0	0	0	0	0
1428585349499641561	CPU_4	0	0	0	100.00	0	0	0	0	0	0
1428585350209026972	CPU_4	0	0	0	100.00	0	0	0	0	0	0
1428585350929296830	CPU_4	0	0	0	100.00	0	0	0	0	0	0
1428585351641663697	CPU_4	0	0	0	100.00	0	0	0	0	0	0
1428585352355617811	CPU_4	0	0	0	100.00	0	0	0	0	0	0
1428585353077185418	CPU_4	0	0	0	100.00	0	0	0	0	0	0
1428585353788087994	CPU_4	0	0	0	100.00	0	0	0	0	0	0
1428585354506266771	CPU_4	0	0	0	100.00	0	0	0	0	0	0
1428585355216889056	CPU_4	0	0	0	100.00	0	0	0	0	0	0
1428585355927922132	CPU_4	0	0	0	100.00	0	0	0	0	0	0
1428585356646164617	CPU_4	0	0	0	100.00	0	0	0	0	0	0
1428585357361810896	CPU_4	0	0	0	100.00	0	0	0	0	0	0
1428585358085050918	CPU_4	0	0	0	100.00	0	0	0	0	0	0
1428585358795445161	CPU_4	0	0	0	100.00	0	0	0	0	0	0
1428585359505828154	CPU_4	0	0	0	100.00	0	0	0	0	0	0
1428585360225495429	CPU_4	0	0	0	100.00	0	0	0	0	0	0
1428585360938139503	CPU_4	0	0	0	100.00	0	0	0	0	0	0
1428585361663499814	CPU_4	0	0	0	100.00	0	0	0	0	0	0
1428585362382847048	CPU_4	0	0	0	100.00	0	0	0	0	0	0
1428585363095686539	CPU_4	0	0	0	100.00	0	0	0	0	0	0
1428585363818231352	CPU_4	0	0	0	100.00	0	0	0	0	0	0
1428585364526122431	CPU_4	0	0	0	100.00	0	0	0	0	0	0
1428585365242742751	CPU_4	0	0	0	100.00	0	0	0	0	0	0
1428585365959241237	CPU_4	0	0	0	100.00	0	0	0	0	0	0
1428585366669208564	CPU_4	0	0	0	100.00	0	0	0	0	0	0
1428585367391781252	CPU_4	0	0	0	100.00	0	0	0	0	0	0
1428585368103577452	CPU_4	0	0	0	100.00	0	0	0	0	0	0
1428585368818280482	CPU_4	0	0	0	100.00	0	0	0	0	0	0
1428585369538983839	CPU_4	0	0	0	100.00	0	0	0	0	0	0
1428585370249473956	CPU_4	0	0	0	100.00	0	0	0	0	0	0
1428585370971509354	CPU_4	0	0	0	100.00	0	0	0	0	0	0
1428585371680722181	CPU_4	0	0	0	100.00	0	0	0	0	0	0
1428585372393215296	CPU_4	0	0	0	100.00	0	0	0	0	0	0
1428585373114011694	CPU_4	0	0	0	100.00	0	0	0	0	0	0
1428585373828927599	CPU_4	0	0	0	100.00	0	0	0	0	0	0
1428585374547930958	CPU_4	0	0	0	100.00	0	0	0	0	0	0
1428585375259941865	CPU_4	0	0	0	100.00	0	0	0	0	0	0
1428585375970583190	CPU_4	0	0	0	100.00	0	0	0	0	0	0
1428585376689996382	CPU_4	0	0	0	100.00	0	0	0	0	0	0
1428585377403215538	CPU_4	0	0	0	100.00	0	0	0	0	0	0
1428585378123557603	CPU_4	0	0	0	100.00	0	0	0	0	0	0
1428585378839561298	CPU_4	0	0	0	100.00	0	0	0	0	0	0
1428585379549019333	CPU_4	0	0	0	100.00	0	0	0	0	0	0
1428585380270305397	CPU_4	0	0	0	100.00	0	0	0	0	0	0
1428585380982190096	CPU_4	0	0	0	100.00	0	0	0	0	0	0
1428585381705721616	CPU_4	0	0	0	100.00	0	0	0	0	0	0
1428585382418028231	CPU_4	0	0	0	100.00	0	0	0	0	0	0
1428585383129654722	CPU_4	0	0	0	100.00	0	0	0	0	0	0
1428585383865084689	CPU_4	0	0	0	100.00	0	0	0	0	0	0
1428585384579152302	CPU_4	0	0	0	100.00	0	0	0	0	0	0
1428585385303734196	CPU_4	0	0	0	100.00	0	0	0	0	0	0
1428585386015975561	CPU_4	0	0	0	100.00	0	0	0	0	0	0
1428585386726824386	CPU_4	0	0	0	100.00	0	0	0	0	0	0
1428585387452704070	CPU_4	0	0	0	100.00	0	0	0	0	0	0
1428585388164529644	CPU_4	0	0	0	100.00	0	0	0	0	0	0
1428585388891405494	CPU_4	0	0	0	100.00	0	0	0	0	0	0
1428585389639848405	CPU_4	0	0	0	100.00	0	0	0	0	0	0
1428585390350825313	CPU_4	0	0	0	100.00	0	0	0	0	0	0
1428585391073306084	CPU_4	0	0	0	100.00	0	0	0	0	0	0
1428585391784647700	CPU_4	0	0	0	100.00	0	0	0	0	0	0
1428585392508942219	CPU_4	0	0	0	100.00	0	0	0	0	0	0
1428585393220145043	CPU_4	0	0	0	100.00	0	0	0	0	0	0
1428585393935475488	CPU_4	0	0	0	100.00	0	0	0	0	0	0
1428585394659295507	CPU_4	0	0	0	100.00	0	0	0	0	0	0
1428585395370813456	CPU_4	0	0	0	100.00	0	0	0	0	0	0
1428585396091826811	CPU_4	0	0	0	100.00	0	0	0	0	0	0
1428585396802835760	CPU_4	0	0	0	100.00	0	0	0	0	0	0
1428585397518757955	CPU_4	0	0	0	100.00	0	0	0	0	0	0
1428585398241252309	CPU_4	0	0	0	100.00	0	0	0	0	0	0
1428585398954016589	CPU_4	0	0	0	100.00	0	0	0	0	0	0
1428585399685809350	CPU_4	0	0	0	100.00	0	0	0	0	0	0
1428585400396657508	CPU_4	0	0	0	100.00	0	0	0	0	0	0
1428585401111695161	CPU_4	0	0	0	100.00	0	0	0	0	0	0
1428585401831690351	CPU_4	0	0	0	100.00	0	0	0	0	0	0
1428585402543843923	CPU_4	0	0	0	100.00	0	0	0	0	0	0
1428585403261778948	CPU_4	0	0	0	100.00	0	0	0	0	0	0
1428585403980106306	CPU_4	0	0	0	100.00	0	0	0	0	0	0
1428585404693585753	CPU_4	0	0	0	100.00	0	0	0	0	0	0
1428585405415067566	CPU_4	0	0	0	100.00	0	0	0	0	0	0
1428585406126995639	CPU_4	0	0	0	100.00	0	0	0	0	0	0
1428585406840076002	CPU_4	0	0	0	100.00	0	0	0	0	0	0
1428585407562213106	CPU_4	0	0	0	100.00	0	0	0	0	0	0
1428585408274201220	CPU_4	0	0	0	100.00	0	0	0	0	0	0
1428585408997698823	CPU_4	0	0	0	100.00	0	0	0	0	0	0
1428585409713145683	CPU_4	0	0	0	100.00	0	0	0	0	0	0
1428585410423778507	CPU_4	0	0	0	100.00	0	0	0	0	0	0
1428585411146025403	CPU_4	0	0	0	100.00	0	0	0	0	0	0
1428585411858947641	CPU_4	0	0	0	100.00	0	0	0	0	0	0
1428585412580926911	CPU_4	0	0	0	100.00	0	0	0	0	0	0
1428585413292457026	CPU_4	0	0	0	100.00	0	0	0	0	0	0
1428585414006542471	CPU_4	0	0	0	100.00	0	0	0	0	0	0
1428585414730136198	CPU_4	0	0	0	100.00	0	0	0	0	0	0
1428585415443751144	CPU_4	0	0	0	100.00	0	0	0	0	0	0
1428585416165676789	CPU_4	0	0	0	100.00	0	0	0	0	0	0
1428585416879029819	CPU_4	0	0	0	100.00	0	0	0	0	0	0
1428585417589256476	CPU_4	0	0	0	100.00	0	0	0	0	0	0
1428585418311587621	CPU_4	0	0	0	100.00	0	0	0	0	0	0
1428585419024566275	CPU_4	0	0	0	100.00	0	0	0	0	0	0
1428585419746669504	CPU_4	0	0	0	100.00	0	0	0	0	0	0
1428585420457801993	CPU_4	0	0	0	100.00	0	0	0	0	0	0
1428585421171140189	CPU_4	0	0	0	100.00	0	0	0	0	0	0
1428585421894287208	CPU_4	0	0	0	100.00	0	0	0	0	0	0
1428585422604557657	CPU_4	0	0	0	100.00	0	0	0	0	0	0
1428585423325906219	CPU_4	0	0	0	100.00	0	0	0	0	0	0
1428585424040399539	CPU_4	0	0	0	100.00	0	0	0	0	0	0
1428585424752343694	CPU_4	0	0	0	100.00	0	0	0	0	0	0
1428585425477735086	CPU_4	0	0	0	100.00	0	0	0	0	0	0
1428585426189742741	CPU_4	0	0	0	100.00	0	0	0	0	0	0
1428585426913429592	CPU_4	0	0	0	100.00	0	0	0	0	0	0
1428585427625651997	CPU_4	0	0	0	100.00	0	0	0	0	0	0
1428585428338099527	CPU_4	0	0	0	100.00	0	0	0	0	0	0
1428585429061317420	CPU_4	0	0	0	100.00	0	0	0	0	0	0
1428585429774822199	CPU_4	0	0	0	100.00	0	0	0	0	0	0
1428585430498204967	CPU_4	0	0	0	100.00	0	0	0	0	0	0
1428585431211333621	CPU_4	0	0	0	100.00	0	0	0	0	0	0
1428585431925398232	CPU_4	0	0	0	100.00	0	0	0	0	0	0
1428585432651481498	CPU_4	0	0	0	100.00	0	0	0	0	0	0
1428585433361441571	CPU_4	0	0	0	100.00	0	0	0	0	0	0
1428585434084858631	CPU_4	0	0	0	100.00	0	0	0	0	0	0
1428585434797821035	CPU_4	0	0	0	100.00	0	0	0	0	0	0
1428585435513319978	CPU_4	0	0	0	100.00	0	0	0	0	0	0
1428585436235692705	CPU_4	0	0	0	100.00	0	0	0	0	0	0
1428585436950078274	CPU_4	0	0	0	100.00	0	0	0	0	0	0
1428585437678467204	CPU_4	0	0	0	100.00	0	0	0	0	0	0
1428585438390911817	CPU_4	0	0	0	100.00	0	0	0	0	0	0
1428585439103143304	CPU_4	0	0	0	100.00	0	0	0	0	0	0
1428585439826235864	CPU_4	0	0	0	100.00	0	0	0	0	0	0
1428585440537654519	CPU_4	0	0	0	100.00	0	0	0	0	0	0
1428585441269927778	CPU_4	0	0	0	100.00	0	0	0	0	0	0
1428585441983314306	CPU_4	0	0	0	100.00	0	0	0	0	0	0
1428585442696644293	CPU_4	0	0	0	100.00	0	0	0	0	0	0
1428585443417888646	CPU_4	0	0	0	100.00	0	0	0	0	0	0
1428585444133757422	CPU_4	0	0	0	100.00	0	0	0	0	0	0
1428585444851190737	CPU_4	0	0	0	100.00	0	0	0	0	0	0
1428585445571688883	CPU_4	0	0	0	100.00	0	0	0	0	0	0
1428585446285112452	CPU_4	0	0	0	100.00	0	0	0	0	0	0
1428585447010259760	CPU_4	0	0	0	100.00	0	0	0	0	0	0
1428585447726769284	CPU_4	0	0	0	100.00	0	0	0	0	0	0
1428585448446367431	CPU_4	0	0	0	100.00	0	0	0	0	0	0
1428585449164078038	CPU_4	0	0	0	100.00	0	0	0	0	0	0
1428585449878584273	CPU_4	0	0	0	100.00	0	0	0	0	0	0
1428585450604094330	CPU_4	0	0	0	100.00	0	0	0	0	0	0
1428585451317795024	CPU_4	0	0	0	100.00	0	0	0	0	0	0
1428585452039661418	CPU_4	0	0	0	100.00	0	0	0	0	0	0
1428585452758949898	CPU_4	0	0	0	100.00	0	0	0	0	0	0
1428585453471146385	CPU_4	0	0	0	100.00	0	0	0	0	0	0
1428585454194496236	CPU_4	0	0	0	100.00	0	0	0	0	0	0
1428585454907392139	CPU_4	0	0	0	100.00	0	0	0	0	0	0
1428585455624899912	CPU_4	0	0	0	100.00	0	0	0	0	0	0
1428585456344005058	CPU_4	0	0	0	100.00	0	0	0	0	0	0
1428585457058904751	CPU_4	0	0	0	100.00	0	0	0	0	0	0
1428585457782232018	CPU_4	0	0	0	100.00	0	0	0	0	0	0
1428585458497292086	CPU_4	0	0	0	100.00	0	0	0	0	0	0
1428585459210425988	CPU_4	0	0	0	100.00	0	0	0	0	0	0
1428585459934949671	CPU_4	0	0	0	100.00	0	0	0	0	0	0
1428585460649878613	CPU_4	0	0	0	100.00	0	0	0	0	0	0
1428585461373500838	CPU_4	0	0	0	100.00	0	0	0	0	0	0
1428585462088381072	CPU_4	0	0	0	100.00	0	0	0	0	0	0
1428585462804571055	CPU_4	0	0	0	98.61	0	1.38	0	0	0	0
1428585463529254862	CPU_4	0	0	0	100.00	0	0	0	0	0	0
1428585464240991266	CPU_4	0	0	0	100.00	0	0	0	0	0	0
1428585464964829658	CPU_4	0	0	0	100.00	0	0	0	0	0	0
1428585465681930514	CPU_4	0	0	0	100.00	0	0	0	0	0	0
1428585466392664669	CPU_4	0	0	0	100.00	0	0	0	0	0	0
1428585467119481849	CPU_4	0	0	0	100.00	0	0	0	0	0	0
1428585467830398212	CPU_4	0	0	0	100.00	0	0	0	0	0	0
1428585468554622394	CPU_4	0	0	0	100.00	0	0	0	0	0	0
1428585469264975424	CPU_4	0	0	0	100.00	0	0	0	0	0	0
1428585469979867700	CPU_4	0	0	0	100.00	0	0	0	0	0	0
1428585470702141176	CPU_4	0	0	0	100.00	0	0	0	0	0	0
1428585471413785538	CPU_4	0	0	0	100.00	0	0	0	0	0	0
1428585472139485302	CPU_4	0	0	0	100.00	0	0	0	0	0	0
1428585472854255077	CPU_4	0	0	0	100.00	0	0	0	0	0	0
1428585473566277356	CPU_4	0	0	0	100.00	0	0	0	0	0	0
1428585474286917583	CPU_4	0	0	0	100.00	0	0	0	0	0	0
1428585474998871820	CPU_4	0	0	0	98.61	0	1.38	0	0	0	0
1428585475723943293	CPU_4	0	0	0	100.00	0	0	0	0	0	0
1428585476435048613	CPU_4	0	0	0	100.00	0	0	0	0	0	0
1428585477149608389	CPU_4	0	0	0	100.00	0	0	0	0	0	0
1428585477872761114	CPU_4	0	0	0	100.00	0	0	0	0	0	0
1428585478587435806	CPU_4	0	0	0	100.00	0	0	0	0	0	0
1428585479306953105	CPU_4	0	0	0	100.00	0	0	0	0	0	0
1428585480019830988	CPU_4	0	0	0	100.00	0	0	0	0	0	0
1428585480732875913	CPU_4	0	0	0	100.00	0	0	0	0	0	0
1428585481457672538	CPU_4	0	0	0	100.00	0	0	0	0	0	0
1428585482170709463	CPU_4	0	0	0	100.00	0	0	0	0	0	0
1428585482895642921	CPU_4	0	0	0	100.00	0	0	0	0	0	0
1428585483612117802	CPU_4	0	0	0	100.00	0	0	0	0	0	0
1428585484324228186	CPU_4	0	0	0	100.00	0	0	0	0	0	0
1428585485048129228	CPU_4	0	0	0	100.00	0	0	0	0	0	0
1428585485762953818	CPU_4	0	0	0	100.00	0	0	0	0	0	0
1428585486487827901	CPU_4	0	0	0	100.00	0	0	0	0	0	0
1428585487200706492	CPU_4	0	0	0	100.00	0	0	0	0	0	0
1428585487915845957	CPU_4	0	0	0	98.63	0	1.36	0	0	0	0
1428585488641719247	CPU_4	0	0	0	100.00	0	0	0	0	0	0
1428585489352045466	CPU_4	0	0	0	100.00	0	0	0	0	0	0
1428585490077105715	CPU_4	0	0	0	100.00	0	0	0	0	0	0
1428585490789045973	CPU_4	0	0	0	100.00	0	0	0	0	0	0
1428585491503510605	CPU_4	0	0	0	100.00	0	0	0	0	0	0
1428585492224882648	CPU_4	0	0	0	100.00	0	0	0	0	0	0
1428585492939526530	CPU_4	0	0	0	100.00	0	0	0	0	0	0
1428585493662941405	CPU_4	0	0	0	100.00	0	0	0	0	0	0
1428585494376499079	CPU_4	0	0	0	100.00	0	0	0	0	0	0
1428585495093067459	CPU_4	0	0	0	100.00	0	0	0	0	0	0
1428585495819012749	CPU_4	0	0	0	100.00	0	0	0	0	0	0
1428585496532794089	CPU_4	0	0	0	100.00	0	0	0	0	0	0
1428585497255772922	CPU_4	0	0	0	100.00	0	0	0	0	0	0
1428585497969533013	CPU_4	0	0	0	100.00	0	0	0	0	0	0
1428585498686406351	CPU_4	0	0	0	100.00	0	0	0	0	0	0
1428585499411234224	CPU_4	0	0	0	100.00	0	0	0	0	0	0
1428585500125287398	CPU_4	0	0	0	98.61	0	1.38	0	0	0	0
1428585500849179605	CPU_4	0	0	0	100.00	0	0	0	0	0	0
1428585501567198109	CPU_4	0	0	0	100.00	0	0	0	0	0	0
1428585502278139326	CPU_4	0	0	0	100.00	0	0	0	0	0	0
1428585503003904449	CPU_4	0	0	0	100.00	0	0	0	0	0	0
1428585503740829396	CPU_4	0	0	0	100.00	0	0	0	0	0	0
1428585504475689095	CPU_4	0	0	0	100.00	0	0	0	0	0	0
1428585505259532091	CPU_4	2.59	0	0	97.40	0	0	0	0	0	0
1428585505984265589	CPU_4	0	0	0	100.00	0	0	0	0	0	0
1428585506699583095	CPU_4	0	0	0	100.00	0	0	0	0	0	0
1428585507417073806	CPU_4	0	0	0	100.00	0	0	0	0	0	0
1428585508141880263	CPU_4	0	0	0	100.00	0	0	0	0	0	0
1428585508857318976	CPU_4	0	0	0	100.00	0	0	0	0	0	0
1428585509582216766	CPU_4	0	0	0	100.00	0	0	0	0	0	0
1428585510299876603	CPU_4	0	0	0	100.00	0	0	0	0	0	0
1428585511016036065	CPU_4	0	0	0	100.00	0	0	0	0	0	0
1428585511741271438	CPU_4	0	0	0	100.00	0	0	0	0	0	0
1428585512455684694	CPU_4	0	0	0	98.63	0	1.36	0	0	0	0
1428585513182893773	CPU_4	0	0	0	100.00	0	0	0	0	0	0
1428585513896304654	CPU_4	0	0	0	100.00	0	0	0	0	0	0
1428585514613060325	CPU_4	0	0	0	100.00	0	0	0	0	0	0
1428585515337055156	CPU_4	0	0	0	100.00	0	0	0	0	0	0
1428585516053151660	CPU_4	0	0	0	100.00	0	0	0	0	0	0
1428585516777626867	CPU_4	0	0	0	100.00	0	0	0	0	0	0
1428585517492842621	CPU_4	0	0	0	100.00	0	0	0	0	0	0
1428585518208703376	CPU_4	0	0	0	100.00	0	0	0	0	0	0
1428585518936177038	CPU_4	0	0	0	100.00	0	0	0	0	0	0
1428585519652466541	CPU_4	0	0	0	100.00	0	0	0	0	0	0
1428585520378550580	CPU_4	0	0	0	100.00	0	0	0	0	0	0
1428585521094852583	CPU_4	0	0	0	100.00	0	0	0	0	0	0
1428585521810508462	CPU_4	0	0	0	100.00	0	0	0	0	0	0
1428585522535351793	CPU_4	0	0	0	100.00	0	0	0	0	0	0
1428585523251538755	CPU_4	0	0	0	100.00	0	0	0	0	0	0
1428585523976701585	CPU_4	0	0	0	100.00	0	0	0	0	0	0
1428585524693958296	CPU_4	0	0	0	98.63	0	1.36	0	0	0	0
1428585525409496092	CPU_4	0	0	0	100.00	0	0	0	0	0	0
1428585526135484463	CPU_4	0	0	0	100.00	0	0	0	0	0	0
1428585526852045925	CPU_4	0	0	0	100.00	0	0	0	0	0	0
1428585527575748839	CPU_4	0	0	0	100.00	0	0	0	0	0	0
1428585528291238385	CPU_4	0	0	0	100.00	0	0	0	0	0	0
1428585529005175765	CPU_4	0	0	0	100.00	0	0	0	0	0	0
1428585529731310011	CPU_4	0	0	0	100.00	0	0	0	0	0	0
1428585530445691265	CPU_4	0	0	0	100.00	0	0	0	0	0	0
1428585531170353762	CPU_4	0	0	0	100.00	0	0	0	0	0	0
1428585531886779473	CPU_4	0	0	0	100.00	0	0	0	0	0	0
1428585532601567186	CPU_4	0	0	0	100.00	0	0	0	0	0	0
1428585533325766808	CPU_4	0	0	0	100.00	0	0	0	0	0	0
1428585534039547730	CPU_4	0	0	0	100.00	0	0	0	0	0	0
1428585534766208850	CPU_4	0	0	0	100.00	0	0	0	0	0	0
1428585535478187189	CPU_4	0	0	0	100.00	0	0	0	0	0	0
1428585536195261108	CPU_4	0	0	0	100.00	0	0	0	0	0	0
1428585536920115896	CPU_4	0	0	0	98.64	0	1.35	0	0	0	0
1428585537640065354	CPU_4	0	0	0	100.00	0	0	0	0	0	0
1428585538364503184	CPU_4	0	0	0	100.00	0	0	0	0	0	0
1428585539080282437	CPU_4	0	0	0	100.00	0	0	0	0	0	0
1428585539797900064	CPU_4	0	0	0	100.00	0	0	0	0	0	0
1428585540522764268	CPU_4	0	0	0	100.00	0	0	0	0	0	0
1428585541240443853	CPU_4	0	0	0	100.00	0	0	0	0	0	0
1428585541967106140	CPU_4	0	0	0	100.00	0	0	0	0	0	0
1428585542686338932	CPU_4	0	0	0	100.00	0	0	0	0	0	0
1428585543399370478	CPU_4	0	0	0	100.00	0	0	0	0	0	0
1428585544125802931	CPU_4	0	0	0	100.00	0	0	0	0	0	0
1428585544842275017	CPU_4	0	0	0	100.00	0	0	0	0	0	0
1428585545570445718	CPU_4	0	0	0	100.00	0	0	0	0	0	0
1428585546285950513	CPU_4	0	0	0	100.00	0	0	0	0	0	0
1428585547001559224	CPU_4	0	0	0	100.00	0	0	0	0	0	0
1428585547729077093	CPU_4	0	0	0	100.00	0	0	0	0	0	0
1428585548443173346	CPU_4	0	0	0	100.00	0	0	0	0	0	0
1428585549169526841	CPU_4	0	0	0	98.64	0	1.35	0	0	0	0
1428585549887258884	CPU_4	0	0	0	100.00	0	0	0	0	0	0
1428585550606386883	CPU_4	0	0	0	100.00	0	0	0	0	0	0
1428585551331016879	CPU_4	0	0	0	100.00	0	0	0	0	0	0
1428585552047315006	CPU_4	0	0	0	100.00	0	0	0	0	0	0
1428585552775044333	CPU_4	0	0	0	100.00	0	0	0	0	0	0
1428585553493357750	CPU_4	0	0	0	100.00	0	0	0	0	0	0
1428585554214926164	CPU_4	0	0	0	100.00	0	0	0	0	0	0
1428585554936200579	CPU_4	0	0	0	100.00	0	0	0	0	0	0
1428585555657600785	CPU_4	0	0	0	100.00	0	0	0	0	0	0
1428585556385290611	CPU_4	0	0	0	100.00	0	0	0	0	0	0
1428585557101957654	CPU_4	0	0	0	100.00	0	0	0	0	0	0
1428585557834600685	CPU_4	0	0	0	100.00	0	0	0	0	0	0
1428585558550732020	CPU_4	0	0	0	100.00	0	0	0	0	0	0
1428585559267226355	CPU_4	0	0	0	100.00	0	0	0	0	0	0
1428585559996467513	CPU_4	0	0	0	100.00	0	0	0	0	0	0
1428585560715761346	CPU_4	0	0	0	100.00	0	0	0	0	0	0
1428585561440129925	CPU_4	0	0	0	98.63	0	1.36	0	0	0	0
1428585562159130049	CPU_4	0	0	0	100.00	0	0	0	0	0	0
1428585562875490050	CPU_4	0	0	0	100.00	0	0	0	0	0	0
1428585563601293586	CPU_4	0	0	0	100.00	0	0	0	0	0	0
1428585564319149128	CPU_4	0	0	0	100.00	0	0	0	0	0	0
1428585565043849914	CPU_4	0	0	0	100.00	0	0	0	0	0	0
1428585565763807704	CPU_4	0	0	0	100.00	0	0	0	0	0	0
1428585566479595164	CPU_4	0	0	0	100.00	0	0	0	0	0	0
1428585567205779741	CPU_4	0	0	0	100.00	0	0	0	0	0	0
1428585567926689655	CPU_4	0	0	0	100.00	0	0	0	0	0	0
1428585568653510273	CPU_4	0	0	0	100.00	0	0	0	0	0	0
1428585569365582402	CPU_4	0	0	0	100.00	0	0	0	0	0	0
1428585570074604825	CPU_4	0	0	0	100.00	0	0	0	0	0	0
1428585570803379692	CPU_4	0	0	0	100.00	0	0	0	0	0	0
1428585571520046359	CPU_4	0	0	0	100.00	0	0	0	0	0	0
1428585572247207435	CPU_4	0	0	0	100.00	0	0	0	0	0	0
1428585572959072272	CPU_4	0	0	0	100.00	0	0	0	0	0	0
1428585573675775231	CPU_4	0	0	0	98.63	0	1.36	0	0	0	0
1428585574400114267	CPU_4	0	0	0	100.00	0	0	0	0	0	0
1428585575113054395	CPU_4	0	0	0	100.00	0	0	0	0	0	0
1428585575845545050	CPU_4	0	0	0	100.00	0	0	0	0	0	0
1428585576559875677	CPU_4	0	0	0	100.00	0	0	0	0	0	0
1428585577272673680	CPU_4	0	0	0	100.00	0	0	0	0	0	0
1428585577995480926	CPU_4	0	0	0	100.00	0	0	0	0	0	0
1428585578709683094	CPU_4	0	0	0	100.00	0	0	0	0	0	0
1428585579437444586	CPU_4	0	0	0	86.74	0	13.25	0	0	0	0
1428585580151793379	CPU_4	0	0	0	100.00	0	0	0	0	0	0
1428585580865126215	CPU_4	0	0	0	100.00	0	0	0	0	0	0
1428585581589438001	CPU_4	0	0	0	100.00	0	0	0	0	0	0
1428585582304690169	CPU_4	0	0	0	100.00	0	0	0	0	0	0
1428585583017175088	CPU_4	0	0	0	100.00	0	0	0	0	0	0
1428585583740715625	CPU_4	0	0	0	100.00	0	0	0	0	0	0
1428585584453050461	CPU_4	0	0	0	100.00	0	0	0	0	0	0
1428585585177274913	CPU_4	0	0	0	100.00	0	0	0	0	0	0
1428585585889108375	CPU_4	0	0	0	100.00	0	0	0	0	0	0
1428585586606896207	CPU_4	0	0	0	100.00	0	0	0	0	0	0
1428585587328267203	CPU_4	0	0	0	100.00	0	0	0	0	0	0
1428585588044393870	CPU_4	0	0	0	100.00	0	0	0	0	0	0
1428585588768046864	CPU_4	0	0	0	100.00	0	0	0	0	0	0
1428585589482586157	CPU_4	0	0	0	100.00	0	0	0	0	0	0
1428585590198137032	CPU_4	0	0	0	100.00	0	0	0	0	0	0
1428585590919789695	CPU_4	0	0	0	100.00	0	0	0	0	0	0
1428585591637129068	CPU_4	0	0	0	100.00	0	0	0	0	0	0
1428585592362957769	CPU_4	0	0	0	100.00	0	0	0	0	0	0
1428585593079957143	CPU_4	0	0	0	100.00	0	0	0	0	0	0
1428585593801214639	CPU_4	0	0	0	100.00	0	0	0	0	0	0
1428585594521969635	CPU_4	0	0	0	100.00	0	0	0	0	0	0
1428585595237278468	CPU_4	0	0	0	100.00	0	0	0	0	0	0
1428585595964367001	CPU_4	0	0	0	100.00	0	0	0	0	0	0
1428585596679476460	CPU_4	0	0	0	100.00	0	0	0	0	0	0
1428585597409398532	CPU_4	0	0	0	100.00	0	0	0	0	0	0
1428585598126149781	CPU_4	0	0	0	100.00	0	0	0	0	0	0
1428585598840305907	CPU_4	0	0	0	100.00	0	0	0	0	0	0
1428585599566766982	CPU_4	0	0	0	100.00	0	0	0	0	0	0
1428585600285843312	CPU_4	0	0	0	100.00	0	0	0	0	0	0
1428585601012986553	CPU_4	0	0	0	100.00	0	0	0	0	0	0
1428585601739291836	CPU_4	0	0	0	100.00	0	0	0	0	0	0
1428585602456696626	CPU_4	0	0	0	100.00	0	0	0	0	0	0
1428585603182626618	CPU_4	0	0	0	100.00	0	0	0	0	0	0
1428585603901310323	CPU_4	0	0	0	100.00	0	0	0	0	0	0
1428585604627459106	CPU_4	0	0	0	100.00	0	0	0	0	0	0
1428585605347367394	CPU_4	0	0	0	100.00	0	0	0	0	0	0
1428585606067426515	CPU_4	0	0	0	100.00	0	0	0	0	0	0
1428585606796823212	CPU_4	0	0	0	100.00	0	0	0	0	0	0
1428585607513557336	CPU_4	0	0	0	100.00	0	0	0	0	0	0
1428585608240273910	CPU_4	0	0	0	100.00	0	0	0	0	0	0
1428585608957198908	CPU_4	0	0	0	100.00	0	0	0	0	0	0
1428585609675443113	CPU_4	0	0	0	100.00	0	0	0	0	0	0
1428585610402614895	CPU_4	0	0	0	100.00	0	0	0	0	0	0
1428585611119747643	CPU_4	0	0	0	100.00	0	0	0	0	0	0
1428585611847396550	CPU_4	0	0	1.36	98.63	0	0	0	0	0	0
