#Timestamp	CPU_ID	user%	nice%	sys%	idle%	iowait%	irq%	softiq%	steal%	guest%	guest_nice%
1428618739080392068	CPU_0	10.52	0	3.50	84.21	0	1.75	0	0	0	0
1428618739693782884	CPU_0	0	0	0	100.00	0	0	0	0	0	0
1428618740308073199	CPU_0	0	0	0	100.00	0	0	0	0	0	0
1428618740921297516	CPU_0	0	0	1.63	98.36	0	0	0	0	0	0
1428618741542021108	CPU_0	0	0	1.58	96.82	0	1.58	0	0	0	0
1428618742157152754	CPU_0	0	0	0	100.00	0	0	0	0	0	0
1428618742772462483	CPU_0	0	0	1.61	96.77	0	1.61	0	0	0	0
1428618743387324964	CPU_0	1.66	0	0	98.33	0	0	0	0	0	0
1428618744003421524	CPU_0	0	0	1.63	96.72	0	1.63	0	0	0	0
1428618744625646239	CPU_0	11.11	0	4.76	77.77	0	6.34	0	0	0	0
1428618745241737092	CPU_0	0	0	0	100.00	0	0	0	0	0	0
1428618745857184571	CPU_0	0	0	0	100.00	0	0	0	0	0	0
1428618746473970922	CPU_0	0	0	0	100.00	0	0	0	0	0	0
1428618747090086941	CPU_0	0	0	0	100.00	0	0	0	0	0	0
1428618747712524572	CPU_0	0	0	0	100.00	0	0	0	0	0	0
1428618748329392298	CPU_0	0	0	0	100.00	0	0	0	0	0	0
1428618748945867483	CPU_0	0	0	0	100.00	0	0	0	0	0	0
1428618749562653876	CPU_0	4.83	0	1.61	91.93	0	1.61	0	0	0	0
1428618750186033714	CPU_0	0	0	0	100.00	0	0	0	0	0	0
1428618750802543316	CPU_0	0	0	0	100.00	0	0	0	0	0	0
1428618751420031791	CPU_0	0	0	0	91.04	0	7.46	1.49	0	0	0
1428618752036711351	CPU_0	0	0	1.63	98.36	0	0	0	0	0	0
1428618752655141824	CPU_0	0	0	0	100.00	0	0	0	0	0	0
1428618753278657411	CPU_0	1.58	0	1.58	96.82	0	0	0	0	0	0
1428618753896054512	CPU_0	0	0	0	100.00	0	0	0	0	0	0
1428618754513034821	CPU_0	0	0	1.63	98.36	0	0	0	0	0	0
1428618755131676627	CPU_0	0	0	0	98.38	1.61	0	0	0	0	0
1428618755755154423	CPU_0	0	0	1.61	98.38	0	0	0	0	0	0
1428618756372701023	CPU_0	0	0	0	100.00	0	0	0	0	0	0
1428618756989987082	CPU_0	0	0	0	100.00	0	0	0	0	0	0
1428618757608792805	CPU_0	0	0	0	100.00	0	0	0	0	0	0
1428618758226769279	CPU_0	0	0	1.61	98.38	0	0	0	0	0	0
1428618758851551322	CPU_0	0	0	0	100.00	0	0	0	0	0	0
1428618759469275672	CPU_0	0	0	0	100.00	0	0	0	0	0	0
1428618760087855229	CPU_0	0	0	0	100.00	0	0	0	0	0	0
1428618760705952619	CPU_0	0	0	1.61	98.38	0	0	0	0	0	0
1428618761330213956	CPU_0	0	0	0	98.38	0	1.61	0	0	0	0
1428618761947973847	CPU_0	0	0	0	100.00	0	0	0	0	0	0
1428618762565826030	CPU_0	0	0	1.63	98.36	0	0	0	0	0	0
1428618763184511379	CPU_0	0	0	0	100.00	0	0	0	0	0	0
1428618763802953977	CPU_0	0	0	1.58	96.82	0	1.58	0	0	0	0
1428618764427191730	CPU_0	0	0	0	100.00	0	0	0	0	0	0
1428618765045336788	CPU_0	0	0	0	100.00	0	0	0	0	0	0
1428618765664567052	CPU_0	0	0	1.53	93.84	0	4.61	0	0	0	0
1428618766283004067	CPU_0	0	0	0	100.00	0	0	0	0	0	0
1428618766907280654	CPU_0	0	0	1.58	98.41	0	0	0	0	0	0
1428618767525242045	CPU_0	0	0	0	100.00	0	0	0	0	0	0
1428618768144169726	CPU_0	0	0	0	100.00	0	0	0	0	0	0
1428618768762311118	CPU_0	0	0	0	100.00	0	0	0	0	0	0
1428618769380461384	CPU_0	0	0	0	100.00	0	0	0	0	0	0
1428618770004494263	CPU_0	0	0	0	100.00	0	0	0	0	0	0
1428618770623509694	CPU_0	0	0	1.63	98.36	0	0	0	0	0	0
1428618771241852460	CPU_0	0	0	0	100.00	0	0	0	0	0	0
1428618771859736769	CPU_0	0	0	1.63	96.72	0	1.63	0	0	0	0
1428618772483998480	CPU_0	0	0	0	100.00	0	0	0	0	0	0
1428618773102952412	CPU_0	0	0	0	100.00	0	0	0	0	0	0
1428618773721247095	CPU_0	0	0	0	98.38	0	1.61	0	0	0	0
1428618774339207945	CPU_0	0	0	0	100.00	0	0	0	0	0	0
1428618774957791252	CPU_0	0	0	1.61	98.38	0	0	0	0	0	0
1428618775582440672	CPU_0	0	0	0	98.38	0	1.61	0	0	0	0
1428618776201754186	CPU_0	0	0	0	100.00	0	0	0	0	0	0
1428618776819540412	CPU_0	0	0	0	100.00	0	0	0	0	0	0
1428618777437536887	CPU_0	0	0	0	98.38	0	1.61	0	0	0	0
1428618778061395809	CPU_0	0	0	0	100.00	0	0	0	0	0	0
1428618778680454032	CPU_0	0	0	1.63	98.36	0	0	0	0	0	0
1428618779298173425	CPU_0	0	0	0	100.00	0	0	0	0	0	0
1428618779916405483	CPU_0	0	0	1.58	96.82	0	1.58	0	0	0	0
1428618780534463292	CPU_0	0	0	1.63	98.36	0	0	0	0	0	0
1428618781159908210	CPU_0	0	0	0	100.00	0	0	0	0	0	0
1428618781778810225	CPU_0	0	0	0	98.38	0	1.61	0	0	0	0
1428618782397230117	CPU_0	0	0	1.63	98.36	0	0	0	0	0	0
1428618783015113384	CPU_0	0	0	0	100.00	0	0	0	0	0	0
1428618783640637219	CPU_0	0	0	0	98.38	0	1.61	0	0	0	0
1428618784258904819	CPU_0	0	0	1.61	98.38	0	0	0	0	0	0
1428618784876709087	CPU_0	0	0	0	100.00	0	0	0	0	0	0
1428618785495287312	CPU_0	0	0	1.58	95.23	0	1.58	1.58	0	0	0
1428618786114293161	CPU_0	0	0	0	100.00	0	0	0	0	0	0
1428618786739608163	CPU_0	0	0	0	100.00	0	0	0	0	0	0
1428618787358034804	CPU_0	0	0	1.61	98.38	0	0	0	0	0	0
1428618787976453238	CPU_0	0	0	0	91.04	0	8.95	0	0	0	0
1428618788595026754	CPU_0	0	0	1.61	98.38	0	0	0	0	0	0
1428618789220493173	CPU_0	0	0	0	100.00	0	0	0	0	0	0
1428618789838936648	CPU_0	0	0	0	100.00	0	0	0	0	0	0
1428618790457874039	CPU_0	0	0	0	100.00	0	0	0	0	0	0
1428618791077274970	CPU_0	0	0	0	100.00	0	0	0	0	0	0
1428618791696756360	CPU_0	0	0	1.61	98.38	0	0	0	0	0	0
1428618792322237487	CPU_0	0	0	1.61	98.38	0	0	0	0	0	0
1428618792940909045	CPU_0	0	0	0	100.00	0	0	0	0	0	0
1428618793559587645	CPU_0	0	0	0	100.00	0	0	0	0	0	0
1428618794178206453	CPU_0	0	0	0	98.36	0	0	1.63	0	0	0
1428618794802897291	CPU_0	0	0	0	100.00	0	0	0	0	0	0
1428618795421436933	CPU_0	0	0	1.61	96.77	1.61	0	0	0	0	0
1428618796040602282	CPU_0	0	0	0	100.00	0	0	0	0	0	0
1428618796659719339	CPU_0	0	0	0	100.00	0	0	0	0	0	0
1428618797278003690	CPU_0	0	0	0	100.00	0	0	0	0	0	0
1428618797903581525	CPU_0	0	0	0	100.00	0	0	0	0	0	0
1428618798522482833	CPU_0	0	0	0	100.00	0	0	0	0	0	0
1428618799142020932	CPU_0	0	0	0	100.00	0	0	0	0	0	0
1428618799760996281	CPU_0	0	0	0	100.00	0	0	0	0	0	0
1428618800386051993	CPU_0	0	0	1.58	96.82	0	1.58	0	0	0	0
1428618801005018218	CPU_0	0	0	0	100.00	0	0	0	0	0	0
1428618801623565069	CPU_0	1.61	0	1.61	96.77	0	0	0	0	0	0
1428618802242783251	CPU_0	0	0	0	96.82	0	1.58	1.58	0	0	0
1428618802861363227	CPU_0	0	0	0	100.00	0	0	0	0	0	0
1428618803486205814	CPU_0	0	0	1.51	92.42	0	6.06	0	0	0	0
1428618804104948831	CPU_0	0	0	0	100.00	0	0	0	0	0	0
1428618804723823931	CPU_0	0	0	1.61	98.38	0	0	0	0	0	0
1428618805342727990	CPU_0	0	0	1.63	98.36	0	0	0	0	0	0
1428618805967441202	CPU_0	0	0	1.58	98.41	0	0	0	0	0	0
1428618806587242759	CPU_0	0	0	0	98.38	0	0	1.61	0	0	0
1428618807206608691	CPU_0	0	0	1.63	98.36	0	0	0	0	0	0
1428618807825678333	CPU_0	0	0	0	100.00	0	0	0	0	0	0
1428618808444166059	CPU_0	0	0	0	100.00	0	0	0	0	0	0
1428618809069237896	CPU_0	0	0	0	100.00	0	0	0	0	0	0
1428618809688667746	CPU_0	0	0	0	100.00	0	0	0	0	0	0
1428618810308151303	CPU_0	0	0	1.61	98.38	0	0	0	0	0	0
1428618810926780862	CPU_0	0	0	1.63	98.36	0	0	0	0	0	0
1428618811551553659	CPU_0	0	0	0	100.00	0	0	0	0	0	0
1428618812171108924	CPU_0	0	0	0	98.38	0	1.61	0	0	0	0
1428618812790268899	CPU_0	0	0	0	100.00	0	0	0	0	0	0
1428618813408762584	CPU_0	0	0	0	95.23	0	4.76	0	0	0	0
1428618814027424602	CPU_0	1.63	0	1.63	96.72	0	0	0	0	0	0
1428618814653246521	CPU_0	0	0	0	100.00	0	0	0	0	0	0
1428618815272069664	CPU_0	0	0	1.61	98.38	0	0	0	0	0	0
1428618815891232389	CPU_0	0	0	0	100.00	0	0	0	0	0	0
1428618816509776699	CPU_0	0	0	0	100.00	0	0	0	0	0	0
1428618817134931494	CPU_0	0	0	0	100.00	0	0	0	0	0	0
1428618817754652593	CPU_0	0	0	0	100.00	0	0	0	0	0	0
1428618818373085529	CPU_0	0	0	0	95.23	0	0	4.76	0	0	0
1428618818991858546	CPU_0	0	0	0	100.00	0	0	0	0	0	0
1428618819610571314	CPU_0	0	0	1.61	98.38	0	0	0	0	0	0
1428618820236622317	CPU_0	0	0	0	98.38	0	1.61	0	0	0	0
1428618820855466876	CPU_0	0	0	0	100.00	0	0	0	0	0	0
1428618821474609060	CPU_0	0	0	0	98.38	0	1.61	0	0	0	0
1428618822094143327	CPU_0	0	0	0	100.00	0	0	0	0	0	0
1428618822721095744	CPU_0	0	0	0	100.00	0	0	0	0	0	0
1428618823340857093	CPU_0	0	0	0	100.00	0	0	0	0	0	0
1428618823960449359	CPU_0	0	0	1.61	98.38	0	0	0	0	0	0
1428618824579975834	CPU_0	0	0	0	96.77	0	3.22	0	0	0	0
1428618825200021433	CPU_0	0	0	3.17	96.82	0	0	0	0	0	0
1428618825825818145	CPU_0	0	0	0	100.00	0	0	0	0	0	0
1428618826445806619	CPU_0	0	0	0	100.00	0	0	0	0	0	0
1428618827064978303	CPU_0	0	0	1.61	98.38	0	0	0	0	0	0
1428618827685029485	CPU_0	0	0	0	100.00	0	0	0	0	0	0
1428618828310864780	CPU_0	0	0	1.58	96.82	0	1.58	0	0	0	0
1428618828930515380	CPU_0	0	0	0	100.00	0	0	0	0	0	0
1428618829550054730	CPU_0	0	0	0	100.00	0	0	0	0	0	0
1428618830170154204	CPU_0	0	0	0	100.00	0	0	0	0	0	0
1428618830789449513	CPU_0	0	0	0	98.36	0	1.63	0	0	0	0
1428618831414766934	CPU_0	0	0	0	100.00	0	0	0	0	0	0
1428618832034277451	CPU_0	0	0	0	100.00	0	0	0	0	0	0
1428618832654021510	CPU_0	0	0	1.58	96.82	0	1.58	0	0	0	0
1428618833274252067	CPU_0	0	0	1.53	93.84	0	4.61	0	0	0	0
1428618833900118362	CPU_0	0	0	0	100.00	0	0	0	0	0	0
1428618834519661796	CPU_0	0	0	0	100.00	0	0	0	0	0	0
1428618835140013478	CPU_0	0	0	0	100.00	0	0	0	0	0	0
1428618835760797867	CPU_0	0	0	0	98.36	1.63	0	0	0	0	0
1428618836381440632	CPU_0	0	0	0	100.00	0	0	0	0	0	0
1428618837005752473	CPU_0	0	0	1.58	98.41	0	0	0	0	0	0
1428618837625582197	CPU_0	0	0	0	100.00	0	0	0	0	0	0
1428618838246516212	CPU_0	0	0	0	96.82	0	0	3.17	0	0	0
1428618838866954811	CPU_0	0	0	1.61	98.38	0	0	0	0	0	0
1428618839492499565	CPU_0	0	0	0	100.00	0	0	0	0	0	0
1428618840112750039	CPU_0	0	0	0	100.00	0	0	0	0	0	0
1428618840733574262	CPU_0	0	0	1.61	96.77	0	1.61	0	0	0	0
1428618841353569196	CPU_0	0	0	1.61	96.77	0	1.61	0	0	0	0
1428618841980603322	CPU_0	0	0	1.61	98.38	0	0	0	0	0	0
1428618842600635422	CPU_0	1.61	0	0	98.38	0	0	0	0	0	0
1428618843221187312	CPU_0	0	0	0	100.00	0	0	0	0	0	0
1428618843841085163	CPU_0	0	0	0	100.00	0	0	0	0	0	0
1428618844460243514	CPU_0	0	0	0	98.38	0	1.61	0	0	0	0
1428618845086280227	CPU_0	0	0	1.61	98.38	0	0	0	0	0	0
1428618845707018658	CPU_0	0	0	1.61	98.38	0	0	0	0	0	0
1428618846326454551	CPU_0	0	0	1.61	96.77	0	1.61	0	0	0	0
1428618846945762528	CPU_0	0	0	0	100.00	0	0	0	0	0	0
1428618847571932198	CPU_0	0	0	0	100.00	0	0	0	0	0	0
1428618848191741257	CPU_0	0	0	0	96.82	0	3.17	0	0	0	0
1428618848811549275	CPU_0	0	0	0	100.00	0	0	0	0	0	0
1428618849430681960	CPU_0	0	0	1.61	98.38	0	0	0	0	0	0
1428618850050712310	CPU_0	0	0	0	100.00	0	0	0	0	0	0
1428618850676090441	CPU_0	0	0	0	100.00	0	0	0	0	0	0
1428618851296069416	CPU_0	0	0	1.58	96.82	0	1.58	0	0	0	0
1428618851914524895	CPU_0	0	0	0	100.00	0	0	0	0	0	0
1428618852534016830	CPU_0	0	0	0	100.00	0	0	0	0	0	0
1428618853159278836	CPU_0	0	0	0	100.00	0	0	0	0	0	0
1428618853779330936	CPU_0	0	0	0	100.00	0	0	0	0	0	0
1428618854398795288	CPU_0	0	0	0	98.36	0	1.63	0	0	0	0
1428618855018551847	CPU_0	0	0	1.61	98.38	0	0	0	0	0	0
1428618855638075032	CPU_0	0	0	0	100.00	0	0	0	0	0	0
1428618856264772494	CPU_0	0	0	1.58	96.82	0	1.58	0	0	0	0
1428618856883679805	CPU_0	0	0	0	100.00	0	0	0	0	0	0
1428618857503570490	CPU_0	0	0	0	98.38	0	1.61	0	0	0	0
1428618858122893675	CPU_0	0	0	0	100.00	0	0	0	0	0	0
1428618858749325054	CPU_0	0	0	0	98.38	0	0	1.61	0	0	0
1428618859368930947	CPU_0	0	0	0	100.00	0	0	0	0	0	0
1428618859988731882	CPU_0	0	0	1.61	98.38	0	0	0	0	0	0
1428618860608556400	CPU_0	0	0	0	98.36	0	1.63	0	0	0	0
1428618861229514540	CPU_0	0	0	0	100.00	0	0	0	0	0	0
1428618861854794589	CPU_0	0	0	0	98.41	0	1.58	0	0	0	0
1428618862474860939	CPU_0	0	0	0	98.38	0	0	1.61	0	0	0
1428618863094428916	CPU_0	0	0	1.63	98.36	0	0	0	0	0	0
1428618863714838600	CPU_0	0	0	1.66	96.66	0	1.66	0	0	0	0
1428618864341067646	CPU_0	0	0	1.61	95.16	0	3.22	0	0	0	0
1428618864960992998	CPU_0	1.63	0	0	95.08	0	3.27	0	0	0	0
1428618865581181557	CPU_0	0	0	3.17	96.82	0	0	0	0	0	0
1428618866201103075	CPU_0	0	0	0	100.00	0	0	0	0	0	0
1428618866827835078	CPU_0	0	0	0	100.00	0	0	0	0	0	0
1428618867450386591	CPU_0	0	0	0	100.00	0	0	0	0	0	0
1428618868070464567	CPU_0	0	0	1.53	93.84	0	4.61	0	0	0	0
1428618868690508585	CPU_0	0	0	0	100.00	0	0	0	0	0	0
1428618869310868644	CPU_0	6.55	0	1.63	91.80	0	0	0	0	0	0
1428618869938374521	CPU_0	0	0	0	100.00	0	0	0	0	0	0
1428618870559015955	CPU_0	0	0	0	100.00	0	0	0	0	0	0
1428618871179106889	CPU_0	0	0	0	100.00	0	0	0	0	0	0
1428618871799916239	CPU_0	0	0	0	100.00	0	0	0	0	0	0
1428618872425667912	CPU_0	0	0	1.61	98.38	0	0	0	0	0	0
1428618873046219429	CPU_0	0	0	0	100.00	0	0	0	0	0	0
1428618873666106364	CPU_0	1.58	0	1.58	96.82	0	0	0	0	0	0
1428618874287152047	CPU_0	0	0	1.61	96.77	0	0	1.61	0	0	0
1428618874907420898	CPU_0	0	0	0	98.38	0	1.61	0	0	0	0
1428618875534397027	CPU_0	0	0	0	98.38	1.61	0	0	0	0	0
1428618876154084754	CPU_0	0	0	0	100.00	0	0	0	0	0	0
1428618876774421814	CPU_0	0	0	1.58	96.82	0	1.58	0	0	0	0
1428618877394139000	CPU_0	0	0	1.63	98.36	0	0	0	0	0	0
1428618878020747587	CPU_0	0	0	0	98.41	0	1.58	0	0	0	0
1428618878641235813	CPU_0	0	0	0	100.00	0	0	0	0	0	0
1428618879261518165	CPU_0	0	0	0	100.00	0	0	0	0	0	0
1428618879881295309	CPU_0	0	0	0	100.00	0	0	0	0	0	0
1428618880501339869	CPU_0	0	0	0	98.36	0	1.63	0	0	0	0
1428618881127471458	CPU_0	0	0	1.61	98.38	0	0	0	0	0	0
1428618881748103767	CPU_0	0	0	0	98.38	0	0	1.61	0	0	0
1428618882367838787	CPU_0	0	0	1.61	98.38	0	0	0	0	0	0
1428618882987915097	CPU_0	0	0	0	98.38	0	1.61	0	0	0	0
1428618883613442646	CPU_0	0	0	0	100.00	0	0	0	0	0	0
1428618884233407748	CPU_0	0	0	0	100.00	0	0	0	0	0	0
1428618884853566059	CPU_0	0	0	0	98.38	0	1.61	0	0	0	0
1428618885473560411	CPU_0	0	0	3.17	96.82	0	0	0	0	0	0
1428618886094427095	CPU_0	0	0	1.63	98.36	0	0	0	0	0	0
1428618886720950808	CPU_0	0	0	0	98.41	0	1.58	0	0	0	0
1428618887341893242	CPU_0	0	0	0	100.00	0	0	0	0	0	0
1428618887962065678	CPU_0	0	0	1.61	98.38	0	0	0	0	0	0
1428618888582017322	CPU_0	0	0	0	100.00	0	0	0	0	0	0
1428618889208562952	CPU_0	0	0	0	98.38	0	1.61	0	0	0	0
1428618889829293553	CPU_0	0	0	0	100.00	0	0	0	0	0	0
1428618890449204531	CPU_0	0	0	0	96.82	0	0	3.17	0	0	0
1428618891069364133	CPU_0	0	0	0	96.82	0	3.17	0	0	0	0
1428618891694970224	CPU_0	0	0	0	100.00	0	0	0	0	0	0
1428618892318523194	CPU_0	0	0	0	100.00	0	0	0	0	0	0
1428618892938665463	CPU_0	0	0	0	100.00	0	0	0	0	0	0
1428618893558549400	CPU_0	0	0	0	100.00	0	0	0	0	0	0
1428618894178480628	CPU_0	0	0	0	96.82	0	3.17	0	0	0	0
1428618894805782507	CPU_0	0	0	0	100.00	0	0	0	0	0	0
1428618895425734610	CPU_0	0	0	1.63	98.36	0	0	0	0	0	0
1428618896044867589	CPU_0	0	0	1.61	98.38	0	0	0	0	0	0
1428618896661380658	CPU_0	0	0	0	100.00	0	0	0	0	0	0
1428618897289919035	CPU_0	0	0	0	100.00	0	0	0	0	0	0
1428618897907216477	CPU_0	0	0	0	100.00	0	0	0	0	0	0
1428618898524597544	CPU_0	0	0	0	100.00	0	0	0	0	0	0
1428618899141849319	CPU_0	0	0	0	98.38	0	1.61	0	0	0	0
1428618899760968216	CPU_0	0	0	1.61	98.38	0	0	0	0	0	0
1428618900385546309	CPU_0	0	0	0	100.00	0	0	0	0	0	0
1428618901004590456	CPU_0	0	0	0	100.00	0	0	0	0	0	0
1428618901622874480	CPU_0	1.61	0	0	96.77	0	1.61	0	0	0	0
1428618902242616500	CPU_0	0	0	0	100.00	0	0	0	0	0	0
1428618902864928682	CPU_0	0	0	0	100.00	0	0	0	0	0	0
1428618903489108735	CPU_0	0	0	1.58	96.82	0	1.58	0	0	0	0
1428618904108467715	CPU_0	0	0	1.61	98.38	0	0	0	0	0	0
1428618904728806609	CPU_0	0	0	0	100.00	0	0	0	0	0	0
1428618905349816960	CPU_0	0	0	1.53	92.30	1.53	4.61	0	0	0	0
1428618905976354383	CPU_0	0	0	0	100.00	0	0	0	0	0	0
1428618906596626528	CPU_0	0	0	1.58	96.82	0	0	1.58	0	0	0
1428618907216805381	CPU_0	0	0	0	100.00	0	0	0	0	0	0
1428618907837120401	CPU_0	0	0	0	100.00	0	0	0	0	0	0
1428618908462870659	CPU_0	0	0	1.58	98.41	0	0	0	0	0	0
1428618909082913054	CPU_0	0	0	0	100.00	0	0	0	0	0	0
1428618909703178949	CPU_0	0	0	0	100.00	0	0	0	0	0	0
1428618910324453050	CPU_0	0	0	1.49	91.04	0	2.98	4.47	0	0	0
1428618910944565070	CPU_0	0	0	0	100.00	0	0	0	0	0	0
1428618911571302076	CPU_0	0	0	0	100.00	0	0	0	0	0	0
1428618912191888137	CPU_0	0	0	0	100.00	0	0	0	0	0	0
1428618912813414029	CPU_0	0	0	1.61	98.38	0	0	0	0	0	0
1428618913433450758	CPU_0	0	0	0	100.00	0	0	0	0	0	0
1428618914060603555	CPU_0	0	0	0	100.00	0	0	0	0	0	0
1428618914681075700	CPU_0	0	0	0	100.00	0	0	0	0	0	0
1428618915302682301	CPU_0	0	0	1.61	96.77	0	1.61	0	0	0	0
1428618915922537280	CPU_0	0	0	0	100.00	0	0	0	0	0	0
1428618916543550340	CPU_0	0	0	0	100.00	0	0	0	0	0	0
1428618917169991097	CPU_0	0	0	0	95.31	0	4.68	0	0	0	0
1428618917792805821	CPU_0	0	0	0	100.00	0	0	0	0	0	0
1428618918413138299	CPU_0	0	0	1.61	98.38	0	0	0	0	0	0
1428618919034737941	CPU_0	0	0	1.63	98.36	0	0	0	0	0	0
1428618919661434282	CPU_0	0	0	0	100.00	0	0	0	0	0	0
1428618920282740550	CPU_0	0	0	0	100.00	0	0	0	0	0	0
1428618920903932610	CPU_0	0	0	0	100.00	0	0	0	0	0	0
1428618921524709879	CPU_0	0	0	1.63	98.36	0	0	0	0	0	0
1428618922150701596	CPU_0	0	0	0	100.00	0	0	0	0	0	0
1428618922774543484	CPU_0	0	0	0	98.38	0	1.61	0	0	0	0
1428618923395282003	CPU_0	0	0	0	100.00	0	0	0	0	0	0
1428618924016247189	CPU_0	0	0	0	100.00	0	0	0	0	0	0
1428618924636526835	CPU_0	0	0	0	100.00	0	0	0	0	0	0
1428618925264598131	CPU_0	0	0	1.56	96.87	0	1.56	0	0	0	0
1428618925885681691	CPU_0	0	0	1.63	98.36	0	0	0	0	0	0
1428618926507252126	CPU_0	0	0	1.61	98.38	0	0	0	0	0	0
1428618927127608022	CPU_0	0	0	0	98.38	0	1.61	0	0	0	0
1428618927755302860	CPU_0	0	0	0	100.00	0	0	0	0	0	0
1428618928376060338	CPU_0	0	0	0	100.00	0	0	0	0	0	0
1428618928997533648	CPU_0	0	0	1.61	96.77	0	1.61	0	0	0	0
1428618929617225629	CPU_0	0	0	0	100.00	0	0	0	0	0	0
1428618930238600689	CPU_0	0	0	0	100.00	0	0	0	0	0	0
1428618930865818195	CPU_0	0	0	0	96.82	1.58	1.58	0	0	0	0
1428618931487167881	CPU_0	0	0	0	100.00	0	0	0	0	0	0
1428618932107395860	CPU_0	0	0	0	100.00	0	0	0	0	0	0
1428618932728861420	CPU_0	0	0	0	100.00	0	0	0	0	0	0
1428618933356039135	CPU_0	0	0	0	98.41	0	1.58	0	0	0	0
1428618933977505195	CPU_0	1.56	0	0	93.75	0	4.68	0	0	0	0
1428618934598746048	CPU_0	0	0	0	100.00	0	0	0	0	0	0
1428618935220884023	CPU_0	0	0	0	100.00	0	0	0	0	0	0
1428618935842598042	CPU_0	0	0	1.61	98.38	0	0	0	0	0	0
1428618936469755840	CPU_0	0	0	0	100.00	0	0	0	0	0	0
1428618937090755985	CPU_0	0	0	0	100.00	0	0	0	0	0	0
1428618937712115712	CPU_0	0	0	0	98.41	0	0	1.58	0	0	0
1428618938333409940	CPU_0	0	0	1.63	98.36	0	0	0	0	0	0
1428618938961010196	CPU_0	0	0	0	100.00	0	0	0	0	0	0
1428618939582093049	CPU_0	0	0	1.63	98.36	0	0	0	0	0	0
1428618940204366983	CPU_0	0	0	0	100.00	0	0	0	0	0	0
1428618940825796460	CPU_0	0	0	1.61	96.77	0	1.61	0	0	0	0
1428618941453159550	CPU_0	0	0	0	91.17	0	4.41	4.41	0	0	0
1428618942074776277	CPU_0	0	0	0	100.00	0	0	0	0	0	0
1428618942696919836	CPU_0	0	0	0	100.00	0	0	0	0	0	0
1428618943318316689	CPU_0	0	0	1.61	98.38	0	0	0	0	0	0
1428618943939946458	CPU_0	0	0	1.61	98.38	0	0	0	0	0	0
1428618944567645505	CPU_0	0	0	1.61	98.38	0	0	0	0	0	0
1428618945189640482	CPU_0	0	0	0	100.00	0	0	0	0	0	0
1428618945810715169	CPU_0	0	0	0	100.00	0	0	0	0	0	0
1428618946433298144	CPU_0	0	0	0	100.00	0	0	0	0	0	0
1428618947061015567	CPU_0	0	0	0	98.38	0	1.61	0	0	0	0
1428618947683391251	CPU_0	0	0	1.61	98.38	0	0	0	0	0	0
1428618948304880937	CPU_0	0	0	0	100.00	0	0	0	0	0	0
1428618948927487662	CPU_0	0	0	1.58	96.82	0	1.58	0	0	0	0
1428618949555594543	CPU_0	0	0	0	100.00	0	0	0	0	0	0
1428618950181323011	CPU_0	0	0	0	100.00	0	0	0	0	0	0
1428618950803245738	CPU_0	0	0	0	100.00	0	0	0	0	0	0
1428618951425578090	CPU_0	0	0	0	100.00	0	0	0	0	0	0
1428618952047154609	CPU_0	0	0	1.61	96.77	0	1.61	0	0	0	0
1428618952675563822	CPU_0	0	0	0	100.00	0	0	0	0	0	0
1428618953297873132	CPU_0	0	0	1.58	96.82	0	1.58	0	0	0	0
1428618953920835940	CPU_0	0	0	0	100.00	0	0	0	0	0	0
1428618954542857834	CPU_0	0	0	0	96.82	0	3.17	0	0	0	0
1428618955171381797	CPU_0	0	0	0	100.00	0	0	0	0	0	0
1428618955792938150	CPU_0	0	0	0	100.00	0	0	0	0	0	0
1428618956415501251	CPU_0	0	0	0	100.00	0	0	0	0	0	0
1428618957037081937	CPU_0	0	0	1.61	98.38	0	0	0	0	0	0
1428618957658789165	CPU_0	0	0	0	100.00	0	0	0	0	0	0
1428618958286433755	CPU_0	0	0	1.61	98.38	0	0	0	0	0	0
1428618958909249397	CPU_0	0	0	0	100.00	0	0	0	0	0	0
1428618959531454041	CPU_0	0	0	0	98.38	0	1.61	0	0	0	0
1428618960152877436	CPU_0	0	0	0	100.00	0	0	0	0	0	0
1428618960781167358	CPU_0	0	0	1.58	98.41	0	0	0	0	0	0
1428618961402998086	CPU_0	0	0	1.61	96.77	0	1.61	0	0	0	0
1428618962025495479	CPU_0	0	0	1.61	98.38	0	0	0	0	0	0
1428618962646501167	CPU_0	0	0	0	98.38	0	1.61	0	0	0	0
1428618963273999591	CPU_0	0	0	0	100.00	0	0	0	0	0	0
1428618963896035443	CPU_0	0	0	0	100.00	0	0	0	0	0	0
1428618964518085337	CPU_0	0	0	0	100.00	0	0	0	0	0	0
1428618965139730066	CPU_0	0	0	0	95.23	0	1.58	3.17	0	0	0
1428618965762728250	CPU_0	0	0	1.61	98.38	0	0	0	0	0	0
1428618966392326253	CPU_0	0	0	0	100.00	0	0	0	0	0	0
1428618967014923521	CPU_0	0	0	3.12	95.31	0	1.56	0	0	0	0
1428618967636790957	CPU_0	0	0	0	100.00	0	0	0	0	0	0
1428618968258791477	CPU_0	0	0	0	100.00	0	0	0	0	0	0
1428618968887330149	CPU_0	0	0	0	98.41	0	1.58	0	0	0	0
1428618969509057877	CPU_0	0	0	0	100.00	0	0	0	0	0	0
1428618970131416146	CPU_0	0	0	0	100.00	0	0	0	0	0	0
1428618970753592832	CPU_0	0	0	1.61	96.77	1.61	0	0	0	0	0
1428618971382109629	CPU_0	0	0	0	98.41	0	1.58	0	0	0	0
1428618972007243184	CPU_0	0	0	0	100.00	0	0	0	0	0	0
1428618972629136412	CPU_0	0	0	0	100.00	0	0	0	0	0	0
1428618973251496848	CPU_0	0	0	0	95.31	0	4.68	0	0	0	0
1428618973874363282	CPU_0	0	0	0	100.00	0	0	0	0	0	0
1428618974503004538	CPU_0	0	0	0	100.00	0	0	0	0	0	0
1428618975125113599	CPU_0	0	0	0	100.00	0	0	0	0	0	0
1428618975746972411	CPU_0	0	0	1.63	98.36	0	0	0	0	0	0
1428618976369137514	CPU_0	0	0	1.58	98.41	0	0	0	0	0	0
1428618976996881188	CPU_0	0	0	0	100.00	0	0	0	0	0	0
1428618977619114374	CPU_0	0	0	0	100.00	0	0	0	0	0	0
1428618978240328688	CPU_0	0	0	1.61	98.38	0	0	0	0	0	0
1428618978862492874	CPU_0	0	0	0	100.00	0	0	0	0	0	0
1428618979484568810	CPU_0	0	0	0	98.38	0	1.61	0	0	0	0
1428618980113002109	CPU_0	0	0	1.58	98.41	0	0	0	0	0	0
1428618980734925295	CPU_0	0	0	0	100.00	0	0	0	0	0	0
1428618981356631275	CPU_0	0	0	0	98.38	0	1.61	0	0	0	0
1428618981979774876	CPU_0	0	0	0	100.00	0	0	0	0	0	0
1428618982607849008	CPU_0	0	0	0	100.00	0	0	0	0	0	0
1428618983230241277	CPU_0	0	0	3.22	95.16	0	1.61	0	0	0	0
1428618983852282339	CPU_0	0	0	1.58	95.23	0	3.17	0	0	0	0
1428618984475261941	CPU_0	0	0	0	98.30	0	0	1.69	0	0	0
1428618985104441029	CPU_0	21.87	0	3.12	73.43	0	1.56	0	0	0	0
1428618985727722589	CPU_0	0	0	0	100.00	0	0	0	0	0	0
1428618986349860317	CPU_0	0	0	1.58	96.82	0	1.58	0	0	0	0
1428618986972690669	CPU_0	0	0	1.61	98.38	0	0	0	0	0	0
1428618987595553229	CPU_0	0	0	0	100.00	0	0	0	0	0	0
1428618988224626485	CPU_0	0	0	0	98.41	0	1.58	0	0	0	0
1428618988846222715	CPU_0	0	0	0	100.00	0	0	0	0	0	0
1428618989469863648	CPU_0	6.55	0	1.63	91.80	0	0	0	0	0	0
1428618990092115502	CPU_0	0	0	0	98.41	0	1.58	0	0	0	0
1428618990720999716	CPU_0	0	0	0	100.00	0	0	0	0	0	0
1428618991343655736	CPU_0	0	0	0	96.82	0	1.58	1.58	0	0	0
1428618991967012837	CPU_0	0	0	0	100.00	0	0	0	0	0	0
1428618992589975314	CPU_0	0	0	1.58	98.41	0	0	0	0	0	0
1428618993218529446	CPU_0	1.61	0	0	98.38	0	0	0	0	0	0
1428618993844391458	CPU_0	0	0	0	100.00	0	0	0	0	0	0
1428618994467740560	CPU_0	0	0	0	98.41	0	1.58	0	0	0	0
1428618995090342413	CPU_0	0	0	0	93.84	0	0	6.15	0	0	0
1428618995712858933	CPU_0	0	0	1.61	98.38	0	0	0	0	0	0
1428618996342117063	CPU_0	0	0	1.58	96.82	0	1.58	0	0	0	0
1428618996965445290	CPU_0	0	0	0	100.00	0	0	0	0	0	0
1428618997588597892	CPU_0	0	0	1.61	98.38	0	0	0	0	0	0
1428618998211395911	CPU_0	0	0	0	96.82	0	3.17	0	0	0	0
1428618998840714333	CPU_0	0	0	1.58	98.41	0	0	0	0	0	0
1428618999463970643	CPU_0	0	0	0	100.00	0	0	0	0	0	0
1428619000086790080	CPU_0	0	0	1.58	98.41	0	0	0	0	0	0
1428619000709061642	CPU_0	0	0	0	98.36	1.63	0	0	0	0	0
1428619001338150106	CPU_0	0	0	1.58	98.41	0	0	0	0	0	0
1428619001963661454	CPU_0	0	0	0	98.41	0	1.58	0	0	0	0
1428619002586582598	CPU_0	0	0	0	100.00	0	0	0	0	0	0
1428619003209652242	CPU_0	0	0	0	100.00	0	0	0	0	0	0
1428619003832492387	CPU_0	0	0	0	100.00	0	0	0	0	0	0
1428619004462066725	CPU_0	0	0	0	98.41	0	1.58	0	0	0	0
1428619005085260619	CPU_0	0	0	1.61	98.38	0	0	0	0	0	0
1428619005707520307	CPU_0	0	0	0	100.00	0	0	0	0	0	0
1428619006330852617	CPU_0	0	0	0	98.38	0	1.61	0	0	0	0
1428619006960399415	CPU_0	0	0	0	100.00	0	0	0	0	0	0
1428619007583506517	CPU_0	0	0	0	100.00	0	0	0	0	0	0
1428619008205240206	CPU_0	0	0	1.58	96.82	0	1.58	0	0	0	0
1428619008827967226	CPU_0	0	0	1.61	98.38	0	0	0	0	0	0
1428619009452920242	CPU_0	0	0	0	100.00	0	0	0	0	0	0
1428619010080568626	CPU_0	0	0	1.58	96.82	0	1.58	0	0	0	0
1428619010702653106	CPU_0	0	0	0	100.00	0	0	0	0	0	0
1428619011325436501	CPU_0	0	0	0	100.00	0	0	0	0	0	0
1428619011948447688	CPU_0	0	0	0	98.38	0	1.61	0	0	0	0
1428619012577939819	CPU_0	0	0	0	100.00	0	0	0	0	0	0
1428619013200182632	CPU_0	0	0	1.56	95.31	0	3.12	0	0	0	0
1428619013823167860	CPU_0	0	0	0	100.00	0	0	0	0	0	0
1428619014447274086	CPU_0	0	0	0	98.41	0	0	1.58	0	0	0
1428619015076888758	CPU_0	0	0	0	100.00	0	0	0	0	0	0
1428619015699605862	CPU_0	0	0	1.61	98.38	0	0	0	0	0	0
1428619016322116550	CPU_0	0	0	0	100.00	0	0	0	0	0	0
1428619016945498361	CPU_0	0	0	0	100.00	0	0	0	0	0	0
1428619017569397546	CPU_0	0	0	0	100.00	0	0	0	0	0	0
1428619018196693390	CPU_0	0	0	0	93.93	0	6.06	0	0	0	0
1428619018818916578	CPU_0	0	0	0	100.00	0	0	0	0	0	0
1428619019441759099	CPU_0	0	0	0	100.00	0	0	0	0	0	0
1428619020064867577	CPU_0	0	0	0	100.00	0	0	0	0	0	0
1428619020694017793	CPU_0	0	0	0	100.00	0	0	0	0	0	0
1428619021316679730	CPU_0	0	0	0	100.00	0	0	0	0	0	0
1428619021940558123	CPU_0	0	0	0	100.00	0	0	0	0	0	0
1428619022563346103	CPU_0	0	0	1.63	98.36	0	0	0	0	0	0
1428619023192868984	CPU_0	0	0	1.58	98.41	0	0	0	0	0	0
1428619023815690547	CPU_0	0	0	1.61	98.38	0	0	0	0	0	0
1428619024439510940	CPU_0	0	0	0	100.00	0	0	0	0	0	0
1428619025062456252	CPU_0	0	0	0	100.00	0	0	0	0	0	0
1428619025686736604	CPU_0	0	0	1.58	96.82	0	1.58	0	0	0	0
1428619026314682030	CPU_0	0	0	1.58	98.41	0	0	0	0	0	0
1428619026938565882	CPU_0	0	0	1.61	96.77	0	1.61	0	0	0	0
1428619027561617653	CPU_0	0	0	0	100.00	0	0	0	0	0	0
1428619028184996672	CPU_0	0	0	1.61	98.38	0	0	0	0	0	0
1428619028814514388	CPU_0	0	0	0	100.00	0	0	0	0	0	0
1428619029438565073	CPU_0	0	0	0	98.38	0	1.61	0	0	0	0
1428619030062411675	CPU_0	0	0	0	100.00	0	0	0	0	0	0
1428619030685619737	CPU_0	0	0	1.58	96.82	1.58	0	0	0	0	0
1428619031315278619	CPU_0	0	0	1.56	96.87	0	1.56	0	0	0	0
1428619031938935555	CPU_0	0	0	0	100.00	0	0	0	0	0	0
1428619032562569574	CPU_0	0	0	0	100.00	0	0	0	0	0	0
1428619033184845388	CPU_0	0	0	0	98.38	0	1.61	0	0	0	0
1428619033810167154	CPU_0	0	0	1.58	98.41	0	0	0	0	0	0
1428619034438746622	CPU_0	0	0	0	100.00	0	0	0	0	0	0
1428619035062720433	CPU_0	0	0	0	100.00	0	0	0	0	0	0
1428619035686174786	CPU_0	0	0	0	98.36	0	1.63	0	0	0	0
1428619036309473348	CPU_0	0	0	0	98.41	0	1.58	0	0	0	0
1428619036939592271	CPU_0	0	0	0	100.00	0	0	0	0	0	0
1428619037562831625	CPU_0	0	0	0	100.00	0	0	0	0	0	0
1428619038185604063	CPU_0	0	0	0	100.00	0	0	0	0	0	0
1428619038808992083	CPU_0	0	0	0	93.84	0	0	6.15	0	0	0
1428619039438462758	CPU_0	0	0	1.51	93.93	0	4.54	0	0	0	0
1428619040062262027	CPU_0	0	0	0	100.00	0	0	0	0	0	0
1428619040685560256	CPU_0	0	0	1.61	98.38	0	0	0	0	0	0
1428619041308351570	CPU_0	0	0	0	100.00	0	0	0	0	0	0
1428619041937246620	CPU_0	0	0	1.61	98.38	0	0	0	0	0	0
1428619042564202800	CPU_0	0	0	0	100.00	0	0	0	0	0	0
1428619043186580739	CPU_0	0	0	0	100.00	0	0	0	0	0	0
1428619043809847468	CPU_0	0	0	1.58	98.41	0	0	0	0	0	0
1428619044432965531	CPU_0	0	0	0	100.00	0	0	0	0	0	0
1428619045063783245	CPU_0	0	0	1.56	96.87	0	1.56	0	0	0	0
1428619045687735431	CPU_0	0	0	0	100.00	0	0	0	0	0	0
1428619046311580951	CPU_0	0	0	0	100.00	0	0	0	0	0	0
1428619046935036805	CPU_0	0	0	1.56	95.31	0	3.12	0	0	0	0
1428619047565122270	CPU_0	0	0	0	100.00	0	0	0	0	0	0
1428619048188412374	CPU_0	0	0	1.58	98.41	0	0	0	0	0	0
1428619048811338980	CPU_0	0	0	0	100.00	0	0	0	0	0	0
1428619049434738167	CPU_0	0	0	1.61	98.38	0	0	0	0	0	0
1428619050065536964	CPU_0	0	0	0	100.00	0	0	0	0	0	0
1428619050688442194	CPU_0	0	0	0	98.38	0	1.61	0	0	0	0
1428619051311098967	CPU_0	0	0	0	100.00	0	0	0	0	0	0
1428619051934153781	CPU_0	0	0	0	100.00	0	0	0	0	0	0
1428619052557646676	CPU_0	0	0	1.61	98.38	0	0	0	0	0	0
1428619053186357520	CPU_0	0	0	0	98.38	0	1.61	0	0	0	0
1428619053808285044	CPU_0	1.61	0	0	98.38	0	0	0	0	0	0
1428619054431184191	CPU_0	0	0	0	96.82	0	3.17	0	0	0	0
1428619055054764045	CPU_0	0	0	0	100.00	0	0	0	0	0	0
1428619055683732013	CPU_0	0	0	1.61	98.38	0	0	0	0	0	0
1428619056306329286	CPU_0	0	0	0	100.00	0	0	0	0	0	0
1428619056928850309	CPU_0	0	0	0	100.00	0	0	0	0	0	0
1428619057552897913	CPU_0	0	0	1.61	98.38	0	0	0	0	0	0
1428619058184362250	CPU_0	0	0	0	100.00	0	0	0	0	0	0
1428619058807413481	CPU_0	0	0	1.56	96.87	0	1.56	0	0	0	0
1428619059429828255	CPU_0	0	0	0	100.00	0	0	0	0	0	0
1428619060053762733	CPU_0	0	0	0	98.38	0	1.61	0	0	0	0
1428619060676441673	CPU_0	0	0	1.58	96.82	1.58	0	0	0	0	0
1428619061306474847	CPU_0	0	0	0	100.00	0	0	0	0	0	0
1428619061929501411	CPU_0	0	0	1.61	98.38	0	0	0	0	0	0
1428619062554050305	CPU_0	0	0	0	100.00	0	0	0	0	0	0
1428619063176755579	CPU_0	0	0	0	95.38	0	4.61	0	0	0	0
1428619063806316337	CPU_0	0	0	0	100.00	0	0	0	0	0	0
1428619064429444943	CPU_0	0	0	0	100.00	0	0	0	0	0	0
1428619065053584255	CPU_0	0	0	0	100.00	0	0	0	0	0	0
1428619065676794069	CPU_0	0	0	1.61	98.38	0	0	0	0	0	0
1428619066309379613	CPU_0	0	0	1.61	98.38	0	0	0	0	0	0
1428619066932550135	CPU_0	0	0	0	100.00	0	0	0	0	0	0
1428619067556744114	CPU_0	0	0	1.61	98.38	0	0	0	0	0	0
1428619068179461679	CPU_0	0	0	0	96.82	0	3.17	0	0	0	0
1428619068802162077	CPU_0	0	0	0	100.00	0	0	0	0	0	0
1428619069432208377	CPU_0	0	0	1.61	98.38	0	0	0	0	0	0
1428619070056148815	CPU_0	0	0	1.61	98.38	0	0	0	0	0	0
1428619070679448628	CPU_0	0	0	0	98.38	0	0	1.61	0	0	0
1428619071302676526	CPU_0	0	0	0	100.00	0	0	0	0	0	0
1428619071932369993	CPU_0	0	0	0	100.00	0	0	0	0	0	0
1428619072556690180	CPU_0	0	0	0	100.00	0	0	0	0	0	0
1428619073179669995	CPU_0	0	0	0	98.38	0	1.61	0	0	0	0
1428619073803017392	CPU_0	0	0	1.53	93.84	0	4.61	0	0	0	0
1428619074436696351	CPU_0	0	0	1.58	98.41	0	0	0	0	0	0
1428619075061149746	CPU_0	0	0	0	100.00	0	0	0	0	0	0
1428619075684440061	CPU_0	0	0	0	100.00	0	0	0	0	0	0
1428619076308211165	CPU_0	0	0	0	100.00	0	0	0	0	0	0
1428619076931291939	CPU_0	0	0	0	100.00	0	0	0	0	0	0
1428619077563054818	CPU_0	0	0	1.58	98.41	0	0	0	0	0	0
1428619078186777632	CPU_0	0	0	0	100.00	0	0	0	0	0	0
1428619078810734112	CPU_0	0	0	0	98.41	0	0	1.58	0	0	0
1428619079434420425	CPU_0	0	0	1.63	98.36	0	0	0	0	0	0
1428619080065158307	CPU_0	0	0	0	100.00	0	0	0	0	0	0
1428619080689170954	CPU_0	0	0	1.56	96.87	0	1.56	0	0	0	0
1428619081312387518	CPU_0	0	0	0	100.00	0	0	0	0	0	0
1428619081936457915	CPU_0	0	0	0	100.00	0	0	0	0	0	0
1428619082568807794	CPU_0	0	0	0	96.87	0	0	3.12	0	0	0
1428619083192645815	CPU_0	0	0	1.58	96.82	0	1.58	0	0	0	0
1428619083815849130	CPU_0	0	0	0	100.00	0	0	0	0	0	0
1428619084439720652	CPU_0	0	0	1.58	98.41	0	0	0	0	0	0
1428619085064880130	CPU_0	0	0	0	98.38	0	1.61	0	0	0	0
1428619085695014013	CPU_0	0	0	0	100.00	0	0	0	0	0	0
1428619086318267578	CPU_0	0	0	1.61	98.38	0	0	0	0	0	0
1428619086941899351	CPU_0	0	0	0	98.38	0	1.61	0	0	0	0
1428619087566512413	CPU_0	0	0	1.61	98.38	0	0	0	0	0	0
1428619088197041962	CPU_0	0	0	1.56	96.87	0	1.56	0	0	0	0
1428619088820723902	CPU_0	0	0	1.58	98.41	0	0	0	0	0	0
1428619089444266924	CPU_0	0	0	0	100.00	0	0	0	0	0	0
1428619090068792820	CPU_0	0	0	0	100.00	0	0	0	0	0	0
1428619090698764871	CPU_0	0	0	0	100.00	0	0	0	0	0	0
1428619091321780353	CPU_0	0	0	0	98.38	0	1.61	0	0	0	0
1428619091945265501	CPU_0	0	0	0	100.00	0	0	0	0	0	0
1428619092569476648	CPU_0	0	0	1.61	98.38	0	0	0	0	0	0
1428619093192808296	CPU_0	0	0	0	98.38	0	1.61	0	0	0	0
1428619093822831973	CPU_0	0	0	0	100.00	0	0	0	0	0	0
1428619094447255410	CPU_0	0	0	1.61	98.38	0	0	0	0	0	0
1428619095072364014	CPU_0	0	0	0	98.38	0	1.61	0	0	0	0
1428619095695749912	CPU_0	0	0	1.61	98.38	0	0	0	0	0	0
1428619096325880921	CPU_0	0	0	0	100.00	0	0	0	0	0	0
1428619096949542778	CPU_0	0	0	1.58	96.82	0	1.58	0	0	0	0
1428619097574034424	CPU_0	0	0	0	100.00	0	0	0	0	0	0
1428619098197726030	CPU_0	0	0	0	100.00	0	0	0	0	0	0
1428619098827252374	CPU_0	0	0	0	100.00	0	0	0	0	0	0
1428619099450747523	CPU_0	0	0	0	98.41	0	1.58	0	0	0	0
1428619100074652295	CPU_0	0	0	0	100.00	0	0	0	0	0	0
1428619100698241319	CPU_0	0	0	0	98.38	1.61	0	0	0	0	0
1428619101328159079	CPU_0	0	0	0	98.38	0	1.61	0	0	0	0
1428619101954334138	CPU_0	0	0	1.58	98.41	0	0	0	0	0	0
1428619102579080867	CPU_0	0	0	0	100.00	0	0	0	0	0	0
1428619103203775139	CPU_0	1.58	0	0	95.23	0	1.58	1.58	0	0	0
1428619103827407662	CPU_0	0	0	0	98.33	0	1.66	0	0	0	0
1428619104457746338	CPU_0	0	0	0	98.38	0	1.61	0	0	0	0
1428619105082267901	CPU_0	4.91	0	1.63	91.80	0	1.63	0	0	0	0
1428619105706464590	CPU_0	0	0	1.61	98.38	0	0	0	0	0	0
1428619106329987281	CPU_0	0	0	0	100.00	0	0	0	0	0	0
1428619106960642831	CPU_0	0	0	3.03	93.93	0	3.03	0	0	0	0
1428619107585903060	CPU_0	0	0	0	100.00	0	0	0	0	0	0
1428619108210382373	CPU_0	0	0	1.61	98.38	0	0	0	0	0	0
1428619108834320354	CPU_0	0	0	0	100.00	0	0	0	0	0	0
1428619109465160863	CPU_0	4.83	0	1.61	93.54	0	0	0	0	0	0
1428619110091028549	CPU_0	0	0	0	98.41	0	0	1.58	0	0	0
1428619110715893445	CPU_0	0	0	0	98.38	0	1.61	0	0	0	0
1428619111340571591	CPU_0	0	0	1.63	98.36	0	0	0	0	0	0
1428619111964939655	CPU_0	0	0	0	100.00	0	0	0	0	0	0
1428619112596255413	CPU_0	0	0	0	98.41	0	1.58	0	0	0	0
1428619113220636685	CPU_0	0	0	0	96.82	0	3.17	0	0	0	0
1428619113844557500	CPU_0	0	0	0	100.00	0	0	0	0	0	0
1428619114469381980	CPU_0	0	0	1.58	98.41	0	0	0	0	0	0
1428619115100693405	CPU_0	0	0	0	100.00	0	0	0	0	0	0
1428619115724645053	CPU_0	0	0	3.17	96.82	0	0	0	0	0	0
1428619116348953784	CPU_0	0	0	0	100.00	0	0	0	0	0	0
1428619116972725641	CPU_0	0	0	1.61	98.38	0	0	0	0	0	0
1428619117604045024	CPU_0	0	0	0	100.00	0	0	0	0	0	0
1428619118227852839	CPU_0	0	0	1.56	95.31	0	1.56	1.56	0	0	0
1428619118851379197	CPU_0	0	0	1.61	98.38	0	0	0	0	0	0
1428619119475834803	CPU_0	0	0	0	100.00	0	0	0	0	0	0
1428619120104412692	CPU_0	0	0	1.56	96.87	0	1.56	0	0	0	0
1428619120731312709	CPU_0	0	0	0	100.00	0	0	0	0	0	0
1428619121355710690	CPU_0	0	0	0	100.00	0	0	0	0	0	0
1428619121979639214	CPU_0	0	0	0	98.41	0	1.58	0	0	0	0
1428619122605083068	CPU_0	0	0	0	100.00	0	0	0	0	0	0
1428619123235723494	CPU_0	0	0	0	100.00	0	0	0	0	0	0
1428619123859984476	CPU_0	0	0	1.58	96.82	0	1.58	0	0	0	0
1428619124484249082	CPU_0	0	0	1.61	98.38	0	0	0	0	0	0
1428619125109502978	CPU_0	0	0	0	100.00	0	0	0	0	0	0
1428619125740982028	CPU_0	0	0	0	95.38	1.53	1.53	1.53	0	0	0
1428619126366011092	CPU_0	0	0	0	100.00	0	0	0	0	0	0
1428619126990974863	CPU_0	0	0	1.56	96.87	0	1.56	0	0	0	0
1428619127616900675	CPU_0	0	0	1.61	98.38	0	0	0	0	0	0
1428619128247525602	CPU_0	0	0	0	100.00	0	0	0	0	0	0
1428619128872696623	CPU_0	0	0	1.61	98.38	0	0	0	0	0	0
1428619129498235727	CPU_0	0	0	0	100.00	0	0	0	0	0	0
1428619130124269039	CPU_0	0	0	0	98.38	0	1.61	0	0	0	0
1428619130749454768	CPU_0	0	0	0	100.00	0	0	0	0	0	0
1428619131380291403	CPU_0	0	0	0	100.00	0	0	0	0	0	0
1428619132005131217	CPU_0	0	0	1.58	96.82	0	1.58	0	0	0	0
1428619132630158406	CPU_0	0	0	1.58	98.41	0	0	0	0	0	0
1428619133254094180	CPU_0	0	0	0	93.84	0	0	6.15	0	0	0
1428619133885403481	CPU_0	0	0	1.56	96.87	0	1.56	0	0	0	0
1428619134510531128	CPU_0	0	0	0	100.00	0	0	0	0	0	0
1428619135136045732	CPU_0	0	0	0	100.00	0	0	0	0	0	0
1428619135760727713	CPU_0	0	0	0	100.00	0	0	0	0	0	0
1428619136391692806	CPU_0	0	0	0	98.41	0	1.58	0	0	0	0
1428619137016555246	CPU_0	0	0	0	100.00	0	0	0	0	0	0
1428619137641898767	CPU_0	0	0	0	100.00	0	0	0	0	0	0
1428619138266829081	CPU_0	0	0	0	98.38	0	1.61	0	0	0	0
1428619138900858418	CPU_0	0	0	0	100.00	0	0	0	0	0	0
1428619139526297898	CPU_0	0	0	0	98.38	0	1.61	0	0	0	0
1428619140152697626	CPU_0	0	0	0	100.00	0	0	0	0	0	0
1428619140777942898	CPU_0	0	0	0	100.00	0	0	0	0	0	0
1428619141403291378	CPU_0	0	0	0	100.00	0	0	0	0	0	0
1428619142035976593	CPU_0	0	0	1.53	95.38	0	3.07	0	0	0	0
1428619142662013905	CPU_0	0	0	0	100.00	0	0	0	0	0	0
1428619143287467093	CPU_0	0	0	1.61	98.38	0	0	0	0	0	0
1428619143912360783	CPU_0	0	0	0	100.00	0	0	0	0	0	0
1428619144544866998	CPU_0	0	0	0	100.00	0	0	0	0	0	0
1428619145171433559	CPU_0	0	0	0	100.00	0	0	0	0	0	0
1428619145796755915	CPU_0	0	0	1.61	98.38	0	0	0	0	0	0
1428619146422060145	CPU_0	0	0	0	98.41	0	1.58	0	0	0	0
1428619147053982237	CPU_0	0	0	3.12	96.87	0	0	0	0	0	0
1428619147679708300	CPU_0	0	0	0	100.00	0	0	0	0	0	0
1428619148305374238	CPU_0	0	0	0	98.38	0	1.61	0	0	0	0
1428619148930020595	CPU_0	0	0	0	100.00	0	0	0	0	0	0
1428619149563182226	CPU_0	0	0	1.58	98.41	0	0	0	0	0	0
1428619150189536454	CPU_0	0	0	0	98.38	0	1.61	0	0	0	0
1428619150814785935	CPU_0	0	0	1.61	98.38	0	0	0	0	0	0
1428619151440107707	CPU_0	0	0	0	100.00	0	0	0	0	0	0
1428619152065214231	CPU_0	0	0	0	98.41	0	1.58	0	0	0	0
1428619152698298736	CPU_0	0	0	0	100.00	0	0	0	0	0	0
1428619153323679134	CPU_0	0	0	0	100.00	0	0	0	0	0	0
1428619153949320864	CPU_0	0	0	0	100.00	0	0	0	0	0	0
1428619154575174677	CPU_0	0	0	0	98.38	0	1.61	0	0	0	0
1428619155207821434	CPU_0	0	0	0	95.38	0	4.61	0	0	0	0
1428619155833534915	CPU_0	0	0	1.61	98.38	0	0	0	0	0	0
1428619156459403394	CPU_0	0	0	0	100.00	0	0	0	0	0	0
1428619157085336874	CPU_0	0	0	0	100.00	0	0	0	0	0	0
1428619157718418464	CPU_0	0	0	0	100.00	0	0	0	0	0	0
1428619158344658401	CPU_0	0	0	0	100.00	0	0	0	0	0	0
1428619158970428632	CPU_0	0	0	0	100.00	0	0	0	0	0	0
1428619159597298068	CPU_0	4.76	0	3.17	92.06	0	0	0	0	0	0
1428619160262188091	CPU_0	3.03	0	3.03	93.93	0	0	0	0	0	0
1428619160886100617	CPU_0	0	0	0	98.36	1.63	0	0	0	0	0
1428619161511606931	CPU_0	0	0	1.58	96.82	0	1.58	0	0	0	0
1428619162137466370	CPU_0	0	0	0	100.00	0	0	0	0	0	0
1428619162770159335	CPU_0	0	0	0	100.00	0	0	0	0	0	0
1428619163395154109	CPU_0	0	0	0	98.38	0	1.61	0	0	0	0
1428619164020796590	CPU_0	0	0	1.58	98.41	0	0	0	0	0	0
1428619164647113319	CPU_0	0	0	0	96.82	0	1.58	1.58	0	0	0
1428619165273360924	CPU_0	0	0	0	100.00	0	0	0	0	0	0
1428619165905044059	CPU_0	0	0	0	100.00	0	0	0	0	0	0
1428619166530492873	CPU_0	0	0	0	100.00	0	0	0	0	0	0
1428619167156237896	CPU_0	0	0	1.61	98.38	0	0	0	0	0	0
1428619167781929376	CPU_0	0	0	1.56	96.87	0	1.56	0	0	0	0
1428619168413256720	CPU_0	0	0	1.53	95.38	0	1.53	1.53	0	0	0
1428619169038912785	CPU_0	0	0	0	100.00	0	0	0	0	0	0
1428619169665013473	CPU_0	0	0	0	100.00	0	0	0	0	0	0
1428619170291371536	CPU_0	0	0	1.63	98.36	0	0	0	0	0	0
1428619170922651339	CPU_0	0	0	0	100.00	0	0	0	0	0	0
1428619171547923820	CPU_0	0	0	0	91.04	0	8.95	0	0	0	0
1428619172173437052	CPU_0	0	0	1.58	98.41	0	0	0	0	0	0
1428619172798499868	CPU_0	0	0	0	100.00	0	0	0	0	0	0
1428619173429987420	CPU_0	0	0	0	100.00	0	0	0	0	0	0
1428619174056023609	CPU_0	3.22	0	0	96.77	0	0	0	0	0	0
1428619174682780463	CPU_0	0	0	0	100.00	0	0	0	0	0	0
1428619175308361736	CPU_0	0	0	0	100.00	0	0	0	0	0	0
1428619175935447047	CPU_0	0	0	0	100.00	0	0	0	0	0	0
1428619176565291020	CPU_0	0	0	1.58	98.41	0	0	0	0	0	0
1428619177192044124	CPU_0	0	0	0	100.00	0	0	0	0	0	0
1428619177817321106	CPU_0	0	0	0	100.00	0	0	0	0	0	0
1428619178443417462	CPU_0	0	0	0	100.00	0	0	0	0	0	0
1428619179074792306	CPU_0	0	0	0	100.00	0	0	0	0	0	0
1428619179701177911	CPU_0	0	0	1.63	98.36	0	0	0	0	0	0
1428619180326316227	CPU_0	0	0	0	100.00	0	0	0	0	0	0
1428619180952251667	CPU_0	0	0	0	93.93	0	0	6.06	0	0	0
1428619181583940427	CPU_0	0	0	0	100.00	0	0	0	0	0	0
1428619182210399574	CPU_0	0	0	1.58	98.41	0	0	0	0	0	0
1428619182835892973	CPU_0	0	0	0	95.31	0	4.68	0	0	0	0
1428619183461697287	CPU_0	0	0	0	100.00	0	0	0	0	0	0
1428619184093204882	CPU_0	0	0	0	100.00	0	0	0	0	0	0
1428619184719855487	CPU_0	0	0	0	100.00	0	0	0	0	0	0
1428619185345513468	CPU_0	0	0	0	100.00	0	0	0	0	0	0
1428619185971325367	CPU_0	0	0	1.58	96.82	1.58	0	0	0	0	0
1428619186603052711	CPU_0	0	0	0	100.00	0	0	0	0	0	0
1428619187232262560	CPU_0	0	0	1.58	98.41	0	0	0	0	0	0
1428619187858781290	CPU_0	0	0	0	100.00	0	0	0	0	0	0
1428619188484762813	CPU_0	0	0	0	100.00	0	0	0	0	0	0
1428619189111254627	CPU_0	0	0	0	100.00	0	0	0	0	0	0
1428619189744276510	CPU_0	0	0	1.56	96.87	0	1.56	0	0	0	0
1428619190370779449	CPU_0	0	0	1.61	98.38	0	0	0	0	0	0
1428619190996220182	CPU_0	0	0	0	100.00	0	0	0	0	0	0
1428619191623212369	CPU_0	0	0	0	93.84	0	6.15	0	0	0	0
1428619192256678835	CPU_0	0	0	0	100.00	0	0	0	0	0	0
1428619192883675940	CPU_0	0	0	0	100.00	0	0	0	0	0	0
1428619193509228422	CPU_0	0	0	0	100.00	0	0	0	0	0	0
1428619194135704611	CPU_0	0	0	0	100.00	0	0	0	0	0	0
1428619194768495245	CPU_0	0	0	1.58	98.41	0	0	0	0	0	0
1428619195394994059	CPU_0	0	0	0	100.00	0	0	0	0	0	0
1428619196020214126	CPU_0	0	0	1.61	98.38	0	0	0	0	0	0
1428619196647179730	CPU_0	0	0	1.58	98.41	0	0	0	0	0	0
1428619197280649238	CPU_0	0	0	0	100.00	0	0	0	0	0	0
1428619197907293635	CPU_0	0	0	0	100.00	0	0	0	0	0	0
1428619198533308909	CPU_0	0	0	1.58	98.41	0	0	0	0	0	0
1428619199159670223	CPU_0	0	0	0	100.00	0	0	0	0	0	0
1428619199786086787	CPU_0	0	0	0	98.38	0	1.61	0	0	0	0
1428619200418060423	CPU_0	0	0	0	96.87	0	3.12	0	0	0	0
1428619201044322571	CPU_0	0	0	1.61	98.38	0	0	0	0	0	0
1428619201670829886	CPU_0	0	0	0	100.00	0	0	0	0	0	0
1428619202296994617	CPU_0	0	0	0	100.00	0	0	0	0	0	0
1428619202930030626	CPU_0	0	0	0	100.00	0	0	0	0	0	0
1428619203556399941	CPU_0	0	0	0	100.00	0	0	0	0	0	0
1428619204183899878	CPU_0	0	0	1.58	98.41	0	0	0	0	0	0
1428619204809881944	CPU_0	0	0	0	100.00	0	0	0	0	0	0
1428619205443504243	CPU_0	0	0	0	98.41	0	1.58	0	0	0	0
1428619206070457765	CPU_0	0	0	0	100.00	0	0	0	0	0	0
1428619206698573285	CPU_0	0	0	0	96.82	0	3.17	0	0	0	0
1428619207325200891	CPU_0	0	0	1.58	98.41	0	0	0	0	0	0
1428619207959060648	CPU_0	0	0	1.58	98.41	0	0	0	0	0	0
1428619208585794087	CPU_0	0	0	1.58	98.41	0	0	0	0	0	0
1428619209213818899	CPU_0	0	0	0	100.00	0	0	0	0	0	0
1428619209839882381	CPU_0	0	0	0	100.00	0	0	0	0	0	0
1428619210472849682	CPU_0	0	0	0	100.00	0	0	0	0	0	0
1428619211101822492	CPU_0	0	0	0	98.38	1.61	0	0	0	0	0
1428619211730087553	CPU_0	0	0	0	98.41	0	1.58	0	0	0	0
1428619212356286785	CPU_0	0	0	1.58	96.82	0	0	1.58	0	0	0
1428619212983897473	CPU_0	0	0	0	100.00	0	0	0	0	0	0
1428619213616253858	CPU_0	0	0	0	95.38	0	4.61	0	0	0	0
1428619214244810836	CPU_0	0	0	0	100.00	0	0	0	0	0	0
1428619214870821568	CPU_0	0	0	0	100.00	0	0	0	0	0	0
1428619215497632549	CPU_0	0	0	0	100.00	0	0	0	0	0	0
1428619216130748350	CPU_0	0	0	0	100.00	0	0	0	0	0	0
1428619216758905454	CPU_0	0	0	0	100.00	0	0	0	0	0	0
1428619217385055728	CPU_0	0	0	0	100.00	0	0	0	0	0	0
1428619218012545624	CPU_0	0	0	1.61	98.38	0	0	0	0	0	0
1428619218645193177	CPU_0	0	0	0	100.00	0	0	0	0	0	0
1428619219273101655	CPU_0	0	0	0	100.00	0	0	0	0	0	0
1428619219899513554	CPU_0	0	0	0	98.41	0	1.58	0	0	0	0
1428619220527084784	CPU_0	0	0	0	100.00	0	0	0	0	0	0
1428619221159785045	CPU_0	0	0	0	98.41	0	0	1.58	0	0	0
1428619221787261399	CPU_0	0	0	1.61	98.38	0	0	0	0	0	0
1428619222414332047	CPU_0	0	0	0	98.41	0	1.58	0	0	0	0
1428619223041488278	CPU_0	0	0	0	100.00	0	0	0	0	0	0
1428619223674880204	CPU_0	1.63	0	0	95.08	0	3.27	0	0	0	0
1428619224305061678	CPU_0	0	0	0	98.36	0	1.63	0	0	0	0
1428619224931413202	CPU_0	10.44	0	2.98	77.61	0	8.95	0	0	0	0
1428619225559602764	CPU_0	0	0	1.61	98.38	0	0	0	0	0	0
1428619226186291579	CPU_0	0	0	1.61	98.38	0	0	0	0	0	0
1428619226819681881	CPU_0	0	0	0	100.00	0	0	0	0	0	0
1428619227446082196	CPU_0	0	0	0	95.31	0	0	4.68	0	0	0
1428619228073380052	CPU_0	0	0	0	100.00	0	0	0	0	0	0
1428619228700598158	CPU_0	0	0	0	100.00	0	0	0	0	0	0
1428619229334021334	CPU_0	0	0	3.12	96.87	0	0	0	0	0	0
1428619229960536483	CPU_0	0	0	0	100.00	0	0	0	0	0	0
1428619230588083672	CPU_0	0	0	1.58	98.41	0	0	0	0	0	0
1428619231215899860	CPU_0	0	0	0	100.00	0	0	0	0	0	0
1428619231848792246	CPU_0	0	0	0	100.00	0	0	0	0	0	0
1428619232474712979	CPU_0	0	0	1.61	98.38	0	0	0	0	0	0
1428619233101839544	CPU_0	0	0	0	100.00	0	0	0	0	0	0
1428619233728818859	CPU_0	0	0	0	100.00	0	0	0	0	0	0
1428619234361839411	CPU_0	0	0	0	100.00	0	0	0	0	0	0
1428619234988054311	CPU_0	0	0	1.61	98.38	0	0	0	0	0	0
1428619235615389459	CPU_0	0	0	0	100.00	0	0	0	0	0	0
1428619236242352399	CPU_0	0	0	0	98.38	0	1.61	0	0	0	0
1428619236875464327	CPU_0	0	0	0	100.00	0	0	0	0	0	0
1428619237503395431	CPU_0	0	0	0	100.00	0	0	0	0	0	0
1428619238131290453	CPU_0	0	0	0	100.00	0	0	0	0	0	0
1428619238757990560	CPU_0	0	0	1.58	96.82	0	1.58	0	0	0	0
1428619239385480624	CPU_0	0	0	0	100.00	0	0	0	0	0	0
1428619240018178219	CPU_0	0	0	1.58	98.41	0	0	0	0	0	0
1428619240645447034	CPU_0	0	0	0	98.38	0	1.61	0	0	0	0
1428619241272359141	CPU_0	0	0	1.61	98.38	0	0	0	0	0	0
1428619241899893330	CPU_0	0	0	1.56	96.87	0	1.56	0	0	0	0
1428619242532920966	CPU_0	0	0	0	100.00	0	0	0	0	0	0
1428619243161269321	CPU_0	0	0	1.58	98.41	0	0	0	0	0	0
1428619243788367928	CPU_0	0	0	0	100.00	0	0	0	0	0	0
1428619244415863909	CPU_0	0	0	0	100.00	0	0	0	0	0	0
1428619245049056961	CPU_0	0	0	0	98.41	0	1.58	0	0	0	0
1428619245676472067	CPU_0	0	0	1.58	96.82	0	1.58	0	0	0	0
1428619246303237634	CPU_0	0	0	0	98.38	1.61	0	0	0	0	0
1428619246930453782	CPU_0	0	0	0	100.00	0	0	0	0	0	0
1428619247563769626	CPU_0	0	0	0	100.00	0	0	0	0	0	0
1428619248191216566	CPU_0	0	0	0	100.00	0	0	0	0	0	0
1428619248819282046	CPU_0	0	0	1.56	96.87	0	1.56	0	0	0	0
1428619249447015527	CPU_0	0	0	1.58	96.82	0	0	1.58	0	0	0
1428619250076278671	CPU_0	0	0	0	100.00	0	0	0	0	0	0
1428619250708452976	CPU_0	0	0	0	100.00	0	0	0	0	0	0
1428619251335372417	CPU_0	0	0	1.58	96.82	0	1.58	0	0	0	0
1428619251962310275	CPU_0	0	0	0	100.00	0	0	0	0	0	0
1428619252589206424	CPU_0	0	0	0	100.00	0	0	0	0	0	0
1428619253223474558	CPU_0	0	0	0	98.41	0	1.58	0	0	0	0
1428619253850470791	CPU_0	0	0	0	100.00	0	0	0	0	0	0
1428619254477380399	CPU_0	0	0	0	100.00	0	0	0	0	0	0
1428619255105010213	CPU_0	0	0	0	96.87	0	3.12	0	0	0	0
1428619255739271889	CPU_0	0	0	1.53	95.38	0	0	3.07	0	0	0
1428619256366898662	CPU_0	0	0	0	100.00	0	0	0	0	0	0
1428619256993978812	CPU_0	0	0	0	100.00	0	0	0	0	0	0
1428619257621051669	CPU_0	0	0	0	100.00	0	0	0	0	0	0
1428619258254664638	CPU_0	0	0	0	100.00	0	0	0	0	0	0
1428619258881496705	CPU_0	0	0	1.56	96.87	0	1.56	0	0	0	0
1428619259508475980	CPU_0	0	0	0	100.00	0	0	0	0	0	0
1428619260136213503	CPU_0	0	0	1.58	98.41	0	0	0	0	0	0
1428619260770525512	CPU_0	0	0	1.56	96.87	0	1.56	0	0	0	0
1428619261397476995	CPU_0	1.61	0	0	98.38	0	0	0	0	0	0
1428619262024708936	CPU_0	0	0	0	100.00	0	0	0	0	0	0
1428619262651471420	CPU_0	0	0	1.58	98.41	0	0	0	0	0	0
1428619263281636271	CPU_0	0	0	0	98.41	0	1.58	0	0	0	0
1428619263912970579	CPU_0	0	0	1.61	98.38	0	0	0	0	0	0
1428619264540372519	CPU_0	0	0	0	100.00	0	0	0	0	0	0
1428619265166910962	CPU_0	0	0	0	98.41	0	1.58	0	0	0	0
1428619265795344859	CPU_0	0	0	1.61	98.38	0	0	0	0	0	0
1428619266428406496	CPU_0	0	0	0	100.00	0	0	0	0	0	0
1428619267055839562	CPU_0	0	0	0	98.41	0	1.58	0	0	0	0
1428619267682299213	CPU_0	0	0	1.61	98.38	0	0	0	0	0	0
1428619268310521652	CPU_0	0	0	0	100.00	0	0	0	0	0	0
1428619268944357913	CPU_0	0	0	3.07	95.38	0	1.53	0	0	0	0
1428619269572751352	CPU_0	0	0	0	100.00	0	0	0	0	0	0
1428619270200527959	CPU_0	0	0	1.56	96.87	0	1.56	0	0	0	0
1428619270830025354	CPU_0	0	0	0	100.00	0	0	0	0	0	0
1428619271463200824	CPU_0	0	0	0	100.00	0	0	0	0	0	0
1428619272090836640	CPU_0	0	0	1.61	98.38	0	0	0	0	0	0
1428619272717871498	CPU_0	0	0	0	100.00	0	0	0	0	0	0
1428619273346305937	CPU_0	0	0	1.58	96.82	0	1.58	0	0	0	0
1428619273979445283	CPU_0	0	0	0	100.00	0	0	0	0	0	0
1428619274607419348	CPU_0	0	0	0	100.00	0	0	0	0	0	0
1428619275235337080	CPU_0	0	0	0	98.38	0	1.61	0	0	0	0
1428619275863264145	CPU_0	0	0	1.56	95.31	0	1.56	1.56	0	0	0
1428619276498213071	CPU_0	0	0	0	100.00	0	0	0	0	0	0
1428619277125796345	CPU_0	0	0	1.58	98.41	0	0	0	0	0	0
1428619277753299369	CPU_0	0	0	0	100.00	0	0	0	0	0	0
1428619278380843602	CPU_0	0	0	0	100.00	0	0	0	0	0	0
1428619279007692378	CPU_0	0	0	0	100.00	0	0	0	0	0	0
1428619279641659222	CPU_0	0	0	0	98.41	0	1.58	0	0	0	0
1428619280268808039	CPU_0	0	0	0	100.00	0	0	0	0	0	0
1428619280896123940	CPU_0	0	0	1.58	96.82	1.58	0	0	0	0	0
1428619281523234132	CPU_0	0	0	1.58	96.82	0	1.58	0	0	0	0
1428619282157362226	CPU_0	0	0	0	100.00	0	0	0	0	0	0
1428619282785400291	CPU_0	0	0	0	100.00	0	0	0	0	0	0
1428619283413398398	CPU_0	0	0	0	98.41	0	1.58	0	0	0	0
1428619284040532716	CPU_0	0	0	0	98.41	0	0	1.58	0	0	0
1428619284674375894	CPU_0	0	0	1.56	96.87	0	1.56	0	0	0	0
1428619285302254293	CPU_0	0	0	0	100.00	0	0	0	0	0	0
1428619285929868943	CPU_0	0	0	1.61	98.38	0	0	0	0	0	0
1428619286558746131	CPU_0	0	0	0	100.00	0	0	0	0	0	0
1428619287193194475	CPU_0	0	0	0	100.00	0	0	0	0	0	0
1428619287821996914	CPU_0	0	0	0	98.38	0	1.61	0	0	0	0
1428619288449616314	CPU_0	0	0	0	100.00	0	0	0	0	0	0
1428619289076973839	CPU_0	0	0	1.61	98.38	0	0	0	0	0	0
1428619289710989684	CPU_0	0	0	1.53	95.38	0	3.07	0	0	0	0
1428619290338877292	CPU_0	0	0	0	100.00	0	0	0	0	0	0
1428619290966551233	CPU_0	0	0	0	98.38	0	0	1.61	0	0	0
1428619291593831592	CPU_0	0	0	0	100.00	0	0	0	0	0	0
1428619292226457482	CPU_0	0	0	0	100.00	0	0	0	0	0	0
1428619292857396042	CPU_0	0	0	1.58	98.41	0	0	0	0	0	0
1428619293485658315	CPU_0	0	0	0	98.38	0	1.61	0	0	0	0
1428619294112520800	CPU_0	1.58	0	1.58	96.82	0	0	0	0	0	0
1428619294740205742	CPU_0	0	0	0	98.38	0	1.61	0	0	0	0
1428619295374223920	CPU_0	0	0	0	100.00	0	0	0	0	0	0
1428619296001544946	CPU_0	0	0	0	100.00	0	0	0	0	0	0
1428619296628691847	CPU_0	0	0	0	100.00	0	0	0	0	0	0
1428619297256126123	CPU_0	0	0	0	100.00	0	0	0	0	0	0
1428619297890299760	CPU_0	0	0	0	98.41	0	1.58	0	0	0	0
1428619298517559619	CPU_0	0	0	1.58	98.41	0	0	0	0	0	0
1428619299144769729	CPU_0	0	0	0	100.00	0	0	0	0	0	0
1428619299771634631	CPU_0	0	0	1.56	96.87	0	1.56	0	0	0	0
1428619300405656226	CPU_0	0	0	0	92.53	0	0	7.46	0	0	0
1428619301032788002	CPU_0	0	0	0	100.00	0	0	0	0	0	0
1428619301660125112	CPU_0	0	0	1.51	92.42	0	6.06	0	0	0	0
1428619302287885470	CPU_0	0	0	0	100.00	0	0	0	0	0	0
1428619302922448065	CPU_0	0	0	1.61	98.38	0	0	0	0	0	0
1428619303550446590	CPU_0	0	0	0	100.00	0	0	0	0	0	0
1428619304177031492	CPU_0	0	0	0	100.00	0	0	0	0	0	0
1428619304805709891	CPU_0	0	0	0	100.00	0	0	0	0	0	0
1428619305438538156	CPU_0	0	0	0	100.00	0	0	0	0	0	0
1428619306067006096	CPU_0	0	0	0	98.38	1.61	0	0	0	0	0
1428619306694678205	CPU_0	0	0	1.58	98.41	0	0	0	0	0	0
1428619307323155104	CPU_0	0	0	1.58	98.41	0	0	0	0	0	0
1428619307952706918	CPU_0	0	0	1.58	98.41	0	0	0	0	0	0
1428619308586144515	CPU_0	0	0	0	100.00	0	0	0	0	0	0
1428619309214084498	CPU_0	0	0	3.12	96.87	0	0	0	0	0	0
1428619309842643272	CPU_0	0	0	0	98.38	0	1.61	0	0	0	0
1428619310470547672	CPU_0	0	0	0	100.00	0	0	0	0	0	0
1428619311105211600	CPU_0	0	0	0	100.00	0	0	0	0	0	0
1428619311732746877	CPU_0	0	0	1.58	96.82	0	1.58	0	0	0	0
1428619312360612819	CPU_0	0	0	0	100.00	0	0	0	0	0	0
1428619312987428471	CPU_0	0	0	0	100.00	0	0	0	0	0	0
1428619313621680900	CPU_0	0	0	0	98.41	0	1.58	0	0	0	0
1428619314248361262	CPU_0	0	0	0	100.00	0	0	0	0	0	0
1428619314876662412	CPU_0	0	0	0	100.00	0	0	0	0	0	0
1428619315503977813	CPU_0	0	0	0	100.00	0	0	0	0	0	0
1428619316138654367	CPU_0	0	0	0	98.41	0	1.58	0	0	0	0
1428619316765686977	CPU_0	0	0	0	100.00	0	0	0	0	0	0
1428619317394362418	CPU_0	0	0	1.58	98.41	0	0	0	0	0	0
1428619318021873945	CPU_0	0	0	1.58	96.82	0	1.58	0	0	0	0
1428619318657101497	CPU_0	0	0	0	100.00	0	0	0	0	0	0
1428619319285192689	CPU_0	0	0	0	100.00	0	0	0	0	0	0
1428619319914110088	CPU_0	0	0	0	98.41	0	1.58	0	0	0	0
1428619320541223240	CPU_0	0	0	0	100.00	0	0	0	0	0	0
1428619321175164462	CPU_0	0	0	1.61	98.38	0	0	0	0	0	0
1428619321803448237	CPU_0	0	0	1.56	96.87	0	1.56	0	0	0	0
1428619322432259761	CPU_0	0	0	0	100.00	0	0	0	0	0	0
1428619323059900079	CPU_0	0	0	0	98.41	0	1.58	0	0	0	0
1428619323694516300	CPU_0	0	0	0	100.00	0	0	0	0	0	0
1428619324325389486	CPU_0	0	0	0	100.00	0	0	0	0	0	0
1428619324954077677	CPU_0	0	0	1.44	89.85	0	8.69	0	0	0	0
1428619325581448913	CPU_0	0	0	1.61	98.38	0	0	0	0	0	0
1428619326210077979	CPU_0	0	0	0	100.00	0	0	0	0	0	0
1428619326844870408	CPU_0	0	0	0	100.00	0	0	0	0	0	0
1428619327473169891	CPU_0	0	0	1.58	98.41	0	0	0	0	0	0
1428619328100580627	CPU_0	0	0	0	100.00	0	0	0	0	0	0
1428619328730224316	CPU_0	0	0	0	100.00	0	0	0	0	0	0
1428619329365391202	CPU_0	0	0	3.12	96.87	0	0	0	0	0	0
1428619329994331935	CPU_0	0	0	0	100.00	0	0	0	0	0	0
1428619330621491838	CPU_0	0	0	0	100.00	0	0	0	0	0	0
1428619331250005406	CPU_0	0	0	1.61	98.38	0	0	0	0	0	0
1428619331884573667	CPU_0	0	0	0	100.00	0	0	0	0	0	0
1428619332513377025	CPU_0	0	0	0	100.00	0	0	0	0	0	0
1428619333140876969	CPU_0	0	0	0	100.00	0	0	0	0	0	0
1428619333769616786	CPU_0	0	0	0	100.00	0	0	0	0	0	0
1428619334405145005	CPU_0	0	0	0	100.00	0	0	0	0	0	0
1428619335034309570	CPU_0	0	0	1.58	98.41	0	0	0	0	0	0
1428619335663197387	CPU_0	0	0	0	100.00	0	0	0	0	0	0
1428619336291927287	CPU_0	0	0	1.61	98.38	0	0	0	0	0	0
1428619336927699714	CPU_0	0	0	0	100.00	0	0	0	0	0	0
1428619337555838698	CPU_0	0	0	0	100.00	0	0	0	0	0	0
1428619338184166057	CPU_0	0	0	0	98.41	0	1.58	0	0	0	0
1428619338812874374	CPU_0	0	0	0	100.00	0	0	0	0	0	0
1428619339445344475	CPU_0	0	0	1.56	98.43	0	0	0	0	0	0
