#Timestamp	CPU_ID	user%	nice%	sys%	idle%	iowait%	irq%	softiq%	steal%	guest%	guest_nice%
1428512764817973598	CPU_4	86.66	0	3.33	10.00	0	0	0	0	0	0
1428512765504527308	CPU_4	100.00	0	0	0	0	0	0	0	0	0
1428512766197903338	CPU_4	98.55	0	0	0	0	1.44	0	0	0	0
1428512766891480201	CPU_4	100.00	0	0	0	0	0	0	0	0	0
1428512767581417655	CPU_4	98.55	0	0	0	0	0	1.44	0	0	0
1428512768280339924	CPU_4	98.57	0	0	0	0	1.42	0	0	0	0
1428512768971103834	CPU_4	100.00	0	0	0	0	0	0	0	0	0
1428512769662977034	CPU_4	100.00	0	0	0	0	0	0	0	0	0
1428512770358435851	CPU_4	98.57	0	0	0	0	1.42	0	0	0	0
1428512771044744937	CPU_4	98.55	0	0	0	0	0	1.44	0	0	0
1428512771731925562	CPU_4	100.00	0	0	0	0	0	0	0	0	0
1428512772427736088	CPU_4	98.57	0	0	0	0	1.42	0	0	0	0
1428512773115991294	CPU_4	100.00	0	0	0	0	0	0	0	0	0
1428512773807356620	CPU_4	100.00	0	0	0	0	0	0	0	0	0
1428512774503315270	CPU_4	98.57	0	0	0	0	1.42	0	0	0	0
1428512775192704641	CPU_4	98.57	0	0	0	0	0	1.42	0	0	0
1428512775884303007	CPU_4	100.00	0	0	0	0	0	0	0	0	0
1428512776583361985	CPU_4	98.59	0	0	0	0	1.40	0	0	0	0
1428512777272349023	CPU_4	100.00	0	0	0	0	0	0	0	0	0
1428512777961939894	CPU_4	100.00	0	0	0	0	0	0	0	0	0
1428512778662394535	CPU_4	97.18	0	0	0	0	1.40	1.40	0	0	0
1428512779355600440	CPU_4	100.00	0	0	0	0	0	0	0	0	0
1428512780059505783	CPU_4	100.00	0	0	0	0	0	0	0	0	0
1428512780751652857	CPU_4	98.55	0	0	0	0	1.44	0	0	0	0
1428512781442311100	CPU_4	100.00	0	0	0	0	0	0	0	0	0
1428512782143237824	CPU_4	100.00	0	0	0	0	0	0	0	0	0
1428512782834531858	CPU_4	97.14	0	0	0	0	1.42	1.42	0	0	0
1428512783524301894	CPU_4	100.00	0	0	0	0	0	0	0	0	0
1428512784230368150	CPU_4	100.00	0	0	0	0	0	0	0	0	0
1428512784926650549	CPU_4	98.57	0	0	0	0	1.42	0	0	0	0
1428512785616665377	CPU_4	100.00	0	0	0	0	0	0	0	0	0
1428512786317856558	CPU_4	98.59	0	0	0	0	0	1.40	0	0	0
1428512787013172125	CPU_4	98.57	0	0	0	0	1.42	0	0	0	0
1428512787706018489	CPU_4	100.00	0	0	0	0	0	0	0	0	0
1428512788408185502	CPU_4	100.00	0	0	0	0	0	0	0	0	0
1428512789124316696	CPU_4	98.61	0	0	0	0	1.38	0	0	0	0
1428512789823039549	CPU_4	98.59	0	0	0	0	0	1.40	0	0	0
1428512790516269662	CPU_4	100.00	0	0	0	0	0	0	0	0	0
1428512791207462112	CPU_4	98.57	0	0	0	0	1.42	0	0	0	0
1428512791912323245	CPU_4	100.00	0	0	0	0	0	0	0	0	0
1428512792605531150	CPU_4	100.00	0	0	0	0	0	0	0	0	0
1428512793294308230	CPU_4	98.55	0	0	0	0	1.44	0	0	0	0
1428512793996560201	CPU_4	98.59	0	0	0	0	0	1.40	0	0	0
1428512794689499023	CPU_4	100.00	0	0	0	0	0	0	0	0	0
1428512795380931764	CPU_4	98.55	0	0	0	0	1.44	0	0	0	0
1428512796082188904	CPU_4	100.00	0	0	0	0	0	0	0	0	0
1428512796775417767	CPU_4	100.00	0	0	0	0	0	0	0	0	0
1428512797477842362	CPU_4	97.18	0	0	0	0	1.40	1.40	0	0	0
1428512798171278808	CPU_4	100.00	0	0	0	0	0	0	0	0	0
1428512798864881545	CPU_4	100.00	0	0	0	0	0	0	0	0	0
1428512799567457349	CPU_4	98.57	0	0	0	0	1.42	0	0	0	0
1428512800259510589	CPU_4	100.00	0	0	0	0	0	0	0	0	0
1428512800952536911	CPU_4	98.55	0	0	0	0	0	1.44	0	0	0
1428512801653964425	CPU_4	98.59	0	0	0	0	1.40	0	0	0	0
1428512802346993038	CPU_4	100.00	0	0	0	0	0	0	0	0	0
1428512803039086695	CPU_4	100.00	0	0	0	0	0	0	0	0	0
1428512803741708540	CPU_4	98.59	0	0	0	0	1.40	0	0	0	0
1428512804435802151	CPU_4	100.00	0	0	0	0	0	0	0	0	0
1428512805127343225	CPU_4	98.55	0	0	0	0	0	1.44	0	0	0
1428512805829790487	CPU_4	98.59	0	0	0	0	1.40	0	0	0	0
1428512806525894720	CPU_4	100.00	0	0	0	0	0	0	0	0	0
1428512807224633905	CPU_4	100.00	0	0	0	0	0	0	0	0	0
1428512807919003974	CPU_4	98.57	0	0	0	0	1.42	0	0	0	0
1428512808610336841	CPU_4	98.55	0	0	0	0	0	1.44	0	0	0
1428512809315464389	CPU_4	100.00	0	0	0	0	0	0	0	0	0
1428512810008898585	CPU_4	98.57	0	0	0	0	1.42	0	0	0	0
1428512810704565276	CPU_4	100.00	0	0	0	0	0	0	0	0	0
1428512811407891661	CPU_4	100.00	0	0	0	0	0	0	0	0	0
1428512812102098397	CPU_4	98.57	0	0	0	0	1.42	0	0	0	0
1428512812797065965	CPU_4	98.57	0	0	0	0	0	1.42	0	0	0
1428512813501624014	CPU_4	100.00	0	0	0	0	0	0	0	0	0
1428512814195481709	CPU_4	98.55	0	0	0	0	1.44	0	0	0	0
1428512814897743262	CPU_4	100.00	0	0	0	0	0	0	0	0	0
1428512815594951951	CPU_4	100.00	0	0	0	0	0	0	0	0	0
1428512816291011975	CPU_4	97.14	0	0	0	0	1.42	1.42	0	0	0
1428512816991981614	CPU_4	100.00	0	0	0	0	0	0	0	0	0
1428512817689068177	CPU_4	100.00	0	0	0	0	0	0	0	0	0
1428512818381416834	CPU_4	98.55	0	0	0	0	1.44	0	0	0	0
1428512819084960551	CPU_4	100.00	0	0	0	0	0	0	0	0	0
1428512819778355705	CPU_4	98.57	0	0	0	0	0	1.42	0	0	0
1428512820471512360	CPU_4	98.55	0	0	0	0	1.44	0	0	0	0
1428512821174191787	CPU_4	100.00	0	0	0	0	0	0	0	0	0
1428512821869354521	CPU_4	100.00	0	0	0	0	0	0	0	0	0
1428512822562985758	CPU_4	98.57	0	0	0	0	1.42	0	0	0	0
1428512823271205133	CPU_4	100.00	0	0	0	0	0	0	0	0	0
1428512823966246492	CPU_4	98.55	0	0	0	0	0	1.44	0	0	0
1428512824669866085	CPU_4	98.59	0	0	0	0	1.40	0	0	0	0
1428512825364212862	CPU_4	100.00	0	0	0	0	0	0	0	0	0
1428512826061028884	CPU_4	100.00	0	0	0	0	0	0	0	0	0
1428512826763288437	CPU_4	98.59	0	0	0	0	1.40	0	0	0	0
1428512827458412421	CPU_4	98.57	0	0	0	0	0	1.42	0	0	0
1428512828153485363	CPU_4	100.00	0	0	0	0	0	0	0	0	0
1428512828862545987	CPU_4	95.83	0	2.77	0	0	1.38	0	0	0	0
1428512829554958684	CPU_4	100.00	0	0	0	0	0	0	0	0	0
1428512830244386387	CPU_4	100.00	0	0	0	0	0	0	0	0	0
1428512830945607026	CPU_4	97.18	0	0	0	0	1.40	1.40	0	0	0
1428512831638070682	CPU_4	100.00	0	0	0	0	0	0	0	0	0
1428512832341837398	CPU_4	100.00	0	0	0	0	0	0	0	0	0
1428512833035383010	CPU_4	98.57	0	0	0	0	1.42	0	0	0	0
1428512833728502915	CPU_4	100.00	0	0	0	0	0	0	0	0	0
1428512834429900553	CPU_4	98.57	0	0	0	0	0	1.42	0	0	0
1428512835122073875	CPU_4	98.57	0	0	0	0	1.42	0	0	0	0
1428512835817077068	CPU_4	100.00	0	0	0	0	0	0	0	0	0
1428512836517508416	CPU_4	100.00	0	0	0	0	0	0	0	0	0
1428512837210606820	CPU_4	98.55	0	0	0	0	1.44	0	0	0	0
1428512837901999228	CPU_4	100.00	0	0	0	0	0	0	0	0	0
1428512838604497697	CPU_4	98.59	0	0	0	0	0	1.40	0	0	0
1428512839297710018	CPU_4	98.57	0	0	0	0	1.42	0	0	0	0
1428512839990775172	CPU_4	100.00	0	0	0	0	0	0	0	0	0
1428512840693003183	CPU_4	100.00	0	0	0	0	0	0	0	0	0
1428512841386932461	CPU_4	98.57	0	0	0	0	1.42	0	0	0	0
1428512842088945848	CPU_4	98.59	0	0	0	0	0	1.40	0	0	0
1428512842784110873	CPU_4	100.00	0	0	0	0	0	0	0	0	0
1428512843478051775	CPU_4	98.57	0	0	0	0	1.42	0	0	0	0
1428512844181405493	CPU_4	100.00	0	0	0	0	0	0	0	0	0
1428512844876069602	CPU_4	100.00	0	0	0	0	0	0	0	0	0
1428512845572317959	CPU_4	97.18	0	0	0	0	1.40	1.40	0	0	0
1428512846274161054	CPU_4	100.00	0	0	0	0	0	0	0	0	0
1428512846968428831	CPU_4	100.00	0	0	0	0	0	0	0	0	0
1428512847662372733	CPU_4	98.55	0	0	0	0	1.44	0	0	0	0
1428512848366028450	CPU_4	100.00	0	0	0	0	0	0	0	0	0
1428512849060745309	CPU_4	100.00	0	0	0	0	0	0	0	0	0
1428512849762530113	CPU_4	97.18	0	0	0	0	1.40	1.40	0	0	0
1428512850461194839	CPU_4	100.00	0	0	0	0	0	0	0	0	0
1428512851155705116	CPU_4	100.00	0	0	0	0	0	0	0	0	0
1428512851856467755	CPU_4	98.59	0	0	0	0	1.40	0	0	0	0
1428512852551158072	CPU_4	100.00	0	0	0	0	0	0	0	0	0
1428512853245131724	CPU_4	98.57	0	0	0	0	0	1.42	0	0	0
1428512853950344938	CPU_4	98.57	0	0	0	0	1.42	0	0	0	0
1428512854644758131	CPU_4	100.00	0	0	0	0	0	0	0	0	0
1428512855340314989	CPU_4	100.00	0	0	0	0	0	0	0	0	0
1428512856041901168	CPU_4	98.57	0	0	0	0	1.42	0	0	0	0
1428512856736413110	CPU_4	98.57	0	0	0	0	0	1.42	0	0	0
1428512857428794266	CPU_4	100.00	0	0	0	0	0	0	0	0	0
1428512858134073437	CPU_4	98.59	0	0	0	0	1.40	0	0	0	0
1428512858829645128	CPU_4	100.00	0	0	0	0	0	0	0	0	0
1428512859531860723	CPU_4	100.00	0	0	0	0	0	0	0	0	0
1428512860225082001	CPU_4	98.57	0	0	0	0	1.42	0	0	0	0
1428512860920916191	CPU_4	98.55	0	0	0	0	0	1.44	0	0	0
1428512861623514910	CPU_4	100.00	0	0	0	0	0	0	0	0	0
1428512862318292102	CPU_4	98.55	0	0	0	0	1.44	0	0	0	0
1428512863012721128	CPU_4	100.00	0	0	0	0	0	0	0	0	0
1428512863715111972	CPU_4	100.00	0	0	0	0	0	0	0	0	0
1428512864409609998	CPU_4	97.18	0	0	0	0	1.40	1.40	0	0	0
1428512865108805598	CPU_4	100.00	0	0	0	0	0	0	0	0	0
1428512865810152111	CPU_4	100.00	0	0	0	0	0	0	0	0	0
1428512866505961093	CPU_4	98.57	0	0	0	0	1.42	0	0	0	0
1428512867214717507	CPU_4	100.00	0	0	0	0	0	0	0	0	0
1428512867908532076	CPU_4	98.57	0	0	0	0	0	1.42	0	0	0
1428512868603303602	CPU_4	98.57	0	0	0	0	1.42	0	0	0	0
1428512869314467929	CPU_4	100.00	0	0	0	0	0	0	0	0	0
1428512870008834080	CPU_4	100.00	0	0	0	0	0	0	0	0	0
1428512870704252145	CPU_4	98.57	0	0	0	0	1.42	0	0	0	0
1428512871406028365	CPU_4	98.57	0	0	0	0	0	1.42	0	0	0
1428512872101783722	CPU_4	100.00	0	0	0	0	0	0	0	0	0
1428512872797589204	CPU_4	98.57	0	0	0	0	1.42	0	0	0	0
1428512873501488545	CPU_4	100.00	0	0	0	0	0	0	0	0	0
1428512874196682402	CPU_4	100.00	0	0	0	0	0	0	0	0	0
1428512874909002352	CPU_4	98.61	0	0	0	0	1.38	0	0	0	0
1428512875605944248	CPU_4	98.57	0	0	0	0	0	1.42	0	0	0
1428512876303051519	CPU_4	100.00	0	0	0	0	0	0	0	0	0
1428512877009688354	CPU_4	98.57	0	0	0	0	1.42	0	0	0	0
1428512877704181921	CPU_4	100.00	0	0	0	0	0	0	0	0	0
1428512878399747570	CPU_4	100.00	0	0	0	0	0	0	0	0	0
1428512879105586074	CPU_4	97.18	0	0	0	0	1.40	1.40	0	0	0
1428512879799093976	CPU_4	100.00	0	0	0	0	0	0	0	0	0
1428512880495173832	CPU_4	100.00	0	0	0	0	0	0	0	0	0
1428512881201328044	CPU_4	98.57	0	0	0	0	1.42	0	0	0	0
1428512881895672944	CPU_4	100.00	0	0	0	0	0	0	0	0	0
1428512882609128183	CPU_4	98.61	0	0	0	0	0	1.38	0	0	0
1428512883306206162	CPU_4	98.57	0	0	0	0	1.42	0	0	0	0
1428512884001153270	CPU_4	100.00	0	0	0	0	0	0	0	0	0
1428512884706737149	CPU_4	98.59	0	0	0	0	1.40	0	0	0	0
1428512885402479714	CPU_4	100.00	0	0	0	0	0	0	0	0	0
1428512886101354148	CPU_4	98.57	0	0	0	0	0	1.42	0	0	0
1428512886806529278	CPU_4	98.59	0	0	0	0	1.40	0	0	0	0
1428512887500910845	CPU_4	100.00	0	0	0	0	0	0	0	0	0
1428512888196980576	CPU_4	100.00	0	0	0	0	0	0	0	0	0
1428512888903343037	CPU_4	98.61	0	0	0	0	1.38	0	0	0	0
1428512889597917145	CPU_4	100.00	0	0	0	0	0	0	0	0	0
1428512890305686895	CPU_4	98.59	0	0	0	0	0	1.40	0	0	0
1428512891002662541	CPU_4	98.57	0	0	0	0	1.42	0	0	0	0
1428512891697130983	CPU_4	100.00	0	0	0	0	0	0	0	0	0
1428512892402287737	CPU_4	100.00	0	0	0	0	0	0	0	0	0
1428512893099935173	CPU_4	98.57	0	0	0	0	1.42	0	0	0	0
1428512893794536907	CPU_4	98.57	0	0	0	0	0	1.42	0	0	0
1428512894501072201	CPU_4	100.00	0	0	0	0	0	0	0	0	0
1428512895197859346	CPU_4	98.59	0	0	0	0	1.40	0	0	0	0
1428512895892489372	CPU_4	100.00	0	0	0	0	0	0	0	0	0
1428512896601440827	CPU_4	100.00	0	0	0	0	0	0	0	0	0
1428512897298302890	CPU_4	97.18	0	0	0	0	1.40	1.40	0	0	0
1428512898001827856	CPU_4	100.00	0	0	0	0	0	0	0	0	0
1428512898699593541	CPU_4	100.00	0	0	0	0	0	0	0	0	0
1428512899400441763	CPU_4	98.57	0	0	0	0	1.42	0	0	0	0
1428512900104881602	CPU_4	100.00	0	0	0	0	0	0	0	0	0
1428512900800596625	CPU_4	98.55	0	0	0	0	0	1.44	0	0	0
1428512901496678314	CPU_4	98.57	0	0	0	0	1.42	0	0	0	0
1428512902202286526	CPU_4	100.00	0	0	0	0	0	0	0	0	0
1428512902899607754	CPU_4	100.00	0	0	0	0	0	0	0	0	0
1428512903608132627	CPU_4	98.59	0	0	0	0	1.40	0	0	0	0
1428512904316898791	CPU_4	100.00	0	0	0	0	0	0	0	0	0
1428512905108580210	CPU_4	98.73	0	0	0	0	0	1.26	0	0	0
1428512905815478753	CPU_4	98.59	0	0	0	0	1.40	0	0	0	0
1428512906511690983	CPU_4	100.00	0	0	0	0	0	0	0	0	0
1428512907226162344	CPU_4	100.00	0	0	0	0	0	0	0	0	0
1428512907922526491	CPU_4	98.57	0	0	0	0	1.42	0	0	0	0
1428512908620007760	CPU_4	98.57	0	0	0	0	0	1.42	0	0	0
1428512909325552806	CPU_4	100.00	0	0	0	0	0	0	0	0	0
1428512910022934700	CPU_4	98.57	0	0	0	0	1.42	0	0	0	0
1428512910718488931	CPU_4	100.00	0	0	0	0	0	0	0	0	0
1428512911425338682	CPU_4	100.00	0	0	0	0	0	0	0	0	0
1428512912124254157	CPU_4	97.18	0	0	0	0	1.40	1.40	0	0	0
1428512912822482050	CPU_4	100.00	0	0	0	0	0	0	0	0	0
1428512913527472930	CPU_4	100.00	0	0	0	0	0	0	0	0	0
1428512914225826989	CPU_4	98.57	0	0	0	0	1.42	0	0	0	0
1428512914931560909	CPU_4	100.00	0	0	0	0	0	0	0	0	0
1428512915629803635	CPU_4	98.57	0	0	0	0	0	1.42	0	0	0
1428512916327106946	CPU_4	98.57	0	0	0	0	1.42	0	0	0	0
1428512917032983824	CPU_4	100.00	0	0	0	0	0	0	0	0	0
1428512917733033254	CPU_4	100.00	0	0	0	0	0	0	0	0	0
1428512918430870023	CPU_4	98.57	0	0	0	0	1.42	0	0	0	0
1428512919136665317	CPU_4	100.00	0	0	0	0	0	0	0	0	0
1428512919834864168	CPU_4	98.59	0	0	0	0	0	1.40	0	0	0
1428512920541850752	CPU_4	98.59	0	0	0	0	1.40	0	0	0	0
1428512921238870647	CPU_4	100.00	0	0	0	0	0	0	0	0	0
1428512921936720832	CPU_4	100.00	0	0	0	0	0	0	0	0	0
1428512922644492831	CPU_4	98.61	0	0	0	0	1.38	0	0	0	0
1428512923340007396	CPU_4	98.55	0	0	0	0	0	1.44	0	0	0
1428512924038190205	CPU_4	100.00	0	0	0	0	0	0	0	0	0
1428512924745262831	CPU_4	98.59	0	0	0	0	1.40	0	0	0	0
1428512925441821935	CPU_4	100.00	0	0	0	0	0	0	0	0	0
1428512926141266741	CPU_4	100.00	0	0	0	0	0	0	0	0	0
1428512926847703493	CPU_4	97.22	0	0	0	0	1.38	1.38	0	0	0
1428512927543241766	CPU_4	100.00	0	0	0	0	0	0	0	0	0
1428512928253421968	CPU_4	100.00	0	0	0	0	0	0	0	0	0
1428512928954032564	CPU_4	98.57	0	0	0	0	1.42	0	0	0	0
1428512929650297211	CPU_4	100.00	0	0	0	0	0	0	0	0	0
1428512930357811543	CPU_4	98.59	0	0	0	0	0	1.40	0	0	0
1428512931058146390	CPU_4	98.57	0	0	0	0	1.42	0	0	0	0
1428512931757207448	CPU_4	100.00	0	0	0	0	0	0	0	0	0
1428512932464407698	CPU_4	100.00	0	0	0	0	0	0	0	0	0
1428512933163032464	CPU_4	98.57	0	0	0	0	1.42	0	0	0	0
1428512933871088504	CPU_4	100.00	0	0	0	0	0	0	0	0	0
1428512934569185397	CPU_4	98.57	0	0	0	0	0	1.42	0	0	0
1428512935267170748	CPU_4	98.57	0	0	0	0	1.42	0	0	0	0
1428512935974742247	CPU_4	100.00	0	0	0	0	0	0	0	0	0
1428512936672832181	CPU_4	100.00	0	0	0	0	0	0	0	0	0
1428512937368130079	CPU_4	98.57	0	0	0	0	1.42	0	0	0	0
1428512938075608037	CPU_4	98.59	0	0	0	0	0	1.40	0	0	0
1428512938780309292	CPU_4	100.00	0	0	0	0	0	0	0	0	0
1428512939488022915	CPU_4	98.59	0	0	0	0	1.40	0	0	0	0
1428512940191367714	CPU_4	100.00	0	0	0	0	0	0	0	0	0
1428512940889719773	CPU_4	100.00	0	0	0	0	0	0	0	0	0
1428512941600760807	CPU_4	97.22	0	0	0	0	1.38	1.38	0	0	0
1428512942298160034	CPU_4	100.00	0	0	0	0	0	0	0	0	0
1428512942997088342	CPU_4	100.00	0	0	0	0	0	0	0	0	0
1428512943707008419	CPU_4	98.59	0	0	0	0	1.40	0	0	0	0
1428512944404649646	CPU_4	100.00	0	0	0	0	0	0	0	0	0
1428512945102989080	CPU_4	98.59	0	0	0	0	0	1.40	0	0	0
1428512945809679289	CPU_4	98.59	0	0	0	0	1.40	0	0	0	0
1428512946507142641	CPU_4	100.00	0	0	0	0	0	0	0	0	0
1428512947214754514	CPU_4	100.00	0	0	0	0	0	0	0	0	0
1428512947911153660	CPU_4	98.57	0	0	0	0	1.42	0	0	0	0
1428512948609417635	CPU_4	98.57	0	0	0	0	0	1.42	0	0	0
1428512949319878795	CPU_4	100.00	0	0	0	0	0	0	0	0	0
1428512950016062525	CPU_4	98.57	0	0	0	0	1.42	0	0	0	0
1428512950714444541	CPU_4	100.00	0	0	0	0	0	0	0	0	0
1428512951422609373	CPU_4	100.00	0	0	0	0	0	0	0	0	0
1428512952120252932	CPU_4	98.57	0	0	0	0	1.42	0	0	0	0
1428512952836681372	CPU_4	98.59	0	0	0	0	0	1.40	0	0	0
1428512953535526888	CPU_4	100.00	0	0	0	0	0	0	0	0	0
1428512954233183156	CPU_4	98.57	0	0	0	0	1.42	0	0	0	0
1428512954941519778	CPU_4	100.00	0	0	0	0	0	0	0	0	0
1428512955643160205	CPU_4	98.59	0	0	0	0	1.40	0	0	0	0
1428512956339869934	CPU_4	98.57	0	0	0	0	0	1.42	0	0	0
1428512957048513930	CPU_4	100.00	0	0	0	0	0	0	0	0	0
1428512957749238317	CPU_4	98.59	0	0	0	0	1.40	0	0	0	0
1428512958446493544	CPU_4	100.00	0	0	0	0	0	0	0	0	0
1428512959157194704	CPU_4	100.00	0	0	0	0	0	0	0	0	0
1428512959856782718	CPU_4	97.18	0	0	0	0	1.40	1.40	0	0	0
1428512960563539885	CPU_4	100.00	0	0	0	0	0	0	0	0	0
1428512961264040064	CPU_4	100.00	0	0	0	0	0	0	0	0	0
1428512961962498747	CPU_4	98.55	0	0	0	0	1.44	0	0	0	0
1428512962670133454	CPU_4	100.00	0	0	0	0	0	0	0	0	0
1428512963369406094	CPU_4	98.57	0	0	0	0	0	1.42	0	0	0
1428512964067432778	CPU_4	98.57	0	0	0	0	1.42	0	0	0	0
1428512964774655027	CPU_4	100.00	0	0	0	0	0	0	0	0	0
1428512965473317584	CPU_4	100.00	0	0	0	0	0	0	0	0	0
1428512966182655205	CPU_4	98.59	0	0	0	0	1.40	0	0	0	0
1428512966879931723	CPU_4	100.00	0	0	0	0	0	0	0	0	0
1428512967579238696	CPU_4	98.57	0	0	0	0	0	1.42	0	0	0
1428512968289744814	CPU_4	98.61	0	0	0	0	1.38	0	0	0	0
1428512968986945499	CPU_4	100.00	0	0	0	0	0	0	0	0	0
1428512969687030179	CPU_4	100.00	0	0	0	0	0	0	0	0	0
1428512970395247676	CPU_4	98.61	0	0	0	0	1.38	0	0	0	0
1428512971093445568	CPU_4	98.57	0	0	0	0	0	1.42	0	0	0
1428512971807598429	CPU_4	100.00	0	0	0	0	0	0	0	0	0
1428512972507238317	CPU_4	98.57	0	0	0	0	1.42	0	0	0	0
1428512973206429999	CPU_4	100.00	0	0	0	0	0	0	0	0	0
1428512973915837910	CPU_4	100.00	0	0	0	0	0	0	0	0	0
1428512974615830924	CPU_4	97.18	0	0	0	0	1.40	1.40	0	0	0
1428512975316625102	CPU_4	100.00	0	0	0	0	0	0	0	0	0
1428512976026071013	CPU_4	100.00	0	0	0	0	0	0	0	0	0
1428512976726387484	CPU_4	98.57	0	0	0	0	1.42	0	0	0	0
1428512977428994284	CPU_4	100.00	0	0	0	0	0	0	0	0	0
1428512978132900456	CPU_4	98.59	0	0	0	0	0	1.40	0	0	0
1428512978833060302	CPU_4	98.57	0	0	0	0	1.42	0	0	0	0
1428512979540351467	CPU_4	100.00	0	0	0	0	0	0	0	0	0
1428512980239037691	CPU_4	100.00	0	0	0	0	0	0	0	0	0
1428512980938376414	CPU_4	98.57	0	0	0	0	1.42	0	0	0	0
1428512981647386535	CPU_4	98.59	0	0	0	0	0	1.40	0	0	0
1428512982347583922	CPU_4	100.00	0	0	0	0	0	0	0	0	0
1428512983047088269	CPU_4	98.57	0	0	0	0	1.42	0	0	0	0
1428512983755413474	CPU_4	100.00	0	0	0	0	0	0	0	0	0
1428512984455525321	CPU_4	100.00	0	0	0	0	0	0	0	0	0
1428512985166049021	CPU_4	98.61	0	0	0	0	1.38	0	0	0	0
1428512985866438700	CPU_4	98.57	0	0	0	0	0	1.42	0	0	0
1428512986567320211	CPU_4	100.00	0	0	0	0	0	0	0	0	0
1428512987276186207	CPU_4	98.59	0	0	0	0	1.40	0	0	0	0
1428512987974001058	CPU_4	100.00	0	0	0	0	0	0	0	0	0
1428512988672853198	CPU_4	100.00	0	0	0	0	0	0	0	0	0
1428512989382655858	CPU_4	97.22	0	0	0	0	1.38	1.38	0	0	0
1428512990079179253	CPU_4	100.00	0	0	0	0	0	0	0	0	0
1428512990787869624	CPU_4	100.00	0	0	0	0	0	0	0	0	0
1428512991488067761	CPU_4	98.57	0	0	0	0	1.42	0	0	0	0
1428512992185547404	CPU_4	100.00	0	0	0	0	0	0	0	0	0
1428512992894671024	CPU_4	98.61	0	0	0	0	0	1.38	0	0	0
1428512993596437866	CPU_4	98.57	0	0	0	0	1.42	0	0	0	0
1428512994294570341	CPU_4	100.00	0	0	0	0	0	0	0	0	0
1428512995003089671	CPU_4	100.00	0	0	0	0	0	0	0	0	0
1428512995706031511	CPU_4	98.59	0	0	0	0	1.40	0	0	0	0
1428512996420907620	CPU_4	98.59	0	0	0	0	0	1.40	0	0	0
1428512997122036005	CPU_4	98.59	0	0	0	0	1.40	0	0	0	0
1428512997822423684	CPU_4	100.00	0	0	0	0	0	0	0	0	0
1428512998530919805	CPU_4	100.00	0	0	0	0	0	0	0	0	0
1428512999232473190	CPU_4	98.57	0	0	0	0	1.42	0	0	0	0
1428512999932864202	CPU_4	98.59	0	0	0	0	0	1.40	0	0	0
1428513000639744326	CPU_4	100.00	0	0	0	0	0	0	0	0	0
1428513001340532962	CPU_4	98.59	0	0	0	0	1.40	0	0	0	0
1428513002048012335	CPU_4	100.00	0	0	0	0	0	0	0	0	0
1428513002752541256	CPU_4	100.00	0	0	0	0	0	0	0	0	0
1428513003453177309	CPU_4	98.59	0	0	0	0	1.40	0	0	0	0
1428513004162651594	CPU_4	98.59	0	0	0	0	0	1.40	0	0	0
1428513004861659234	CPU_4	100.00	0	0	0	0	0	0	0	0	0
1428513005561999829	CPU_4	98.57	0	0	0	0	1.42	0	0	0	0
1428513006272839446	CPU_4	100.00	0	0	0	0	0	0	0	0	0
1428513006971586586	CPU_4	100.00	0	0	0	0	0	0	0	0	0
1428513007672681721	CPU_4	97.18	0	0	0	0	1.40	1.40	0	0	0
1428513008382085590	CPU_4	100.00	0	0	0	0	0	0	0	0	0
1428513009081281313	CPU_4	100.00	0	0	0	0	0	0	0	0	0
1428513009791770555	CPU_4	98.59	0	0	0	0	1.40	0	0	0	0
1428513010491650192	CPU_4	100.00	0	0	0	0	0	0	0	0	0
1428513011191372622	CPU_4	98.57	0	0	0	0	0	1.42	0	0	0
1428513011901452031	CPU_4	98.61	0	0	0	0	1.38	0	0	0	0
1428513012602518459	CPU_4	100.00	0	0	0	0	0	0	0	0	0
1428513013302729679	CPU_4	100.00	0	0	0	0	0	0	0	0	0
1428513014012525131	CPU_4	98.59	0	0	0	0	1.40	0	0	0	0
1428513014712730642	CPU_4	98.57	0	0	0	0	0	1.42	0	0	0
1428513015421685054	CPU_4	100.00	0	0	0	0	0	0	0	0	0
1428513016121937316	CPU_4	98.59	0	0	0	0	1.40	0	0	0	0
1428513016822473202	CPU_4	100.00	0	0	0	0	0	0	0	0	0
1428513017532073821	CPU_4	100.00	0	0	0	0	0	0	0	0	0
1428513018234162371	CPU_4	97.18	0	0	0	0	1.40	1.40	0	0	0
1428513018934398133	CPU_4	100.00	0	0	0	0	0	0	0	0	0
1428513019647898119	CPU_4	100.00	0	0	0	0	0	0	0	0	0
1428513020349393961	CPU_4	98.57	0	0	0	0	1.42	0	0	0	0
1428513021060267786	CPU_4	100.00	0	0	0	0	0	0	0	0	0
1428513021762202211	CPU_4	98.57	0	0	0	0	0	1.42	0	0	0
1428513022462950347	CPU_4	98.59	0	0	0	0	1.40	0	0	0	0
1428513023175445043	CPU_4	100.00	0	0	0	0	0	0	0	0	0
1428513023881341919	CPU_4	100.00	0	0	0	0	0	0	0	0	0
1428513024584874716	CPU_4	98.59	0	0	0	0	1.40	0	0	0	0
1428513025297740620	CPU_4	100.00	0	0	0	0	0	0	0	0	0
1428513025996943842	CPU_4	97.18	0	0	0	0	1.40	1.40	0	0	0
1428513026707555500	CPU_4	100.00	0	0	0	0	0	0	0	0	0
1428513027409422758	CPU_4	100.00	0	0	0	0	0	0	0	0	0
1428513028108962730	CPU_4	98.57	0	0	0	0	1.42	0	0	0	0
1428513028819721513	CPU_4	100.00	0	0	0	0	0	0	0	0	0
1428513029520942189	CPU_4	98.57	0	0	0	0	0	1.42	0	0	0
1428513030218896538	CPU_4	98.59	0	0	0	0	1.40	0	0	0	0
1428513030931319818	CPU_4	100.00	0	0	0	0	0	0	0	0	0
1428513031631781662	CPU_4	100.00	0	0	0	0	0	0	0	0	0
1428513032341004115	CPU_4	98.59	0	0	0	0	1.40	0	0	0	0
1428513033041274251	CPU_4	98.59	0	0	0	0	0	1.40	0	0	0
1428513033744720215	CPU_4	100.00	0	0	0	0	0	0	0	0	0
1428513034454519750	CPU_4	98.59	0	0	0	0	1.40	0	0	0	0
1428513035155563510	CPU_4	100.00	0	0	0	0	0	0	0	0	0
1428513035856947977	CPU_4	100.00	0	0	0	0	0	0	0	0	0
1428513036568792300	CPU_4	97.26	0	0	0	0	1.36	1.36	0	0	0
1428513037273759843	CPU_4	100.00	0	0	0	0	0	0	0	0	0
1428513037984622918	CPU_4	100.00	0	0	0	0	0	0	0	0	0
1428513038687961631	CPU_4	98.57	0	0	0	0	1.42	0	0	0	0
1428513039391279637	CPU_4	100.00	0	0	0	0	0	0	0	0	0
1428513040101779587	CPU_4	98.59	0	0	0	0	0	1.40	0	0	0
1428513040803842678	CPU_4	98.59	0	0	0	0	1.40	0	0	0	0
1428513041505753811	CPU_4	100.00	0	0	0	0	0	0	0	0	0
1428513042217211301	CPU_4	100.00	0	0	0	0	0	0	0	0	0
1428513042920451640	CPU_4	98.59	0	0	0	0	1.40	0	0	0	0
1428513043629873466	CPU_4	100.00	0	0	0	0	0	0	0	0	0
1428513044332370432	CPU_4	98.57	0	0	0	0	0	1.42	0	0	0
1428513045035470604	CPU_4	98.59	0	0	0	0	1.40	0	0	0	0
1428513045747637259	CPU_4	100.00	0	0	0	0	0	0	0	0	0
1428513046449621309	CPU_4	100.00	0	0	0	0	0	0	0	0	0
1428513047153092605	CPU_4	98.57	0	0	0	0	1.42	0	0	0	0
1428513047862871306	CPU_4	98.61	0	0	0	0	0	1.38	0	0	0
1428513048565226730	CPU_4	100.00	0	0	0	0	0	0	0	0	0
1428513049280050255	CPU_4	98.59	0	0	0	0	1.40	0	0	0	0
1428513049981345722	CPU_4	100.00	0	0	0	0	0	0	0	0	0
1428513050682277815	CPU_4	100.00	0	0	0	0	0	0	0	0	0
1428513051395211052	CPU_4	97.22	0	0	0	0	1.38	1.38	0	0	0
1428513052093522275	CPU_4	100.00	0	0	0	0	0	0	0	0	0
1428513052796682364	CPU_4	100.00	0	0	0	0	0	0	0	0	0
1428513053506943731	CPU_4	98.59	0	0	0	0	1.40	0	0	0	0
1428513054206599118	CPU_4	100.00	0	0	0	0	0	0	0	0	0
1428513054919700938	CPU_4	98.59	0	0	0	0	0	1.40	0	0	0
1428513055622031153	CPU_4	98.59	0	0	0	0	1.40	0	0	0	0
1428513056324267827	CPU_4	100.00	0	0	0	0	0	0	0	0	0
1428513057036774606	CPU_4	100.00	0	0	0	0	0	0	0	0	0
1428513057742034941	CPU_4	98.59	0	0	0	0	1.40	0	0	0	0
1428513058442450743	CPU_4	98.59	0	0	0	0	0	1.40	0	0	0
1428513059154797106	CPU_4	100.00	0	0	0	0	0	0	0	0	0
1428513059857910569	CPU_4	98.57	0	0	0	0	1.42	0	0	0	0
1428513060568163269	CPU_4	100.00	0	0	0	0	0	0	0	0	0
1428513061271584066	CPU_4	100.00	0	0	0	0	0	0	0	0	0
1428513061974632905	CPU_4	97.18	0	0	0	0	1.40	1.40	0	0	0
1428513062684235064	CPU_4	100.00	0	0	0	0	0	0	0	0	0
1428513063387710277	CPU_4	100.00	0	0	0	0	0	0	0	0	0
1428513064094147860	CPU_4	98.57	0	0	0	0	1.42	0	0	0	0
1428513064798859904	CPU_4	100.00	0	0	0	0	0	0	0	0	0
1428513065501648576	CPU_4	100.00	0	0	0	0	0	0	0	0	0
1428513066212688441	CPU_4	97.22	0	0	0	0	1.38	1.38	0	0	0
1428513066913859700	CPU_4	100.00	0	0	0	0	0	0	0	0	0
1428513067616216165	CPU_4	100.00	0	0	0	0	0	0	0	0	0
1428513068327868613	CPU_4	98.61	0	0	0	0	1.38	0	0	0	0
1428513069029627329	CPU_4	100.00	0	0	0	0	0	0	0	0	0
1428513069743175189	CPU_4	98.59	0	0	0	0	0	1.40	0	0	0
1428513070452710265	CPU_4	98.61	0	0	0	0	1.38	0	0	0	0
1428513071156149728	CPU_4	100.00	0	0	0	0	0	0	0	0	0
1428513071866906885	CPU_4	100.00	0	0	0	0	0	0	0	0	0
1428513072568762101	CPU_4	98.59	0	0	0	0	1.40	0	0	0	0
1428513073271941148	CPU_4	98.57	0	0	0	0	0	1.42	0	0	0
1428513073982614847	CPU_4	100.00	0	0	0	0	0	0	0	0	0
1428513074687043974	CPU_4	98.59	0	0	0	0	1.40	0	0	0	0
1428513075406167740	CPU_4	100.00	0	0	0	0	0	0	0	0	0
1428513076105774294	CPU_4	100.00	0	0	0	0	0	0	0	0	0
1428513076807004469	CPU_4	97.18	0	0	0	0	1.40	1.40	0	0	0
1428513077519225582	CPU_4	100.00	0	0	0	0	0	0	0	0	0
1428513078219773425	CPU_4	100.00	0	0	0	0	0	0	0	0	0
1428513078922228515	CPU_4	98.57	0	0	0	0	1.42	0	0	0	0
1428513079634276253	CPU_4	100.00	0	0	0	0	0	0	0	0	0
1428513080334827804	CPU_4	98.59	0	0	0	0	0	1.40	0	0	0
1428513081052863197	CPU_4	98.61	0	0	0	0	1.38	0	0	0	0
1428513081757793449	CPU_4	100.00	0	0	0	0	0	0	0	0	0
1428513082459090666	CPU_4	100.00	0	0	0	0	0	0	0	0	0
1428513083171326320	CPU_4	98.59	0	0	0	0	1.40	0	0	0	0
1428513083874973990	CPU_4	100.00	0	0	0	0	0	0	0	0	0
1428513084575284626	CPU_4	98.59	0	0	0	0	0	1.40	0	0	0
1428513085286638948	CPU_4	98.59	0	0	0	0	1.40	0	0	0	0
1428513085991536408	CPU_4	100.00	0	0	0	0	0	0	0	0	0
1428513086707847637	CPU_4	100.00	0	0	0	0	0	0	0	0	0
1428513087412206056	CPU_4	98.59	0	0	0	0	1.40	0	0	0	0
1428513088114980729	CPU_4	98.59	0	0	0	0	0	1.40	0	0	0
1428513088827546632	CPU_4	100.00	0	0	0	0	0	0	0	0	0
1428513089537741331	CPU_4	98.59	0	0	0	0	1.40	0	0	0	0
1428513090240615837	CPU_4	100.00	0	0	0	0	0	0	0	0	0
1428513090955342736	CPU_4	100.00	0	0	0	0	0	0	0	0	0
1428513091656525161	CPU_4	97.18	0	0	0	0	1.40	1.40	0	0	0
1428513092371567184	CPU_4	100.00	0	0	0	0	0	0	0	0	0
1428513093077272643	CPU_4	98.59	0	0	0	0	1.40	0	0	0	0
1428513093778956734	CPU_4	100.00	0	0	0	0	0	0	0	0	0
1428513094492837968	CPU_4	100.00	0	0	0	0	0	0	0	0	0
1428513095196148222	CPU_4	97.18	0	0	0	0	1.40	1.40	0	0	0
1428513095898128271	CPU_4	100.00	0	0	0	0	0	0	0	0	0
1428513096610865423	CPU_4	100.00	0	0	0	0	0	0	0	0	0
1428513097313824429	CPU_4	98.59	0	0	0	0	1.40	0	0	0	0
1428513098024943626	CPU_4	100.00	0	0	0	0	0	0	0	0	0
1428513098727909715	CPU_4	98.57	0	0	0	0	0	1.42	0	0	0
1428513099432908674	CPU_4	98.59	0	0	0	0	1.40	0	0	0	0
1428513100144125663	CPU_4	100.00	0	0	0	0	0	0	0	0	0
1428513100848411290	CPU_4	100.00	0	0	0	0	0	0	0	0	0
1428513101559773487	CPU_4	98.61	0	0	0	0	1.38	0	0	0	0
1428513102265402696	CPU_4	98.59	0	0	0	0	0	1.40	0	0	0
1428513102968995616	CPU_4	100.00	0	0	0	0	0	0	0	0	0
1428513103684120764	CPU_4	98.61	0	0	0	0	1.38	0	0	0	0
1428513104389787597	CPU_4	100.00	0	0	0	0	0	0	0	0	0
1428513105094889223	CPU_4	100.00	0	0	0	0	0	0	0	0	0
1428513105807910416	CPU_4	98.61	0	0	0	0	1.38	0	0	0	0
1428513106513574875	CPU_4	98.59	0	0	0	0	0	1.40	0	0	0
1428513107230316686	CPU_4	100.00	0	0	0	0	0	0	0	0	0
1428513107934893729	CPU_4	98.59	0	0	0	0	1.40	0	0	0	0
1428513108637780068	CPU_4	100.00	0	0	0	0	0	0	0	0	0
1428513109348240725	CPU_4	100.00	0	0	0	0	0	0	0	0	0
1428513110052903435	CPU_4	97.18	0	0	0	0	1.40	1.40	0	0	0
1428513110756750854	CPU_4	100.00	0	0	0	0	0	0	0	0	0
1428513111471186462	CPU_4	100.00	0	0	0	0	0	0	0	0	0
1428513112174699716	CPU_4	98.59	0	0	0	0	1.40	0	0	0	0
1428513112887277410	CPU_4	100.00	0	0	0	0	0	0	0	0	0
1428513113588595085	CPU_4	98.57	0	0	0	0	0	1.42	0	0	0
1428513114292825295	CPU_4	98.59	0	0	0	0	1.40	0	0	0	0
1428513115006146780	CPU_4	100.00	0	0	0	0	0	0	0	0	0
1428513115708364286	CPU_4	100.00	0	0	0	0	0	0	0	0	0
1428513116413849203	CPU_4	98.57	0	0	0	0	1.42	0	0	0	0
1428513117126779188	CPU_4	98.61	0	0	0	0	0	1.38	0	0	0
1428513117828017446	CPU_4	100.00	0	0	0	0	0	0	0	0	0
1428513118542142138	CPU_4	98.61	0	0	0	0	1.38	0	0	0	0
1428513119245311934	CPU_4	100.00	0	0	0	0	0	0	0	0	0
1428513119948351271	CPU_4	100.00	0	0	0	0	0	0	0	0	0
1428513120660965674	CPU_4	97.22	0	0	0	0	1.38	1.38	0	0	0
1428513121364904385	CPU_4	100.00	0	0	0	0	0	0	0	0	0
1428513122072174798	CPU_4	100.00	0	0	0	0	0	0	0	0	0
1428513122784779867	CPU_4	98.61	0	0	0	0	1.38	0	0	0	0
1428513123492241738	CPU_4	100.00	0	0	0	0	0	0	0	0	0
1428513124205678639	CPU_4	100.00	0	0	0	0	0	0	0	0	0
1428513124912446511	CPU_4	97.22	0	0	0	0	1.38	1.38	0	0	0
1428513125617619970	CPU_4	100.00	0	0	0	0	0	0	0	0	0
1428513126329343082	CPU_4	100.00	0	0	0	0	0	0	0	0	0
1428513127032152087	CPU_4	98.57	0	0	0	0	1.42	0	0	0	0
1428513127741462663	CPU_4	100.00	0	0	0	0	0	0	0	0	0
1428513128452483027	CPU_4	98.59	0	0	0	0	0	1.40	0	0	0
1428513129154818907	CPU_4	98.59	0	0	0	0	1.40	0	0	0	0
1428513129868059142	CPU_4	100.00	0	0	0	0	0	0	0	0	0
1428513130572974601	CPU_4	100.00	0	0	0	0	0	0	0	0	0
1428513131275312815	CPU_4	98.59	0	0	0	0	1.40	0	0	0	0
1428513131989843547	CPU_4	98.59	0	0	0	0	0	1.40	0	0	0
1428513132693841049	CPU_4	100.00	0	0	0	0	0	0	0	0	0
1428513133405403495	CPU_4	98.59	0	0	0	0	1.40	0	0	0	0
1428513134110251996	CPU_4	100.00	0	0	0	0	0	0	0	0	0
1428513134813819833	CPU_4	100.00	0	0	0	0	0	0	0	0	0
1428513135531043851	CPU_4	97.26	0	0	0	0	1.36	1.36	0	0	0
1428513136233034149	CPU_4	100.00	0	0	0	0	0	0	0	0	0
1428513136939174480	CPU_4	100.00	0	0	0	0	0	0	0	0	0
1428513137654273920	CPU_4	98.61	0	0	0	0	1.38	0	0	0	0
1428513138356306259	CPU_4	100.00	0	0	0	0	0	0	0	0	0
1428513139071070157	CPU_4	98.61	0	0	0	0	0	1.38	0	0	0
1428513139775448867	CPU_4	98.59	0	0	0	0	1.40	0	0	0	0
1428513140478103830	CPU_4	100.00	0	0	0	0	0	0	0	0	0
1428513141191720439	CPU_4	98.59	0	0	0	0	1.40	0	0	0	0
1428513141895155234	CPU_4	100.00	0	0	0	0	0	0	0	0	0
1428513142603127603	CPU_4	98.57	0	0	0	0	0	1.42	0	0	0
1428513143318430667	CPU_4	98.63	0	0	0	0	1.36	0	0	0	0
1428513144028955032	CPU_4	100.00	0	0	0	0	0	0	0	0	0
1428513144745027427	CPU_4	100.00	0	0	0	0	0	0	0	0	0
1428513145449519762	CPU_4	98.59	0	0	0	0	1.40	0	0	0	0
1428513146154823803	CPU_4	98.59	0	0	0	0	0	1.40	0	0	0
1428513146872346695	CPU_4	100.00	0	0	0	0	0	0	0	0	0
1428513147578563443	CPU_4	98.61	0	0	0	0	1.38	0	0	0	0
1428513148293505341	CPU_4	100.00	0	0	0	0	0	0	0	0	0
1428513149000841378	CPU_4	100.00	0	0	0	0	0	0	0	0	0
1428513149732828659	CPU_4	98.63	0	0	0	0	1.36	0	0	0	0
1428513150447462724	CPU_4	98.61	0	0	0	0	0	1.38	0	0	0
1428513151152994181	CPU_4	100.00	0	0	0	0	0	0	0	0	0
1428513151864933251	CPU_4	98.59	0	0	0	0	1.40	0	0	0	0
1428513152570987791	CPU_4	100.00	0	0	0	0	0	0	0	0	0
1428513153275940583	CPU_4	100.00	0	0	0	0	0	0	0	0	0
1428513153994118974	CPU_4	97.26	0	0	0	0	1.36	1.36	0	0	0
1428513154698986933	CPU_4	100.00	0	0	0	0	0	0	0	0	0
1428513155404266599	CPU_4	100.00	0	0	0	0	0	0	0	0	0
1428513156121993866	CPU_4	98.61	0	0	0	0	1.38	0	0	0	0
1428513156824833912	CPU_4	100.00	0	0	0	0	0	0	0	0	0
1428513157542745720	CPU_4	98.59	0	0	0	0	0	1.40	0	0	0
1428513158247362638	CPU_4	98.59	0	0	0	0	1.40	0	0	0	0
1428513158951406014	CPU_4	100.00	0	0	0	0	0	0	0	0	0
1428513159670354987	CPU_4	100.00	0	0	0	0	0	0	0	0	0
1428513160375196488	CPU_4	98.59	0	0	0	0	1.40	0	0	0	0
1428513161096183956	CPU_4	98.59	0	0	0	0	0	1.40	0	0	0
1428513161801457998	CPU_4	100.00	0	0	0	0	0	0	0	0	0
1428513162506755289	CPU_4	98.59	0	0	0	0	1.40	0	0	0	0
1428513163220408563	CPU_4	100.00	0	0	0	0	0	0	0	0	0
1428513163924752273	CPU_4	100.00	0	0	0	0	0	0	0	0	0
1428513164634461680	CPU_4	97.22	0	0	0	0	1.38	1.38	0	0	0
1428513165352906737	CPU_4	100.00	0	0	0	0	0	0	0	0	0
1428513166057521113	CPU_4	100.00	0	0	0	0	0	0	0	0	0
1428513166771485262	CPU_4	98.59	0	0	0	0	1.40	0	0	0	0
1428513167476760970	CPU_4	100.00	0	0	0	0	0	0	0	0	0
1428513168180666514	CPU_4	98.59	0	0	0	0	0	1.40	0	0	0
1428513168894927537	CPU_4	98.61	0	0	0	0	1.38	0	0	0	0
1428513169603158406	CPU_4	100.00	0	0	0	0	0	0	0	0	0
1428513170312856271	CPU_4	100.00	0	0	0	0	0	0	0	0	0
1428513171024384258	CPU_4	98.61	0	0	0	0	1.38	0	0	0	0
1428513171732270794	CPU_4	98.57	0	0	0	0	0	1.42	0	0	0
1428513172443980739	CPU_4	100.00	0	0	0	0	0	0	0	0	0
1428513173148977697	CPU_4	98.59	0	0	0	0	1.40	0	0	0	0
1428513173853275740	CPU_4	100.00	0	0	0	0	0	0	0	0	0
1428513174568959678	CPU_4	100.00	0	0	0	0	0	0	0	0	0
1428513175273520720	CPU_4	98.59	0	0	0	0	1.40	0	0	0	0
1428513175988307242	CPU_4	98.59	0	0	0	0	0	1.40	0	0	0
1428513176695382738	CPU_4	100.00	0	0	0	0	0	0	0	0	0
1428513177398410325	CPU_4	98.57	0	0	0	0	1.42	0	0	0	0
1428513178113204722	CPU_4	100.00	0	0	0	0	0	0	0	0	0
1428513178817613765	CPU_4	98.59	0	0	0	0	1.40	0	0	0	0
1428513179524692260	CPU_4	98.59	0	0	0	0	0	1.40	0	0	0
1428513180239506907	CPU_4	100.00	0	0	0	0	0	0	0	0	0
1428513180945720363	CPU_4	98.59	0	0	0	0	1.40	0	0	0	0
1428513181665334834	CPU_4	100.00	0	0	0	0	0	0	0	0	0
1428513182371556498	CPU_4	100.00	0	0	0	0	0	0	0	0	0
1428513183079556033	CPU_4	97.22	0	0	0	0	1.38	1.38	0	0	0
1428513183793110016	CPU_4	100.00	0	0	0	0	0	0	0	0	0
1428513184499634180	CPU_4	100.00	0	0	0	0	0	0	0	0	0
1428513185222280520	CPU_4	98.61	0	0	0	0	1.38	0	0	0	0
1428513185931051470	CPU_4	100.00	0	0	0	0	0	0	0	0	0
1428513186636009470	CPU_4	98.59	0	0	0	0	0	1.40	0	0	0
1428513187351474241	CPU_4	98.61	0	0	0	0	1.38	0	0	0	0
1428513188059122194	CPU_4	100.00	0	0	0	0	0	0	0	0	0
1428513188764392818	CPU_4	100.00	0	0	0	0	0	0	0	0	0
1428513189479479089	CPU_4	98.61	0	0	0	0	1.38	0	0	0	0
1428513190186196669	CPU_4	98.59	0	0	0	0	0	1.40	0	0	0
1428513190900549775	CPU_4	100.00	0	0	0	0	0	0	0	0	0
1428513191608993893	CPU_4	98.61	0	0	0	0	1.38	0	0	0	0
1428513192315444514	CPU_4	100.00	0	0	0	0	0	0	0	0	0
1428513193029204413	CPU_4	100.00	0	0	0	0	0	0	0	0	0
1428513193739631527	CPU_4	97.22	0	0	0	0	1.38	1.38	0	0	0
1428513194454975006	CPU_4	100.00	0	0	0	0	0	0	0	0	0
1428513195163167541	CPU_4	100.00	0	0	0	0	0	0	0	0	0
1428513195867589750	CPU_4	98.59	0	0	0	0	1.40	0	0	0	0
1428513196584235477	CPU_4	100.00	0	0	0	0	0	0	0	0	0
1428513197289638934	CPU_4	98.57	0	0	0	0	0	1.42	0	0	0
1428513197993585435	CPU_4	98.59	0	0	0	0	1.40	0	0	0	0
1428513198709907121	CPU_4	100.00	0	0	0	0	0	0	0	0	0
1428513199416293659	CPU_4	100.00	0	0	0	0	0	0	0	0	0
1428513200131441805	CPU_4	98.61	0	0	0	0	1.38	0	0	0	0
1428513200837476011	CPU_4	98.59	0	0	0	0	0	1.40	0	0	0
1428513201545067338	CPU_4	100.00	0	0	0	0	0	0	0	0	0
1428513202260643442	CPU_4	98.61	0	0	0	0	1.38	0	0	0	0
1428513202967833979	CPU_4	100.00	0	0	0	0	0	0	0	0	0
1428513203686886909	CPU_4	100.00	0	0	0	0	0	0	0	0	0
1428513204394623028	CPU_4	98.61	0	0	0	0	1.38	0	0	0	0
1428513205101968481	CPU_4	98.57	0	0	0	0	0	1.42	0	0	0
1428513205817417418	CPU_4	100.00	0	0	0	0	0	0	0	0	0
1428513206524775454	CPU_4	98.59	0	0	0	0	1.40	0	0	0	0
1428513207229344329	CPU_4	100.00	0	0	0	0	0	0	0	0	0
1428513207945047724	CPU_4	100.00	0	0	0	0	0	0	0	0	0
1428513208651824428	CPU_4	97.22	0	0	0	0	1.38	1.38	0	0	0
1428513209366165368	CPU_4	100.00	0	0	0	0	0	0	0	0	0
1428513210081098889	CPU_4	100.00	0	0	0	0	0	0	0	0	0
1428513210788242551	CPU_4	98.59	0	0	0	0	1.40	0	0	0	0
1428513211503336030	CPU_4	100.00	0	0	0	0	0	0	0	0	0
1428513212211126107	CPU_4	98.59	0	0	0	0	0	1.40	0	0	0
1428513212926770002	CPU_4	98.61	0	0	0	0	1.38	0	0	0	0
1428513213640299693	CPU_4	100.00	0	0	0	0	0	0	0	0	0
1428513214344997234	CPU_4	98.59	0	0	0	0	1.40	0	0	0	0
1428513215060768587	CPU_4	100.00	0	0	0	0	0	0	0	0	0
1428513215769547912	CPU_4	98.59	0	0	0	0	0	1.40	0	0	0
1428513216478135030	CPU_4	98.59	0	0	0	0	1.40	0	0	0	0
1428513217195021172	CPU_4	100.00	0	0	0	0	0	0	0	0	0
1428513217901440960	CPU_4	100.00	0	0	0	0	0	0	0	0	0
1428513218616532981	CPU_4	98.61	0	0	0	0	1.38	0	0	0	0
1428513219323973059	CPU_4	98.59	0	0	0	0	0	1.40	0	0	0
1428513220035192295	CPU_4	100.00	0	0	0	0	0	0	0	0	0
1428513220756201305	CPU_4	98.61	0	0	0	0	1.38	0	0	0	0
1428513221461020304	CPU_4	100.00	0	0	0	0	0	0	0	0	0
1428513222180897316	CPU_4	100.00	0	0	0	0	0	0	0	0	0
1428513222887384728	CPU_4	97.18	0	0	0	0	1.40	1.40	0	0	0
1428513223595030972	CPU_4	100.00	0	0	0	0	0	0	0	0	0
1428513224310129826	CPU_4	100.00	0	0	0	0	0	0	0	0	0
1428513225020234357	CPU_4	98.59	0	0	0	0	1.40	0	0	0	0
1428513225744814693	CPU_4	100.00	0	0	0	0	0	0	0	0	0
1428513226452887273	CPU_4	98.57	0	0	0	0	0	1.42	0	0	0
1428513227165228152	CPU_4	98.61	0	0	0	0	1.38	0	0	0	0
1428513227885203948	CPU_4	100.00	0	0	0	0	0	0	0	0	0
1428513228590195762	CPU_4	100.00	0	0	0	0	0	0	0	0	0
1428513229304825939	CPU_4	98.59	0	0	0	0	1.40	0	0	0	0
1428513230020218948	CPU_4	98.63	0	0	0	0	0	1.36	0	0	0
1428513230727006718	CPU_4	100.00	0	0	0	0	0	0	0	0	0
1428513231442310769	CPU_4	98.61	0	0	0	0	1.38	0	0	0	0
1428513232151013994	CPU_4	100.00	0	0	0	0	0	0	0	0	0
1428513232855055433	CPU_4	100.00	0	0	0	0	0	0	0	0	0
1428513233573056605	CPU_4	97.26	0	0	0	0	1.36	1.36	0	0	0
1428513234279622583	CPU_4	100.00	0	0	0	0	0	0	0	0	0
1428513234998919961	CPU_4	100.00	0	0	0	0	0	0	0	0	0
1428513235705063772	CPU_4	98.59	0	0	0	0	1.40	0	0	0	0
1428513236412943705	CPU_4	100.00	0	0	0	0	0	0	0	0	0
1428513237130268960	CPU_4	100.00	0	0	0	0	0	0	0	0	0
1428513237838203852	CPU_4	97.22	0	0	0	0	1.38	1.38	0	0	0
1428513238563038056	CPU_4	100.00	0	0	0	0	0	0	0	0	0
1428513239272736778	CPU_4	100.00	0	0	0	0	0	0	0	0	0
1428513239978321255	CPU_4	98.59	0	0	0	0	1.40	0	0	0	0
1428513240696377550	CPU_4	100.00	0	0	0	0	0	0	0	0	0
1428513241403902108	CPU_4	98.61	0	0	0	0	0	1.38	0	0	0
1428513242111928998	CPU_4	98.59	0	0	0	0	1.40	0	0	0	0
1428513242829789001	CPU_4	100.00	0	0	0	0	0	0	0	0	0
1428513243537650141	CPU_4	100.00	0	0	0	0	0	0	0	0	0
1428513244255835227	CPU_4	98.63	0	0	0	0	1.36	0	0	0	0
1428513244961435078	CPU_4	98.57	0	0	0	0	0	1.42	0	0	0
1428513245670208966	CPU_4	100.00	0	0	0	0	0	0	0	0	0
1428513246387421052	CPU_4	98.61	0	0	0	0	1.38	0	0	0	0
1428513247091630071	CPU_4	100.00	0	0	0	0	0	0	0	0	0
1428513247810590863	CPU_4	100.00	0	0	0	0	0	0	0	0	0
1428513248516721545	CPU_4	97.18	0	0	0	0	1.40	1.40	0	0	0
1428513249224426267	CPU_4	100.00	0	0	0	0	0	0	0	0	0
1428513249941154020	CPU_4	100.00	0	0	0	0	0	0	0	0	0
1428513250649792324	CPU_4	98.59	0	0	0	0	1.40	0	0	0	0
1428513251363339247	CPU_4	100.00	0	0	0	0	0	0	0	0	0
1428513252072785633	CPU_4	97.26	0	0	0	0	1.36	1.36	0	0	0
1428513252780168146	CPU_4	100.00	0	0	0	0	0	0	0	0	0
1428513253496413023	CPU_4	100.00	0	0	0	0	0	0	0	0	0
1428513254202241288	CPU_4	98.57	0	0	0	0	1.42	0	0	0	0
1428513254909568592	CPU_4	100.00	0	0	0	0	0	0	0	0	0
1428513255628116424	CPU_4	98.61	0	0	0	0	0	1.38	0	0	0
1428513256335912436	CPU_4	98.59	0	0	0	0	1.40	0	0	0	0
1428513257052700520	CPU_4	100.00	0	0	0	0	0	0	0	0	0
1428513257762172863	CPU_4	100.00	0	0	0	0	0	0	0	0	0
1428513258469046375	CPU_4	98.59	0	0	0	0	1.40	0	0	0	0
1428513259186441708	CPU_4	98.61	0	0	0	0	0	1.38	0	0	0
1428513259895025760	CPU_4	100.00	0	0	0	0	0	0	0	0	0
1428513260615123214	CPU_4	98.61	0	0	0	0	1.38	0	0	0	0
1428513261322609141	CPU_4	100.00	0	0	0	0	0	0	0	0	0
1428513262030216943	CPU_4	100.00	0	0	0	0	0	0	0	0	0
1428513262747934442	CPU_4	97.26	0	0	0	0	1.36	1.36	0	0	0
1428513263455154536	CPU_4	100.00	0	0	0	0	0	0	0	0	0
1428513264170585369	CPU_4	100.00	0	0	0	0	0	0	0	0	0
1428513264894447276	CPU_4	98.63	0	0	0	0	1.36	0	0	0	0
1428513265603406784	CPU_4	100.00	0	0	0	0	0	0	0	0	0
1428513266320831948	CPU_4	100.00	0	0	0	0	0	0	0	0	0
1428513267028178125	CPU_4	97.22	0	0	0	0	1.38	1.38	0	0	0
1428513267739769462	CPU_4	100.00	0	0	0	0	0	0	0	0	0
1428513268454734004	CPU_4	100.00	0	0	0	0	0	0	0	0	0
1428513269163045762	CPU_4	98.61	0	0	0	0	1.38	0	0	0	0
1428513269881617715	CPU_4	100.00	0	0	0	0	0	0	0	0	0
1428513270588186141	CPU_4	98.59	0	0	0	0	0	1.40	0	0	0
1428513271297322481	CPU_4	98.59	0	0	0	0	1.40	0	0	0	0
1428513272015105893	CPU_4	100.00	0	0	0	0	0	0	0	0	0
1428513272725855606	CPU_4	100.00	0	0	0	0	0	0	0	0	0
1428513273438182941	CPU_4	98.61	0	0	0	0	1.38	0	0	0	0
1428513274152134982	CPU_4	98.59	0	0	0	0	0	1.40	0	0	0
1428513274862280570	CPU_4	100.00	0	0	0	0	0	0	0	0	0
1428513275633798374	CPU_4	96.10	0	2.59	0	0	1.29	0	0	0	0
1428513276336283220	CPU_4	100.00	0	0	0	0	0	0	0	0	0
1428513277055760504	CPU_4	100.00	0	0	0	0	0	0	0	0	0
1428513277759635098	CPU_4	97.22	0	0	0	0	1.38	1.38	0	0	0
1428513278461189112	CPU_4	100.00	0	0	0	0	0	0	0	0	0
1428513279175081653	CPU_4	100.00	0	0	0	0	0	0	0	0	0
1428513279884331990	CPU_4	98.61	0	0	0	0	1.38	0	0	0	0
1428513280586824169	CPU_4	100.00	0	0	0	0	0	0	0	0	0
1428513281303319872	CPU_4	97.26	0	0	0	0	1.36	1.36	0	0	0
1428513282008949380	CPU_4	100.00	0	0	0	0	0	0	0	0	0
1428513282722705419	CPU_4	100.00	0	0	0	0	0	0	0	0	0
1428513283428197385	CPU_4	98.59	0	0	0	0	1.40	0	0	0	0
1428513284128513274	CPU_4	100.00	0	0	0	0	0	0	0	0	0
1428513284838391360	CPU_4	98.59	0	0	0	0	0	1.40	0	0	0
1428513285539509080	CPU_4	98.59	0	0	0	0	1.40	0	0	0	0
1428513286240834176	CPU_4	100.00	0	0	0	0	0	0	0	0	0
1428513286950803302	CPU_4	100.00	0	0	0	0	0	0	0	0	0
1428513287652693188	CPU_4	98.57	0	0	0	0	1.42	0	0	0	0
1428513288365744977	CPU_4	98.61	0	0	0	0	0	1.38	0	0	0
1428513289067156489	CPU_4	100.00	0	0	0	0	0	0	0	0	0
1428513289771632788	CPU_4	98.59	0	0	0	0	1.40	0	0	0	0
1428513290489116654	CPU_4	100.00	0	0	0	0	0	0	0	0	0
1428513291194164077	CPU_4	100.00	0	0	0	0	0	0	0	0	0
1428513291899914666	CPU_4	97.22	0	0	0	0	1.38	1.38	0	0	0
1428513292614678910	CPU_4	100.00	0	0	0	0	0	0	0	0	0
1428513293321721830	CPU_4	100.00	0	0	0	0	0	0	0	0	0
1428513294035372325	CPU_4	98.61	0	0	0	0	1.38	0	0	0	0
1428513294740692996	CPU_4	100.00	0	0	0	0	0	0	0	0	0
1428513295446470417	CPU_4	98.59	0	0	0	0	0	1.40	0	0	0
1428513296158194539	CPU_4	98.61	0	0	0	0	1.38	0	0	0	0
1428513296865274333	CPU_4	100.00	0	0	0	0	0	0	0	0	0
1428513297584706737	CPU_4	100.00	0	0	0	0	0	0	0	0	0
1428513298288144702	CPU_4	98.59	0	0	0	0	1.40	0	0	0	0
1428513298992697624	CPU_4	100.00	0	0	0	0	0	0	0	0	0
1428513299708018532	CPU_4	98.61	0	0	0	0	0	1.38	0	0	0
1428513300411951245	CPU_4	98.59	0	0	0	0	1.40	0	0	0	0
1428513301117400582	CPU_4	100.00	0	0	0	0	0	0	0	0	0
1428513301832841073	CPU_4	100.00	0	0	0	0	0	0	0	0	0
1428513302539942241	CPU_4	98.59	0	0	0	0	1.40	0	0	0	0
1428513303254079733	CPU_4	98.61	0	0	0	0	0	1.38	0	0	0
1428513303961571358	CPU_4	100.00	0	0	0	0	0	0	0	0	0
1428513304666777819	CPU_4	98.59	0	0	0	0	1.40	0	0	0	0
1428513305380149895	CPU_4	100.00	0	0	0	0	0	0	0	0	0
1428513306084823814	CPU_4	100.00	0	0	0	0	0	0	0	0	0
1428513306795386602	CPU_4	97.22	0	0	0	0	1.38	1.38	0	0	0
1428513307502678685	CPU_4	100.00	0	0	0	0	0	0	0	0	0
1428513308208036561	CPU_4	100.00	0	0	0	0	0	0	0	0	0
1428513308923075384	CPU_4	98.61	0	0	0	0	1.38	0	0	0	0
1428513309628553052	CPU_4	100.00	0	0	0	0	0	0	0	0	0
1428513310336067259	CPU_4	98.59	0	0	0	0	0	1.40	0	0	0
1428513311051702372	CPU_4	98.61	0	0	0	0	1.38	0	0	0	0
1428513311755398458	CPU_4	100.00	0	0	0	0	0	0	0	0	0
1428513312470825155	CPU_4	100.00	0	0	0	0	0	0	0	0	0
1428513313175521406	CPU_4	98.59	0	0	0	0	1.40	0	0	0	0
1428513313884174569	CPU_4	98.57	0	0	0	0	0	1.42	0	0	0
1428513314596208186	CPU_4	100.00	0	0	0	0	0	0	0	0	0
1428513315304648349	CPU_4	98.59	0	0	0	0	1.40	0	0	0	0
1428513316010955139	CPU_4	100.00	0	0	0	0	0	0	0	0	0
1428513316723994546	CPU_4	100.00	0	0	0	0	0	0	0	0	0
1428513317430073961	CPU_4	97.22	0	0	0	0	1.38	1.38	0	0	0
1428513318145847072	CPU_4	100.00	0	0	0	0	0	0	0	0	0
1428513318851036238	CPU_4	100.00	0	0	0	0	0	0	0	0	0
1428513319557641777	CPU_4	98.59	0	0	0	0	1.40	0	0	0	0
1428513320274432345	CPU_4	100.00	0	0	0	0	0	0	0	0	0
1428513320979958385	CPU_4	98.59	0	0	0	0	0	1.40	0	0	0
1428513321696793119	CPU_4	98.61	0	0	0	0	1.38	0	0	0	0
1428513322404692864	CPU_4	100.00	0	0	0	0	0	0	0	0	0
1428513323110262445	CPU_4	100.00	0	0	0	0	0	0	0	0	0
1428513323826426054	CPU_4	98.61	0	0	0	0	1.38	0	0	0	0
1428513324530801637	CPU_4	98.57	0	0	0	0	0	1.42	0	0	0
1428513325245697081	CPU_4	98.61	0	0	0	0	1.38	0	0	0	0
1428513325955782655	CPU_4	100.00	0	0	0	0	0	0	0	0	0
1428513326662912192	CPU_4	100.00	0	0	0	0	0	0	0	0	0
1428513327380005883	CPU_4	98.61	0	0	0	0	1.38	0	0	0	0
1428513328085067213	CPU_4	98.59	0	0	0	0	0	1.40	0	0	0
1428513328791434500	CPU_4	100.00	0	0	0	0	0	0	0	0	0
1428513329507773608	CPU_4	98.61	0	0	0	0	1.38	0	0	0	0
1428513330210840107	CPU_4	100.00	0	0	0	0	0	0	0	0	0
1428513330928134838	CPU_4	100.00	0	0	0	0	0	0	0	0	0
1428513331633464167	CPU_4	98.59	0	0	0	0	1.40	0	0	0	0
1428513332343573532	CPU_4	98.59	0	0	0	0	0	1.40	0	0	0
1428513333058423391	CPU_4	100.00	0	0	0	0	0	0	0	0	0
1428513333765483843	CPU_4	98.59	0	0	0	0	1.40	0	0	0	0
1428513334479911618	CPU_4	100.00	0	0	0	0	0	0	0	0	0
1428513335192489687	CPU_4	100.00	0	0	0	0	0	0	0	0	0
1428513335899806638	CPU_4	97.22	0	0	0	0	1.38	1.38	0	0	0
1428513336616306119	CPU_4	100.00	0	0	0	0	0	0	0	0	0
1428513337321398822	CPU_4	100.00	0	0	0	0	0	0	0	0	0
1428513338029640021	CPU_4	98.59	0	0	0	0	1.40	0	0	0	0
1428513338745752794	CPU_4	100.00	0	0	0	0	0	0	0	0	0
1428513339452469619	CPU_4	98.57	0	0	0	0	0	1.42	0	0	0
1428513340167924975	CPU_4	98.61	0	0	0	0	1.38	0	0	0	0
1428513340876984173	CPU_4	100.00	0	0	0	0	0	0	0	0	0
1428513341584738288	CPU_4	100.00	0	0	0	0	0	0	0	0	0
1428513342302383391	CPU_4	98.61	0	0	0	0	1.38	0	0	0	0
1428513343009370216	CPU_4	98.59	0	0	0	0	0	1.40	0	0	0
1428513343729382357	CPU_4	100.00	0	0	0	0	0	0	0	0	0
1428513344435176349	CPU_4	98.61	0	0	0	0	1.38	0	0	0	0
1428513345142163423	CPU_4	100.00	0	0	0	0	0	0	0	0	0
1428513345860035858	CPU_4	100.00	0	0	0	0	0	0	0	0	0
1428513346566279682	CPU_4	97.18	0	0	0	0	1.40	1.40	0	0	0
1428513347273006756	CPU_4	100.00	0	0	0	0	0	0	0	0	0
1428513347992296189	CPU_4	100.00	0	0	0	0	0	0	0	0	0
1428513348698077013	CPU_4	98.59	0	0	0	0	1.40	0	0	0	0
1428513349415099824	CPU_4	100.00	0	0	0	0	0	0	0	0	0
1428513350122547104	CPU_4	98.59	0	0	0	0	0	1.40	0	0	0
1428513350832663131	CPU_4	98.61	0	0	0	0	1.38	0	0	0	0
1428513351547633277	CPU_4	100.00	0	0	0	0	0	0	0	0	0
1428513352253847391	CPU_4	100.00	0	0	0	0	0	0	0	0	0
1428513352976092111	CPU_4	98.63	0	0	0	0	1.36	0	0	0	0
1428513353681217518	CPU_4	98.57	0	0	0	0	0	1.42	0	0	0
1428513354389858755	CPU_4	100.00	0	0	0	0	0	0	0	0	0
1428513355106001190	CPU_4	98.61	0	0	0	0	1.38	0	0	0	0
1428513355812036720	CPU_4	100.00	0	0	0	0	0	0	0	0	0
1428513356520256915	CPU_4	100.00	0	0	0	0	0	0	0	0	0
1428513357236954807	CPU_4	97.22	0	0	0	0	1.38	1.38	0	0	0
1428513357946955957	CPU_4	100.00	0	0	0	0	0	0	0	0	0
1428513358662148851	CPU_4	100.00	0	0	0	0	0	0	0	0	0
1428513359371254877	CPU_4	98.59	0	0	0	0	1.40	0	0	0	0
1428513360079312404	CPU_4	100.00	0	0	0	0	0	0	0	0	0
1428513360793568382	CPU_4	98.61	0	0	0	0	0	1.38	0	0	0
1428513361503750573	CPU_4	98.59	0	0	0	0	1.40	0	0	0	0
1428513362219643548	CPU_4	100.00	0	0	0	0	0	0	0	0	0
1428513362927457200	CPU_4	98.59	0	0	0	0	1.40	0	0	0	0
1428513363637187974	CPU_4	100.00	0	0	0	0	0	0	0	0	0
1428513364362372562	CPU_4	94.44	0	0	4.16	0	0	1.38	0	0	0
1428513365068176924	CPU_4	0	0	0	100.00	0	0	0	0	0	0
