#Timestamp	CPU_ID	user%	nice%	sys%	idle%	iowait%	irq%	softiq%	steal%	guest%	guest_nice%
1428586819155413630	CPU_4	20.31	0	14.06	65.62	0	0	0	0	0	0
1428586819868177488	CPU_4	0	0	0	100.00	0	0	0	0	0	0
1428586820599115373	CPU_4	0	0	0	100.00	0	0	0	0	0	0
1428586821314001021	CPU_4	0	0	0	100.00	0	0	0	0	0	0
1428586822029229170	CPU_4	0	0	0	100.00	0	0	0	0	0	0
1428586822757338681	CPU_4	0	0	0	100.00	0	0	0	0	0	0
1428586823475030202	CPU_4	0	0	0	100.00	0	0	0	0	0	0
1428586824208493543	CPU_4	0	0	0	100.00	0	0	0	0	0	0
1428586824929584936	CPU_4	0	0	0	100.00	0	0	0	0	0	0
1428586825649948163	CPU_4	0	0	0	100.00	0	0	0	0	0	0
1428586826378278008	CPU_4	0	0	0	100.00	0	0	0	0	0	0
1428586827098125776	CPU_4	0	0	0	100.00	0	0	0	0	0	0
1428586827826393538	CPU_4	0	0	0	100.00	0	0	0	0	0	0
1428586828542982268	CPU_4	0	0	0	100.00	0	0	0	0	0	0
1428586829261948371	CPU_4	0	0	0	100.00	0	0	0	0	0	0
1428586829990926840	CPU_4	0	0	0	100.00	0	0	0	0	0	0
1428586830710787276	CPU_4	0	0	0	100.00	0	0	0	0	0	0
1428586831439317620	CPU_4	0	0	0	100.00	0	0	0	0	0	0
1428586832158127598	CPU_4	0	0	0	100.00	0	0	0	0	0	0
1428586832895060936	CPU_4	0	0	0	100.00	0	0	0	0	0	0
1428586833615933120	CPU_4	0	0	0	100.00	0	0	0	0	0	0
1428586834335551514	CPU_4	0	0	0	100.00	0	0	0	0	0	0
1428586835066525731	CPU_4	0	0	0	100.00	0	0	0	0	0	0
1428586835789936580	CPU_4	0	0	0	100.00	0	0	0	0	0	0
1428586836519069549	CPU_4	0	0	0	100.00	0	0	0	0	0	0
1428586837239642900	CPU_4	0	0	0	100.00	0	0	0	0	0	0
1428586837959970043	CPU_4	0	0	0	100.00	0	0	0	0	0	0
1428586838692052509	CPU_4	0	0	0	100.00	0	0	0	0	0	0
1428586839409750863	CPU_4	0	0	0	100.00	0	0	0	0	0	0
1428586840139009540	CPU_4	0	0	0	100.00	0	0	0	0	0	0
1428586840859237141	CPU_4	0	0	0	100.00	0	0	0	0	0	0
1428586841580731950	CPU_4	0	0	0	100.00	0	0	0	0	0	0
1428586842310599876	CPU_4	0	0	0	100.00	0	0	0	0	0	0
1428586843030737811	CPU_4	0	0	0	100.00	0	0	0	0	0	0
1428586843762888860	CPU_4	0	0	0	100.00	0	0	0	0	0	0
1428586844484737835	CPU_4	0	0	0	100.00	0	0	0	0	0	0
1428586845205734143	CPU_4	0	0	0	100.00	0	0	0	0	0	0
1428586845935644820	CPU_4	0	0	0	100.00	0	0	0	0	0	0
1428586846656166254	CPU_4	0	0	0	100.00	0	0	0	0	0	0
1428586847389073511	CPU_4	0	0	0	100.00	0	0	0	0	0	0
1428586848107312447	CPU_4	0	0	0	100.00	0	0	0	0	0	0
1428586848828932130	CPU_4	0	0	0	100.00	0	0	0	0	0	0
1428586849557475140	CPU_4	0	0	0	100.00	0	0	0	0	0	0
1428586850277981991	CPU_4	0	0	0	100.00	0	0	0	0	0	0
1428586851009698457	CPU_4	0	0	0	100.00	0	0	0	0	0	0
1428586851731824556	CPU_4	0	0	0	100.00	0	0	0	0	0	0
1428586852466192104	CPU_4	0	0	0	100.00	0	0	0	0	0	0
1428586853187302287	CPU_4	0	0	0	100.00	0	0	0	0	0	0
1428586853907741096	CPU_4	0	0	0	100.00	0	0	0	0	0	0
1428586854636712939	CPU_4	0	0	0	100.00	0	0	0	0	0	0
1428586855358064164	CPU_4	0	0	0	100.00	0	0	0	0	0	0
1428586856088359006	CPU_4	0	0	0	100.00	0	0	0	0	0	0
1428586856838301998	CPU_4	0	0	0	100.00	0	0	0	0	0	0
1428586857555778226	CPU_4	0	0	0	100.00	0	0	0	0	0	0
1428586858286711192	CPU_4	0	0	0	100.00	0	0	0	0	0	0
1428586859006245502	CPU_4	0	0	0	100.00	0	0	0	0	0	0
1428586859736139969	CPU_4	0	0	0	100.00	0	0	0	0	0	0
1428586860453484197	CPU_4	0	0	0	100.00	0	0	0	0	0	0
1428586861174568463	CPU_4	0	0	0	100.00	0	0	0	0	0	0
1428586861929014910	CPU_4	0	0	0	100.00	0	0	0	0	0	0
1428586862647337720	CPU_4	0	0	0	100.00	0	0	0	0	0	0
1428586863376806229	CPU_4	0	0	0	100.00	0	0	0	0	0	0
1428586864095044623	CPU_4	0	0	0	100.00	0	0	0	0	0	0
1428586864823038842	CPU_4	0	0	0	100.00	0	0	0	0	0	0
1428586865541515068	CPU_4	0	0	0	100.00	0	0	0	0	0	0
1428586866258836754	CPU_4	0	0	0	100.00	0	0	0	0	0	0
1428586866989654929	CPU_4	0	0	0	100.00	0	0	0	0	0	0
1428586867709187780	CPU_4	0	0	0	100.00	0	0	0	0	0	0
1428586868439751038	CPU_4	0	0	0	100.00	0	0	0	0	0	0
1428586869158177639	CPU_4	0	0	0	100.00	0	0	0	0	0	0
1428586869881299987	CPU_4	0	0	0	100.00	0	0	0	0	0	0
1428586870613000452	CPU_4	0	0	0	100.00	0	0	0	0	0	0
1428586871334100760	CPU_4	0	0	0	100.00	0	0	0	0	0	0
1428586872064009143	CPU_4	0	0	0	100.00	0	0	0	0	0	0
1428586872785272117	CPU_4	0	0	0	100.00	0	0	0	0	0	0
1428586873505236176	CPU_4	0	0	0	100.00	0	0	0	0	0	0
1428586874235442059	CPU_4	0	0	0	100.00	0	0	0	0	0	0
1428586874971077062	CPU_4	0	0	0	100.00	0	0	0	0	0	0
1428586875719956888	CPU_4	0	0	0	100.00	0	0	0	0	0	0
1428586876439743821	CPU_4	0	0	0	100.00	0	0	0	0	0	0
1428586877171284578	CPU_4	0	0	0	100.00	0	0	0	0	0	0
1428586877918971821	CPU_4	0	0	0	100.00	0	0	0	0	0	0
1428586878639682670	CPU_4	0	0	0	100.00	0	0	0	0	0	0
1428586879372296760	CPU_4	0	0	0	100.00	0	0	0	0	0	0
1428586880094488024	CPU_4	0	0	0	100.00	0	0	0	0	0	0
1428586880825513115	CPU_4	0	0	0	100.00	0	0	0	0	0	0
1428586881546407297	CPU_4	0	0	0	100.00	0	0	0	0	0	0
1428586882266994854	CPU_4	0	0	0	100.00	0	0	0	0	0	0
1428586883016811179	CPU_4	0	0	0	100.00	0	0	0	0	0	0
1428586883734856239	CPU_4	0	0	0	100.00	0	0	0	0	0	0
1428586884468593743	CPU_4	0	0	0	100.00	0	0	0	0	0	0
1428586885192379840	CPU_4	0	0	0	100.00	0	0	0	0	0	0
1428586885938392001	CPU_4	0	0	0	100.00	0	0	0	0	0	0
1428586886658015059	CPU_4	0	0	0	100.00	0	0	0	0	0	0
1428586887381149697	CPU_4	0	0	0	100.00	0	0	0	0	0	0
1428586888113011870	CPU_4	0	0	0	100.00	0	0	0	0	0	0
1428586888836490716	CPU_4	0	0	0	100.00	0	0	0	0	0	0
1428586889565518517	CPU_4	0	0	0	100.00	0	0	0	0	0	0
1428586890288307780	CPU_4	0	0	0	100.00	0	0	0	0	0	0
1428586891009160254	CPU_4	0	0	0	100.00	0	0	0	0	0	0
1428586891737423138	CPU_4	0	0	0	100.00	0	0	0	0	0	0
1428586892452198575	CPU_4	0	0	0	100.00	0	0	0	0	0	0
1428586893183455706	CPU_4	0	0	0	100.00	0	0	0	0	0	0
1428586893902118307	CPU_4	0	0	0	100.00	0	0	0	0	0	0
1428586894623436488	CPU_4	0	0	0	100.00	0	0	0	0	0	0
1428586895352835788	CPU_4	0	0	0	100.00	0	0	0	0	0	0
1428586896072527429	CPU_4	0	0	0	100.00	0	0	0	0	0	0
1428586896802618769	CPU_4	0	0	0	100.00	0	0	0	0	0	0
1428586897525691824	CPU_4	0	0	0	100.00	0	0	0	0	0	0
1428586898242901925	CPU_4	0	0	0	100.00	0	0	0	0	0	0
1428586898991120625	CPU_4	0	0	0	100.00	0	0	0	0	0	0
1428586899710061725	CPU_4	0	0	0	100.00	0	0	0	0	0	0
1428586900442257731	CPU_4	0	0	0	100.00	0	0	0	0	0	0
1428586901157559417	CPU_4	0	0	0	100.00	0	0	0	0	0	0
1428586901890908171	CPU_4	0	0	0	100.00	0	0	0	0	0	0
1428586902609881354	CPU_4	0	0	0	100.00	0	0	0	0	0	0
1428586903340528444	CPU_4	0	0	0	100.00	0	0	0	0	0	0
1428586904066647163	CPU_4	0	0	0	100.00	0	0	0	0	0	0
1428586904786752136	CPU_4	0	0	0	100.00	0	0	0	0	0	0
1428586905516282519	CPU_4	0	0	0	100.00	0	0	0	0	0	0
1428586906236695617	CPU_4	0	0	0	100.00	0	0	0	0	0	0
1428586906954672092	CPU_4	0	0	0	100.00	0	0	0	0	0	0
1428586907687105139	CPU_4	0	0	0	100.00	0	0	0	0	0	0
1428586908406113947	CPU_4	0	0	0	100.00	0	0	0	0	0	0
1428586909153523314	CPU_4	0	0	0	100.00	0	0	0	0	0	0
1428586909870294332	CPU_4	0	0	0	100.00	0	0	0	0	0	0
1428586910646464382	CPU_4	0	0	0	100.00	0	0	0	0	0	0
1428586911366816814	CPU_4	0	0	0	100.00	0	0	0	0	0	0
1428586912086595621	CPU_4	0	0	0	100.00	0	0	0	0	0	0
1428586912817738127	CPU_4	0	0	0	100.00	0	0	0	0	0	0
1428586913534538561	CPU_4	0	0	0	100.00	0	0	0	0	0	0
1428586914279559180	CPU_4	0	0	0	100.00	0	0	0	0	0	0
1428586915000997944	CPU_4	0	0	0	100.00	0	0	0	0	0	0
1428586915720432001	CPU_4	0	0	0	100.00	0	0	0	0	0	0
1428586916450427799	CPU_4	0	0	0	100.00	0	0	0	0	0	0
1428586917167944483	CPU_4	0	0	0	100.00	0	0	0	0	0	0
1428586917901245403	CPU_4	0	0	0	100.00	0	0	0	0	0	0
1428586918623592541	CPU_4	0	0	0	100.00	0	0	0	0	0	0
1428586919365004662	CPU_4	0	0	0	100.00	0	0	0	0	0	0
1428586920095433793	CPU_4	0	0	0	100.00	0	0	0	0	0	0
1428586920816265391	CPU_4	0	0	0	100.00	0	0	0	0	0	0
1428586921546486230	CPU_4	0	0	0	100.00	0	0	0	0	0	0
1428586922264302163	CPU_4	0	0	0	100.00	0	0	0	0	0	0
1428586922984511678	CPU_4	0	0	0	100.00	0	0	0	0	0	0
1428586923717334723	CPU_4	0	0	0	100.00	0	0	0	0	0	0
1428586924441632693	CPU_4	0	0	0	100.00	0	0	0	0	0	0
1428586925171325157	CPU_4	0	0	0	100.00	0	0	0	0	0	0
1428586925893977670	CPU_4	0	0	0	100.00	0	0	0	0	0	0
1428586926627521464	CPU_4	0	0	0	100.00	0	0	0	0	0	0
1428586927349115477	CPU_4	0	0	0	100.00	0	0	0	0	0	0
1428586928068497951	CPU_4	0	0	0	100.00	0	0	0	0	0	0
1428586928799806914	CPU_4	0	0	0	100.00	0	0	0	0	0	0
1428586929525012924	CPU_4	0	0	0	100.00	0	0	0	0	0	0
1428586930255748929	CPU_4	0	0	0	100.00	0	0	0	0	0	0
1428586930977026526	CPU_4	0	0	0	100.00	0	0	0	0	0	0
1428586931698404247	CPU_4	0	0	0	100.00	0	0	0	0	0	0
1428586932433514665	CPU_4	0	0	0	100.00	0	0	0	0	0	0
1428586933154038137	CPU_4	0	0	0	100.00	0	0	0	0	0	0
1428586933885971850	CPU_4	0	0	0	100.00	0	0	0	0	0	0
1428586934608371362	CPU_4	0	0	0	100.00	0	0	0	0	0	0
1428586935343106989	CPU_4	0	0	0	100.00	0	0	0	0	0	0
1428586936065707209	CPU_4	0	0	0	100.00	0	0	0	0	0	0
1428586936784674766	CPU_4	0	0	0	100.00	0	0	0	0	0	0
1428586937517638644	CPU_4	0	0	0	100.00	0	0	0	0	0	0
1428586938239064031	CPU_4	0	0	0	100.00	0	0	0	0	0	0
1428586938971473785	CPU_4	0	0	0	100.00	0	0	0	0	0	0
1428586939691674382	CPU_4	0	0	0	100.00	0	0	0	0	0	0
1428586940414513144	CPU_4	0	0	0	100.00	0	0	0	0	0	0
1428586941148934104	CPU_4	0	0	0	100.00	0	0	0	0	0	0
1428586941869698742	CPU_4	0	0	0	100.00	0	0	0	0	0	0
1428586942601473204	CPU_4	0	0	0	100.00	0	0	0	0	0	0
1428586943324496299	CPU_4	0	0	0	100.00	0	0	0	0	0	0
1428586944053127430	CPU_4	0	0	0	100.00	0	0	0	0	0	0
1428586944793478302	CPU_4	4.05	0	0	95.94	0	0	0	0	0	0
1428586945515760188	CPU_4	0	0	0	100.00	0	0	0	0	0	0
1428586946247529442	CPU_4	0	0	0	100.00	0	0	0	0	0	0
1428586946971900369	CPU_4	0	0	0	100.00	0	0	0	0	0	0
1428586947710235408	CPU_4	0	0	0	100.00	0	0	0	0	0	0
1428586948438419582	CPU_4	0	0	0	100.00	0	0	0	0	0	0
1428586949158871428	CPU_4	0	0	0	100.00	0	0	0	0	0	0
1428586949898110926	CPU_4	0	0	0	100.00	0	0	0	0	0	0
1428586950621393895	CPU_4	0	0	0	100.00	0	0	0	0	0	0
1428586951357118770	CPU_4	0	0	0	100.00	0	0	0	0	0	0
1428586952078525657	CPU_4	0	0	0	100.00	0	0	0	0	0	0
1428586952803730541	CPU_4	0	0	0	100.00	0	0	0	0	0	0
1428586953538927125	CPU_4	0	0	0	100.00	0	0	0	0	0	0
1428586954262951635	CPU_4	0	0	0	100.00	0	0	0	0	0	0
1428586954996700470	CPU_4	0	0	0	100.00	0	0	0	0	0	0
1428586955728805264	CPU_4	0	0	0	100.00	0	0	0	0	0	0
1428586956459462185	CPU_4	0	0	0	100.00	0	0	0	0	0	0
1428586957188475774	CPU_4	0	0	0	100.00	0	0	0	0	0	0
1428586957909116579	CPU_4	0	0	0	100.00	0	0	0	0	0	0
1428586958646161327	CPU_4	0	0	0	100.00	0	0	0	0	0	0
1428586959369730046	CPU_4	0	0	0	100.00	0	0	0	0	0	0
1428586960105204087	CPU_4	0	0	0	100.00	0	0	0	0	0	0
1428586960830391263	CPU_4	0	0	0	100.00	0	0	0	0	0	0
1428586961555213522	CPU_4	0	0	0	100.00	0	0	0	0	0	0
1428586962288528107	CPU_4	0	0	0	100.00	0	0	0	0	0	0
1428586963015437447	CPU_4	0	0	0	100.00	0	0	0	0	0	0
1428586963752164238	CPU_4	0	0	0	100.00	0	0	0	0	0	0
1428586964476821830	CPU_4	0	0	0	100.00	0	0	0	0	0	0
1428586965207939209	CPU_4	0	0	0	100.00	0	0	0	0	0	0
1428586965939752545	CPU_4	0	0	0	100.00	0	0	0	0	0	0
1428586966663485346	CPU_4	0	0	0	100.00	0	0	0	0	0	0
1428586967398884387	CPU_4	0	0	0	100.00	0	0	0	0	0	0
1428586968123787729	CPU_4	0	0	0	100.00	0	0	0	0	0	0
1428586968861040350	CPU_4	0	0	0	100.00	0	0	0	0	0	0
1428586969585674531	CPU_4	0	0	0	100.00	0	0	0	0	0	0
1428586970309099937	CPU_4	0	0	0	100.00	0	0	0	0	0	0
1428586971045384618	CPU_4	0	0	0	100.00	0	0	0	0	0	0
1428586971778188761	CPU_4	0	0	0	100.00	0	0	0	0	0	0
1428586972514171359	CPU_4	0	0	0	100.00	0	0	0	0	0	0
1428586973241391760	CPU_4	0	0	0	100.00	0	0	0	0	0	0
1428586973984010932	CPU_4	0	0	0	100.00	0	0	0	0	0	0
1428586974709264044	CPU_4	0	0	0	100.00	0	0	0	0	0	0
1428586975434893947	CPU_4	0	0	0	100.00	0	0	0	0	0	0
1428586976172855375	CPU_4	0	0	0	100.00	0	0	0	0	0	0
1428586976894564950	CPU_4	0	0	0	100.00	0	0	0	0	0	0
1428586977635400042	CPU_4	0	0	0	100.00	0	0	0	0	0	0
1428586978359072031	CPU_4	0	0	0	100.00	0	0	0	0	0	0
1428586979086565015	CPU_4	0	0	0	100.00	0	0	0	0	0	0
1428586979820511616	CPU_4	0	0	0	100.00	0	0	0	0	0	0
1428586980547653100	CPU_4	0	0	0	100.00	0	0	0	0	0	0
1428586981282688200	CPU_4	0	0	0	100.00	0	0	0	0	0	0
1428586982010183767	CPU_4	0	0	0	100.00	0	0	0	0	0	0
1428586982746228532	CPU_4	0	0	0	100.00	0	0	0	0	0	0
1428586983471503644	CPU_4	0	0	0	100.00	0	0	0	0	0	0
1428586984194648884	CPU_4	0	0	0	100.00	0	0	0	0	0	0
1428586984930856649	CPU_4	0	0	0	100.00	0	0	0	0	0	0
1428586985655950803	CPU_4	0	0	0	100.00	0	0	0	0	0	0
1428586986390376195	CPU_4	0	0	0	100.00	0	0	0	0	0	0
1428586987115059433	CPU_4	0	0	0	100.00	0	0	0	0	0	0
1428586987840878420	CPU_4	0	0	0	100.00	0	0	0	0	0	0
1428586988576451644	CPU_4	0	0	0	100.00	0	0	0	0	0	0
1428586989300464717	CPU_4	0	0	0	100.00	0	0	0	0	0	0
1428586990037662855	CPU_4	0	0	0	100.00	0	0	0	0	0	0
1428586990767718753	CPU_4	0	0	0	100.00	0	0	0	0	0	0
1428586991504877516	CPU_4	0	0	0	100.00	0	0	0	0	0	0
1428586992231567377	CPU_4	0	0	0	100.00	0	0	0	0	0	0
1428586992955147867	CPU_4	0	0	0	100.00	0	0	0	0	0	0
1428586993693200088	CPU_4	0	0	0	100.00	0	0	0	0	0	0
1428586994416909536	CPU_4	0	0	0	100.00	0	0	0	0	0	0
1428586995155106298	CPU_4	0	0	0	100.00	0	0	0	0	0	0
1428586995877927040	CPU_4	0	0	0	100.00	0	0	0	0	0	0
1428586996607396147	CPU_4	0	0	0	100.00	0	0	0	0	0	0
1428586997340130000	CPU_4	0	0	0	100.00	0	0	0	0	0	0
1428586998067916526	CPU_4	0	0	0	100.00	0	0	0	0	0	0
1428586998802325460	CPU_4	0	0	0	100.00	0	0	0	0	0	0
1428586999531299943	CPU_4	0	0	0	100.00	0	0	0	0	0	0
1428587000268373332	CPU_4	0	0	0	100.00	0	0	0	0	0	0
1428587000995583109	CPU_4	0	0	0	100.00	0	0	0	0	0	0
1428587001724573301	CPU_4	0	0	0	100.00	0	0	0	0	0	0
1428587002464892977	CPU_4	0	0	0	100.00	0	0	0	0	0	0
1428587003190862048	CPU_4	0	0	0	100.00	0	0	0	0	0	0
1428587003928366728	CPU_4	0	0	0	100.00	0	0	0	0	0	0
1428587004654367382	CPU_4	0	0	0	100.00	0	0	0	0	0	0
1428587005390106648	CPU_4	0	0	0	100.00	0	0	0	0	0	0
1428587006117857342	CPU_4	0	0	0	100.00	0	0	0	0	0	0
1428587006844817786	CPU_4	0	0	0	100.00	0	0	0	0	0	0
1428587007585360546	CPU_4	0	0	0	100.00	0	0	0	0	0	0
1428587008310972534	CPU_4	0	0	0	100.00	0	0	0	0	0	0
1428587009050588795	CPU_4	0	0	0	100.00	0	0	0	0	0	0
1428587009776073574	CPU_4	0	0	0	100.00	0	0	0	0	0	0
1428587010512576298	CPU_4	0	0	0	100.00	0	0	0	0	0	0
1428587011243376862	CPU_4	0	0	0	100.00	0	0	0	0	0	0
1428587011967160020	CPU_4	0	0	0	100.00	0	0	0	0	0	0
1428587012708856153	CPU_4	0	0	0	100.00	0	0	0	0	0	0
1428587013434847724	CPU_4	0	0	0	100.00	0	0	0	0	0	0
1428587014175857608	CPU_4	0	0	0	100.00	0	0	0	0	0	0
1428587014898003976	CPU_4	0	0	0	100.00	0	0	0	0	0	0
1428587015627365835	CPU_4	0	0	0	100.00	0	0	0	0	0	0
1428587016364047392	CPU_4	0	0	0	100.00	0	0	0	0	0	0
1428587017095130373	CPU_4	0	0	0	100.00	0	0	0	0	0	0
1428587017832494595	CPU_4	0	0	0	100.00	0	0	0	0	0	0
1428587018558012292	CPU_4	0	0	0	100.00	0	0	0	0	0	0
1428587019296150597	CPU_4	0	0	0	100.00	0	0	0	0	0	0
1428587020023483042	CPU_4	0	0	0	100.00	0	0	0	0	0	0
1428587020749997904	CPU_4	0	0	0	100.00	0	0	0	0	0	0
1428587021487692335	CPU_4	0	0	0	100.00	0	0	0	0	0	0
1428587022214902780	CPU_4	0	0	0	100.00	0	0	0	0	0	0
1428587022954952124	CPU_4	0	0	0	100.00	0	0	0	0	0	0
1428587023682164110	CPU_4	0	0	0	100.00	0	0	0	0	0	0
1428587024411057261	CPU_4	0	0	0	100.00	0	0	0	0	0	0
1428587025146292112	CPU_4	0	0	0	100.00	0	0	0	0	0	0
1428587025880008299	CPU_4	0	0	0	100.00	0	0	0	0	0	0
1428587026617765479	CPU_4	0	0	0	100.00	0	0	0	0	0	0
1428587027345135341	CPU_4	0	0	0	100.00	0	0	0	0	0	0
1428587028084549061	CPU_4	0	0	0	100.00	0	0	0	0	0	0
1428587028811737423	CPU_4	0	0	0	100.00	0	0	0	0	0	0
1428587029537697037	CPU_4	0	0	0	100.00	0	0	0	0	0	0
1428587030276254800	CPU_4	0	0	0	100.00	0	0	0	0	0	0
1428587030999142792	CPU_4	0	0	0	100.00	0	0	0	0	0	0
1428587031741309218	CPU_4	0	0	0	100.00	0	0	0	0	0	0
1428587032466278458	CPU_4	0	0	0	100.00	0	0	0	0	0	0
1428587033207288718	CPU_4	0	0	0	100.00	0	0	0	0	0	0
1428587033935312162	CPU_4	0	0	0	100.00	0	0	0	0	0	0
1428587034662319858	CPU_4	0	0	0	100.00	0	0	0	0	0	0
1428587035399244873	CPU_4	0	0	0	100.00	0	0	0	0	0	0
1428587036127261193	CPU_4	0	0	0	100.00	0	0	0	0	0	0
1428587036864288917	CPU_4	0	0	0	100.00	0	0	0	0	0	0
1428587037592516902	CPU_4	0	0	0	100.00	0	0	0	0	0	0
1428587038335029494	CPU_4	0	0	0	100.00	0	0	0	0	0	0
1428587039065260977	CPU_4	0	0	0	100.00	0	0	0	0	0	0
1428587039792754089	CPU_4	0	0	0	87.80	0	12.19	0	0	0	0
1428587040532786726	CPU_4	0	0	0	100.00	0	0	0	0	0	0
1428587041256924884	CPU_4	0	0	0	100.00	0	0	0	0	0	0
1428587041994861899	CPU_4	0	0	0	100.00	0	0	0	0	0	0
1428587042721228762	CPU_4	0	0	0	100.00	0	0	0	0	0	0
1428587043454078450	CPU_4	0	0	0	100.00	0	0	0	0	0	0
1428587044187979929	CPU_4	0	0	0	100.00	0	0	0	0	0	0
1428587044914560917	CPU_4	0	0	0	100.00	0	0	0	0	0	0
1428587045654792054	CPU_4	0	0	0	100.00	0	0	0	0	0	0
1428587046383234540	CPU_4	0	0	0	100.00	0	0	0	0	0	0
1428587047122955677	CPU_4	0	0	0	100.00	0	0	0	0	0	0
1428587047847086460	CPU_4	0	0	0	100.00	0	0	0	0	0	0
1428587048576093237	CPU_4	0	0	0	100.00	0	0	0	0	0	0
1428587049316445416	CPU_4	0	0	0	100.00	0	0	0	0	0	0
1428587050042293072	CPU_4	0	0	0	100.00	0	0	0	0	0	0
1428587050779957379	CPU_4	0	0	0	100.00	0	0	0	0	0	0
1428587051505379619	CPU_4	0	0	0	100.00	0	0	0	0	0	0
1428587052244841841	CPU_4	0	0	0	100.00	0	0	0	0	0	0
1428587052970522497	CPU_4	0	0	0	100.00	0	0	0	0	0	0
1428587053702529853	CPU_4	0	0	0	100.00	0	0	0	0	0	0
1428587054439019621	CPU_4	0	0	0	100.00	0	0	0	0	0	0
1428587055168215356	CPU_4	0	0	0	100.00	0	0	0	0	0	0
1428587055907245495	CPU_4	0	0	0	100.00	0	0	0	0	0	0
1428587056637583687	CPU_4	0	0	0	100.00	0	0	0	0	0	0
1428587057374030121	CPU_4	0	0	0	100.00	0	0	0	0	0	0
1428587058106744851	CPU_4	0	0	0	100.00	0	0	0	0	0	0
1428587058837746584	CPU_4	0	0	0	100.00	0	0	0	0	0	0
1428587059577637681	CPU_4	0	0	0	100.00	0	0	0	0	0	0
1428587060307023124	CPU_4	0	0	0	100.00	0	0	0	0	0	0
1428587061048449177	CPU_4	0	0	0	100.00	0	0	0	0	0	0
1428587061780877241	CPU_4	0	0	0	100.00	0	0	0	0	0	0
1428587062510786934	CPU_4	0	0	0	100.00	0	0	0	0	0	0
1428587063248994116	CPU_4	0	0	0	100.00	0	0	0	0	0	0
1428587063988713963	CPU_4	0	0	0	100.00	0	0	0	0	0	0
1428587064733156261	CPU_4	0	0	0	100.00	0	0	0	0	0	0
1428587065461924664	CPU_4	0	0	0	100.00	0	0	0	0	0	0
1428587066201544094	CPU_4	0	0	0	100.00	0	0	0	0	0	0
1428587066931337163	CPU_4	0	0	0	100.00	0	0	0	0	0	0
1428587067660704107	CPU_4	0	0	0	100.00	0	0	0	0	0	0
1428587068396977083	CPU_4	0	0	0	100.00	0	0	0	0	0	0
1428587069126824651	CPU_4	0	0	0	100.00	0	0	0	0	0	0
1428587069866803123	CPU_4	0	0	0	100.00	0	0	0	0	0	0
1428587070595979984	CPU_4	0	0	0	100.00	0	0	0	0	0	0
1428587071333946416	CPU_4	0	0	0	100.00	0	0	0	0	0	0
1428587072060605989	CPU_4	0	0	0	100.00	0	0	0	0	0	0
1428587072790291808	CPU_4	0	0	0	100.00	0	0	0	0	0	0
1428587073528977906	CPU_4	0	0	0	100.00	0	0	0	0	0	0
1428587074259330682	CPU_4	0	0	0	100.00	0	0	0	0	0	0
1428587074998343989	CPU_4	0	0	0	100.00	0	0	0	0	0	0
1428587075730150305	CPU_4	0	0	0	100.00	0	0	0	0	0	0
1428587076468198196	CPU_4	0	0	0	100.00	0	0	0	0	0	0
1428587077200133803	CPU_4	0	0	0	100.00	0	0	0	0	0	0
1428587077926106669	CPU_4	0	0	0	100.00	0	0	0	0	0	0
1428587078667353972	CPU_4	0	0	0	100.00	0	0	0	0	0	0
1428587079397087124	CPU_4	0	0	0	100.00	0	0	0	0	0	0
1428587080136034389	CPU_4	0	0	0	100.00	0	0	0	0	0	0
1428587080862661629	CPU_4	0	0	0	100.00	0	0	0	0	0	0
1428587081601472228	CPU_4	0	0	0	100.00	0	0	0	0	0	0
1428587082329874382	CPU_4	0	0	0	100.00	0	0	0	0	0	0
1428587083058837952	CPU_4	0	0	0	100.00	0	0	0	0	0	0
1428587083801213713	CPU_4	0	0	0	100.00	0	0	0	0	0	0
1428587084529588534	CPU_4	0	0	0	100.00	0	0	0	0	0	0
1428587085268227091	CPU_4	0	0	0	100.00	0	0	0	0	0	0
1428587086004124777	CPU_4	0	0	0	100.00	0	0	0	0	0	0
1428587086752552529	CPU_4	0	0	0	100.00	0	0	0	0	0	0
1428587087483437014	CPU_4	0	0	0	100.00	0	0	0	0	0	0
1428587088209713588	CPU_4	0	0	0	100.00	0	0	0	0	0	0
1428587088949046019	CPU_4	0	0	0	100.00	0	0	0	0	0	0
1428587089676822008	CPU_4	0	0	0	100.00	0	0	0	0	0	0
1428587090418937852	CPU_4	4.05	0	12.16	83.78	0	0	0	0	0	0
1428587091146134300	CPU_4	0	0	0	100.00	0	0	0	0	0	0
1428587091876352786	CPU_4	0	0	0	100.00	0	0	0	0	0	0
1428587092615740176	CPU_4	0	0	0	100.00	0	0	0	0	0	0
1428587093346370869	CPU_4	0	0	0	100.00	0	0	0	0	0	0
1428587094088578714	CPU_4	0	0	0	100.00	0	0	0	0	0	0
1428587094816822785	CPU_4	0	0	0	100.00	0	0	0	0	0	0
1428587095556598591	CPU_4	0	0	0	100.00	0	0	0	0	0	0
1428587096288053909	CPU_4	0	0	0	100.00	0	0	0	0	0	0
1428587097016892438	CPU_4	0	0	0	100.00	0	0	0	0	0	0
1428587097762910528	CPU_4	0	0	0	100.00	0	0	0	0	0	0
1428587098491358266	CPU_4	0	0	0	100.00	0	0	0	0	0	0
1428587099235348691	CPU_4	0	0	0	100.00	0	0	0	0	0	0
1428587099962998472	CPU_4	0	0	0	100.00	0	0	0	0	0	0
1428587100712187141	CPU_4	0	0	0	100.00	0	0	0	0	0	0
1428587101440068964	CPU_4	0	0	0	100.00	0	0	0	0	0	0
1428587102171134365	CPU_4	0	0	0	100.00	0	0	0	0	0	0
1428587102911780670	CPU_4	0	0	0	100.00	0	0	0	0	0	0
1428587103642544114	CPU_4	0	0	0	100.00	0	0	0	0	0	0
1428587104385024125	CPU_4	0	0	0	100.00	0	0	0	0	0	0
1428587105113902280	CPU_4	0	0	0	100.00	0	0	0	0	0	0
1428587105858331872	CPU_4	0	0	0	100.00	0	0	0	0	0	0
1428587106589238274	CPU_4	0	0	0	100.00	0	0	0	0	0	0
1428587107319575218	CPU_4	0	0	0	100.00	0	0	0	0	0	0
1428587108064648226	CPU_4	0	0	0	100.00	0	0	0	0	0	0
1428587108791945800	CPU_4	0	0	0	100.00	0	0	0	0	0	0
1428587109533256021	CPU_4	0	0	0	100.00	0	0	0	0	0	0
1428587110263775465	CPU_4	0	0	0	100.00	0	0	0	0	0	0
1428587111008047600	CPU_4	0	0	0	100.00	0	0	0	0	0	0
1428587111737195379	CPU_4	0	0	0	100.00	0	0	0	0	0	0
1428587112467415699	CPU_4	0	0	0	100.00	0	0	0	0	0	0
1428587113209293045	CPU_4	0	0	0	100.00	0	0	0	0	0	0
1428587113941796736	CPU_4	0	0	0	100.00	0	0	0	0	0	0
1428587114683248624	CPU_4	0	0	0	100.00	0	0	0	0	0	0
1428587115412809487	CPU_4	0	0	0	100.00	0	0	0	0	0	0
1428587116156225206	CPU_4	0	0	0	100.00	0	0	0	0	0	0
1428587116889896479	CPU_4	0	0	0	100.00	0	0	0	0	0	0
1428587117618931634	CPU_4	0	0	0	100.00	0	0	0	0	0	0
1428587118364412434	CPU_4	0	0	0	100.00	0	0	0	0	0	0
1428587119092360298	CPU_4	0	0	0	98.63	0	1.36	0	0	0	0
1428587119837475640	CPU_4	0	0	0	100.00	0	0	0	0	0	0
1428587120567106878	CPU_4	0	0	0	100.00	0	0	0	0	0	0
1428587121314036051	CPU_4	0	0	0	100.00	0	0	0	0	0	0
1428587122046208910	CPU_4	0	0	0	100.00	0	0	0	0	0	0
1428587122777230187	CPU_4	0	0	0	100.00	0	0	0	0	0	0
1428587123517716994	CPU_4	0	0	0	100.00	0	0	0	0	0	0
1428587124249208062	CPU_4	0	0	0	100.00	0	0	0	0	0	0
1428587124990626784	CPU_4	0	0	0	100.00	0	0	0	0	0	0
1428587125719631314	CPU_4	0	0	0	100.00	0	0	0	0	0	0
1428587126463436700	CPU_4	0	0	0	98.66	0	1.33	0	0	0	0
1428587127195184185	CPU_4	0	0	0	100.00	0	0	0	0	0	0
1428587127927010920	CPU_4	0	0	0	100.00	0	0	0	0	0	0
1428587128670699806	CPU_4	0	0	0	100.00	0	0	0	0	0	0
1428587129399408795	CPU_4	0	0	0	100.00	0	0	0	0	0	0
1428587130142791931	CPU_4	0	0	0	100.00	0	0	0	0	0	0
1428587130874072750	CPU_4	0	0	0	100.00	0	0	0	0	0	0
1428587131620602716	CPU_4	0	0	0	100.00	0	0	0	0	0	0
1428587132353341949	CPU_4	0	0	0	100.00	0	0	0	0	0	0
1428587133086250808	CPU_4	0	0	0	100.00	0	0	0	0	0	0
1428587133830609651	CPU_4	0	0	0	100.00	0	0	0	0	0	0
1428587134563777343	CPU_4	0	0	0	48.99	0	51.00	0	0	0	0
1428587135306829522	CPU_4	0	0	0	100.00	0	0	0	0	0	0
1428587136040513296	CPU_4	0	0	0	100.00	0	0	0	0	0	0
1428587136783526433	CPU_4	0	0	0	100.00	0	0	0	0	0	0
1428587137517386624	CPU_4	0	0	0	100.00	0	0	0	0	0	0
1428587138247497903	CPU_4	0	0	0	100.00	0	0	0	0	0	0
1428587138991958664	CPU_4	0	0	0	100.00	0	0	0	0	0	0
1428587139728338601	CPU_4	0	0	0	100.00	0	0	0	0	0	0
1428587140471172197	CPU_4	0	0	0	100.00	0	0	0	0	0	0
1428587141201073018	CPU_4	0	0	0	100.00	0	0	0	0	0	0
1428587141949166566	CPU_4	0	0	0	100.00	0	0	0	0	0	0
1428587142680169136	CPU_4	0	0	0	100.00	0	0	0	0	0	0
1428587143417197448	CPU_4	0	0	0	100.00	0	0	0	0	0	0
1428587144155640549	CPU_4	0	0	0	100.00	0	0	0	0	0	0
1428587144888962408	CPU_4	0	0	0	100.00	0	0	0	0	0	0
1428587145634250417	CPU_4	0	0	0	100.00	0	0	0	0	0	0
1428587146368033192	CPU_4	0	0	0	100.00	0	0	0	0	0	0
1428587147114713450	CPU_4	0	0	0	100.00	0	0	0	0	0	0
1428587147846291352	CPU_4	0	0	0	100.00	0	0	0	0	0	0
1428587148597718062	CPU_4	0	0	0	100.00	0	0	0	0	0	0
1428587149331663712	CPU_4	0	0	0	100.00	0	0	0	0	0	0
1428587150063821947	CPU_4	0	0	0	100.00	0	0	0	0	0	0
1428587150809938872	CPU_4	0	0	0	100.00	0	0	0	0	0	0
1428587151541712067	CPU_4	0	0	0	100.00	0	0	0	0	0	0
1428587152287929742	CPU_4	0	0	0	100.00	0	0	0	0	0	0
1428587153021883433	CPU_4	0	0	0	100.00	0	0	0	0	0	0
1428587153765967695	CPU_4	0	0	0	100.00	0	0	0	0	0	0
1428587154502155925	CPU_4	0	0	0	100.00	0	0	0	0	0	0
1428587155233031954	CPU_4	0	0	0	100.00	0	0	0	0	0	0
1428587155980313294	CPU_4	0	0	0	100.00	0	0	0	0	0	0
1428587156712253155	CPU_4	0	0	0	100.00	0	0	0	0	0	0
1428587157459562288	CPU_4	0	0	0	100.00	0	0	0	0	0	0
1428587158194266687	CPU_4	0	0	0	100.00	0	0	0	0	0	0
1428587158935477577	CPU_4	0	0	0	100.00	0	0	0	0	0	0
1428587159667109063	CPU_4	0	0	0	100.00	0	0	0	0	0	0
1428587160400029215	CPU_4	0	0	0	100.00	0	0	0	0	0	0
1428587161145157309	CPU_4	0	0	0	100.00	0	0	0	0	0	0
1428587161879485625	CPU_4	0	0	0	100.00	0	0	0	0	0	0
1428587162626589883	CPU_4	0	0	0	100.00	0	0	0	0	0	0
1428587163359897950	CPU_4	0	0	0	100.00	0	0	0	0	0	0
1428587164104826961	CPU_4	0	0	0	100.00	0	0	0	0	0	0
1428587164836099657	CPU_4	0	0	0	100.00	0	0	0	0	0	0
1428587165569199225	CPU_4	0	0	0	100.00	0	0	0	0	0	0
1428587166310968531	CPU_4	0	0	0	100.00	0	0	0	0	0	0
1428587167046037514	CPU_4	0	0	0	100.00	0	0	0	0	0	0
1428587167791657440	CPU_4	0	0	0	100.00	0	0	0	0	0	0
1428587168524932092	CPU_4	0	0	0	100.00	0	0	0	0	0	0
1428587169267931022	CPU_4	0	0	0	100.00	0	0	0	0	0	0
1428587170004299461	CPU_4	0	0	0	100.00	0	0	0	0	0	0
1428587170743442979	CPU_4	0	0	0	100.00	0	0	0	0	0	0
1428587171482205582	CPU_4	0	0	0	100.00	0	0	0	0	0	0
1428587172214252360	CPU_4	0	0	0	100.00	0	0	0	0	0	0
1428587172961924118	CPU_4	0	0	0	100.00	0	0	0	0	0	0
1428587173693303730	CPU_4	0	0	0	100.00	0	0	0	0	0	0
1428587174438351866	CPU_4	0	0	0	100.00	0	0	0	0	0	0
1428587175171746017	CPU_4	0	0	0	100.00	0	0	0	0	0	0
1428587175918916526	CPU_4	0	0	0	100.00	0	0	0	0	0	0
1428587176648298224	CPU_4	0	0	0	100.00	0	0	0	0	0	0
1428587177384982121	CPU_4	0	0	0	100.00	0	0	0	0	0	0
1428587178128305760	CPU_4	0	0	0	100.00	0	0	0	0	0	0
1428587178861807828	CPU_4	0	0	0	100.00	0	0	0	0	0	0
1428587179605404341	CPU_4	0	0	0	100.00	0	0	0	0	0	0
1428587180336244204	CPU_4	0	0	0	100.00	0	0	0	0	0	0
1428587181084206962	CPU_4	0	0	0	100.00	0	0	0	0	0	0
1428587181817901030	CPU_4	0	0	0	100.00	0	0	0	0	0	0
1428587182550715266	CPU_4	0	0	0	100.00	0	0	0	0	0	0
1428587183297609775	CPU_4	0	0	0	100.00	0	0	0	0	0	0
1428587184043290077	CPU_4	0	0	0	100.00	0	0	0	0	0	0
1428587184796505786	CPU_4	2.66	0	1.33	96.00	0	0	0	0	0	0
1428587185530808103	CPU_4	0	0	0	100.00	0	0	0	0	0	0
1428587186276149323	CPU_4	0	0	0	100.00	0	0	0	0	0	0
1428587187010563265	CPU_4	0	0	0	100.00	0	0	0	0	0	0
1428587187763850974	CPU_4	0	0	0	100.00	0	0	0	0	0	0
1428587188497798875	CPU_4	0	0	0	100.00	0	0	0	0	0	0
1428587189231058402	CPU_4	0	0	0	100.00	0	0	0	0	0	0
1428587189976672372	CPU_4	0	0	0	100.00	0	0	0	0	0	0
1428587190711109814	CPU_4	0	0	0	100.00	0	0	0	0	0	0
1428587191455943743	CPU_4	0	0	0	100.00	0	0	0	0	0	0
1428587192187430064	CPU_4	0	0	0	100.00	0	0	0	0	0	0
1428587192932045701	CPU_4	0	0	0	100.00	0	0	0	0	0	0
1428587193672658594	CPU_4	0	0	0	100.00	0	0	0	0	0	0
1428587194406412204	CPU_4	0	0	0	100.00	0	0	0	0	0	0
1428587195151795174	CPU_4	0	0	0	100.00	0	0	0	0	0	0
1428587195882555038	CPU_4	0	0	0	100.00	0	0	0	0	0	0
1428587196629418298	CPU_4	0	0	0	100.00	0	0	0	0	0	0
1428587197361949785	CPU_4	0	0	0	100.00	0	0	0	0	0	0
1428587198110131334	CPU_4	0	0	0	100.00	0	0	0	0	0	0
1428587198845701234	CPU_4	0	0	0	100.00	0	0	0	0	0	0
1428587199582009966	CPU_4	0	0	0	100.00	0	0	0	0	0	0
1428587200324060941	CPU_4	0	0	0	100.00	0	0	0	0	0	0
1428587201059979631	CPU_4	0	0	0	100.00	0	0	0	0	0	0
1428587201804994018	CPU_4	0	0	0	100.00	0	0	0	0	0	0
1428587202542029874	CPU_4	0	0	0	100.00	0	0	0	0	0	0
1428587203284832015	CPU_4	0	0	0	100.00	0	0	0	0	0	0
1428587204025166783	CPU_4	0	0	0	100.00	0	0	0	0	0	0
1428587204769864963	CPU_4	0	0	0	100.00	0	0	0	0	0	0
1428587205506686902	CPU_4	0	0	0	100.00	0	0	0	0	0	0
1428587206240157305	CPU_4	0	0	0	100.00	0	0	0	0	0	0
1428587206985901983	CPU_4	0	0	0	100.00	0	0	0	0	0	0
1428587207720994176	CPU_4	0	0	0	100.00	0	0	0	0	0	0
1428587208469000767	CPU_4	0	0	0	100.00	0	0	0	0	0	0
1428587209204676251	CPU_4	0	0	0	100.00	0	0	0	0	0	0
1428587209951873177	CPU_4	0	0	0	100.00	0	0	0	0	0	0
1428587210685252913	CPU_4	0	0	0	100.00	0	0	0	0	0	0
1428587211421258896	CPU_4	0	0	0	100.00	0	0	0	0	0	0
1428587212166963200	CPU_4	0	0	0	100.00	0	0	0	0	0	0
1428587212901734892	CPU_4	0	0	0	100.00	0	0	0	0	0	0
1428587213647214696	CPU_4	0	0	0	100.00	0	0	0	0	0	0
1428587214380938349	CPU_4	0	0	0	100.00	0	0	0	0	0	0
1428587215126640194	CPU_4	0	0	0	100.00	0	0	0	0	0	0
1428587215861636095	CPU_4	0	0	0	100.00	0	0	0	0	0	0
1428587216608452731	CPU_4	0	0	0	100.00	0	0	0	0	0	0
1428587217347814126	CPU_4	0	0	0	100.00	0	0	0	0	0	0
1428587218085273607	CPU_4	0	0	0	100.00	0	0	0	0	0	0
1428587218829691746	CPU_4	0	0	0	100.00	0	0	0	0	0	0
1428587219564288148	CPU_4	0	0	0	100.00	0	0	0	0	0	0
1428587220310635284	CPU_4	0	0	0	100.00	0	0	0	0	0	0
1428587221045673060	CPU_4	0	0	0	100.00	0	0	0	0	0	0
1428587221797624231	CPU_4	4.05	0	16.21	79.72	0	0	0	0	0	0
1428587222530236844	CPU_4	0	0	0	100.00	0	0	0	0	0	0
1428587223265485036	CPU_4	0	0	0	100.00	0	0	0	0	0	0
1428587224012469922	CPU_4	0	0	0	100.00	0	0	0	0	0	0
1428587224750347153	CPU_4	0	0	0	100.00	0	0	0	0	0	0
1428587225495528582	CPU_4	0	0	0	100.00	0	0	0	0	0	0
1428587226236061435	CPU_4	0	0	0	100.00	0	0	0	0	0	0
1428587226981027448	CPU_4	0	0	0	100.00	0	0	0	0	0	0
1428587227717708514	CPU_4	0	0	0	100.00	0	0	0	0	0	0
1428587228457845951	CPU_4	0	0	0	100.00	0	0	0	0	0	0
1428587229200990050	CPU_4	0	0	0	100.00	0	0	0	0	0	0
1428587229935193036	CPU_4	0	0	0	100.00	0	0	0	0	0	0
1428587230682821838	CPU_4	0	0	0	100.00	0	0	0	0	0	0
1428587231417330907	CPU_4	0	0	0	100.00	0	0	0	0	0	0
1428587232166677373	CPU_4	0	0	0	100.00	0	0	0	0	0	0
1428587232901775899	CPU_4	0	0	0	100.00	0	0	0	0	0	0
1428587233650671450	CPU_4	0	0	0	100.00	0	0	0	0	0	0
1428587234384595978	CPU_4	0	0	0	100.00	0	0	0	0	0	0
1428587235127374828	CPU_4	0	0	0	100.00	0	0	0	0	0	0
1428587235873182632	CPU_4	0	0	0	100.00	0	0	0	0	0	0
1428587236611208280	CPU_4	0	0	0	100.00	0	0	0	0	0	0
1428587237359424539	CPU_4	0	0	0	100.00	0	0	0	0	0	0
1428587238096994813	CPU_4	0	0	0	100.00	0	0	0	0	0	0
1428587238843244825	CPU_4	0	0	0	100.00	0	0	0	0	0	0
1428587239581731723	CPU_4	0	0	0	100.00	0	0	0	0	0	0
1428587240334361643	CPU_4	0	0	0	100.00	0	0	0	0	0	0
1428587241075839828	CPU_4	0	0	0	100.00	0	0	0	0	0	0
1428587241812502812	CPU_4	0	0	0	100.00	0	0	0	0	0	0
1428587242561843986	CPU_4	0	0	0	100.00	0	0	0	0	0	0
1428587243297346971	CPU_4	0	0	0	100.00	0	0	0	0	0	0
1428587244048572519	CPU_4	0	0	0	100.00	0	0	0	0	0	0
1428587244785085586	CPU_4	0	0	0	100.00	0	0	0	0	0	0
1428587245539874962	CPU_4	0	0	0	100.00	0	0	0	0	0	0
1428587246281901188	CPU_4	0	0	0	100.00	0	0	0	0	0	0
1428587247027398202	CPU_4	0	0	0	100.00	0	0	0	0	0	0
1428587247771548717	CPU_4	0	0	0	100.00	0	0	0	0	0	0
1428587248508507325	CPU_4	0	0	0	100.00	0	0	0	0	0	0
1428587249257398459	CPU_4	0	0	0	100.00	0	0	0	0	0	0
1428587249992476154	CPU_4	0	0	0	100.00	0	0	0	0	0	0
1428587250743131160	CPU_4	0	0	0	100.00	0	0	0	0	0	0
1428587251479049437	CPU_4	0	0	0	100.00	0	0	0	0	0	0
1428587252229185361	CPU_4	0	0	0	100.00	0	0	0	0	0	0
1428587252965933178	CPU_4	0	0	0	100.00	0	0	0	0	0	0
1428587253708467862	CPU_4	0	0	0	100.00	0	0	0	0	0	0
1428587254450406672	CPU_4	0	0	0	100.00	0	0	0	0	0	0
1428587255187202614	CPU_4	0	0	0	100.00	0	0	0	0	0	0
1428587255937701247	CPU_4	0	0	0	100.00	0	0	0	0	0	0
1428587256675067021	CPU_4	0	0	0	100.00	0	0	0	0	0	0
1428587257423431365	CPU_4	0	0	0	100.00	0	0	0	0	0	0
1428587258159086642	CPU_4	0	0	0	100.00	0	0	0	0	0	0
1428587258908027484	CPU_4	0	0	0	100.00	0	0	0	0	0	0
1428587259647687173	CPU_4	0	0	0	100.00	0	0	0	0	0	0
1428587260385434780	CPU_4	0	0	0	100.00	0	0	0	0	0	0
1428587261136316746	CPU_4	0	0	0	100.00	0	0	0	0	0	0
1428587261873451563	CPU_4	0	0	0	100.00	0	0	0	0	0	0
1428587262621358574	CPU_4	0	0	0	100.00	0	0	0	0	0	0
1428587263358846640	CPU_4	0	0	0	100.00	0	0	0	0	0	0
1428587264108085358	CPU_4	0	0	0	100.00	0	0	0	0	0	0
1428587264846584089	CPU_4	0	0	0	100.00	0	0	0	0	0	0
1428587265605631544	CPU_4	0	0	0	100.00	0	0	0	0	0	0
1428587266341890987	CPU_4	0	0	0	100.00	0	0	0	0	0	0
1428587267078398930	CPU_4	0	0	0	100.00	0	0	0	0	0	0
1428587267828196897	CPU_4	0	0	0	100.00	0	0	0	0	0	0
1428587268562171135	CPU_4	0	0	0	100.00	0	0	0	0	0	0
1428587269311663728	CPU_4	0	0	0	100.00	0	0	0	0	0	0
1428587270045632257	CPU_4	0	0	0	100.00	0	0	0	0	0	0
1428587270796430973	CPU_4	0	0	0	100.00	0	0	0	0	0	0
1428587271532114209	CPU_4	0	0	0	100.00	0	0	0	0	0	0
1428587272274277603	CPU_4	0	0	0	100.00	0	0	0	0	0	0
1428587273021366032	CPU_4	0	0	0	100.00	0	0	0	0	0	0
1428587273763447676	CPU_4	0	0	0	100.00	0	0	0	0	0	0
1428587274508544400	CPU_4	0	0	0	100.00	0	0	0	0	0	0
1428587275247144757	CPU_4	0	0	0	100.00	0	0	0	0	0	0
1428587275994868435	CPU_4	0	0	0	100.00	0	0	0	0	0	0
1428587276738922077	CPU_4	0	0	0	100.00	0	0	0	0	0	0
1428587277485364591	CPU_4	0	0	0	100.00	0	0	0	0	0	0
1428587278222568741	CPU_4	0	0	0	100.00	0	0	0	0	0	0
1428587278959438143	CPU_4	0	0	0	100.00	0	0	0	0	0	0
1428587279709682318	CPU_4	0	0	0	100.00	0	0	0	0	0	0
1428587280447019885	CPU_4	0	0	0	100.00	0	0	0	0	0	0
1428587281197135727	CPU_4	0	0	0	100.00	0	0	0	0	0	0
1428587281936389417	CPU_4	0	0	0	100.00	0	0	0	0	0	0
1428587282687013009	CPU_4	0	0	0	100.00	0	0	0	0	0	0
1428587283425132825	CPU_4	0	0	0	100.00	0	0	0	0	0	0
1428587284177498790	CPU_4	0	0	0	100.00	0	0	0	0	0	0
1428587284914155650	CPU_4	0	0	0	100.00	0	0	0	0	0	0
1428587285654358088	CPU_4	0	0	0	100.00	0	0	0	0	0	0
1428587286400801394	CPU_4	0	0	0	100.00	0	0	0	0	0	0
1428587287142316623	CPU_4	0	0	0	100.00	0	0	0	0	0	0
1428587287891101967	CPU_4	0	0	0	100.00	0	0	0	0	0	0
1428587288631945655	CPU_4	0	0	0	100.00	0	0	0	0	0	0
1428587289380449041	CPU_4	0	0	0	100.00	0	0	0	0	0	0
1428587290121751229	CPU_4	0	0	0	100.00	0	0	0	0	0	0
1428587290875337859	CPU_4	0	0	0	100.00	0	0	0	0	0	0
1428587291614377382	CPU_4	0	0	0	100.00	0	0	0	0	0	0
1428587292355800195	CPU_4	0	0	0	100.00	0	0	0	0	0	0
1428587293105016747	CPU_4	0	0	0	100.00	0	0	0	0	0	0
1428587293843008397	CPU_4	0	0	0	100.00	0	0	0	0	0	0
1428587294592520158	CPU_4	0	0	0	100.00	0	0	0	0	0	0
1428587295330807766	CPU_4	0	0	0	100.00	0	0	0	0	0	0
1428587296080727276	CPU_4	0	0	0	100.00	0	0	0	0	0	0
1428587296818816176	CPU_4	0	0	0	100.00	0	0	0	0	0	0
1428587297580149379	CPU_4	0	0	0	100.00	0	0	0	0	0	0
1428587298319698278	CPU_4	0	0	0	100.00	0	0	0	0	0	0
1428587299055777848	CPU_4	0	0	0	100.00	0	0	0	0	0	0
1428587299805803190	CPU_4	0	0	0	100.00	0	0	0	0	0	0
1428587300543406508	CPU_4	0	0	0	100.00	0	0	0	0	0	0
1428587301292938310	CPU_4	0	0	0	100.00	0	0	0	0	0	0
1428587302030661961	CPU_4	0	0	0	100.00	0	0	0	0	0	0
1428587302789166710	CPU_4	0	0	0	100.00	0	0	0	0	0	0
1428587303525707238	CPU_4	0	0	0	100.00	0	0	0	0	0	0
1428587304294912847	CPU_4	0	0	0	100.00	0	0	0	0	0	0
1428587305104132821	CPU_4	0	0	0	100.00	0	0	0	0	0	0
1428587305853543207	CPU_4	0	0	0	100.00	0	0	0	0	0	0
1428587306593295939	CPU_4	0	0	0	100.00	0	0	0	0	0	0
1428587307332119672	CPU_4	0	0	0	100.00	0	0	0	0	0	0
1428587308081521266	CPU_4	0	0	0	100.00	0	0	0	0	0	0
1428587308817039670	CPU_4	0	0	0	100.00	0	0	0	0	0	0
1428587309566430890	CPU_4	0	0	0	100.00	0	0	0	0	0	0
1428587310306028414	CPU_4	0	0	0	100.00	0	0	0	0	0	0
1428587311057088922	CPU_4	0	0	0	100.00	0	0	0	0	0	0
1428587311795939572	CPU_4	0	0	0	100.00	0	0	0	0	0	0
1428587312550064994	CPU_4	0	0	0	100.00	0	0	0	0	0	0
1428587313285563565	CPU_4	0	0	0	100.00	0	0	0	0	0	0
1428587314024641007	CPU_4	0	0	0	100.00	0	0	0	0	0	0
1428587314774765767	CPU_4	0	0	0	100.00	0	0	0	0	0	0
1428587315514458374	CPU_4	0	0	0	100.00	0	0	0	0	0	0
1428587316265113925	CPU_4	0	0	0	100.00	0	0	0	0	0	0
1428587317002201703	CPU_4	0	0	0	100.00	0	0	0	0	0	0
1428587317751562339	CPU_4	0	0	0	100.00	0	0	0	0	0	0
1428587318491130364	CPU_4	0	0	0	100.00	0	0	0	0	0	0
1428587319244063579	CPU_4	0	0	0	100.00	0	0	0	0	0	0
1428587319984891476	CPU_4	0	0	0	100.00	0	0	0	0	0	0
1428587320726239748	CPU_4	0	0	0	100.00	0	0	0	0	0	0
1428587321475377344	CPU_4	0	0	0	100.00	0	0	0	0	0	0
1428587322213954953	CPU_4	0	0	0	100.00	0	0	0	0	0	0
1428587322966002961	CPU_4	0	0	0	100.00	0	0	0	0	0	0
1428587323705629235	CPU_4	0	0	0	100.00	0	0	0	0	0	0
1428587324457384744	CPU_4	0	0	0	100.00	0	0	0	0	0	0
1428587325192704816	CPU_4	0	0	0	100.00	0	0	0	0	0	0
1428587325948119694	CPU_4	0	0	0	100.00	0	0	0	0	0	0
1428587326687681927	CPU_4	0	0	0	100.00	0	0	0	0	0	0
1428587327428222909	CPU_4	0	0	0	100.00	0	0	0	0	0	0
1428587328176850172	CPU_4	0	0	0	100.00	0	0	0	0	0	0
1428587328918231736	CPU_4	0	0	0	100.00	0	0	0	0	0	0
1428587329665664292	CPU_4	0	0	0	100.00	0	0	0	0	0	0
1428587330407362314	CPU_4	0	0	0	100.00	0	0	0	0	0	0
1428587331155816535	CPU_4	0	0	0	100.00	0	0	0	0	0	0
1428587331895994726	CPU_4	0	0	0	100.00	0	0	0	0	0	0
1428587332648424526	CPU_4	0	0	0	100.00	0	0	0	0	0	0
1428587333392792919	CPU_4	0	0	0	100.00	0	0	0	0	0	0
1428587334127167284	CPU_4	0	0	0	100.00	0	0	0	0	0	0
1428587334878887502	CPU_4	0	0	0	100.00	0	0	0	0	0	0
1428587335615630864	CPU_4	0	0	0	100.00	0	0	0	0	0	0
1428587336370191244	CPU_4	0	0	0	100.00	0	0	0	0	0	0
1428587337107933313	CPU_4	0	0	0	100.00	0	0	0	0	0	0
1428587337858135574	CPU_4	0	0	0	100.00	0	0	0	0	0	0
1428587338596114060	CPU_4	0	0	0	100.00	0	0	0	0	0	0
1428587339355406267	CPU_4	0	0	0	100.00	0	0	0	0	0	0
1428587340095363042	CPU_4	0	0	0	100.00	0	0	0	0	0	0
1428587340836424982	CPU_4	0	0	0	100.00	0	0	0	0	0	0
1428587341596236022	CPU_4	0	0	0	100.00	0	0	0	0	0	0
1428587342339679376	CPU_4	0	0	0	100.00	0	0	0	0	0	0
1428587343092244092	CPU_4	0	0	0	100.00	0	0	0	0	0	0
1428587343832764533	CPU_4	0	0	0	100.00	0	0	0	0	0	0
1428587344585488541	CPU_4	0	0	0	100.00	0	0	0	0	0	0
1428587345327295814	CPU_4	0	0	0	100.00	0	0	0	0	0	0
1428587346081032529	CPU_4	0	0	0	100.00	0	0	0	0	0	0
1428587346818400557	CPU_4	0	0	0	100.00	0	0	0	0	0	0
1428587347556607126	CPU_4	0	0	0	100.00	0	0	0	0	0	0
1428587348310527091	CPU_4	0	0	0	100.00	0	0	0	0	0	0
1428587349049698242	CPU_4	0	0	0	100.00	0	0	0	0	0	0
1428587349805638538	CPU_4	0	0	0	100.00	0	0	0	0	0	0
1428587350546406520	CPU_4	0	0	0	100.00	0	0	0	0	0	0
1428587351296378157	CPU_4	0	0	0	100.00	0	0	0	0	0	0
1428587352033891311	CPU_4	0	0	0	100.00	0	0	0	0	0	0
1428587352785840195	CPU_4	0	0	0	100.00	0	0	0	0	0	0
1428587353524285097	CPU_4	0	0	0	100.00	0	0	0	0	0	0
1428587354268343659	CPU_4	0	0	0	100.00	0	0	0	0	0	0
1428587355018155838	CPU_4	0	0	0	100.00	0	0	0	0	0	0
1428587355760678652	CPU_4	0	0	0	100.00	0	0	0	0	0	0
1428587356512456286	CPU_4	0	0	0	100.00	0	0	0	0	0	0
1428587357252236187	CPU_4	0	0	0	100.00	0	0	0	0	0	0
1428587358003417823	CPU_4	0	0	0	100.00	0	0	0	0	0	0
1428587358743542848	CPU_4	0	0	0	100.00	0	0	0	0	0	0
1428587359497562272	CPU_4	0	0	0	100.00	0	0	0	0	0	0
1428587360239942794	CPU_4	0	0	0	100.00	0	0	0	0	0	0
1428587360978837946	CPU_4	0	0	0	100.00	0	0	0	0	0	0
1428587361733886410	CPU_4	0	0	0	100.00	0	0	0	0	0	0
1428587362474793601	CPU_4	0	0	0	100.00	0	0	0	0	0	0
1428587363226789944	CPU_4	0	0	0	100.00	0	0	0	0	0	0
1428587363964822472	CPU_4	0	0	0	100.00	0	0	0	0	0	0
1428587364716778190	CPU_4	0	0	0	100.00	0	0	0	0	0	0
1428587365459929629	CPU_4	0	0	0	100.00	0	0	0	0	0	0
1428587366224332664	CPU_4	0	0	0	100.00	0	0	0	0	0	0
1428587366965001897	CPU_4	0	0	0	100.00	0	0	0	0	0	0
1428587367707344128	CPU_4	0	0	0	100.00	0	0	0	0	0	0
1428587368457973848	CPU_4	0	0	0	100.00	0	0	0	0	0	0
1428587369200004996	CPU_4	0	0	0	100.00	0	0	0	0	0	0
1428587369953044672	CPU_4	0	0	0	100.00	0	0	0	0	0	0
1428587370695067737	CPU_4	0	0	0	100.00	0	0	0	0	0	0
1428587371448297704	CPU_4	0	0	0	100.00	0	0	0	0	0	0
1428587372190045644	CPU_4	0	0	0	100.00	0	0	0	0	0	0
1428587372939455741	CPU_4	0	0	0	100.00	0	0	0	0	0	0
1428587373682622596	CPU_4	0	0	0	100.00	0	0	0	0	0	0
1428587374436021438	CPU_4	0	0	0	100.00	0	0	0	0	0	0
1428587375181767081	CPU_4	0	0	0	100.00	0	0	0	0	0	0
1428587375926254185	CPU_4	0	0	0	100.00	0	0	0	0	0	0
1428587376680297567	CPU_4	0	0	0	100.00	0	0	0	0	0	0
1428587377419902094	CPU_4	0	0	0	100.00	0	0	0	0	0	0
1428587378171158564	CPU_4	0	0	0	100.00	0	0	0	0	0	0
1428587378912917421	CPU_4	0	0	0	100.00	0	0	0	0	0	0
1428587379664848098	CPU_4	0	0	0	100.00	0	0	0	0	0	0
1428587380407496496	CPU_4	0	0	0	100.00	0	0	0	0	0	0
1428587381163057835	CPU_4	0	0	0	100.00	0	0	0	0	0	0
1428587381903291111	CPU_4	0	0	0	100.00	0	0	0	0	0	0
1428587382651123336	CPU_4	0	0	0	100.00	0	0	0	0	0	0
1428587383456072360	CPU_4	4.93	0	2.46	92.59	0	0	0	0	0	0
1428587384197190093	CPU_4	0	0	0	100.00	0	0	0	0	0	0
1428587384950522936	CPU_4	0	0	0	100.00	0	0	0	0	0	0
1428587385693316083	CPU_4	0	0	0	100.00	0	0	0	0	0	0
1428587386453929958	CPU_4	0	0	0	100.00	0	0	0	0	0	0
1428587387190588197	CPU_4	0	0	0	100.00	0	0	0	0	0	0
1428587387941608459	CPU_4	0	0	0	100.00	0	0	0	0	0	0
1428587388680376946	CPU_4	0	0	0	100.00	0	0	0	0	0	0
1428587389432814789	CPU_4	0	0	0	100.00	0	0	0	0	0	0
1428587390171907526	CPU_4	0	0	0	100.00	0	0	0	0	0	0
1428587390921670040	CPU_4	0	0	0	100.00	0	0	0	0	0	0
1428587391666309560	CPU_4	0	0	0	100.00	0	0	0	0	0	0
1428587392413296119	CPU_4	0	0	0	100.00	0	0	0	0	0	0
1428587393163317925	CPU_4	0	0	0	100.00	0	0	0	0	0	0
1428587393905205574	CPU_4	0	0	0	100.00	0	0	0	0	0	0
1428587394656367545	CPU_4	0	0	0	100.00	0	0	0	0	0	0
1428587395398118778	CPU_4	0	0	0	100.00	0	0	0	0	0	0
1428587396147511417	CPU_4	0	0	0	100.00	0	0	0	0	0	0
1428587396888096235	CPU_4	0	0	0	100.00	0	0	0	0	0	0
1428587397650687274	CPU_4	0	0	0	100.00	0	0	0	0	0	0
1428587398390894259	CPU_4	0	0	0	100.00	0	0	0	0	0	0
1428587399131315536	CPU_4	0	0	0	100.00	0	0	0	0	0	0
1428587399885860835	CPU_4	0	0	0	100.00	0	0	0	0	0	0
1428587400625059655	CPU_4	0	0	0	100.00	0	0	0	0	0	0
1428587401376856792	CPU_4	0	0	0	100.00	0	0	0	0	0	0
1428587402117496776	CPU_4	0	0	0	100.00	0	0	0	0	0	0
1428587402868303998	CPU_4	0	0	0	100.00	0	0	0	0	0	0
1428587403609962356	CPU_4	0	0	0	100.00	0	0	0	0	0	0
1428587404372221937	CPU_4	0	0	0	100.00	0	0	0	0	0	0
1428587405111111341	CPU_4	0	0	0	100.00	0	0	0	0	0	0
1428587405851205993	CPU_4	0	0	0	100.00	0	0	0	0	0	0
1428587406605590127	CPU_4	0	0	0	100.00	0	0	0	0	0	0
1428587407344423114	CPU_4	0	0	0	100.00	0	0	0	0	0	0
1428587408096400417	CPU_4	0	0	0	100.00	0	0	0	0	0	0
1428587408832691200	CPU_4	0	0	0	100.00	0	0	0	0	0	0
1428587409584063087	CPU_4	0	0	0	100.00	0	0	0	0	0	0
1428587410322959533	CPU_4	0	0	0	100.00	0	0	0	0	0	0
1428587411082441785	CPU_4	0	0	0	100.00	0	0	0	0	0	0
1428587411822674604	CPU_4	0	0	0	100.00	0	0	0	0	0	0
1428587412563521130	CPU_4	0	0	0	100.00	0	0	0	0	0	0
1428587413311996230	CPU_4	0	0	0	100.00	0	0	0	0	0	0
1428587414053373256	CPU_4	0	0	0	100.00	0	0	0	0	0	0
1428587414804288394	CPU_4	0	0	0	100.00	0	0	0	0	0	0
1428587415545679087	CPU_4	0	0	0	100.00	0	0	0	0	0	0
1428587416296736100	CPU_4	0	0	0	100.00	0	0	0	0	0	0
1428587417040743456	CPU_4	0	0	0	100.00	0	0	0	0	0	0
1428587417794040049	CPU_4	0	0	0	100.00	0	0	0	0	0	0
1428587418535886575	CPU_4	0	0	0	100.00	0	0	0	0	0	0
1428587419294726828	CPU_4	1.31	0	0	98.68	0	0	0	0	0	0
