#Timestamp	CPU_ID	user%	nice%	sys%	idle%	iowait%	irq%	softiq%	steal%	guest%	guest_nice%
1428574170434511107	CPU_4	18.03	0	8.19	73.77	0	0	0	0	0	0
1428574171130873452	CPU_4	0	0	0	100.00	0	0	0	0	0	0
1428574171846857519	CPU_4	0	0	0	100.00	0	0	0	0	0	0
1428574172543094240	CPU_4	0	0	0	100.00	0	0	0	0	0	0
1428574173243949912	CPU_4	0	0	0	100.00	0	0	0	0	0	0
1428574173956794233	CPU_4	0	0	0	100.00	0	0	0	0	0	0
1428574174655831950	CPU_4	0	0	0	100.00	0	0	0	0	0	0
1428574175355758123	CPU_4	0	0	0	100.00	0	0	0	0	0	0
1428574176071641607	CPU_4	0	0	0	100.00	0	0	0	0	0	0
1428574176769735616	CPU_4	0	0	0	100.00	0	0	0	0	0	0
1428574177487632346	CPU_4	0	0	0	100.00	0	0	0	0	0	0
1428574178190516641	CPU_4	0	0	0	100.00	0	0	0	0	0	0
1428574178890533772	CPU_4	0	0	0	100.00	0	0	0	0	0	0
1428574179602568719	CPU_4	0	0	0	100.00	0	0	0	0	0	0
1428574180304527390	CPU_4	0	0	0	100.00	0	0	0	0	0	0
1428574181005157396	CPU_4	0	0	0	100.00	0	0	0	0	0	0
1428574181717988883	CPU_4	0	0	0	100.00	0	0	0	0	0	0
1428574182419770554	CPU_4	0	0	0	100.00	0	0	0	0	0	0
1428574183137210118	CPU_4	0	0	0	100.00	0	0	0	0	0	0
1428574183841323660	CPU_4	0	0	0	100.00	0	0	0	0	0	0
1428574184546236159	CPU_4	0	0	0	100.00	0	0	0	0	0	0
1428574185256948775	CPU_4	0	0	0	100.00	0	0	0	0	0	0
1428574185961286983	CPU_4	0	0	0	100.00	0	0	0	0	0	0
1428574186666145066	CPU_4	0	0	0	100.00	0	0	0	0	0	0
1428574187377832388	CPU_4	0	0	0	100.00	0	0	0	0	0	0
1428574188086339715	CPU_4	0	0	0	100.00	0	0	0	0	0	0
1428574188799663535	CPU_4	0	0	0	100.00	0	0	0	0	0	0
1428574189502781704	CPU_4	0	0	0	100.00	0	0	0	0	0	0
1428574190207702328	CPU_4	0	0	0	100.00	0	0	0	0	0	0
1428574190921074606	CPU_4	0	0	0	100.00	0	0	0	0	0	0
1428574191630102807	CPU_4	0	0	0	100.00	0	0	0	0	0	0
1428574192331861519	CPU_4	0	0	0	100.00	0	0	0	0	0	0
1428574193046849461	CPU_4	0	0	0	100.00	0	0	0	0	0	0
1428574193751763419	CPU_4	0	0	0	100.00	0	0	0	0	0	0
1428574194464497948	CPU_4	0	0	0	100.00	0	0	0	0	0	0
1428574195167313241	CPU_4	0	0	0	100.00	0	0	0	0	0	0
1428574195872082074	CPU_4	0	0	0	100.00	0	0	0	0	0	0
1428574196583439813	CPU_4	0	0	0	100.00	0	0	0	0	0	0
1428574197287626438	CPU_4	0	0	0	100.00	0	0	0	0	0	0
1428574197996195223	CPU_4	0	0	0	100.00	0	0	0	0	0	0
1428574198706729047	CPU_4	0	0	0	100.00	0	0	0	0	0	0
1428574199409550299	CPU_4	0	0	0	100.00	0	0	0	0	0	0
1428574200125508281	CPU_4	0	0	0	100.00	0	0	0	0	0	0
1428574200826845827	CPU_4	0	0	0	100.00	0	0	0	0	0	0
1428574201533199532	CPU_4	0	0	10.14	89.85	0	0	0	0	0	0
1428574202249312014	CPU_4	0	0	0	100.00	0	0	0	0	0	0
1428574202951068559	CPU_4	0	0	0	100.00	0	0	0	0	0	0
1428574203674483113	CPU_4	0	0	0	100.00	0	0	0	0	0	0
1428574204394354465	CPU_4	0	0	0	100.00	0	0	0	0	0	0
1428574205100069629	CPU_4	0	0	0	100.00	0	0	0	0	0	0
1428574205812135742	CPU_4	0	0	0	100.00	0	0	0	0	0	0
1428574206516144408	CPU_4	0	0	0	100.00	0	0	0	0	0	0
1428574207220948073	CPU_4	0	0	0	100.00	0	0	0	0	0	0
1428574207933094103	CPU_4	0	0	0	100.00	0	0	0	0	0	0
1428574208638448601	CPU_4	0	0	0	100.00	0	0	0	0	0	0
1428574209353423959	CPU_4	0	0	0	100.00	0	0	0	0	0	0
1428574210057947375	CPU_4	0	0	0	100.00	0	0	0	0	0	0
1428574210762207833	CPU_4	0	0	0	100.00	0	0	0	0	0	0
1428574211477281024	CPU_4	0	0	0	100.00	0	0	0	0	0	0
1428574212181447649	CPU_4	0	0	0	100.00	0	0	0	0	0	0
1428574212892391430	CPU_4	0	0	0	100.00	0	0	0	0	0	0
1428574213602665545	CPU_4	0	0	0	100.00	0	0	0	0	0	0
1428574214307387752	CPU_4	0	0	0	100.00	0	0	0	0	0	0
1428574215022115569	CPU_4	0	0	0	100.00	0	0	0	0	0	0
1428574215730000438	CPU_4	0	0	0	100.00	0	0	0	0	0	0
1428574216436822350	CPU_4	0	0	0	100.00	0	0	0	0	0	0
1428574217150689668	CPU_4	0	0	0	100.00	0	0	0	0	0	0
1428574217856054041	CPU_4	0	0	0	100.00	0	0	0	0	0	0
1428574218573536437	CPU_4	0	0	0	100.00	0	0	0	0	0	0
1428574219276086313	CPU_4	0	0	0	100.00	0	0	0	0	0	0
1428574219983030725	CPU_4	0	0	0	100.00	0	0	0	0	0	0
1428574220699923872	CPU_4	0	0	0	100.00	0	0	0	0	0	0
1428574221404947912	CPU_4	0	0	0	100.00	0	0	0	0	0	0
1428574222111354907	CPU_4	0	0	0	100.00	0	0	0	0	0	0
1428574222826977181	CPU_4	0	0	0	100.00	0	0	0	0	0	0
1428574223531003347	CPU_4	0	0	0	100.00	0	0	0	0	0	0
1428574224261827598	CPU_4	0	0	0	100.00	0	0	0	0	0	0
1428574224973061670	CPU_4	0	0	0	100.00	0	0	0	0	0	0
1428574225681416371	CPU_4	0	0	0	100.00	0	0	0	0	0	0
1428574226394901815	CPU_4	0	0	0	100.00	0	0	0	0	0	0
1428574227103138141	CPU_4	0	0	0	100.00	0	0	0	0	0	0
1428574227818346499	CPU_4	0	0	0	100.00	0	0	0	0	0	0
1428574228523600704	CPU_4	0	0	0	100.00	0	0	0	0	0	0
1428574229229779575	CPU_4	0	0	0	100.00	0	0	0	0	0	0
1428574229950125258	CPU_4	0	0	0	100.00	0	0	0	0	0	0
1428574230654428340	CPU_4	0	0	0	100.00	0	0	0	0	0	0
1428574231360660253	CPU_4	0	0	0	100.00	0	0	0	0	0	0
1428574232077191067	CPU_4	0	0	0	100.00	0	0	0	0	0	0
1428574232785319685	CPU_4	0	0	0	100.00	0	0	0	0	0	0
1428574233499900960	CPU_4	0	0	0	100.00	0	0	0	0	0	0
1428574234210234116	CPU_4	0	0	0	100.00	0	0	0	0	0	0
1428574234916930027	CPU_4	0	0	0	100.00	0	0	0	0	0	0
1428574235632627426	CPU_4	0	0	0	100.00	0	0	0	0	0	0
1428574236340069961	CPU_4	0	0	0	100.00	0	0	0	0	0	0
1428574237057691232	CPU_4	0	0	0	100.00	0	0	0	0	0	0
1428574237762669646	CPU_4	0	0	0	100.00	0	0	0	0	0	0
1428574238470761805	CPU_4	0	0	0	100.00	0	0	0	0	0	0
1428574239186639370	CPU_4	0	0	0	100.00	0	0	0	0	0	0
1428574239891683075	CPU_4	0	0	0	100.00	0	0	0	0	0	0
1428574240597977237	CPU_4	0	0	0	100.00	0	0	0	0	0	0
1428574241315489258	CPU_4	0	0	0	100.00	0	0	0	0	0	0
1428574242020611546	CPU_4	0	0	0	100.00	0	0	0	0	0	0
1428574242739038899	CPU_4	0	0	0	100.00	0	0	0	0	0	0
1428574243444373270	CPU_4	0	0	0	100.00	0	0	0	0	0	0
1428574244152503263	CPU_4	0	0	0	100.00	0	0	0	0	0	0
1428574244866482580	CPU_4	0	0	0	100.00	0	0	0	0	0	0
1428574245573887782	CPU_4	0	0	0	100.00	0	0	0	0	0	0
1428574246289692763	CPU_4	0	0	0	100.00	0	0	0	0	0	0
1428574246994330344	CPU_4	0	0	0	100.00	0	0	0	0	0	0
1428574247700229840	CPU_4	0	0	0	100.00	0	0	0	0	0	0
1428574248417480152	CPU_4	0	0	0	100.00	0	0	0	0	0	0
1428574249121294442	CPU_4	0	0	0	100.00	0	0	0	0	0	0
1428574249829191393	CPU_4	0	0	0	100.00	0	0	0	0	0	0
1428574250544378709	CPU_4	0	0	0	100.00	0	0	0	0	0	0
1428574251252625284	CPU_4	0	0	0	100.00	0	0	0	0	0	0
1428574251968471890	CPU_4	0	0	0	100.00	0	0	0	0	0	0
1428574252676969090	CPU_4	0	0	0	100.00	0	0	0	0	0	0
1428574253383954584	CPU_4	0	0	0	100.00	0	0	0	0	0	0
1428574254099907065	CPU_4	0	0	0	100.00	0	0	0	0	0	0
1428574254806385809	CPU_4	0	0	0	100.00	0	0	0	0	0	0
1428574255524060912	CPU_4	0	0	0	100.00	0	0	0	0	0	0
1428574256230639365	CPU_4	0	0	0	100.00	0	0	0	0	0	0
1428574256938781690	CPU_4	0	0	0	100.00	0	0	0	0	0	0
1428574257656269002	CPU_4	0	0	0	100.00	0	0	0	0	0	0
1428574258363193704	CPU_4	0	0	0	100.00	0	0	0	0	0	0
1428574259070148781	CPU_4	0	0	0	100.00	0	0	0	0	0	0
1428574259796283372	CPU_4	0	0	0	100.00	0	0	0	0	0	0
1428574260537306857	CPU_4	0	0	0	100.00	0	0	0	0	0	0
1428574261256089624	CPU_4	0	0	0	100.00	0	0	0	0	0	0
1428574261962499161	CPU_4	0	0	0	100.00	0	0	0	0	0	0
1428574262676309436	CPU_4	0	0	0	100.00	0	0	0	0	0	0
1428574263387794214	CPU_4	0	0	0	100.00	0	0	0	0	0	0
1428574264096366622	CPU_4	0	0	0	100.00	0	0	0	0	0	0
1428574264811855770	CPU_4	0	0	0	100.00	0	0	0	0	0	0
1428574265521085677	CPU_4	0	0	0	100.00	0	0	0	0	0	0
1428574266231498957	CPU_4	0	0	0	100.00	0	0	0	0	0	0
1428574266949484851	CPU_4	0	0	0	100.00	0	0	0	0	0	0
1428574267658307550	CPU_4	0	0	0	100.00	0	0	0	0	0	0
1428574268375088029	CPU_4	0	0	0	100.00	0	0	0	0	0	0
1428574269083963019	CPU_4	0	0	0	100.00	0	0	0	0	0	0
1428574269795393090	CPU_4	0	0	0	100.00	0	0	0	0	0	0
1428574270512044110	CPU_4	0	0	0	100.00	0	0	0	0	0	0
1428574271220903434	CPU_4	0	0	0	100.00	0	0	0	0	0	0
1428574271939258869	CPU_4	0	0	0	100.00	0	0	0	0	0	0
1428574272648472942	CPU_4	0	0	0	100.00	0	0	0	0	0	0
1428574273352534648	CPU_4	0	0	0	100.00	0	0	0	0	0	0
1428574274070070251	CPU_4	0	0	0	100.00	0	0	0	0	0	0
1428574274782848152	CPU_4	0	0	0	100.00	0	0	0	0	0	0
1428574275490083062	CPU_4	0	0	0	100.00	0	0	0	0	0	0
1428574276208156622	CPU_4	0	0	0	100.00	0	0	0	0	0	0
1428574276916362697	CPU_4	0	0	0	100.00	0	0	0	0	0	0
1428574277634701506	CPU_4	0	0	0	100.00	0	0	0	0	0	0
1428574278343948538	CPU_4	0	0	0	100.00	0	0	0	0	0	0
1428574279050458406	CPU_4	0	0	0	100.00	0	0	0	0	0	0
1428574279770478839	CPU_4	0	0	0	100.00	0	0	0	0	0	0
1428574280475276835	CPU_4	0	0	0	100.00	0	0	0	0	0	0
1428574281194185102	CPU_4	0	0	0	100.00	0	0	0	0	0	0
1428574281901533719	CPU_4	0	0	0	100.00	0	0	0	0	0	0
1428574282607824047	CPU_4	0	0	0	100.00	0	0	0	0	0	0
1428574283325670857	CPU_4	0	0	0	100.00	0	0	0	0	0	0
1428574284034591014	CPU_4	0	0	0	100.00	0	0	0	0	0	0
1428574284742107339	CPU_4	0	0	0	100.00	0	0	0	0	0	0
1428574285458994192	CPU_4	0	0	0	100.00	0	0	0	0	0	0
1428574286167029267	CPU_4	0	0	0	100.00	0	0	0	0	0	0
1428574286887925948	CPU_4	0	0	0	100.00	0	0	0	0	0	0
1428574287591893195	CPU_4	0	0	0	100.00	0	0	0	0	0	0
1428574288302787724	CPU_4	0	0	0	100.00	0	0	0	0	0	0
1428574289019567869	CPU_4	0	0	0	100.00	0	0	0	0	0	0
1428574289729005483	CPU_4	0	0	0	100.00	0	0	0	0	0	0
1428574290447310542	CPU_4	0	0	0	100.00	0	0	0	0	0	0
1428574291156700573	CPU_4	0	0	0	100.00	0	0	0	0	0	0
1428574291862429192	CPU_4	0	0	0	100.00	0	0	0	0	0	0
1428574292580682793	CPU_4	0	0	0	100.00	0	0	0	0	0	0
1428574293288192952	CPU_4	0	0	0	100.00	0	0	0	0	0	0
1428574294012331127	CPU_4	0	0	0	100.00	0	0	0	0	0	0
1428574294719439203	CPU_4	0	0	0	100.00	0	0	0	0	0	0
1428574295428338151	CPU_4	0	0	0	100.00	0	0	0	0	0	0
1428574296145883378	CPU_4	0	0	0	100.00	0	0	0	0	0	0
1428574296852986537	CPU_4	0	0	0	100.00	0	0	0	0	0	0
1428574297559836363	CPU_4	0	0	0	100.00	0	0	0	0	0	0
1428574298279537962	CPU_4	0	0	0	100.00	0	0	0	0	0	0
1428574298985488247	CPU_4	0	0	0	100.00	0	0	0	0	0	0
1428574299705302846	CPU_4	0	0	0	100.00	0	0	0	0	0	0
1428574300414023919	CPU_4	0	0	0	100.00	0	0	0	0	0	0
1428574301124859197	CPU_4	0	0	0	100.00	0	0	0	0	0	0
1428574301841870842	CPU_4	0	0	0	100.00	0	0	0	0	0	0
1428574302550131791	CPU_4	0	0	0	100.00	0	0	0	0	0	0
1428574303276927795	CPU_4	0	0	0	100.00	0	0	0	0	0	0
1428574303983805371	CPU_4	0	0	0	100.00	0	0	0	0	0	0
1428574304695038107	CPU_4	0	0	0	100.00	0	0	0	0	0	0
1428574305412775875	CPU_4	0	0	0	100.00	0	0	0	0	0	0
1428574306117857370	CPU_4	0	0	0	100.00	0	0	0	0	0	0
1428574306827592525	CPU_4	0	0	0	100.00	0	0	0	0	0	0
1428574307544613544	CPU_4	0	0	0	100.00	0	0	0	0	0	0
1428574308256632028	CPU_4	0	0	0	100.00	0	0	0	0	0	0
1428574308971406676	CPU_4	0	0	0	100.00	0	0	0	0	0	0
1428574309681129039	CPU_4	0	0	0	100.00	0	0	0	0	0	0
1428574310389296279	CPU_4	0	0	0	100.00	0	0	0	0	0	0
1428574311107504171	CPU_4	0	0	0	100.00	0	0	0	0	0	0
1428574311816504327	CPU_4	0	0	0	100.00	0	0	0	0	0	0
1428574312536950507	CPU_4	0	0	0	100.00	0	0	0	0	0	0
1428574313244068207	CPU_4	0	0	0	100.00	0	0	0	0	0	0
1428574313952999322	CPU_4	0	0	0	100.00	0	0	0	0	0	0
1428574314671904212	CPU_4	0	0	0	100.00	0	0	0	0	0	0
1428574315383410156	CPU_4	0	0	0	100.00	0	0	0	0	0	0
1428574316102280464	CPU_4	0	0	0	100.00	0	0	0	0	0	0
1428574316813497908	CPU_4	0	0	0	100.00	0	0	0	0	0	0
1428574317520731233	CPU_4	0	0	0	100.00	0	0	0	0	0	0
1428574318239323665	CPU_4	0	0	0	100.00	0	0	0	0	0	0
1428574318947077948	CPU_4	0	0	0	100.00	0	0	0	0	0	0
1428574319655545062	CPU_4	0	0	0	100.00	0	0	0	0	0	0
1428574320374612745	CPU_4	0	0	0	100.00	0	0	0	0	0	0
1428574321084443607	CPU_4	0	0	0	100.00	0	0	0	0	0	0
1428574321803350040	CPU_4	0	0	0	100.00	0	0	0	0	0	0
1428574322513773651	CPU_4	0	0	0	100.00	0	0	0	0	0	0
1428574323221718016	CPU_4	0	0	0	100.00	0	0	0	0	0	0
1428574323940836990	CPU_4	0	0	0	100.00	0	0	0	0	0	0
1428574324648933272	CPU_4	0	0	0	100.00	0	0	0	0	0	0
1428574325369608660	CPU_4	0	0	0	100.00	0	0	0	0	0	0
1428574326077249817	CPU_4	0	0	0	100.00	0	0	0	0	0	0
1428574326788519552	CPU_4	0	0	0	100.00	0	0	0	0	0	0
1428574327508042942	CPU_4	0	0	0	100.00	0	0	0	0	0	0
1428574328216698931	CPU_4	0	0	0	100.00	0	0	0	0	0	0
1428574328929866205	CPU_4	0	0	0	100.00	0	0	0	0	0	0
1428574329650030094	CPU_4	0	0	0	100.00	0	0	0	0	0	0
1428574330357143293	CPU_4	0	0	0	100.00	0	0	0	0	0	0
1428574331075901434	CPU_4	0	0	0	100.00	0	0	0	0	0	0
1428574331785178672	CPU_4	0	0	0	100.00	0	0	0	0	0	0
1428574332493740286	CPU_4	0	0	0	100.00	0	0	0	0	0	0
1428574333213220384	CPU_4	0	0	0	100.00	0	0	0	0	0	0
1428574333923737412	CPU_4	0	0	0	100.00	0	0	0	0	0	0
1428574334644200883	CPU_4	0	0	0	100.00	0	0	0	0	0	0
1428574335353397038	CPU_4	0	0	0	100.00	0	0	0	0	0	0
1428574336060473237	CPU_4	0	0	0	100.00	0	0	0	0	0	0
1428574336781853249	CPU_4	0	0	0	100.00	0	0	0	0	0	0
1428574337488365116	CPU_4	0	0	0	100.00	0	0	0	0	0	0
1428574338207378797	CPU_4	0	0	0	100.00	0	0	0	0	0	0
1428574338916985868	CPU_4	0	0	0	100.00	0	0	0	0	0	0
1428574339624287109	CPU_4	0	0	0	100.00	0	0	0	0	0	0
1428574340345790953	CPU_4	0	0	0	100.00	0	0	0	0	0	0
1428574341055325024	CPU_4	0	0	0	100.00	0	0	0	0	0	0
1428574341782572443	CPU_4	0	0	0	100.00	0	0	0	0	0	0
1428574342491834181	CPU_4	0	0	0	100.00	0	0	0	0	0	0
1428574343199955170	CPU_4	0	0	0	100.00	0	0	0	0	0	0
1428574343930079294	CPU_4	0	0	0	100.00	0	0	0	0	0	0
1428574344645653272	CPU_4	0	0	0	100.00	0	0	0	0	0	0
1428574345367348033	CPU_4	0	0	0	100.00	0	0	0	0	0	0
1428574346080734514	CPU_4	0	0	0	100.00	0	0	0	0	0	0
1428574346792282165	CPU_4	0	0	0	100.00	0	0	0	0	0	0
1428574347509438183	CPU_4	0	0	0	100.00	0	0	0	0	0	0
1428574348218901920	CPU_4	0	0	0	100.00	0	0	0	0	0	0
1428574348928286741	CPU_4	0	0	0	100.00	0	0	0	0	0	0
1428574349677341294	CPU_4	0	0	0	100.00	0	0	0	0	0	0
1428574350386563365	CPU_4	0	0	0	100.00	0	0	0	0	0	0
1428574351105629421	CPU_4	0	0	0	100.00	0	0	0	0	0	0
1428574351814596492	CPU_4	0	0	0	100.00	0	0	0	0	0	0
1428574352523496563	CPU_4	0	0	0	100.00	0	0	0	0	0	0
1428574353241918829	CPU_4	0	0	0	100.00	0	0	0	0	0	0
1428574353953113938	CPU_4	0	0	0	100.00	0	0	0	0	0	0
1428574354670458747	CPU_4	0	0	0	100.00	0	0	0	0	0	0
1428574355380897483	CPU_4	0	0	0	100.00	0	0	0	0	0	0
1428574356089061722	CPU_4	0	0	0	100.00	0	0	0	0	0	0
1428574356809283859	CPU_4	0	0	0	100.00	0	0	0	0	0	0
1428574357515506934	CPU_4	0	0	0	100.00	0	0	0	0	0	0
1428574358235099614	CPU_4	0	0	0	100.00	0	0	0	0	0	0
1428574358944930851	CPU_4	0	0	0	100.00	0	0	0	0	0	0
1428574359655325086	CPU_4	0	0	0	100.00	0	0	0	0	0	0
1428574360375730599	CPU_4	0	0	0	100.00	0	0	0	0	0	0
1428574361085712210	CPU_4	0	0	0	100.00	0	0	0	0	0	0
1428574361799821856	CPU_4	0	0	0	100.00	0	0	0	0	0	0
1428574362515412125	CPU_4	0	0	0	100.00	0	0	0	0	0	0
1428574363223711114	CPU_4	0	0	0	100.00	0	0	0	0	0	0
1428574363945301416	CPU_4	0	0	0	100.00	0	0	0	0	0	0
1428574364652634531	CPU_4	0	0	0	100.00	0	0	0	0	0	0
1428574365363208766	CPU_4	0	0	0	100.00	0	0	0	0	0	0
1428574366084498402	CPU_4	0	0	0	100.00	0	0	0	0	0	0
1428574366794006138	CPU_4	0	0	0	100.00	0	0	0	0	0	0
1428574367512973361	CPU_4	0	0	0	100.00	0	0	0	0	0	0
1428574368222882805	CPU_4	0	0	0	100.00	0	0	0	0	0	0
1428574368935333912	CPU_4	0	0	0	100.00	0	0	0	0	0	0
1428574369653792344	CPU_4	0	0	0	100.00	0	0	0	0	0	0
1428574370363956121	CPU_4	0	0	0	100.00	0	0	0	0	0	0
1428574371089206584	CPU_4	0	0	0	100.00	0	0	0	0	0	0
1428574371797189073	CPU_4	0	0	0	100.00	0	0	0	0	0	0
1428574372508594390	CPU_4	0	0	0	100.00	0	0	0	0	0	0
1428574373227236862	CPU_4	0	0	0	100.00	0	0	0	0	0	0
1428574373939618344	CPU_4	0	0	0	100.00	0	0	0	0	0	0
1428574374662542811	CPU_4	0	0	0	100.00	0	0	0	0	0	0
1428574375374040044	CPU_4	0	0	0	100.00	0	0	0	0	0	0
1428574376085711777	CPU_4	0	0	0	100.00	0	0	0	0	0	0
1428574376804934999	CPU_4	0	0	0	100.00	0	0	0	0	0	0
1428574377514236027	CPU_4	0	0	0	100.00	0	0	0	0	0	0
1428574378229581797	CPU_4	0	0	0	100.00	0	0	0	0	0	0
1428574378943163527	CPU_4	0	0	0	100.00	0	0	0	0	0	0
1428574379654182761	CPU_4	0	0	0	100.00	0	0	0	0	0	0
1428574380374932647	CPU_4	0	0	0	100.00	0	0	0	0	0	0
1428574381086547796	CPU_4	0	0	0	100.00	0	0	0	0	0	0
1428574381792584829	CPU_4	0	0	0	100.00	0	0	0	0	0	0
1428574382514218172	CPU_4	0	0	0	100.00	0	0	0	0	0	0
1428574383222946035	CPU_4	0	0	0	100.00	0	0	0	0	0	0
1428574383943106671	CPU_4	0	0	0	100.00	0	0	0	0	0	0
1428574384654010905	CPU_4	0	0	0	100.00	0	0	0	0	0	0
1428574385365220014	CPU_4	0	0	0	100.00	0	0	0	0	0	0
1428574386086892898	CPU_4	0	0	0	100.00	0	0	0	0	0	0
1428574386795418136	CPU_4	0	0	0	100.00	0	0	0	0	0	0
1428574387514109233	CPU_4	0	0	0	100.00	0	0	0	0	0	0
1428574388224170052	CPU_4	0	0	0	100.00	0	0	0	0	0	0
1428574388932170915	CPU_4	0	0	0	100.00	0	0	0	0	0	0
1428574389656299545	CPU_4	0	0	0	100.00	0	0	0	0	0	0
1428574390365194282	CPU_4	0	0	0	100.00	0	0	0	0	0	0
1428574391093473532	CPU_4	0	0	0	100.00	0	0	0	0	0	0
1428574391801294312	CPU_4	0	0	0	100.00	0	0	0	0	0	0
1428574392513005128	CPU_4	0	0	0	100.00	0	0	0	0	0	0
1428574393232143391	CPU_4	0	0	0	100.00	0	0	0	0	0	0
1428574393940771836	CPU_4	0	0	0	100.00	0	0	0	0	0	0
1428574394650747696	CPU_4	0	0	0	100.00	0	0	0	0	0	0
1428574395371609623	CPU_4	0	0	0	100.00	0	0	0	0	0	0
1428574396078749446	CPU_4	0	0	0	100.00	0	0	0	0	0	0
1428574396801199412	CPU_4	0	0	0	100.00	0	0	0	0	0	0
1428574397510591815	CPU_4	0	0	0	100.00	0	0	0	0	0	0
1428574398223588628	CPU_4	0	0	0	100.00	0	0	0	0	0	0
1428574398941970017	CPU_4	0	0	0	100.00	0	0	0	0	0	0
1428574399652038210	CPU_4	0	0	0	100.00	0	0	0	0	0	0
1428574400372000347	CPU_4	0	0	0	100.00	0	0	0	0	0	0
1428574401082855497	CPU_4	0	0	0	100.00	0	0	0	0	0	0
1428574401792499399	CPU_4	0	0	0	100.00	0	0	0	0	0	0
1428574402515704323	CPU_4	0	0	0	100.00	0	0	0	0	0	0
1428574403224793684	CPU_4	0	0	0	100.00	0	0	0	0	0	0
1428574403945993485	CPU_4	0	0	0	100.00	0	0	0	0	0	0
1428574404656377219	CPU_4	0	0	0	100.00	0	0	0	0	0	0
1428574405368098826	CPU_4	0	0	0	100.00	0	0	0	0	0	0
1428574406085942924	CPU_4	0	0	0	100.00	0	0	0	0	0	0
1428574406797508448	CPU_4	0	0	0	100.00	0	0	0	0	0	0
1428574407511622677	CPU_4	0	0	0	100.00	0	0	0	0	0	0
1428574408228431276	CPU_4	0	0	0	100.00	0	0	0	0	0	0
1428574408940078050	CPU_4	0	0	0	100.00	0	0	0	0	0	0
1428574409661124101	CPU_4	0	0	0	100.00	0	0	0	0	0	0
1428574410372072709	CPU_4	0	0	0	100.00	0	0	0	0	0	0
1428574411080808946	CPU_4	0	0	0	100.00	0	0	0	0	0	0
1428574411800967665	CPU_4	0	0	0	100.00	0	0	0	0	0	0
1428574412513182563	CPU_4	0	0	0	100.00	0	0	0	0	0	0
1428574413230397245	CPU_4	0	0	0	100.00	0	0	0	0	0	0
1428574413942666142	CPU_4	0	0	0	100.00	0	0	0	0	0	0
1428574414654157083	CPU_4	0	0	0	100.00	0	0	0	0	0	0
1428574415378138338	CPU_4	0	0	0	100.00	0	0	0	0	0	0
1428574416087565490	CPU_4	0	0	0	100.00	0	0	0	0	0	0
1428574416808870832	CPU_4	0	0	0	100.00	0	0	0	0	0	0
1428574417522777144	CPU_4	0	0	0	100.00	0	0	0	0	0	0
1428574418232317046	CPU_4	0	0	0	100.00	0	0	0	0	0	0
1428574418953764221	CPU_4	0	0	0	100.00	0	0	0	0	0	0
1428574419665066412	CPU_4	0	0	0	100.00	0	0	0	0	0	0
1428574420391588330	CPU_4	0	0	0	100.00	0	0	0	0	0	0
1428574421102304480	CPU_4	0	0	0	100.00	0	0	0	0	0	0
1428574421812396214	CPU_4	0	0	0	100.00	0	0	0	0	0	0
1428574422537164217	CPU_4	0	0	0	100.00	0	0	0	0	0	0
1428574423245186954	CPU_4	0	0	0	100.00	0	0	0	0	0	0
1428574423976275990	CPU_4	0	0	0	100.00	0	0	0	0	0	0
1428574424687536389	CPU_4	0	0	0	100.00	0	0	0	0	0	0
1428574425402677699	CPU_4	0	0	0	100.00	0	0	0	0	0	0
1428574426122435293	CPU_4	0	0	0	100.00	0	0	0	0	0	0
1428574426834247525	CPU_4	0	0	0	100.00	0	0	0	0	0	0
1428574427547099796	CPU_4	0	0	0	100.00	0	0	0	0	0	0
1428574428264817185	CPU_4	0	0	0	100.00	0	0	0	0	0	0
1428574428975868501	CPU_4	0	0	0	100.00	0	0	0	0	0	0
1428574429697968508	CPU_4	0	0	0	100.00	0	0	0	0	0	0
1428574430409865406	CPU_4	0	0	0	100.00	0	0	0	0	0	0
1428574431120154098	CPU_4	0	0	0	100.00	0	0	0	0	0	0
1428574431840573774	CPU_4	0	0	0	100.00	0	0	0	0	0	0
1428574432554222794	CPU_4	0	0	0	100.00	0	0	0	0	0	0
1428574433274392138	CPU_4	0	0	0	100.00	0	0	0	0	0	0
1428574433986769952	CPU_4	0	0	0	100.00	0	0	0	0	0	0
1428574434697592434	CPU_4	0	0	0	100.00	0	0	0	0	0	0
1428574435422012563	CPU_4	0	0	0	100.00	0	0	0	0	0	0
1428574436129877050	CPU_4	0	0	0	100.00	0	0	0	0	0	0
1428574436852750431	CPU_4	0	0	0	100.00	0	0	0	0	0	0
1428574437563324997	CPU_4	0	0	0	100.00	0	0	0	0	0	0
1428574438275998602	CPU_4	0	0	0	100.00	0	0	0	0	0	0
1428574438997690068	CPU_4	0	0	0	100.00	0	0	0	0	0	0
1428574439709948798	CPU_4	0	0	0	100.00	0	0	0	0	0	0
1428574440432778054	CPU_4	0	0	0	100.00	0	0	0	0	0	0
1428574441144337702	CPU_4	0	0	0	100.00	0	0	0	0	0	0
1428574441854515936	CPU_4	0	0	0	100.00	0	0	0	0	0	0
1428574442577405942	CPU_4	0	0	0	100.00	0	0	0	0	0	0
1428574443285128678	CPU_4	0	0	0	100.00	0	0	0	0	0	0
1428574444013979634	CPU_4	0	0	0	100.00	0	0	0	0	0	0
1428574444725083991	CPU_4	0	0	0	100.00	0	0	0	0	0	0
1428574445437059638	CPU_4	0	0	0	100.00	0	0	0	0	0	0
1428574446157187606	CPU_4	0	0	0	100.00	0	0	0	0	0	0
1428574446869447336	CPU_4	0	0	0	100.00	0	0	0	0	0	0
1428574447582035315	CPU_4	0	0	0	100.00	0	0	0	0	0	0
1428574448299678329	CPU_4	0	0	0	100.00	0	0	0	0	0	0
1428574449011340226	CPU_4	0	0	0	100.00	0	0	0	0	0	0
1428574449735833605	CPU_4	0	0	0	100.00	0	0	0	0	0	0
1428574450444811381	CPU_4	0	0	0	100.00	0	0	0	0	0	0
1428574451155582530	CPU_4	0	0	0	100.00	0	0	0	0	0	0
1428574451876519747	CPU_4	0	0	0	100.00	0	0	0	0	0	0
1428574452589872225	CPU_4	0	0	0	100.00	0	0	0	0	0	0
1428574453308305904	CPU_4	0	0	0	100.00	0	0	0	0	0	0
1428574454021805757	CPU_4	0	0	0	100.00	0	0	0	0	0	0
1428574454734714111	CPU_4	0	0	0	100.00	0	0	0	0	0	0
1428574455455481911	CPU_4	0	0	0	100.00	0	0	0	0	0	0
1428574456166475351	CPU_4	0	0	0	100.00	0	0	0	0	0	0
1428574456889160232	CPU_4	0	0	0	100.00	0	0	0	0	0	0
1428574457602597001	CPU_4	0	0	0	100.00	0	0	0	0	0	0
1428574458313147567	CPU_4	0	0	0	100.00	0	0	0	0	0	0
1428574459037873153	CPU_4	0	0	0	100.00	0	0	0	0	0	0
1428574459749691217	CPU_4	0	0	0	100.00	0	0	0	0	0	0
1428574460469151435	CPU_4	0	0	0	100.00	0	0	0	0	0	0
1428574461181770539	CPU_4	0	0	0	100.00	0	0	0	0	0	0
1428574461892168688	CPU_4	0	0	0	100.00	0	0	0	0	0	0
1428574462615321777	CPU_4	0	0	0	100.00	0	0	0	0	0	0
1428574463324783969	CPU_4	0	0	0	100.00	0	0	0	0	0	0
1428574464058036000	CPU_4	0	0	0	100.00	0	0	0	0	0	0
1428574464781290213	CPU_4	0	0	0	100.00	0	0	0	0	0	0
1428574465495902397	CPU_4	0	0	0	100.00	0	0	0	0	0	0
1428574466217642404	CPU_4	0	0	0	100.00	0	0	0	0	0	0
1428574466930418425	CPU_4	0	0	0	100.00	0	0	0	0	0	0
1428574467657260841	CPU_4	0	0	0	100.00	0	0	0	0	0	0
1428574468367395031	CPU_4	0	0	0	100.00	0	0	0	0	0	0
1428574469113172127	CPU_4	0	0	0	100.00	0	0	0	0	0	0
1428574469837179506	CPU_4	0	0	0	100.00	0	0	0	0	0	0
1428574470549073694	CPU_4	0	0	0	100.00	0	0	0	0	0	0
1428574471269592328	CPU_4	0	0	0	100.00	0	0	0	0	0	0
1428574471982163556	CPU_4	0	0	0	100.00	0	0	0	0	0	0
1428574472695348951	CPU_4	0	0	0	100.00	0	0	0	0	0	0
1428574473418387414	CPU_4	0	0	0	100.00	0	0	0	0	0	0
1428574474130523143	CPU_4	0	0	0	100.00	0	0	0	0	0	0
1428574474855705103	CPU_4	0	0	0	100.00	0	0	0	0	0	0
1428574475570128996	CPU_4	0	0	0	100.00	0	0	0	0	0	0
1428574476279786270	CPU_4	0	0	0	100.00	0	0	0	0	0	0
1428574477003838315	CPU_4	0	0	0	100.00	0	0	0	0	0	0
1428574477715345587	CPU_4	0	0	0	100.00	0	0	0	0	0	0
1428574478449446908	CPU_4	0	0	0	100.00	0	0	0	0	0	0
1428574479159974890	CPU_4	0	0	0	100.00	0	0	0	0	0	0
1428574479872766660	CPU_4	0	0	0	100.00	0	0	0	0	0	0
1428574480594927791	CPU_4	0	0	0	100.00	0	0	0	0	0	0
1428574481305548772	CPU_4	0	0	0	100.00	0	0	0	0	0	0
1428574482017089044	CPU_4	0	0	0	100.00	0	0	0	0	0	0
1428574482739532882	CPU_4	0	0	0	100.00	0	0	0	0	0	0
1428574483452247027	CPU_4	0	0	0	100.00	0	0	0	0	0	0
1428574484174422825	CPU_4	0	0	0	100.00	0	0	0	0	0	0
1428574484889620383	CPU_4	0	0	0	100.00	0	0	0	0	0	0
1428574485605483314	CPU_4	0	0	0	100.00	0	0	0	0	0	0
1428574486324578866	CPU_4	0	0	0	100.00	0	0	0	0	0	0
1428574487037956927	CPU_4	0	0	0	100.00	0	0	0	0	0	0
1428574487758784934	CPU_4	0	0	0	100.00	0	0	0	0	0	0
1428574488470992038	CPU_4	0	0	0	100.00	0	0	0	0	0	0
1428574489181022062	CPU_4	0	0	0	100.00	0	0	0	0	0	0
1428574489903540567	CPU_4	0	0	0	100.00	0	0	0	0	0	0
1428574490615499754	CPU_4	0	0	0	100.00	0	0	0	0	0	0
1428574491336211262	CPU_4	0	0	0	100.00	0	0	0	0	0	0
1428574492048288366	CPU_4	0	0	0	100.00	0	0	0	0	0	0
1428574492760975094	CPU_4	0	0	0	100.00	0	0	0	0	0	0
1428574493484233931	CPU_4	0	0	0	100.00	0	0	0	0	0	0
1428574494195609202	CPU_4	0	0	0	100.00	0	0	0	0	0	0
1428574494917892958	CPU_4	0	0	0	100.00	0	0	0	0	0	0
1428574495631306309	CPU_4	0	0	0	100.00	0	0	0	0	0	0
1428574496340365501	CPU_4	0	0	0	100.00	0	0	0	0	0	0
1428574497064270504	CPU_4	0	0	0	100.00	0	0	0	0	0	0
1428574497775456817	CPU_4	0	0	0	100.00	0	0	0	0	0	0
1428574498502803273	CPU_4	0	0	0	100.00	0	0	0	0	0	0
1428574499212314755	CPU_4	0	0	0	100.00	0	0	0	0	0	0
1428574499924356526	CPU_4	0	0	0	100.00	0	0	0	0	0	0
1428574500649528860	CPU_4	0	0	0	100.00	0	0	0	0	0	0
1428574501361429255	CPU_4	0	0	0	100.00	0	0	0	0	0	0
1428574502077067687	CPU_4	0	0	0	100.00	0	0	0	0	0	0
1428574502797943652	CPU_4	0	0	0	100.00	0	0	0	0	0	0
1428574503510094756	CPU_4	0	0	0	100.00	0	0	0	0	0	0
1428574504232379052	CPU_4	0	0	0	100.00	0	0	0	0	0	0
1428574504945580363	CPU_4	0	0	0	100.00	0	0	0	0	0	0
1428574505661641002	CPU_4	0	0	0	100.00	0	0	0	0	0	0
1428574506382113176	CPU_4	0	0	0	100.00	0	0	0	0	0	0
1428574507096271110	CPU_4	0	0	0	100.00	0	0	0	0	0	0
1428574507817726657	CPU_4	0	0	0	100.00	0	0	0	0	0	0
1428574508530658301	CPU_4	0	0	0	100.00	0	0	0	0	0	0
1428574509241463490	CPU_4	0	0	0	100.00	0	0	0	0	0	0
1428574509965001034	CPU_4	0	0	0	100.00	0	0	0	0	0	0
1428574510680883965	CPU_4	0	0	0	100.00	0	0	0	0	0	0
1428574511404523218	CPU_4	0	0	0	100.00	0	0	0	0	0	0
1428574512116862738	CPU_4	0	0	0	100.00	0	0	0	0	0	0
1428574512830849380	CPU_4	0	0	0	100.00	0	0	0	0	0	0
1428574513552586510	CPU_4	0	0	0	100.00	0	0	0	0	0	0
1428574514264632072	CPU_4	0	0	0	100.00	0	0	0	0	0	0
1428574514988921323	CPU_4	0	0	0	100.00	0	0	0	0	0	0
1428574515706055002	CPU_4	0	0	0	100.00	0	0	0	0	0	0
1428574516419444645	CPU_4	0	0	0	100.00	0	0	0	0	0	0
1428574517142649732	CPU_4	0	0	0	100.00	0	0	0	0	0	0
1428574517855303084	CPU_4	0	0	0	100.00	0	0	0	0	0	0
1428574518580098501	CPU_4	0	0	0	100.00	0	0	0	0	0	0
1428574519290326065	CPU_4	0	0	0	100.00	0	0	0	0	0	0
1428574520004485624	CPU_4	0	0	0	100.00	0	0	0	0	0	0
1428574520728000709	CPU_4	0	0	0	100.00	0	0	0	0	0	0
1428574521444505931	CPU_4	0	0	0	100.00	0	0	0	0	0	0
1428574522165600854	CPU_4	0	0	0	100.00	0	0	0	0	0	0
1428574522880711119	CPU_4	0	0	0	100.00	0	0	0	0	0	0
1428574523594145261	CPU_4	0	0	0	100.00	0	0	0	0	0	0
1428574524315561934	CPU_4	0	0	0	100.00	0	0	0	0	0	0
1428574525028117161	CPU_4	0	0	0	100.00	0	0	0	0	0	0
1428574525753805327	CPU_4	0	0	0	100.00	0	0	0	0	0	0
1428574526465911888	CPU_4	0	0	0	100.00	0	0	0	0	0	0
1428574527178963864	CPU_4	0	0	0	100.00	0	0	0	0	0	0
1428574527900831827	CPU_4	0	0	0	100.00	0	0	0	0	0	0
1428574528615365385	CPU_4	0	0	0	100.00	0	0	0	0	0	0
1428574529337000932	CPU_4	0	0	0	100.00	0	0	0	0	0	0
1428574530050502490	CPU_4	0	0	0	100.00	0	0	0	0	0	0
1428574530764435549	CPU_4	0	0	0	100.00	0	0	0	0	0	0
1428574531491122755	CPU_4	0	0	0	100.00	0	0	0	0	0	0
1428574532201064360	CPU_4	0	0	0	100.00	0	0	0	0	0	0
1428574532931980727	CPU_4	0	0	0	100.00	0	0	0	0	0	0
1428574533647068158	CPU_4	0	0	0	100.00	0	0	0	0	0	0
1428574534361302424	CPU_4	0	0	0	100.00	0	0	0	0	0	0
1428574535083947302	CPU_4	0	0	0	100.00	0	0	0	0	0	0
1428574535797854111	CPU_4	0	0	0	100.00	0	0	0	0	0	0
1428574536522988360	CPU_4	0	0	0	100.00	0	0	0	0	0	0
1428574537235936128	CPU_4	0	0	0	100.00	0	0	0	0	0	0
1428574537947679898	CPU_4	0	0	0	100.00	0	0	0	0	0	0
1428574538672547856	CPU_4	0	0	0	100.00	0	0	0	0	0	0
1428574539386178831	CPU_4	0	0	0	100.00	0	0	0	0	0	0
1428574540096934561	CPU_4	0	0	0	98.61	0	1.38	0	0	0	0
1428574540820174646	CPU_4	0	0	0	100.00	0	0	0	0	0	0
1428574541533421080	CPU_4	0	0	0	100.00	0	0	0	0	0	0
1428574542256981332	CPU_4	0	0	0	100.00	0	0	0	0	0	0
1428574542970821515	CPU_4	0	0	0	100.00	0	0	0	0	0	0
1428574543684025241	CPU_4	0	0	0	100.00	0	0	0	0	0	0
1428574544407172952	CPU_4	0	0	0	100.00	0	0	0	0	0	0
1428574545117594306	CPU_4	0	0	0	100.00	0	0	0	0	0	0
1428574545840472976	CPU_4	0	0	0	100.00	0	0	0	0	0	0
1428574546554636533	CPU_4	0	0	0	100.00	0	0	0	0	0	0
1428574547268540674	CPU_4	0	0	0	100.00	0	0	0	0	0	0
1428574547989941929	CPU_4	0	0	0	100.00	0	0	0	0	0	0
1428574548704044987	CPU_4	0	0	0	100.00	0	0	0	0	0	0
1428574549426543365	CPU_4	0	0	0	100.00	0	0	0	0	0	0
1428574550139615299	CPU_4	0	0	0	100.00	0	0	0	0	0	0
1428574550851756359	CPU_4	0	0	0	98.61	0	1.38	0	0	0	0
1428574551574802528	CPU_4	0	0	0	100.00	0	0	0	0	0	0
1428574552285668507	CPU_4	0	0	0	100.00	0	0	0	0	0	0
1428574553010922340	CPU_4	0	0	0	100.00	0	0	0	0	0	0
1428574553723721399	CPU_4	0	0	0	100.00	0	0	0	0	0	0
1428574554437446873	CPU_4	0	0	0	100.00	0	0	0	0	0	0
1428574555159244919	CPU_4	0	0	0	100.00	0	0	0	0	0	0
1428574555873078977	CPU_4	0	0	0	100.00	0	0	0	0	0	0
1428574556594945481	CPU_4	0	0	0	100.00	0	0	0	0	0	0
1428574557309778787	CPU_4	0	0	0	100.00	0	0	0	0	0	0
1428574558021355556	CPU_4	0	0	0	100.00	0	0	0	0	0	0
1428574558746699596	CPU_4	0	0	0	100.00	0	0	0	0	0	0
1428574559458961906	CPU_4	0	0	0	100.00	0	0	0	0	0	0
1428574560181765784	CPU_4	0	0	0	100.00	0	0	0	0	0	0
1428574560894342885	CPU_4	0	0	0	98.61	0	1.38	0	0	0	0
1428574561612855685	CPU_4	0	0	0	100.00	0	0	0	0	0	0
1428574562338095142	CPU_4	0	0	0	100.00	0	0	0	0	0	0
1428574563054033655	CPU_4	0	0	0	100.00	0	0	0	0	0	0
1428574563780503194	CPU_4	0	0	0	100.00	0	0	0	0	0	0
1428574564495042833	CPU_4	0	0	0	100.00	0	0	0	0	0	0
1428574565207204143	CPU_4	0	0	0	100.00	0	0	0	0	0	0
1428574565931332435	CPU_4	0	0	0	100.00	0	0	0	0	0	0
1428574566645667075	CPU_4	0	0	0	100.00	0	0	0	0	0	0
1428574567370239908	CPU_4	0	0	0	100.00	0	0	0	0	0	0
1428574568081578719	CPU_4	0	0	0	100.00	0	0	0	0	0	0
1428574568797187857	CPU_4	0	0	0	100.00	0	0	0	0	0	0
1428574569522111314	CPU_4	0	0	0	100.00	0	0	0	0	0	0
1428574570237585411	CPU_4	0	0	0	100.00	0	0	0	0	0	0
1428574570961472536	CPU_4	0	0	0	98.63	0	1.36	0	0	0	0
1428574571676808716	CPU_4	0	0	0	100.00	0	0	0	0	0	0
1428574572389945108	CPU_4	0	0	0	100.00	0	0	0	0	0	0
1428574573118288601	CPU_4	0	0	0	100.00	0	0	0	0	0	0
1428574573832851866	CPU_4	0	0	0	100.00	0	0	0	0	0	0
1428574574557464615	CPU_4	0	0	0	100.00	0	0	0	0	0	0
1428574575274004168	CPU_4	0	0	0	100.00	0	0	0	0	0	0
1428574575986895018	CPU_4	0	0	0	100.00	0	0	0	0	0	0
1428574576711222101	CPU_4	0	0	0	100.00	0	0	0	0	0	0
1428574577426107365	CPU_4	0	0	0	100.00	0	0	0	0	0	0
1428574578151472196	CPU_4	0	0	0	100.00	0	0	0	0	0	0
1428574578869673372	CPU_4	0	0	0	100.00	0	0	0	0	0	0
1428574579584575260	CPU_4	0	0	0	100.00	0	0	0	0	0	0
1428574580309956092	CPU_4	0	0	0	100.00	0	0	0	0	0	0
1428574581023708232	CPU_4	0	0	0	100.00	0	0	0	0	0	0
1428574581752262309	CPU_4	0	0	0	98.64	0	1.35	0	0	0	0
1428574582465950741	CPU_4	0	0	0	100.00	0	0	0	0	0	0
1428574583184620832	CPU_4	0	0	0	100.00	0	0	0	0	0	0
1428574583916855486	CPU_4	0	0	0	100.00	0	0	0	0	0	0
1428574584637169117	CPU_4	2.77	0	0	97.22	0	0	0	0	0	0
1428574585365868318	CPU_4	0	0	0	100.00	0	0	0	0	0	0
1428574586083817660	CPU_4	0	0	0	100.00	0	0	0	0	0	0
1428574586798918548	CPU_4	0	0	0	100.00	0	0	0	0	0	0
1428574587524965962	CPU_4	0	0	0	100.00	0	0	0	0	0	0
1428574588240125391	CPU_4	0	0	0	100.00	0	0	0	0	0	0
1428574588964941765	CPU_4	0	0	0	100.00	0	0	0	0	0	0
1428574589711310523	CPU_4	0	0	0	100.00	0	0	0	0	0	0
1428574590430972446	CPU_4	0	0	0	100.00	0	0	0	0	0	0
1428574591157204275	CPU_4	0	0	0	100.00	0	0	0	0	0	0
1428574591873117454	CPU_4	0	0	0	98.61	0	1.38	0	0	0	0
1428574592598808076	CPU_4	0	0	0	100.00	0	0	0	0	0	0
1428574593314804713	CPU_4	0	0	0	100.00	0	0	0	0	0	0
1428574594037738506	CPU_4	0	0	0	100.00	0	0	0	0	0	0
1428574594755952889	CPU_4	0	0	0	100.00	0	0	0	0	0	0
1428574595470266028	CPU_4	0	0	0	100.00	0	0	0	0	0	0
1428574596195234776	CPU_4	0	0	0	100.00	0	0	0	0	0	0
1428574596910267206	CPU_4	0	0	0	100.00	0	0	0	0	0	0
1428574597632867915	CPU_4	0	0	0	100.00	0	0	0	0	0	0
1428574598353005879	CPU_4	0	0	0	100.00	0	0	0	0	0	0
1428574599069228849	CPU_4	0	0	0	100.00	0	0	0	0	0	0
1428574599800731670	CPU_4	0	0	0	100.00	0	0	0	0	0	0
1428574600513122812	CPU_4	0	0	0	100.00	0	0	0	0	0	0
1428574601248527628	CPU_4	0	0	0	100.00	0	0	0	0	0	0
1428574601963835557	CPU_4	0	0	0	100.00	0	0	0	0	0	0
1428574602675629991	CPU_4	0	0	0	98.61	0	1.38	0	0	0	0
1428574603401329571	CPU_4	0	0	0	100.00	0	0	0	0	0	0
1428574604115482085	CPU_4	0	0	0	100.00	0	0	0	0	0	0
1428574604845829575	CPU_4	0	0	0	100.00	0	0	0	0	0	0
1428574605563230251	CPU_4	0	0	0	100.00	0	0	0	0	0	0
1428574606279722220	CPU_4	0	0	0	100.00	0	0	0	0	0	0
1428574607004544968	CPU_4	0	0	0	100.00	0	0	0	0	0	0
1428574607722558143	CPU_4	0	0	0	100.00	0	0	0	0	0	0
1428574608438584487	CPU_4	0	0	0	100.00	0	0	0	0	0	0
1428574609163898859	CPU_4	0	0	0	100.00	0	0	0	0	0	0
1428574609882428783	CPU_4	0	0	0	100.00	0	0	0	0	0	0
1428574610609789902	CPU_4	0	0	0	100.00	0	0	0	0	0	0
1428574611325515914	CPU_4	0	0	0	100.00	0	0	0	0	0	0
1428574612052506617	CPU_4	0	0	0	100.00	0	0	0	0	0	0
1428574612774194411	CPU_4	0	0	0	100.00	0	0	0	0	0	0
1428574613490403338	CPU_4	0	0	0	98.61	0	1.38	0	0	0	0
1428574614216509167	CPU_4	0	0	0	100.00	0	0	0	0	0	0
1428574614933435677	CPU_4	0	0	0	100.00	0	0	0	0	0	0
1428574615667779411	CPU_4	0	0	0	100.00	0	0	0	0	0	0
1428574616383121089	CPU_4	0	0	0	100.00	0	0	0	0	0	0
1428574617100095057	CPU_4	0	0	0	100.00	0	0	0	0	0	0
1428574617826790177	CPU_4	0	0	0	100.00	0	0	0	0	0	0
1428574618544022727	CPU_4	0	0	0	100.00	0	0	0	0	0	0
1428574619276907421	CPU_4	0	0	0	100.00	0	0	0	0	0	0
1428574619992150683	CPU_4	0	0	0	100.00	0	0	0	0	0	0
1428574620708372069	CPU_4	0	0	0	100.00	0	0	0	0	0	0
1428574621437601268	CPU_4	0	0	0	100.00	0	0	0	0	0	0
1428574622153330446	CPU_4	0	0	0	100.00	0	0	0	0	0	0
1428574622881331189	CPU_4	0	0	0	100.00	0	0	0	0	0	0
1428574623600503945	CPU_4	0	0	0	98.63	0	1.36	0	0	0	0
1428574624315444415	CPU_4	0	0	0	100.00	0	0	0	0	0	0
1428574625041499911	CPU_4	0	0	0	100.00	0	0	0	0	0	0
1428574625757124047	CPU_4	0	0	0	100.00	0	0	0	0	0	0
1428574626483919750	CPU_4	0	0	0	100.00	0	0	0	0	0	0
1428574627200117427	CPU_4	0	0	0	100.00	0	0	0	0	0	0
1428574627916937270	CPU_4	0	0	0	100.00	0	0	0	0	0	0
1428574628642688141	CPU_4	0	0	0	100.00	0	0	0	0	0	0
1428574629361097647	CPU_4	0	0	0	100.00	0	0	0	0	0	0
1428574630084448897	CPU_4	0	0	0	100.00	0	0	0	0	0	0
1428574630801485823	CPU_4	0	0	0	100.00	0	0	0	0	0	0
1428574631516675251	CPU_4	0	0	0	100.00	0	0	0	0	0	0
1428574632243521745	CPU_4	0	0	0	100.00	0	0	0	0	0	0
1428574632959629297	CPU_4	0	0	0	100.00	0	0	0	0	0	0
1428574633685224251	CPU_4	0	0	0	100.00	0	0	0	0	0	0
1428574634401681469	CPU_4	0	0	0	98.61	0	1.38	0	0	0	0
1428574635114759109	CPU_4	0	0	0	100.00	0	0	0	0	0	0
1428574635845039182	CPU_4	0	0	0	100.00	0	0	0	0	0	0
1428574636560987609	CPU_4	0	0	0	100.00	0	0	0	0	0	0
1428574637288169269	CPU_4	0	0	0	100.00	0	0	0	0	0	0
1428574638003085156	CPU_4	0	0	0	100.00	0	0	0	0	0	0
1428574638719218374	CPU_4	0	0	0	100.00	0	0	0	0	0	0
1428574639446467701	CPU_4	0	0	0	100.00	0	0	0	0	0	0
1428574640163503960	CPU_4	0	0	0	100.00	0	0	0	0	0	0
1428574640890777661	CPU_4	0	0	0	100.00	0	0	0	0	0	0
1428574641610343333	CPU_4	0	0	0	100.00	0	0	0	0	0	0
1428574642328002840	CPU_4	0	0	0	100.00	0	0	0	0	0	0
1428574643057351289	CPU_4	1.38	0	8.33	90.27	0	0	0	0	0	0
1428574643773003549	CPU_4	0	0	1.35	97.29	0	1.35	0	0	0	0
1428574644500250584	CPU_4	0	0	0	100.00	0	0	0	0	0	0
1428574645222120669	CPU_4	0	0	0	100.00	0	0	0	0	0	0
1428574645934856726	CPU_4	0	0	0	100.00	0	0	0	0	0	0
1428574646657570601	CPU_4	0	0	0	100.00	0	0	0	0	0	0
1428574647371610197	CPU_4	0	0	0	100.00	0	0	0	0	0	0
1428574648095385029	CPU_4	0	0	0	100.00	0	0	0	0	0	0
1428574648806109421	CPU_4	0	0	0	100.00	0	0	0	0	0	0
1428574649519667768	CPU_4	0	0	0	100.00	0	0	0	0	0	0
1428574650242627351	CPU_4	0	0	0	100.00	0	0	0	0	0	0
1428574650955382908	CPU_4	0	0	0	100.00	0	0	0	0	0	0
1428574651678894906	CPU_4	0	0	0	100.00	0	0	0	0	0	0
1428574652392868544	CPU_4	0	0	0	100.00	0	0	0	0	0	0
1428574653112339507	CPU_4	0	0	0	100.00	0	0	0	0	0	0
1428574653835504090	CPU_4	0	0	0	98.64	0	1.35	0	0	0	0
1428574654549876435	CPU_4	0	0	0	100.00	0	0	0	0	0	0
1428574655275731388	CPU_4	0	0	0	100.00	0	0	0	0	0	0
1428574655991896315	CPU_4	0	0	0	100.00	0	0	0	0	0	0
1428574656705401661	CPU_4	0	0	0	100.00	0	0	0	0	0	0
1428574657430941657	CPU_4	0	0	0	100.00	0	0	0	0	0	0
1428574658146223001	CPU_4	0	0	0	100.00	0	0	0	0	0	0
1428574658870161415	CPU_4	0	0	0	100.00	0	0	0	0	0	0
1428574659585484301	CPU_4	0	0	0	100.00	0	0	0	0	0	0
1428574660300292854	CPU_4	0	0	0	100.00	0	0	0	0	0	0
1428574661028193388	CPU_4	0	0	0	100.00	0	0	0	0	0	0
1428574661746782310	CPU_4	0	0	0	100.00	0	0	0	0	0	0
1428574662475147759	CPU_4	0	0	0	100.00	0	0	0	0	0	0
1428574663190017229	CPU_4	0	0	0	100.00	0	0	0	0	0	0
1428574663909886941	CPU_4	0	0	0	98.63	0	1.36	0	0	0	0
1428574664634119896	CPU_4	0	0	0	100.00	0	0	0	0	0	0
1428574665351813862	CPU_4	0	0	0	100.00	0	0	0	0	0	0
1428574666077622565	CPU_4	0	0	0	100.00	0	0	0	0	0	0
1428574666791303494	CPU_4	0	0	0	100.00	0	0	0	0	0	0
1428574667508052086	CPU_4	0	0	0	100.00	0	0	0	0	0	0
1428574668234888162	CPU_4	0	0	0	100.00	0	0	0	0	0	0
1428574668950697339	CPU_4	0	0	0	60.16	0	39.83	0	0	0	0
1428574669674693086	CPU_4	0	0	0	100.00	0	0	0	0	0	0
1428574670391124595	CPU_4	0	0	0	100.00	0	0	0	0	0	0
1428574671107980561	CPU_4	0	0	0	100.00	0	0	0	0	0	0
1428574671835127095	CPU_4	0	0	0	100.00	0	0	0	0	0	0
1428574672549894898	CPU_4	0	0	0	100.00	0	0	0	0	0	0
1428574673276157350	CPU_4	0	0	0	100.00	0	0	0	0	0	0
1428574673993469441	CPU_4	0	0	0	100.00	0	0	0	0	0	0
1428574674707527245	CPU_4	0	0	0	100.00	0	0	0	0	0	0
1428574675439031606	CPU_4	0	0	0	100.00	0	0	0	0	0	0
1428574676154897615	CPU_4	0	0	0	100.00	0	0	0	0	0	0
1428574676885146061	CPU_4	0	0	0	100.00	0	0	0	0	0	0
1428574677600879904	CPU_4	0	0	0	100.00	0	0	0	0	0	0
1428574678318192203	CPU_4	0	0	0	100.00	0	0	0	0	0	0
1428574679046691110	CPU_4	0	0	0	100.00	0	0	0	0	0	0
1428574679763454326	CPU_4	0	0	0	100.00	0	0	0	0	0	0
1428574680489537903	CPU_4	0	0	0	100.00	0	0	0	0	0	0
1428574681205594871	CPU_4	0	0	0	100.00	0	0	0	0	0	0
1428574681922887878	CPU_4	0	0	0	100.00	0	0	0	0	0	0
1428574682653892531	CPU_4	0	0	0	100.00	0	0	0	0	0	0
1428574683369009874	CPU_4	0	0	0	100.00	0	0	0	0	0	0
1428574684095371159	CPU_4	0	0	0	100.00	0	0	0	0	0	0
1428574684810933836	CPU_4	0	0	0	100.00	0	0	0	0	0	0
1428574685527725260	CPU_4	0	0	0	100.00	0	0	0	0	0	0
1428574686251932048	CPU_4	0	0	0	100.00	0	0	0	0	0	0
1428574686969099889	CPU_4	0	0	0	100.00	0	0	0	0	0	0
1428574687698264586	CPU_4	0	0	0	100.00	0	0	0	0	0	0
1428574688413905804	CPU_4	0	0	0	100.00	0	0	0	0	0	0
1428574689136625844	CPU_4	0	0	0	100.00	0	0	0	0	0	0
1428574689857381721	CPU_4	0	0	0	100.00	0	0	0	0	0	0
1428574690581275634	CPU_4	0	0	0	100.00	0	0	0	0	0	0
1428574691307417503	CPU_4	0	0	0	100.00	0	0	0	0	0	0
1428574692025196759	CPU_4	0	0	0	100.00	0	0	0	0	0	0
1428574692753228124	CPU_4	0	0	0	100.00	0	0	0	0	0	0
1428574693473363794	CPU_4	0	0	0	100.00	0	0	0	0	0	0
1428574694187633596	CPU_4	0	0	0	100.00	0	0	0	0	0	0
1428574694914797422	CPU_4	0	0	0	100.00	0	0	0	0	0	0
1428574695635357632	CPU_4	0	0	0	100.00	0	0	0	0	0	0
1428574696363074914	CPU_4	0	0	0	100.00	0	0	0	0	0	0
1428574697079748047	CPU_4	0	0	0	100.00	0	0	0	0	0	0
1428574697795834722	CPU_4	0	0	0	100.00	0	0	0	0	0	0
1428574698526551292	CPU_4	0	0	0	100.00	0	0	0	0	0	0
1428574699241290344	CPU_4	0	0	0	100.00	0	0	0	0	0	0
1428574699969206459	CPU_4	0	0	0	100.00	0	0	0	0	0	0
1428574700685519967	CPU_4	0	0	0	100.00	0	0	0	0	0	0
1428574701403081973	CPU_4	0	0	0	100.00	0	0	0	0	0	0
1428574702128894884	CPU_4	0	0	0	100.00	0	0	0	0	0	0
1428574702845518975	CPU_4	0	0	0	100.00	0	0	0	0	0	0
1428574703577331501	CPU_4	0	0	0	100.00	0	0	0	0	0	0
1428574704300518873	CPU_4	0	0	0	100.00	0	0	0	0	0	0
1428574705100864505	CPU_4	1.25	0	0	98.75	0	0	0	0	0	0
1428574705816868513	CPU_4	0	0	0	100.00	0	0	0	0	0	0
1428574706533170563	CPU_4	0	0	0	100.00	0	0	0	0	0	0
1428574707259692389	CPU_4	0	0	0	100.00	0	0	0	0	0	0
1428574707979672933	CPU_4	0	0	0	100.00	0	0	0	0	0	0
1428574708706397841	CPU_4	0	0	0	100.00	0	0	0	0	0	0
1428574709425557803	CPU_4	0	0	0	100.00	0	0	0	0	0	0
1428574710143002518	CPU_4	0	0	0	100.00	0	0	0	0	0	0
1428574710870020509	CPU_4	0	0	0	100.00	0	0	0	0	0	0
1428574711586671100	CPU_4	0	0	0	100.00	0	0	0	0	0	0
1428574712312014969	CPU_4	0	0	0	100.00	0	0	0	0	0	0
1428574713029972390	CPU_4	0	0	0	100.00	0	0	0	0	0	0
1428574713747785271	CPU_4	0	0	0	100.00	0	0	0	0	0	0
1428574714475921927	CPU_4	0	0	0	100.00	0	0	0	0	0	0
1428574715191789894	CPU_4	0	0	0	100.00	0	0	0	0	0	0
1428574715920034050	CPU_4	0	0	0	100.00	0	0	0	0	0	0
1428574716635646517	CPU_4	0	0	0	100.00	0	0	0	0	0	0
1428574717353977230	CPU_4	0	0	0	100.00	0	0	0	0	0	0
1428574718082020303	CPU_4	0	0	0	100.00	0	0	0	0	0	0
1428574718801838222	CPU_4	0	0	0	100.00	0	0	0	0	0	0
1428574719529531170	CPU_4	0	0	0	100.00	0	0	0	0	0	0
1428574720247747883	CPU_4	0	0	0	100.00	0	0	0	0	0	0
1428574720965630138	CPU_4	0	0	0	100.00	0	0	0	0	0	0
1428574721695378501	CPU_4	0	0	0	100.00	0	0	0	0	0	0
1428574722410472135	CPU_4	0	0	0	100.00	0	0	0	0	0	0
1428574723140736496	CPU_4	0	0	0	100.00	0	0	0	0	0	0
1428574723857749294	CPU_4	0	0	0	100.00	0	0	0	0	0	0
1428574724574624842	CPU_4	0	0	0	100.00	0	0	0	0	0	0
1428574725301681750	CPU_4	0	0	0	100.00	0	0	0	0	0	0
1428574726021298211	CPU_4	0	0	0	100.00	0	0	0	0	0	0
1428574726748216952	CPU_4	0	0	0	100.00	0	0	0	0	0	0
1428574727465279083	CPU_4	0	0	0	100.00	0	0	0	0	0	0
1428574728183376921	CPU_4	0	0	0	100.00	0	0	0	0	0	0
1428574728911408452	CPU_4	0	0	0	100.00	0	0	0	0	0	0
1428574729629372748	CPU_4	0	0	0	100.00	0	0	0	0	0	0
1428574730355119783	CPU_4	0	0	0	100.00	0	0	0	0	0	0
1428574731074235911	CPU_4	0	0	0	100.00	0	0	0	0	0	0
1428574731798360406	CPU_4	0	0	0	100.00	0	0	0	0	0	0
1428574732525447272	CPU_4	0	0	0	100.00	0	0	0	0	0	0
1428574733240619197	CPU_4	0	0	0	100.00	0	0	0	0	0	0
1428574733969872685	CPU_4	0	0	0	100.00	0	0	0	0	0	0
1428574734692863640	CPU_4	0	0	0	100.00	0	0	0	0	0	0
1428574735429400242	CPU_4	0	0	0	100.00	0	0	0	0	0	0
1428574736145919915	CPU_4	0	0	0	100.00	0	0	0	0	0	0
1428574736863949961	CPU_4	0	0	0	100.00	0	0	0	0	0	0
1428574737593831156	CPU_4	0	0	0	100.00	0	0	0	0	0	0
1428574738312499284	CPU_4	0	0	0	100.00	0	0	0	0	0	0
1428574739039494483	CPU_4	0	0	0	100.00	0	0	0	0	0	0
1428574739759097194	CPU_4	0	0	0	100.00	0	0	0	0	0	0
1428574740477990697	CPU_4	0	0	0	100.00	0	0	0	0	0	0
1428574741206567393	CPU_4	0	0	0	100.00	0	0	0	0	0	0
1428574741923744024	CPU_4	0	0	0	100.00	0	0	0	0	0	0
1428574742652927053	CPU_4	0	0	0	100.00	0	0	0	0	0	0
1428574743369983017	CPU_4	0	0	0	100.00	0	0	0	0	0	0
1428574744086155815	CPU_4	0	0	0	100.00	0	0	0	0	0	0
1428574744813229598	CPU_4	0	0	0	100.00	0	0	0	0	0	0
1428574745532605350	CPU_4	0	0	0	100.00	0	0	0	0	0	0
1428574746260978755	CPU_4	0	0	0	100.00	0	0	0	0	0	0
1428574746976989970	CPU_4	0	0	0	100.00	0	0	0	0	0	0
1428574747695540057	CPU_4	0	0	0	100.00	0	0	0	0	0	0
1428574748422867047	CPU_4	0	0	0	100.00	0	0	0	0	0	0
1428574749143468672	CPU_4	0	0	0	100.00	0	0	0	0	0	0
1428574749869320914	CPU_4	0	0	0	100.00	0	0	0	0	0	0
1428574750588361333	CPU_4	0	0	0	100.00	0	0	0	0	0	0
1428574751305791380	CPU_4	0	0	0	100.00	0	0	0	0	0	0
1428574752037300322	CPU_4	0	0	0	100.00	0	0	0	0	0	0
1428574752752796829	CPU_4	0	0	0	100.00	0	0	0	0	0	0
1428574753481554942	CPU_4	0	0	0	100.00	0	0	0	0	0	0
1428574754199567238	CPU_4	0	0	0	100.00	0	0	0	0	0	0
1428574754915574453	CPU_4	0	0	0	100.00	0	0	0	0	0	0
1428574755650481098	CPU_4	0	0	0	100.00	0	0	0	0	0	0
1428574756367945686	CPU_4	0	0	0	100.00	0	0	0	0	0	0
1428574757097159048	CPU_4	0	0	0	100.00	0	0	0	0	0	0
1428574757812544806	CPU_4	0	0	0	100.00	0	0	0	0	0	0
1428574758533521430	CPU_4	0	0	0	100.00	0	0	0	0	0	0
1428574759260083421	CPU_4	0	0	0	100.00	0	0	0	0	0	0
1428574759977698217	CPU_4	0	0	0	100.00	0	0	0	0	0	0
1428574760712769528	CPU_4	0	0	0	100.00	0	0	0	0	0	0
1428574761430407699	CPU_4	0	0	0	100.00	0	0	0	0	0	0
1428574762166204551	CPU_4	0	0	0	100.00	0	0	0	0	0	0
1428574762884900637	CPU_4	0	0	0	100.00	0	0	0	0	0	0
1428574763603919431	CPU_4	0	0	0	100.00	0	0	0	0	0	0
1428574764331129879	CPU_4	0	0	0	100.00	0	0	0	0	0	0
1428574765050365589	CPU_4	0	0	0	100.00	0	0	0	0	0	0
1428574765780771782	CPU_4	0	0	0	100.00	0	0	0	0	0	0
1428574766497767162	CPU_4	0	0	0	100.00	0	0	0	0	0	0
1428574767217843037	CPU_4	0	0	0	100.00	0	0	0	0	0	0
1428574767946597691	CPU_4	0	0	0	100.00	0	0	0	0	0	0
1428574768668747897	CPU_4	0	0	0	100.00	0	0	0	0	0	0
1428574769395822387	CPU_4	0	0	0	100.00	0	0	0	0	0	0
1428574770115311221	CPU_4	0	0	1.38	98.61	0	0	0	0	0	0
