#Timestamp	CPU_ID	user%	nice%	sys%	idle%	iowait%	irq%	softiq%	steal%	guest%	guest_nice%
1428602480006268035	CPU_0	12.28	0	5.26	82.45	0	0	0	0	0	0
1428602480619707384	CPU_0	0	0	0	100.00	0	0	0	0	0	0
1428602481234305981	CPU_0	0	0	1.63	98.36	0	0	0	0	0	0
1428602481847442830	CPU_0	0	0	0	100.00	0	0	0	0	0	0
1428602482468119463	CPU_0	0	0	1.61	98.38	0	0	0	0	0	0
1428602483083203518	CPU_0	0	0	0	98.36	0	1.63	0	0	0	0
1428602483698437281	CPU_0	0	0	0	100.00	0	0	0	0	0	0
1428602484313368795	CPU_0	0	0	0	98.36	0	1.63	0	0	0	0
1428602484929395766	CPU_0	0	0	0	100.00	0	0	0	0	0	0
1428602485551432189	CPU_0	0	0	0	100.00	0	0	0	0	0	0
1428602486167397785	CPU_0	0	0	0	93.75	0	6.25	0	0	0	0
1428602486782576756	CPU_0	0	0	0	100.00	0	0	0	0	0	0
1428602487398445644	CPU_0	0	0	1.63	98.36	0	0	0	0	0	0
1428602488015137364	CPU_0	0	0	0	100.00	0	0	0	0	0	0
1428602488636898745	CPU_0	0	0	0	100.00	0	0	0	0	0	0
1428602489252025217	CPU_0	3.27	0	0	96.72	0	0	0	0	0	0
1428602489867698521	CPU_0	0	0	0	98.36	1.63	0	0	0	0	0
1428602490482850493	CPU_0	0	0	1.63	98.36	0	0	0	0	0	0
1428602491105211541	CPU_0	0	0	1.58	98.41	0	0	0	0	0	0
1428602491719247180	CPU_0	0	0	1.63	98.36	0	0	0	0	0	0
1428602492333104028	CPU_0	0	0	0	100.00	0	0	0	0	0	0
1428602492946874959	CPU_0	0	0	0	100.00	0	0	0	0	0	0
1428602493561692014	CPU_0	0	0	0	100.00	0	0	0	0	0	0
1428602494182466271	CPU_0	0	0	0	100.00	0	0	0	0	0	0
1428602494797420326	CPU_0	0	0	0	98.36	0	1.63	0	0	0	0
1428602495412126381	CPU_0	0	0	1.63	98.36	0	0	0	0	0	0
1428602496027378311	CPU_0	0	0	0	100.00	0	0	0	0	0	0
1428602496642761282	CPU_0	0	0	1.63	98.36	0	0	0	0	0	0
1428602497264795621	CPU_0	0	0	0	100.00	0	0	0	0	0	0
1428602497880272884	CPU_0	0	0	0	98.38	0	1.61	0	0	0	0
1428602498495280606	CPU_0	0	0	0	98.38	0	0	1.61	0	0	0
1428602499112616991	CPU_0	0	0	1.63	98.36	0	0	0	0	0	0
1428602499734859455	CPU_0	0	0	0	98.38	0	1.61	0	0	0	0
1428602500351121342	CPU_0	0	0	0	100.00	0	0	0	0	0	0
1428602500967086313	CPU_0	0	0	1.63	98.36	0	0	0	0	0	0
1428602501583986532	CPU_0	0	0	1.61	98.38	0	0	0	0	0	0
1428602502200359460	CPU_0	0	0	0	98.36	0	1.63	0	0	0	0
1428602502823298882	CPU_0	0	0	0	100.00	0	0	0	0	0	0
1428602503440105226	CPU_0	0	0	1.63	98.36	0	0	0	0	0	0
1428602504058307361	CPU_0	0	0	0	100.00	0	0	0	0	0	0
1428602504675371789	CPU_0	0	0	0	98.36	0	1.63	0	0	0	0
1428602505298263335	CPU_0	0	0	1.58	98.41	0	0	0	0	0	0
1428602505915658137	CPU_0	0	0	0	100.00	0	0	0	0	0	0
1428602506533863522	CPU_0	0	0	0	98.38	0	1.61	0	0	0	0
1428602507151412032	CPU_0	0	0	1.61	96.77	0	0	1.61	0	0	0
1428602507768882585	CPU_0	0	0	0	100.00	0	0	0	0	0	0
1428602508392729547	CPU_0	0	0	1.58	96.82	0	1.58	0	0	0	0
1428602509010047224	CPU_0	0	0	0	100.00	0	0	0	0	0	0
1428602509628184192	CPU_0	0	0	0	98.36	0	1.63	0	0	0	0
1428602510245564910	CPU_0	0	0	0	100.00	0	0	0	0	0	0
1428602510868880665	CPU_0	0	0	0	92.42	0	0	7.57	0	0	0
1428602511488820839	CPU_0	0	0	0	100.00	0	0	0	0	0	0
1428602512107381098	CPU_0	0	0	1.61	96.77	0	1.61	0	0	0	0
1428602512724452651	CPU_0	0	0	1.63	98.36	0	0	0	0	0	0
1428602513341280828	CPU_0	0	0	0	100.00	0	0	0	0	0	0
1428602513964857874	CPU_0	0	0	0	100.00	0	0	0	0	0	0
1428602514583212925	CPU_0	0	0	0	98.38	0	1.61	0	0	0	0
1428602515200191310	CPU_0	0	0	0	100.00	0	0	0	0	0	0
1428602515816800654	CPU_0	0	0	1.63	98.36	0	0	0	0	0	0
1428602516434102165	CPU_0	0	0	1.58	96.82	0	1.58	0	0	0	0
1428602517058290460	CPU_0	0	0	0	100.00	0	0	0	0	0	0
1428602517675258470	CPU_0	0	0	0	100.00	0	0	0	0	0	0
1428602518292573689	CPU_0	0	0	1.58	96.82	0	1.58	0	0	0	0
1428602518909635074	CPU_0	0	0	0	100.00	0	0	0	0	0	0
1428602519533984036	CPU_0	0	0	0	95.38	0	4.61	0	0	0	0
1428602520151030463	CPU_0	0	0	0	98.36	1.63	0	0	0	0	0
1428602520768902472	CPU_0	0	0	1.61	98.38	0	0	0	0	0	0
1428602521386379482	CPU_0	0	0	1.63	98.36	0	0	0	0	0	0
1428602522004403700	CPU_0	0	0	0	100.00	0	0	0	0	0	0
1428602522628689453	CPU_0	0	0	1.61	98.38	0	0	0	0	0	0
1428602523247281795	CPU_0	1.61	0	0	98.38	0	0	0	0	0	0
1428602523865121304	CPU_0	0	0	0	100.00	0	0	0	0	0	0
1428602524483768813	CPU_0	0	0	1.61	98.38	0	0	0	0	0	0
1428602525107846441	CPU_0	0	0	0	100.00	0	0	0	0	0	0
1428602525725816617	CPU_0	0	0	0	100.00	0	0	0	0	0	0
1428602526342401878	CPU_0	0	0	1.61	96.77	0	1.61	0	0	0	0
1428602526960240512	CPU_0	0	0	0	100.00	0	0	0	0	0	0
1428602527578531979	CPU_0	0	0	0	100.00	0	0	0	0	0	0
1428602528202530774	CPU_0	0	0	0	100.00	0	0	0	0	0	0
1428602528820043742	CPU_0	0	0	0	98.38	0	1.61	0	0	0	0
1428602529437658668	CPU_0	0	0	0	100.00	0	0	0	0	0	0
1428602530055711261	CPU_0	0	0	0	100.00	0	0	0	0	0	0
1428602530679715139	CPU_0	0	0	1.61	98.38	0	0	0	0	0	0
1428602531297312648	CPU_0	0	0	1.58	96.82	0	1.58	0	0	0	0
1428602531915144116	CPU_0	0	0	0	100.00	0	0	0	0	0	0
1428602532532378917	CPU_0	0	0	0	100.00	0	0	0	0	0	0
1428602533151105759	CPU_0	0	0	0	98.38	0	1.61	0	0	0	0
1428602533775265345	CPU_0	0	0	0	100.00	0	0	0	0	0	0
1428602534393083271	CPU_0	0	0	0	100.00	0	0	0	0	0	0
1428602535010536030	CPU_0	0	0	1.63	98.36	0	0	0	0	0	0
1428602535629243830	CPU_0	0	0	0	98.38	0	1.61	0	0	0	0
1428602536253226875	CPU_0	0	0	1.61	98.38	0	0	0	0	0	0
1428602536871735550	CPU_0	0	0	1.61	98.38	0	0	0	0	0	0
1428602537489553392	CPU_0	0	0	0	100.00	0	0	0	0	0	0
1428602538108473358	CPU_0	0	0	0	98.38	0	1.61	0	0	0	0
1428602538726646659	CPU_0	0	0	0	100.00	0	0	0	0	0	0
1428602539351736452	CPU_0	0	0	0	100.00	0	0	0	0	0	0
1428602539969760961	CPU_0	0	0	3.17	95.23	0	1.58	0	0	0	0
1428602540589029552	CPU_0	0	0	0	100.00	0	0	0	0	0	0
1428602541206983019	CPU_0	0	0	0	100.00	0	0	0	0	0	0
1428602541831350771	CPU_0	0	0	1.58	96.82	0	1.58	0	0	0	0
1428602542449585780	CPU_0	0	0	0	100.00	0	0	0	0	0	0
1428602543068894245	CPU_0	0	0	0	100.00	0	0	0	0	0	0
1428602543687527212	CPU_0	0	0	3.22	91.93	0	4.83	0	0	0	0
1428602544305772178	CPU_0	0	0	0	100.00	0	0	0	0	0	0
1428602544930474764	CPU_0	11.29	0	3.22	85.48	0	0	0	0	0	0
1428602545549617563	CPU_0	0	0	0	98.38	0	1.61	0	0	0	0
1428602546169076153	CPU_0	0	0	0	100.00	0	0	0	0	0	0
1428602546787333412	CPU_0	0	0	0	100.00	0	0	0	0	0	0
1428602547411691289	CPU_0	0	0	0	98.38	0	1.61	0	0	0	0
1428602548029550048	CPU_0	0	0	1.63	98.36	0	0	0	0	0	0
1428602548648942555	CPU_0	0	0	0	93.84	0	6.15	0	0	0	0
1428602549267541688	CPU_0	4.91	0	1.63	93.44	0	0	0	0	0	0
1428602549885705904	CPU_0	0	0	0	98.36	1.63	0	0	0	0	0
1428602550510989280	CPU_0	0	0	0	100.00	0	0	0	0	0	0
1428602551130461621	CPU_0	0	0	0	100.00	0	0	0	0	0	0
1428602551749442920	CPU_0	0	0	0	100.00	0	0	0	0	0	0
1428602552368101553	CPU_0	0	0	0	100.00	0	0	0	0	0	0
1428602552992509221	CPU_0	0	0	1.61	98.38	0	0	0	0	0	0
1428602553612141936	CPU_0	1.61	0	0	98.38	0	0	0	0	0	0
1428602554230830986	CPU_0	0	0	0	100.00	0	0	0	0	0	0
1428602554849449243	CPU_0	0	0	0	100.00	0	0	0	0	0	0
1428602555467837168	CPU_0	0	0	0	100.00	0	0	0	0	0	0
1428602556094005626	CPU_0	0	0	1.61	98.38	0	0	0	0	0	0
1428602556712671759	CPU_0	0	0	0	92.42	0	1.51	6.06	0	0	0
1428602557331410933	CPU_0	0	0	0	100.00	0	0	0	0	0	0
1428602557950223357	CPU_0	0	0	0	98.38	0	1.61	0	0	0	0
1428602558575016109	CPU_0	0	0	0	100.00	0	0	0	0	0	0
1428602559194774448	CPU_0	0	0	0	100.00	0	0	0	0	0	0
1428602559813368498	CPU_0	0	0	0	100.00	0	0	0	0	0	0
1428602560431736089	CPU_0	0	0	0	100.00	0	0	0	0	0	0
1428602561050246180	CPU_0	0	0	1.58	96.82	0	1.58	0	0	0	0
1428602561676016597	CPU_0	0	0	0	100.00	0	0	0	0	0	0
1428602562294687396	CPU_0	0	0	1.61	98.38	0	0	0	0	0	0
1428602562913038653	CPU_0	0	0	0	100.00	0	0	0	0	0	0
1428602563531932244	CPU_0	0	0	0	98.38	0	1.61	0	0	0	0
1428602564156793162	CPU_0	0	0	0	100.00	0	0	0	0	0	0
1428602564775471877	CPU_0	0	0	1.61	98.38	0	0	0	0	0	0
1428602565393347719	CPU_0	0	0	0	98.38	0	1.61	0	0	0	0
1428602566012168184	CPU_0	0	0	0	100.00	0	0	0	0	0	0
1428602566630671150	CPU_0	0	0	0	98.38	0	1.61	0	0	0	0
1428602567256285400	CPU_0	0	0	0	100.00	0	0	0	0	0	0
1428602567874412075	CPU_0	0	0	1.61	98.38	0	0	0	0	0	0
1428602568493394290	CPU_0	0	0	0	100.00	0	0	0	0	0	0
1428602569112081547	CPU_0	0	0	0	100.00	0	0	0	0	0	0
1428602569736308549	CPU_0	0	0	0	98.38	0	1.61	0	0	0	0
1428602570354308265	CPU_0	0	0	0	100.00	0	0	0	0	0	0
1428602570973893938	CPU_0	0	0	0	100.00	0	0	0	0	0	0
1428602571592633028	CPU_0	0	0	1.61	98.38	0	0	0	0	0	0
1428602572212211576	CPU_0	0	0	1.58	96.82	0	1.58	0	0	0	0
1428602572836759577	CPU_0	0	0	0	100.00	0	0	0	0	0	0
1428602573456124126	CPU_0	0	0	0	100.00	0	0	0	0	0	0
1428602574074860257	CPU_0	0	0	0	98.38	0	1.61	0	0	0	0
1428602574694131389	CPU_0	0	0	0	98.36	1.63	0	0	0	0	0
1428602575319062723	CPU_0	0	0	1.58	98.41	0	0	0	0	0	0
1428602575938404646	CPU_0	0	0	0	95.23	0	4.76	0	0	0	0
1428602576556698570	CPU_0	0	0	1.61	98.38	0	0	0	0	0	0
1428602577176460034	CPU_0	0	0	1.61	98.38	0	0	0	0	0	0
1428602577794617917	CPU_0	0	0	1.61	98.38	0	0	0	0	0	0
1428602578419782584	CPU_0	0	0	0	100.00	0	0	0	0	0	0
1428602579038763882	CPU_0	0	0	1.61	98.38	0	0	0	0	0	0
1428602579658481096	CPU_0	0	0	0	100.00	0	0	0	0	0	0
1428602580276769228	CPU_0	0	0	0	100.00	0	0	0	0	0	0
1428602580901642812	CPU_0	0	0	0	100.00	0	0	0	0	0	0
1428602581519994486	CPU_0	0	0	0	96.77	0	3.22	0	0	0	0
1428602582139664617	CPU_0	0	0	0	100.00	0	0	0	0	0	0
1428602582758423749	CPU_0	0	0	1.61	98.38	0	0	0	0	0	0
1428602583377219380	CPU_0	0	0	0	100.00	0	0	0	0	0	0
1428602584001839131	CPU_0	0	0	0	100.00	0	0	0	0	0	0
1428602584621433095	CPU_0	0	0	0	100.00	0	0	0	0	0	0
1428602585240533643	CPU_0	0	0	0	100.00	0	0	0	0	0	0
1428602585860020649	CPU_0	0	0	0	100.00	0	0	0	0	0	0
1428602586484360900	CPU_0	0	0	0	100.00	0	0	0	0	0	0
1428602587104280030	CPU_0	0	0	1.61	96.77	0	1.61	0	0	0	0
1428602587724269494	CPU_0	0	0	1.61	98.38	0	0	0	0	0	0
1428602588343917750	CPU_0	0	0	1.61	98.38	0	0	0	0	0	0
1428602588962486340	CPU_0	0	0	0	96.82	0	3.17	0	0	0	0
1428602589588079881	CPU_0	0	0	0	100.00	0	0	0	0	0	0
1428602590208295594	CPU_0	0	0	3.27	95.08	1.63	0	0	0	0	0
1428602590828334391	CPU_0	0	0	0	98.38	0	1.61	0	0	0	0
1428602591447337814	CPU_0	0	0	1.58	96.82	0	0	1.58	0	0	0
1428602592073095438	CPU_0	0	0	0	100.00	0	0	0	0	0	0
1428602592693438318	CPU_0	0	0	0	100.00	0	0	0	0	0	0
1428602593313338198	CPU_0	0	0	0	98.38	0	1.61	0	0	0	0
1428602593932006913	CPU_0	0	0	1.61	98.38	0	0	0	0	0	0
1428602594551603752	CPU_0	0	0	0	100.00	0	0	0	0	0	0
1428602595177763126	CPU_0	0	0	1.53	92.30	0	1.53	4.61	0	0	0
1428602595797472839	CPU_0	0	0	0	100.00	0	0	0	0	0	0
1428602596416586512	CPU_0	0	0	0	98.38	0	1.61	0	0	0	0
1428602597036434684	CPU_0	0	0	0	100.00	0	0	0	0	0	0
1428602597662402058	CPU_0	0	0	1.58	98.41	0	0	0	0	0	0
1428602598282691854	CPU_0	0	0	1.58	95.23	0	3.17	0	0	0	0
1428602598902555859	CPU_0	0	0	0	100.00	0	0	0	0	0	0
1428602599522194198	CPU_0	0	0	0	100.00	0	0	0	0	0	0
1428602600142554994	CPU_0	0	0	1.63	96.72	1.63	0	0	0	0	0
1428602600768841326	CPU_0	0	0	0	100.00	0	0	0	0	0	0
1428602601387624082	CPU_0	0	0	0	100.00	0	0	0	0	0	0
1428602602007604587	CPU_0	0	0	0	98.38	0	1.61	0	0	0	0
1428602602627924425	CPU_0	0	0	1.51	92.42	0	6.06	0	0	0	0
1428602603255419381	CPU_0	0	0	0	100.00	0	0	0	0	0	0
1428602603875789677	CPU_0	0	0	1.63	98.36	0	0	0	0	0	0
1428602604495985348	CPU_0	0	0	0	100.00	0	0	0	0	0	0
1428602605115853769	CPU_0	0	0	0	100.00	0	0	0	0	0	0
1428602605738382772	CPU_0	0	0	1.61	98.38	0	0	0	0	0	0
1428602606362714897	CPU_0	0	0	0	100.00	0	0	0	0	0	0
1428602606982603985	CPU_0	0	0	0	100.00	0	0	0	0	0	0
1428602607602272157	CPU_0	0	0	1.61	98.38	0	0	0	0	0	0
1428602608222747661	CPU_0	0	0	0	100.00	0	0	0	0	0	0
1428602608848755993	CPU_0	0	0	0	100.00	0	0	0	0	0	0
1428602609468205415	CPU_0	1.61	0	1.61	96.77	0	0	0	0	0	0
1428602610088015961	CPU_0	0	0	0	100.00	0	0	0	0	0	0
1428602610708532715	CPU_0	0	0	0	98.36	0	1.63	0	0	0	0
1428602611335825587	CPU_0	0	0	0	100.00	0	0	0	0	0	0
1428602611955724175	CPU_0	0	0	0	100.00	0	0	0	0	0	0
1428602612575875763	CPU_0	0	0	0	100.00	0	0	0	0	0	0
1428602613196517975	CPU_0	0	0	0	98.38	0	1.61	0	0	0	0
1428602613816818688	CPU_0	0	0	0	100.00	0	0	0	0	0	0
1428602614443367061	CPU_0	0	0	1.61	98.38	0	0	0	0	0	0
1428602615063488857	CPU_0	0	0	0	93.65	1.58	4.76	0	0	0	0
1428602615684903985	CPU_0	0	0	1.58	98.41	0	0	0	0	0	0
1428602616305186489	CPU_0	0	0	0	100.00	0	0	0	0	0	0
1428602616931270154	CPU_0	0	0	1.58	98.41	0	0	0	0	0	0
1428602617551841408	CPU_0	0	0	1.63	98.36	0	0	0	0	0	0
1428602618172551453	CPU_0	0	0	0	100.00	0	0	0	0	0	0
1428602618793165373	CPU_0	0	0	0	100.00	0	0	0	0	0	0
1428602619413879752	CPU_0	0	0	1.58	96.82	0	1.58	0	0	0	0
1428602620039794459	CPU_0	0	0	0	98.36	1.63	0	0	0	0	0
1428602620660862003	CPU_0	0	0	0	100.00	0	0	0	0	0	0
1428602621281348424	CPU_0	0	0	0	100.00	0	0	0	0	0	0
1428602621901902178	CPU_0	0	0	0	98.38	0	1.61	0	0	0	0
1428602622528156217	CPU_0	0	0	0	100.00	0	0	0	0	0	0
1428602623149369845	CPU_0	0	0	0	100.00	0	0	0	0	0	0
1428602623770910556	CPU_0	0	0	0	98.38	0	1.61	0	0	0	0
1428602624391557185	CPU_0	0	0	0	100.00	0	0	0	0	0	0
1428602625012020688	CPU_0	0	0	0	100.00	0	0	0	0	0	0
1428602625638364894	CPU_0	0	0	0	96.82	0	0	3.17	0	0	0
1428602626260154147	CPU_0	1.58	0	0	96.82	0	1.58	0	0	0	0
1428602626880724484	CPU_0	0	0	0	100.00	0	0	0	0	0	0
1428602627503439610	CPU_0	0	0	0	98.36	0	1.63	0	0	0	0
1428602628130068566	CPU_0	0	0	1.58	98.41	0	0	0	0	0	0
1428602628751443735	CPU_0	0	0	0	100.00	0	0	0	0	0	0
1428602629371680239	CPU_0	0	0	0	100.00	0	0	0	0	0	0
1428602629992819783	CPU_0	0	0	1.58	96.82	0	1.58	0	0	0	0
1428602630619305072	CPU_0	0	0	1.61	98.38	0	0	0	0	0	0
1428602631241132366	CPU_0	0	0	0	100.00	0	0	0	0	0	0
1428602631862088452	CPU_0	0	0	0	93.84	0	6.15	0	0	0	0
1428602632482435206	CPU_0	0	0	0	100.00	0	0	0	0	0	0
1428602633103006168	CPU_0	0	0	0	100.00	0	0	0	0	0	0
1428602633730942997	CPU_0	0	0	1.58	98.41	0	0	0	0	0	0
1428602634351755708	CPU_0	0	0	0	100.00	0	0	0	0	0	0
1428602634972806211	CPU_0	0	0	0	100.00	0	0	0	0	0	0
1428602635594054922	CPU_0	0	0	0	100.00	0	0	0	0	0	0
1428602636221583835	CPU_0	0	0	1.58	98.41	0	0	0	0	0	0
1428602636842348046	CPU_0	0	0	1.61	98.38	0	0	0	0	0	0
1428602637462810716	CPU_0	0	0	0	100.00	0	0	0	0	0	0
1428602638082939511	CPU_0	0	0	0	100.00	0	0	0	0	0	0
1428602638704138055	CPU_0	0	0	0	100.00	0	0	0	0	0	0
1428602639330256553	CPU_0	0	0	1.58	96.82	0	1.58	0	0	0	0
1428602639951011473	CPU_0	0	0	0	100.00	0	0	0	0	0	0
1428602640571924267	CPU_0	0	0	1.61	98.38	0	0	0	0	0	0
1428602641193577436	CPU_0	0	0	1.61	98.38	0	0	0	0	0	0
1428602641820490516	CPU_0	0	0	0	98.38	0	1.61	0	0	0	0
1428602642441481768	CPU_0	0	0	0	96.82	0	0	3.17	0	0	0
1428602643062331563	CPU_0	0	0	0	100.00	0	0	0	0	0	0
1428602643683109232	CPU_0	0	0	1.61	98.38	0	0	0	0	0	0
1428602644314179433	CPU_0	0	0	0	98.41	0	1.58	0	0	0	0
1428602644934773561	CPU_0	0	0	0	100.00	0	0	0	0	0	0
1428602645555522314	CPU_0	0	0	0	100.00	0	0	0	0	0	0
1428602646176040775	CPU_0	0	0	1.58	96.82	0	1.58	0	0	0	0
1428602646796740486	CPU_0	0	0	0	96.82	0	3.17	0	0	0	0
1428602647424009315	CPU_0	0	0	0	100.00	0	0	0	0	0	0
1428602648045178359	CPU_0	0	0	0	100.00	0	0	0	0	0	0
1428602648666475861	CPU_0	0	0	1.61	98.38	0	0	0	0	0	0
1428602649287764822	CPU_0	0	0	0	100.00	0	0	0	0	0	0
1428602649914725568	CPU_0	0	0	0	98.38	1.61	0	0	0	0	0
1428602650536763695	CPU_0	0	0	1.61	98.38	0	0	0	0	0	0
1428602651157780280	CPU_0	0	0	0	100.00	0	0	0	0	0	0
1428602651779635740	CPU_0	0	0	0	100.00	0	0	0	0	0	0
1428602652400645742	CPU_0	0	0	0	98.36	0	1.63	0	0	0	0
1428602653027764863	CPU_0	0	0	0	100.00	0	0	0	0	0	0
1428602653648362033	CPU_0	0	0	0	100.00	0	0	0	0	0	0
1428602654270063451	CPU_0	0	0	1.53	93.84	0	4.61	0	0	0	0
1428602654890688829	CPU_0	0	0	0	100.00	0	0	0	0	0	0
1428602655517901241	CPU_0	0	0	1.61	98.38	0	0	0	0	0	0
1428602656138816618	CPU_0	0	0	0	100.00	0	0	0	0	0	0
1428602656760276287	CPU_0	0	0	1.61	98.38	0	0	0	0	0	0
1428602657381336372	CPU_0	0	0	0	100.00	0	0	0	0	0	0
1428602658002940040	CPU_0	0	0	0	100.00	0	0	0	0	0	0
1428602658642514440	CPU_0	4.76	0	1.58	92.06	0	0	1.58	0	0	0
1428602659274257182	CPU_0	3.17	0	1.58	95.23	0	0	0	0	0	0
1428602659893910060	CPU_0	0	0	0	100.00	0	0	0	0	0	0
1428602660513681522	CPU_0	0	0	0	98.36	0	1.63	0	0	0	0
1428602661140229810	CPU_0	0	0	1.58	98.41	0	0	0	0	0	0
1428602661760715146	CPU_0	0	0	0	100.00	0	0	0	0	0	0
1428602662381070273	CPU_0	0	0	0	96.82	0	3.17	0	0	0	0
1428602663001610567	CPU_0	0	0	0	100.00	0	0	0	0	0	0
1428602663628370230	CPU_0	1.63	0	1.63	96.72	0	0	0	0	0	0
1428602664249185524	CPU_0	0	0	1.63	96.72	0	1.63	0	0	0	0
1428602664870148359	CPU_0	9.67	0	4.83	82.25	1.61	1.61	0	0	0	0
1428602665490684112	CPU_0	0	0	0	96.82	0	1.58	1.58	0	0	0
1428602666111346031	CPU_0	0	0	0	100.00	0	0	0	0	0	0
1428602666739073817	CPU_0	0	0	1.61	98.38	0	0	0	0	0	0
1428602667360173861	CPU_0	0	0	0	98.38	0	1.61	0	0	0	0
1428602667980986779	CPU_0	0	0	0	100.00	0	0	0	0	0	0
1428602668601728615	CPU_0	0	0	1.61	98.38	0	0	0	0	0	0
1428602669229126235	CPU_0	6.45	0	1.61	91.93	0	0	0	0	0	0
1428602669850753320	CPU_0	0	0	1.58	96.82	0	1.58	0	0	0	0
1428602670471223447	CPU_0	0	0	0	100.00	0	0	0	0	0	0
1428602671092254948	CPU_0	0	0	0	100.00	0	0	0	0	0	0
1428602671720508110	CPU_0	0	0	1.56	96.87	0	1.56	0	0	0	0
1428602672342148569	CPU_0	0	0	0	100.00	0	0	0	0	0	0
1428602672963160946	CPU_0	0	0	0	100.00	0	0	0	0	0	0
1428602673584235822	CPU_0	0	0	1.61	98.38	0	0	0	0	0	0
1428602674204957366	CPU_0	1.49	0	0	91.04	0	1.49	5.97	0	0	0
1428602674832745319	CPU_0	0	0	0	100.00	0	0	0	0	0	0
1428602675453440904	CPU_0	0	0	0	100.00	0	0	0	0	0	0
1428602676074440489	CPU_0	0	0	0	98.38	0	1.61	0	0	0	0
1428602676694876533	CPU_0	0	0	3.17	96.82	0	0	0	0	0	0
1428602677323218360	CPU_0	0	0	0	100.00	0	0	0	0	0	0
1428602677944519361	CPU_0	0	0	0	100.00	0	0	0	0	0	0
1428602678565887071	CPU_0	0	0	0	98.38	0	1.61	0	0	0	0
1428602679186747489	CPU_0	0	0	0	100.00	0	0	0	0	0	0
1428602679809027156	CPU_0	0	0	3.22	96.77	0	0	0	0	0	0
1428602680436356443	CPU_0	0	0	0	98.41	0	1.58	0	0	0	0
1428602681057773735	CPU_0	0	0	0	100.00	0	0	0	0	0	0
1428602681678992986	CPU_0	0	0	1.61	98.38	0	0	0	0	0	0
1428602682301846069	CPU_0	0	0	1.58	98.41	0	0	0	0	0	0
1428602682929517189	CPU_0	0	0	0	98.38	0	1.61	0	0	0	0
1428602683551047815	CPU_0	0	0	0	100.00	0	0	0	0	0	0
1428602684172088566	CPU_0	0	0	0	100.00	0	0	0	0	0	0
1428602684794259983	CPU_0	0	0	0	98.36	0	1.63	0	0	0	0
1428602685424855516	CPU_0	0	0	0	100.00	0	0	0	0	0	0
1428602686046475808	CPU_0	0	0	0	100.00	0	0	0	0	0	0
1428602686667541060	CPU_0	0	0	1.61	98.38	0	0	0	0	0	0
1428602687289439727	CPU_0	0	0	0	98.41	0	1.58	0	0	0	0
1428602687910514144	CPU_0	0	0	0	100.00	0	0	0	0	0	0
1428602688537647014	CPU_0	0	0	0	100.00	0	0	0	0	0	0
1428602689158499557	CPU_0	0	0	0	100.00	0	0	0	0	0	0
1428602689779861933	CPU_0	0	0	0	98.38	0	1.61	0	0	0	0
1428602690400850226	CPU_0	0	0	0	93.84	0	6.15	0	0	0	0
1428602691027486596	CPU_0	0	0	1.58	98.41	0	0	0	0	0	0
1428602691648946347	CPU_0	0	0	0	100.00	0	0	0	0	0	0
1428602692270568181	CPU_0	0	0	0	100.00	0	0	0	0	0	0
1428602692891445807	CPU_0	0	0	0	100.00	0	0	0	0	0	0
1428602693512440058	CPU_0	0	0	0	100.00	0	0	0	0	0	0
1428602694139970761	CPU_0	0	0	1.61	98.38	0	0	0	0	0	0
1428602694761405553	CPU_0	0	0	1.58	98.41	0	0	0	0	0	0
1428602695382792929	CPU_0	0	0	1.61	96.77	1.61	0	0	0	0	0
1428602696003196930	CPU_0	0	0	1.61	98.38	0	0	0	0	0	0
1428602696630630841	CPU_0	0	0	0	100.00	0	0	0	0	0	0
1428602697251956175	CPU_0	0	0	1.61	98.38	0	0	0	0	0	0
1428602697874201758	CPU_0	0	0	0	100.00	0	0	0	0	0	0
1428602698495853175	CPU_0	0	0	0	100.00	0	0	0	0	0	0
1428602699123111628	CPU_0	0	0	0	100.00	0	0	0	0	0	0
1428602699747398875	CPU_0	0	0	0	100.00	0	0	0	0	0	0
1428602700369743042	CPU_0	0	0	0	98.36	0	1.63	0	0	0	0
1428602700991332500	CPU_0	0	0	1.61	98.38	0	0	0	0	0	0
1428602701612810209	CPU_0	0	0	1.61	98.38	0	0	0	0	0	0
1428602702240912869	CPU_0	0	0	1.47	91.17	0	7.35	0	0	0	0
1428602702863057285	CPU_0	0	0	0	100.00	0	0	0	0	0	0
1428602703483684161	CPU_0	0	0	0	100.00	0	0	0	0	0	0
1428602704105103537	CPU_0	0	0	0	100.00	0	0	0	0	0	0
1428602704732667406	CPU_0	0	0	0	100.00	0	0	0	0	0	0
1428602705354577322	CPU_0	0	0	0	100.00	0	0	0	0	0	0
1428602705975675656	CPU_0	0	0	1.61	98.38	0	0	0	0	0	0
1428602706596862448	CPU_0	0	0	0	100.00	0	0	0	0	0	0
1428602707217776074	CPU_0	0	0	0	100.00	0	0	0	0	0	0
1428602707846042025	CPU_0	0	0	1.58	98.41	0	0	0	0	0	0
1428602708466884151	CPU_0	0	0	0	100.00	0	0	0	0	0	0
1428602709088479318	CPU_0	0	0	0	100.00	0	0	0	0	0	0
1428602709710196026	CPU_0	0	0	1.61	98.38	0	0	0	0	0	0
1428602710338929102	CPU_0	0	0	0	98.41	0	0	1.58	0	0	0
1428602710960116352	CPU_0	0	0	0	100.00	0	0	0	0	0	0
1428602711581806560	CPU_0	0	0	1.61	98.38	0	0	0	0	0	0
1428602712202922061	CPU_0	0	0	0	100.00	0	0	0	0	0	0
1428602712831192929	CPU_0	0	0	1.58	98.41	0	0	0	0	0	0
1428602713454894593	CPU_0	0	0	0	98.38	0	1.61	0	0	0	0
1428602714076565801	CPU_0	0	0	0	100.00	0	0	0	0	0	0
1428602714698409301	CPU_0	0	0	0	100.00	0	0	0	0	0	0
1428602715321368591	CPU_0	0	0	0	98.36	0	1.63	0	0	0	0
1428602715949180334	CPU_0	0	0	0	100.00	0	0	0	0	0	0
1428602716570766918	CPU_0	0	0	1.61	98.38	0	0	0	0	0	0
1428602717192323626	CPU_0	0	0	1.61	98.38	0	0	0	0	0	0
1428602717814786166	CPU_0	0	0	0	98.38	0	1.61	0	0	0	0
1428602718442116910	CPU_0	0	0	1.56	96.87	0	1.56	0	0	0	0
1428602719064009201	CPU_0	0	0	0	98.38	0	0	1.61	0	0	0
1428602719686276825	CPU_0	0	0	0	100.00	0	0	0	0	0	0
1428602720308779907	CPU_0	0	0	0	100.00	0	0	0	0	0	0
1428602720929854741	CPU_0	0	0	1.61	98.38	0	0	0	0	0	0
1428602721557440192	CPU_0	0	0	0	100.00	0	0	0	0	0	0
1428602722178872859	CPU_0	0	0	1.58	96.82	0	1.58	0	0	0	0
1428602722800809650	CPU_0	0	0	0	100.00	0	0	0	0	0	0
1428602723422075566	CPU_0	0	0	0	98.38	0	1.61	0	0	0	0
1428602724049480518	CPU_0	0	0	0	100.00	0	0	0	0	0	0
1428602724671027809	CPU_0	0	0	1.63	98.36	0	0	0	0	0	0
1428602725292600975	CPU_0	0	0	0	100.00	0	0	0	0	0	0
1428602725914853141	CPU_0	0	0	0	100.00	0	0	0	0	0	0
1428602726543496592	CPU_0	0	0	0	98.38	0	1.61	0	0	0	0
1428602727165146549	CPU_0	0	0	0	100.00	0	0	0	0	0	0
1428602727786287466	CPU_0	0	0	1.61	98.38	0	0	0	0	0	0
1428602728408034173	CPU_0	0	0	0	92.42	0	6.06	1.51	0	0	0
1428602729029432923	CPU_0	1.61	0	0	98.38	0	0	0	0	0	0
1428602729657908915	CPU_0	0	0	0	100.00	0	0	0	0	0	0
1428602730280729913	CPU_0	0	0	1.61	98.38	0	0	0	0	0	0
1428602730903247412	CPU_0	0	0	0	100.00	0	0	0	0	0	0
1428602731526016702	CPU_0	0	0	0	100.00	0	0	0	0	0	0
1428602732153722820	CPU_0	0	0	0	100.00	0	0	0	0	0	0
1428602732775635569	CPU_0	0	0	1.61	98.38	0	0	0	0	0	0
1428602733397723776	CPU_0	0	0	0	100.00	0	0	0	0	0	0
1428602734019494525	CPU_0	0	0	0	100.00	0	0	0	0	0	0
1428602734641921814	CPU_0	0	0	0	100.00	0	0	0	0	0	0
1428602735267952851	CPU_0	0	0	0	98.38	1.61	0	0	0	0	0
1428602735890044975	CPU_0	0	0	1.58	98.41	0	0	0	0	0	0
1428602736511714724	CPU_0	0	0	0	100.00	0	0	0	0	0	0
1428602737133820056	CPU_0	0	0	1.56	95.31	0	1.56	1.56	0	0	0
1428602737761881340	CPU_0	0	0	0	100.00	0	0	0	0	0	0
1428602738384747504	CPU_0	0	0	1.56	95.31	0	3.12	0	0	0	0
1428602739006294378	CPU_0	0	0	0	100.00	0	0	0	0	0	0
1428602739628541418	CPU_0	0	0	0	100.00	0	0	0	0	0	0
1428602740256675078	CPU_0	0	0	0	100.00	0	0	0	0	0	0
1428602740879217867	CPU_0	0	0	0	100.00	0	0	0	0	0	0
1428602741500660491	CPU_0	0	0	0	100.00	0	0	0	0	0	0
1428602742122948823	CPU_0	0	0	1.61	98.38	0	0	0	0	0	0
1428602742744050072	CPU_0	0	0	0	100.00	0	0	0	0	0	0
1428602743372491189	CPU_0	0	0	0	100.00	0	0	0	0	0	0
1428602743994011438	CPU_0	0	0	0	98.38	0	1.61	0	0	0	0
1428602744616605353	CPU_0	0	0	0	100.00	0	0	0	0	0	0
1428602745238828809	CPU_0	0	0	1.61	98.38	0	0	0	0	0	0
1428602745868408384	CPU_0	0	0	0	96.87	0	1.56	1.56	0	0	0
1428602746490780507	CPU_0	0	0	0	100.00	0	0	0	0	0	0
1428602747113782629	CPU_0	0	0	1.61	98.38	0	0	0	0	0	0
1428602747736235960	CPU_0	0	0	0	100.00	0	0	0	0	0	0
1428602748365125702	CPU_0	0	0	0	98.41	0	1.58	0	0	0	0
1428602748987319283	CPU_0	0	0	0	100.00	0	0	0	0	0	0
1428602749609529156	CPU_0	0	0	0	96.82	0	3.17	0	0	0	0
1428602750231735529	CPU_0	0	0	1.61	98.38	0	0	0	0	0	0
1428602750854557694	CPU_0	0	0	1.61	98.38	0	0	0	0	0	0
1428602751482899019	CPU_0	0	0	0	100.00	0	0	0	0	0	0
1428602752105220642	CPU_0	0	0	1.61	98.38	0	0	0	0	0	0
1428602752727989514	CPU_0	0	0	0	100.00	0	0	0	0	0	0
1428602753350838178	CPU_0	0	0	1.61	98.38	0	0	0	0	0	0
1428602753979160253	CPU_0	0	0	0	100.00	0	0	0	0	0	0
1428602754601211876	CPU_0	0	0	0	100.00	0	0	0	0	0	0
1428602755223710499	CPU_0	0	0	1.56	95.31	0	1.56	1.56	0	0	0
1428602755846358247	CPU_0	0	0	0	100.00	0	0	0	0	0	0
1428602756474920863	CPU_0	0	0	0	100.00	0	0	0	0	0	0
1428602757097650194	CPU_0	0	0	0	98.38	0	1.61	0	0	0	0
1428602757720635066	CPU_0	0	0	1.61	98.38	0	0	0	0	0	0
1428602758344184021	CPU_0	0	0	1.61	98.38	0	0	0	0	0	0
1428602758966158310	CPU_0	0	0	0	91.04	0	1.49	7.46	0	0	0
1428602759595294426	CPU_0	0	0	0	100.00	0	0	0	0	0	0
1428602760217148758	CPU_0	0	0	0	100.00	0	0	0	0	0	0
1428602760840313879	CPU_0	0	0	0	98.38	0	1.61	0	0	0	0
1428602761463480668	CPU_0	0	0	0	100.00	0	0	0	0	0	0
1428602762093828741	CPU_0	0	0	1.58	98.41	0	0	0	0	0	0
1428602762717102737	CPU_0	0	0	0	100.00	0	0	0	0	0	0
1428602763339796568	CPU_0	0	0	0	98.36	0	1.63	0	0	0	0
1428602763962804065	CPU_0	0	0	0	100.00	0	0	0	0	0	0
1428602764595216552	CPU_0	0	0	0	100.00	0	0	0	0	0	0
1428602765217521258	CPU_0	0	0	1.56	95.31	1.56	1.56	0	0	0	0
1428602765840433713	CPU_0	0	0	0	100.00	0	0	0	0	0	0
1428602766463141377	CPU_0	0	0	0	100.00	0	0	0	0	0	0
1428602767085296958	CPU_0	0	0	1.58	96.82	0	1.58	0	0	0	0
1428602767714233699	CPU_0	0	0	0	100.00	0	0	0	0	0	0
1428602768336913696	CPU_0	0	0	0	100.00	0	0	0	0	0	0
1428602768959682901	CPU_0	0	0	0	100.00	0	0	0	0	0	0
1428602769582562482	CPU_0	0	0	0	93.84	0	6.15	0	0	0	0
1428602770211087473	CPU_0	0	0	1.63	98.36	0	0	0	0	0	0
1428602770833876886	CPU_0	0	0	0	100.00	0	0	0	0	0	0
1428602771456389467	CPU_0	0	0	0	100.00	0	0	0	0	0	0
1428602772079425630	CPU_0	0	0	1.61	98.38	0	0	0	0	0	0
1428602772703853583	CPU_0	0	0	0	100.00	0	0	0	0	0	0
1428602773331548117	CPU_0	0	0	0	100.00	0	0	0	0	0	0
1428602773954145614	CPU_0	0	0	0	100.00	0	0	0	0	0	0
1428602774577192985	CPU_0	0	0	1.61	98.38	0	0	0	0	0	0
1428602775199343941	CPU_0	0	0	0	100.00	0	0	0	0	0	0
1428602775828552931	CPU_0	0	0	1.58	98.41	0	0	0	0	0	0
1428602776450984387	CPU_0	0	0	1.61	98.38	0	0	0	0	0	0
1428602777073126093	CPU_0	0	0	0	100.00	0	0	0	0	0	0
1428602777695557006	CPU_0	0	0	1.61	98.38	0	0	0	0	0	0
1428602778324727996	CPU_0	0	0	0	98.41	0	1.58	0	0	0	0
1428602778947920118	CPU_0	0	0	1.61	98.38	0	0	0	0	0	0
1428602779570500531	CPU_0	0	0	0	100.00	0	0	0	0	0	0
1428602780192896445	CPU_0	0	0	0	100.00	0	0	0	0	0	0
1428602780815198067	CPU_0	0	0	0	98.38	0	1.61	0	0	0	0
1428602781443784808	CPU_0	0	0	0	98.41	0	1.58	0	0	0	0
1428602782066433929	CPU_0	0	0	0	100.00	0	0	0	0	0	0
1428602782688538052	CPU_0	0	0	1.58	98.41	0	0	0	0	0	0
1428602783310942923	CPU_0	1.66	0	0	98.33	0	0	0	0	0	0
1428602783940784705	CPU_0	0	0	0	98.36	0	1.63	0	0	0	0
1428602784564556825	CPU_0	11.29	0	3.22	82.25	0	3.22	0	0	0	0
1428602785195378147	CPU_0	1.63	0	0	98.36	0	0	0	0	0	0
1428602785818411601	CPU_0	0	0	0	100.00	0	0	0	0	0	0
1428602786448156341	CPU_0	0	0	0	98.38	0	1.61	0	0	0	0
1428602787070684587	CPU_0	0	0	0	100.00	0	0	0	0	0	0
1428602787694629791	CPU_0	1.56	0	1.56	96.87	0	0	0	0	0	0
1428602788317477079	CPU_0	0	0	0	98.38	0	1.61	0	0	0	0
1428602788946831485	CPU_0	0	0	1.58	98.41	0	0	0	0	0	0
1428602789572778187	CPU_0	4.91	0	0	95.08	0	0	0	0	0	0
1428602790196070766	CPU_0	0	0	1.58	96.82	0	1.58	0	0	0	0
1428602790818821679	CPU_0	0	0	0	100.00	0	0	0	0	0	0
1428602791442504174	CPU_0	0	0	0	96.87	0	3.12	0	0	0	0
1428602792072012039	CPU_0	0	0	1.58	98.41	0	0	0	0	0	0
1428602792695483243	CPU_0	0	0	0	100.00	0	0	0	0	0	0
1428602793318088947	CPU_0	0	0	1.61	98.38	0	0	0	0	0	0
1428602793942241442	CPU_0	0	0	0	100.00	0	0	0	0	0	0
1428602794571853931	CPU_0	0	0	0	100.00	0	0	0	0	0	0
1428602795195668968	CPU_0	0	0	0	100.00	0	0	0	0	0	0
1428602795818800047	CPU_0	0	0	0	100.00	0	0	0	0	0	0
1428602796442812001	CPU_0	0	0	0	98.38	0	1.61	0	0	0	0
1428602797073515030	CPU_0	0	0	0	100.00	0	0	0	0	0	0
1428602797696831193	CPU_0	0	0	0	100.00	0	0	0	0	0	0
1428602798319802772	CPU_0	0	0	1.58	96.82	0	1.58	0	0	0	0
1428602798943242809	CPU_0	0	0	0	100.00	0	0	0	0	0	0
1428602799566832387	CPU_0	0	0	1.61	98.38	0	0	0	0	0	0
1428602800196181043	CPU_0	0	0	0	98.38	1.61	0	0	0	0	0
1428602800819678205	CPU_0	0	0	0	98.41	0	1.58	0	0	0	0
1428602801443014076	CPU_0	0	0	0	100.00	0	0	0	0	0	0
1428602802065928988	CPU_0	0	0	1.61	98.38	0	0	0	0	0	0
1428602802694851936	CPU_0	0	0	0	100.00	0	0	0	0	0	0
1428602803317996307	CPU_0	0	0	0	98.38	0	1.61	0	0	0	0
1428602803941384427	CPU_0	0	0	0	100.00	0	0	0	0	0	0
1428602804564235298	CPU_0	0	0	1.51	92.42	0	6.06	0	0	0	0
1428602805196359534	CPU_0	0	0	0	100.00	0	0	0	0	0	0
1428602805819635696	CPU_0	0	0	0	96.87	0	0	3.12	0	0	0
1428602806443475316	CPU_0	0	0	0	100.00	0	0	0	0	0	0
1428602807066375604	CPU_0	0	0	1.61	98.38	0	0	0	0	0	0
1428602807689901182	CPU_0	0	0	0	100.00	0	0	0	0	0	0
1428602808319358963	CPU_0	0	0	1.61	98.38	0	0	0	0	0	0
1428602808943812582	CPU_0	0	0	0	100.00	0	0	0	0	0	0
1428602809567406952	CPU_0	0	0	0	100.00	0	0	0	0	0	0
1428602810192163779	CPU_0	0	0	0	100.00	0	0	0	0	0	0
1428602810821849142	CPU_0	0	0	0	100.00	0	0	0	0	0	0
1428602811446938761	CPU_0	0	0	1.58	98.41	0	0	0	0	0	0
1428602812070633172	CPU_0	0	0	0	100.00	0	0	0	0	0	0
1428602812694954625	CPU_0	0	0	0	100.00	0	0	0	0	0	0
1428602813323953281	CPU_0	0	0	1.58	98.41	0	0	0	0	0	0
1428602813948210650	CPU_0	0	0	0	100.00	0	0	0	0	0	0
1428602814571103395	CPU_0	0	0	0	98.38	0	1.61	0	0	0	0
1428602815195606097	CPU_0	0	0	0	100.00	0	0	0	0	0	0
1428602815818836218	CPU_0	0	0	0	100.00	0	0	0	0	0	0
1428602816449725955	CPU_0	0	0	0	98.41	0	1.58	0	0	0	0
1428602817072936283	CPU_0	0	0	1.58	98.41	0	0	0	0	0	0
1428602817696782153	CPU_0	0	0	1.61	98.38	0	0	0	0	0	0
1428602818320119523	CPU_0	0	0	0	96.82	0	3.17	0	0	0	0
1428602818951069010	CPU_0	0	0	1.58	98.41	0	0	0	0	0	0
1428602819574008255	CPU_0	0	0	0	100.00	0	0	0	0	0	0
1428602820197963416	CPU_0	0	0	0	100.00	0	0	0	0	0	0
1428602820821403577	CPU_0	0	0	1.58	98.41	0	0	0	0	0	0
1428602821451658440	CPU_0	0	0	0	100.00	0	0	0	0	0	0
1428602822075264726	CPU_0	0	0	1.61	98.38	0	0	0	0	0	0
1428602822699119262	CPU_0	0	0	0	96.87	0	3.12	0	0	0	0
1428602823322488257	CPU_0	0	0	0	100.00	0	0	0	0	0	0
1428602823947053792	CPU_0	0	0	0	98.38	0	0	1.61	0	0	0
1428602824577375113	CPU_0	0	0	0	100.00	0	0	0	0	0	0
1428602825201388107	CPU_0	0	0	0	100.00	0	0	0	0	0	0
1428602825824879977	CPU_0	0	0	0	100.00	0	0	0	0	0	0
1428602826449884220	CPU_0	0	0	0	100.00	0	0	0	0	0	0
1428602827080546624	CPU_0	0	0	0	92.53	0	7.46	0	0	0	0
1428602827704637576	CPU_0	0	0	0	100.00	0	0	0	0	0	0
1428602828328277737	CPU_0	0	0	1.56	95.31	0	0	3.12	0	0	0
1428602828952674647	CPU_0	0	0	0	100.00	0	0	0	0	0	0
1428602829582951843	CPU_0	0	0	0	100.00	0	0	0	0	0	0
1428602830207110962	CPU_0	0	0	1.61	96.77	1.61	0	0	0	0	0
1428602830830959206	CPU_0	0	0	0	100.00	0	0	0	0	0	0
1428602831455585907	CPU_0	0	0	0	100.00	0	0	0	0	0	0
1428602832080143276	CPU_0	0	0	1.61	98.38	0	0	0	0	0	0
1428602832709375764	CPU_0	0	0	0	100.00	0	0	0	0	0	0
1428602833332680134	CPU_0	0	0	0	100.00	0	0	0	0	0	0
1428602833957707877	CPU_0	0	0	1.61	98.38	0	0	0	0	0	0
1428602834581380037	CPU_0	0	0	0	100.00	0	0	0	0	0	0
1428602835211936649	CPU_0	0	0	0	100.00	0	0	0	0	0	0
1428602835836329684	CPU_0	0	0	0	100.00	0	0	0	0	0	0
1428602836461100011	CPU_0	0	0	0	100.00	0	0	0	0	0	0
1428602837085183171	CPU_0	0	0	1.61	98.38	0	0	0	0	0	0
1428602837716022574	CPU_0	0	0	0	98.41	0	1.58	0	0	0	0
1428602838339673360	CPU_0	0	0	1.61	98.38	0	0	0	0	0	0
1428602838965039394	CPU_0	0	0	1.58	98.41	0	0	0	0	0	0
1428602839589566512	CPU_0	0	0	0	100.00	0	0	0	0	0	0
1428602840219422916	CPU_0	0	0	0	98.41	0	1.58	0	0	0	0
1428602840843704076	CPU_0	0	0	0	100.00	0	0	0	0	0	0
1428602841468798902	CPU_0	0	0	0	100.00	0	0	0	0	0	0
1428602842094010019	CPU_0	0	0	1.58	96.82	0	1.58	0	0	0	0
1428602842719326095	CPU_0	0	0	0	100.00	0	0	0	0	0	0
1428602843349821915	CPU_0	0	0	0	100.00	0	0	0	0	0	0
1428602843975296824	CPU_0	0	0	1.61	98.38	0	0	0	0	0	0
1428602844599315567	CPU_0	0	0	0	98.38	0	1.61	0	0	0	0
1428602845223508269	CPU_0	0	0	1.58	98.41	0	0	0	0	0	0
1428602845853443590	CPU_0	0	0	0	100.00	0	0	0	0	0	0
1428602846478506415	CPU_0	0	0	0	98.41	0	1.58	0	0	0	0
1428602847102806200	CPU_0	0	0	0	100.00	0	0	0	0	0	0
1428602847726920568	CPU_0	0	0	1.61	98.38	0	0	0	0	0	0
1428602848357609138	CPU_0	0	0	0	100.00	0	0	0	0	0	0
1428602848982190964	CPU_0	0	0	1.58	96.82	0	1.58	0	0	0	0
1428602849606324083	CPU_0	0	0	0	98.36	0	0	1.63	0	0	0
1428602850229798910	CPU_0	0	0	0	98.41	1.58	0	0	0	0	0
1428602850856530109	CPU_0	0	0	0	98.38	0	1.61	0	0	0	0
1428602851485218555	CPU_0	0	0	0	100.00	0	0	0	0	0	0
1428602852109129715	CPU_0	0	0	0	100.00	0	0	0	0	0	0
1428602852733451375	CPU_0	0	0	0	100.00	0	0	0	0	0	0
1428602853357044077	CPU_0	1.56	0	1.56	95.31	0	1.56	0	0	0	0
1428602853988421271	CPU_0	0	0	0	100.00	0	0	0	0	0	0
1428602854612590056	CPU_0	0	0	1.61	98.38	0	0	0	0	0	0
1428602855236689924	CPU_0	0	0	0	98.38	0	1.61	0	0	0	0
1428602855860689542	CPU_0	0	0	0	100.00	0	0	0	0	0	0
1428602856491098362	CPU_0	0	0	0	100.00	0	0	0	0	0	0
1428602857114917730	CPU_0	0	0	0	100.00	0	0	0	0	0	0
1428602857738407682	CPU_0	0	0	0	98.38	0	1.61	0	0	0	0
1428602858363460424	CPU_0	0	0	1.58	98.41	0	0	0	0	0	0
1428602858994317744	CPU_0	0	0	1.56	96.87	0	0	1.56	0	0	0
1428602859619289486	CPU_0	0	0	0	100.00	0	0	0	0	0	0
1428602860242898104	CPU_0	0	0	0	98.38	0	1.61	0	0	0	0
1428602860867395263	CPU_0	0	0	0	100.00	0	0	0	0	0	0
1428602861491313756	CPU_0	0	0	0	100.00	0	0	0	0	0	0
1428602862121964617	CPU_0	0	0	1.56	96.87	0	1.56	0	0	0	0
1428602862745908610	CPU_0	0	0	0	100.00	0	0	0	0	0	0
1428602863369934103	CPU_0	0	0	1.61	98.38	0	0	0	0	0	0
1428602863994920595	CPU_0	0	0	0	95.31	0	4.68	0	0	0	0
1428602864625950914	CPU_0	0	0	0	100.00	0	0	0	0	0	0
1428602865249621866	CPU_0	0	0	0	100.00	0	0	0	0	0	0
1428602865874294900	CPU_0	0	0	1.61	98.38	0	0	0	0	0	0
1428602866498303976	CPU_0	0	0	0	100.00	0	0	0	0	0	0
1428602867128819962	CPU_0	0	0	0	100.00	0	0	0	0	0	0
1428602867752674913	CPU_0	0	0	0	98.41	0	0	1.58	0	0	0
1428602868376512406	CPU_0	0	0	1.72	94.82	0	3.44	0	0	0	0
1428602869001088148	CPU_0	0	0	1.61	98.38	0	0	0	0	0	0
1428602869626826014	CPU_0	0	0	0	98.38	0	1.61	0	0	0	0
1428602870255225419	CPU_0	0	0	0	98.36	1.63	0	0	0	0	0
1428602870879489453	CPU_0	0	0	0	92.53	0	7.46	0	0	0	0
1428602871504150820	CPU_0	0	0	0	98.38	0	0	1.61	0	0	0
1428602872127776022	CPU_0	0	0	0	100.00	0	0	0	0	0	0
1428602872758247966	CPU_0	0	0	0	100.00	0	0	0	0	0	0
1428602873381955001	CPU_0	0	0	3.44	96.55	0	0	0	0	0	0
1428602874007257325	CPU_0	0	0	0	100.00	0	0	0	0	0	0
1428602874632085484	CPU_0	0	0	0	100.00	0	0	0	0	0	0
1428602875262903053	CPU_0	0	0	1.58	96.82	1.58	0	0	0	0	0
1428602875887548878	CPU_0	0	0	0	100.00	0	0	0	0	0	0
1428602876512278328	CPU_0	0	0	0	100.00	0	0	0	0	0	0
1428602877136745279	CPU_0	0	0	0	98.38	0	1.61	0	0	0	0
1428602877766367890	CPU_0	0	0	0	100.00	0	0	0	0	0	0
1428602878391170632	CPU_0	0	0	0	100.00	0	0	0	0	0	0
1428602879015225374	CPU_0	0	0	1.58	96.82	0	1.58	0	0	0	0
1428602879639650950	CPU_0	0	0	1.58	98.41	0	0	0	0	0	0
1428602880262878776	CPU_0	0	0	0	98.33	0	1.66	0	0	0	0
1428602880893716845	CPU_0	0	0	0	100.00	0	0	0	0	0	0
1428602881517753379	CPU_0	0	0	1.61	98.38	0	0	0	0	0	0
1428602882142220954	CPU_0	0	0	0	98.38	0	1.61	0	0	0	0
1428602882765616156	CPU_0	0	0	0	100.00	0	0	0	0	0	0
1428602883396599933	CPU_0	1.58	0	0	98.41	0	0	0	0	0	0
1428602884021266258	CPU_0	0	0	1.58	96.82	0	0	1.58	0	0	0
1428602884645192417	CPU_0	0	0	1.56	96.87	0	1.56	0	0	0	0
1428602885269175201	CPU_0	0	0	0	96.72	1.63	1.63	0	0	0	0
1428602885900298061	CPU_0	0	0	0	100.00	0	0	0	0	0	0
1428602886524236553	CPU_0	0	0	0	100.00	0	0	0	0	0	0
1428602887148334712	CPU_0	0	0	0	100.00	0	0	0	0	0	0
1428602887772108496	CPU_0	0	0	0	98.38	0	1.61	0	0	0	0
1428602888397638570	CPU_0	0	0	0	100.00	0	0	0	0	0	0
1428602889026663057	CPU_0	0	0	1.61	98.38	0	0	0	0	0	0
1428602889650784341	CPU_0	0	0	1.56	96.87	0	1.56	0	0	0	0
1428602890275248374	CPU_0	0	0	0	100.00	0	0	0	0	0	0
1428602890900499573	CPU_0	0	0	0	98.38	0	1.61	0	0	0	0
1428602891532631932	CPU_0	0	0	0	100.00	0	0	0	0	0	0
1428602892156924924	CPU_0	0	0	1.61	98.38	0	0	0	0	0	0
1428602892781405790	CPU_0	0	0	0	91.04	0	1.49	7.46	0	0	0
1428602893406218198	CPU_0	0	0	0	100.00	0	0	0	0	0	0
1428602894038085057	CPU_0	0	0	0	100.00	0	0	0	0	0	0
1428602894662506590	CPU_0	0	0	0	98.38	0	1.61	0	0	0	0
1428602895286675999	CPU_0	0	0	1.58	93.65	1.58	1.58	1.58	0	0	0
1428602895911336740	CPU_0	0	0	0	100.00	0	0	0	0	0	0
1428602896542282308	CPU_0	0	0	0	98.38	0	1.61	0	0	0	0
1428602897167150049	CPU_0	0	0	0	100.00	0	0	0	0	0	0
1428602897792220624	CPU_0	0	0	0	98.38	0	1.61	0	0	0	0
1428602898416874282	CPU_0	0	0	0	100.00	0	0	0	0	0	0
1428602899041851397	CPU_0	0	0	1.61	98.38	0	0	0	0	0	0
1428602899672402174	CPU_0	0	0	3.12	96.87	0	0	0	0	0	0
1428602900296574166	CPU_0	0	0	1.63	96.72	0	1.63	0	0	0	0
1428602900920854282	CPU_0	0	0	0	98.38	0	1.61	0	0	0	0
1428602901545938273	CPU_0	0	0	0	100.00	0	0	0	0	0	0
1428602902177556091	CPU_0	0	0	0	100.00	0	0	0	0	0	0
1428602902802064165	CPU_0	0	0	1.61	98.38	0	0	0	0	0	0
1428602903426457406	CPU_0	1.66	0	0	96.66	0	1.66	0	0	0	0
1428602904052401771	CPU_0	0	0	0	98.36	0	1.63	0	0	0	0
1428602904684025005	CPU_0	11.11	0	1.58	84.12	0	3.17	0	0	0	0
1428602905309534537	CPU_0	0	0	1.61	96.77	1.61	0	0	0	0	0
1428602905934623986	CPU_0	0	0	1.58	98.41	0	0	0	0	0	0
1428602906560888559	CPU_0	1.58	0	0	96.82	0	1.58	0	0	0	0
1428602907192638876	CPU_0	0	0	0	100.00	0	0	0	0	0	0
1428602907820626988	CPU_0	0	0	0	100.00	0	0	0	0	0	0
1428602908445978520	CPU_0	0	0	0	96.61	0	3.38	0	0	0	0
1428602909071675218	CPU_0	0	0	1.51	92.42	0	6.06	0	0	0	0
1428602909697142542	CPU_0	4.91	0	0	95.08	0	0	0	0	0	0
1428602910328769651	CPU_0	0	0	1.61	98.38	0	0	0	0	0	0
1428602910953654766	CPU_0	0	0	0	100.00	0	0	0	0	0	0
1428602911579162465	CPU_0	0	0	1.61	98.38	0	0	0	0	0	0
1428602912204827996	CPU_0	0	0	0	100.00	0	0	0	0	0	0
1428602912836361147	CPU_0	0	0	0	100.00	0	0	0	0	0	0
1428602913461699387	CPU_0	0	0	0	100.00	0	0	0	0	0	0
1428602914087384626	CPU_0	0	0	0	100.00	0	0	0	0	0	0
1428602914712827283	CPU_0	0	0	1.58	98.41	0	0	0	0	0	0
1428602915344002059	CPU_0	0	0	1.53	90.76	1.53	6.15	0	0	0	0
1428602915969873715	CPU_0	0	0	0	100.00	0	0	0	0	0	0
1428602916595815413	CPU_0	0	0	0	100.00	0	0	0	0	0	0
1428602917221243111	CPU_0	0	0	0	100.00	0	0	0	0	0	0
1428602917848099808	CPU_0	0	0	0	100.00	0	0	0	0	0	0
1428602918478662751	CPU_0	0	0	0	100.00	0	0	0	0	0	0
1428602919104583948	CPU_0	0	0	1.61	98.38	0	0	0	0	0	0
1428602919730328688	CPU_0	0	0	0	100.00	0	0	0	0	0	0
1428602920355554094	CPU_0	0	0	1.66	98.33	0	0	0	0	0	0
1428602920988244660	CPU_0	0	0	1.58	98.41	0	0	0	0	0	0
1428602921614216274	CPU_0	0	0	0	100.00	0	0	0	0	0	0
1428602922240964680	CPU_0	0	0	0	100.00	0	0	0	0	0	0
1428602922866897710	CPU_0	0	0	1.56	96.87	0	1.56	0	0	0	0
1428602923499346651	CPU_0	0	0	0	96.82	0	3.17	0	0	0	0
1428602924125971806	CPU_0	0	0	0	100.00	0	0	0	0	0	0
1428602924751872796	CPU_0	0	0	0	100.00	0	0	0	0	0	0
1428602925377623618	CPU_0	0	0	0	98.33	1.66	0	0	0	0	0
1428602926009929934	CPU_0	0	0	1.58	98.41	0	0	0	0	0	0
1428602926635980757	CPU_0	0	0	0	96.87	0	3.12	0	0	0	0
1428602927261902537	CPU_0	0	0	0	100.00	0	0	0	0	0	0
1428602927887028194	CPU_0	0	0	0	100.00	0	0	0	0	0	0
1428602928518863677	CPU_0	0	0	0	100.00	0	0	0	0	0	0
1428602929146941289	CPU_0	0	0	0	100.00	0	0	0	0	0	0
1428602929772960819	CPU_0	0	0	1.61	98.38	0	0	0	0	0	0
1428602930397421310	CPU_0	0	0	3.17	95.23	0	1.58	0	0	0	0
1428602931023242549	CPU_0	0	0	0	93.84	0	6.15	0	0	0	0
1428602931655969864	CPU_0	0	0	0	100.00	0	0	0	0	0	0
1428602932281515645	CPU_0	0	0	0	100.00	0	0	0	0	0	0
1428602932906256886	CPU_0	0	0	0	100.00	0	0	0	0	0	0
1428602933531751042	CPU_0	0	0	0	100.00	0	0	0	0	0	0
1428602934164187399	CPU_0	0	0	0	100.00	0	0	0	0	0	0
1428602934789865805	CPU_0	0	0	1.58	98.41	0	0	0	0	0	0
1428602935414918253	CPU_0	0	0	0	98.33	1.66	0	0	0	0	0
1428602936040777242	CPU_0	0	0	0	100.00	0	0	0	0	0	0
1428602936672586641	CPU_0	0	0	0	100.00	0	0	0	0	0	0
1428602937298683588	CPU_0	0	0	0	100.00	0	0	0	0	0	0
1428602937923692161	CPU_0	0	0	0	100.00	0	0	0	0	0	0
1428602938549982816	CPU_0	0	0	0	95.31	0	4.68	0	0	0	0
1428602939185604254	CPU_0	0	0	0	100.00	0	0	0	0	0	0
1428602939812256908	CPU_0	0	0	1.58	98.41	0	0	0	0	0	0
1428602940438028939	CPU_0	0	0	3.22	96.77	0	0	0	0	0	0
1428602941064039719	CPU_0	0	0	0	100.00	0	0	0	0	0	0
1428602941690702790	CPU_0	1.61	0	0	98.38	0	0	0	0	0	0
1428602942322841398	CPU_0	0	0	0	100.00	0	0	0	0	0	0
1428602942948355928	CPU_0	0	0	0	100.00	0	0	0	0	0	0
1428602943573665084	CPU_0	0	0	1.61	95.16	0	1.61	1.61	0	0	0
1428602944200413489	CPU_0	0	0	1.61	98.38	0	0	0	0	0	0
1428602944832786512	CPU_0	0	0	0	98.41	0	1.58	0	0	0	0
1428602945458020585	CPU_0	0	0	1.61	95.16	1.61	1.61	0	0	0	0
1428602946083457574	CPU_0	0	0	0	100.00	0	0	0	0	0	0
1428602946709722104	CPU_0	0	0	0	100.00	0	0	0	0	0	0
1428602947342400627	CPU_0	0	0	0	98.41	0	1.58	0	0	0	0
1428602947967961075	CPU_0	0	0	0	100.00	0	0	0	0	0	0
1428602948594068063	CPU_0	0	0	0	100.00	0	0	0	0	0	0
1428602949220101093	CPU_0	0	0	0	100.00	0	0	0	0	0	0
1428602949852617158	CPU_0	0	0	0	98.41	0	1.58	0	0	0	0
1428602950478382230	CPU_0	0	0	0	98.36	0	1.63	0	0	0	0
1428602951105373759	CPU_0	0	0	1.61	98.38	0	0	0	0	0	0
1428602951730813831	CPU_0	0	0	0	98.38	0	0	1.61	0	0	0
1428602952357451694	CPU_0	0	0	0	98.41	0	1.58	0	0	0	0
1428602952987909761	CPU_0	0	0	0	100.00	0	0	0	0	0	0
1428602953614513998	CPU_0	0	0	0	100.00	0	0	0	0	0	0
1428602954241168111	CPU_0	0	0	1.61	98.38	0	0	0	0	0	0
1428602954867413099	CPU_0	0	0	0	98.41	0	1.58	0	0	0	0
1428602955499784122	CPU_0	0	0	0	96.77	1.61	1.61	0	0	0	0
1428602956127180359	CPU_0	0	0	0	100.00	0	0	0	0	0	0
1428602956753346139	CPU_0	0	0	1.58	98.41	0	0	0	0	0	0
1428602957379845210	CPU_0	0	0	0	98.38	0	1.61	0	0	0	0
1428602958012069983	CPU_0	0	0	0	100.00	0	0	0	0	0	0
1428602958639210220	CPU_0	0	0	0	100.00	0	0	0	0	0	0
1428602959265409083	CPU_0	0	0	1.61	98.38	0	0	0	0	0	0
1428602959891360363	CPU_0	0	0	0	93.93	0	6.06	0	0	0	0
1428602960523864553	CPU_0	0	0	3.17	95.23	0	0	1.58	0	0	0
1428602961150494290	CPU_0	0	0	0	100.00	0	0	0	0	0	0
1428602961776100904	CPU_0	0	0	0	100.00	0	0	0	0	0	0
1428602962401864058	CPU_0	0	0	0	100.00	0	0	0	0	0	0
1428602963034713164	CPU_0	0	0	0	100.00	0	0	0	0	0	0
1428602963661302069	CPU_0	0	0	0	100.00	0	0	0	0	0	0
1428602964287270515	CPU_0	0	0	0	100.00	0	0	0	0	0	0
1428602964913131628	CPU_0	0	0	0	100.00	0	0	0	0	0	0
1428602965539719074	CPU_0	0	0	1.63	98.36	0	0	0	0	0	0
1428602966173690387	CPU_0	0	0	0	100.00	0	0	0	0	0	0
1428602966799703375	CPU_0	0	0	0	98.38	0	1.61	0	0	0	0
1428602967426048029	CPU_0	0	0	0	100.00	0	0	0	0	0	0
1428602968051639517	CPU_0	0	0	1.61	98.38	0	0	0	0	0	0
1428602968685011872	CPU_0	0	0	0	98.41	0	0	1.58	0	0	0
1428602969310814069	CPU_0	3.17	0	0	95.23	0	1.58	0	0	0	0
1428602969937306931	CPU_0	0	0	0	100.00	0	0	0	0	0	0
1428602970564568001	CPU_0	0	0	1.58	96.82	1.58	0	0	0	0	0
1428602971198942855	CPU_0	0	0	1.56	96.87	0	1.56	0	0	0	0
1428602971825518092	CPU_0	0	0	0	100.00	0	0	0	0	0	0
1428602972451697121	CPU_0	0	0	0	98.38	0	1.61	0	0	0	0
1428602973077935901	CPU_0	0	0	0	100.00	0	0	0	0	0	0
1428602973711550255	CPU_0	0	0	0	100.00	0	0	0	0	0	0
1428602974338132201	CPU_0	0	0	1.61	98.38	0	0	0	0	0	0
1428602974964415147	CPU_0	0	0	0	100.00	0	0	0	0	0	0
1428602975590148884	CPU_0	0	0	1.58	96.82	0	1.58	0	0	0	0
1428602976218146912	CPU_0	0	0	0	100.00	0	0	0	0	0	0
1428602976848900353	CPU_0	0	0	0	100.00	0	0	0	0	0	0
1428602977475274340	CPU_0	0	0	0	92.42	0	1.51	6.06	0	0	0
1428602978101228411	CPU_0	0	0	0	100.00	0	0	0	0	0	0
1428602978729152147	CPU_0	0	0	0	100.00	0	0	0	0	0	0
1428602979361596711	CPU_0	0	0	0	100.00	0	0	0	0	0	0
1428602979987769406	CPU_0	0	0	0	98.41	0	1.58	0	0	0	0
1428602980614360810	CPU_0	0	0	1.61	98.38	0	0	0	0	0	0
1428602981241080088	CPU_0	0	0	1.58	98.41	0	0	0	0	0	0
1428602981873856444	CPU_0	0	0	0	98.41	0	1.58	0	0	0	0
1428602982499544098	CPU_0	0	0	0	100.00	0	0	0	0	0	0
1428602983124757712	CPU_0	0	0	0	100.00	0	0	0	0	0	0
1428602983751379407	CPU_0	0	0	0	96.82	0	3.17	0	0	0	0
1428602984383874762	CPU_0	0	0	1.56	98.43	0	0	0	0	0	0
1428602985010353958	CPU_0	0	0	0	100.00	0	0	0	0	0	0
1428602985635994404	CPU_0	0	0	1.61	98.38	0	0	0	0	0	0
1428602986262109974	CPU_0	0	0	0	100.00	0	0	0	0	0	0
1428602986894387705	CPU_0	0	0	0	100.00	0	0	0	0	0	0
1428602987520678942	CPU_0	0	0	0	98.41	0	1.58	0	0	0	0
1428602988147218762	CPU_0	0	0	0	100.00	0	0	0	0	0	0
1428602988773568041	CPU_0	0	0	0	95.31	0	4.68	0	0	0	0
1428602989399435403	CPU_0	0	0	0	100.00	0	0	0	0	0	0
1428602990030905051	CPU_0	0	0	0	100.00	0	0	0	0	0	0
1428602990657506038	CPU_0	0	0	0	100.00	0	0	0	0	0	0
1428602991283343484	CPU_0	0	0	1.61	98.38	0	0	0	0	0	0
1428602991908799555	CPU_0	0	0	0	100.00	0	0	0	0	0	0
1428602992541506785	CPU_0	0	0	1.58	98.41	0	0	0	0	0	0
1428602993167562231	CPU_0	0	0	0	100.00	0	0	0	0	0	0
1428602993794301342	CPU_0	0	0	0	100.00	0	0	0	0	0	0
1428602994420443121	CPU_0	0	0	0	100.00	0	0	0	0	0	0
1428602995053229809	CPU_0	0	0	0	100.00	0	0	0	0	0	0
1428602995680653045	CPU_0	0	0	1.61	98.38	0	0	0	0	0	0
1428602996307259239	CPU_0	0	0	0	98.41	0	1.58	0	0	0	0
1428602996933125476	CPU_0	0	0	0	100.00	0	0	0	0	0	0
1428602997566121415	CPU_0	0	0	0	100.00	0	0	0	0	0	0
1428602998193399567	CPU_0	0	0	1.61	98.38	0	0	0	0	0	0
1428602998819909220	CPU_0	0	0	0	98.38	0	1.61	0	0	0	0
1428602999446219873	CPU_0	0	0	0	98.41	0	1.58	0	0	0	0
1428603000084017307	CPU_0	0	0	0	100.00	0	0	0	0	0	0
1428603000712056833	CPU_0	0	0	1.58	96.82	1.58	0	0	0	0	0
1428603001338923528	CPU_0	1.58	0	1.58	96.82	0	0	0	0	0	0
1428603001965732639	CPU_0	0	0	0	100.00	0	0	0	0	0	0
1428603002593957540	CPU_0	0	0	1.56	96.87	0	1.56	0	0	0	0
1428603003228255768	CPU_0	0	0	0	100.00	0	0	0	0	0	0
1428603003855122171	CPU_0	0	0	0	100.00	0	0	0	0	0	0
1428603004481746490	CPU_0	0	0	0	98.41	0	1.58	0	0	0	0
1428603005108306185	CPU_0	0	0	0	100.00	0	0	0	0	0	0
1428603005742493663	CPU_0	0	0	0	100.00	0	0	0	0	0	0
1428603006368299400	CPU_0	0	0	0	95.38	0	4.61	0	0	0	0
1428603006995198428	CPU_0	0	0	0	100.00	0	0	0	0	0	0
1428603007621367539	CPU_0	0	0	1.58	98.41	0	0	0	0	0	0
1428603008255950142	CPU_0	0	0	0	100.00	0	0	0	0	0	0
1428603008882442587	CPU_0	0	0	0	100.00	0	0	0	0	0	0
1428603009509349656	CPU_0	0	0	0	100.00	0	0	0	0	0	0
1428603010135834767	CPU_0	0	0	0	100.00	0	0	0	0	0	0
1428603010770414870	CPU_0	0	0	0	100.00	0	0	0	0	0	0
1428603011397379147	CPU_0	0	0	1.58	98.41	0	0	0	0	0	0
1428603012024264633	CPU_0	0	0	1.58	96.82	0	0	1.58	0	0	0
1428603012651039452	CPU_0	0	0	0	95.38	0	4.61	0	0	0	0
1428603013280235685	CPU_0	0	0	0	100.00	0	0	0	0	0	0
1428603013911098793	CPU_0	0	0	0	100.00	0	0	0	0	0	0
1428603014537257790	CPU_0	0	0	1.61	98.38	0	0	0	0	0	0
1428603015163875795	CPU_0	0	0	1.61	98.38	0	0	0	0	0	0
1428603015790991758	CPU_0	0	0	0	98.38	1.61	0	0	0	0	0
1428603016423512341	CPU_0	0	0	1.56	96.87	0	0	1.56	0	0	0
1428603017051366887	CPU_0	0	0	0	100.00	0	0	0	0	0	0
1428603017678132641	CPU_0	0	0	1.56	96.87	0	1.56	0	0	0	0
1428603018305488937	CPU_0	0	0	0	100.00	0	0	0	0	0	0
1428603018939243269	CPU_0	0	0	0	100.00	0	0	0	0	0	0
1428603019566611732	CPU_0	0	0	0	100.00	0	0	0	0	0	0
1428603020193359111	CPU_0	0	0	0	98.38	0	1.61	0	0	0	0
1428603020820675241	CPU_0	0	0	1.58	98.41	0	0	0	0	0	0
1428603021453197782	CPU_0	0	0	0	100.00	0	0	0	0	0	0
1428603022080028953	CPU_0	0	0	1.61	98.38	0	0	0	0	0	0
1428603022706418833	CPU_0	0	0	0	100.00	0	0	0	0	0	0
1428603023332862296	CPU_0	1.58	0	0	95.23	0	3.17	0	0	0	0
1428603023965706253	CPU_0	0	0	0	100.00	0	0	0	0	0	0
1428603024592945299	CPU_0	8.19	0	3.27	86.88	0	1.63	0	0	0	0
1428603025220726094	CPU_0	0	0	0	96.82	0	3.17	0	0	0	0
1428603025847913307	CPU_0	0	0	0	100.00	0	0	0	0	0	0
1428603026475355727	CPU_0	1.58	0	0	98.41	0	0	0	0	0	0
1428603027107130977	CPU_0	0	0	0	100.00	0	0	0	0	0	0
1428603027734564023	CPU_0	0	0	1.58	98.41	0	0	0	0	0	0
1428603028361730443	CPU_0	0	0	0	98.41	0	0	1.58	0	0	0
1428603028987886532	CPU_0	0	0	0	98.38	0	1.61	0	0	0	0
1428603029621124863	CPU_0	4.76	0	1.58	93.65	0	0	0	0	0	0
1428603030248274534	CPU_0	0	0	0	100.00	0	0	0	0	0	0
1428603030875185455	CPU_0	0	0	0	98.41	0	1.58	0	0	0	0
1428603031500606752	CPU_0	0	0	1.61	98.38	0	0	0	0	0	0
1428603032134235625	CPU_0	0	0	0	100.00	0	0	0	0	0	0
1428603032761270420	CPU_0	0	0	1.58	98.41	0	0	0	0	0	0
1428603033387799133	CPU_0	0	0	0	98.38	0	1.61	0	0	0	0
1428603034013550347	CPU_0	0	0	0	96.82	0	3.17	0	0	0	0
1428603034646922803	CPU_0	0	0	1.56	98.43	0	0	0	0	0	0
1428603035274059265	CPU_0	0	0	0	98.36	1.63	0	0	0	0	0
1428603035901851268	CPU_0	0	0	0	100.00	0	0	0	0	0	0
1428603036528881355	CPU_0	0	0	0	98.38	0	0	1.61	0	0	0
1428603037161602687	CPU_0	0	0	0	100.00	0	0	0	0	0	0
1428603037788814316	CPU_0	0	0	1.61	98.38	0	0	0	0	0	0
1428603038415699570	CPU_0	0	0	0	98.41	0	1.58	0	0	0	0
1428603039042334990	CPU_0	0	0	0	100.00	0	0	0	0	0	0
1428603039670953867	CPU_0	0	0	0	100.00	0	0	0	0	0	0
1428603040302887908	CPU_0	0	0	0	100.00	0	0	0	0	0	0
1428603040929936370	CPU_0	0	0	1.58	98.41	0	0	0	0	0	0
1428603041556437416	CPU_0	0	0	1.58	96.82	0	1.58	0	0	0	0
1428603042184131919	CPU_0	0	0	0	100.00	0	0	0	0	0	0
1428603042818029874	CPU_0	0	0	0	100.00	0	0	0	0	0	0
1428603043445093169	CPU_0	0	0	1.58	96.82	0	1.58	0	0	0	0
1428603044071228549	CPU_0	0	0	0	100.00	0	0	0	0	0	0
1428603044698957510	CPU_0	0	0	0	100.00	0	0	0	0	0	0
1428603045332614049	CPU_0	0	0	0	96.82	0	1.58	1.58	0	0	0
1428603045960160468	CPU_0	0	0	1.58	98.41	0	0	0	0	0	0
1428603046587651180	CPU_0	0	0	0	100.00	0	0	0	0	0	0
1428603047215008849	CPU_0	0	0	1.58	96.82	0	1.58	0	0	0	0
1428603047848696555	CPU_0	0	0	0	100.00	0	0	0	0	0	0
1428603048475938516	CPU_0	0	0	0	98.38	0	1.61	0	0	0	0
1428603049103066020	CPU_0	0	0	0	100.00	0	0	0	0	0	0
1428603049731291063	CPU_0	0	0	0	100.00	0	0	0	0	0	0
1428603050364379019	CPU_0	0	0	0	100.00	0	0	0	0	0	0
1428603050992593355	CPU_0	0	0	0	100.00	0	0	0	0	0	0
1428603051619805399	CPU_0	0	0	0	98.38	0	1.61	0	0	0	0
1428603052247704485	CPU_0	0	0	1.58	98.41	0	0	0	0	0	0
1428603052876892486	CPU_0	0	0	1.58	98.41	0	0	0	0	0	0
1428603053508522235	CPU_0	0	0	0	100.00	0	0	0	0	0	0
1428603054135906821	CPU_0	0	0	0	96.87	0	1.56	1.56	0	0	0
1428603054763710115	CPU_0	0	0	0	100.00	0	0	0	0	0	0
1428603055390822076	CPU_0	0	0	0	98.41	1.58	0	0	0	0	0
1428603056025028906	CPU_0	0	0	0	100.00	0	0	0	0	0	0
1428603056651969492	CPU_0	0	0	1.51	93.93	0	4.54	0	0	0	0
1428603057279766911	CPU_0	0	0	0	100.00	0	0	0	0	0	0
1428603057907177622	CPU_0	0	0	0	100.00	0	0	0	0	0	0
1428603058541671993	CPU_0	0	0	0	100.00	0	0	0	0	0	0
1428603059167499330	CPU_0	0	0	0	100.00	0	0	0	0	0	0
1428603059795355041	CPU_0	0	0	0	100.00	0	0	0	0	0	0
1428603060422087460	CPU_0	0	0	0	100.00	0	0	0	0	0	0
1428603061055836665	CPU_0	0	0	1.58	98.41	0	0	0	0	0	0
1428603061682460335	CPU_0	0	0	1.58	98.41	0	0	0	0	0	0
1428603062310523170	CPU_0	0	0	0	100.00	0	0	0	0	0	0
1428603062937913589	CPU_0	0	0	0	96.87	0	1.56	1.56	0	0	0
1428603063571005419	CPU_0	0	0	1.58	98.41	0	0	0	0	0	0
1428603064198414588	CPU_0	0	0	0	100.00	0	0	0	0	0	0
1428603064825953674	CPU_0	0	0	0	100.00	0	0	0	0	0	0
1428603065453723342	CPU_0	0	0	0	98.41	0	1.58	0	0	0	0
1428603066082509927	CPU_0	0	0	0	93.93	0	6.06	0	0	0	0
1428603066714884757	CPU_0	0	0	0	100.00	0	0	0	0	0	0
1428603067343265425	CPU_0	0	0	0	93.93	0	0	6.06	0	0	0
1428603067971734843	CPU_0	0	0	1.61	98.38	0	0	0	0	0	0
1428603068599208554	CPU_0	0	0	0	100.00	0	0	0	0	0	0
1428603069232786508	CPU_0	0	0	1.58	98.41	0	0	0	0	0	0
1428603069860440343	CPU_0	0	0	0	100.00	0	0	0	0	0	0
1428603070487511471	CPU_0	0	0	0	100.00	0	0	0	0	0	0
1428603071114866098	CPU_0	0	0	0	100.00	0	0	0	0	0	0
1428603071748533719	CPU_0	0	0	0	100.00	0	0	0	0	0	0
1428603072376266762	CPU_0	0	0	0	100.00	0	0	0	0	0	0
1428603073004050139	CPU_0	0	0	1.58	98.41	0	0	0	0	0	0
1428603073630453266	CPU_0	0	0	1.61	98.38	0	0	0	0	0	0
1428603074264326804	CPU_0	0	0	0	100.00	0	0	0	0	0	0
1428603074890957931	CPU_0	0	0	1.58	98.41	0	0	0	0	0	0
1428603075517673976	CPU_0	1.58	0	0	95.23	1.58	1.58	0	0	0	0
1428603076145011227	CPU_0	0	0	0	100.00	0	0	0	0	0	0
1428603076779430931	CPU_0	0	0	0	100.00	0	0	0	0	0	0
1428603077406596308	CPU_0	0	0	0	93.84	0	6.15	0	0	0	0
1428603078034577559	CPU_0	0	0	0	100.00	0	0	0	0	0	0
1428603078661237853	CPU_0	0	0	0	100.00	0	0	0	0	0	0
1428603079299628636	CPU_0	0	0	1.56	98.43	0	0	0	0	0	0
1428603079926970763	CPU_0	0	0	0	100.00	0	0	0	0	0	0
