#Timestamp	CPU_ID	user%	nice%	sys%	idle%	iowait%	irq%	softiq%	steal%	guest%	guest_nice%
1428616330419394352	CPU_0	12.28	0	3.50	84.21	0	0	0	0	0	0
1428616331032241203	CPU_0	0	0	0	100.00	0	0	0	0	0	0
1428616331646533968	CPU_0	0	0	1.61	98.38	0	0	0	0	0	0
1428616332257936490	CPU_0	0	0	0	100.00	0	0	0	0	0	0
1428616332877190328	CPU_0	0	0	0	100.00	0	0	0	0	0	0
1428616333490690011	CPU_0	0	0	0	98.38	0	1.61	0	0	0	0
1428616334104407695	CPU_0	0	0	0	100.00	0	0	0	0	0	0
1428616334717997170	CPU_0	0	0	0	100.00	0	0	0	0	0	0
1428616335332699685	CPU_0	0	0	3.17	93.65	1.58	1.58	0	0	0	0
1428616335953747768	CPU_0	0	0	0	100.00	0	0	0	0	0	0
1428616336568461783	CPU_0	0	0	1.63	98.36	0	0	0	0	0	0
1428616337183145048	CPU_0	0	0	0	100.00	0	0	0	0	0	0
1428616337797732646	CPU_0	0	0	0	96.82	0	1.58	1.58	0	0	0
1428616338412888618	CPU_0	0	0	0	100.00	0	0	0	0	0	0
1428616339033911869	CPU_0	0	0	0	100.00	0	0	0	0	0	0
1428616339649168133	CPU_0	0	0	1.63	98.36	0	0	0	0	0	0
1428616340264516521	CPU_0	0	0	0	98.33	0	1.66	0	0	0	0
1428616340879266994	CPU_0	0	0	1.61	98.38	0	0	0	0	0	0
1428616341501056619	CPU_0	0	0	0	98.38	0	1.61	0	0	0	0
1428616342117404880	CPU_0	0	0	0	100.00	0	0	0	0	0	0
1428616342733110018	CPU_0	0	0	0	98.38	0	1.61	0	0	0	0
1428616343348681531	CPU_0	1.63	0	0	98.36	0	0	0	0	0	0
1428616343964964501	CPU_0	0	0	0	98.33	0	1.66	0	0	0	0
1428616344587608041	CPU_0	11.29	0	1.61	85.48	0	1.61	0	0	0	0
1428616345203678220	CPU_0	0	0	0	98.33	0	1.66	0	0	0	0
1428616345819389066	CPU_0	0	0	1.63	98.36	0	0	0	0	0	0
1428616346435282745	CPU_0	0	0	0	98.38	0	0	1.61	0	0	0
1428616347052275506	CPU_0	0	0	0	95.23	0	4.76	0	0	0	0
1428616347673440049	CPU_0	0	0	1.58	98.41	0	0	0	0	0	0
1428616348288892979	CPU_0	0	0	0	100.00	0	0	0	0	0	0
1428616348904497201	CPU_0	0	0	0	100.00	0	0	0	0	0	0
1428616349520896921	CPU_0	3.22	0	1.61	95.16	0	0	0	0	0	0
1428616350143399294	CPU_0	0	0	0	98.33	1.66	0	0	0	0	0
1428616350759773640	CPU_0	0	0	0	100.00	0	0	0	0	0	0
1428616351375571695	CPU_0	0	0	0	100.00	0	0	0	0	0	0
1428616351992215498	CPU_0	0	0	0	100.00	0	0	0	0	0	0
1428616352608414844	CPU_0	0	0	1.63	98.36	0	0	0	0	0	0
1428616353230775801	CPU_0	0	0	1.56	96.87	0	1.56	0	0	0	0
1428616353846971022	CPU_0	0	0	0	100.00	0	0	0	0	0	0
1428616354464182907	CPU_0	0	0	0	100.00	0	0	0	0	0	0
1428616355080931419	CPU_0	0	0	1.63	96.72	0	1.63	0	0	0	0
1428616355703778917	CPU_0	0	0	0	100.00	0	0	0	0	0	0
1428616356320593053	CPU_0	0	0	0	98.36	0	0	1.63	0	0	0
1428616356937986855	CPU_0	0	0	0	98.38	0	1.61	0	0	0	0
1428616357554859991	CPU_0	0	0	0	100.00	0	0	0	0	0	0
1428616358171603211	CPU_0	0	0	0	100.00	0	0	0	0	0	0
1428616358795123417	CPU_0	0	0	0	100.00	0	0	0	0	0	0
1428616359412235594	CPU_0	0	0	1.61	98.38	0	0	0	0	0	0
1428616360030226520	CPU_0	0	0	0	98.36	0	1.63	0	0	0	0
1428616360646955740	CPU_0	0	0	1.58	95.23	0	0	3.17	0	0	0
1428616361273166898	CPU_0	0	0	0	98.41	0	1.58	0	0	0	0
1428616361890550992	CPU_0	0	0	0	100.00	0	0	0	0	0	0
1428616362508230168	CPU_0	0	0	0	100.00	0	0	0	0	0	0
1428616363125406679	CPU_0	0	0	0	100.00	0	0	0	0	0	0
1428616363742715065	CPU_0	0	0	0	98.38	0	1.61	0	0	0	0
1428616364366261562	CPU_0	0	0	1.58	98.41	0	0	0	0	0	0
1428616364984434321	CPU_0	0	0	0	96.77	1.61	1.61	0	0	0	0
1428616365601806666	CPU_0	0	0	1.63	98.36	0	0	0	0	0	0
1428616366218906677	CPU_0	0	0	0	98.36	0	1.63	0	0	0	0
1428616366837146811	CPU_0	0	0	0	100.00	0	0	0	0	0	0
1428616367460234101	CPU_0	0	0	0	100.00	0	0	0	0	0	0
1428616368077711778	CPU_0	0	0	0	100.00	0	0	0	0	0	0
1428616368694901832	CPU_0	0	0	0	100.00	0	0	0	0	0	0
1428616369311925969	CPU_0	0	0	0	100.00	0	0	0	0	0	0
1428616369935264508	CPU_0	0	0	3.17	96.82	0	0	0	0	0	0
1428616370553331601	CPU_0	0	0	0	98.38	0	1.61	0	0	0	0
1428616371170388530	CPU_0	0	0	1.63	98.36	0	0	0	0	0	0
1428616371787752416	CPU_0	0	0	0	100.00	0	0	0	0	0	0
1428616372404802636	CPU_0	0	0	0	98.38	0	1.61	0	0	0	0
1428616373029063841	CPU_0	0	0	0	100.00	0	0	0	0	0	0
1428616373646820393	CPU_0	0	0	1.63	98.36	0	0	0	0	0	0
1428616374264525987	CPU_0	0	0	0	100.00	0	0	0	0	0	0
1428616374881835332	CPU_0	0	0	0	98.38	0	1.61	0	0	0	0
1428616375506196328	CPU_0	0	0	0	100.00	0	0	0	0	0	0
1428616376123662340	CPU_0	0	0	0	100.00	0	0	0	0	0	0
1428616376741046893	CPU_0	0	0	1.61	98.38	0	0	0	0	0	0
1428616377358479530	CPU_0	0	0	0	96.82	0	3.17	0	0	0	0
1428616377975948333	CPU_0	1.66	0	1.66	96.66	0	0	0	0	0	0
1428616378600656828	CPU_0	0	0	0	98.36	0	1.63	0	0	0	0
1428616379218190881	CPU_0	0	0	0	100.00	0	0	0	0	0	0
1428616379836465850	CPU_0	10.00	0	6.66	81.66	0	1.66	0	0	0	0
1428616380453824403	CPU_0	0	0	0	98.36	0	1.63	0	0	0	0
1428616381077171652	CPU_0	0	0	0	100.00	0	0	0	0	0	0
1428616381694520622	CPU_0	0	0	1.61	98.38	0	0	0	0	0	0
1428616382312007509	CPU_0	0	0	0	96.77	0	1.61	1.61	0	0	0
1428616382928744439	CPU_0	0	0	0	100.00	0	0	0	0	0	0
1428616383546929200	CPU_0	0	0	0	98.38	0	1.61	0	0	0	0
1428616384169848866	CPU_0	0	0	1.61	98.38	0	0	0	0	0	0
1428616384788385251	CPU_0	0	0	0	100.00	0	0	0	0	0	0
1428616385405039890	CPU_0	0	0	0	98.36	1.63	0	0	0	0	0
1428616386023920982	CPU_0	0	0	0	100.00	0	0	0	0	0	0
1428616386646708066	CPU_0	0	0	0	100.00	0	0	0	0	0	0
1428616387265139034	CPU_0	0	0	1.47	89.70	0	5.88	2.94	0	0	0
1428616387882271881	CPU_0	0	0	0	100.00	0	0	0	0	0	0
1428616388500416683	CPU_0	0	0	0	100.00	0	0	0	0	0	0
1428616389117512196	CPU_0	0	0	0	100.00	0	0	0	0	0	0
1428616389742333734	CPU_0	0	0	0	100.00	0	0	0	0	0	0
1428616390359494539	CPU_0	0	0	1.61	98.38	0	0	0	0	0	0
1428616390977783383	CPU_0	0	0	1.61	98.38	0	0	0	0	0	0
1428616391594383814	CPU_0	0	0	0	100.00	0	0	0	0	0	0
1428616392221449555	CPU_0	0	0	1.61	98.38	0	0	0	0	0	0
1428616392838449027	CPU_0	0	0	0	100.00	0	0	0	0	0	0
1428616393456475622	CPU_0	0	0	0	100.00	0	0	0	0	0	0
1428616394074356717	CPU_0	0	0	0	100.00	0	0	0	0	0	0
1428616394692638895	CPU_0	0	0	1.63	98.36	0	0	0	0	0	0
1428616395315924436	CPU_0	0	0	0	100.00	0	0	0	0	0	0
1428616395934237947	CPU_0	0	0	1.61	98.38	0	0	0	0	0	0
1428616396552709416	CPU_0	0	0	0	98.38	0	1.61	0	0	0	0
1428616397170327679	CPU_0	0	0	0	100.00	0	0	0	0	0	0
1428616397793833220	CPU_0	0	0	1.61	98.38	0	0	0	0	0	0
1428616398414901933	CPU_0	0	0	0	98.38	0	1.61	0	0	0	0
1428616399033746943	CPU_0	0	0	0	100.00	0	0	0	0	0	0
1428616399651821163	CPU_0	0	0	0	100.00	0	0	0	0	0	0
1428616400269556634	CPU_0	0	0	1.61	98.38	0	0	0	0	0	0
1428616400893845174	CPU_0	0	0	0	98.38	0	1.61	0	0	0	0
1428616401512906517	CPU_0	0	0	1.61	98.38	0	0	0	0	0	0
1428616402131144529	CPU_0	0	0	0	100.00	0	0	0	0	0	0
1428616402749138124	CPU_0	0	0	0	100.00	0	0	0	0	0	0
1428616403369354923	CPU_0	0	0	0	95.31	0	4.68	0	0	0	0
1428616403992714340	CPU_0	0	0	0	100.00	0	0	0	0	0	0
1428616404611069143	CPU_0	0	0	0	100.00	0	0	0	0	0	0
1428616405229909862	CPU_0	0	0	3.17	96.82	0	0	0	0	0	0
1428616405848574664	CPU_0	0	0	0	100.00	0	0	0	0	0	0
1428616406473861369	CPU_0	0	0	0	100.00	0	0	0	0	0	0
1428616407093394545	CPU_0	0	0	0	100.00	0	0	0	0	0	0
1428616407711824223	CPU_0	0	0	0	100.00	0	0	0	0	0	0
1428616408330701109	CPU_0	0	0	0	100.00	0	0	0	0	0	0
1428616408950952950	CPU_0	0	0	0	100.00	0	0	0	0	0	0
1428616409575111365	CPU_0	0	0	1.58	98.41	0	0	0	0	0	0
1428616410193733252	CPU_0	0	0	1.61	96.77	0	1.61	0	0	0	0
1428616410812243596	CPU_0	0	0	1.58	96.82	0	0	1.58	0	0	0
1428616411430913066	CPU_0	0	0	0	100.00	0	0	0	0	0	0
1428616412056870603	CPU_0	0	0	0	100.00	0	0	0	0	0	0
1428616412675141490	CPU_0	0	0	0	98.38	0	1.61	0	0	0	0
1428616413293261378	CPU_0	0	0	1.61	98.38	0	0	0	0	0	0
1428616413911811431	CPU_0	0	0	0	98.38	0	1.61	0	0	0	0
1428616414532985687	CPU_0	0	0	0	100.00	0	0	0	0	0	0
1428616415155408982	CPU_0	0	0	1.61	98.38	0	0	0	0	0	0
1428616415773686870	CPU_0	0	0	1.61	98.38	0	0	0	0	0	0
1428616416392013090	CPU_0	0	0	0	100.00	0	0	0	0	0	0
1428616417011150309	CPU_0	0	0	0	100.00	0	0	0	0	0	0
1428616417635448267	CPU_0	0	0	0	98.41	0	1.58	0	0	0	0
1428616418253518030	CPU_0	0	0	0	100.00	0	0	0	0	0	0
1428616418871940876	CPU_0	0	0	0	100.00	0	0	0	0	0	0
1428616419490938720	CPU_0	0	0	0	100.00	0	0	0	0	0	0
1428616420111826352	CPU_0	0	0	1.56	95.31	1.56	1.56	0	0	0	0
1428616420735373145	CPU_0	0	0	0	96.87	0	0	3.12	0	0	0
1428616421354291115	CPU_0	0	0	0	100.00	0	0	0	0	0	0
1428616421973139210	CPU_0	0	0	0	100.00	0	0	0	0	0	0
1428616422592600470	CPU_0	0	0	1.61	96.77	0	1.61	0	0	0	0
1428616423217299802	CPU_0	0	0	0	98.41	0	1.58	0	0	0	0
1428616423836217189	CPU_0	0	0	1.61	98.38	0	0	0	0	0	0
1428616424455159075	CPU_0	0	0	0	100.00	0	0	0	0	0	0
1428616425074066795	CPU_0	0	0	0	100.00	0	0	0	0	0	0
1428616425694434929	CPU_0	0	0	0	100.00	0	0	0	0	0	0
1428616426317454307	CPU_0	0	0	1.58	96.82	0	1.58	0	0	0	0
1428616426935730862	CPU_0	0	0	0	100.00	0	0	0	0	0	0
1428616427554560707	CPU_0	0	0	0	98.38	0	1.61	0	0	0	0
1428616428172673429	CPU_0	0	0	1.61	98.38	0	0	0	0	0	0
1428616428797528594	CPU_0	0	0	0	100.00	0	0	0	0	0	0
1428616429416319857	CPU_0	0	0	0	100.00	0	0	0	0	0	0
1428616430035274619	CPU_0	0	0	1.61	98.38	0	0	0	0	0	0
1428616430653830132	CPU_0	0	0	1.61	98.38	0	0	0	0	0	0
1428616431274801556	CPU_0	0	0	0	98.36	0	1.63	0	0	0	0
1428616431898094142	CPU_0	0	0	1.58	98.41	0	0	0	0	0	0
1428616432516393155	CPU_0	0	0	0	100.00	0	0	0	0	0	0
1428616433136217749	CPU_0	0	0	0	100.00	0	0	0	0	0	0
1428616433755035136	CPU_0	0	0	0	96.82	0	3.17	0	0	0	0
1428616434380649342	CPU_0	0	0	0	100.00	0	0	0	0	0	0
1428616434999242689	CPU_0	0	0	0	98.38	0	0	1.61	0	0	0
1428616435619265574	CPU_0	0	0	0	100.00	0	0	0	0	0	0
1428616436238307711	CPU_0	0	0	0	100.00	0	0	0	0	0	0
1428616436863140336	CPU_0	0	0	1.51	93.93	0	4.54	0	0	0	0
1428616437485039925	CPU_0	0	0	0	100.00	0	0	0	0	0	0
1428616438105693767	CPU_0	0	0	1.61	98.38	0	0	0	0	0	0
1428616438725242987	CPU_0	0	0	0	100.00	0	0	0	0	0	0
1428616439344074458	CPU_0	0	0	0	100.00	0	0	0	0	0	0
1428616439969414707	CPU_0	0	0	0	100.00	0	0	0	0	0	0
1428616440589402509	CPU_0	0	0	0	100.00	0	0	0	0	0	0
1428616441208591438	CPU_0	0	0	0	100.00	0	0	0	0	0	0
1428616441827825908	CPU_0	0	0	0	100.00	0	0	0	0	0	0
1428616442454435321	CPU_0	0	0	1.58	98.41	0	0	0	0	0	0
1428616443073956957	CPU_0	0	0	0	100.00	0	0	0	0	0	0
1428616443693675594	CPU_0	0	0	0	100.00	0	0	0	0	0	0
1428616444312943898	CPU_0	0	0	0	98.38	0	1.61	0	0	0	0
1428616444932000119	CPU_0	0	0	1.61	98.38	0	0	0	0	0	0
1428616445557838783	CPU_0	0	0	0	100.00	0	0	0	0	0	0
1428616446177234545	CPU_0	0	0	0	100.00	0	0	0	0	0	0
1428616446796776141	CPU_0	0	0	0	98.38	0	1.61	0	0	0	0
1428616447416164570	CPU_0	0	0	0	100.00	0	0	0	0	0	0
1428616448041529694	CPU_0	0	0	0	100.00	0	0	0	0	0	0
1428616448661383288	CPU_0	0	0	0	100.00	0	0	0	0	0	0
1428616449280821759	CPU_0	0	0	1.61	98.38	0	0	0	0	0	0
1428616449899661314	CPU_0	0	0	0	96.82	0	0	3.17	0	0	0
1428616450519015743	CPU_0	0	0	0	98.38	0	1.61	0	0	0	0
1428616451145899948	CPU_0	0	0	1.49	92.53	0	5.97	0	0	0	0
1428616451765286294	CPU_0	0	0	1.61	98.38	0	0	0	0	0	0
1428616452384962097	CPU_0	0	0	0	100.00	0	0	0	0	0	0
1428616453005269858	CPU_0	0	0	1.61	98.38	0	0	0	0	0	0
1428616453631695855	CPU_0	0	0	0	100.00	0	0	0	0	0	0
1428616454251020618	CPU_0	0	0	0	100.00	0	0	0	0	0	0
1428616454869942423	CPU_0	0	0	0	100.00	0	0	0	0	0	0
1428616455489143062	CPU_0	0	0	1.61	98.38	0	0	0	0	0	0
1428616456109606822	CPU_0	0	0	0	100.00	0	0	0	0	0	0
1428616456735296363	CPU_0	0	0	0	100.00	0	0	0	0	0	0
1428616457354413585	CPU_0	0	0	0	100.00	0	0	0	0	0	0
1428616457973668181	CPU_0	0	0	1.61	98.38	0	0	0	0	0	0
1428616458593466694	CPU_0	0	0	0	100.00	0	0	0	0	0	0
1428616459219229484	CPU_0	0	0	0	100.00	0	0	0	0	0	0
1428616459838029415	CPU_0	0	0	0	100.00	0	0	0	0	0	0
1428616460457604803	CPU_0	0	0	0	98.38	1.61	0	0	0	0	0
1428616461077668398	CPU_0	0	0	1.61	98.38	0	0	0	0	0	0
1428616461697440036	CPU_0	0	0	0	98.38	0	1.61	0	0	0	0
1428616462322523161	CPU_0	0	0	0	100.00	0	0	0	0	0	0
1428616462942659798	CPU_0	0	0	0	100.00	0	0	0	0	0	0
1428616463562479810	CPU_0	1.61	0	1.61	95.16	0	1.61	0	0	0	0
1428616464182974238	CPU_0	0	0	0	93.75	0	6.25	0	0	0	0
1428616464808734654	CPU_0	5.00	0	1.66	93.33	0	0	0	0	0	0
1428616465428575792	CPU_0	0	0	0	100.00	0	0	0	0	0	0
1428616466047402015	CPU_0	0	0	0	100.00	0	0	0	0	0	0
1428616466667803776	CPU_0	0	0	0	100.00	0	0	0	0	0	0
1428616467286481333	CPU_0	0	0	0	100.00	0	0	0	0	0	0
1428616467911701042	CPU_0	0	0	0	98.41	0	0	1.58	0	0	0
1428616468531326764	CPU_0	0	0	0	100.00	0	0	0	0	0	0
1428616469152446524	CPU_0	0	0	0	100.00	0	0	0	0	0	0
1428616469771975037	CPU_0	0	0	0	100.00	0	0	0	0	0	0
1428616470398044370	CPU_0	1.58	0	0	96.82	0	1.58	0	0	0	0
1428616471017359634	CPU_0	0	0	0	100.00	0	0	0	0	0	0
1428616471638397394	CPU_0	0	0	1.61	98.38	0	0	0	0	0	0
1428616472258039908	CPU_0	0	0	0	100.00	0	0	0	0	0	0
1428616472883429992	CPU_0	0	0	0	98.38	0	1.61	0	0	0	0
1428616473505105001	CPU_0	0	0	1.58	98.41	0	0	0	0	0	0
1428616474125777512	CPU_0	0	0	0	100.00	0	0	0	0	0	0
1428616474744630653	CPU_0	0	0	0	100.00	0	0	0	0	0	0
1428616475364497874	CPU_0	0	0	0	93.84	0	6.15	0	0	0	0
1428616475990035417	CPU_0	0	0	0	100.00	0	0	0	0	0	0
1428616476610855594	CPU_0	0	0	1.58	98.41	0	0	0	0	0	0
1428616477230301025	CPU_0	0	0	0	95.31	0	0	4.68	0	0	0
1428616477849785081	CPU_0	0	0	0	100.00	0	0	0	0	0	0
1428616478474992625	CPU_0	0	0	0	100.00	0	0	0	0	0	0
1428616479095446303	CPU_0	0	0	1.61	98.38	0	0	0	0	0	0
1428616479715022317	CPU_0	6.66	0	0	93.33	0	0	0	0	0	0
1428616480334018000	CPU_0	0	0	0	100.00	0	0	0	0	0	0
1428616480952339017	CPU_0	0	0	0	100.00	0	0	0	0	0	0
1428616481577125353	CPU_0	0	0	0	100.00	0	0	0	0	0	0
1428616482195112329	CPU_0	0	0	0	100.00	0	0	0	0	0	0
1428616482813021388	CPU_0	0	0	0	100.00	0	0	0	0	0	0
1428616483431309447	CPU_0	0	0	0	100.00	0	0	0	0	0	0
1428616484055666993	CPU_0	0	0	0	100.00	0	0	0	0	0	0
1428616484675631173	CPU_0	0	0	1.58	96.82	0	1.58	0	0	0	0
1428616485294888772	CPU_0	0	0	0	98.38	1.61	0	0	0	0	0
1428616485914386078	CPU_0	0	0	1.61	98.38	0	0	0	0	0	0
1428616486534267592	CPU_0	0	0	0	100.00	0	0	0	0	0	0
1428616487160125718	CPU_0	0	0	0	98.38	0	1.61	0	0	0	0
1428616487779571399	CPU_0	0	0	0	100.00	0	0	0	0	0	0
1428616488398591040	CPU_0	0	0	0	100.00	0	0	0	0	0	0
1428616489018183472	CPU_0	0	0	0	100.00	0	0	0	0	0	0
1428616489644696013	CPU_0	0	0	0	98.38	0	1.61	0	0	0	0
1428616490264024528	CPU_0	0	0	0	100.00	0	0	0	0	0	0
1428616490883981126	CPU_0	0	0	0	100.00	0	0	0	0	0	0
1428616491504107098	CPU_0	0	0	0	100.00	0	0	0	0	0	0
1428616492124049862	CPU_0	0	0	1.58	96.82	0	1.58	0	0	0	0
1428616492750189238	CPU_0	0	0	0	100.00	0	0	0	0	0	0
1428616493370167877	CPU_0	0	0	0	100.00	0	0	0	0	0	0
1428616493990171724	CPU_0	0	0	1.61	98.38	0	0	0	0	0	0
1428616494610438155	CPU_0	0	0	0	98.38	0	1.61	0	0	0	0
1428616495236099157	CPU_0	0	0	0	100.00	0	0	0	0	0	0
1428616495855611005	CPU_0	0	0	0	98.38	0	1.61	0	0	0	0
1428616496475147146	CPU_0	0	0	1.61	98.38	0	0	0	0	0	0
1428616497094874786	CPU_0	0	0	0	100.00	0	0	0	0	0	0
1428616497714808425	CPU_0	0	0	0	100.00	0	0	0	0	0	0
1428616498341022384	CPU_0	0	0	0	100.00	0	0	0	0	0	0
1428616498960430025	CPU_0	0	0	0	100.00	0	0	0	0	0	0
1428616499580434207	CPU_0	0	0	0	96.82	0	3.17	0	0	0	0
1428616500200956262	CPU_0	0	0	1.61	98.38	0	0	0	0	0	0
1428616500828037052	CPU_0	0	0	0	98.38	0	0	1.61	0	0	0
1428616501448844607	CPU_0	1.61	0	0	98.38	0	0	0	0	0	0
1428616502069254038	CPU_0	0	0	0	100.00	0	0	0	0	0	0
1428616502689901843	CPU_0	0	0	0	98.38	0	1.61	0	0	0	0
1428616503311840062	CPU_0	0	0	1.61	98.38	0	0	0	0	0	0
1428616503936228400	CPU_0	0	0	0	100.00	0	0	0	0	0	0
1428616504556217457	CPU_0	0	0	0	100.00	0	0	0	0	0	0
1428616505176579096	CPU_0	0	0	1.58	96.82	1.58	0	0	0	0	0
1428616505796596569	CPU_0	0	0	1.61	98.38	0	0	0	0	0	0
1428616506422692404	CPU_0	0	0	0	98.38	0	1.61	0	0	0	0
1428616507043169043	CPU_0	0	0	1.61	98.38	0	0	0	0	0	0
1428616507663598266	CPU_0	0	0	0	100.00	0	0	0	0	0	0
1428616508283571073	CPU_0	0	0	0	100.00	0	0	0	0	0	0
1428616508909492950	CPU_0	0	0	0	98.38	0	1.61	0	0	0	0
1428616509529640840	CPU_0	0	0	0	100.00	0	0	0	0	0	0
1428616510150313979	CPU_0	0	0	0	100.00	0	0	0	0	0	0
1428616510770238703	CPU_0	0	0	1.61	98.38	0	0	0	0	0	0
1428616511390230051	CPU_0	0	0	0	98.38	0	1.61	0	0	0	0
1428616512016221012	CPU_0	0	0	1.58	98.41	0	0	0	0	0	0
1428616512636691901	CPU_0	0	0	0	100.00	0	0	0	0	0	0
1428616513256855417	CPU_0	0	0	0	98.38	0	1.61	0	0	0	0
1428616513876847224	CPU_0	0	0	1.61	98.38	0	0	0	0	0	0
1428616514503178392	CPU_0	0	0	0	100.00	0	0	0	0	0	0
1428616515123683032	CPU_0	0	0	0	96.82	0	0	3.17	0	0	0
1428616515744758920	CPU_0	0	0	0	96.77	0	3.22	0	0	0	0
1428616516365214310	CPU_0	0	0	1.58	98.41	0	0	0	0	0	0
1428616516986267365	CPU_0	0	0	0	100.00	0	0	0	0	0	0
1428616517613188282	CPU_0	0	0	0	100.00	0	0	0	0	0	0
1428616518234352962	CPU_0	0	0	0	100.00	0	0	0	0	0	0
1428616518854612144	CPU_0	0	0	1.61	98.38	0	0	0	0	0	0
1428616519475257284	CPU_0	0	0	0	100.00	0	0	0	0	0	0
1428616520101932410	CPU_0	0	0	0	100.00	0	0	0	0	0	0
1428616520723095507	CPU_0	0	0	0	96.82	1.58	1.58	0	0	0	0
1428616521343116148	CPU_0	0	0	0	100.00	0	0	0	0	0	0
1428616521962721582	CPU_0	0	0	0	96.82	0	3.17	0	0	0	0
1428616522585087426	CPU_0	0	0	1.61	98.38	0	0	0	0	0	0
1428616523211113263	CPU_0	0	0	0	100.00	0	0	0	0	0	0
1428616523831843486	CPU_0	0	0	0	100.00	0	0	0	0	0	0
1428616524451973043	CPU_0	0	0	1.61	98.38	0	0	0	0	0	0
1428616525072004768	CPU_0	0	0	0	100.00	0	0	0	0	0	0
1428616525699445810	CPU_0	0	0	0	100.00	0	0	0	0	0	0
1428616526319869700	CPU_0	0	0	0	100.00	0	0	0	0	0	0
1428616526940281549	CPU_0	0	0	1.61	98.38	0	0	0	0	0	0
1428616527560136399	CPU_0	0	0	0	100.00	0	0	0	0	0	0
1428616528187311234	CPU_0	0	0	0	98.41	0	1.58	0	0	0	0
1428616528808009540	CPU_0	0	0	0	100.00	0	0	0	0	0	0
1428616529428290473	CPU_0	0	0	0	100.00	0	0	0	0	0	0
1428616530048395031	CPU_0	0	0	0	100.00	0	0	0	0	0	0
1428616530674979158	CPU_0	0	0	0	98.38	0	1.61	0	0	0	0
1428616531302182493	CPU_0	0	0	0	100.00	0	0	0	0	0	0
1428616531922859675	CPU_0	0	0	1.61	98.38	0	0	0	0	0	0
1428616532543859314	CPU_0	0	0	0	100.00	0	0	0	0	0	0
1428616533165807619	CPU_0	0	0	0	98.38	0	1.61	0	0	0	0
1428616533793011787	CPU_0	0	0	1.58	98.41	0	0	0	0	0	0
1428616534413844885	CPU_0	0	0	0	96.82	0	0	3.17	0	0	0
1428616535034033860	CPU_0	0	0	1.61	98.38	0	0	0	0	0	0
1428616535655512124	CPU_0	0	0	0	96.82	1.58	1.58	0	0	0	0
1428616536276518597	CPU_0	0	0	1.61	98.38	0	0	0	0	0	0
1428616536903362349	CPU_0	0	0	0	100.00	0	0	0	0	0	0
1428616537524016532	CPU_0	0	0	0	100.00	0	0	0	0	0	0
1428616538144899631	CPU_0	0	0	0	98.38	0	1.61	0	0	0	0
1428616538766347853	CPU_0	0	0	0	100.00	0	0	0	0	0	0
1428616539393728104	CPU_0	0	0	0	100.00	0	0	0	0	0	0
1428616540014469828	CPU_0	0	0	1.61	98.38	0	0	0	0	0	0
1428616540635202803	CPU_0	0	0	0	98.38	0	1.61	0	0	0	0
1428616541256261026	CPU_0	0	0	0	100.00	0	0	0	0	0	0
1428616541886591479	CPU_0	0	0	0	100.00	0	0	0	0	0	0
1428616542507116412	CPU_0	0	0	1.58	96.82	0	1.58	0	0	0	0
1428616543128011636	CPU_0	0	0	0	100.00	0	0	0	0	0	0
1428616543749600692	CPU_0	0	0	0	100.00	0	0	0	0	0	0
1428616544370017542	CPU_0	0	0	0	100.00	0	0	0	0	0	0
1428616544996759837	CPU_0	0	0	0	98.38	0	1.61	0	0	0	0
1428616545617281604	CPU_0	0	0	0	100.00	0	0	0	0	0	0
1428616546238266369	CPU_0	0	0	0	100.00	0	0	0	0	0	0
1428616546859281177	CPU_0	0	0	0	98.38	0	1.61	0	0	0	0
1428616547485931763	CPU_0	0	0	0	100.00	0	0	0	0	0	0
1428616548106461947	CPU_0	0	0	1.61	98.38	0	0	0	0	0	0
1428616548728011211	CPU_0	0	0	0	98.41	0	0	1.58	0	0	0
1428616549349548226	CPU_0	0	0	0	100.00	0	0	0	0	0	0
1428616549970285242	CPU_0	0	0	0	98.38	0	1.61	0	0	0	0
1428616550597987785	CPU_0	0	0	1.61	98.38	0	0	0	0	0	0
1428616551219605425	CPU_0	0	0	0	100.00	0	0	0	0	0	0
1428616551840621608	CPU_0	0	0	0	100.00	0	0	0	0	0	0
1428616552461509749	CPU_0	0	0	0	98.38	0	1.61	0	0	0	0
1428616553089147001	CPU_0	0	0	0	100.00	0	0	0	0	0	0
1428616553710679432	CPU_0	0	0	1.61	98.38	0	0	0	0	0	0
1428616554332121822	CPU_0	0	0	0	100.00	0	0	0	0	0	0
1428616554953208297	CPU_0	0	0	0	98.41	0	1.58	0	0	0	0
1428616555580841924	CPU_0	0	0	1.58	96.82	1.58	0	0	0	0	0
1428616556205351724	CPU_0	0	0	0	100.00	0	0	0	0	0	0
1428616556826676448	CPU_0	0	0	0	98.41	0	1.58	0	0	0	0
1428616557448522421	CPU_0	0	0	0	100.00	0	0	0	0	0	0
1428616558070129769	CPU_0	0	0	0	100.00	0	0	0	0	0	0
1428616558699658600	CPU_0	0	0	0	100.00	0	0	0	0	0	0
1428616559320752033	CPU_0	0	0	0	100.00	0	0	0	0	0	0
1428616559942339132	CPU_0	0	0	1.56	96.87	0	1.56	0	0	0	0
1428616560564156314	CPU_0	0	0	0	100.00	0	0	0	0	0	0
1428616561193045438	CPU_0	0	0	0	100.00	0	0	0	0	0	0
1428616561814899828	CPU_0	1.61	0	0	96.77	0	1.61	0	0	0	0
1428616562437190675	CPU_0	0	0	1.58	98.41	0	0	0	0	0	0
1428616563059190148	CPU_0	0	0	0	100.00	0	0	0	0	0	0
1428616563681995328	CPU_0	0	0	0	98.38	0	0	1.61	0	0	0
1428616564310871994	CPU_0	0	0	0	98.41	0	1.58	0	0	0	0
1428616564933240341	CPU_0	0	0	0	100.00	0	0	0	0	0	0
1428616565555734730	CPU_0	0	0	0	100.00	0	0	0	0	0	0
1428616566177964619	CPU_0	0	0	1.58	98.41	0	0	0	0	0	0
1428616566806728869	CPU_0	0	0	0	96.82	0	3.17	0	0	0	0
1428616567428209885	CPU_0	0	0	0	100.00	0	0	0	0	0	0
1428616568049850693	CPU_0	0	0	0	100.00	0	0	0	0	0	0
1428616568672071749	CPU_0	0	0	0	100.00	0	0	0	0	0	0
1428616569301824372	CPU_0	0	0	1.58	98.41	0	0	0	0	0	0
1428616569923833679	CPU_0	0	0	0	100.00	0	0	0	0	0	0
1428616570545142904	CPU_0	0	0	0	100.00	0	0	0	0	0	0
1428616571167326835	CPU_0	0	0	0	100.00	0	0	0	0	0	0
1428616571789358392	CPU_0	0	0	1.58	96.82	0	1.58	0	0	0	0
1428616572417395936	CPU_0	0	0	0	100.00	0	0	0	0	0	0
1428616573039417618	CPU_0	0	0	0	98.41	0	0	1.58	0	0	0
1428616573660958842	CPU_0	0	0	0	100.00	0	0	0	0	0	0
1428616574283178816	CPU_0	0	0	1.58	96.82	0	1.58	0	0	0	0
1428616574910564403	CPU_0	0	0	0	100.00	0	0	0	0	0	0
1428616575532206461	CPU_0	0	0	1.58	96.82	1.58	0	0	0	0	0
1428616576153683436	CPU_0	0	0	0	100.00	0	0	0	0	0	0
1428616576775804034	CPU_0	0	0	1.58	96.82	0	1.58	0	0	0	0
1428616577397412342	CPU_0	0	0	0	98.38	0	1.61	0	0	0	0
1428616578023750932	CPU_0	0	0	1.58	98.41	0	0	0	0	0	0
1428616578644902158	CPU_0	0	0	0	100.00	0	0	0	0	0	0
1428616579266531716	CPU_0	0	0	0	100.00	0	0	0	0	0	0
1428616579887341984	CPU_0	0	0	1.61	98.38	0	0	0	0	0	0
1428616580515746694	CPU_0	0	0	0	100.00	0	0	0	0	0	0
1428616581137468044	CPU_0	0	0	0	98.38	0	1.61	0	0	0	0
1428616581759423894	CPU_0	0	0	0	100.00	0	0	0	0	0	0
1428616582379945746	CPU_0	0	0	1.58	96.82	0	0	1.58	0	0	0
1428616583006889085	CPU_0	0	0	0	100.00	0	0	0	0	0	0
1428616583628943392	CPU_0	1.63	0	0	96.72	0	1.63	0	0	0	0
1428616584251318324	CPU_0	0	0	0	98.36	0	1.63	0	0	0	0
1428616584873040091	CPU_0	7.93	0	4.76	85.71	0	1.58	0	0	0	0
1428616585495015732	CPU_0	0	0	0	100.00	0	0	0	0	0	0
1428616586122856986	CPU_0	0	0	0	95.38	0	1.53	3.07	0	0	0
1428616586744897960	CPU_0	0	0	0	100.00	0	0	0	0	0	0
1428616587366656394	CPU_0	0	0	0	100.00	0	0	0	0	0	0
1428616587988352452	CPU_0	0	0	0	100.00	0	0	0	0	0	0
1428616588616747788	CPU_0	0	0	1.56	96.87	0	1.56	0	0	0	0
1428616589238788638	CPU_0	4.83	0	0	95.16	0	0	0	0	0	0
1428616589860353613	CPU_0	0	0	1.61	98.38	0	0	0	0	0	0
1428616590481723381	CPU_0	0	0	1.61	98.38	0	0	0	0	0	0
1428616591109233802	CPU_0	0	0	0	98.41	0	1.58	0	0	0	0
1428616591733843480	CPU_0	0	0	0	100.00	0	0	0	0	0	0
1428616592356446537	CPU_0	0	0	0	98.41	0	1.58	0	0	0	0
1428616592977700097	CPU_0	0	0	0	100.00	0	0	0	0	0	0
1428616593599771613	CPU_0	1.61	0	0	98.38	0	0	0	0	0	0
1428616594228004700	CPU_0	0	0	1.58	98.41	0	0	0	0	0	0
1428616594850030717	CPU_0	0	0	0	100.00	0	0	0	0	0	0
1428616595471704359	CPU_0	0	0	1.61	98.38	0	0	0	0	0	0
1428616596094094334	CPU_0	0	0	0	98.41	0	1.58	0	0	0	0
1428616596722409087	CPU_0	0	0	0	100.00	0	0	0	0	0	0
1428616597345524976	CPU_0	0	0	0	100.00	0	0	0	0	0	0
1428616597967537160	CPU_0	0	0	1.61	98.38	0	0	0	0	0	0
1428616598590181926	CPU_0	0	0	0	98.41	0	1.58	0	0	0	0
1428616599211649402	CPU_0	0	0	1.61	98.38	0	0	0	0	0	0
1428616599840856362	CPU_0	0	0	0	100.00	0	0	0	0	0	0
1428616600462662255	CPU_0	0	0	1.58	96.82	0	1.58	0	0	0	0
1428616601084864855	CPU_0	0	0	0	100.00	0	0	0	0	0	0
1428616601706657914	CPU_0	0	0	0	100.00	0	0	0	0	0	0
1428616602335815833	CPU_0	0	0	0	100.00	0	0	0	0	0	0
1428616602958122391	CPU_0	0	0	0	98.38	0	1.61	0	0	0	0
1428616603580679407	CPU_0	0	0	0	100.00	0	0	0	0	0	0
1428616604203040757	CPU_0	0	0	0	100.00	0	0	0	0	0	0
1428616604831950051	CPU_0	0	0	1.58	98.41	0	0	0	0	0	0
1428616605454099068	CPU_0	0	0	0	98.38	0	1.61	0	0	0	0
1428616606075884586	CPU_0	0	0	1.61	98.38	0	0	0	0	0	0
1428616606697666104	CPU_0	0	0	0	100.00	0	0	0	0	0	0
1428616607320621037	CPU_0	0	0	1.58	98.41	0	0	0	0	0	0
1428616607948855166	CPU_0	0	0	0	98.41	0	1.58	0	0	0	0
1428616608571084891	CPU_0	0	0	0	100.00	0	0	0	0	0	0
1428616609192635660	CPU_0	0	0	0	98.38	0	1.61	0	0	0	0
1428616609814470720	CPU_0	0	0	1.61	98.38	0	0	0	0	0	0
1428616610443084182	CPU_0	0	0	0	98.41	0	0	1.58	0	0	0
1428616611065485240	CPU_0	0	0	0	100.00	0	0	0	0	0	0
1428616611687707008	CPU_0	0	0	0	100.00	0	0	0	0	0	0
1428616612311803146	CPU_0	0	0	0	98.38	0	1.61	0	0	0	0
1428616612939719027	CPU_0	0	0	0	100.00	0	0	0	0	0	0
1428616613562779251	CPU_0	0	0	0	96.87	0	3.12	0	0	0	0
1428616614184404936	CPU_0	0	0	1.61	98.38	0	0	0	0	0	0
1428616614807443202	CPU_0	0	0	0	100.00	0	0	0	0	0	0
1428616615429126596	CPU_0	0	0	1.56	96.87	1.56	0	0	0	0	0
1428616616057778766	CPU_0	0	0	0	100.00	0	0	0	0	0	0
1428616616679149745	CPU_0	0	0	0	100.00	0	0	0	0	0	0
1428616617302255052	CPU_0	0	0	0	100.00	0	0	0	0	0	0
1428616617923163865	CPU_0	0	0	1.58	98.41	0	0	0	0	0	0
1428616618551860452	CPU_0	0	0	0	100.00	0	0	0	0	0	0
1428616619173076680	CPU_0	0	0	0	100.00	0	0	0	0	0	0
1428616619795821905	CPU_0	0	0	0	95.31	0	1.56	3.12	0	0	0
1428616620417381883	CPU_0	0	0	1.61	98.38	0	0	0	0	0	0
1428616621045936263	CPU_0	0	0	0	95.38	0	4.61	0	0	0	0
1428616621670589984	CPU_0	0	0	0	100.00	0	0	0	0	0	0
1428616622293399167	CPU_0	0	0	0	100.00	0	0	0	0	0	0
1428616622915498103	CPU_0	0	0	1.61	98.38	0	0	0	0	0	0
1428616623537257122	CPU_0	0	0	0	100.00	0	0	0	0	0	0
1428616624165907543	CPU_0	0	0	0	100.00	0	0	0	0	0	0
1428616624788480560	CPU_0	0	0	0	100.00	0	0	0	0	0	0
1428616625410459454	CPU_0	0	0	0	100.00	0	0	0	0	0	0
1428616626032819848	CPU_0	0	0	1.58	98.41	0	0	0	0	0	0
1428616626661081603	CPU_0	1.58	0	0	98.41	0	0	0	0	0	0
1428616627284004578	CPU_0	0	0	0	100.00	0	0	0	0	0	0
1428616627906165222	CPU_0	0	0	0	100.00	0	0	0	0	0	0
1428616628529185905	CPU_0	0	0	1.58	98.41	0	0	0	0	0	0
1428616629151668257	CPU_0	0	0	0	100.00	0	0	0	0	0	0
1428616629780366511	CPU_0	0	0	1.56	96.87	0	1.56	0	0	0	0
1428616630402358989	CPU_0	0	0	0	100.00	0	0	0	0	0	0
1428616631025280090	CPU_0	0	0	0	100.00	0	0	0	0	0	0
1428616631647711441	CPU_0	0	0	0	98.38	0	1.61	0	0	0	0
1428616632276910570	CPU_0	0	0	1.58	98.41	0	0	0	0	0	0
1428616632898951964	CPU_0	0	0	0	100.00	0	0	0	0	0	0
1428616633521416774	CPU_0	0	0	0	100.00	0	0	0	0	0	0
1428616634143229711	CPU_0	0	0	0	100.00	0	0	0	0	0	0
1428616634771725216	CPU_0	0	0	1.56	96.87	0	1.56	0	0	0	0
1428616635394736275	CPU_0	0	0	0	100.00	0	0	0	0	0	0
1428616636017494418	CPU_0	0	0	1.61	98.38	0	0	0	0	0	0
1428616636639359272	CPU_0	0	0	0	98.38	0	1.61	0	0	0	0
1428616637262016248	CPU_0	0	0	0	100.00	0	0	0	0	0	0
1428616637891309294	CPU_0	0	0	0	100.00	0	0	0	0	0	0
1428616638513823104	CPU_0	0	0	0	98.38	0	0	1.61	0	0	0
1428616639136107498	CPU_0	0	0	1.56	96.87	0	1.56	0	0	0	0
1428616639759107641	CPU_0	0	0	0	100.00	0	0	0	0	0	0
1428616640388805686	CPU_0	0	0	0	96.87	0	3.12	0	0	0	0
1428616641011707121	CPU_0	0	0	0	100.00	0	0	0	0	0	0
1428616641634427181	CPU_0	0	0	1.61	98.38	0	0	0	0	0	0
1428616642256594409	CPU_0	0	0	0	100.00	0	0	0	0	0	0
1428616642885723497	CPU_0	0	0	0	100.00	0	0	0	0	0	0
1428616643508555973	CPU_0	0	0	0	100.00	0	0	0	0	0	0
1428616644131474950	CPU_0	0	0	1.61	98.38	0	0	0	0	0	0
1428616644754005510	CPU_0	0	0	0	100.00	0	0	0	0	0	0
1428616645377676485	CPU_0	0	0	0	100.00	0	0	0	0	0	0
1428616646006177867	CPU_0	0	0	0	100.00	0	0	0	0	0	0
1428616646628015179	CPU_0	0	0	1.61	96.77	0	1.61	0	0	0	0
1428616647250765906	CPU_0	0	0	0	100.00	0	0	0	0	0	0
1428616647874305923	CPU_0	0	0	1.61	98.38	0	0	0	0	0	0
1428616648503899427	CPU_0	0	0	0	95.38	0	3.07	1.53	0	0	0
1428616649126406030	CPU_0	0	0	0	100.00	0	0	0	0	0	0
1428616649749030882	CPU_0	0	0	1.61	98.38	0	0	0	0	0	0
1428616650372419358	CPU_0	0	0	0	98.38	1.61	0	0	0	0	0
1428616651004840856	CPU_0	0	0	0	100.00	0	0	0	0	0	0
1428616651627459584	CPU_0	0	0	0	100.00	0	0	0	0	0	0
1428616652249926770	CPU_0	0	0	0	100.00	0	0	0	0	0	0
1428616652872885914	CPU_0	0	0	0	100.00	0	0	0	0	0	0
1428616653495010643	CPU_0	0	0	1.58	96.82	0	1.58	0	0	0	0
1428616654123285941	CPU_0	0	0	0	100.00	0	0	0	0	0	0
1428616654745807545	CPU_0	0	0	0	100.00	0	0	0	0	0	0
1428616655369076688	CPU_0	0	0	1.61	98.38	0	0	0	0	0	0
1428616655991597999	CPU_0	0	0	0	98.41	0	1.58	0	0	0	0
1428616656620260964	CPU_0	0	0	0	100.00	0	0	0	0	0	0
1428616657241792236	CPU_0	0	0	0	100.00	0	0	0	0	0	0
1428616657864480589	CPU_0	0	0	0	100.00	0	0	0	0	0	0
1428616658487017151	CPU_0	0	0	1.53	95.38	0	1.53	1.53	0	0	0
1428616659110194919	CPU_0	0	0	0	100.00	0	0	0	0	0	0
1428616659736639306	CPU_0	0	0	0	100.00	0	0	0	0	0	0
1428616660360303824	CPU_0	0	0	0	100.00	0	0	0	0	0	0
1428616660983302509	CPU_0	0	0	0	98.38	0	1.61	0	0	0	0
1428616661606060404	CPU_0	0	0	0	100.00	0	0	0	0	0	0
1428616662234630995	CPU_0	0	0	0	98.41	0	1.58	0	0	0	0
1428616662857731180	CPU_0	0	0	1.58	98.41	0	0	0	0	0	0
1428616663480272534	CPU_0	0	0	0	100.00	0	0	0	0	0	0
1428616664102466097	CPU_0	0	0	1.61	98.38	0	0	0	0	0	0
1428616664730871729	CPU_0	0	0	0	100.00	0	0	0	0	0	0
1428616665353063209	CPU_0	0	0	1.63	98.36	0	0	0	0	0	0
1428616665975365730	CPU_0	0	0	0	98.41	0	1.58	0	0	0	0
1428616666597278627	CPU_0	0	0	1.61	98.38	0	0	0	0	0	0
1428616667219242648	CPU_0	0	0	0	100.00	0	0	0	0	0	0
1428616667847920406	CPU_0	0	0	0	98.41	0	0	1.58	0	0	0
1428616668470459635	CPU_0	0	0	0	98.38	0	1.61	0	0	0	0
1428616669092945072	CPU_0	0	0	1.58	98.41	0	0	0	0	0	0
1428616669715165135	CPU_0	0	0	0	100.00	0	0	0	0	0	0
1428616670344639308	CPU_0	0	0	1.61	98.38	0	0	0	0	0	0
1428616670967320911	CPU_0	0	0	0	98.41	0	1.58	0	0	0	0
1428616671589547641	CPU_0	0	0	0	100.00	0	0	0	0	0	0
1428616672212467995	CPU_0	1.61	0	0	98.38	0	0	0	0	0	0
1428616672842394333	CPU_0	0	0	0	98.41	0	1.58	0	0	0	0
1428616673464891729	CPU_0	0	0	1.61	98.38	0	0	0	0	0	0
1428616674087916291	CPU_0	0	0	0	100.00	0	0	0	0	0	0
1428616674710049021	CPU_0	0	0	0	100.00	0	0	0	0	0	0
1428616675333683498	CPU_0	0	0	1.58	96.82	0	1.58	0	0	0	0
1428616675963069546	CPU_0	0	0	0	96.82	1.58	1.58	0	0	0	0
1428616676587375188	CPU_0	0	0	0	100.00	0	0	0	0	0	0
1428616677210538000	CPU_0	0	0	1.51	92.42	0	0	6.06	0	0	0
1428616677834464976	CPU_0	0	0	0	100.00	0	0	0	0	0	0
1428616678464278565	CPU_0	0	0	1.53	95.38	0	3.07	0	0	0	0
1428616679088054792	CPU_0	0	0	0	100.00	0	0	0	0	0	0
1428616679710736022	CPU_0	0	0	1.58	98.41	0	0	0	0	0	0
1428616680334123250	CPU_0	0	0	0	100.00	0	0	0	0	0	0
1428616680964181630	CPU_0	0	0	1.58	98.41	0	0	0	0	0	0
1428616681587368400	CPU_0	0	0	0	100.00	0	0	0	0	0	0
1428616682209869880	CPU_0	0	0	1.61	98.38	0	0	0	0	0	0
1428616682833012692	CPU_0	0	0	0	98.41	0	1.58	0	0	0	0
1428616683457140627	CPU_0	0	0	1.61	98.38	0	0	0	0	0	0
1428616684086744383	CPU_0	0	0	0	100.00	0	0	0	0	0	0
1428616684710064778	CPU_0	0	0	0	93.93	0	6.06	0	0	0	0
1428616685333130840	CPU_0	0	0	0	100.00	0	0	0	0	0	0
1428616685956787360	CPU_0	0	0	0	100.00	0	0	0	0	0	0
1428616686586550616	CPU_0	0	0	1.58	98.41	0	0	0	0	0	0
1428616687209647053	CPU_0	0	0	0	100.00	0	0	0	0	0	0
1428616687832335950	CPU_0	0	0	0	100.00	0	0	0	0	0	0
1428616688456459885	CPU_0	0	0	0	100.00	0	0	0	0	0	0
1428616689086265808	CPU_0	0	0	1.58	98.41	0	0	0	0	0	0
1428616689709402787	CPU_0	0	0	0	100.00	0	0	0	0	0	0
1428616690332400891	CPU_0	0	0	0	100.00	0	0	0	0	0	0
1428616690956815743	CPU_0	0	0	0	100.00	0	0	0	0	0	0
1428616691579862347	CPU_0	0	0	0	100.00	0	0	0	0	0	0
1428616692209450729	CPU_0	0	0	0	100.00	0	0	0	0	0	0
1428616692832908333	CPU_0	0	0	1.61	98.38	0	0	0	0	0	0
1428616693457566726	CPU_0	0	0	0	100.00	0	0	0	0	0	0
1428616694080823955	CPU_0	0	0	1.58	98.41	0	0	0	0	0	0
1428616694710126962	CPU_0	0	0	0	100.00	0	0	0	0	0	0
1428616695332877734	CPU_0	0	0	0	98.38	0	1.61	0	0	0	0
1428616695957256211	CPU_0	0	0	0	100.00	0	0	0	0	0	0
1428616696580119566	CPU_0	0	0	1.61	98.38	0	0	0	0	0	0
1428616697209241950	CPU_0	0	0	1.56	98.43	0	0	0	0	0	0
1428616697832348096	CPU_0	0	0	0	98.38	0	1.61	0	0	0	0
1428616698456185283	CPU_0	0	0	0	100.00	0	0	0	0	0	0
1428616699079442804	CPU_0	0	0	0	100.00	0	0	0	0	0	0
1428616699707706481	CPU_0	0	0	1.58	98.41	0	0	0	0	0	0
1428616700333501996	CPU_0	0	0	0	98.41	0	1.58	0	0	0	0
1428616700956924809	CPU_0	0	0	0	100.00	0	0	0	0	0	0
1428616701580140580	CPU_0	0	0	0	100.00	0	0	0	0	0	0
1428616702202383437	CPU_0	0	0	1.61	98.38	0	0	0	0	0	0
1428616702831931820	CPU_0	0	0	0	98.41	0	1.58	0	0	0	0
1428616703456092631	CPU_0	3.22	0	0	96.77	0	0	0	0	0	0
1428616704079686735	CPU_0	0	0	0	98.36	0	1.63	0	0	0	0
1428616704702774632	CPU_0	4.91	0	4.91	88.52	0	1.63	0	0	0	0
1428616705332205724	CPU_0	0	0	0	100.00	0	0	0	0	0	0
1428616705956710826	CPU_0	0	0	1.56	95.31	1.56	1.56	0	0	0	0
1428616706580219097	CPU_0	0	0	0	93.84	0	6.15	0	0	0	0
1428616707202855912	CPU_0	0	0	0	100.00	0	0	0	0	0	0
1428616707831286505	CPU_0	0	0	0	100.00	0	0	0	0	0	0
1428616708458600935	CPU_0	0	0	0	100.00	0	0	0	0	0	0
1428616709082576247	CPU_0	0	0	1.58	98.41	0	0	0	0	0	0
1428616709706435434	CPU_0	6.45	0	0	93.54	0	0	0	0	0	0
1428616710329934831	CPU_0	0	0	0	100.00	0	0	0	0	0	0
1428616710960377879	CPU_0	0	0	0	100.00	0	0	0	0	0	0
1428616711583875608	CPU_0	0	0	1.61	98.38	0	0	0	0	0	0
1428616712207204214	CPU_0	0	0	0	100.00	0	0	0	0	0	0
1428616712830653110	CPU_0	0	0	0	100.00	0	0	0	0	0	0
1428616713461079200	CPU_0	0	0	0	100.00	0	0	0	0	0	0
1428616714084800721	CPU_0	0	0	1.58	98.41	0	0	0	0	0	0
1428616714708217910	CPU_0	0	0	0	96.82	0	0	3.17	0	0	0
1428616715332211805	CPU_0	0	0	1.58	98.41	0	0	0	0	0	0
1428616715962697479	CPU_0	0	0	0	100.00	0	0	0	0	0	0
1428616716589520410	CPU_0	0	0	1.58	98.41	0	0	0	0	0	0
1428616717212514516	CPU_0	0	0	0	98.38	0	1.61	0	0	0	0
1428616717836253204	CPU_0	0	0	1.58	98.41	0	0	0	0	0	0
1428616718460486433	CPU_0	0	0	0	98.41	0	1.58	0	0	0	0
1428616719090701565	CPU_0	0	0	0	100.00	0	0	0	0	0	0
1428616719714606211	CPU_0	0	0	1.61	98.38	0	0	0	0	0	0
1428616720338414983	CPU_0	0	0	0	100.00	0	0	0	0	0	0
1428616720962675336	CPU_0	0	0	0	100.00	0	0	0	0	0	0
1428616721592946844	CPU_0	0	0	0	100.00	0	0	0	0	0	0
1428616722215930575	CPU_0	0	0	0	98.38	0	1.61	0	0	0	0
1428616722839833013	CPU_0	0	0	0	100.00	0	0	0	0	0	0
1428616723464221034	CPU_0	0	0	0	93.84	0	6.15	0	0	0	0
1428616724097953951	CPU_0	0	0	0	100.00	0	0	0	0	0	0
1428616724722327263	CPU_0	0	0	1.58	98.41	0	0	0	0	0	0
1428616725346246617	CPU_0	0	0	0	100.00	0	0	0	0	0	0
1428616725970866304	CPU_0	0	0	0	100.00	0	0	0	0	0	0
1428616726594189744	CPU_0	0	0	0	100.00	0	0	0	0	0	0
1428616727224033544	CPU_0	0	0	1.58	98.41	0	0	0	0	0	0
1428616727847757774	CPU_0	0	0	0	100.00	0	0	0	0	0	0
1428616728472390295	CPU_0	0	0	0	100.00	0	0	0	0	0	0
1428616729095999442	CPU_0	0	0	0	100.00	0	0	0	0	0	0
1428616729726256533	CPU_0	0	0	1.58	98.41	0	0	0	0	0	0
1428616730349523765	CPU_0	0	0	0	100.00	0	0	0	0	0	0
1428616730974301285	CPU_0	0	0	0	100.00	0	0	0	0	0	0
1428616731598129349	CPU_0	0	0	0	100.00	0	0	0	0	0	0
1428616732228181232	CPU_0	0	0	0	100.00	0	0	0	0	0	0
1428616732852089129	CPU_0	0	0	1.61	98.38	0	0	0	0	0	0
1428616733476948274	CPU_0	0	0	0	100.00	0	0	0	0	0	0
1428616734099954340	CPU_0	0	0	0	96.82	0	1.58	1.58	0	0	0
1428616734723896570	CPU_0	0	0	0	100.00	0	0	0	0	0	0
1428616735353297914	CPU_0	0	0	1.58	98.41	0	0	0	0	0	0
1428616735978526600	CPU_0	0	0	0	100.00	0	0	0	0	0	0
1428616736602393122	CPU_0	0	0	0	92.42	0	7.57	0	0	0	0
1428616737226120978	CPU_0	0	0	0	100.00	0	0	0	0	0	0
1428616737856260779	CPU_0	0	0	1.58	98.41	0	0	0	0	0	0
1428616738481302340	CPU_0	0	0	0	100.00	0	0	0	0	0	0
1428616739104853238	CPU_0	1.61	0	0	98.38	0	0	0	0	0	0
1428616739728121262	CPU_0	0	0	0	100.00	0	0	0	0	0	0
1428616740359409602	CPU_0	0	0	1.58	98.41	0	0	0	0	0	0
1428616740984034331	CPU_0	0	0	0	98.38	1.61	0	0	0	0	0
1428616741608529644	CPU_0	0	0	1.61	98.38	0	0	0	0	0	0
1428616742232194376	CPU_0	0	0	0	100.00	0	0	0	0	0	0
1428616742865791419	CPU_0	0	0	0	100.00	0	0	0	0	0	0
1428616743490603106	CPU_0	0	0	0	98.38	0	0	1.61	0	0	0
1428616744114608587	CPU_0	0	0	0	100.00	0	0	0	0	0	0
1428616744738805234	CPU_0	0	0	1.61	98.38	0	0	0	0	0	0
1428616745362285050	CPU_0	0	0	0	100.00	0	0	0	0	0	0
1428616745993232266	CPU_0	0	0	0	100.00	0	0	0	0	0	0
1428616746616876998	CPU_0	0	0	0	100.00	0	0	0	0	0	0
1428616747240059730	CPU_0	0	0	0	100.00	0	0	0	0	0	0
1428616747863199338	CPU_0	0	0	0	100.00	0	0	0	0	0	0
1428616748493562472	CPU_0	0	0	1.56	96.87	0	1.56	0	0	0	0
1428616749117414079	CPU_0	0	0	0	100.00	0	0	0	0	0	0
1428616749741313769	CPU_0	0	0	1.61	98.38	0	0	0	0	0	0
1428616750364880834	CPU_0	0	0	0	100.00	0	0	0	0	0	0
1428616750995770884	CPU_0	0	0	0	98.41	0	1.58	0	0	0	0
1428616751619982740	CPU_0	0	0	0	100.00	0	0	0	0	0	0
1428616752243863680	CPU_0	0	0	1.61	98.38	0	0	0	0	0	0
1428616752867237163	CPU_0	0	0	0	96.87	0	1.56	1.56	0	0	0
1428616753492399142	CPU_0	0	0	1.61	98.38	0	0	0	0	0	0
1428616754122047444	CPU_0	0	0	0	98.41	0	1.58	0	0	0	0
1428616754745882260	CPU_0	0	0	0	100.00	0	0	0	0	0	0
1428616755369670533	CPU_0	0	0	0	100.00	0	0	0	0	0	0
1428616755995443136	CPU_0	0	0	1.61	98.38	0	0	0	0	0	0
1428616756626357561	CPU_0	0	0	0	100.00	0	0	0	0	0	0
1428616757250402585	CPU_0	0	0	0	98.41	0	1.58	0	0	0	0
1428616757874160067	CPU_0	0	0	1.61	98.38	0	0	0	0	0	0
1428616758498924839	CPU_0	0	0	1.49	92.53	0	5.97	0	0	0	0
1428616759128903558	CPU_0	0	0	0	100.00	0	0	0	0	0	0
1428616759753144247	CPU_0	0	0	0	100.00	0	0	0	0	0	0
1428616760377275812	CPU_0	0	0	1.58	98.41	0	0	0	0	0	0
1428616761002451000	CPU_0	0	0	0	100.00	0	0	0	0	0	0
1428616761632933218	CPU_0	0	0	0	100.00	0	0	0	0	0	0
1428616762259234028	CPU_0	0	0	0	100.00	0	0	0	0	0	0
1428616762884048884	CPU_0	0	0	0	98.41	0	0	1.58	0	0	0
1428616763509017864	CPU_0	0	0	0	100.00	0	0	0	0	0	0
1428616764134049136	CPU_0	0	0	1.58	98.41	0	0	0	0	0	0
1428616764764778187	CPU_0	0	0	1.58	98.41	0	0	0	0	0	0
1428616765388850419	CPU_0	0	0	0	100.00	0	0	0	0	0	0
1428616766014237773	CPU_0	0	0	0	98.41	1.58	0	0	0	0	0
1428616766638362505	CPU_0	0	0	1.61	98.38	0	0	0	0	0	0
1428616767268919557	CPU_0	0	0	0	100.00	0	0	0	0	0	0
1428616767892921664	CPU_0	0	0	0	100.00	0	0	0	0	0	0
1428616768518915892	CPU_0	0	0	0	100.00	0	0	0	0	0	0
1428616769142428042	CPU_0	0	0	0	98.38	0	1.61	0	0	0	0
1428616769773402135	CPU_0	0	0	0	100.00	0	0	0	0	0	0
1428616770397232326	CPU_0	0	0	0	100.00	0	0	0	0	0	0
1428616771022990138	CPU_0	0	0	0	100.00	0	0	0	0	0	0
1428616771647273662	CPU_0	1.58	0	0	96.82	0	1.58	0	0	0	0
1428616772272748058	CPU_0	0	0	1.56	95.31	0	1.56	1.56	0	0	0
1428616772903418027	CPU_0	0	0	0	100.00	0	0	0	0	0	0
1428616773529608546	CPU_0	0	0	0	100.00	0	0	0	0	0	0
1428616774153960487	CPU_0	0	0	0	100.00	0	0	0	0	0	0
1428616774778359469	CPU_0	0	0	1.58	98.41	0	0	0	0	0	0
1428616775409178854	CPU_0	0	0	0	100.00	0	0	0	0	0	0
1428616776034857458	CPU_0	0	0	0	98.38	0	1.61	0	0	0	0
1428616776659375107	CPU_0	0	0	0	98.38	0	0	1.61	0	0	0
1428616777284770128	CPU_0	0	0	0	100.00	0	0	0	0	0	0
1428616777915474305	CPU_0	0	0	0	98.41	0	1.58	0	0	0	0
1428616778540878285	CPU_0	0	0	1.61	98.38	0	0	0	0	0	0
1428616779164543061	CPU_0	0	0	0	100.00	0	0	0	0	0	0
1428616779789233876	CPU_0	0	0	0	100.00	0	0	0	0	0	0
1428616780422390923	CPU_0	0	0	1.56	96.87	0	1.56	0	0	0	0
1428616781048166402	CPU_0	0	0	0	100.00	0	0	0	0	0	0
1428616781672059344	CPU_0	0	0	1.61	98.38	0	0	0	0	0	0
1428616782297083659	CPU_0	0	0	0	100.00	0	0	0	0	0	0
1428616782920988017	CPU_0	0	0	0	98.38	0	1.61	0	0	0	0
1428616783553170567	CPU_0	0	0	0	100.00	0	0	0	0	0	0
1428616784176425677	CPU_0	0	0	0	100.00	0	0	0	0	0	0
1428616784801118450	CPU_0	0	0	0	100.00	0	0	0	0	0	0
1428616785424446852	CPU_0	0	0	1.58	96.82	0	1.58	0	0	0	0
1428616786056679610	CPU_0	0	0	0	98.41	1.58	0	0	0	0	0
1428616786680449219	CPU_0	0	0	0	100.00	0	0	0	0	0	0
1428616787305971158	CPU_0	0	0	0	98.38	0	1.61	0	0	0	0
1428616787929243560	CPU_0	0	0	1.58	98.41	0	0	0	0	0	0
1428616788562618148	CPU_0	0	0	0	96.87	0	3.12	0	0	0	0
1428616789186536757	CPU_0	0	0	1.61	98.38	0	0	0	0	0	0
1428616789811904863	CPU_0	0	0	0	100.00	0	0	0	0	0	0
1428616790436193471	CPU_0	0	0	0	100.00	0	0	0	0	0	0
1428616791061876910	CPU_0	0	0	1.58	96.82	0	0	1.58	0	0	0
1428616791692855254	CPU_0	0	0	0	100.00	0	0	0	0	0	0
1428616792317802153	CPU_0	0	0	0	100.00	0	0	0	0	0	0
1428616792941905470	CPU_0	0	0	0	100.00	0	0	0	0	0	0
1428616793567538825	CPU_0	0	0	0	100.00	0	0	0	0	0	0
1428616794198229670	CPU_0	0	0	0	100.00	0	0	0	0	0	0
1428616794823981484	CPU_0	0	0	0	98.41	0	1.58	0	0	0	0
1428616795448291092	CPU_0	0	0	0	100.00	0	0	0	0	0	0
1428616796074332447	CPU_0	0	0	1.58	98.41	0	0	0	0	0	0
1428616796705240167	CPU_0	0	0	0	100.00	0	0	0	0	0	0
1428616797330022316	CPU_0	0	0	1.58	96.82	0	1.58	0	0	0	0
1428616797954717674	CPU_0	0	0	0	100.00	0	0	0	0	0	0
1428616798580696238	CPU_0	0	0	1.58	98.41	0	0	0	0	0	0
1428616799211143041	CPU_0	0	0	0	100.00	0	0	0	0	0	0
1428616799836146149	CPU_0	0	0	1.58	96.82	0	1.58	0	0	0	0
1428616800460848757	CPU_0	0	0	0	100.00	0	0	0	0	0	0
1428616801087251153	CPU_0	0	0	1.56	95.31	0	1.56	1.56	0	0	0
1428616801746415145	CPU_0	9.23	0	6.15	84.61	0	0	0	0	0	0
1428616802371844002	CPU_0	0	0	1.61	98.38	0	0	0	0	0	0
1428616802997062275	CPU_0	0	0	0	100.00	0	0	0	0	0	0
1428616803621949758	CPU_0	0	0	1.61	98.38	0	0	0	0	0	0
1428616804247416823	CPU_0	0	0	0	98.41	0	1.58	0	0	0	0
1428616804880050956	CPU_0	0	0	0	98.43	0	0	1.56	0	0	0
1428616805506118062	CPU_0	0	0	0	100.00	0	0	0	0	0	0
1428616806132207875	CPU_0	0	0	0	95.31	0	4.68	0	0	0	0
1428616806757674357	CPU_0	0	0	1.58	98.41	0	0	0	0	0	0
1428616807389957783	CPU_0	0	0	0	100.00	0	0	0	0	0	0
1428616808016178055	CPU_0	0	0	0	100.00	0	0	0	0	0	0
1428616808641964869	CPU_0	0	0	0	100.00	0	0	0	0	0	0
1428616809267801267	CPU_0	0	0	1.61	98.38	0	0	0	0	0	0
1428616809899797360	CPU_0	0	0	0	100.00	0	0	0	0	0	0
1428616810526243715	CPU_0	0	0	0	100.00	0	0	0	0	0	0
1428616811152002072	CPU_0	0	0	0	100.00	0	0	0	0	0	0
1428616811777974928	CPU_0	0	0	1.58	98.41	0	0	0	0	0	0
1428616812409952229	CPU_0	0	0	0	100.00	0	0	0	0	0	0
1428616813036139960	CPU_0	0	0	0	100.00	0	0	0	0	0	0
1428616813662776023	CPU_0	0	0	0	98.41	0	1.58	0	0	0	0
1428616814288975837	CPU_0	0	0	0	100.00	0	0	0	0	0	0
1428616814915765900	CPU_0	0	0	0	100.00	0	0	0	0	0	0
1428616815546375413	CPU_0	0	0	0	96.82	1.58	1.58	0	0	0	0
1428616816172484852	CPU_0	0	0	0	100.00	0	0	0	0	0	0
1428616816797962835	CPU_0	0	0	1.53	95.38	0	3.07	0	0	0	0
1428616817423413359	CPU_0	0	0	0	100.00	0	0	0	0	0	0
1428616818056776491	CPU_0	0	0	0	100.00	0	0	0	0	0	0
1428616818683248971	CPU_0	0	0	1.58	98.41	0	0	0	0	0	0
1428616819309117412	CPU_0	0	0	0	98.38	0	0	1.61	0	0	0
1428616819934893602	CPU_0	0	0	0	100.00	0	0	0	0	0	0
1428616820569035733	CPU_0	0	0	0	100.00	0	0	0	0	0	0
1428616821195201130	CPU_0	0	0	1.56	96.87	0	1.56	0	0	0	0
1428616821821786403	CPU_0	0	0	0	100.00	0	0	0	0	0	0
1428616822448023217	CPU_0	0	0	1.58	98.41	0	0	0	0	0	0
1428616823081483183	CPU_0	0	0	0	100.00	0	0	0	0	0	0
1428616823707342248	CPU_0	0	0	3.17	93.65	0	3.17	0	0	0	0
1428616824333109855	CPU_0	0	0	0	100.00	0	0	0	0	0	0
1428616824959604961	CPU_0	11.11	0	1.58	85.71	0	1.58	0	0	0	0
1428616825592597178	CPU_0	0	0	0	100.00	0	0	0	0	0	0
1428616826218288452	CPU_0	0	0	0	100.00	0	0	0	0	0	0
1428616826844868100	CPU_0	0	0	0	93.93	0	1.51	4.54	0	0	0
1428616827470280166	CPU_0	0	0	1.61	98.38	0	0	0	0	0	0
1428616828097781562	CPU_0	0	0	0	100.00	0	0	0	0	0	0
1428616828729642656	CPU_0	0	0	0	100.00	0	0	0	0	0	0
1428616829355294306	CPU_0	4.68	0	1.56	92.18	0	1.56	0	0	0	0
1428616829980385457	CPU_0	0	0	0	100.00	0	0	0	0	0	0
1428616830606498897	CPU_0	0	0	0	100.00	0	0	0	0	0	0
1428616831238046492	CPU_0	0	0	0	100.00	0	0	0	0	0	0
1428616831863696725	CPU_0	0	0	0	98.38	0	1.61	0	0	0	0
1428616832488281836	CPU_0	0	0	0	100.00	0	0	0	0	0	0
1428616833114228818	CPU_0	0	0	1.58	98.41	0	0	0	0	0	0
1428616833745997788	CPU_0	0	0	0	98.41	0	1.58	0	0	0	0
1428616834371456564	CPU_0	0	0	0	100.00	0	0	0	0	0	0
1428616834997017547	CPU_0	0	0	0	100.00	0	0	0	0	0	0
1428616835623488320	CPU_0	0	0	1.58	96.82	1.58	0	0	0	0	0
1428616836255112416	CPU_0	0	0	0	95.45	0	4.54	0	0	0	0
1428616836881128190	CPU_0	0	0	1.58	98.41	0	0	0	0	0	0
1428616837507723838	CPU_0	0	0	0	100.00	0	0	0	0	0	0
1428616838134610902	CPU_0	0	0	0	100.00	0	0	0	0	0	0
1428616838761134676	CPU_0	0	0	1.58	98.41	0	0	0	0	0	0
1428616839392110398	CPU_0	0	0	1.58	98.41	0	0	0	0	0	0
1428616840017877881	CPU_0	0	0	0	100.00	0	0	0	0	0	0
1428616840644136280	CPU_0	0	0	1.61	98.38	0	0	0	0	0	0
1428616841269969097	CPU_0	0	0	0	100.00	0	0	0	0	0	0
1428616841901827859	CPU_0	0	0	1.61	98.38	0	0	0	0	0	0
1428616842526446095	CPU_0	0	0	0	100.00	0	0	0	0	0	0
1428616843152639994	CPU_0	0	0	1.58	96.82	0	1.58	0	0	0	0
1428616843778149728	CPU_0	0	0	0	100.00	0	0	0	0	0	0
1428616844409768491	CPU_0	0	0	0	100.00	0	0	0	0	0	0
1428616845035246100	CPU_0	0	0	0	100.00	0	0	0	0	0	0
1428616845661795416	CPU_0	0	0	1.61	93.54	3.22	1.61	0	0	0	0
1428616846287345733	CPU_0	0	0	0	98.38	0	1.61	0	0	0	0
1428616846919356328	CPU_0	0	0	0	100.00	0	0	0	0	0	0
1428616847544868146	CPU_0	0	0	1.58	98.41	0	0	0	0	0	0
1428616848171246962	CPU_0	0	0	0	98.38	0	1.61	0	0	0	0
1428616848796792321	CPU_0	0	0	0	100.00	0	0	0	0	0	0
1428616849428090710	CPU_0	0	0	0	100.00	0	0	0	0	0	0
1428616850057365312	CPU_0	0	0	1.56	96.87	0	1.56	0	0	0	0
1428616850683192629	CPU_0	0	0	0	100.00	0	0	0	0	0	0
1428616851309490154	CPU_0	0	0	1.56	96.87	0	1.56	0	0	0	0
1428616851935486470	CPU_0	0	0	0	100.00	0	0	0	0	0	0
1428616852568781272	CPU_0	0	0	1.58	98.41	0	0	0	0	0	0
1428616853195546920	CPU_0	0	0	0	100.00	0	0	0	0	0	0
1428616853821812862	CPU_0	0	0	0	100.00	0	0	0	0	0	0
1428616854447461555	CPU_0	0	0	0	100.00	0	0	0	0	0	0
1428616855080358899	CPU_0	0	0	1.53	96.92	0	1.53	0	0	0	0
1428616855706402966	CPU_0	0	0	0	96.72	1.63	0	1.63	0	0	0
1428616856332095075	CPU_0	0	0	0	98.41	0	1.58	0	0	0	0
1428616856957780435	CPU_0	0	0	0	98.30	0	1.69	0	0	0	0
1428616857589857906	CPU_0	0	0	0	98.41	0	1.58	0	0	0	0
1428616858215540307	CPU_0	0	0	0	100.00	0	0	0	0	0	0
1428616858840909876	CPU_0	0	0	0	100.00	0	0	0	0	0	0
1428616859466905277	CPU_0	0	0	1.56	95.31	0	3.12	0	0	0	0
1428616860100366537	CPU_0	0	0	0	100.00	0	0	0	0	0	0
1428616860726489521	CPU_0	0	0	4.76	95.23	0	0	0	0	0	0
1428616861352065881	CPU_0	0	0	0	100.00	0	0	0	0	0	0
1428616861977332367	CPU_0	0	0	0	98.38	0	1.61	0	0	0	0
1428616862603199726	CPU_0	0	0	0	100.00	0	0	0	0	0	0
1428616863235440030	CPU_0	0	0	1.58	98.41	0	0	0	0	0	0
1428616863861157349	CPU_0	0	0	0	100.00	0	0	0	0	0	0
1428616864487071250	CPU_0	0	0	0	100.00	0	0	0	0	0	0
1428616865113889441	CPU_0	0	0	0	92.53	0	0	7.46	0	0	0
1428616865746216495	CPU_0	0	0	1.56	96.87	0	1.56	0	0	0	0
1428616866372770229	CPU_0	0	0	0	100.00	0	0	0	0	0	0
1428616866998252006	CPU_0	0	0	1.58	98.41	0	0	0	0	0	0
1428616867625601738	CPU_0	0	0	0	100.00	0	0	0	0	0	0
1428616868257717543	CPU_0	0	0	1.53	96.92	0	1.53	0	0	0	0
1428616868884388234	CPU_0	0	0	0	100.00	0	0	0	0	0	0
1428616869511054509	CPU_0	0	0	0	96.87	0	3.12	0	0	0	0
1428616870137805951	CPU_0	0	0	0	100.00	0	0	0	0	0	0
1428616870770180005	CPU_0	0	0	0	100.00	0	0	0	0	0	0
1428616871396614364	CPU_0	0	0	0	100.00	0	0	0	0	0	0
1428616872022532474	CPU_0	0	0	0	100.00	0	0	0	0	0	0
1428616872649323249	CPU_0	0	0	0	100.00	0	0	0	0	0	0
1428616873276132858	CPU_0	0	0	0	100.00	0	0	0	0	0	0
1428616873907187790	CPU_0	0	0	1.58	98.41	0	0	0	0	0	0
1428616874533493899	CPU_0	0	0	0	100.00	0	0	0	0	0	0
1428616875160221133	CPU_0	0	0	1.58	98.41	0	0	0	0	0	0
1428616875785905036	CPU_0	0	0	0	96.82	1.58	1.58	0	0	0	0
1428616876418857006	CPU_0	0	0	0	100.00	0	0	0	0	0	0
1428616877044768825	CPU_0	0	0	0	100.00	0	0	0	0	0	0
1428616877672365140	CPU_0	0	0	1.56	96.87	0	1.56	0	0	0	0
1428616878298779958	CPU_0	0	0	0	100.00	0	0	0	0	0	0
1428616878931448429	CPU_0	0	0	0	94.02	0	5.97	0	0	0	0
1428616879557244998	CPU_0	0	0	0	100.00	0	0	0	0	0	0
1428616880184085940	CPU_0	0	0	0	100.00	0	0	0	0	0	0
1428616880810633466	CPU_0	0	0	1.61	98.38	0	0	0	0	0	0
1428616881443377312	CPU_0	0	0	1.58	98.41	0	0	0	0	0	0
1428616882068891215	CPU_0	0	0	0	100.00	0	0	0	0	0	0
1428616882696066823	CPU_0	0	0	0	100.00	0	0	0	0	0	0
1428616883322156142	CPU_0	0	0	0	100.00	0	0	0	0	0	0
1428616883955186112	CPU_0	0	0	0	100.00	0	0	0	0	0	0
1428616884582095346	CPU_0	0	0	1.58	98.41	0	0	0	0	0	0
1428616885210305411	CPU_0	0	0	0	100.00	0	0	0	0	0	0
1428616885837445436	CPU_0	0	0	1.61	98.38	0	0	0	0	0	0
1428616886465686583	CPU_0	0	0	0	100.00	0	0	0	0	0	0
1428616887096997474	CPU_0	0	0	0	100.00	0	0	0	0	0	0
1428616887724603749	CPU_0	0	0	0	100.00	0	0	0	0	0	0
1428616888351882898	CPU_0	0	0	0	100.00	0	0	0	0	0	0
1428616888978963174	CPU_0	0	0	0	100.00	0	0	0	0	0	0
1428616889613091309	CPU_0	0	0	1.56	96.87	0	1.56	0	0	0	0
1428616890239811752	CPU_0	0	0	0	100.00	0	0	0	0	0	0
1428616890866505570	CPU_0	0	0	0	100.00	0	0	0	0	0	0
1428616891493800262	CPU_0	0	0	0	100.00	0	0	0	0	0	0
1428616892127611856	CPU_0	0	0	0	98.38	0	1.61	0	0	0	0
1428616892754819590	CPU_0	0	0	0	100.00	0	0	0	0	0	0
1428616893381670783	CPU_0	0	0	1.56	96.87	0	1.56	0	0	0	0
1428616894008914516	CPU_0	0	0	0	100.00	0	0	0	0	0	0
1428616894643103735	CPU_0	0	0	0	100.00	0	0	0	0	0	0
1428616895270051969	CPU_0	0	0	0	100.00	0	0	0	0	0	0
1428616895896701704	CPU_0	0	0	1.58	96.82	1.58	0	0	0	0	0
1428616896523888980	CPU_0	0	0	0	100.00	0	0	0	0	0	0
1428616897157326492	CPU_0	0	0	0	98.43	0	1.56	0	0	0	0
1428616897784073602	CPU_0	0	0	0	100.00	0	0	0	0	0	0
1428616898409970964	CPU_0	0	0	0	100.00	0	0	0	0	0	0
1428616899036928407	CPU_0	0	0	0	100.00	0	0	0	0	0	0
1428616899666369970	CPU_0	0	0	0	98.41	0	1.58	0	0	0	0
1428616900297566904	CPU_0	0	0	0	100.00	0	0	0	0	0	0
1428616900924879387	CPU_0	0	0	1.61	98.38	0	0	0	0	0	0
1428616901551971580	CPU_0	0	0	1.56	96.87	0	1.56	0	0	0	0
1428616902179450856	CPU_0	0	0	0	100.00	0	0	0	0	0	0
1428616902812714619	CPU_0	0	0	0	100.00	0	0	0	0	0	0
1428616903439365396	CPU_0	0	0	0	100.00	0	0	0	0	0	0
1428616904065979506	CPU_0	0	0	0	96.87	0	3.12	0	0	0	0
1428616904693132866	CPU_0	0	0	0	100.00	0	0	0	0	0	0
1428616905326177838	CPU_0	0	0	1.56	98.43	0	0	0	0	0	0
1428616905952522949	CPU_0	0	0	0	100.00	0	0	0	0	0	0
1428616906579375143	CPU_0	0	0	0	100.00	0	0	0	0	0	0
1428616907206043170	CPU_0	0	0	0	100.00	0	0	0	0	0	0
1428616907839056559	CPU_0	0	0	1.56	98.43	0	0	0	0	0	0
1428616908465394379	CPU_0	0	0	0	96.82	0	1.58	1.58	0	0	0
1428616909092505822	CPU_0	0	0	0	100.00	0	0	0	0	0	0
1428616909719720390	CPU_0	0	0	0	100.00	0	0	0	0	0	0
1428616910352694613	CPU_0	0	0	0	100.00	0	0	0	0	0	0
1428616910978814767	CPU_0	0	0	1.49	92.53	0	5.97	0	0	0	0
1428616911606439084	CPU_0	0	0	0	100.00	0	0	0	0	0	0
1428616912233476028	CPU_0	0	0	1.61	98.38	0	0	0	0	0	0
1428616912861873635	CPU_0	0	0	0	100.00	0	0	0	0	0	0
1428616913492662404	CPU_0	0	0	0	100.00	0	0	0	0	0	0
1428616914119965597	CPU_0	0	0	0	100.00	0	0	0	0	0	0
1428616914747111499	CPU_0	0	0	0	100.00	0	0	0	0	0	0
1428616915374088693	CPU_0	0	0	0	100.00	0	0	0	0	0	0
1428616916007268874	CPU_0	0	0	1.58	98.41	0	0	0	0	0	0
1428616916633949485	CPU_0	0	0	0	100.00	0	0	0	0	0	0
1428616917261961677	CPU_0	0	0	0	100.00	0	0	0	0	0	0
1428616917889978452	CPU_0	0	0	0	100.00	0	0	0	0	0	0
1428616918523337924	CPU_0	0	0	0	98.43	0	0	1.56	0	0	0
1428616919151899281	CPU_0	0	0	0	100.00	0	0	0	0	0	0
1428616919778963101	CPU_0	0	0	1.58	98.41	0	0	0	0	0	0
1428616920406483627	CPU_0	0	0	0	98.41	0	1.58	0	0	0	0
1428616921040493723	CPU_0	0	0	1.58	98.41	0	0	0	0	0	0
1428616921668368915	CPU_0	1.56	0	0	96.87	0	1.56	0	0	0	0
1428616922295614401	CPU_0	0	0	1.61	98.38	0	0	0	0	0	0
1428616922922714970	CPU_0	0	0	0	100.00	0	0	0	0	0	0
1428616923556431775	CPU_0	0	0	0	100.00	0	0	0	0	0	0
1428616924185035633	CPU_0	0	0	0	100.00	0	0	0	0	0	0
1428616924812560909	CPU_0	6.34	0	1.58	90.47	0	1.58	0	0	0	0
1428616925438868480	CPU_0	0	0	0	100.00	0	0	0	0	0	0
1428616926071006497	CPU_0	0	0	0	98.38	1.61	0	0	0	0	0
1428616926701154185	CPU_0	0	0	0	96.87	0	3.12	0	0	0	0
1428616927327354423	CPU_0	0	0	0	98.41	0	0	1.58	0	0	0
1428616927953138370	CPU_0	0	0	0	100.00	0	0	0	0	0	0
1428616928579840066	CPU_0	0	0	0	100.00	0	0	0	0	0	0
1428616929214423828	CPU_0	0	0	0	100.00	0	0	0	0	0	0
1428616929840898773	CPU_0	0	0	0	100.00	0	0	0	0	0	0
1428616930481093982	CPU_0	0	0	1.56	96.87	0	1.56	0	0	0	0
