#Timestamp	CPU_ID	user%	nice%	sys%	idle%	iowait%	irq%	softiq%	steal%	guest%	guest_nice%
1428522401703464953	CPU_4	77.41	0	17.74	3.22	0	1.61	0	0	0	0
1428522402439781158	CPU_4	96.00	0	0	0	0	2.66	1.33	0	0	0
1428522403185239213	CPU_4	97.29	0	0	0	0	1.35	1.35	0	0	0
1428522403920407546	CPU_4	97.29	0	0	0	0	1.35	1.35	0	0	0
1428522404673239789	CPU_4	97.33	0	0	0	0	2.66	0	0	0	0
1428522405407115668	CPU_4	97.26	0	0	0	0	1.36	1.36	0	0	0
1428522406141919294	CPU_4	95.94	0	0	0	0	2.70	1.35	0	0	0
1428522406888222096	CPU_4	98.64	0	0	0	0	1.35	0	0	0	0
1428522407624215636	CPU_4	97.26	0	0	0	0	1.36	1.36	0	0	0
1428522408370893354	CPU_4	96.05	0	0	0	0	2.63	1.31	0	0	0
1428522409106356396	CPU_4	97.26	0	0	0	0	1.36	1.36	0	0	0
1428522409854877693	CPU_4	97.33	0	0	0	0	2.66	0	0	0	0
1428522410590769149	CPU_4	97.29	0	0	0	0	1.35	1.35	0	0	0
1428522411329995055	CPU_4	97.26	0	0	0	0	1.36	1.36	0	0	0
1428522412077160648	CPU_4	97.33	0	0	0	0	2.66	0	0	0	0
1428522412814454143	CPU_4	97.26	0	0	0	0	1.36	1.36	0	0	0
1428522413562924523	CPU_4	97.36	0	0	0	0	1.31	1.31	0	0	0
1428522414301472140	CPU_4	97.26	0	0	0	0	2.73	0	0	0	0
1428522415048397149	CPU_4	97.33	0	0	0	0	1.33	1.33	0	0	0
1428522415786697350	CPU_4	96.00	0	0	0	0	2.66	1.33	0	0	0
1428522416536930643	CPU_4	97.33	0	0	0	0	1.33	1.33	0	0	0
1428522417273317265	CPU_4	98.61	0	0	0	0	1.38	0	0	0	0
1428522418012171631	CPU_4	96.00	0	0	0	0	2.66	1.33	0	0	0
1428522418761847800	CPU_4	97.33	0	0	0	0	1.33	1.33	0	0	0
1428522419500663583	CPU_4	98.63	0	0	0	0	1.36	0	0	0	0
1428522420249637171	CPU_4	96.00	0	0	0	0	2.66	1.33	0	0	0
1428522420987580457	CPU_4	97.29	0	0	0	0	1.35	1.35	0	0	0
1428522421742677611	CPU_4	96.05	0	0	0	0	2.63	1.31	0	0	0
1428522422488190709	CPU_4	93.24	0	5.40	0	0	1.35	0	0	0	0
1428522423247206978	CPU_4	93.42	0	2.63	0	0	2.63	1.31	0	0	0
1428522423985742470	CPU_4	97.29	0	0	0	0	1.35	1.35	0	0	0
1428522424727878910	CPU_4	97.29	0	0	0	0	1.35	1.35	0	0	0
1428522425479893949	CPU_4	97.36	0	0	0	0	2.63	0	0	0	0
1428522426217552402	CPU_4	97.26	0	0	0	0	1.36	1.36	0	0	0
1428522426971170103	CPU_4	96.05	0	0	0	0	2.63	1.31	0	0	0
1428522427707258602	CPU_4	97.29	0	0	0	0	1.35	1.35	0	0	0
1428522428462461673	CPU_4	98.64	0	0	0	0	1.35	0	0	0	0
1428522429202687620	CPU_4	96.00	0	0	0	0	2.66	1.33	0	0	0
1428522429965175546	CPU_4	97.36	0	0	0	0	1.31	1.31	0	0	0
1428522430707320612	CPU_4	97.29	0	0	0	0	2.70	0	0	0	0
1428522431451306756	CPU_4	97.29	0	0	0	0	1.35	1.35	0	0	0
1428522432200764844	CPU_4	97.36	0	0	0	0	1.31	1.31	0	0	0
1428522432942557661	CPU_4	95.94	0	0	0	0	2.70	1.35	0	0	0
1428522433695350156	CPU_4	98.66	0	0	0	0	1.33	0	0	0	0
1428522434437360598	CPU_4	95.94	0	0	0	0	2.70	1.35	0	0	0
1428522435189972844	CPU_4	97.36	0	0	0	0	1.31	1.31	0	0	0
1428522435940431721	CPU_4	97.29	0	0	0	0	1.35	1.35	0	0	0
1428522436697694120	CPU_4	97.36	0	0	0	0	2.63	0	0	0	0
1428522437441232933	CPU_4	97.33	0	0	0	0	1.33	1.33	0	0	0
1428522438180968923	CPU_4	95.94	0	0	0	0	2.70	1.35	0	0	0
1428522438936347287	CPU_4	98.66	0	0	0	0	1.33	0	0	0	0
1428522439676570734	CPU_4	97.29	0	0	0	0	1.35	1.35	0	0	0
1428522440434446465	CPU_4	96.05	0	0	0	0	2.63	1.31	0	0	0
1428522441175874409	CPU_4	97.29	0	0	0	0	1.35	1.35	0	0	0
1428522441931256356	CPU_4	97.36	0	0	0	0	2.63	0	0	0	0
1428522442674828086	CPU_4	97.29	0	0	0	0	1.35	1.35	0	0	0
1428522443429888951	CPU_4	97.36	0	0	0	0	1.31	1.31	0	0	0
1428522444170882354	CPU_4	97.29	0	0	0	0	2.70	0	0	0	0
1428522444932822783	CPU_4	97.29	0	0	0	0	1.35	1.35	0	0	0
1428522445673402938	CPU_4	96.05	0	0	0	0	2.63	1.31	0	0	0
1428522446421141615	CPU_4	97.33	0	0	0	0	1.33	1.33	0	0	0
1428522447175669815	CPU_4	98.66	0	0	0	0	1.33	0	0	0	0
1428522447919271837	CPU_4	95.94	0	0	0	0	2.70	1.35	0	0	0
1428522448677622276	CPU_4	97.36	0	0	0	0	1.31	1.31	0	0	0
1428522449419983010	CPU_4	97.33	0	0	0	0	2.66	0	0	0	0
1428522450172666756	CPU_4	97.29	0	0	0	0	1.35	1.35	0	0	0
1428522450916542194	CPU_4	97.33	0	0	0	0	1.33	1.33	0	0	0
1428522451673006764	CPU_4	96.05	0	0	0	0	2.63	1.31	0	0	0
1428522452417098077	CPU_4	98.64	0	0	0	0	1.35	0	0	0	0
1428522453160456891	CPU_4	96.00	0	0	0	0	2.66	1.33	0	0	0
1428522453917731167	CPU_4	96.05	0	1.31	0	0	1.31	1.31	0	0	0
1428522454661967396	CPU_4	98.64	0	0	0	0	1.35	0	0	0	0
1428522455420601835	CPU_4	96.05	0	0	0	0	2.63	1.31	0	0	0
1428522456162215946	CPU_4	97.29	0	0	0	0	1.35	1.35	0	0	0
1428522456923126546	CPU_4	96.10	0	0	0	0	2.59	1.29	0	0	0
1428522457665689821	CPU_4	98.63	0	0	0	0	1.36	0	0	0	0
1428522458422712348	CPU_4	97.36	0	0	0	0	1.31	1.31	0	0	0
1428522459165707039	CPU_4	96.00	0	0	0	0	2.66	1.33	0	0	0
1428522459922034693	CPU_4	97.33	0	0	0	0	1.33	1.33	0	0	0
1428522460664347553	CPU_4	97.29	0	0	0	0	2.70	0	0	0	0
1428522461407886326	CPU_4	97.33	0	0	0	0	1.33	1.33	0	0	0
1428522462162794068	CPU_4	97.33	0	0	0	0	1.33	1.33	0	0	0
1428522462907034047	CPU_4	97.33	0	0	0	0	2.66	0	0	0	0
1428522463660401460	CPU_4	97.33	0	0	0	0	1.33	1.33	0	0	0
1428522464402447904	CPU_4	96.00	0	0	0	0	2.66	1.33	0	0	0
1428522465155620400	CPU_4	97.33	0	0	0	0	1.33	1.33	0	0	0
1428522465898156927	CPU_4	98.63	0	0	0	0	1.36	0	0	0	0
1428522466651585173	CPU_4	96.05	0	0	0	0	2.63	1.31	0	0	0
1428522467395013821	CPU_4	97.33	0	0	0	0	1.33	1.33	0	0	0
1428522468138081846	CPU_4	97.29	0	0	0	0	2.70	0	0	0	0
1428522468892702631	CPU_4	97.33	0	0	0	0	1.33	1.33	0	0	0
1428522469635023866	CPU_4	97.33	0	0	0	0	1.33	1.33	0	0	0
1428522470390188191	CPU_4	96.05	0	0	0	0	2.63	1.31	0	0	0
1428522471131516929	CPU_4	98.63	0	0	0	0	1.36	0	0	0	0
1428522471885986839	CPU_4	96.05	0	0	0	0	2.63	1.31	0	0	0
1428522472628483825	CPU_4	97.29	0	0	0	0	1.35	1.35	0	0	0
1428522473382590986	CPU_4	98.66	0	0	0	0	1.33	0	0	0	0
1428522474124879763	CPU_4	95.94	0	0	0	0	2.70	1.35	0	0	0
1428522474872050652	CPU_4	97.33	0	0	0	0	1.33	1.33	0	0	0
1428522475622747198	CPU_4	96.05	0	0	0	0	2.63	1.31	0	0	0
1428522476366822471	CPU_4	98.63	0	0	0	0	1.36	0	0	0	0
1428522477121565881	CPU_4	97.36	0	0	0	0	1.31	1.31	0	0	0
1428522477878172286	CPU_4	96.05	0	0	0	0	2.63	1.31	0	0	0
1428522478632174323	CPU_4	98.66	0	0	0	0	1.33	0	0	0	0
1428522479376944636	CPU_4	96.00	0	0	0	0	2.66	1.33	0	0	0
1428522480130700548	CPU_4	97.33	0	0	0	0	1.33	1.33	0	0	0
1428522480875909485	CPU_4	97.33	0	0	0	0	1.33	1.33	0	0	0
1428522481634779384	CPU_4	97.33	0	0	0	0	2.66	0	0	0	0
1428522482381779066	CPU_4	97.33	0	0	0	0	1.33	1.33	0	0	0
1428522483122879805	CPU_4	96.00	0	0	0	0	2.66	1.33	0	0	0
1428522483879030587	CPU_4	98.64	0	0	0	0	1.35	0	0	0	0
1428522484622615862	CPU_4	97.33	0	0	0	0	1.33	1.33	0	0	0
1428522485380535805	CPU_4	96.10	0	0	0	0	2.59	1.29	0	0	0
1428522486122106335	CPU_4	97.26	0	0	0	0	1.36	1.36	0	0	0
1428522486881205609	CPU_4	97.36	0	0	0	0	2.63	0	0	0	0
1428522487622507515	CPU_4	97.29	0	0	0	0	1.35	1.35	0	0	0
1428522488382287162	CPU_4	97.36	0	0	0	0	1.31	1.31	0	0	0
1428522489124998523	CPU_4	96.00	0	0	0	0	2.66	1.33	0	0	0
1428522489884797753	CPU_4	98.66	0	0	0	0	1.33	0	0	0	0
1428522490627995946	CPU_4	96.00	0	0	0	0	2.66	1.33	0	0	0
1428522491372784426	CPU_4	97.29	0	0	0	0	1.35	1.35	0	0	0
1428522492127750045	CPU_4	98.66	0	0	0	0	1.33	0	0	0	0
1428522492876570806	CPU_4	96.00	0	0	0	0	2.66	1.33	0	0	0
1428522493632837880	CPU_4	97.36	0	0	0	0	1.31	1.31	0	0	0
1428522494377724818	CPU_4	96.00	0	0	0	0	2.66	1.33	0	0	0
1428522495134194975	CPU_4	98.66	0	0	0	0	1.33	0	0	0	0
1428522495878343957	CPU_4	97.33	0	0	0	0	1.33	1.33	0	0	0
1428522496636439943	CPU_4	96.05	0	0	0	0	2.63	1.31	0	0	0
1428522497379230637	CPU_4	98.63	0	0	0	0	1.36	0	0	0	0
1428522498145012601	CPU_4	96.10	0	0	0	0	2.59	1.29	0	0	0
1428522498892166076	CPU_4	97.33	0	0	0	0	1.33	1.33	0	0	0
1428522499636639808	CPU_4	97.33	0	0	0	0	1.33	1.33	0	0	0
1428522500394349253	CPU_4	97.33	0	0	0	0	2.66	0	0	0	0
1428522501137712404	CPU_4	97.33	0	0	0	0	1.33	1.33	0	0	0
1428522501894128187	CPU_4	96.05	0	0	0	0	2.63	1.31	0	0	0
1428522502638091462	CPU_4	98.63	0	0	0	0	1.36	0	0	0	0
1428522503394311870	CPU_4	97.36	0	0	0	0	1.31	1.31	0	0	0
1428522504142547175	CPU_4	96.05	0	0	0	0	2.63	1.31	0	0	0
1428522504914570330	CPU_4	97.36	0	0	0	0	1.31	1.31	0	0	0
1428522505658378273	CPU_4	97.33	0	0	0	0	2.66	0	0	0	0
1428522506419245127	CPU_4	97.33	0	0	0	0	1.33	1.33	0	0	0
1428522507161207241	CPU_4	96.05	0	0	0	0	2.63	1.31	0	0	0
1428522507907050678	CPU_4	97.29	0	0	0	0	1.35	1.35	0	0	0
1428522508665275872	CPU_4	98.66	0	0	0	0	1.33	0	0	0	0
1428522509410594144	CPU_4	96.00	0	0	0	0	2.66	1.33	0	0	0
1428522510167284343	CPU_4	97.36	0	0	0	0	1.31	1.31	0	0	0
1428522510913816111	CPU_4	97.29	0	0	0	0	2.70	0	0	0	0
1428522511673841509	CPU_4	97.36	0	0	0	0	1.31	1.31	0	0	0
1428522512417874035	CPU_4	97.33	0	0	0	0	1.33	1.33	0	0	0
1428522513173208321	CPU_4	96.05	0	0	0	0	2.63	1.31	0	0	0
1428522513918587593	CPU_4	98.63	0	0	0	0	1.36	0	0	0	0
1428522514684069976	CPU_4	96.10	0	0	0	0	2.59	1.29	0	0	0
1428522515428839667	CPU_4	97.33	0	0	0	0	1.33	1.33	0	0	0
1428522516173092984	CPU_4	98.64	0	0	0	0	1.35	0	0	0	0
1428522516930595931	CPU_4	96.05	0	0	0	0	2.63	1.31	0	0	0
1428522517674022875	CPU_4	97.29	0	0	0	0	1.35	1.35	0	0	0
1428522518431284032	CPU_4	97.36	0	0	0	0	1.31	1.31	0	0	0
1428522519175815765	CPU_4	97.33	0	0	0	0	2.66	0	0	0	0
1428522519933324670	CPU_4	97.33	0	0	0	0	1.33	1.33	0	0	0
1428522520678343902	CPU_4	96.00	0	0	0	0	2.66	1.33	0	0	0
1428522521438295343	CPU_4	98.66	0	0	0	0	1.33	0	0	0	0
1428522522180662624	CPU_4	97.33	0	0	0	0	1.33	1.33	0	0	0
1428522522943417265	CPU_4	96.05	0	0	0	0	2.63	1.31	0	0	0
1428522523689562369	CPU_4	97.33	0	0	0	0	1.33	1.33	0	0	0
1428522524432608649	CPU_4	97.29	0	0	0	0	2.70	0	0	0	0
1428522525195219082	CPU_4	97.36	0	0	0	0	1.31	1.31	0	0	0
1428522525939520817	CPU_4	97.33	0	0	0	0	1.33	1.33	0	0	0
1428522526699721715	CPU_4	96.05	0	0	0	0	2.63	1.31	0	0	0
1428522527442421079	CPU_4	98.64	0	0	0	0	1.35	0	0	0	0
1428522528201439565	CPU_4	96.10	0	0	0	0	2.59	1.29	0	0	0
1428522528946362547	CPU_4	97.29	0	0	0	0	1.35	1.35	0	0	0
1428522529705074242	CPU_4	98.66	0	0	0	0	1.33	0	0	0	0
1428522530448996894	CPU_4	96.00	0	0	0	0	2.66	1.33	0	0	0
1428522531215073944	CPU_4	97.36	0	0	0	0	1.31	1.31	0	0	0
1428522531958886222	CPU_4	96.00	0	0	0	0	2.66	1.33	0	0	0
1428522532704227329	CPU_4	98.64	0	0	0	0	1.35	0	0	0	0
1428522533463125648	CPU_4	97.36	0	0	0	0	1.31	1.31	0	0	0
1428522534207341133	CPU_4	96.00	0	0	0	0	2.66	1.33	0	0	0
1428522534968883404	CPU_4	98.66	0	0	0	0	1.33	0	0	0	0
1428522535715687132	CPU_4	96.05	0	0	0	0	2.63	1.31	0	0	0
1428522536479183314	CPU_4	97.36	0	0	0	0	1.31	1.31	0	0	0
1428522537223129384	CPU_4	97.29	0	0	0	0	1.35	1.35	0	0	0
1428522537980745874	CPU_4	97.36	0	0	0	0	2.63	0	0	0	0
1428522538727431603	CPU_4	97.29	0	0	0	0	1.35	1.35	0	0	0
1428522539486583339	CPU_4	96.10	0	0	0	0	2.59	1.29	0	0	0
1428522540238216345	CPU_4	98.64	0	0	0	0	1.35	0	0	0	0
1428522540989011646	CPU_4	97.33	0	0	0	0	1.33	1.33	0	0	0
1428522541755549904	CPU_4	96.15	0	0	0	0	2.56	1.28	0	0	0
1428522542500865136	CPU_4	97.29	0	0	0	0	1.35	1.35	0	0	0
1428522543258572502	CPU_4	97.36	0	0	0	0	2.63	0	0	0	0
1428522544004005193	CPU_4	97.29	0	0	0	0	1.35	1.35	0	0	0
1428522544761443934	CPU_4	97.36	0	0	0	0	1.31	1.31	0	0	0
1428522545509460076	CPU_4	97.33	0	0	0	0	2.66	0	0	0	0
1428522546266543860	CPU_4	97.33	0	0	0	0	1.33	1.33	0	0	0
1428522547014413419	CPU_4	96.05	0	0	0	0	2.63	1.31	0	0	0
1428522547780055555	CPU_4	97.33	0	0	0	0	1.33	1.33	0	0	0
1428522548525972994	CPU_4	98.66	0	0	0	0	1.33	0	0	0	0
1428522549271412561	CPU_4	96.00	0	0	0	0	2.66	1.33	0	0	0
1428522550033045291	CPU_4	97.36	0	0	0	0	1.31	1.31	0	0	0
1428522550779998770	CPU_4	96.00	0	0	0	0	2.66	1.33	0	0	0
1428522551541144418	CPU_4	98.68	0	0	0	0	1.31	0	0	0	0
1428522552286721025	CPU_4	97.33	0	0	0	0	1.33	1.33	0	0	0
1428522553046605510	CPU_4	96.05	0	0	0	0	2.63	1.31	0	0	0
1428522553792739534	CPU_4	98.64	0	0	0	0	1.35	0	0	0	0
1428522554551780563	CPU_4	96.05	0	0	0	0	2.63	1.31	0	0	0
1428522555297751753	CPU_4	97.33	0	0	0	0	1.33	1.33	0	0	0
1428522556055968993	CPU_4	97.36	0	0	0	0	1.31	1.31	0	0	0
1428522556801581351	CPU_4	97.29	0	0	0	0	2.70	0	0	0	0
1428522557545004340	CPU_4	97.33	0	0	0	0	1.33	1.33	0	0	0
1428522558302999372	CPU_4	96.05	0	0	0	0	2.63	1.31	0	0	0
1428522559051302306	CPU_4	98.64	0	0	0	0	1.35	0	0	0	0
1428522559808244675	CPU_4	97.33	0	0	0	0	1.33	1.33	0	0	0
1428522560553226160	CPU_4	96.05	0	0	0	0	2.63	1.31	0	0	0
1428522561310067113	CPU_4	97.33	0	0	0	0	1.33	1.33	0	0	0
1428522562058562838	CPU_4	97.33	0	0	0	0	2.66	0	0	0	0
1428522562813780962	CPU_4	97.33	0	0	0	0	1.33	1.33	0	0	0
1428522563561568939	CPU_4	97.33	0	0	0	0	1.33	1.33	0	0	0
1428522564318257851	CPU_4	96.05	0	0	0	0	2.63	1.31	0	0	0
1428522565066563577	CPU_4	98.64	0	0	0	0	1.35	0	0	0	0
1428522565814002056	CPU_4	96.05	0	0	0	0	2.63	1.31	0	0	0
1428522566567993683	CPU_4	97.33	0	0	0	0	1.33	1.33	0	0	0
1428522567312466670	CPU_4	98.64	0	0	0	0	1.35	0	0	0	0
1428522568071051868	CPU_4	96.05	0	0	0	0	2.63	1.31	0	0	0
1428522568816622061	CPU_4	97.33	0	0	0	0	1.33	1.33	0	0	0
1428522569576002215	CPU_4	97.36	0	0	0	0	2.63	0	0	0	0
1428522570323413569	CPU_4	97.29	0	0	0	0	1.35	1.35	0	0	0
1428522571083200306	CPU_4	97.36	0	0	0	0	1.31	1.31	0	0	0
1428522571831973448	CPU_4	96.05	0	0	0	0	2.63	1.31	0	0	0
1428522572588111695	CPU_4	98.64	0	0	0	0	1.35	0	0	0	0
1428522573335921798	CPU_4	96.05	0	0	0	0	2.63	1.31	0	0	0
1428522574098111154	CPU_4	97.36	0	0	0	0	1.31	1.31	0	0	0
1428522574844950801	CPU_4	98.64	0	0	0	0	1.35	0	0	0	0
1428522575593005237	CPU_4	96.00	0	0	0	0	2.66	1.33	0	0	0
1428522576351777602	CPU_4	97.36	0	0	0	0	1.31	1.31	0	0	0
1428522577114537831	CPU_4	96.10	0	0	0	0	2.59	1.29	0	0	0
1428522577870178330	CPU_4	98.66	0	0	0	0	1.33	0	0	0	0
1428522578618512099	CPU_4	97.29	0	0	0	0	1.35	1.35	0	0	0
1428522579377131048	CPU_4	96.10	0	0	0	0	2.59	1.29	0	0	0
1428522580125446859	CPU_4	97.33	0	0	0	0	1.33	1.33	0	0	0
1428522580884559431	CPU_4	97.33	0	0	0	0	2.66	0	0	0	0
1428522581631995828	CPU_4	97.33	0	0	0	0	1.33	1.33	0	0	0
1428522582391416191	CPU_4	97.36	0	0	0	0	1.31	1.31	0	0	0
1428522583139295754	CPU_4	97.33	0	0	0	0	2.66	0	0	0	0
1428522583888318104	CPU_4	97.29	0	0	0	0	1.35	1.35	0	0	0
1428522584647246970	CPU_4	96.10	0	0	0	0	2.59	1.29	0	0	0
1428522585393183287	CPU_4	97.29	0	0	0	0	1.35	1.35	0	0	0
1428522586154603937	CPU_4	98.68	0	0	0	0	1.31	0	0	0	0
1428522586901480503	CPU_4	96.00	0	0	0	0	2.66	1.33	0	0	0
1428522587667723389	CPU_4	97.40	0	0	0	0	1.29	1.29	0	0	0
1428522588412418419	CPU_4	97.29	0	0	0	0	2.70	0	0	0	0
1428522589176299813	CPU_4	97.36	0	0	0	0	1.31	1.31	0	0	0
1428522589923240753	CPU_4	97.33	0	0	0	0	1.33	1.33	0	0	0
1428522590686835606	CPU_4	96.10	0	0	0	0	2.59	1.29	0	0	0
1428522591436024498	CPU_4	98.64	0	0	0	0	1.35	0	0	0	0
1428522592199391310	CPU_4	96.10	0	0	0	0	2.59	1.29	0	0	0
1428522592947120457	CPU_4	97.33	0	0	0	0	1.33	1.33	0	0	0
1428522593693802981	CPU_4	97.29	0	0	0	0	1.35	1.35	0	0	0
1428522594452748139	CPU_4	97.36	0	0	0	0	2.63	0	0	0	0
1428522595202877904	CPU_4	97.33	0	0	0	0	1.33	1.33	0	0	0
1428522595961651895	CPU_4	96.10	0	0	0	0	2.59	1.29	0	0	0
1428522596710377040	CPU_4	98.64	0	0	0	0	1.35	0	0	0	0
1428522597469880613	CPU_4	97.33	0	0	0	0	1.33	1.33	0	0	0
1428522598220576251	CPU_4	96.10	0	0	0	0	2.59	1.29	0	0	0
1428522598977154874	CPU_4	97.33	0	0	0	0	1.33	1.33	0	0	0
1428522599728120637	CPU_4	97.33	0	0	0	0	2.66	0	0	0	0
1428522600486672630	CPU_4	97.33	0	0	0	0	1.33	1.33	0	0	0
1428522601237240186	CPU_4	96.05	0	0	0	0	2.63	1.31	0	0	0
1428522601997016509	CPU_4	97.36	0	0	0	0	1.31	1.31	0	0	0
1428522602751461971	CPU_4	98.66	0	0	0	0	1.33	0	0	0	0
1428522603499648409	CPU_4	96.00	0	0	0	0	2.66	1.33	0	0	0
1428522604258059985	CPU_4	97.36	0	0	0	0	1.31	1.31	0	0	0
1428522605006931838	CPU_4	97.33	0	0	0	0	2.66	0	0	0	0
1428522605767243617	CPU_4	97.36	0	0	0	0	1.31	1.31	0	0	0
1428522606515408222	CPU_4	97.33	0	0	0	0	1.33	1.33	0	0	0
1428522607279358284	CPU_4	96.05	0	0	0	0	2.63	1.31	0	0	0
1428522608029108926	CPU_4	98.64	0	0	0	0	1.35	0	0	0	0
1428522608790466828	CPU_4	96.10	0	0	0	0	2.59	1.29	0	0	0
1428522609535739858	CPU_4	97.33	0	0	0	0	1.33	1.33	0	0	0
1428522610299230712	CPU_4	98.66	0	0	0	0	1.33	0	0	0	0
1428522611046875444	CPU_4	96.05	0	0	0	0	2.63	1.31	0	0	0
1428522611801181866	CPU_4	94.66	0	2.66	0	0	1.33	1.33	0	0	0
1428522612561674270	CPU_4	96.10	0	0	0	0	2.59	1.29	0	0	0
1428522613313218491	CPU_4	98.64	0	0	0	0	1.35	0	0	0	0
1428522614073075231	CPU_4	97.36	0	0	0	0	1.31	1.31	0	0	0
1428522614823393331	CPU_4	96.05	0	0	0	0	2.63	1.31	0	0	0
1428522615581842116	CPU_4	97.33	0	0	0	0	1.33	1.33	0	0	0
1428522616331068469	CPU_4	97.33	0	0	0	0	2.66	0	0	0	0
1428522617092502288	CPU_4	97.36	0	0	0	0	1.31	1.31	0	0	0
1428522617842172098	CPU_4	97.33	0	0	0	0	1.33	1.33	0	0	0
1428522618606886241	CPU_4	96.10	0	0	0	0	2.59	1.29	0	0	0
1428522619356369552	CPU_4	98.64	0	0	0	0	1.35	0	0	0	0
1428522620117137581	CPU_4	96.10	0	0	0	0	2.59	1.29	0	0	0
1428522620865177479	CPU_4	97.33	0	0	0	0	1.33	1.33	0	0	0
1428522621614766956	CPU_4	98.64	0	0	0	0	1.35	0	0	0	0
1428522622375375653	CPU_4	96.05	0	0	0	0	2.63	1.31	0	0	0
1428522623124075633	CPU_4	97.33	0	0	0	0	1.33	1.33	0	0	0
1428522623898050085	CPU_4	96.15	0	0	0	0	2.56	1.28	0	0	0
1428522624652041258	CPU_4	98.64	0	0	0	0	1.35	0	0	0	0
1428522625415707738	CPU_4	96.10	0	0	0	0	2.59	1.29	0	0	0
1428522626165993672	CPU_4	97.33	0	0	0	0	1.33	1.33	0	0	0
1428522626928894655	CPU_4	97.36	0	0	0	0	1.31	1.31	0	0	0
1428522627680920209	CPU_4	97.36	0	0	0	0	2.63	0	0	0	0
1428522628441646823	CPU_4	97.33	0	0	0	0	1.33	1.33	0	0	0
1428522629192476630	CPU_4	96.05	0	0	0	0	2.63	1.31	0	0	0
1428522629956330152	CPU_4	97.36	0	0	0	0	1.31	1.31	0	0	0
1428522630706797086	CPU_4	97.33	0	0	0	0	2.66	0	0	0	0
1428522631476330675	CPU_4	97.40	0	0	0	0	1.29	1.29	0	0	0
1428522632224814823	CPU_4	97.33	0	0	0	0	1.33	1.33	0	0	0
1428522632975335840	CPU_4	96.05	0	0	0	0	2.63	1.31	0	0	0
1428522633738477905	CPU_4	98.66	0	0	0	0	1.33	0	0	0	0
1428522634488871506	CPU_4	96.00	0	0	0	0	2.66	1.33	0	0	0
1428522635251469782	CPU_4	97.40	0	0	0	0	1.29	1.29	0	0	0
1428522636001121302	CPU_4	98.64	0	0	0	0	1.35	0	0	0	0
1428522636763406537	CPU_4	96.10	0	0	0	0	2.59	1.29	0	0	0
1428522637512622141	CPU_4	97.33	0	0	0	0	1.33	1.33	0	0	0
1428522638275020751	CPU_4	96.05	0	0	0	0	2.63	1.31	0	0	0
1428522639026034975	CPU_4	98.66	0	0	0	0	1.33	0	0	0	0
1428522639789526165	CPU_4	96.05	0	0	0	0	2.63	1.31	0	0	0
1428522640538206896	CPU_4	97.36	0	0	0	0	1.31	1.31	0	0	0
1428522641306474657	CPU_4	97.36	0	0	0	0	1.31	1.31	0	0	0
1428522642057171507	CPU_4	97.33	0	0	0	0	2.66	0	0	0	0
1428522642812237054	CPU_4	97.36	0	0	0	0	1.31	1.31	0	0	0
1428522643568497473	CPU_4	96.05	0	0	0	0	2.63	1.31	0	0	0
1428522644322395565	CPU_4	98.66	0	0	0	0	1.33	0	0	0	0
1428522645085072883	CPU_4	97.33	0	0	0	0	1.33	1.33	0	0	0
1428522645836504648	CPU_4	96.10	0	0	0	0	2.59	1.29	0	0	0
1428522646600661879	CPU_4	97.36	0	0	0	0	1.31	1.31	0	0	0
1428522647356825090	CPU_4	97.33	0	0	0	0	2.66	0	0	0	0
1428522648120126448	CPU_4	97.36	0	0	0	0	1.31	1.31	0	0	0
1428522648873225251	CPU_4	97.36	0	0	0	0	1.31	1.31	0	0	0
1428522649636029527	CPU_4	96.10	0	0	0	0	2.59	1.29	0	0	0
1428522650387039711	CPU_4	98.64	0	0	0	0	1.35	0	0	0	0
1428522651148313908	CPU_4	96.05	0	0	0	0	2.63	1.31	0	0	0
1428522651899520508	CPU_4	97.33	0	0	0	0	1.33	1.33	0	0	0
1428522652664891486	CPU_4	97.36	0	0	0	0	2.63	0	0	0	0
1428522653416497793	CPU_4	97.36	0	0	0	0	1.31	1.31	0	0	0
1428522654165598482	CPU_4	97.33	0	0	0	0	1.33	1.33	0	0	0
1428522654934369076	CPU_4	96.10	0	0	0	0	2.59	1.29	0	0	0
1428522655680079733	CPU_4	98.64	0	0	0	0	1.35	0	0	0	0
1428522656441454638	CPU_4	96.10	0	0	0	0	2.59	1.29	0	0	0
1428522657191636158	CPU_4	97.33	0	0	0	0	1.33	1.33	0	0	0
1428522657955692473	CPU_4	96.10	0	0	0	0	2.59	1.29	0	0	0
1428522658704976954	CPU_4	98.64	0	0	0	0	1.35	0	0	0	0
1428522659467607398	CPU_4	97.36	0	0	0	0	1.31	1.31	0	0	0
1428522660218508541	CPU_4	96.05	0	0	0	0	2.63	1.31	0	0	0
1428522660982752522	CPU_4	97.36	0	0	0	0	1.31	1.31	0	0	0
1428522661737804196	CPU_4	97.33	0	0	0	0	2.66	0	0	0	0
1428522662507971494	CPU_4	97.36	0	0	0	0	1.31	1.31	0	0	0
1428522663261514630	CPU_4	96.10	0	0	0	0	2.59	1.29	0	0	0
1428522664011905609	CPU_4	98.66	0	0	0	0	1.33	0	0	0	0
1428522664774219887	CPU_4	97.33	0	0	0	0	1.33	1.33	0	0	0
1428522665523477910	CPU_4	96.05	0	0	0	0	2.63	1.31	0	0	0
1428522666289189221	CPU_4	97.36	0	0	0	0	1.31	1.31	0	0	0
1428522667038072412	CPU_4	97.33	0	0	0	0	2.66	0	0	0	0
1428522667800142983	CPU_4	97.36	0	0	0	0	1.31	1.31	0	0	0
1428522668550683503	CPU_4	97.36	0	0	0	0	1.31	1.31	0	0	0
1428522669313261281	CPU_4	96.05	0	0	0	0	2.63	1.31	0	0	0
1428522670064844132	CPU_4	98.64	0	0	0	0	1.35	0	0	0	0
1428522670827708076	CPU_4	96.10	0	0	0	0	2.59	1.29	0	0	0
1428522671577609014	CPU_4	97.33	0	0	0	0	1.33	1.33	0	0	0
1428522672337567092	CPU_4	97.36	0	0	0	0	2.63	0	0	0	0
1428522673094981635	CPU_4	97.36	0	0	0	0	1.31	1.31	0	0	0
1428522673846134445	CPU_4	97.33	0	0	0	0	1.33	1.33	0	0	0
1428522674609053014	CPU_4	96.10	0	0	0	0	2.59	1.29	0	0	0
1428522675365552101	CPU_4	98.66	0	0	0	0	1.33	0	0	0	0
1428522676128570421	CPU_4	96.05	0	0	0	0	2.63	1.31	0	0	0
1428522676880728020	CPU_4	97.36	0	0	0	0	1.31	1.31	0	0	0
1428522677644026380	CPU_4	97.36	0	0	0	0	1.31	1.31	0	0	0
1428522678394189360	CPU_4	97.33	0	0	0	0	2.66	0	0	0	0
1428522679157265888	CPU_4	97.36	0	0	0	0	1.31	1.31	0	0	0
1428522679908993488	CPU_4	96.05	0	0	0	0	2.63	1.31	0	0	0
1428522680678011917	CPU_4	97.36	0	0	0	0	1.31	1.31	0	0	0
1428522681432767551	CPU_4	97.36	0	0	0	0	2.63	0	0	0	0
1428522682195396038	CPU_4	97.40	0	0	0	0	1.29	1.29	0	0	0
1428522682949387758	CPU_4	97.29	0	0	0	0	1.35	1.35	0	0	0
1428522683714017115	CPU_4	97.36	0	0	0	0	2.63	0	0	0	0
1428522684465434592	CPU_4	97.36	0	0	0	0	1.31	1.31	0	0	0
1428522685216507320	CPU_4	96.05	0	0	0	0	2.63	1.31	0	0	0
1428522685983419212	CPU_4	97.36	0	0	0	0	1.31	1.31	0	0	0
1428522686735869895	CPU_4	98.66	0	0	0	0	1.33	0	0	0	0
1428522687503185036	CPU_4	96.10	0	0	0	0	2.59	1.29	0	0	0
1428522688253889807	CPU_4	97.33	0	0	0	0	1.33	1.33	0	0	0
1428522689018161416	CPU_4	97.36	0	0	0	0	2.63	0	0	0	0
1428522689771164764	CPU_4	97.33	0	0	0	0	1.33	1.33	0	0	0
1428522690533927960	CPU_4	97.40	0	0	0	0	1.29	1.29	0	0	0
1428522691286031310	CPU_4	96.05	0	0	0	0	2.63	1.31	0	0	0
1428522692049962795	CPU_4	98.66	0	0	0	0	1.33	0	0	0	0
1428522692800187192	CPU_4	96.05	0	0	0	0	2.63	1.31	0	0	0
1428522693564911341	CPU_4	97.36	0	0	0	0	1.31	1.31	0	0	0
1428522694316318777	CPU_4	96.05	0	0	0	0	2.63	1.31	0	0	0
1428522695075383359	CPU_4	98.66	0	0	0	0	1.33	0	0	0	0
1428522695835440313	CPU_4	97.36	0	0	0	0	1.31	1.31	0	0	0
1428522696584566339	CPU_4	96.00	0	0	0	0	2.66	1.33	0	0	0
1428522697350430110	CPU_4	98.68	0	0	0	0	1.31	0	0	0	0
1428522698101080382	CPU_4	96.05	0	0	0	0	2.63	1.31	0	0	0
1428522698865385783	CPU_4	97.36	0	0	0	0	1.31	1.31	0	0	0
1428522699617426801	CPU_4	97.33	0	0	0	0	1.33	1.33	0	0	0
1428522700381438286	CPU_4	97.40	0	0	0	0	2.59	0	0	0	0
1428522701133129096	CPU_4	97.29	0	0	0	0	1.35	1.35	0	0	0
1428522701898880535	CPU_4	96.15	0	0	0	0	2.56	1.28	0	0	0
1428522702650603596	CPU_4	97.33	0	0	0	0	1.33	1.33	0	0	0
1428522703416215118	CPU_4	97.36	0	0	0	0	2.63	0	0	0	0
1428522704167394222	CPU_4	97.33	0	0	0	0	1.33	1.33	0	0	0
1428522704932291164	CPU_4	96.10	0	0	0	0	2.59	1.29	0	0	0
1428522705685740970	CPU_4	97.36	0	0	0	0	1.31	1.31	0	0	0
1428522706453460654	CPU_4	98.66	0	0	0	0	1.33	0	0	0	0
1428522707206881960	CPU_4	96.05	0	0	0	0	2.63	1.31	0	0	0
1428522707962079178	CPU_4	97.36	0	0	0	0	1.31	1.31	0	0	0
1428522708725263083	CPU_4	97.36	0	0	0	0	2.63	0	0	0	0
1428522709480064886	CPU_4	97.33	0	0	0	0	1.33	1.33	0	0	0
1428522710241795711	CPU_4	96.10	0	0	0	0	2.59	1.29	0	0	0
1428522710994655519	CPU_4	97.33	0	0	0	0	1.33	1.33	0	0	0
1428522711758088465	CPU_4	98.68	0	0	0	0	1.31	0	0	0	0
1428522712511363272	CPU_4	96.05	0	0	0	0	2.63	1.31	0	0	0
1428522713272840599	CPU_4	97.36	0	0	0	0	1.31	1.31	0	0	0
1428522714023292080	CPU_4	96.00	0	0	0	0	2.66	1.33	0	0	0
1428522714787541774	CPU_4	98.68	0	0	0	0	1.31	0	0	0	0
1428522715541333080	CPU_4	97.33	0	0	0	0	1.33	1.33	0	0	0
1428522716302929656	CPU_4	96.10	0	0	0	0	2.59	1.29	0	0	0
1428522717056062548	CPU_4	97.33	0	0	0	0	1.33	1.33	0	0	0
1428522717822161653	CPU_4	97.36	0	0	0	0	2.63	0	0	0	0
1428522718578192037	CPU_4	97.36	0	0	0	0	1.31	1.31	0	0	0
1428522719329465767	CPU_4	96.05	0	0	0	0	2.63	1.31	0	0	0
1428522720094183585	CPU_4	98.66	0	0	0	0	1.33	0	0	0	0
1428522720846310521	CPU_4	97.36	0	0	0	0	1.31	1.31	0	0	0
1428522721617605154	CPU_4	96.15	0	0	0	0	2.56	1.28	0	0	0
1428522722367184764	CPU_4	97.29	0	0	0	0	1.35	1.35	0	0	0
1428522723132923121	CPU_4	97.40	0	0	0	0	2.59	0	0	0	0
1428522723886407762	CPU_4	97.33	0	0	0	0	1.33	1.33	0	0	0
1428522724651256538	CPU_4	96.10	0	0	0	0	2.59	1.29	0	0	0
1428522725406675465	CPU_4	97.36	0	0	0	0	1.31	1.31	0	0	0
1428522726172990196	CPU_4	98.66	0	0	0	0	1.33	0	0	0	0
1428522726926240421	CPU_4	96.05	0	0	0	0	2.63	1.31	0	0	0
1428522727691374155	CPU_4	97.40	0	0	0	0	1.29	1.29	0	0	0
1428522728446045043	CPU_4	97.33	0	0	0	0	2.66	0	0	0	0
1428522729210693028	CPU_4	97.36	0	0	0	0	1.31	1.31	0	0	0
1428522729964844251	CPU_4	97.36	0	0	0	0	1.31	1.31	0	0	0
1428522730739316335	CPU_4	96.10	0	0	0	0	2.59	1.29	0	0	0
1428522731494126139	CPU_4	98.66	0	0	0	0	1.33	0	0	0	0
1428522732248856694	CPU_4	96.05	0	0	0	0	2.63	1.31	0	0	0
1428522733015531758	CPU_4	97.40	0	0	0	0	1.29	1.29	0	0	0
1428522733768004902	CPU_4	96.05	0	0	0	0	2.63	1.31	0	0	0
1428522734535193631	CPU_4	98.66	0	0	0	0	1.33	0	0	0	0
1428522735287231735	CPU_4	97.36	0	0	0	0	1.31	1.31	0	0	0
1428522736053906382	CPU_4	96.10	0	0	0	0	2.59	1.29	0	0	0
1428522736806566776	CPU_4	98.66	0	0	0	0	1.33	0	0	0	0
1428522737576127624	CPU_4	96.10	0	0	0	0	2.59	1.29	0	0	0
1428522738329273391	CPU_4	97.33	0	0	0	0	1.33	1.33	0	0	0
1428522739096455079	CPU_4	96.15	0	0	0	0	2.56	1.28	0	0	0
1428522739849220765	CPU_4	98.64	0	0	0	0	1.35	0	0	0	0
1428522740615040581	CPU_4	97.40	0	0	0	0	1.29	1.29	0	0	0
1428522741367719101	CPU_4	96.05	0	0	0	0	2.63	1.31	0	0	0
1428522742135212829	CPU_4	97.36	0	0	0	0	1.31	1.31	0	0	0
1428522742890261176	CPU_4	97.33	0	0	0	0	2.66	0	0	0	0
1428522743679101096	CPU_4	97.43	0	0	0	0	1.28	1.28	0	0	0
1428522744441291881	CPU_4	96.15	0	0	0	0	2.56	1.28	0	0	0
1428522745321834758	CPU_4	97.72	0	0	0	0	1.13	1.13	0	0	0
1428522746077578895	CPU_4	96.05	0	0	0	0	2.63	1.31	0	0	0
1428522746843890127	CPU_4	98.66	0	0	0	0	1.33	0	0	0	0
1428522747628231810	CPU_4	96.20	0	0	0	0	2.53	1.26	0	0	0
1428522748393042588	CPU_4	97.40	0	0	0	0	1.29	1.29	0	0	0
1428522749148258476	CPU_4	96.05	0	0	0	0	2.63	1.31	0	0	0
1428522749911480259	CPU_4	98.68	0	0	0	0	1.31	0	0	0	0
1428522750665261484	CPU_4	97.33	0	0	0	0	1.33	1.33	0	0	0
1428522751439904194	CPU_4	96.15	0	0	0	0	2.56	1.28	0	0	0
1428522752191521300	CPU_4	98.64	0	0	0	0	1.35	0	0	0	0
1428522752945750233	CPU_4	96.05	0	0	0	0	2.63	1.31	0	0	0
1428522753710847761	CPU_4	97.40	0	0	0	0	1.29	1.29	0	0	0
1428522754465285901	CPU_4	97.33	0	0	0	0	1.33	1.33	0	0	0
1428522755228993516	CPU_4	97.36	0	0	0	0	2.63	0	0	0	0
1428522755982032036	CPU_4	97.33	0	0	0	0	1.33	1.33	0	0	0
1428522756746204899	CPU_4	96.15	0	0	0	0	2.56	1.28	0	0	0
1428522757501639621	CPU_4	97.33	0	0	0	0	1.33	1.33	0	0	0
1428522758265596402	CPU_4	97.36	0	0	0	0	2.63	0	0	0	0
1428522759019654669	CPU_4	97.36	0	0	0	0	1.31	1.31	0	0	0
1428522759785147988	CPU_4	97.36	0	0	0	0	1.31	1.31	0	0	0
1428522760538467465	CPU_4	97.33	0	0	0	0	2.66	0	0	0	0
1428522761302934370	CPU_4	97.36	0	0	0	0	1.31	1.31	0	0	0
1428522762057915968	CPU_4	96.10	0	0	0	0	2.59	1.29	0	0	0
1428522762821485167	CPU_4	97.36	0	0	0	0	1.31	1.31	0	0	0
1428522763577382513	CPU_4	98.66	0	0	0	0	1.33	0	0	0	0
1428522764350170896	CPU_4	96.10	0	0	0	0	2.59	1.29	0	0	0
1428522765104683745	CPU_4	97.36	0	0	0	0	1.31	1.31	0	0	0
1428522765857446349	CPU_4	96.05	0	0	0	0	2.63	1.31	0	0	0
1428522766623583167	CPU_4	98.66	0	0	0	0	1.33	0	0	0	0
1428522767376738145	CPU_4	96.05	0	0	0	0	2.63	1.31	0	0	0
1428522768145017457	CPU_4	97.40	0	0	0	0	1.29	1.29	0	0	0
1428522768895192277	CPU_4	98.66	0	0	0	0	1.33	0	0	0	0
1428522769663235006	CPU_4	96.10	0	0	0	0	2.59	1.29	0	0	0
1428522770416695525	CPU_4	97.33	0	0	0	0	1.33	1.33	0	0	0
1428522771183297800	CPU_4	96.10	0	0	0	0	2.59	1.29	0	0	0
1428522771937128152	CPU_4	98.66	0	0	0	0	1.33	0	0	0	0
1428522772703202970	CPU_4	96.10	0	0	0	0	2.59	1.29	0	0	0
1428522773457125405	CPU_4	97.36	0	0	0	0	1.31	1.31	0	0	0
1428522774224196846	CPU_4	97.36	0	0	0	0	1.31	1.31	0	0	0
1428522774977095826	CPU_4	97.33	0	0	0	0	2.66	0	0	0	0
1428522775747394966	CPU_4	97.40	0	0	0	0	1.29	1.29	0	0	0
1428522776502220440	CPU_4	96.05	0	0	0	0	2.63	1.31	0	0	0
1428522777262961440	CPU_4	97.33	0	0	0	0	1.33	1.33	0	0	0
1428522778024291813	CPU_4	97.40	0	0	0	0	2.59	0	0	0	0
1428522778778904664	CPU_4	97.36	0	0	0	0	1.31	1.31	0	0	0
1428522779546551311	CPU_4	97.36	0	0	0	0	1.31	1.31	0	0	0
1428522780301970743	CPU_4	97.36	0	0	0	0	2.63	0	0	0	0
1428522781077927868	CPU_4	97.40	0	0	0	0	1.29	1.29	0	0	0
1428522781832187927	CPU_4	96.05	0	0	0	0	2.63	1.31	0	0	0
1428522782606861306	CPU_4	97.40	0	0	0	0	1.29	1.29	0	0	0
1428522783363594901	CPU_4	97.36	0	0	0	0	2.63	0	0	0	0
1428522784132038755	CPU_4	97.40	0	0	0	0	1.29	1.29	0	0	0
1428522784887550145	CPU_4	97.33	0	0	0	0	1.33	1.33	0	0	0
1428522785657073288	CPU_4	96.15	0	0	0	0	2.56	1.28	0	0	0
1428522786411829347	CPU_4	98.64	0	0	0	0	1.35	0	0	0	0
1428522787180503617	CPU_4	96.15	0	0	0	0	2.56	1.28	0	0	0
1428522787936347006	CPU_4	97.33	0	0	0	0	1.33	1.33	0	0	0
1428522788706285899	CPU_4	96.10	0	0	0	0	2.59	1.29	0	0	0
1428522789459389129	CPU_4	98.66	0	0	0	0	1.33	0	0	0	0
1428522790227039527	CPU_4	97.40	0	0	0	0	1.29	1.29	0	0	0
1428522790981764503	CPU_4	96.05	0	0	0	0	2.63	1.31	0	0	0
1428522791753567974	CPU_4	97.40	0	0	0	0	1.29	1.29	0	0	0
1428522792507910534	CPU_4	97.33	0	0	0	0	2.66	0	0	0	0
1428522793269708032	CPU_4	97.33	0	0	0	0	1.33	1.33	0	0	0
1428522794030379742	CPU_4	96.15	0	0	0	0	2.56	1.28	0	0	0
1428522794788886666	CPU_4	98.66	0	0	0	0	1.33	0	0	0	0
1428522795555340860	CPU_4	97.40	0	0	0	0	1.29	1.29	0	0	0
1428522796309164172	CPU_4	96.05	0	0	0	0	2.63	1.31	0	0	0
1428522797077614402	CPU_4	97.36	0	0	0	0	1.31	1.31	0	0	0
1428522797831947879	CPU_4	97.36	0	0	0	0	2.63	0	0	0	0
1428522798600159110	CPU_4	97.36	0	0	0	0	1.31	1.31	0	0	0
1428522799354788837	CPU_4	96.05	0	0	0	0	2.63	1.31	0	0	0
1428522800123209901	CPU_4	97.40	0	0	0	0	1.29	1.29	0	0	0
1428522800877683544	CPU_4	97.33	0	0	0	0	2.66	0	0	0	0
1428522801650021056	CPU_4	97.40	0	0	0	0	1.29	1.29	0	0	0
1428522802403436120	CPU_4	97.36	0	0	0	0	1.31	1.31	0	0	0
1428522803172910431	CPU_4	96.10	0	0	0	0	2.59	1.29	0	0	0
1428522803928040531	CPU_4	98.66	0	0	0	0	1.33	0	0	0	0
1428522804697504093	CPU_4	96.10	0	0	0	0	2.59	1.29	0	0	0
1428522805451643321	CPU_4	97.36	0	0	0	0	1.31	1.31	0	0	0
1428522806219079013	CPU_4	96.10	0	0	0	0	2.59	1.29	0	0	0
1428522806973110450	CPU_4	98.64	0	0	0	0	1.35	0	0	0	0
1428522807754751104	CPU_4	96.15	0	0	0	0	2.56	1.28	0	0	0
1428522808510447578	CPU_4	97.40	0	0	0	0	1.29	1.29	0	0	0
1428522809264946931	CPU_4	98.64	0	0	0	0	1.35	0	0	0	0
1428522810032013957	CPU_4	96.15	0	0	0	0	2.56	1.28	0	0	0
1428522810787809765	CPU_4	97.33	0	0	0	0	1.33	1.33	0	0	0
1428522811554422460	CPU_4	96.10	0	0	0	0	2.59	1.29	0	0	0
1428522812312624011	CPU_4	98.66	0	0	0	0	1.33	0	0	0	0
1428522813081889698	CPU_4	96.10	0	0	0	0	2.59	1.29	0	0	0
1428522813835719220	CPU_4	97.36	0	0	0	0	1.31	1.31	0	0	0
1428522814604328701	CPU_4	96.10	0	0	0	0	2.59	1.29	0	0	0
1428522815362060962	CPU_4	98.66	0	0	0	0	1.33	0	0	0	0
1428522816128861406	CPU_4	97.40	0	0	0	0	1.29	1.29	0	0	0
1428522816882784178	CPU_4	96.05	0	0	0	0	2.63	1.31	0	0	0
1428522817657992808	CPU_4	97.40	0	0	0	0	1.29	1.29	0	0	0
1428522818414105282	CPU_4	97.36	0	0	0	0	2.63	0	0	0	0
1428522819182967888	CPU_4	97.36	0	0	0	0	1.31	1.31	0	0	0
1428522819937816740	CPU_4	96.10	0	0	0	0	2.59	1.29	0	0	0
1428522820706427472	CPU_4	97.36	0	0	0	0	1.31	1.31	0	0	0
1428522821461443241	CPU_4	97.36	0	0	0	0	2.63	0	0	0	0
1428522822240163820	CPU_4	97.36	0	0	0	0	1.31	1.31	0	0	0
1428522822993274635	CPU_4	96.10	0	0	0	0	2.59	1.29	0	0	0
1428522823751604354	CPU_4	97.36	0	0	0	0	1.31	1.31	0	0	0
1428522824520623584	CPU_4	98.68	0	0	0	0	1.31	0	0	0	0
1428522825278082430	CPU_4	96.05	0	0	0	0	2.63	1.31	0	0	0
1428522826045154000	CPU_4	97.40	0	0	0	0	1.29	1.29	0	0	0
1428522826802374680	CPU_4	96.05	0	0	0	0	2.63	1.31	0	0	0
1428522827571459369	CPU_4	98.68	0	0	0	0	1.31	0	0	0	0
1428522828333262536	CPU_4	96.10	0	0	0	0	2.59	1.29	0	0	0
1428522829102587975	CPU_4	97.40	0	0	0	0	1.29	1.29	0	0	0
1428522829859515822	CPU_4	96.05	0	0	0	0	2.63	1.31	0	0	0
1428522830631481295	CPU_4	98.68	0	0	0	0	1.31	0	0	0	0
1428522831388032686	CPU_4	96.05	0	0	0	0	2.63	1.31	0	0	0
1428522832157013084	CPU_4	97.40	0	0	0	0	1.29	1.29	0	0	0
1428522832914466764	CPU_4	97.36	0	0	0	0	1.31	1.31	0	0	0
1428522833689069480	CPU_4	97.40	0	0	0	0	2.59	0	0	0	0
1428522834446263202	CPU_4	97.36	0	0	0	0	1.31	1.31	0	0	0
1428522835215567224	CPU_4	96.15	0	0	0	0	2.56	1.28	0	0	0
1428522835971887074	CPU_4	98.64	0	0	0	0	1.35	0	0	0	0
1428522836742566510	CPU_4	96.15	0	0	0	0	2.56	1.28	0	0	0
1428522837497371447	CPU_4	97.36	0	0	0	0	1.31	1.31	0	0	0
1428522838274193366	CPU_4	97.36	0	0	0	0	1.31	1.31	0	0	0
1428522839034894245	CPU_4	97.40	0	0	0	0	2.59	0	0	0	0
1428522839795880374	CPU_4	97.36	0	0	0	0	1.31	1.31	0	0	0
1428522840563499401	CPU_4	96.10	0	0	0	0	2.59	1.29	0	0	0
1428522841322519827	CPU_4	97.36	0	0	0	0	1.31	1.31	0	0	0
1428522842094090386	CPU_4	97.40	0	0	0	0	2.59	0	0	0	0
1428522842854780391	CPU_4	97.33	0	0	0	0	1.33	1.33	0	0	0
1428522843624205705	CPU_4	97.43	0	0	0	0	1.28	1.28	0	0	0
1428522844384784460	CPU_4	97.36	0	0	0	0	2.63	0	0	0	0
1428522845154314108	CPU_4	97.36	0	0	0	0	1.31	1.31	0	0	0
1428522845911073832	CPU_4	96.10	0	0	0	0	2.59	1.29	0	0	0
1428522846681857435	CPU_4	97.40	0	0	0	0	1.29	1.29	0	0	0
1428522847437670953	CPU_4	97.33	0	0	0	0	2.66	0	0	0	0
1428522848208076974	CPU_4	97.40	0	0	0	0	1.29	1.29	0	0	0
1428522848965779571	CPU_4	97.36	0	0	0	0	1.31	1.31	0	0	0
1428522849737381671	CPU_4	96.15	0	0	0	0	2.56	1.28	0	0	0
1428522850494035188	CPU_4	98.64	0	0	0	0	1.35	0	0	0	0
1428522851263870127	CPU_4	96.15	0	0	0	0	2.56	1.28	0	0	0
1428522852018265316	CPU_4	97.33	0	0	0	0	1.33	1.33	0	0	0
1428522852787940839	CPU_4	96.15	0	0	0	0	2.56	1.28	0	0	0
1428522853545461270	CPU_4	98.66	0	0	0	0	1.33	0	0	0	0
1428522854318044160	CPU_4	97.40	0	0	0	0	1.29	1.29	0	0	0
1428522855075158092	CPU_4	96.05	0	0	0	0	2.63	1.31	0	0	0
1428522855839616754	CPU_4	98.68	0	0	0	0	1.31	0	0	0	0
1428522856602750712	CPU_4	96.10	0	0	0	0	2.59	1.29	0	0	0
1428522857360773850	CPU_4	97.36	0	0	0	0	1.31	1.31	0	0	0
1428522858128065379	CPU_4	96.10	0	0	0	0	2.59	1.29	0	0	0
1428522858885221895	CPU_4	98.66	0	0	0	0	1.33	0	0	0	0
1428522859653470256	CPU_4	96.10	0	0	0	0	2.59	1.29	0	0	0
1428522860410907771	CPU_4	97.36	0	0	0	0	1.31	1.31	0	0	0
1428522861182319748	CPU_4	97.40	0	0	0	0	1.29	1.29	0	0	0
1428522861941877882	CPU_4	97.36	0	0	0	0	2.63	0	0	0	0
1428522862712856152	CPU_4	97.36	0	0	0	0	1.31	1.31	0	0	0
1428522863471993121	CPU_4	96.10	0	0	0	0	2.59	1.29	0	0	0
1428522864247540212	CPU_4	97.40	0	0	0	0	1.29	1.29	0	0	0
1428522865046469406	CPU_4	97.50	0	0	0	0	2.50	0	0	0	0
1428522865819872586	CPU_4	97.40	0	0	0	0	1.29	1.29	0	0	0
1428522866577559517	CPU_4	96.10	0	0	0	0	2.59	1.29	0	0	0
1428522867350669157	CPU_4	97.40	0	0	0	0	1.29	1.29	0	0	0
1428522868106927259	CPU_4	98.66	0	0	0	0	1.33	0	0	0	0
1428522868877280573	CPU_4	96.10	0	0	0	0	2.59	1.29	0	0	0
1428522869666823209	CPU_4	97.46	0	0	0	0	1.26	1.26	0	0	0
1428522870437090606	CPU_4	96.15	0	0	0	0	2.56	1.28	0	0	0
1428522871195247954	CPU_4	98.66	0	0	0	0	1.33	0	0	0	0
1428522871967424054	CPU_4	96.10	0	0	0	0	2.59	1.29	0	0	0
1428522872727522855	CPU_4	97.36	0	0	0	0	1.31	1.31	0	0	0
1428522873498065960	CPU_4	96.15	0	0	0	0	2.56	1.28	0	0	0
1428522874258823134	CPU_4	98.66	0	0	0	0	1.33	0	0	0	0
1428522875028294075	CPU_4	97.40	0	0	0	0	1.29	1.29	0	0	0
1428522875790557162	CPU_4	96.10	0	0	0	0	2.59	1.29	0	0	0
1428522876556335905	CPU_4	97.36	0	0	0	0	1.31	1.31	0	0	0
1428522877315424209	CPU_4	97.36	0	0	0	0	2.63	0	0	0	0
1428522878092480130	CPU_4	97.40	0	0	0	0	1.29	1.29	0	0	0
1428522878850967977	CPU_4	96.10	0	0	0	0	2.59	1.29	0	0	0
1428522879614500851	CPU_4	97.36	0	0	0	0	1.31	1.31	0	0	0
1428522880380939510	CPU_4	98.68	0	0	0	0	1.31	0	0	0	0
1428522881140580312	CPU_4	96.10	0	0	0	0	2.59	1.29	0	0	0
1428522881914215576	CPU_4	97.40	0	0	0	0	1.29	1.29	0	0	0
1428522882672632590	CPU_4	96.05	0	0	0	0	2.63	1.31	0	0	0
1428522883446099938	CPU_4	98.70	0	0	0	0	1.29	0	0	0	0
1428522884203004331	CPU_4	96.05	0	0	0	0	2.63	1.31	0	0	0
1428522884974073478	CPU_4	97.40	0	0	0	0	1.29	1.29	0	0	0
1428522885732463825	CPU_4	98.66	0	0	0	0	1.33	0	0	0	0
1428522886504239512	CPU_4	96.15	0	0	0	0	2.56	1.28	0	0	0
1428522887266273266	CPU_4	97.36	0	0	0	0	1.31	1.31	0	0	0
1428522888038223994	CPU_4	96.15	0	0	0	0	2.56	1.28	0	0	0
1428522888796396134	CPU_4	98.66	0	0	0	0	1.33	0	0	0	0
1428522889566065367	CPU_4	96.10	0	0	0	0	2.59	1.29	0	0	0
1428522890323174469	CPU_4	97.36	0	0	0	0	1.31	1.31	0	0	0
1428522891097859023	CPU_4	97.40	0	0	0	0	1.29	1.29	0	0	0
1428522891855965996	CPU_4	97.36	0	0	0	0	2.63	0	0	0	0
1428522892626785769	CPU_4	97.40	0	0	0	0	1.29	1.29	0	0	0
1428522893384407119	CPU_4	96.05	0	0	0	0	2.63	1.31	0	0	0
1428522894155303517	CPU_4	97.40	0	0	0	0	1.29	1.29	0	0	0
1428522894914530529	CPU_4	97.36	0	0	0	0	2.63	0	0	0	0
1428522895683877139	CPU_4	97.36	0	0	0	0	1.31	1.31	0	0	0
1428522896442191446	CPU_4	96.10	0	0	0	0	2.59	1.29	0	0	0
1428522897212729970	CPU_4	97.40	0	0	0	0	1.29	1.29	0	0	0
1428522897974341018	CPU_4	98.66	0	0	0	0	1.33	0	0	0	0
1428522898746031872	CPU_4	96.10	0	0	0	0	2.59	1.29	0	0	0
1428522899506766589	CPU_4	97.40	0	0	0	0	1.29	1.29	0	0	0
1428522900265664437	CPU_4	97.36	0	0	0	0	2.63	0	0	0	0
1428522901037493957	CPU_4	97.40	0	0	0	0	1.29	1.29	0	0	0
1428522901803803451	CPU_4	96.10	0	0	0	0	2.59	1.29	0	0	0
1428522902573949684	CPU_4	97.40	0	0	0	0	1.29	1.29	0	0	0
1428522903334117029	CPU_4	97.36	0	0	0	0	2.63	0	0	0	0
1428522904102871974	CPU_4	97.36	0	0	0	0	1.31	1.31	0	0	0
1428522904862475487	CPU_4	96.10	0	0	0	0	2.59	1.29	0	0	0
1428522905631567306	CPU_4	97.40	0	0	0	0	1.29	1.29	0	0	0
1428522906392720148	CPU_4	98.66	0	0	0	0	1.33	0	0	0	0
1428522907159902848	CPU_4	96.10	0	0	0	0	2.59	1.29	0	0	0
1428522907923003518	CPU_4	97.40	0	0	0	0	1.29	1.29	0	0	0
1428522908693292168	CPU_4	96.10	0	0	0	0	2.59	1.29	0	0	0
1428522909452896389	CPU_4	98.66	0	0	0	0	1.33	0	0	0	0
1428522910222888582	CPU_4	96.15	0	0	0	0	2.56	1.28	0	0	0
1428522910981932888	CPU_4	97.36	0	0	0	0	1.31	1.31	0	0	0
1428522911752219538	CPU_4	96.10	0	0	0	0	2.59	1.29	0	0	0
1428522912511426844	CPU_4	98.66	0	0	0	0	1.33	0	0	0	0
1428522913282998908	CPU_4	96.15	0	0	0	0	2.56	1.28	0	0	0
1428522914045778829	CPU_4	97.36	0	0	0	0	1.31	1.31	0	0	0
1428522914814483234	CPU_4	97.40	0	0	0	0	1.29	1.29	0	0	0
1428522915572102919	CPU_4	97.36	0	0	0	0	2.63	0	0	0	0
1428522916350810964	CPU_4	97.40	0	0	0	0	1.29	1.29	0	0	0
1428522917109374230	CPU_4	96.10	0	0	0	0	2.59	1.29	0	0	0
1428522917884487076	CPU_4	97.40	0	0	0	0	1.29	1.29	0	0	0
1428522918650287489	CPU_4	97.36	0	0	0	0	2.63	0	0	0	0
1428522919410129210	CPU_4	97.36	0	0	0	0	1.31	1.31	0	0	0
1428522920181884149	CPU_4	96.15	0	0	0	0	2.56	1.28	0	0	0
1428522920941936203	CPU_4	97.36	0	0	0	0	1.31	1.31	0	0	0
1428522921714078307	CPU_4	98.68	0	0	0	0	1.31	0	0	0	0
1428522922473105656	CPU_4	96.10	0	0	0	0	2.59	1.29	0	0	0
1428522923244055055	CPU_4	97.40	0	0	0	0	1.29	1.29	0	0	0
1428522924005807938	CPU_4	96.10	0	0	0	0	2.59	1.29	0	0	0
1428522924780021037	CPU_4	98.68	0	0	0	0	1.31	0	0	0	0
1428522925541071422	CPU_4	96.10	0	0	0	0	2.59	1.29	0	0	0
1428522926314507190	CPU_4	97.40	0	0	0	0	1.29	1.29	0	0	0
1428522927075055618	CPU_4	97.36	0	0	0	0	1.31	1.31	0	0	0
1428522927850294173	CPU_4	97.43	0	0	0	0	2.56	0	0	0	0
1428522928609347563	CPU_4	97.33	0	0	0	0	1.33	1.33	0	0	0
1428522929381806334	CPU_4	96.15	0	0	0	0	2.56	1.28	0	0	0
1428522930142853469	CPU_4	97.36	0	0	0	0	1.31	1.31	0	0	0
1428522930913414162	CPU_4	97.40	0	0	0	0	2.59	0	0	0	0
1428522931671915846	CPU_4	97.33	0	0	0	0	1.33	1.33	0	0	0
1428522932444067785	CPU_4	96.15	0	0	0	0	2.56	1.28	0	0	0
1428522933201457222	CPU_4	97.36	0	0	0	0	1.31	1.31	0	0	0
1428522933975525530	CPU_4	98.70	0	0	0	0	1.29	0	0	0	0
1428522934733438258	CPU_4	96.05	0	0	0	0	2.63	1.31	0	0	0
1428522935504339075	CPU_4	97.40	0	0	0	0	1.29	1.29	0	0	0
1428522936265192878	CPU_4	96.05	0	0	0	0	2.63	1.31	0	0	0
1428522937037196650	CPU_4	98.70	0	0	0	0	1.29	0	0	0	0
1428522937797629288	CPU_4	96.10	0	0	0	0	2.59	1.29	0	0	0
1428522938576641666	CPU_4	97.36	0	0	0	0	1.31	1.31	0	0	0
1428522939334189728	CPU_4	98.68	0	0	0	0	1.31	0	0	0	0
1428522940096340320	CPU_4	96.10	0	0	0	0	2.59	1.29	0	0	0
1428522940867595470	CPU_4	97.40	0	0	0	0	1.29	1.29	0	0	0
1428522941626804611	CPU_4	96.10	0	0	0	0	2.59	1.29	0	0	0
1428522942398882008	CPU_4	98.68	0	0	0	0	1.31	0	0	0	0
1428522943158250566	CPU_4	96.05	0	0	0	0	2.63	1.31	0	0	0
1428522943934576494	CPU_4	97.43	0	0	0	0	1.28	1.28	0	0	0
1428522944693898260	CPU_4	96.05	0	0	0	0	2.63	1.31	0	0	0
1428522945464607995	CPU_4	98.68	0	0	0	0	1.31	0	0	0	0
1428522946224561176	CPU_4	97.36	0	0	0	0	1.31	1.31	0	0	0
1428522946995772910	CPU_4	96.20	0	0	0	0	2.53	1.26	0	0	0
1428522947755988799	CPU_4	97.33	0	0	0	0	1.33	1.33	0	0	0
1428522948528908820	CPU_4	97.40	0	0	0	0	2.59	0	0	0	0
1428522949289153917	CPU_4	97.36	0	0	0	0	1.31	1.31	0	0	0
1428522950062218896	CPU_4	96.15	0	0	0	0	2.56	1.28	0	0	0
1428522950822715867	CPU_4	97.36	0	0	0	0	1.31	1.31	0	0	0
1428522951596345428	CPU_4	97.40	0	0	0	0	2.59	0	0	0	0
1428522952355644778	CPU_4	97.36	0	0	0	0	1.31	1.31	0	0	0
1428522953126884762	CPU_4	97.40	0	0	0	0	1.29	1.29	0	0	0
1428522953889613978	CPU_4	96.10	0	0	0	0	2.59	1.29	0	0	0
1428522954661026587	CPU_4	98.68	0	0	0	0	1.31	0	0	0	0
1428522955422760389	CPU_4	96.10	0	0	0	0	2.59	1.29	0	0	0
1428522956194545747	CPU_4	97.40	0	0	0	0	1.29	1.29	0	0	0
1428522956955206218	CPU_4	97.36	0	0	0	0	2.63	0	0	0	0
1428522957727095826	CPU_4	97.40	0	0	0	0	1.29	1.29	0	0	0
1428522958487964089	CPU_4	97.36	0	0	0	0	1.31	1.31	0	0	0
1428522959267858925	CPU_4	96.20	0	0	0	0	2.53	1.26	0	0	0
1428522960030506433	CPU_4	98.66	0	0	0	0	1.33	0	0	0	0
1428522960799518632	CPU_4	96.10	0	0	0	0	2.59	1.29	0	0	0
1428522961567023627	CPU_4	97.40	0	0	0	0	1.29	1.29	0	0	0
1428522962332503294	CPU_4	96.10	0	0	0	0	2.59	1.29	0	0	0
1428522963101899701	CPU_4	98.68	0	0	0	0	1.31	0	0	0	0
1428522963862979297	CPU_4	96.10	0	0	0	0	2.59	1.29	0	0	0
1428522964634949446	CPU_4	97.40	0	0	0	0	1.29	1.29	0	0	0
1428522965395075128	CPU_4	97.36	0	0	0	0	1.31	1.31	0	0	0
1428522966172836596	CPU_4	97.43	0	0	0	0	2.56	0	0	0	0
1428522966934396316	CPU_4	97.33	0	0	0	0	1.33	1.33	0	0	0
1428522967705539468	CPU_4	96.20	0	0	0	0	2.53	1.26	0	0	0
1428522968467235396	CPU_4	97.33	0	0	0	0	1.33	1.33	0	0	0
1428522969240212043	CPU_4	97.40	0	0	0	0	2.59	0	0	0	0
1428522970002377303	CPU_4	97.36	0	0	0	0	1.31	1.31	0	0	0
1428522970777495570	CPU_4	97.43	0	0	0	0	1.28	1.28	0	0	0
1428522971536638505	CPU_4	96.10	0	0	0	0	2.59	1.29	0	0	0
1428522972309320611	CPU_4	98.68	0	0	0	0	1.31	0	0	0	0
1428522973074781071	CPU_4	96.10	0	0	0	0	2.59	1.29	0	0	0
1428522973846937179	CPU_4	97.40	0	0	0	0	1.29	1.29	0	0	0
1428522974608171359	CPU_4	96.10	0	0	0	0	2.59	1.29	0	0	0
1428522975381020257	CPU_4	98.68	0	0	0	0	1.31	0	0	0	0
1428522976143876724	CPU_4	96.10	0	0	0	0	2.59	1.29	0	0	0
1428522976916276706	CPU_4	97.43	0	0	0	0	1.28	1.28	0	0	0
1428522977679019174	CPU_4	97.33	0	0	0	0	1.33	1.33	0	0	0
1428522978451484157	CPU_4	97.40	0	0	0	0	2.59	0	0	0	0
1428522979214761623	CPU_4	97.36	0	0	0	0	1.31	1.31	0	0	0
1428522979987540313	CPU_4	96.20	0	0	0	0	2.53	1.26	0	0	0
1428522980747533371	CPU_4	97.33	0	0	0	0	1.33	1.33	0	0	0
1428522981521140309	CPU_4	97.43	0	0	0	0	2.56	0	0	0	0
1428522982282275782	CPU_4	97.33	0	0	0	0	1.33	1.33	0	0	0
1428522983057127383	CPU_4	96.20	0	0	0	0	2.53	1.26	0	0	0
1428522983836579722	CPU_4	97.40	0	0	0	0	1.29	1.29	0	0	0
1428522984616773934	CPU_4	97.43	0	0	0	0	2.56	0	0	0	0
1428522985377806740	CPU_4	97.36	0	0	0	0	1.31	1.31	0	0	0
1428522986161742984	CPU_4	96.20	0	0	0	0	2.53	1.26	0	0	0
1428522986925343991	CPU_4	97.40	0	0	0	0	1.29	1.29	0	0	0
1428522987703848625	CPU_4	98.68	0	0	0	0	1.31	0	0	0	0
1428522988465866845	CPU_4	96.10	0	0	0	0	2.59	1.29	0	0	0
1428522989224131492	CPU_4	97.36	0	0	0	0	1.31	1.31	0	0	0
1428522990000453965	CPU_4	96.15	0	0	0	0	2.56	1.28	0	0	0
1428522990760010567	CPU_4	98.66	0	0	0	0	1.33	0	0	0	0
1428522991534167421	CPU_4	96.15	0	0	0	0	2.56	1.28	0	0	0
1428522992294833062	CPU_4	97.36	0	0	0	0	1.31	1.31	0	0	0
1428522993072040866	CPU_4	96.15	0	0	0	0	2.56	1.28	0	0	0
1428522993833149256	CPU_4	98.66	0	0	0	0	1.33	0	0	0	0
1428522994606797861	CPU_4	97.43	0	0	0	0	1.28	1.28	0	0	0
1428522995366300005	CPU_4	96.10	0	0	0	0	2.59	1.29	0	0	0
1428522996142951895	CPU_4	97.40	0	0	0	0	1.29	1.29	0	0	0
1428522996905613572	CPU_4	97.36	0	0	0	0	2.63	0	0	0	0
1428522997682200711	CPU_4	97.40	0	0	0	0	1.29	1.29	0	0	0
1428522998441954022	CPU_4	96.10	0	0	0	0	2.59	1.29	0	0	0
1428522999218311079	CPU_4	98.70	0	0	0	0	1.29	0	0	0	0
1428522999979253011	CPU_4	96.05	0	0	0	0	2.63	1.31	0	0	0
1428523000754289655	CPU_4	97.43	0	0	0	0	1.28	1.28	0	0	0
1428523001515714128	CPU_4	64.47	0	2.63	30.26	0	1.31	1.31	0	0	0
