#Timestamp	CPU_ID	user%	nice%	sys%	idle%	iowait%	irq%	softiq%	steal%	guest%	guest_nice%
1428538651920250451	CPU_0	94.64	0	3.57	1.78	0	0	0	0	0	0
1428538652533572519	CPU_0	98.38	0	0	0	0	1.61	0	0	0	0
1428538653148501542	CPU_0	100.00	0	0	0	0	0	0	0	0	0
1428538653761999610	CPU_0	96.72	0	1.63	0	0	1.63	0	0	0	0
1428538654383662957	CPU_0	98.41	0	0	0	0	1.58	0	0	0	0
1428538654998397897	CPU_0	100.00	0	0	0	0	0	0	0	0	0
1428538655614132419	CPU_0	98.41	0	0	0	0	1.58	0	0	0	0
1428538656229274442	CPU_0	100.00	0	0	0	0	0	0	0	0	0
1428538656845131506	CPU_0	95.16	0	3.22	0	0	1.61	0	0	0	0
1428538657467520268	CPU_0	100.00	0	0	0	0	0	0	0	0	0
1428538658083235540	CPU_0	96.77	0	1.61	0	0	1.61	0	0	0	0
1428538658698671313	CPU_0	100.00	0	0	0	0	0	0	0	0	0
1428538659314107710	CPU_0	98.38	0	0	0	0	1.61	0	0	0	0
1428538659930547731	CPU_0	98.36	0	0	0	0	1.63	0	0	0	0
1428538660552379911	CPU_0	100.00	0	0	0	0	0	0	0	0	0
1428538661168233308	CPU_0	98.36	0	0	0	0	1.63	0	0	0	0
1428538661784485621	CPU_0	98.41	0	0	0	0	1.58	0	0	0	0
1428538662399886310	CPU_0	100.00	0	0	0	0	0	0	0	0	0
1428538663022398197	CPU_0	98.38	0	0	0	0	1.61	0	0	0	0
1428538663639284342	CPU_0	98.38	0	1.61	0	0	0	0	0	0	0
1428538664256037237	CPU_0	98.38	0	0	0	0	1.61	0	0	0	0
1428538664872113425	CPU_0	100.00	0	0	0	0	0	0	0	0	0
1428538665489317237	CPU_0	96.82	0	1.58	0	0	1.58	0	0	0	0
1428538666112031540	CPU_0	100.00	0	0	0	0	0	0	0	0	0
1428538666729179018	CPU_0	96.82	0	0	0	0	1.58	1.58	0	0	0
1428538667345647955	CPU_0	100.00	0	0	0	0	0	0	0	0	0
1428538667962970391	CPU_0	96.77	0	1.61	0	0	1.61	0	0	0	0
1428538668587350109	CPU_0	100.00	0	0	0	0	0	0	0	0	0
1428538669204388670	CPU_0	98.38	0	0	0	0	1.61	0	0	0	0
1428538669821418731	CPU_0	96.77	0	0	0	0	1.61	1.61	0	0	0
1428538670438735834	CPU_0	98.36	0	1.63	0	0	0	0	0	0	0
1428538671055382271	CPU_0	98.38	0	0	0	0	1.61	0	0	0	0
1428538671678997573	CPU_0	98.38	0	1.61	0	0	0	0	0	0	0
1428538672295672926	CPU_0	98.38	0	0	0	0	1.61	0	0	0	0
1428538672912922820	CPU_0	100.00	0	0	0	0	0	0	0	0	0
1428538673530734547	CPU_0	95.23	0	1.58	0	0	1.58	1.58	0	0	0
1428538674149432897	CPU_0	100.00	0	0	0	0	0	0	0	0	0
1428538674770864202	CPU_0	98.41	0	0	0	0	1.58	0	0	0	0
1428538675388815679	CPU_0	100.00	0	0	0	0	0	0	0	0	0
1428538676007241196	CPU_0	96.77	0	1.61	0	0	1.61	0	0	0	0
1428538676625056672	CPU_0	100.00	0	0	0	0	0	0	0	0	0
1428538677248751265	CPU_0	95.31	0	1.56	0	0	1.56	1.56	0	0	0
1428538677866762617	CPU_0	100.00	0	0	0	0	0	0	0	0	0
1428538678485132217	CPU_0	98.38	0	0	0	0	1.61	0	0	0	0
1428538679103813026	CPU_0	100.00	0	0	0	0	0	0	0	0	0
1428538679723141084	CPU_0	98.38	0	0	0	0	1.61	0	0	0	0
1428538680346424135	CPU_0	98.38	0	0	0	0	0	1.61	0	0	0
1428538680964986902	CPU_0	98.38	0	0	0	0	1.61	0	0	0	0
1428538681584608459	CPU_0	98.41	0	0	0	0	1.58	0	0	0	0
1428538682203134268	CPU_0	100.00	0	0	0	0	0	0	0	0	0
1428538682827675318	CPU_0	98.41	0	0	0	0	1.58	0	0	0	0
1428538683445940668	CPU_0	100.00	0	0	0	0	0	0	0	0	0
1428538684064433894	CPU_0	95.31	0	1.56	0	0	1.56	1.56	0	0	0
1428538684681001580	CPU_0	100.00	0	0	0	0	0	0	0	0	0
1428538685295915977	CPU_0	98.38	0	0	0	0	1.61	0	0	0	0
1428538685917185907	CPU_0	100.00	0	0	0	0	0	0	0	0	0
1428538686534317425	CPU_0	96.82	0	1.58	0	0	1.58	0	0	0	0
1428538687150775820	CPU_0	98.38	0	0	0	0	0	1.61	0	0	0
1428538687766907257	CPU_0	98.38	0	0	0	0	1.61	0	0	0	0
1428538688390364642	CPU_0	100.00	0	0	0	0	0	0	0	0	0
1428538689008099368	CPU_0	98.38	0	0	0	0	1.61	0	0	0	0
1428538689625414303	CPU_0	96.77	0	3.22	0	0	0	0	0	0	0
1428538690242277405	CPU_0	98.36	0	0	0	0	1.63	0	0	0	0
1428538690860311339	CPU_0	96.82	0	0	0	0	1.58	1.58	0	0	0
1428538691484648889	CPU_0	100.00	0	0	0	0	0	0	0	0	0
1428538692102124615	CPU_0	96.77	0	1.61	0	0	1.61	0	0	0	0
1428538692719256842	CPU_0	100.00	0	0	0	0	0	0	0	0	0
1428538693336589527	CPU_0	98.38	0	0	0	0	1.61	0	0	0	0
1428538693961015660	CPU_0	100.00	0	0	0	0	0	0	0	0	0
1428538694578756136	CPU_0	96.82	0	0	0	0	1.58	1.58	0	0	0
1428538695196953236	CPU_0	98.36	0	1.63	0	0	0	0	0	0	0
1428538695815289461	CPU_0	98.38	0	0	0	0	1.61	0	0	0	0
1428538696433673727	CPU_0	100.00	0	0	0	0	0	0	0	0	0
1428538697058532318	CPU_0	96.82	0	1.58	0	0	1.58	0	0	0	0
1428538697676633918	CPU_0	96.77	0	0	0	0	1.61	1.61	0	0	0
1428538698294380769	CPU_0	100.00	0	0	0	0	0	0	0	0	0
1428538698912548077	CPU_0	98.38	0	0	0	0	1.61	0	0	0	0
1428538699537655334	CPU_0	100.00	0	0	0	0	0	0	0	0	0
1428538700155124893	CPU_0	98.41	0	0	0	0	1.58	0	0	0	0
1428538700773354076	CPU_0	100.00	0	0	0	0	0	0	0	0	0
1428538701391395301	CPU_0	96.82	0	0	0	0	1.58	1.58	0	0	0
1428538702010042776	CPU_0	100.00	0	0	0	0	0	0	0	0	0
1428538702634329283	CPU_0	98.41	0	0	0	0	1.58	0	0	0	0
1428538703252648800	CPU_0	96.72	0	1.63	0	0	1.63	0	0	0	0
1428538703870721691	CPU_0	96.82	0	1.58	0	0	1.58	0	0	0	0
1428538704489411124	CPU_0	95.08	0	1.63	0	0	1.63	1.63	0	0	0
1428538705113119174	CPU_0	96.82	0	1.58	0	0	1.58	0	0	0	0
1428538705731592606	CPU_0	98.36	0	1.63	0	0	0	0	0	0	0
1428538706350097747	CPU_0	98.41	0	0	0	0	1.58	0	0	0	0
1428538706968073764	CPU_0	100.00	0	0	0	0	0	0	0	0	0
1428538707587426904	CPU_0	95.23	0	1.58	0	0	1.58	1.58	0	0	0
1428538708212420410	CPU_0	100.00	0	0	0	0	0	0	0	0	0
1428538708831388467	CPU_0	98.41	0	0	0	0	1.58	0	0	0	0
1428538709449294692	CPU_0	96.77	0	1.61	0	0	1.61	0	0	0	0
1428538710068401165	CPU_0	98.36	0	1.63	0	0	0	0	0	0	0
1428538710692252798	CPU_0	98.41	0	0	0	0	1.58	0	0	0	0
1428538711312091520	CPU_0	96.77	0	1.61	0	0	0	1.61	0	0	0
1428538711930355244	CPU_0	98.38	0	0	0	0	1.61	0	0	0	0
1428538712550091050	CPU_0	100.00	0	0	0	0	0	0	0	0	0
1428538713168130649	CPU_0	98.38	0	0	0	0	1.61	0	0	0	0
1428538713793771238	CPU_0	100.00	0	0	0	0	0	0	0	0	0
1428538714412034754	CPU_0	96.82	0	0	0	0	1.58	1.58	0	0	0
1428538715031666851	CPU_0	98.38	0	0	0	0	1.61	0	0	0	0
1428538715649622451	CPU_0	100.00	0	0	0	0	0	0	0	0	0
1428538716274854998	CPU_0	98.41	0	0	0	0	1.58	0	0	0	0
1428538716893296014	CPU_0	100.00	0	0	0	0	0	0	0	0	0
1428538717513023777	CPU_0	98.38	0	0	0	0	1.61	0	0	0	0
1428538718131354126	CPU_0	96.77	0	1.61	0	0	0	1.61	0	0	0
1428538718750288308	CPU_0	96.82	0	1.58	0	0	1.58	0	0	0	0
1428538719375311772	CPU_0	98.38	0	1.61	0	0	0	0	0	0	0
1428538719993909620	CPU_0	98.38	0	0	0	0	1.61	0	0	0	0
1428538720613529425	CPU_0	98.38	0	1.61	0	0	0	0	0	0	0
1428538721232435273	CPU_0	96.77	0	0	0	0	1.61	1.61	0	0	0
1428538721857440904	CPU_0	100.00	0	0	0	0	0	0	0	0	0
1428538722476232794	CPU_0	96.82	0	1.58	0	0	1.58	0	0	0	0
1428538723095683183	CPU_0	100.00	0	0	0	0	0	0	0	0	0
1428538723714698281	CPU_0	98.38	0	0	0	0	1.61	0	0	0	0
1428538724333499295	CPU_0	100.00	0	0	0	0	0	0	0	0	0
1428538724958774842	CPU_0	95.31	0	1.56	0	0	1.56	1.56	0	0	0
1428538725578700522	CPU_0	98.38	0	0	0	0	1.61	0	0	0	0
1428538726197798786	CPU_0	98.36	0	1.63	0	0	0	0	0	0	0
1428538726816656884	CPU_0	98.38	0	0	0	0	1.61	0	0	0	0
1428538727442561638	CPU_0	100.00	0	0	0	0	0	0	0	0	0
1428538728062607942	CPU_0	96.82	0	0	0	0	1.58	1.58	0	0	0
1428538728681994081	CPU_0	100.00	0	0	0	0	0	0	0	0	0
1428538729300848304	CPU_0	96.82	0	1.58	0	0	1.58	0	0	0	0
1428538729919726235	CPU_0	100.00	0	0	0	0	0	0	0	0	0
1428538730547170195	CPU_0	98.41	0	0	0	0	1.58	0	0	0	0
1428538731166386709	CPU_0	98.38	0	0	0	0	1.61	0	0	0	0
1428538731785731680	CPU_0	96.77	0	1.61	0	0	0	1.61	0	0	0
1428538732405231819	CPU_0	98.41	0	0	0	0	1.58	0	0	0	0
1428538733031370947	CPU_0	100.00	0	0	0	0	0	0	0	0	0
1428538733650872794	CPU_0	98.38	0	0	0	0	1.61	0	0	0	0
1428538734269856933	CPU_0	100.00	0	0	0	0	0	0	0	0	0
1428538734888957072	CPU_0	98.38	0	0	0	0	1.61	0	0	0	0
1428538735508029794	CPU_0	98.38	0	0	0	0	0	1.61	0	0	0
1428538736134629922	CPU_0	96.87	0	1.56	0	0	1.56	0	0	0	0
1428538736753455686	CPU_0	100.00	0	0	0	0	0	0	0	0	0
1428538737372405366	CPU_0	98.41	0	0	0	0	1.58	0	0	0	0
1428538737991165005	CPU_0	100.00	0	0	0	0	0	0	0	0	0
1428538738617407758	CPU_0	96.82	0	0	0	0	1.58	1.58	0	0	0
1428538739235801690	CPU_0	100.00	0	0	0	0	0	0	0	0	0
1428538739854674370	CPU_0	96.82	0	1.58	0	0	1.58	0	0	0	0
1428538740472831344	CPU_0	98.33	0	0	0	0	1.66	0	0	0	0
1428538741092716023	CPU_0	100.00	0	0	0	0	0	0	0	0	0
1428538741717142737	CPU_0	98.41	0	0	0	0	1.58	0	0	0	0
1428538742335898584	CPU_0	96.77	0	1.61	0	0	0	1.61	0	0	0
1428538742954976056	CPU_0	98.41	0	0	0	0	1.58	0	0	0	0
1428538743575956900	CPU_0	100.00	0	0	0	0	0	0	0	0	0
1428538744200835988	CPU_0	98.41	0	0	0	0	1.58	0	0	0	0
1428538744820410709	CPU_0	100.00	0	0	0	0	0	0	0	0	0
1428538745438973515	CPU_0	95.23	0	1.58	0	0	1.58	1.58	0	0	0
1428538746059314651	CPU_0	100.00	0	0	0	0	0	0	0	0	0
1428538746679779662	CPU_0	98.38	0	0	0	0	1.61	0	0	0	0
1428538747304401584	CPU_0	100.00	0	0	0	0	0	0	0	0	0
1428538747923516931	CPU_0	98.38	0	0	0	0	1.61	0	0	0	0
1428538748543483693	CPU_0	98.38	0	0	0	0	1.61	0	0	0	0
1428538749163746329	CPU_0	98.41	0	0	0	0	0	1.58	0	0	0
1428538749789442666	CPU_0	96.82	0	1.58	0	0	1.58	0	0	0	0
1428538750408529346	CPU_0	100.00	0	0	0	0	0	0	0	0	0
1428538751027375192	CPU_0	98.38	0	0	0	0	1.61	0	0	0	0
1428538751647575037	CPU_0	98.38	0	1.61	0	0	0	0	0	0	0
1428538752272256792	CPU_0	96.82	0	0	0	0	1.58	1.58	0	0	0
1428538752894100551	CPU_0	100.00	0	0	0	0	0	0	0	0	0
1428538753513091981	CPU_0	96.77	0	1.61	0	0	1.61	0	0	0	0
1428538754133419325	CPU_0	100.00	0	0	0	0	0	0	0	0	0
1428538754752123922	CPU_0	96.82	0	1.58	0	0	1.58	0	0	0	0
1428538755377849175	CPU_0	98.38	0	1.61	0	0	0	0	0	0	0
1428538755996834980	CPU_0	96.77	0	0	0	0	1.61	1.61	0	0	0
1428538756617222283	CPU_0	98.38	0	1.61	0	0	0	0	0	0	0
1428538757236304212	CPU_0	98.38	0	0	0	0	1.61	0	0	0	0
1428538757865039669	CPU_0	98.38	0	0	0	0	1.61	0	0	0	0
1428538758484338223	CPU_0	100.00	0	0	0	0	0	0	0	0	0
1428538759104729734	CPU_0	96.82	0	1.58	0	0	1.58	0	0	0	0
1428538759724000788	CPU_0	98.38	0	0	0	0	0	1.61	0	0	0
1428538760343738175	CPU_0	92.06	0	3.17	0	0	4.76	0	0	0	0
1428538760970161593	CPU_0	100.00	0	0	0	0	0	0	0	0	0
1428538761590910104	CPU_0	96.72	0	1.63	0	0	1.63	0	0	0	0
1428538762211697780	CPU_0	95.23	0	1.58	0	0	3.17	0	0	0	0
1428538762831946000	CPU_0	98.36	0	0	0	0	0	1.63	0	0	0
1428538763457702211	CPU_0	98.41	0	0	0	0	1.58	0	0	0	0
1428538764077810763	CPU_0	100.00	0	0	0	0	0	0	0	0	0
1428538764697917733	CPU_0	96.77	0	1.61	0	0	1.61	0	0	0	0
1428538765317658494	CPU_0	98.38	0	0	0	0	1.61	0	0	0	0
1428538765937193464	CPU_0	98.38	0	1.61	0	0	0	0	0	0	0
1428538766563708466	CPU_0	96.82	0	0	0	0	1.58	1.58	0	0	0
1428538767184753225	CPU_0	96.77	0	1.61	0	0	1.61	0	0	0	0
1428538767804927653	CPU_0	98.38	0	0	0	0	1.61	0	0	0	0
1428538768424740081	CPU_0	98.36	0	1.63	0	0	0	0	0	0	0
1428538769050713208	CPU_0	98.41	0	0	0	0	1.58	0	0	0	0
1428538769671366843	CPU_0	98.38	0	1.61	0	0	0	0	0	0	0
1428538770290726021	CPU_0	87.30	0	4.76	0	0	6.34	1.58	0	0	0
1428538770910405533	CPU_0	100.00	0	0	0	0	0	0	0	0	0
1428538771530154502	CPU_0	98.36	0	0	0	0	1.63	0	0	0	0
1428538772156044088	CPU_0	98.38	0	0	0	0	1.61	0	0	0	0
1428538772776533348	CPU_0	96.82	0	1.58	0	0	1.58	0	0	0	0
1428538773396791775	CPU_0	98.38	0	0	0	0	0	1.61	0	0	0
1428538774016704077	CPU_0	96.82	0	1.58	0	0	1.58	0	0	0	0
1428538774643749745	CPU_0	100.00	0	0	0	0	0	0	0	0	0
1428538775264624004	CPU_0	96.77	0	0	0	0	3.22	0	0	0	0
1428538775885537180	CPU_0	98.38	0	1.61	0	0	0	0	0	0	0
1428538776505296941	CPU_0	98.38	0	0	0	0	1.61	0	0	0	0
1428538777125631868	CPU_0	95.23	0	1.58	0	0	1.58	1.58	0	0	0
1428538777751144620	CPU_0	100.00	0	0	0	0	0	0	0	0	0
1428538778370997256	CPU_0	98.38	0	0	0	0	1.61	0	0	0	0
1428538778990810767	CPU_0	100.00	0	0	0	0	0	0	0	0	0
1428538779610237986	CPU_0	98.38	0	0	0	0	1.61	0	0	0	0
1428538780237914569	CPU_0	93.75	0	1.56	0	0	3.12	1.56	0	0	0
1428538780858009579	CPU_0	96.77	0	0	0	0	3.22	0	0	0	0
1428538781477658465	CPU_0	100.00	0	0	0	0	0	0	0	0	0
1428538782097392434	CPU_0	98.36	0	0	0	0	1.63	0	0	0	0
1428538782725279933	CPU_0	98.43	0	0	0	0	1.56	0	0	0	0
1428538783346173567	CPU_0	98.38	0	1.61	0	0	0	0	0	0	0
1428538783966192411	CPU_0	95.23	0	1.58	0	0	1.58	1.58	0	0	0
1428538784586074004	CPU_0	100.00	0	0	0	0	0	0	0	0	0
1428538785206268556	CPU_0	98.38	0	0	0	0	1.61	0	0	0	0
1428538785834245388	CPU_0	96.82	0	0	0	0	3.17	0	0	0	0
1428538786454375190	CPU_0	100.00	0	0	0	0	0	0	0	0	0
1428538787074227242	CPU_0	93.75	0	1.56	0	0	3.12	1.56	0	0	0
1428538787694378793	CPU_0	98.36	0	1.63	0	0	0	0	0	0	0
1428538788321639626	CPU_0	98.41	0	1.58	0	0	0	0	0	0	0
1428538788941692803	CPU_0	96.72	0	1.63	0	0	1.63	0	0	0	0
1428538789561937271	CPU_0	96.82	0	1.58	0	0	1.58	0	0	0	0
1428538790181821906	CPU_0	100.00	0	0	0	0	0	0	0	0	0
1428538790804332371	CPU_0	93.65	0	3.17	0	0	1.58	1.58	0	0	0
1428538791430937663	CPU_0	98.41	0	0	0	0	1.58	0	0	0	0
1428538792051259172	CPU_0	98.38	0	0	0	0	1.61	0	0	0	0
1428538792670996766	CPU_0	100.00	0	0	0	0	0	0	0	0	0
1428538793291673983	CPU_0	98.38	0	0	0	0	1.61	0	0	0	0
1428538793917791317	CPU_0	98.41	0	0	0	0	0	1.58	0	0	0
1428538794538373159	CPU_0	98.38	0	0	0	0	1.61	0	0	0	0
1428538795158116961	CPU_0	98.38	0	0	0	0	1.61	0	0	0	0
1428538795778453887	CPU_0	93.54	0	3.22	0	0	3.22	0	0	0	0
1428538796400907268	CPU_0	100.00	0	0	0	0	0	0	0	0	0
1428538797026068729	CPU_0	98.41	0	0	0	0	1.58	0	0	0	0
1428538797646113280	CPU_0	96.82	0	0	0	0	1.58	1.58	0	0	0
1428538798266248790	CPU_0	100.00	0	0	0	0	0	0	0	0	0
1428538798887050215	CPU_0	98.41	0	0	0	0	1.58	0	0	0	0
1428538799513920339	CPU_0	98.38	0	0	0	0	1.61	0	0	0	0
1428538800133996432	CPU_0	100.00	0	0	0	0	0	0	0	0	0
1428538800754444149	CPU_0	96.77	0	1.61	0	0	1.61	0	0	0	0
1428538801375194075	CPU_0	96.77	0	0	0	0	1.61	1.61	0	0	0
1428538802001241409	CPU_0	98.41	0	0	0	0	1.58	0	0	0	0
1428538802621398959	CPU_0	98.36	0	1.63	0	0	0	0	0	0	0
1428538803241800385	CPU_0	98.38	0	0	0	0	1.61	0	0	0	0
1428538803862833768	CPU_0	98.38	0	1.61	0	0	0	0	0	0	0
1428538804482880652	CPU_0	96.82	0	0	0	0	1.58	1.58	0	0	0
1428538805109418735	CPU_0	98.38	0	1.61	0	0	0	0	0	0	0
1428538805729944911	CPU_0	98.38	0	0	0	0	1.61	0	0	0	0
1428538806350675252	CPU_0	98.38	0	0	0	0	1.61	0	0	0	0
1428538806970920219	CPU_0	98.38	0	0	0	0	1.61	0	0	0	0
1428538807597739302	CPU_0	100.00	0	0	0	0	0	0	0	0	0
1428538808218965393	CPU_0	95.31	0	1.56	0	0	1.56	1.56	0	0	0
1428538808839936692	CPU_0	100.00	0	0	0	0	0	0	0	0	0
1428538809460167451	CPU_0	98.36	0	0	0	0	1.63	0	0	0	0
1428538810080681460	CPU_0	98.38	0	0	0	0	1.61	0	0	0	0
1428538810707427542	CPU_0	96.82	0	1.58	0	0	1.58	0	0	0	0
1428538811327564259	CPU_0	98.38	0	0	0	0	0	1.61	0	0	0
1428538811947969351	CPU_0	96.77	0	1.61	0	0	1.61	0	0	0	0
1428538812568014860	CPU_0	98.38	0	0	0	0	1.61	0	0	0	0
1428538813194911109	CPU_0	100.00	0	0	0	0	0	0	0	0	0
1428538813815062743	CPU_0	98.41	0	0	0	0	1.58	0	0	0	0
1428538814435696209	CPU_0	100.00	0	0	0	0	0	0	0	0	0
1428538815056107968	CPU_0	96.82	0	0	0	0	1.58	1.58	0	0	0
1428538815679300097	CPU_0	95.16	0	1.61	0	0	3.22	0	0	0	0
1428538816302417351	CPU_0	98.41	0	0	0	0	1.58	0	0	0	0
1428538816922849609	CPU_0	96.72	0	1.63	0	0	1.63	0	0	0	0
1428538817543014576	CPU_0	98.41	0	0	0	0	1.58	0	0	0	0
1428538818163261418	CPU_0	98.38	0	0	0	0	0	1.61	0	0	0
1428538818790047375	CPU_0	98.41	0	0	0	0	1.58	0	0	0	0
1428538819410490342	CPU_0	100.00	0	0	0	0	0	0	0	0	0
1428538820030569350	CPU_0	96.82	0	1.58	0	0	1.58	0	0	0	0
1428538820650733650	CPU_0	100.00	0	0	0	0	0	0	0	0	0
1428538821277312774	CPU_0	96.82	0	0	0	0	3.17	0	0	0	0
1428538821897762699	CPU_0	96.77	0	1.61	0	0	0	1.61	0	0	0
1428538822518958956	CPU_0	98.41	0	0	0	0	1.58	0	0	0	0
1428538823139645922	CPU_0	100.00	0	0	0	0	0	0	0	0	0
1428538823760155221	CPU_0	95.23	0	1.58	0	0	3.17	0	0	0	0
1428538824387716302	CPU_0	96.77	0	1.61	0	0	1.61	0	0	0	0
1428538825008087227	CPU_0	96.82	0	0	0	0	1.58	1.58	0	0	0
1428538825629324900	CPU_0	100.00	0	0	0	0	0	0	0	0	0
1428538826250244699	CPU_0	98.38	0	0	0	0	1.61	0	0	0	0
1428538826877762821	CPU_0	98.38	0	1.61	0	0	0	0	0	0	0
1428538827498047163	CPU_0	98.38	0	0	0	0	1.61	0	0	0	0
1428538828118732753	CPU_0	95.31	0	1.56	0	0	1.56	1.56	0	0	0
1428538828738962803	CPU_0	100.00	0	0	0	0	0	0	0	0	0
1428538829360369392	CPU_0	96.77	0	1.61	0	0	1.61	0	0	0	0
1428538829987572015	CPU_0	100.00	0	0	0	0	0	0	0	0	0
1428538830608450272	CPU_0	98.38	0	0	0	0	1.61	0	0	0	0
1428538831228969113	CPU_0	100.00	0	0	0	0	0	0	0	0	0
1428538831849113954	CPU_0	96.82	0	0	0	0	1.58	1.58	0	0	0
1428538832476445035	CPU_0	100.00	0	0	0	0	0	0	0	0	0
1428538833096888168	CPU_0	98.38	0	0	0	0	1.61	0	0	0	0
1428538833717741924	CPU_0	98.38	0	1.61	0	0	0	0	0	0	0
1428538834337605933	CPU_0	98.38	0	0	0	0	1.61	0	0	0	0
1428538834960669645	CPU_0	98.38	0	0	0	0	0	1.61	0	0	0
1428538835585994937	CPU_0	98.41	0	0	0	0	1.58	0	0	0	0
1428538836206543277	CPU_0	98.38	0	0	0	0	1.61	0	0	0	0
1428538836826752160	CPU_0	100.00	0	0	0	0	0	0	0	0	0
1428538837448096374	CPU_0	98.41	0	0	0	0	1.58	0	0	0	0
1428538838075347621	CPU_0	98.41	0	1.58	0	0	0	0	0	0	0
1428538838696873294	CPU_0	96.82	0	0	0	0	1.58	1.58	0	0	0
1428538839317248509	CPU_0	100.00	0	0	0	0	0	0	0	0	0
1428538839938824182	CPU_0	98.38	0	0	0	0	1.61	0	0	0	0
1428538840565276013	CPU_0	98.38	0	1.61	0	0	0	0	0	0	0
1428538841186549853	CPU_0	98.38	0	0	0	0	1.61	0	0	0	0
1428538841806852693	CPU_0	95.23	0	1.58	0	0	1.58	1.58	0	0	0
1428538842428890281	CPU_0	100.00	0	0	0	0	0	0	0	0	0
1428538843050019496	CPU_0	96.82	0	1.58	0	0	1.58	0	0	0	0
1428538843677358701	CPU_0	100.00	0	0	0	0	0	0	0	0	0
1428538844297867125	CPU_0	98.38	0	0	0	0	1.61	0	0	0	0
1428538844919736963	CPU_0	100.00	0	0	0	0	0	0	0	0	0
1428538845540389011	CPU_0	96.82	0	0	0	0	1.58	1.58	0	0	0
1428538846168183341	CPU_0	96.77	0	1.61	0	0	1.61	0	0	0	0
1428538846788851222	CPU_0	100.00	0	0	0	0	0	0	0	0	0
1428538847413269223	CPU_0	95.23	0	3.17	0	0	1.58	0	0	0	0
1428538848034216438	CPU_0	100.00	0	0	0	0	0	0	0	0	0
1428538848656682150	CPU_0	95.16	0	1.61	0	0	1.61	1.61	0	0	0
1428538849281784442	CPU_0	98.41	0	0	0	0	1.58	0	0	0	0
1428538849903948863	CPU_0	100.00	0	0	0	0	0	0	0	0	0
1428538850524511619	CPU_0	98.38	0	0	0	0	1.61	0	0	0	0
1428538851145316334	CPU_0	100.00	0	0	0	0	0	0	0	0	0
1428538851772512414	CPU_0	95.31	0	1.56	0	0	1.56	1.56	0	0	0
1428538852394582085	CPU_0	100.00	0	0	0	0	0	0	0	0	0
1428538853015704882	CPU_0	98.41	0	0	0	0	1.58	0	0	0	0
1428538853636659846	CPU_0	100.00	0	0	0	0	0	0	0	0	0
1428538854264046676	CPU_0	98.41	0	0	0	0	1.58	0	0	0	0
1428538854885661598	CPU_0	100.00	0	0	0	0	0	0	0	0	0
1428538855507561144	CPU_0	96.77	0	0	0	0	1.61	1.61	0	0	0
1428538856128917690	CPU_0	98.41	0	0	0	0	1.58	0	0	0	0
1428538856749934238	CPU_0	96.72	0	3.27	0	0	0	0	0	0	0
1428538857377578984	CPU_0	96.77	0	1.61	0	0	1.61	0	0	0	0
1428538857999928529	CPU_0	98.41	0	0	0	0	1.58	0	0	0	0
1428538858621206451	CPU_0	96.82	0	1.58	0	0	0	1.58	0	0	0
1428538859242109456	CPU_0	98.38	0	0	0	0	1.61	0	0	0	0
1428538859870135452	CPU_0	98.41	0	1.58	0	0	0	0	0	0	0
1428538860491888373	CPU_0	98.38	0	0	0	0	1.61	0	0	0	0
1428538861113108586	CPU_0	98.36	0	1.63	0	0	0	0	0	0	0
1428538861734126342	CPU_0	98.41	0	0	0	0	1.58	0	0	0	0
1428538862357079594	CPU_0	96.77	0	1.61	0	0	0	1.61	0	0	0
1428538862983662341	CPU_0	98.41	0	0	0	0	1.58	0	0	0	0
1428538863604741555	CPU_0	100.00	0	0	0	0	0	0	0	0	0
1428538864225504977	CPU_0	98.38	0	0	0	0	1.61	0	0	0	0
1428538864846243691	CPU_0	98.38	0	1.61	0	0	0	0	0	0	0
1428538865474331270	CPU_0	98.41	0	0	0	0	1.58	0	0	0	0
1428538866095030942	CPU_0	98.38	0	0	0	0	0	1.61	0	0	0
1428538866716015531	CPU_0	98.38	0	0	0	0	1.61	0	0	0	0
1428538867337306327	CPU_0	98.38	0	0	0	0	1.61	0	0	0	0
1428538867965283905	CPU_0	98.41	0	1.58	0	0	0	0	0	0	0
1428538868586743201	CPU_0	98.38	0	0	0	0	1.61	0	0	0	0
1428538869207548207	CPU_0	96.77	0	1.61	0	0	0	1.61	0	0	0
1428538869828949253	CPU_0	98.41	0	0	0	0	1.58	0	0	0	0
1428538870452139172	CPU_0	96.77	0	3.22	0	0	0	0	0	0	0
1428538871080177625	CPU_0	98.41	0	0	0	0	1.58	0	0	0	0
1428538871701614212	CPU_0	98.36	0	0	0	0	1.63	0	0	0	0
1428538872323661757	CPU_0	98.38	0	0	0	0	0	1.61	0	0	0
1428538872946014135	CPU_0	98.41	0	0	0	0	1.58	0	0	0	0
1428538873574706004	CPU_0	100.00	0	0	0	0	0	0	0	0	0
1428538874196175300	CPU_0	98.38	0	0	0	0	1.61	0	0	0	0
1428538874817449596	CPU_0	100.00	0	0	0	0	0	0	0	0	0
1428538875439544641	CPU_0	98.41	0	0	0	0	1.58	0	0	0	0
1428538876067245053	CPU_0	96.82	0	1.58	0	0	0	1.58	0	0	0
1428538876691535928	CPU_0	98.41	0	0	0	0	1.58	0	0	0	0
1428538877312884015	CPU_0	98.38	0	0	0	0	1.61	0	0	0	0
1428538877935088393	CPU_0	100.00	0	0	0	0	0	0	0	0	0
1428538878556850730	CPU_0	96.82	0	1.58	0	0	1.58	0	0	0	0
1428538879184756641	CPU_0	98.41	0	0	0	0	0	1.58	0	0	0
1428538879806214437	CPU_0	98.41	0	0	0	0	1.58	0	0	0	0
1428538880428275857	CPU_0	100.00	0	0	0	0	0	0	0	0	0
1428538881049712111	CPU_0	96.82	0	1.58	0	0	1.58	0	0	0	0
1428538881677537314	CPU_0	100.00	0	0	0	0	0	0	0	0	0
1428538882298834776	CPU_0	98.38	0	0	0	0	1.61	0	0	0	0
1428538882920434030	CPU_0	96.82	0	0	0	0	1.58	1.58	0	0	0
1428538883542440866	CPU_0	100.00	0	0	0	0	0	0	0	0	0
1428538884164259911	CPU_0	96.82	0	1.58	0	0	1.58	0	0	0	0
1428538884792009072	CPU_0	100.00	0	0	0	0	0	0	0	0	0
1428538885414439158	CPU_0	98.41	0	0	0	0	1.58	0	0	0	0
1428538886037581409	CPU_0	100.00	0	0	0	0	0	0	0	0	0
1428538886659902745	CPU_0	96.87	0	0	0	0	1.56	1.56	0	0	0
1428538887289099654	CPU_0	100.00	0	0	0	0	0	0	0	0	0
1428538887911298907	CPU_0	98.38	0	0	0	0	1.61	0	0	0	0
1428538888534623491	CPU_0	98.41	0	1.58	0	0	0	0	0	0	0
1428538889156310494	CPU_0	98.38	0	0	0	0	1.61	0	0	0	0
1428538889784222363	CPU_0	98.41	0	0	0	0	0	1.58	0	0	0
1428538890406270449	CPU_0	98.41	0	0	0	0	1.58	0	0	0	0
1428538891029184075	CPU_0	100.00	0	0	0	0	0	0	0	0	0
1428538891650681829	CPU_0	96.82	0	1.58	0	0	1.58	0	0	0	0
1428538892272243457	CPU_0	96.77	0	1.61	0	0	1.61	0	0	0	0
1428538892901071366	CPU_0	98.41	0	0	0	0	0	1.58	0	0	0
1428538893523833910	CPU_0	98.38	0	0	0	0	1.61	0	0	0	0
1428538894145596413	CPU_0	100.00	0	0	0	0	0	0	0	0	0
1428538894767678623	CPU_0	96.77	0	1.61	0	0	1.61	0	0	0	0
1428538895395996867	CPU_0	100.00	0	0	0	0	0	0	0	0	0
1428538896018699243	CPU_0	96.82	0	1.58	0	0	1.58	0	0	0	0
1428538896640125496	CPU_0	98.41	0	0	0	0	0	1.58	0	0	0
1428538897261772916	CPU_0	98.38	0	0	0	0	1.61	0	0	0	0
1428538897889527910	CPU_0	98.41	0	0	0	0	1.58	0	0	0	0
1428538898515036282	CPU_0	100.00	0	0	0	0	0	0	0	0	0
1428538899136630702	CPU_0	98.38	0	0	0	0	1.61	0	0	0	0
1428538899758198288	CPU_0	98.38	0	0	0	0	0	1.61	0	0	0
1428538900380442457	CPU_0	98.41	0	0	0	0	1.58	0	0	0	0
1428538901009551865	CPU_0	100.00	0	0	0	0	0	0	0	0	0
1428538901631306076	CPU_0	98.36	0	0	0	0	1.63	0	0	0	0
1428538902253951703	CPU_0	96.82	0	1.58	0	0	1.58	0	0	0	0
1428538902876356079	CPU_0	100.00	0	0	0	0	0	0	0	0	0
1428538903505614904	CPU_0	96.87	0	0	0	0	1.56	1.56	0	0	0
1428538904127612906	CPU_0	100.00	0	0	0	0	0	0	0	0	0
1428538904749633450	CPU_0	98.41	0	0	0	0	1.58	0	0	0	0
1428538905371768535	CPU_0	100.00	0	0	0	0	0	0	0	0	0
1428538905994277370	CPU_0	98.41	0	0	0	0	1.58	0	0	0	0
1428538906622739654	CPU_0	98.41	0	0	0	0	0	1.58	0	0	0
1428538907244717490	CPU_0	98.38	0	0	0	0	1.61	0	0	0	0
1428538907867277657	CPU_0	98.41	0	0	0	0	1.58	0	0	0	0
1428538908489321076	CPU_0	100.00	0	0	0	0	0	0	0	0	0
1428538909117741610	CPU_0	98.41	0	0	0	0	1.58	0	0	0	0
1428538909739321488	CPU_0	98.38	0	1.61	0	0	0	0	0	0	0
1428538910361609572	CPU_0	96.82	0	0	0	0	1.58	1.58	0	0	0
1428538910983885699	CPU_0	100.00	0	0	0	0	0	0	0	0	0
1428538911612559899	CPU_0	96.82	0	1.58	0	0	1.58	0	0	0	0
1428538912234722817	CPU_0	100.00	0	0	0	0	0	0	0	0	0
1428538912856991361	CPU_0	96.82	0	1.58	0	0	1.58	0	0	0	0
1428538913479391528	CPU_0	96.82	0	1.58	0	0	0	1.58	0	0	0
1428538914102272279	CPU_0	96.77	0	1.61	0	0	1.61	0	0	0	0
1428538914730845604	CPU_0	100.00	0	0	0	0	0	0	0	0	0
1428538915353867771	CPU_0	98.36	0	0	0	0	1.63	0	0	0	0
1428538915976568230	CPU_0	98.41	0	0	0	0	1.58	0	0	0	0
1428538916599954896	CPU_0	98.38	0	1.61	0	0	0	0	0	0	0
1428538917229040429	CPU_0	96.87	0	0	0	0	1.56	1.56	0	0	0
1428538917851374805	CPU_0	100.00	0	0	0	0	0	0	0	0	0
1428538918474554763	CPU_0	98.41	0	0	0	0	1.58	0	0	0	0
1428538919097891305	CPU_0	100.00	0	0	0	0	0	0	0	0	0
1428538919727289420	CPU_0	98.43	0	0	0	0	1.56	0	0	0	0
1428538920350166837	CPU_0	100.00	0	0	0	0	0	0	0	0	0
1428538920972963337	CPU_0	95.23	0	1.58	0	0	1.58	1.58	0	0	0
1428538921596591170	CPU_0	100.00	0	0	0	0	0	0	0	0	0
1428538922220372085	CPU_0	98.38	0	0	0	0	1.61	0	0	0	0
1428538922849711034	CPU_0	98.41	0	0	0	0	1.58	0	0	0	0
1428538923472816492	CPU_0	98.38	0	1.61	0	0	0	0	0	0	0
1428538924096165783	CPU_0	96.87	0	0	0	0	1.56	1.56	0	0	0
1428538924719455366	CPU_0	100.00	0	0	0	0	0	0	0	0	0
1428538925348335773	CPU_0	98.38	0	0	0	0	1.61	0	0	0	0
1428538925971659981	CPU_0	100.00	0	0	0	0	0	0	0	0	0
1428538926594752981	CPU_0	96.82	0	1.58	0	0	1.58	0	0	0	0
1428538927217839397	CPU_0	100.00	0	0	0	0	0	0	0	0	0
1428538927846732596	CPU_0	96.82	0	0	0	0	1.58	1.58	0	0	0
1428538928469848387	CPU_0	96.82	0	1.58	0	0	1.58	0	0	0	0
1428538929092710346	CPU_0	98.36	0	1.63	0	0	0	0	0	0	0
1428538929715579804	CPU_0	98.41	0	0	0	0	1.58	0	0	0	0
1428538930338864928	CPU_0	100.00	0	0	0	0	0	0	0	0	0
1428538930967661169	CPU_0	96.82	0	0	0	0	1.58	1.58	0	0	0
1428538931591052293	CPU_0	98.41	0	1.58	0	0	0	0	0	0	0
1428538932213733293	CPU_0	98.38	0	0	0	0	1.61	0	0	0	0
1428538932836673751	CPU_0	100.00	0	0	0	0	0	0	0	0	0
1428538933465889324	CPU_0	98.38	0	0	0	0	1.61	0	0	0	0
1428538934090040280	CPU_0	96.87	0	1.56	0	0	1.56	0	0	0	0
1428538934712930655	CPU_0	98.38	0	0	0	0	0	1.61	0	0	0
1428538935336374195	CPU_0	96.82	0	1.58	0	0	1.58	0	0	0	0
1428538935964817895	CPU_0	100.00	0	0	0	0	0	0	0	0	0
1428538936588231852	CPU_0	98.38	0	0	0	0	1.61	0	0	0	0
1428538937210950977	CPU_0	98.38	0	1.61	0	0	0	0	0	0	0
1428538937834039476	CPU_0	96.82	0	0	0	0	1.58	1.58	0	0	0
1428538938455920810	CPU_0	98.38	0	0	0	0	1.61	0	0	0	0
1428538939085739507	CPU_0	100.00	0	0	0	0	0	0	0	0	0
1428538939707648925	CPU_0	98.38	0	0	0	0	1.61	0	0	0	0
1428538940330713549	CPU_0	100.00	0	0	0	0	0	0	0	0	0
1428538940953171216	CPU_0	98.38	0	0	0	0	1.61	0	0	0	0
1428538941583215663	CPU_0	96.87	0	1.56	0	0	0	1.56	0	0	0
1428538942206027954	CPU_0	98.41	0	0	0	0	1.58	0	0	0	0
1428538942829008703	CPU_0	100.00	0	0	0	0	0	0	0	0	0
1428538943451785577	CPU_0	95.23	0	1.58	0	0	3.17	0	0	0	0
1428538944081746857	CPU_0	96.82	0	1.58	0	0	1.58	0	0	0	0
1428538944704501982	CPU_0	95.23	0	1.58	0	0	1.58	1.58	0	0	0
1428538945327887522	CPU_0	100.00	0	0	0	0	0	0	0	0	0
1428538945950826021	CPU_0	98.38	0	0	0	0	1.61	0	0	0	0
1428538946574816143	CPU_0	98.38	0	1.61	0	0	0	0	0	0	0
1428538947203675092	CPU_0	98.41	0	0	0	0	1.58	0	0	0	0
1428538947826816965	CPU_0	95.31	0	1.56	0	0	1.56	1.56	0	0	0
1428538948449205882	CPU_0	100.00	0	0	0	0	0	0	0	0	0
1428538949072454672	CPU_0	96.77	0	1.61	0	0	1.61	0	0	0	0
1428538949701567745	CPU_0	100.00	0	0	0	0	0	0	0	0	0
1428538950325967575	CPU_0	96.82	0	1.58	0	0	1.58	0	0	0	0
1428538950949394573	CPU_0	98.38	0	0	0	0	0	1.61	0	0	0
1428538951573328029	CPU_0	98.41	0	0	0	0	1.58	0	0	0	0
1428538952202359893	CPU_0	96.82	0	1.58	0	0	1.58	0	0	0	0
1428538952825495392	CPU_0	100.00	0	0	0	0	0	0	0	0	0
1428538953448789598	CPU_0	96.82	0	1.58	0	0	1.58	0	0	0	0
1428538954073327928	CPU_0	100.00	0	0	0	0	0	0	0	0	0
1428538954696202843	CPU_0	96.82	0	0	0	0	1.58	1.58	0	0	0
1428538955325916874	CPU_0	100.00	0	0	0	0	0	0	0	0	0
1428538955949049663	CPU_0	98.41	0	0	0	0	1.58	0	0	0	0
1428538956573248910	CPU_0	98.36	0	1.63	0	0	0	0	0	0	0
1428538957196278742	CPU_0	98.41	0	0	0	0	1.58	0	0	0	0
1428538957826552480	CPU_0	95.31	0	1.56	0	0	1.56	1.56	0	0	0
1428538958449873186	CPU_0	100.00	0	0	0	0	0	0	0	0	0
1428538959074201891	CPU_0	98.41	0	0	0	0	1.58	0	0	0	0
1428538959697384139	CPU_0	100.00	0	0	0	0	0	0	0	0	0
1428538960327251960	CPU_0	98.41	0	0	0	0	1.58	0	0	0	0
1428538960950420833	CPU_0	98.38	0	1.61	0	0	0	0	0	0	0
1428538961574721121	CPU_0	96.82	0	0	0	0	1.58	1.58	0	0	0
1428538962198108910	CPU_0	98.38	0	1.61	0	0	0	0	0	0	0
1428538962821640283	CPU_0	98.38	0	0	0	0	1.61	0	0	0	0
1428538963451333979	CPU_0	98.43	0	0	0	0	1.56	0	0	0	0
1428538964075187601	CPU_0	100.00	0	0	0	0	0	0	0	0	0
1428538964698950057	CPU_0	96.87	0	0	0	0	1.56	1.56	0	0	0
1428538965322511429	CPU_0	100.00	0	0	0	0	0	0	0	0	0
1428538965952534375	CPU_0	98.43	0	0	0	0	1.56	0	0	0	0
1428538966577740328	CPU_0	100.00	0	0	0	0	0	0	0	0	0
1428538967201093326	CPU_0	96.82	0	1.58	0	0	1.58	0	0	0	0
1428538967825576321	CPU_0	100.00	0	0	0	0	0	0	0	0	0
1428538968455809434	CPU_0	95.31	0	1.56	0	0	1.56	1.56	0	0	0
1428538969080831179	CPU_0	98.41	0	1.58	0	0	0	0	0	0	0
1428538969704349301	CPU_0	98.38	0	0	0	0	1.61	0	0	0	0
1428538970328336797	CPU_0	98.38	0	0	0	0	1.61	0	0	0	0
1428538970952702418	CPU_0	98.38	0	1.61	0	0	0	0	0	0	0
1428538971582271864	CPU_0	96.87	0	0	0	0	1.56	1.56	0	0	0
1428538972206169778	CPU_0	100.00	0	0	0	0	0	0	0	0	0
1428538972830432399	CPU_0	98.41	0	0	0	0	1.58	0	0	0	0
1428538973458282222	CPU_0	98.38	0	1.61	0	0	0	0	0	0	0
1428538974089772708	CPU_0	98.43	0	0	0	0	1.56	0	0	0	0
1428538974713097580	CPU_0	100.00	0	0	0	0	0	0	0	0	0
1428538975337246201	CPU_0	96.82	0	0	0	0	1.58	1.58	0	0	0
1428538975960707614	CPU_0	100.00	0	0	0	0	0	0	0	0	0
1428538976591541601	CPU_0	98.43	0	0	0	0	1.56	0	0	0	0
1428538977214605681	CPU_0	96.77	0	1.61	0	0	1.61	0	0	0	0
1428538977837897137	CPU_0	100.00	0	0	0	0	0	0	0	0	0
1428538978461136467	CPU_0	95.31	0	1.56	0	0	1.56	1.56	0	0	0
1428538979092537577	CPU_0	98.41	0	1.58	0	0	0	0	0	0	0
1428538979716372824	CPU_0	98.41	0	0	0	0	1.58	0	0	0	0
1428538980339981279	CPU_0	100.00	0	0	0	0	0	0	0	0	0
1428538980963869483	CPU_0	98.41	0	0	0	0	1.58	0	0	0	0
1428538981587847312	CPU_0	100.00	0	0	0	0	0	0	0	0	0
1428538982219003089	CPU_0	95.38	0	1.53	0	0	1.53	1.53	0	0	0
1428538982842754419	CPU_0	98.38	0	0	0	0	1.61	0	0	0	0
1428538983466701915	CPU_0	98.38	0	1.61	0	0	0	0	0	0	0
1428538984090649994	CPU_0	98.41	0	0	0	0	1.58	0	0	0	0
1428538984720780898	CPU_0	100.00	0	0	0	0	0	0	0	0	0
1428538985344532435	CPU_0	96.87	0	0	0	0	1.56	1.56	0	0	0
1428538985967917057	CPU_0	100.00	0	0	0	0	0	0	0	0	0
1428538986591886303	CPU_0	98.41	0	0	0	0	1.58	0	0	0	0
1428538987221645415	CPU_0	100.00	0	0	0	0	0	0	0	0	0
1428538987845588244	CPU_0	98.38	0	0	0	0	1.61	0	0	0	0
1428538988469333115	CPU_0	96.87	0	1.56	0	0	1.56	0	0	0	0
1428538989092933945	CPU_0	98.38	0	0	0	0	0	1.61	0	0	0
1428538989716515774	CPU_0	98.41	0	0	0	0	1.58	0	0	0	0
1428538990346472969	CPU_0	100.00	0	0	0	0	0	0	0	0	0
1428538990969574341	CPU_0	98.41	0	0	0	0	1.58	0	0	0	0
1428538991593071837	CPU_0	98.36	0	0	0	0	1.63	0	0	0	0
1428538992216201334	CPU_0	96.82	0	1.58	0	0	0	1.58	0	0	0
1428538992846505279	CPU_0	98.41	0	0	0	0	1.58	0	0	0	0
1428538993469729525	CPU_0	100.00	0	0	0	0	0	0	0	0	0
1428538994093965895	CPU_0	98.38	0	0	0	0	1.61	0	0	0	0
1428538994717065225	CPU_0	100.00	0	0	0	0	0	0	0	0	0
1428538995347140670	CPU_0	96.87	0	0	0	0	1.56	1.56	0	0	0
1428538995970890291	CPU_0	100.00	0	0	0	0	0	0	0	0	0
1428538996595639451	CPU_0	98.41	0	0	0	0	1.58	0	0	0	0
1428538997219425364	CPU_0	98.38	0	1.61	0	0	0	0	0	0	0
1428538997842966526	CPU_0	98.41	0	0	0	0	1.58	0	0	0	0
1428538998473037596	CPU_0	98.38	0	0	0	0	1.61	0	0	0	0
1428538999097085258	CPU_0	98.41	0	0	0	0	0	1.58	0	0	0
1428538999722277751	CPU_0	96.82	0	1.58	0	0	1.58	0	0	0	0
1428539000346716829	CPU_0	98.38	0	1.61	0	0	0	0	0	0	0
1428539000976991481	CPU_0	96.82	0	1.58	0	0	1.58	0	0	0	0
1428539001601788934	CPU_0	100.00	0	0	0	0	0	0	0	0	0
1428539002225695221	CPU_0	98.41	0	0	0	0	1.58	0	0	0	0
1428539002850626423	CPU_0	98.38	0	0	0	0	0	1.61	0	0	0
1428539003481027325	CPU_0	98.43	0	0	0	0	1.56	0	0	0	0
1428539004105733569	CPU_0	100.00	0	0	0	0	0	0	0	0	0
1428539004729890188	CPU_0	98.41	0	0	0	0	1.58	0	0	0	0
1428539005354274516	CPU_0	96.82	0	1.58	0	0	1.58	0	0	0	0
1428539005983418420	CPU_0	98.41	0	0	0	0	0	1.58	0	0	0
1428539006611215034	CPU_0	96.82	0	1.58	0	0	1.58	0	0	0	0
1428539007235015071	CPU_0	100.00	0	0	0	0	0	0	0	0	0
1428539007859030149	CPU_0	96.82	0	1.58	0	0	1.58	0	0	0	0
1428539008482347353	CPU_0	98.38	0	0	0	0	1.61	0	0	0	0
1428539009113225963	CPU_0	98.41	0	0	0	0	0	1.58	0	0	0
1428539009736795167	CPU_0	98.41	0	0	0	0	1.58	0	0	0	0
1428539010361195286	CPU_0	100.00	0	0	0	0	0	0	0	0	0
1428539010984317699	CPU_0	96.82	0	1.58	0	0	1.58	0	0	0	0
1428539011615485516	CPU_0	100.00	0	0	0	0	0	0	0	0	0
1428539012238893428	CPU_0	96.82	0	1.58	0	0	1.58	0	0	0	0
1428539012862952131	CPU_0	98.38	0	0	0	0	0	1.61	0	0	0
1428539013486367293	CPU_0	98.38	0	0	0	0	1.61	0	0	0	0
1428539014116800737	CPU_0	100.00	0	0	0	0	0	0	0	0	0
1428539014741784938	CPU_0	96.82	0	1.58	0	0	1.58	0	0	0	0
1428539015366555556	CPU_0	100.00	0	0	0	0	0	0	0	0	0
1428539015990151510	CPU_0	98.38	0	0	0	0	1.61	0	0	0	0
1428539016614956503	CPU_0	98.41	0	0	0	0	0	1.58	0	0	0
1428539017244876572	CPU_0	98.41	0	0	0	0	1.58	0	0	0	0
1428539017868933566	CPU_0	98.38	0	0	0	0	1.61	0	0	0	0
1428539018492349437	CPU_0	100.00	0	0	0	0	0	0	0	0	0
1428539019120636300	CPU_0	96.87	0	1.56	0	0	1.56	0	0	0	0
1428539019751324742	CPU_0	96.82	0	0	0	0	1.58	1.58	0	0	0
1428539020375337612	CPU_0	100.00	0	0	0	0	0	0	0	0	0
1428539020998858065	CPU_0	96.82	0	1.58	0	0	1.58	0	0	0	0
1428539021622725643	CPU_0	98.36	0	1.63	0	0	0	0	0	0	0
1428539022253434252	CPU_0	98.41	0	0	0	0	1.58	0	0	0	0
1428539022878095495	CPU_0	98.41	0	0	0	0	0	1.58	0	0	0
1428539023501598907	CPU_0	98.41	0	0	0	0	1.58	0	0	0	0
1428539024128399189	CPU_0	100.00	0	0	0	0	0	0	0	0	0
1428539024754500055	CPU_0	96.82	0	1.58	0	0	1.58	0	0	0	0
1428539025383749124	CPU_0	100.00	0	0	0	0	0	0	0	0	0
1428539026007726910	CPU_0	96.77	0	1.61	0	0	1.61	0	0	0	0
1428539026632364403	CPU_0	96.87	0	0	0	0	1.56	1.56	0	0	0
1428539027256839438	CPU_0	98.38	0	1.61	0	0	0	0	0	0	0
1428539027887781880	CPU_0	98.41	0	0	0	0	1.58	0	0	0	0
1428539028511768499	CPU_0	98.38	0	1.61	0	0	0	0	0	0	0
1428539029141653109	CPU_0	98.43	0	0	0	0	1.56	0	0	0	0
1428539029766077394	CPU_0	98.38	0	0	0	0	0	1.61	0	0	0
1428539030398419543	CPU_0	98.41	0	0	0	0	1.58	0	0	0	0
1428539031022363162	CPU_0	98.41	0	1.58	0	0	0	0	0	0	0
1428539031648166444	CPU_0	98.38	0	0	0	0	1.61	0	0	0	0
1428539032272487896	CPU_0	96.82	0	1.58	0	0	1.58	0	0	0	0
1428539032903535254	CPU_0	100.00	0	0	0	0	0	0	0	0	0
1428539033527727915	CPU_0	96.82	0	0	0	0	1.58	1.58	0	0	0
1428539034154117030	CPU_0	100.00	0	0	0	0	0	0	0	0	0
1428539034777491983	CPU_0	96.77	0	1.61	0	0	1.61	0	0	0	0
1428539035402972224	CPU_0	100.00	0	0	0	0	0	0	0	0	0
1428539036032940876	CPU_0	98.41	0	0	0	0	1.58	0	0	0	0
1428539036659424282	CPU_0	96.87	0	0	0	0	1.56	1.56	0	0	0
1428539037283772400	CPU_0	100.00	0	0	0	0	0	0	0	0	0
1428539037909297850	CPU_0	98.43	0	0	0	0	1.56	0	0	0	0
1428539038540180042	CPU_0	100.00	0	0	0	0	0	0	0	0	0
1428539039166780865	CPU_0	98.41	0	0	0	0	1.58	0	0	0	0
1428539039791479857	CPU_0	100.00	0	0	0	0	0	0	0	0	0
1428539040416857724	CPU_0	96.82	0	0	0	0	1.58	1.58	0	0	0
1428539041047576582	CPU_0	98.41	0	1.58	0	0	0	0	0	0	0
1428539041673182282	CPU_0	98.38	0	0	0	0	1.61	0	0	0	0
1428539042297390691	CPU_0	96.82	0	1.58	0	0	1.58	0	0	0	0
1428539042922438225	CPU_0	100.00	0	0	0	0	0	0	0	0	0
1428539043553231000	CPU_0	93.75	0	3.12	0	0	1.56	1.56	0	0	0
1428539044179175282	CPU_0	100.00	0	0	0	0	0	0	0	0	0
1428539044803782816	CPU_0	96.82	0	1.58	0	0	1.58	0	0	0	0
1428539045428898766	CPU_0	100.00	0	0	0	0	0	0	0	0	0
1428539046054111966	CPU_0	98.41	0	0	0	0	1.58	0	0	0	0
1428539046686778154	CPU_0	100.00	0	0	0	0	0	0	0	0	0
1428539047311566230	CPU_0	95.31	0	1.56	0	0	1.56	1.56	0	0	0
1428539047937195220	CPU_0	100.00	0	0	0	0	0	0	0	0	0
1428539048562709503	CPU_0	96.82	0	1.58	0	0	1.58	0	0	0	0
1428539049195740483	CPU_0	98.41	0	0	0	0	1.58	0	0	0	0
1428539049821061349	CPU_0	100.00	0	0	0	0	0	0	0	0	0
1428539050446590465	CPU_0	96.87	0	0	0	0	1.56	1.56	0	0	0
1428539051071716914	CPU_0	100.00	0	0	0	0	0	0	0	0	0
1428539051703912479	CPU_0	98.41	0	0	0	0	1.58	0	0	0	0
1428539052329188178	CPU_0	100.00	0	0	0	0	0	0	0	0	0
1428539052953932336	CPU_0	96.82	0	1.58	0	0	1.58	0	0	0	0
1428539053578735912	CPU_0	98.38	0	0	0	0	1.61	0	0	0	0
1428539054213499097	CPU_0	98.41	0	0	0	0	0	1.58	0	0	0
1428539054838419463	CPU_0	98.41	0	0	0	0	1.58	0	0	0	0
1428539055463326788	CPU_0	100.00	0	0	0	0	0	0	0	0	0
1428539056088141238	CPU_0	98.41	0	0	0	0	1.58	0	0	0	0
1428539056713389312	CPU_0	100.00	0	0	0	0	0	0	0	0	0
1428539057344712253	CPU_0	95.38	0	1.53	0	0	1.53	1.53	0	0	0
1428539057970674576	CPU_0	100.00	0	0	0	0	0	0	0	0	0
1428539058595753192	CPU_0	98.38	0	0	0	0	1.61	0	0	0	0
1428539059221233682	CPU_0	98.38	0	0	0	0	1.61	0	0	0	0
1428539059853002205	CPU_0	98.41	0	1.58	0	0	0	0	0	0	0
1428539060477800155	CPU_0	96.87	0	0	0	0	1.56	1.56	0	0	0
1428539061102725480	CPU_0	100.00	0	0	0	0	0	0	0	0	0
1428539061727654554	CPU_0	98.41	0	0	0	0	1.58	0	0	0	0
1428539062360320284	CPU_0	98.41	0	1.58	0	0	0	0	0	0	0
1428539062985588400	CPU_0	98.41	0	0	0	0	1.58	0	0	0	0
1428539063611209140	CPU_0	96.77	0	1.61	0	0	1.61	0	0	0	0
1428539064236833588	CPU_0	96.82	0	0	0	0	1.58	1.58	0	0	0
1428539064867631987	CPU_0	95.23	0	3.17	0	0	1.58	0	0	0	0
1428539065495327016	CPU_0	98.41	0	0	0	0	1.58	0	0	0	0
1428539066120858756	CPU_0	100.00	0	0	0	0	0	0	0	0	0
1428539066745698039	CPU_0	98.38	0	0	0	0	1.61	0	0	0	0
1428539067370913196	CPU_0	95.31	0	1.56	0	0	1.56	1.56	0	0	0
1428539068002128136	CPU_0	100.00	0	0	0	0	0	0	0	0	0
1428539068627591126	CPU_0	98.41	0	0	0	0	1.58	0	0	0	0
1428539069252794242	CPU_0	98.38	0	1.61	0	0	0	0	0	0	0
1428539069878492981	CPU_0	98.41	0	0	0	0	1.58	0	0	0	0
1428539070509987921	CPU_0	98.43	0	0	0	0	0	1.56	0	0	0
1428539071134881203	CPU_0	98.38	0	0	0	0	1.61	0	0	0	0
1428539071760263360	CPU_0	98.41	0	0	0	0	1.58	0	0	0	0
1428539072385515350	CPU_0	98.38	0	1.61	0	0	0	0	0	0	0
1428539073016881748	CPU_0	98.41	0	0	0	0	1.58	0	0	0	0
1428539073642212197	CPU_0	100.00	0	0	0	0	0	0	0	0	0
1428539074268429561	CPU_0	96.82	0	0	0	0	1.58	1.58	0	0	0
1428539074893811384	CPU_0	100.00	0	0	0	0	0	0	0	0	0
1428539075520160247	CPU_0	98.41	0	0	0	0	1.58	0	0	0	0
1428539076150144856	CPU_0	98.41	0	1.58	0	0	0	0	0	0	0
1428539076776061928	CPU_0	98.41	0	0	0	0	1.58	0	0	0	0
1428539077400533794	CPU_0	98.38	0	0	0	0	0	1.61	0	0	0
1428539078026062826	CPU_0	98.41	0	0	0	0	1.58	0	0	0	0
1428539078657913264	CPU_0	98.41	0	1.58	0	0	0	0	0	0	0
1428539079284463961	CPU_0	98.38	0	0	0	0	1.61	0	0	0	0
1428539079910253158	CPU_0	96.87	0	1.56	0	0	1.56	0	0	0	0
1428539080536348147	CPU_0	95.16	0	3.22	0	0	0	1.61	0	0	0
1428539081167392503	CPU_0	98.43	0	0	0	0	1.56	0	0	0	0
1428539081793198784	CPU_0	100.00	0	0	0	0	0	0	0	0	0
1428539082417497734	CPU_0	98.38	0	0	0	0	1.61	0	0	0	0
1428539083042185933	CPU_0	100.00	0	0	0	0	0	0	0	0	0
1428539083672703706	CPU_0	98.41	0	0	0	0	1.58	0	0	0	0
1428539084302787397	CPU_0	96.87	0	0	0	0	1.56	1.56	0	0	0
1428539084926799389	CPU_0	100.00	0	0	0	0	0	0	0	0	0
1428539085551631713	CPU_0	95.23	0	3.17	0	0	1.58	0	0	0	0
1428539086176810411	CPU_0	100.00	0	0	0	0	0	0	0	0	0
1428539086807412184	CPU_0	96.82	0	1.58	0	0	1.58	0	0	0	0
1428539087432086216	CPU_0	98.38	0	0	0	0	0	1.61	0	0	0
1428539088057828830	CPU_0	98.41	0	0	0	0	1.58	0	0	0	0
1428539088683117862	CPU_0	100.00	0	0	0	0	0	0	0	0	0
1428539089315005050	CPU_0	96.87	0	1.56	0	0	1.56	0	0	0	0
1428539089939628373	CPU_0	98.41	0	0	0	0	1.58	0	0	0	0
1428539090565273071	CPU_0	100.00	0	0	0	0	0	0	0	0	0
1428539091190808560	CPU_0	96.82	0	0	0	0	1.58	1.58	0	0	0
1428539091823707788	CPU_0	100.00	0	0	0	0	0	0	0	0	0
1428539092448133820	CPU_0	96.82	0	1.58	0	0	1.58	0	0	0	0
1428539093074080767	CPU_0	100.00	0	0	0	0	0	0	0	0	0
1428539093698757091	CPU_0	96.77	0	1.61	0	0	1.61	0	0	0	0
1428539094331775360	CPU_0	98.43	0	0	0	0	0	1.56	0	0	0
1428539094957283558	CPU_0	98.38	0	0	0	0	1.61	0	0	0	0
1428539095583241963	CPU_0	98.41	0	0	0	0	1.58	0	0	0	0
1428539096207895411	CPU_0	100.00	0	0	0	0	0	0	0	0	0
1428539096834753648	CPU_0	98.41	0	0	0	0	1.58	0	0	0	0
1428539097465340671	CPU_0	100.00	0	0	0	0	0	0	0	0	0
1428539098090924826	CPU_0	96.87	0	0	0	0	1.56	1.56	0	0	0
1428539098715287650	CPU_0	100.00	0	0	0	0	0	0	0	0	0
1428539099341405763	CPU_0	98.38	0	0	0	0	1.61	0	0	0	0
1428539099973015410	CPU_0	100.00	0	0	0	0	0	0	0	0	0
1428539100598289899	CPU_0	96.82	0	1.58	0	0	1.58	0	0	0	0
1428539101222500639	CPU_0	96.82	0	1.58	0	0	0	1.58	0	0	0
1428539101848396252	CPU_0	98.38	0	0	0	0	1.61	0	0	0	0
1428539102479286316	CPU_0	98.43	0	0	0	0	1.56	0	0	0	0
1428539103104725889	CPU_0	98.38	0	1.61	0	0	0	0	0	0	0
1428539103728473755	CPU_0	98.38	0	0	0	0	1.61	0	0	0	0
1428539104355357658	CPU_0	100.00	0	0	0	0	0	0	0	0	0
1428539104985333098	CPU_0	95.38	0	1.53	0	0	1.53	1.53	0	0	0
1428539105611023503	CPU_0	98.38	0	1.61	0	0	0	0	0	0	0
1428539106235258494	CPU_0	98.41	0	0	0	0	1.58	0	0	0	0
1428539106861214815	CPU_0	100.00	0	0	0	0	0	0	0	0	0
1428539107485043889	CPU_0	98.41	0	0	0	0	1.58	0	0	0	0
1428539108116991910	CPU_0	98.41	0	0	0	0	0	1.58	0	0	0
1428539108741714983	CPU_0	98.41	0	0	0	0	1.58	0	0	0	0
1428539109367008180	CPU_0	98.38	0	1.61	0	0	0	0	0	0	0
1428539109991959502	CPU_0	98.38	0	0	0	0	1.61	0	0	0	0
1428539110624565355	CPU_0	96.87	0	1.56	0	0	1.56	0	0	0	0
1428539111250317718	CPU_0	100.00	0	0	0	0	0	0	0	0	0
1428539111876436914	CPU_0	96.82	0	0	0	0	1.58	1.58	0	0	0
1428539112502170943	CPU_0	98.41	0	1.58	0	0	0	0	0	0	0
1428539113134379755	CPU_0	98.43	0	0	0	0	1.56	0	0	0	0
1428539113761392116	CPU_0	100.00	0	0	0	0	0	0	0	0	0
1428539114386151022	CPU_0	98.41	0	0	0	0	1.58	0	0	0	0
1428539115011347302	CPU_0	96.82	0	0	0	0	1.58	1.58	0	0	0
1428539115643861238	CPU_0	100.00	0	0	0	0	0	0	0	0	0
1428539116269463643	CPU_0	98.41	0	0	0	0	1.58	0	0	0	0
1428539116894777756	CPU_0	100.00	0	0	0	0	0	0	0	0	0
1428539117520377369	CPU_0	96.87	0	1.56	0	0	1.56	0	0	0	0
1428539118148094812	CPU_0	98.38	0	1.61	0	0	0	0	0	0	0
1428539118779377292	CPU_0	96.87	0	0	0	0	1.56	1.56	0	0	0
1428539119405589737	CPU_0	100.00	0	0	0	0	0	0	0	0	0
1428539120031533474	CPU_0	98.41	0	0	0	0	1.58	0	0	0	0
1428539120658449877	CPU_0	98.38	0	1.61	0	0	0	0	0	0	0
1428539121291423270	CPU_0	98.43	0	0	0	0	1.56	0	0	0	0
1428539121917578924	CPU_0	98.38	0	0	0	0	0	1.61	0	0	0
1428539122544316993	CPU_0	98.41	0	0	0	0	1.58	0	0	0	0
1428539123170544147	CPU_0	100.00	0	0	0	0	0	0	0	0	0
1428539123804125039	CPU_0	96.87	0	1.56	0	0	1.56	0	0	0	0
1428539124430437692	CPU_0	98.38	0	0	0	0	1.61	0	0	0	0
1428539125056798012	CPU_0	98.41	0	1.58	0	0	0	0	0	0	0
1428539125683159915	CPU_0	96.82	0	0	0	0	1.58	1.58	0	0	0
1428539126316367642	CPU_0	98.41	0	1.58	0	0	0	0	0	0	0
1428539126943289298	CPU_0	98.38	0	0	0	0	1.61	0	0	0	0
1428539127570099733	CPU_0	98.41	0	1.58	0	0	0	0	0	0	0
1428539128197128226	CPU_0	98.41	0	0	0	0	1.58	0	0	0	0
1428539128830716928	CPU_0	98.43	0	0	0	0	0	1.56	0	0	0
1428539129457362253	CPU_0	98.38	0	0	0	0	1.61	0	0	0	0
1428539130084038287	CPU_0	96.82	0	1.58	0	0	1.58	0	0	0	0
1428539130711228238	CPU_0	98.38	0	1.61	0	0	0	0	0	0	0
1428539131339847230	CPU_0	98.43	0	0	0	0	1.56	0	0	0	0
1428539131971324098	CPU_0	98.38	0	1.61	0	0	0	0	0	0	0
1428539132598098839	CPU_0	96.82	0	0	0	0	1.58	1.58	0	0	0
1428539133225213456	CPU_0	96.82	0	1.58	0	0	1.58	0	0	0	0
1428539133852419739	CPU_0	98.38	0	1.61	0	0	0	0	0	0	0
1428539134485382565	CPU_0	95.31	0	3.12	0	0	1.56	0	0	0	0
1428539135111429265	CPU_0	100.00	0	0	0	0	0	0	0	0	0
1428539135738200172	CPU_0	95.31	0	1.56	0	0	1.56	1.56	0	0	0
1428539136365555289	CPU_0	100.00	0	0	0	0	0	0	0	0	0
1428539136999093114	CPU_0	98.43	0	0	0	0	1.56	0	0	0	0
1428539137625233979	CPU_0	98.38	0	1.61	0	0	0	0	0	0	0
1428539138251899387	CPU_0	98.38	0	0	0	0	1.61	0	0	0	0
1428539138879243878	CPU_0	96.87	0	0	0	0	1.56	1.56	0	0	0
1428539139512869286	CPU_0	96.77	0	0	0	0	3.22	0	0	0	0
1428539140145691943	CPU_0	98.43	0	0	0	0	1.56	0	0	0	0
1428539140772435600	CPU_0	100.00	0	0	0	0	0	0	0	0	0
1428539141398967090	CPU_0	98.41	0	0	0	0	1.58	0	0	0	0
1428539142024857372	CPU_0	100.00	0	0	0	0	0	0	0	0	0
1428539142658785238	CPU_0	93.75	0	1.56	0	0	3.12	1.56	0	0	0
1428539143285741686	CPU_0	100.00	0	0	0	0	0	0	0	0	0
1428539143913147801	CPU_0	98.41	0	0	0	0	1.58	0	0	0	0
1428539144629204509	CPU_0	91.54	0	1.40	0	0	7.04	0	0	0	0
1428539145255627790	CPU_0	98.41	0	1.58	0	0	0	0	0	0	0
1428539145882677113	CPU_0	96.82	0	0	0	0	1.58	1.58	0	0	0
1428539146509346143	CPU_0	100.00	0	0	0	0	0	0	0	0	0
1428539147136986383	CPU_0	96.82	0	1.58	0	0	1.58	0	0	0	0
1428539147768856997	CPU_0	96.82	0	0	0	0	3.17	0	0	0	0
1428539148395047444	CPU_0	98.41	0	1.58	0	0	0	0	0	0	0
1428539149021894975	CPU_0	98.41	0	0	0	0	1.58	0	0	0	0
1428539149648507088	CPU_0	93.54	0	1.61	0	0	3.22	1.61	0	0	0
1428539150281448202	CPU_0	98.43	0	0	0	0	1.56	0	0	0	0
1428539150908390732	CPU_0	98.38	0	1.61	0	0	0	0	0	0	0
1428539151535409304	CPU_0	96.82	0	1.58	0	0	1.58	0	0	0	0
1428539152160800459	CPU_0	96.77	0	3.22	0	0	0	0	0	0	0
1428539152794058031	CPU_0	95.38	0	0	0	0	3.07	1.53	0	0	0
1428539153420893310	CPU_0	100.00	0	0	0	0	0	0	0	0	0
1428539154047104673	CPU_0	98.41	0	0	0	0	1.58	0	0	0	0
1428539154784367840	CPU_0	90.54	0	2.70	0	0	6.75	0	0	0	0
1428539155411527161	CPU_0	98.38	0	0	0	0	1.61	0	0	0	0
1428539156038787731	CPU_0	98.41	0	0	0	0	0	1.58	0	0	0
1428539156665180302	CPU_0	96.82	0	1.58	0	0	1.58	0	0	0	0
1428539157299850498	CPU_0	98.43	0	1.56	0	0	0	0	0	0	0
1428539157927718569	CPU_0	95.08	0	1.63	0	0	3.27	0	0	0	0
1428539158555792889	CPU_0	96.87	0	1.56	0	0	1.56	0	0	0	0
1428539159182813793	CPU_0	98.38	0	0	0	0	1.61	0	0	0	0
1428539159810705530	CPU_0	93.75	0	1.56	0	0	3.12	1.56	0	0	0
1428539160444539225	CPU_0	98.41	0	0	0	0	1.58	0	0	0	0
1428539161071928837	CPU_0	100.00	0	0	0	0	0	0	0	0	0
1428539161698933115	CPU_0	96.87	0	1.56	0	0	1.56	0	0	0	0
1428539162325964976	CPU_0	100.00	0	0	0	0	0	0	0	0	0
1428539162959544338	CPU_0	96.82	0	0	0	0	1.58	1.58	0	0	0
1428539163586653366	CPU_0	98.41	0	0	0	0	1.58	0	0	0	0
1428539164212627976	CPU_0	100.00	0	0	0	0	0	0	0	0	0
1428539164889716926	CPU_0	91.30	0	2.89	0	0	5.79	0	0	0	0
1428539165522726496	CPU_0	100.00	0	0	0	0	0	0	0	0	0
1428539166150228189	CPU_0	98.41	0	0	0	0	1.58	0	0	0	0
1428539166776364716	CPU_0	96.82	0	1.58	0	0	0	1.58	0	0	0
1428539167403292577	CPU_0	96.82	0	0	0	0	3.17	0	0	0	0
1428539168036296438	CPU_0	98.41	0	1.58	0	0	0	0	0	0	0
1428539168663508881	CPU_0	98.38	0	0	0	0	1.61	0	0	0	0
1428539169289994491	CPU_0	100.00	0	0	0	0	0	0	0	0	0
1428539169929286269	CPU_0	89.23	0	3.07	0	0	6.15	1.53	0	0	0
1428539170563296171	CPU_0	98.41	0	1.58	0	0	0	0	0	0	0
1428539171190714905	CPU_0	98.41	0	0	0	0	1.58	0	0	0	0
1428539171817530015	CPU_0	100.00	0	0	0	0	0	0	0	0	0
1428539172444640499	CPU_0	96.87	0	1.56	0	0	1.56	0	0	0	0
1428539173077925859	CPU_0	98.41	0	0	0	0	1.58	0	0	0	0
1428539173704750051	CPU_0	98.41	0	0	0	0	0	1.58	0	0	0
1428539174332001369	CPU_0	96.82	0	1.58	0	0	1.58	0	0	0	0
1428539174961809936	CPU_0	93.54	0	1.61	0	0	4.83	0	0	0	0
1428539175596072421	CPU_0	96.87	0	1.56	0	0	1.56	0	0	0	0
1428539176223288404	CPU_0	100.00	0	0	0	0	0	0	0	0	0
1428539176850229888	CPU_0	95.31	0	1.56	0	0	1.56	1.56	0	0	0
1428539177477262288	CPU_0	98.38	0	0	0	0	1.61	0	0	0	0
1428539178114048272	CPU_0	95.31	0	3.12	0	0	1.56	0	0	0	0
1428539178740963922	CPU_0	100.00	0	0	0	0	0	0	0	0	0
1428539179368142447	CPU_0	96.82	0	1.58	0	0	1.58	0	0	0	0
1428539179997587013	CPU_0	90.47	0	3.17	0	0	4.76	1.58	0	0	0
1428539180624909580	CPU_0	98.41	0	0	0	0	1.58	0	0	0	0
1428539181258395563	CPU_0	100.00	0	0	0	0	0	0	0	0	0
1428539181884557379	CPU_0	98.41	0	0	0	0	1.58	0	0	0	0
1428539182511850486	CPU_0	95.16	0	1.61	0	0	3.22	0	0	0	0
1428539183138494010	CPU_0	98.38	0	1.61	0	0	0	0	0	0	0
1428539183772852243	CPU_0	93.75	0	3.12	0	0	1.56	1.56	0	0	0
1428539184401084267	CPU_0	95.31	0	1.56	0	0	3.12	0	0	0	0
1428539185065552503	CPU_0	87.69	0	4.61	0	0	7.69	0	0	0	0
1428539185692931193	CPU_0	98.41	0	0	0	0	1.58	0	0	0	0
1428539186327512051	CPU_0	96.87	0	1.56	0	0	0	1.56	0	0	0
1428539186955243991	CPU_0	98.41	0	0	0	0	1.58	0	0	0	0
1428539187582874972	CPU_0	93.65	0	3.17	0	0	3.17	0	0	0	0
1428539188210182120	CPU_0	100.00	0	0	0	0	0	0	0	0	0
1428539188844172144	CPU_0	98.43	0	0	0	0	1.56	0	0	0	0
1428539189472220375	CPU_0	100.00	0	0	0	0	0	0	0	0	0
1428539190100310065	CPU_0	93.75	0	0	0	0	4.68	1.56	0	0	0
1428539190727415504	CPU_0	98.38	0	1.61	0	0	0	0	0	0	0
1428539191361839569	CPU_0	96.87	0	1.56	0	0	1.56	0	0	0	0
1428539191989798508	CPU_0	100.00	0	0	0	0	0	0	0	0	0
1428539192617611364	CPU_0	96.82	0	1.58	0	0	1.58	0	0	0	0
1428539193245452636	CPU_0	96.87	0	0	0	0	1.56	1.56	0	0	0
1428539193878926534	CPU_0	98.41	0	1.58	0	0	0	0	0	0	0
1428539194506376472	CPU_0	98.38	0	0	0	0	1.61	0	0	0	0
1428539195224663170	CPU_0	91.66	0	1.38	0	0	6.94	0	0	0	0
1428539195852059317	CPU_0	100.00	0	0	0	0	0	0	0	0	0
1428539196486132672	CPU_0	98.43	0	0	0	0	1.56	0	0	0	0
1428539197114217694	CPU_0	96.82	0	1.58	0	0	0	1.58	0	0	0
1428539197740076465	CPU_0	96.82	0	0	0	0	3.17	0	0	0	0
1428539198368077944	CPU_0	98.38	0	1.61	0	0	0	0	0	0	0
1428539199001963924	CPU_0	98.43	0	0	0	0	1.56	0	0	0	0
1428539199629908987	CPU_0	98.41	0	0	0	0	1.58	0	0	0	0
1428539200256698758	CPU_0	95.16	0	0	0	0	3.22	1.61	0	0	0
1428539200884766445	CPU_0	98.41	0	1.58	0	0	0	0	0	0	0
1428539201518670342	CPU_0	98.43	0	0	0	0	1.56	0	0	0	0
1428539202145586237	CPU_0	100.00	0	0	0	0	0	0	0	0	0
1428539202772000341	CPU_0	93.75	0	3.12	0	0	3.12	0	0	0	0
1428539203399544278	CPU_0	100.00	0	0	0	0	0	0	0	0	0
1428539204033151548	CPU_0	95.31	0	1.56	0	0	1.56	1.56	0	0	0
1428539204660506527	CPU_0	100.00	0	0	0	0	0	0	0	0	0
1428539205328247884	CPU_0	92.30	0	3.07	0	0	4.61	0	0	0	0
1428539205957128487	CPU_0	98.43	0	0	0	0	1.56	0	0	0	0
1428539206589873632	CPU_0	98.41	0	1.58	0	0	0	0	0	0	0
1428539207218133860	CPU_0	96.87	0	0	0	0	1.56	1.56	0	0	0
1428539207844880796	CPU_0	95.23	0	3.17	0	0	1.58	0	0	0	0
1428539208473762191	CPU_0	100.00	0	0	0	0	0	0	0	0	0
1428539209106548044	CPU_0	98.41	0	0	0	0	1.58	0	0	0	0
1428539209734433021	CPU_0	100.00	0	0	0	0	0	0	0	0	0
1428539210361553207	CPU_0	91.93	0	1.61	0	0	4.83	1.61	0	0	0
1428539210989732684	CPU_0	96.87	0	1.56	0	0	1.56	0	0	0	0
1428539211622015287	CPU_0	98.41	0	1.58	0	0	0	0	0	0	0
1428539212250269222	CPU_0	98.38	0	0	0	0	1.61	0	0	0	0
1428539212876413532	CPU_0	96.82	0	1.58	0	0	1.58	0	0	0	0
1428539213505284926	CPU_0	98.41	0	0	0	0	1.58	0	0	0	0
1428539214135062278	CPU_0	96.82	0	1.58	0	0	0	1.58	0	0	0
1428539214766427380	CPU_0	98.41	0	0	0	0	1.58	0	0	0	0
1428539215393171439	CPU_0	95.23	0	3.17	0	0	1.58	0	0	0	0
1428539216022065916	CPU_0	100.00	0	0	0	0	0	0	0	0	0
1428539216649371683	CPU_0	98.41	0	0	0	0	1.58	0	0	0	0
1428539217284792868	CPU_0	98.43	0	0	0	0	0	1.56	0	0	0
1428539217911879719	CPU_0	96.82	0	1.58	0	0	1.58	0	0	0	0
1428539218541119279	CPU_0	100.00	0	0	0	0	0	0	0	0	0
1428539219168433171	CPU_0	98.38	0	0	0	0	1.61	0	0	0	0
1428539219803575272	CPU_0	100.00	0	0	0	0	0	0	0	0	0
1428539220430847414	CPU_0	96.82	0	1.58	0	0	1.58	0	0	0	0
1428539221060082182	CPU_0	96.87	0	0	0	0	1.56	1.56	0	0	0
1428539221687881615	CPU_0	100.00	0	0	0	0	0	0	0	0	0
1428539222322589466	CPU_0	98.43	0	0	0	0	1.56	0	0	0	0
1428539222950868941	CPU_0	98.38	0	1.61	0	0	0	0	0	0	0
1428539223580620083	CPU_0	98.41	0	0	0	0	1.58	0	0	0	0
1428539224209189141	CPU_0	96.87	0	1.56	0	0	0	1.56	0	0	0
1428539224844458449	CPU_0	98.43	0	0	0	0	1.56	0	0	0	0
1428539225473110299	CPU_0	98.38	0	0	0	0	1.61	0	0	0	0
1428539226101670607	CPU_0	100.00	0	0	0	0	0	0	0	0	0
1428539226729875831	CPU_0	98.43	0	0	0	0	1.56	0	0	0	0
1428539227365049764	CPU_0	100.00	0	0	0	0	0	0	0	0	0
1428539227993241780	CPU_0	96.82	0	0	0	0	1.58	1.58	0	0	0
1428539228621925963	CPU_0	100.00	0	0	0	0	0	0	0	0	0
1428539229250324728	CPU_0	98.41	0	0	0	0	1.58	0	0	0	0
1428539229884360827	CPU_0	98.43	0	1.56	0	0	0	0	0	0	0
1428539230512736718	CPU_0	98.38	0	0	0	0	1.61	0	0	0	0
1428539231140885191	CPU_0	95.31	0	1.56	0	0	1.56	1.56	0	0	0
1428539231768893290	CPU_0	100.00	0	0	0	0	0	0	0	0	0
1428539232398371555	CPU_0	98.41	0	0	0	0	1.58	0	0	0	0
1428539233031708320	CPU_0	100.00	0	0	0	0	0	0	0	0	0
1428539233659256251	CPU_0	98.43	0	0	0	0	1.56	0	0	0	0
1428539234287463183	CPU_0	98.36	0	1.63	0	0	0	0	0	0	0
1428539234915093906	CPU_0	95.38	0	1.53	0	0	1.53	1.53	0	0	0
1428539235551041796	CPU_0	96.82	0	1.58	0	0	1.58	0	0	0	0
1428539236178132726	CPU_0	100.00	0	0	0	0	0	0	0	0	0
1428539236807039074	CPU_0	95.23	0	3.17	0	0	1.58	0	0	0	0
1428539237434798421	CPU_0	100.00	0	0	0	0	0	0	0	0	0
1428539238070453603	CPU_0	95.31	0	1.56	0	0	1.56	1.56	0	0	0
1428539238698421866	CPU_0	100.00	0	0	0	0	0	0	0	0	0
1428539239326262630	CPU_0	98.41	0	0	0	0	1.58	0	0	0	0
1428539239954911185	CPU_0	100.00	0	0	0	0	0	0	0	0	0
1428539240590779783	CPU_0	96.92	0	1.53	0	0	1.53	0	0	0	0
1428539241219208588	CPU_0	98.41	0	0	0	0	0	1.58	0	0	0
1428539241847280184	CPU_0	98.41	0	0	0	0	1.58	0	0	0	0
1428539242475558072	CPU_0	98.41	0	0	0	0	1.58	0	0	0	0
1428539243111159836	CPU_0	100.00	0	0	0	0	0	0	0	0	0
1428539243738782099	CPU_0	96.82	0	1.58	0	0	1.58	0	0	0	0
1428539244367231445	CPU_0	100.00	0	0	0	0	0	0	0	0	0
1428539244995581999	CPU_0	95.38	0	1.53	0	0	1.53	1.53	0	0	0
1428539245630742929	CPU_0	100.00	0	0	0	0	0	0	0	0	0
1428539246258591650	CPU_0	98.41	0	0	0	0	1.58	0	0	0	0
1428539246888058620	CPU_0	100.00	0	0	0	0	0	0	0	0	0
1428539247515916424	CPU_0	96.87	0	1.56	0	0	1.56	0	0	0	0
1428539248149689478	CPU_0	98.41	0	0	0	0	0	1.58	0	0	0
1428539248777734615	CPU_0	96.82	0	1.58	0	0	1.58	0	0	0	0
1428539249406929211	CPU_0	98.41	0	0	0	0	1.58	0	0	0	0
1428539250035604264	CPU_0	100.00	0	0	0	0	0	0	0	0	0
1428539250670543693	CPU_0	98.41	0	0	0	0	1.58	0	0	0	0
1428539251301397413	CPU_0	100.00	0	0	0	0	0	0	0	0	0
1428539251929606924	CPU_0	22.22	0	0	74.60	0	1.58	1.58	0	0	0
