#Timestamp	CPU_ID	user%	nice%	sys%	idle%	iowait%	irq%	softiq%	steal%	guest%	guest_nice%
1419754628674085872	CPU_4	85.96	0	14.03	0	0	0	0	0	0	
1419754629563867910	CPU_4	92.39	0	5.43	0	0	1.08	1.08	0	0	
1419754630498957635	CPU_4	94.56	0	5.43	0	0	0	0	0	0	
1419754631433939444	CPU_4	92.55	0	6.38	0	0	1.06	0	0	0	
1419754632368913169	CPU_4	95.69	0	4.30	0	0	0	0	0	0	
1419754633303965269	CPU_4	90.42	0	7.44	0	0	1.06	1.06	0	0	
1419754634228954851	CPU_4	94.56	0	5.43	0	0	0	0	0	0	
1419754635158942463	CPU_4	92.55	0	6.38	0	0	1.06	0	0	0	
1419754636103973415	CPU_4	94.68	0	4.25	0	0	0	1.06	0	0	
1419754637038951266	CPU_4	91.39	0	7.52	0	0	1.07	0	0	0	
1419754637973968533	CPU_4	95.69	0	3.22	0	0	1.07	0	0	0	
1419754638913949622	CPU_4	92.47	0	7.52	0	0	0	0	0	0	
1419754639853978377	CPU_4	93.75	0	4.16	0	0	1.04	1.04	0	0	
1419754640788946019	CPU_4	95.74	0	4.25	0	0	0	0	0	0	
1419754641716218304	CPU_4	96.70	0	2.19	0	0	1.09	0	0	0	
1419754642638927266	CPU_4	93.54	0	5.37	0	0	0	1.07	0	0	
1419754643568977836	CPU_4	95.69	0	3.22	0	0	1.07	0	0	0	
1419754644523950307	CPU_4	92.70	0	6.25	0	0	1.04	0	0	0	
1419754645459060491	CPU_4	97.84	0	2.15	0	0	0	0	0	0	
1419754646394255507	CPU_4	90.42	0	7.44	0	0	1.06	1.06	0	0	
1419754647349254312	CPU_4	90.42	0	9.57	0	0	0	0	0	0	
1419754648294245764	CPU_4	88.42	0	10.52	0	0	1.05	0	0	0	
1419754649219305596	CPU_4	87.23	0	10.63	0	0	1.06	1.06	0	0	
1419754650219298463	CPU_4	87.87	0	11.11	0	0	1.01	0	0	0	
1419754651179337964	CPU_4	89.69	0	9.27	0	0	0	1.03	0	0	
1419754652134234977	CPU_4	90.42	0	8.51	0	0	1.06	0	0	0	
1419754653084293502	CPU_4	91.57	0	7.36	0	0	1.05	0	0	0	
1419754654024298924	CPU_4	91.57	0	7.36	0	0	0	1.05	0	0	
1419754654984326633	CPU_4	88.42	0	10.52	0	0	1.05	0	0	0	
1419754655924357722	CPU_4	90.52	0	7.36	0	0	1.05	1.05	0	0	
1419754656879323985	CPU_4	90.52	0	8.42	0	0	1.05	0	0	0	
1419754657819254616	CPU_4	91.39	0	8.60	0	0	0	0	0	0	
1419754658779320575	CPU_4	88.65	0	9.27	0	0	1.03	1.03	0	0	
1419754659729292849	CPU_4	88.42	0	10.52	0	0	1.05	0	0	0	
1419754660669306980	CPU_4	90.42	0	9.57	0	0	0	0	0	0	
1419754661629246356	CPU_4	86.45	0	11.45	0	0	1.04	1.04	0	0	
1419754662574274684	CPU_4	88.29	0	10.63	0	0	1.06	0	0	0	
1419754663524309666	CPU_4	89.58	0	9.37	0	0	0	1.04	0	0	
1419754664448268333	CPU_4	69.56	0	29.34	0	0	1.08	0	0	0	
1419754665391666498	CPU_4	55.20	0	41.66	0	1.04	1.04	1.04	0	0	
1419754666349457088	CPU_4	51.61	0	47.31	0	0	1.07	0	0	0	
1419754667309375756	CPU_4	55.10	0	41.83	0	1.02	1.02	1.02	0	0	
1419754668264446435	CPU_4	46.87	0	45.83	0	6.25	1.04	0	0	0	
1419754669359461792	CPU_4	51.61	0	44.08	0	2.15	1.07	1.07	0	0	
1419754670442368678	CPU_4	31.45	0	29.83	0	37.90	.80	0	0	0	
1419754671178721485	CPU_4	1.33	0	17.33	0	81.33	0	0	0	0	
1419754672139417609	CPU_4	45.26	0	45.26	0	7.36	1.05	1.05	0	0	
1419754673149423996	CPU_4	54.00	0	45.00	0	0	1.00	0	0	0	
1419754674119404307	CPU_4	52.04	0	45.91	0	0	1.02	1.02	0	0	
1419754675054509324	CPU_4	51.64	0	48.35	0	0	0	0	0	0	
1419754675989416425	CPU_4	50.00	0	47.87	0	0	1.06	1.06	0	0	
1419754676949452634	CPU_4	57.29	0	39.58	0	1.04	1.04	1.04	0	0	
1419754677904526188	CPU_4	53.12	0	45.83	0	0	1.04	0	0	0	
1419754678871969131	CPU_4	48.48	0	45.45	0	4.04	1.01	1.01	0	0	
1419754679669050048	CPU_4	3.70	0	17.28	0	79.01	0	0	0	0	
1419754680839455774	CPU_4	26.54	0	31.85	0	40.70	.88	0	0	0	
1419754681774461750	CPU_4	50.52	0	45.26	0	2.10	1.05	1.05	0	0	
1419754682719544952	CPU_4	54.83	0	43.01	0	1.07	1.07	0	0	0	
1419754683689388430	CPU_4	49.49	0	44.44	0	4.04	1.01	1.01	0	0	
1419754684629501686	CPU_4	50.53	0	45.16	0	3.22	1.07	0	0	0	
1419754685554445976	CPU_4	49.45	0	45.05	0	4.39	0	1.09	0	0	
1419754686504518292	CPU_4	51.04	0	43.75	0	4.16	1.04	0	0	0	
1419754687449473952	CPU_4	54.25	0	43.61	0	0	1.06	1.06	0	0	
1419754688394453113	CPU_4	70.52	0	27.36	1.05	0	1.05	0	0	0	
1419754689334456827	CPU_4	73.40	0	24.46	0	0	1.06	1.06	0	0	
1419754690264179856	CPU_4	69.56	0	27.17	0	3.26	0	0	0	0	
1419754691189390146	CPU_4	70.96	0	26.88	0	0	1.07	1.07	0	0	
1419754692134462223	CPU_4	74.73	0	24.21	0	0	1.05	0	0	0	
1419754693069430573	CPU_4	70.52	0	27.36	0	0	1.05	1.05	0	0	
1419754694019323848	CPU_4	69.56	0	28.26	0	1.08	1.08	0	0	0	
1419754694959382853	CPU_4	69.47	0	29.47	0	0	1.05	0	0	0	
1419754695909439544	CPU_4	73.40	0	25.53	0	0	0	1.06	0	0	
1419754696864388765	CPU_4	69.79	0	29.16	0	0	1.04	0	0	0	
1419754697809409634	CPU_4	71.57	0	26.31	0	0	1.05	1.05	0	0	
1419754698752350716	CPU_4	73.11	0	25.80	0	0	1.07	0	0	0	
1419754699699422456	CPU_4	73.95	0	23.95	0	0	1.04	1.04	0	0	
1419754700659415165	CPU_4	76.84	0	23.15	0	0	0	0	0	0	
1419754701594446974	CPU_4	72.34	0	25.53	0	0	1.06	1.06	0	0	
1419754702569428024	CPU_4	71.13	0	27.83	0	0	1.03	0	0	0	
1419754703501377965	CPU_4	74.46	0	23.40	0	0	1.06	1.06	0	0	
1419754704444081464	CPU_4	92.55	0	7.44	0	0	0	0	0	0	
1419754705379029440	CPU_4	94.68	0	4.25	0	0	1.06	0	0	0	
1419754706339056607	CPU_4	89.58	0	9.37	0	0	1.04	0	0	0	
1419754707289032715	CPU_4	92.63	0	6.31	0	0	0	1.05	0	0	
1419754708229095887	CPU_4	91.48	0	7.44	0	0	1.06	0	0	0	
1419754709194083877	CPU_4	92.63	0	7.36	0	0	0	0	0	0	
1419754710139061579	CPU_4	87.36	0	10.52	0	0	1.05	1.05	0	0	
1419754711089079604	CPU_4	90.62	0	8.33	0	0	1.04	0	0	0	
1419754712024033079	CPU_4	92.47	0	7.52	0	0	0	0	0	0	
1419754712969042240	CPU_4	90.52	0	7.36	0	0	1.05	1.05	0	0	
1419754713939048760	CPU_4	91.66	0	8.33	0	0	0	0	0	0	
1419754714934426805	CPU_4	92.55	0	6.38	0	0	1.06	0	0	0	
1419754715864503333	CPU_4	67.67	0	30.30	0	0	1.01	1.01	0	0	
1419754716809339036	CPU_4	80.00	0	18.94	0	0	1.05	0	0	0	
1419754717769368245	CPU_4	84.21	0	13.68	0	0	1.05	1.05	0	0	
1419754718709598042	CPU_4	82.10	0	16.84	0	0	1.05	0	0	0	
1419754719644524642	CPU_4	81.72	0	16.12	0	0	1.07	1.07	0	0	
1419754720709440361	CPU_4	78.30	0	20.75	0	0	.94	0	0	0	
1419754721639439931	CPU_4	85.10	0	13.82	0	0	1.06	0	0	0	
1419754722594521819	CPU_4	81.05	0	17.89	0	0	0	1.05	0	0	
1419754723519538734	CPU_4	83.69	0	13.04	2.17	0	1.08	0	0	0	
1419754724494559575	CPU_4	84.37	0	13.54	0	0	1.04	1.04	0	0	
1419754725459493440	CPU_4	81.63	0	17.34	0	0	1.02	0	0	0	
1419754726409513131	CPU_4	83.15	0	14.73	0	0	1.05	1.05	0	0	
1419754727374437038	CPU_4	81.25	0	17.70	0	0	1.04	0	0	0	
1419754728299390036	CPU_4	80.00	0	17.89	0	0	1.05	1.05	0	0	
1419754729244492238	CPU_4	80.64	0	18.27	0	0	1.07	0	0	0	
1419754730229523932	CPU_4	76.28	0	22.68	0	0	1.03	0	0	0	
1419754731123531252	CPU_4	32.96	0	9.89	0	56.04	0	1.09	0	0	
1419754731939450792	CPU_4	67.46	0	19.27	0	12.04	1.20	0	0	0	
1419754733139457867	CPU_4	84.87	0	13.44	0	0	.84	.84	0	0	
1419754734199505180	CPU_4	82.07	0	16.98	0	0	.94	0	0	0	
1419754735179490468	CPU_4	83.83	0	14.14	0	0	1.01	1.01	0	0	
1419754736159385632	CPU_4	79.16	0	19.79	0	0	1.04	0	0	0	
1419754737089426619	CPU_4	85.10	0	12.76	0	0	1.06	1.06	0	0	
1419754738039551976	CPU_4	85.26	0	13.68	0	0	1.05	0	0	0	
1419754738989515209	CPU_4	81.05	0	17.89	0	0	1.05	0	0	0	
1419754739929554173	CPU_4	70.21	0	27.65	0	0	1.06	1.06	0	0	
1419754740914597491	CPU_4	85.85	0	13.13	0	0	1.01	0	0	0	
1419754741904505132	CPU_4	85.85	0	13.13	0	0	0	1.01	0	0	
1419754742859420478	CPU_4	86.31	0	12.63	0	0	1.05	0	0	0	
1419754743854563774	CPU_4	83.00	0	14.00	1.00	0	1.00	1.00	0	0	
1419754744784535469	CPU_4	87.23	0	11.70	0	0	1.06	0	0	0	
1419754745729543755	CPU_4	83.15	0	14.73	0	0	1.05	1.05	0	0	
1419754746689394548	CPU_4	87.23	0	11.70	0	0	1.06	0	0	0	
1419754747699525934	CPU_4	84.31	0	13.72	0	0	.98	.98	0	0	
1419754748659518644	CPU_4	86.45	0	12.50	0	0	1.04	0	0	0	
1419754749609475085	CPU_4	87.50	0	11.45	0	0	1.04	0	0	0	
1419754750609568785	CPU_4	83.00	0	15.00	0	0	1.00	1.00	0	0	
1419754751579528472	CPU_4	86.45	0	12.50	0	0	1.04	0	0	0	
1419754752504463179	CPU_4	86.17	0	11.70	0	0	1.06	1.06	0	0	
1419754753479444187	CPU_4	83.33	0	15.62	0	0	1.04	0	0	0	
1419754754458741978	CPU_4	85.71	0	13.26	0	0	0	1.02	0	0	
1419754755424502341	CPU_4	86.45	0	12.50	0	0	1.04	0	0	0	
1419754756424328834	CPU_4	85.14	0	12.87	0	0	.99	.99	0	0	
1419754757409112570	CPU_4	47.95	0	16.32	0	34.69	1.02	0	0	0	
1419754758210257269	CPU_4	13.15	0	15.78	0	69.73	1.31	0	0	0	
1419754759093546614	CPU_4	28.40	0	15.90	0	54.54	0	1.13	0	0	
1419754760016851408	CPU_4	25.27	0	18.68	0	54.94	1.09	0	0	0	
1419754760912992764	CPU_4	29.54	0	14.77	0	55.68	0	0	0	0	
1419754761798318645	CPU_4	29.41	0	18.82	0	50.58	1.17	0	0	0	
1419754762667451022	CPU_4	55.68	0	17.04	0	25.00	1.13	1.13	0	0	
1419754763615221885	CPU_4	70.21	0	15.95	0	13.82	0	0	0	0	
1419754764600291203	CPU_4	66.66	0	19.19	0	12.12	1.01	1.01	0	0	
1419754765500941841	CPU_4	67.39	0	18.47	0	13.04	1.08	0	0	0	
1419754766501500291	CPU_4	64.00	0	21.00	0	14.00	1.00	0	0	0	
1419754767467522945	CPU_4	67.36	0	18.94	0	12.63	0	1.05	0	0	
1419754768442481787	CPU_4	61.45	0	25.00	0	12.50	1.04	0	0	0	
1419754769398008798	CPU_4	65.26	0	20.00	0	12.63	1.05	1.05	0	0	
1419754770364068369	CPU_4	64.28	0	22.44	0	12.24	1.02	0	0	0	
1419754771315921597	CPU_4	66.66	0	18.75	0	13.54	0	1.04	0	0	
1419754772273767936	CPU_4	67.70	0	18.75	0	12.50	1.04	0	0	0	
1419754773256393177	CPU_4	66.32	0	18.36	0	14.28	1.02	0	0	0	
1419754774224177702	CPU_4	62.88	0	23.71	0	11.34	1.03	1.03	0	0	
1419754775177226970	CPU_4	71.27	0	15.95	0	12.76	0	0	0	0	
1419754776163378994	CPU_4	62.24	0	24.48	0	11.22	1.02	1.02	0	0	
1419754777104085956	CPU_4	64.58	0	21.87	0	12.50	1.04	0	0	0	
1419754778076821720	CPU_4	64.94	0	20.61	0	12.37	1.03	1.03	0	0	
1419754779078571000	CPU_4	66.00	0	21.00	0	12.00	1.00	0	0	0	
1419754780061599365	CPU_4	58.33	0	21.87	0	19.79	0	0	0	0	
1419754780880955981	CPU_4	10.97	0	36.58	0	50.00	1.21	1.21	0	0	
1419754781712536153	CPU_4	19.27	0	31.32	0	48.19	1.20	0	0	0	
1419754782527715237	CPU_4	14.45	0	36.14	0	48.19	1.20	0	0	0	
1419754783390673128	CPU_4	10.97	0	37.80	0	50.00	1.21	0	0	0	
1419754784220849136	CPU_4	14.45	0	31.32	1.20	50.60	1.20	1.20	0	0	
1419754785033078102	CPU_4	13.25	0	27.71	0	57.83	1.20	0	0	0	
1419754785856152335	CPU_4	9.21	0	27.63	0	63.15	0	0	0	0	
1419754786662522481	CPU_4	15.66	0	32.53	0	49.39	1.20	1.20	0	0	
1419754787492078157	CPU_4	14.11	0	35.29	0	49.41	1.17	0	0	0	
1419754788328580317	CPU_4	14.45	0	36.14	0	48.19	1.20	0	0	0	
1419754789178444863	CPU_4	17.44	0	31.39	0	50.00	1.16	0	0	0	
1419754790001717679	CPU_4	15.85	0	32.92	0	48.78	1.21	1.21	0	0	
1419754790821130503	CPU_4	8.43	0	26.50	0	65.06	0	0	0	0	
1419754791600489045	CPU_4	7.59	0	27.84	0	63.29	1.26	0	0	0	
1419754792369455527	CPU_4	5.33	0	29.33	0	65.33	0	0	0	0	
1419754793156820592	CPU_4	13.15	0	28.94	0	55.26	1.31	1.31	0	0	
1419754793972529050	CPU_4	10.00	0	31.25	0	57.50	1.25	0	0	0	
1419754794706563987	CPU_4	1.38	0	16.66	0	81.94	0	0	0	0	
1419754795517387123	CPU_4	8.97	0	33.33	0	56.41	1.28	0	0	0	
1419754796365530465	CPU_4	11.95	0	30.43	0	55.43	1.08	1.08	0	0	
1419754797235134591	CPU_4	4.76	0	23.80	0	70.23	1.19	0	0	0	
1419754798066004555	CPU_4	15.29	0	32.94	0	51.76	0	0	0	0	
1419754798928331198	CPU_4	14.28	0	34.52	0	50.00	1.19	0	0	0	
1419754799734419845	CPU_4	15.58	0	31.16	0	50.64	1.29	1.29	0	0	
1419754800558549950	CPU_4	14.81	0	34.56	0	49.38	1.23	0	0	0	
1419754801393028990	CPU_4	12.04	0	33.73	0	53.01	1.20	0	0	0	
1419754802233651015	CPU_4	17.64	0	32.94	0	48.23	1.17	0	0	0	
1419754803056669998	CPU_4	18.60	0	32.55	0	46.51	1.16	1.16	0	0	
1419754803881248977	CPU_4	19.75	0	29.62	0	50.61	0	0	0	0	
1419754804718447636	CPU_4	17.85	0	33.33	0	47.61	1.19	0	0	0	
1419754805521032499	CPU_4	17.07	0	34.14	0	46.34	1.21	1.21	0	0	
1419754806330209889	CPU_4	12.35	0	25.84	0	50.56	11.23	0	0	0	
1419754807062413372	CPU_4	10.95	0	31.50	0	57.53	0	0	0	0	
1419754807901359568	CPU_4	13.09	0	39.28	0	47.61	0	0	0	0	
1419754808726049131	CPU_4	16.47	0	35.29	0	47.05	0	1.17	0	0	
1419754809551741691	CPU_4	15.66	0	34.93	0	49.39	0	0	0	0	
1419754810384869984	CPU_4	16.45	0	34.17	0	49.36	0	0	0	0	
1419754811200896607	CPU_4	17.72	0	32.91	0	49.36	0	0	0	0	
1419754812026798459	CPU_4	16.86	0	33.73	0	48.19	0	1.20	0	0	
1419754812858245255	CPU_4	13.75	0	37.50	0	48.75	0	0	0	0	
1419754813685103146	CPU_4	17.85	0	33.33	0	48.80	0	0	0	0	
1419754814520752183	CPU_4	18.75	0	32.50	0	48.75	0	0	0	0	
1419754815342179211	CPU_4	19.04	0	32.14	0	47.61	0	1.19	0	0	
1419754816189769388	CPU_4	13.41	0	36.58	0	48.78	1.21	0	0	0	
1419754817006077344	CPU_4	18.75	0	31.25	0	48.75	1.25	0	0	0	
1419754817837181934	CPU_4	13.09	0	35.71	0	48.80	1.19	1.19	0	0	
1419754818676958003	CPU_4	13.09	0	36.90	1.19	47.61	1.19	0	0	0	
1419754819494508498	CPU_4	18.51	0	32.09	0	48.14	1.23	0	0	0	
1419754820324310049	CPU_4	15.00	0	33.75	0	50.00	1.25	0	0	0	
1419754821145383953	CPU_4	16.25	0	31.25	0	50.00	1.25	1.25	0	0	
1419754821977393873	CPU_4	11.11	0	38.27	0	49.38	1.23	0	0	0	
1419754822815098031	CPU_4	17.07	0	34.14	0	48.78	0	0	0	0	
1419754823627623579	CPU_4	15.85	0	34.14	0	48.78	1.21	0	0	0	
1419754824447441028	CPU_4	16.86	0	33.73	0	46.98	1.20	1.20	0	0	
1419754825267068935	CPU_4	20.00	0	31.25	0	47.50	1.25	0	0	0	
1419754826101951349	CPU_4	16.86	0	32.53	0	49.39	1.20	0	0	0	
1419754826935650391	CPU_4	13.41	0	36.58	0	47.56	1.21	1.21	0	0	
1419754827750657725	CPU_4	16.86	0	33.73	0	48.19	1.20	0	0	0	
1419754828576285910	CPU_4	17.94	0	32.05	0	50.00	0	0	0	0	
1419754829405124547	CPU_4	17.07	0	32.92	0	48.78	1.21	0	0	0	
1419754830230391774	CPU_4	15.66	0	34.93	0	46.98	1.20	1.20	0	0	
1419754831047512646	CPU_4	15.00	0	33.75	0	50.00	1.25	0	0	0	
1419754831881309604	CPU_4	17.07	0	32.92	0	48.78	1.21	0	0	0	
1419754832711169321	CPU_4	13.25	0	37.34	0	48.19	1.20	0	0	0	
1419754833521486208	CPU_4	12.04	0	36.14	1.20	48.19	1.20	1.20	0	0	
1419754834362202483	CPU_4	15.66	0	36.14	0	48.19	0	0	0	0	
1419754835201403471	CPU_4	19.75	0	29.62	0	49.38	1.23	0	0	0	
1419754836034169514	CPU_4	16.47	0	32.94	0	48.23	1.17	1.17	0	0	
1419754836854856961	CPU_4	21.79	0	26.92	0	50.00	1.28	0	0	0	
1419754837676157906	CPU_4	14.11	0	37.64	0	47.05	1.17	0	0	0	
1419754838515526476	CPU_4	13.75	0	35.00	0	50.00	1.25	0	0	0	
1419754839336020465	CPU_4	17.28	0	30.86	0	49.38	1.23	1.23	0	0	
1419754840176821490	CPU_4	15.66	0	34.93	0	48.19	1.20	0	0	0	
1419754841021617173	CPU_4	15.00	0	35.00	0	50.00	0	0	0	0	
1419754841830070523	CPU_4	14.81	0	34.56	0	49.38	1.23	0	0	0	
1419754842665137019	CPU_4	16.04	0	32.09	0	49.38	1.23	1.23	0	0	
1419754843492789200	CPU_4	14.63	0	34.14	1.21	48.78	1.21	0	0	0	
1419754844334487890	CPU_4	14.81	0	34.56	0	49.38	1.23	0	0	0	
1419754845147475104	CPU_4	14.81	0	35.80	0	48.14	1.23	0	0	0	
1419754845981827269	CPU_4	21.42	0	28.57	0	47.61	1.19	1.19	0	0	
1419754846834293393	CPU_4	13.25	0	34.93	0	50.60	1.20	0	0	0	
1419754847646528942	CPU_4	14.81	0	37.03	0	48.14	0	0	0	0	
1419754848485114139	CPU_4	14.81	0	33.33	0	49.38	1.23	1.23	0	0	
1419754849295259610	CPU_4	12.34	0	37.03	0	49.38	1.23	0	0	0	
1419754850130766814	CPU_4	13.41	0	37.80	0	47.56	1.21	0	0	0	
1419754850946192606	CPU_4	13.41	0	37.80	0	47.56	1.21	0	0	0	
1419754851772484331	CPU_4	13.09	0	36.90	0	47.61	1.19	1.19	0	0	
1419754852576806982	CPU_4	16.25	0	36.25	0	47.50	0	0	0	0	
1419754853458856246	CPU_4	17.44	0	33.72	0	47.67	1.16	0	0	0	
1419754854288563713	CPU_4	17.64	0	32.94	0	48.23	1.17	0	0	0	
1419754855103974172	CPU_4	14.28	0	36.90	0	46.42	1.19	1.19	0	0	
1419754855946564151	CPU_4	16.66	0	33.33	0	48.80	1.19	0	0	0	
1419754856756633956	CPU_4	17.50	0	32.50	0	48.75	1.25	0	0	0	
1419754857576957736	CPU_4	13.41	0	36.58	0	47.56	1.21	1.21	0	0	
1419754858452513348	CPU_4	13.75	0	31.25	0	53.75	1.25	0	0	0	
1419754859243569738	CPU_4	13.95	0	32.55	1.16	51.16	1.16	0	0	0	
1419754860098099398	CPU_4	17.24	0	31.03	0	50.57	1.14	0	0	0	
1419754860947309363	CPU_4	13.41	0	32.92	0	51.21	1.21	1.21	0	0	
1419754861792035462	CPU_4	12.64	0	39.08	0	48.27	0	0	0	0	
1419754862600351187	CPU_4	16.04	0	34.56	0	48.14	1.23	0	0	0	
1419754863469378356	CPU_4	15.66	0	34.93	0	48.19	1.20	0	0	0	
1419754864282210112	CPU_4	14.28	0	33.33	1.19	48.80	1.19	1.19	0	0	
1419754865104043056	CPU_4	16.45	0	39.24	0	43.03	1.26	0	0	0	
1419754865969782941	CPU_4	30.95	0	27.38	0	40.47	1.19	0	0	0	
1419754866884358421	CPU_4	21.59	0	36.36	0	40.90	0	1.13	0	0	
1419754867765374854	CPU_4	27.47	0	32.96	0	38.46	1.09	0	0	0	
1419754868663445789	CPU_4	22.98	0	34.48	0	41.37	1.14	0	0	0	
1419754869559934895	CPU_4	25.00	0	32.95	0	39.77	1.13	1.13	0	0	
1419754870440770953	CPU_4	24.70	0	34.11	0	40.00	1.17	0	0	0	
1419754871353273522	CPU_4	29.67	0	28.57	0	40.65	1.09	0	0	0	
1419754872235954368	CPU_4	22.35	0	35.29	0	41.17	0	1.17	0	0	
1419754873123581869	CPU_4	26.43	0	33.33	0	39.08	1.14	0	0	0	
1419754874043118380	CPU_4	23.33	0	34.44	0	41.11	1.11	0	0	0	
1419754874939047112	CPU_4	26.43	0	32.18	0	40.22	1.14	0	0	0	
1419754875836552215	CPU_4	28.88	0	31.11	0	37.77	1.11	1.11	0	0	
1419754876723451592	CPU_4	28.40	0	31.81	0	39.77	0	0	0	0	
1419754877606429896	CPU_4	30.33	0	29.21	0	39.32	1.12	0	0	0	
1419754878505643828	CPU_4	28.88	0	30.00	0	38.88	1.11	1.11	0	0	
1419754879388728881	CPU_4	24.71	0	34.83	0	39.32	1.12	0	0	0	
1419754880284430947	CPU_4	23.86	0	35.22	0	39.77	1.13	0	0	0	
1419754881203764292	CPU_4	28.40	0	28.40	0	40.90	1.13	1.13	0	0	
1419754882096257490	CPU_4	26.43	0	28.73	0	44.82	0	0	0	0	
1419754883001424159	CPU_4	26.88	0	33.33	0	38.70	1.07	0	0	0	
1419754883899333261	CPU_4	25.26	0	35.78	0	36.84	1.05	1.05	0	0	
1419754884794230496	CPU_4	27.05	0	30.58	0	41.17	1.17	0	0	0	
1419754885691140183	CPU_4	27.27	0	30.68	0	40.90	1.13	0	0	0	
1419754886586259626	CPU_4	25.58	0	33.72	0	40.69	0	0	0	0	
1419754887488374510	CPU_4	27.77	0	31.11	0	38.88	1.11	1.11	0	0	
1419754888364169580	CPU_4	25.28	0	33.33	0	40.22	1.14	0	0	0	
1419754889279271726	CPU_4	25.55	0	32.22	1.11	40.00	1.11	0	0	0	
1419754890188197595	CPU_4	26.96	0	30.33	0	40.44	1.12	1.12	0	0	
1419754891064244914	CPU_4	29.06	0	30.23	0	40.69	0	0	0	0	
1419754891963669096	CPU_4	28.40	0	29.54	0	40.90	1.13	0	0	0	
1419754892868482182	CPU_4	26.08	0	32.60	0	39.13	1.08	1.08	0	0	
1419754893772400479	CPU_4	22.89	0	34.93	0	40.96	1.20	0	0	0	
1419754894644454058	CPU_4	19.56	0	41.30	0	38.04	1.08	0	0	0	
1419754895540236873	CPU_4	26.43	0	29.88	0	41.37	1.14	1.14	0	0	
1419754896470096235	CPU_4	24.44	0	34.44	0	41.11	0	0	0	0	
1419754897333368459	CPU_4	25.88	0	32.94	0	40.00	1.17	0	0	0	
1419754898229155525	CPU_4	25.84	0	32.58	0	40.44	1.12	0	0	0	
1419754899133569112	CPU_4	27.58	0	29.88	0	40.22	1.14	1.14	0	0	
1419754900008996474	CPU_4	27.58	0	31.03	0	40.22	1.14	0	0	0	
1419754900905404330	CPU_4	26.96	0	32.58	0	40.44	0	0	0	0	
1419754901799660649	CPU_4	23.33	0	35.55	0	38.88	1.11	1.11	0	0	
1419754902680244416	CPU_4	23.07	0	36.26	0	39.56	1.09	0	0	0	
1419754903584365296	CPU_4	27.47	0	31.86	0	39.56	1.09	0	0	0	
1419754904475636289	CPU_4	22.98	0	34.48	0	40.22	1.14	1.14	0	0	
1419754905382455995	CPU_4	23.52	0	31.76	0	43.52	1.17	0	0	0	
1419754906260845184	CPU_4	20.45	0	36.36	0	43.18	0	0	0	0	
1419754907162191654	CPU_4	24.13	0	33.33	0	40.22	1.14	1.14	0	0	
1419754908027626664	CPU_4	8.04	0	25.28	0	65.51	1.14	0	0	0	
1419754908876776420	CPU_4	13.79	0	39.08	1.14	44.82	1.14	0	0	0	
1419754909747730918	CPU_4	14.77	0	39.77	0	45.45	0	0	0	0	
1419754910605568029	CPU_4	13.95	0	29.06	0	54.65	1.16	1.16	0	0	
1419754911336691306	CPU_4	6.84	0	28.76	0	63.01	1.36	0	0	0	
1419754912203235772	CPU_4	8.04	0	29.88	0	62.06	0	0	0	0	
1419754912928133647	CPU_4	1.38	0	16.66	0	81.94	0	0	0	0	
1419754913807123293	CPU_4	16.09	0	35.63	0	47.12	1.14	0	0	0	
1419754914656743590	CPU_4	13.63	0	39.77	0	44.31	1.13	1.13	0	0	
1419754915422703371	CPU_4	3.89	0	18.18	0	77.92	0	0	0	0	
1419754916149819449	CPU_4	5.55	0	26.38	0	66.66	1.38	0	0	0	
1419754917028506054	CPU_4	13.33	0	41.11	0	44.44	1.11	0	0	0	
1419754917895761268	CPU_4	16.27	0	37.20	0	44.18	1.16	1.16	0	0	
1419754918752093466	CPU_4	19.04	0	34.52	0	46.42	0	0	0	0	
1419754919636219808	CPU_4	14.77	0	39.77	0	44.31	1.13	0	0	0	
1419754920489831471	CPU_4	10.46	0	41.86	0	45.34	1.16	1.16	0	0	
1419754921434974465	CPU_4	5.61	0	22.47	0	70.78	1.12	0	0	0	
1419754922320575595	CPU_4	14.77	0	35.22	0	48.86	1.13	0	0	0	
1419754923216135328	CPU_4	15.78	0	34.73	0	48.42	1.05	0	0	0	
1419754924106339948	CPU_4	13.48	0	35.95	0	48.31	1.12	1.12	0	0	
1419754924983213224	CPU_4	15.55	0	38.88	0	44.44	1.11	0	0	0	
1419754925840788961	CPU_4	16.09	0	40.22	0	43.67	0	0	0	0	
1419754926671895425	CPU_4	12.94	0	41.17	0	43.52	1.17	1.17	0	0	
1419754927546399123	CPU_4	16.27	0	38.37	0	44.18	1.16	0	0	0	
1419754928419826989	CPU_4	11.49	0	40.22	0	47.12	1.14	0	0	0	
1419754929288010452	CPU_4	13.79	0	37.93	1.14	45.97	1.14	0	0	0	
1419754930137768707	CPU_4	16.47	0	36.47	0	44.70	1.17	1.17	0	0	
1419754931034248020	CPU_4	13.33	0	40.00	0	45.55	1.11	0	0	0	
1419754931889302221	CPU_4	14.28	0	39.28	0	45.23	1.19	0	0	0	
1419754932776950014	CPU_4	14.44	0	38.88	0	45.55	0	1.11	0	0	
1419754933656672366	CPU_4	13.79	0	39.08	0	45.97	1.14	0	0	0	
1419754934507014078	CPU_4	14.63	0	35.36	0	48.78	1.21	0	0	0	
1419754935385817183	CPU_4	10.22	0	43.18	0	45.45	1.13	0	0	0	
1419754936283046120	CPU_4	20.00	0	33.33	0	44.44	1.11	1.11	0	0	
1419754937156822486	CPU_4	16.66	0	35.71	0	46.42	1.19	0	0	0	
1419754938021473873	CPU_4	14.77	0	38.63	0	45.45	1.13	0	0	0	
1419754938904731301	CPU_4	15.29	0	36.47	0	45.88	1.17	1.17	0	0	
1419754939762999286	CPU_4	15.29	0	37.64	0	45.88	1.17	0	0	0	
1419754940636735235	CPU_4	16.27	0	38.37	0	45.34	0	0	0	0	
1419754941541319656	CPU_4	16.85	0	34.83	0	47.19	1.12	0	0	0	
1419754942406808749	CPU_4	13.33	0	40.00	0	44.44	1.11	1.11	0	0	
1419754943278563745	CPU_4	16.66	0	38.88	0	43.33	1.11	0	0	0	
1419754944186383450	CPU_4	12.22	0	42.22	0	44.44	1.11	0	0	0	
1419754945028508847	CPU_4	17.24	0	35.63	0	44.82	1.14	1.14	0	0	
1419754945908201366	CPU_4	16.27	0	36.04	0	46.51	1.16	0	0	0	
1419754946757386205	CPU_4	12.79	0	41.86	0	44.18	1.16	0	0	0	
1419754947635346395	CPU_4	16.85	0	37.07	0	43.82	1.12	1.12	0	0	
1419754948529110882	CPU_4	14.94	0	40.22	0	44.82	0	0	0	0	
1419754949393129479	CPU_4	16.66	0	36.66	1.11	44.44	1.11	0	0	0	
1419754950272914081	CPU_4	17.77	0	36.66	0	44.44	1.11	0	0	0	
1419754951125193289	CPU_4	17.24	0	36.78	0	43.67	1.14	1.14	0	0	
1419754951989341052	CPU_4	15.11	0	38.37	0	45.34	1.16	0	0	0	
1419754952888632234	CPU_4	12.35	0	39.32	0	47.19	1.12	0	0	0	
1419754953733707333	CPU_4	16.47	0	36.47	0	44.70	1.17	1.17	0	0	
1419754954592016443	CPU_4	15.29	0	35.29	0	48.23	1.17	0	0	0	
1419754955452579840	CPU_4	21.17	0	32.94	0	45.88	0	0	0	0	
1419754956309679369	CPU_4	16.27	0	38.37	0	44.18	1.16	0	0	0	
1419754957168491811	CPU_4	15.90	0	37.50	0	44.31	1.13	1.13	0	0	
1419754958024931426	CPU_4	15.47	0	39.28	0	44.04	1.19	0	0	0	
1419754958894013136	CPU_4	12.50	0	40.90	0	45.45	1.13	0	0	0	
1419754959768594625	CPU_4	15.90	0	37.50	0	44.31	1.13	1.13	0	0	
1419754960633195346	CPU_4	16.27	0	38.37	0	44.18	1.16	0	0	0	
1419754961506836712	CPU_4	12.94	0	40.00	0	45.88	1.17	0	0	0	
1419754962371316100	CPU_4	17.24	0	39.08	0	43.67	0	0	0	0	
1419754963242095431	CPU_4	15.11	0	36.04	0	46.51	1.16	1.16	0	0	
1419754964125092276	CPU_4	14.60	0	38.20	0	46.06	1.12	0	0	0	
1419754964990859077	CPU_4	13.09	0	39.28	0	46.42	1.19	0	0	0	
1419754965871820719	CPU_4	14.60	0	39.32	0	43.82	1.12	1.12	0	0	
1419754966786024075	CPU_4	15.38	0	36.26	0	47.25	1.09	0	0	0	
1419754967642572481	CPU_4	10.34	0	28.73	0	59.77	1.14	0	0	0	
1419754968387344727	CPU_4	5.40	0	17.56	0	77.02	0	0	0	0	
1419754969266105790	CPU_4	14.60	0	39.32	0	43.82	1.12	1.12	0	0	
1419754970101869077	CPU_4	16.47	0	37.64	0	44.70	1.17	0	0	0	
1419754970958340191	CPU_4	11.90	0	42.85	0	45.23	0	0	0	0	
1419754971860649158	CPU_4	13.79	0	37.93	0	47.12	1.14	0	0	0	
1419754972713058532	CPU_4	12.35	0	40.44	0	44.94	1.12	1.12	0	0	
1419754973580533954	CPU_4	14.77	0	39.77	1.13	43.18	1.13	0	0	0	
1419754974445595632	CPU_4	18.18	0	37.50	0	43.18	1.13	0	0	0	
1419754975330296015	CPU_4	14.60	0	39.32	0	43.82	1.12	1.12	0	0	
1419754976184549967	CPU_4	11.62	0	41.86	0	45.34	1.16	0	0	0	
1419754977040619624	CPU_4	16.86	0	36.14	0	45.78	1.20	0	0	0	
1419754977932518074	CPU_4	18.18	0	36.36	0	44.31	1.13	0	0	0	
1419754978815039045	CPU_4	15.73	0	37.07	1.12	44.94	0	1.12	0	0	
1419754979680034264	CPU_4	15.29	0	38.82	0	44.70	1.17	0	0	0	
1419754980525342279	CPU_4	12.64	0	40.22	0	45.97	1.14	0	0	0	
1419754981411177868	CPU_4	9.30	0	41.86	0	46.51	1.16	1.16	0	0	
1419754982288769392	CPU_4	13.79	0	41.37	0	43.67	1.14	0	0	0	
1419754983158317518	CPU_4	17.97	0	35.95	0	44.94	1.12	0	0	0	
1419754984029287265	CPU_4	14.94	0	40.22	0	43.67	1.14	0	0	0	
1419754984931315566	CPU_4	12.50	0	37.50	0	47.72	1.13	1.13	0	0	
1419754985807994384	CPU_4	12.64	0	37.93	0	48.27	1.14	0	0	0	
1419754986707145359	CPU_4	13.18	0	40.65	0	45.05	1.09	0	0	0	
1419754987610323282	CPU_4	18.68	0	32.96	0	46.15	1.09	1.09	0	0	
1419754988491507965	CPU_4	14.77	0	40.90	0	44.31	0	0	0	0	
1419754989367189826	CPU_4	15.73	0	38.20	0	44.94	1.12	0	0	0	
1419754990230312009	CPU_4	13.95	0	37.20	0	46.51	1.16	1.16	0	0	
1419754991086775331	CPU_4	14.94	0	40.22	0	43.67	1.14	0	0	0	
1419754991958271578	CPU_4	16.09	0	36.78	0	45.97	1.14	0	0	0	
1419754992830293031	CPU_4	16.09	0	39.08	0	43.67	1.14	0	0	0	
1419754993693514255	CPU_4	17.24	0	35.63	0	44.82	1.14	1.14	0	0	
1419754994570609238	CPU_4	14.94	0	39.08	0	44.82	1.14	0	0	0	
1419754995473964495	CPU_4	18.39	0	24.13	0	57.47	0	0	0	0	
1419754996336355262	CPU_4	41.05	0	21.05	0	35.78	1.05	1.05	0	0	
1419754997315840969	CPU_4	43.02	0	23.25	0	32.55	1.16	0	0	0	
1419754998268142404	CPU_4	38.46	0	28.20	0	32.05	1.28	0	0	0	
1419754999243728120	CPU_4	54.78	0	19.13	0	24.34	.86	.86	0	0	
1419755000191750607	CPU_4	41.90	0	34.28	0	23.80	0	0	0	0	
1419755001156023140	CPU_4	52.94	0	20.58	0	25.49	.98	0	0	0	
1419755002094749648	CPU_4	48.45	0	22.68	0	26.80	1.03	1.03	0	0	
1419755003049749036	CPU_4	37.14	0	24.28	0	37.14	1.42	0	0	0	
1419755003985359552	CPU_4	32.30	0	26.15	0	41.53	0	0	0	0	
1419755004962939263	CPU_4	41.97	0	23.45	0	32.09	1.23	1.23	0	0	
1419755005928027752	CPU_4	51.61	0	20.43	0	26.88	1.07	0	0	0	
1419755006950065027	CPU_4	35.71	0	27.55	0	34.69	1.02	1.02	0	0	
1419755007763203366	CPU_4	19.31	0	18.18	0	62.50	0	0	0	0	
1419755008705809241	CPU_4	51.00	0	22.00	1.00	25.00	1.00	0	0	0	
1419755009673684391	CPU_4	55.44	0	17.82	0	24.75	.99	.99	0	0	
1419755010611362860	CPU_4	43.95	0	27.47	0	27.47	1.09	0	0	0	
1419755011566845288	CPU_4	44.32	0	26.80	0	27.83	1.03	0	0	0	
1419755012514245360	CPU_4	46.23	0	25.80	0	26.88	0	1.07	0	0	
1419755013475832524	CPU_4	53.21	0	22.93	0	22.93	.91	0	0	0	
1419755014442249052	CPU_4	48.95	0	22.91	0	27.08	1.04	0	0	0	
1419755015416136772	CPU_4	54.38	0	21.05	0	22.80	.87	.87	0	0	
1419755016376315481	CPU_4	38.88	0	31.11	0	28.88	1.11	0	0	0	
1419755017344807504	CPU_4	40.00	0	27.50	0	32.50	0	0	0	0	
1419755018313375236	CPU_4	45.34	0	20.93	0	31.39	1.16	1.16	0	0	
1419755019276427813	CPU_4	38.37	0	29.06	0	31.39	1.16	0	0	0	
1419755020248113496	CPU_4	45.65	0	25.00	0	28.26	1.08	0	0	0	
1419755021202386594	CPU_4	42.68	0	24.39	0	30.48	1.21	1.21	0	0	
1419755022181248968	CPU_4	53.39	0	21.35	0	25.24	0	0	0	0	
1419755023159346886	CPU_4	33.70	0	40.44	0	24.71	1.12	0	0	0	
1419755024187386731	CPU_4	58.82	0	35.29	0	3.92	.98	.98	0	0	
1419755025178294911	CPU_4	41.58	0	53.46	0	3.96	.99	0	0	0	
1419755026129982223	CPU_4	61.61	0	33.33	0	3.03	1.01	1.01	0	0	
1419755027124269479	CPU_4	59.13	0	35.48	0	4.30	1.07	0	0	0	
1419755028134306449	CPU_4	69.00	0	25.00	0	4.00	1.00	1.00	0	0	
1419755029154656228	CPU_4	51.96	0	44.11	0	3.92	0	0	0	0	
1419755030189391682	CPU_4	57.42	0	35.64	0	4.95	.99	.99	0	0	
1419755031183300647	CPU_4	73.26	0	21.78	0	3.96	.99	0	0	0	
1419755032214345610	CPU_4	63.80	0	30.47	0	3.80	.95	.95	0	0	
1419755033222894416	CPU_4	55.00	0	41.00	0	3.00	1.00	0	0	0	
1419755034249323723	CPU_4	50.48	0	41.74	.97	4.85	.97	.97	0	0	
1419755035258965569	CPU_4	54.08	0	41.83	0	3.06	1.02	0	0	0	
1419755036274284026	CPU_4	50.96	0	42.30	0	4.80	.96	.96	0	0	
1419755037277684844	CPU_4	60.60	0	35.35	0	4.04	0	0	0	0	
1419755038284230613	CPU_4	55.00	0	39.00	0	4.00	1.00	1.00	0	0	
1419755039299324405	CPU_4	56.73	0	38.46	0	3.84	.96	0	0	0	
1419755040307384212	CPU_4	59.40	0	35.64	0	2.97	.99	.99	0	0	
1419755041339293131	CPU_4	59.22	0	34.95	0	4.85	.97	0	0	0	
1419755042334350010	CPU_4	61.85	0	32.98	0	3.09	1.03	1.03	0	0	
1419755043358483781	CPU_4	65.68	0	29.41	0	3.92	.98	0	0	0	
1419755044387452790	CPU_4	58.65	0	33.65	.96	5.76	0	.96	0	0	
1419755045394013726	CPU_4	65.68	0	32.35	0	.98	.98	0	0	0	
1419755046344059750	CPU_4	91.57	0	6.31	0	0	1.05	1.05	0	0	
1419755047346404612	CPU_4	93.61	0	6.38	0	0	0	0	0	0	
1419755048484665370	CPU_4	93.27	0	5.88	0	0	.84	0	0	0	
1419755049444065706	CPU_4	93.81	0	4.12	0	0	1.03	1.03	0	0	
1419755050444124032	CPU_4	94.00	0	6.00	0	0	0	0	0	0	
1419755051394010765	CPU_4	91.57	0	7.36	0	0	1.05	0	0	0	
1419755052359057546	CPU_4	90.72	0	8.24	0	0	0	1.03	0	0	
1419755053314040351	CPU_4	93.68	0	5.26	0	0	1.05	0	0	0	
1419755054269317029	CPU_4	73.95	0	23.95	0	0	1.04	1.04	0	0	
1419755055214402648	CPU_4	70.21	0	29.78	0	0	0	0	0	0	
1419755056169313036	CPU_4	72.91	0	25.00	0	0	1.04	1.04	0	0	
1419755057119368894	CPU_4	65.26	0	32.63	0	0	1.05	1.05	0	0	
1419755058064365096	CPU_4	66.31	0	32.63	0	0	1.05	0	0	0	
1419755059004181519	CPU_4	66.30	0	32.60	0	0	0	1.08	0	0	
1419755059954432334	CPU_4	60.82	0	37.11	0	0	1.03	1.03	0	0	
1419755060904299317	CPU_4	64.89	0	34.04	0	0	1.06	0	0	0	
1419755061844416655	CPU_4	65.95	0	31.91	0	0	1.06	1.06	0	0	
1419755062774277351	CPU_4	62.36	0	36.55	0	0	0	1.07	0	0	
1419755063706725832	CPU_4	65.95	0	32.97	0	0	1.06	0	0	0	
1419755064654348029	CPU_4	67.02	0	30.85	0	0	1.06	1.06	0	0	
1419755065614383655	CPU_4	62.50	0	35.41	0	0	1.04	1.04	0	0	
1419755066564320512	CPU_4	73.68	0	26.31	0	0	0	0	0	0	
1419755067504387434	CPU_4	63.82	0	34.04	0	0	1.06	1.06	0	0	
1419755068444441273	CPU_4	68.42	0	29.47	0	0	1.05	1.05	0	0	
1419755069389276768	CPU_4	65.95	0	32.97	0	0	1.06	0	0	0	
1419755070339248042	CPU_4	84.04	0	14.89	0	0	0	1.06	0	0	
1419755071294249805	CPU_4	80.20	0	18.75	0	0	1.04	0	0	0	
1419755072239270757	CPU_4	82.10	0	16.84	0	0	1.05	0	0	0	
1419755073189342573	CPU_4	76.84	0	22.10	0	0	0	1.05	0	0	
1419755074139286514	CPU_4	79.78	0	19.14	0	0	1.06	0	0	0	
1419755075104263920	CPU_4	78.35	0	20.61	0	0	1.03	0	0	0	
1419755076054247903	CPU_4	78.94	0	20.00	0	0	0	1.05	0	0	
1419755077004383968	CPU_4	78.12	0	20.83	0	0	1.04	0	0	0	
1419755077939263861	CPU_4	83.87	0	13.97	0	0	1.07	1.07	0	0	
1419755078894521831	CPU_4	82.10	0	17.89	0	0	0	0	0	0	
1419755079859200113	CPU_4	81.44	0	17.52	0	0	1.03	0	0	0	
1419755080829560341	CPU_4	82.29	0	15.62	0	0	1.04	1.04	0	0	
1419755081814196785	CPU_4	77.77	0	22.22	0	0	0	0	0	0	
1419755082774136537	CPU_4	84.21	0	14.73	0	0	1.05	0	0	0	
1419755083714197417	CPU_4	82.10	0	15.78	0	0	1.05	1.05	0	0	
1419755084659435536	CPU_4	79.78	0	20.21	0	0	0	0	0	0	
1419755085614226841	CPU_4	79.16	0	19.79	0	0	1.04	0	0	0	
1419755086559514834	CPU_4	80.00	0	17.89	0	0	1.05	1.05	0	0	
1419755087504132662	CPU_4	82.97	0	17.02	0	0	0	0	0	0	
1419755088439234679	CPU_4	81.72	0	17.20	0	0	1.07	0	0	0	
1419755089399234347	CPU_4	76.28	0	21.64	0	0	1.03	1.03	0	0	
1419755090339182019	CPU_4	77.41	0	22.58	0	0	0	0	0	0	
1419755091284225347	CPU_4	77.89	0	21.05	0	0	1.05	0	0	0	
1419755092229356840	CPU_4	85.10	0	13.82	0	0	0	1.06	0	0	
1419755093179267323	CPU_4	80.00	0	18.94	0	0	1.05	0	0	0	
1419755094129195681	CPU_4	80.00	0	18.94	0	0	1.05	0	0	0	
1419755095076150254	CPU_4	68.42	0	21.05	0	9.47	0	1.05	0	0	
1419755096003090706	CPU_4	17.04	0	21.59	0	60.22	1.13	0	0	0	
1419755096903611219	CPU_4	18.47	0	28.26	0	52.17	1.08	0	0	0	
1419755097883201467	CPU_4	47.42	0	31.95	0	19.58	0	1.03	0	0	
1419755098850888159	CPU_4	44.21	0	37.89	0	16.84	1.05	0	0	0	
1419755099822201426	CPU_4	50.00	0	35.10	0	12.76	1.06	1.06	0	0	
1419755100803180754	CPU_4	51.02	0	35.71	0	12.24	1.02	0	0	0	
1419755101794313933	CPU_4	52.63	0	31.57	0	13.68	1.05	1.05	0	0	
1419755102796271505	CPU_4	46.93	0	39.79	0	13.26	0	0	0	0	
1419755103793450379	CPU_4	52.08	0	34.37	0	12.50	1.04	0	0	0	
1419755104770167675	CPU_4	45.36	0	39.17	0	13.40	1.03	1.03	0	0	
1419755105752704333	CPU_4	50.00	0	36.73	0	12.24	1.02	0	0	0	
1419755106722514145	CPU_4	53.68	0	31.57	0	12.63	1.05	1.05	0	0	
1419755107705778009	CPU_4	50.00	0	36.17	0	13.82	0	0	0	0	
1419755108721461049	CPU_4	55.00	0	31.00	0	12.00	1.00	1.00	0	0	
1419755109699696300	CPU_4	49.49	0	35.35	1.01	13.13	1.01	0	0	0	
1419755110802997972	CPU_4	47.61	0	36.19	0	14.28	.95	.95	0	0	
1419755111825561913	CPU_4	49.52	0	31.42	0	18.09	.95	0	0	0	
1419755112838809750	CPU_4	49.01	0	33.33	0	15.68	.98	.98	0	0	
1419755113837642995	CPU_4	50.49	0	33.66	0	15.84	0	0	0	0	
1419755114806115435	CPU_4	52.17	0	33.69	0	13.04	1.08	0	0	0	
1419755115784776310	CPU_4	48.95	0	36.45	0	12.50	1.04	1.04	0	0	
1419755116800304850	CPU_4	52.04	0	32.65	0	14.28	1.02	0	0	0	
1419755117791830112	CPU_4	53.06	0	31.63	0	13.26	1.02	1.02	0	0	
1419755118776169974	CPU_4	55.10	0	32.65	0	12.24	0	0	0	0	
1419755119771129270	CPU_4	55.20	0	30.20	0	12.50	1.04	1.04	0	0	
1419755120776069543	CPU_4	46.93	0	38.77	0	13.26	1.02	0	0	0	
1419755121747101519	CPU_4	50.51	0	34.02	0	13.40	1.03	1.03	0	0	
1419755122745584224	CPU_4	52.08	0	33.33	0	13.54	1.04	0	0	0	
1419755123731061041	CPU_4	54.63	0	31.95	0	13.40	0	0	0	0	
1419755124736129522	CPU_4	51.51	0	34.34	0	12.12	1.01	1.01	0	0	
1419755125760453292	CPU_4	50.49	0	34.65	0	13.86	.99	0	0	0	
1419755126732490932	CPU_4	47.36	0	36.84	0	13.68	1.05	1.05	0	0	
1419755127706794609	CPU_4	50.51	0	36.08	0	12.37	1.03	0	0	0	
1419755128726191724	CPU_4	49.50	0	33.66	0	15.84	0	.99	0	0	
1419755129693427167	CPU_4	47.36	0	40.00	0	11.57	1.05	0	0	0	
1419755130649098011	CPU_4	83.15	0	14.73	0	1.05	1.05	0	0	0	
1419755131619097114	CPU_4	93.75	0	5.20	0	0	0	1.04	0	0	
1419755132574120585	CPU_4	92.70	0	6.25	0	0	1.04	0	0	0	
1419755133524133151	CPU_4	94.73	0	4.21	0	0	1.05	0	0	0	
1419755134474119717	CPU_4	91.66	0	7.29	0	0	0	1.04	0	0	
1419755135439095499	CPU_4	93.68	0	5.26	0	0	1.05	0	0	0	
1419755136399139792	CPU_4	92.70	0	7.29	0	0	0	0	0	0	
1419755137349183941	CPU_4	94.79	0	3.12	0	0	1.04	1.04	0	0	
1419755138299142173	CPU_4	93.68	0	6.31	0	0	0	0	0	0	
1419755139264173455	CPU_4	93.75	0	5.20	0	0	1.04	0	0	0	
1419755140209086366	CPU_4	88.54	0	9.37	0	0	1.04	1.04	0	0	
1419755141154111693	CPU_4	94.62	0	5.37	0	0	0	0	0	0	
1419755142104165134	CPU_4	92.63	0	6.31	0	0	1.05	0	0	0	
1419755143054145116	CPU_4	94.79	0	5.20	0	0	0	0	0	0	
1419755144004137016	CPU_4	91.57	0	6.31	0	0	1.05	1.05	0	0	
1419755144964081892	CPU_4	93.68	0	6.31	0	0	0	0	0	0	
1419755145914123041	CPU_4	92.63	0	6.31	0	0	1.05	0	0	0	
1419755146864135357	CPU_4	92.70	0	5.20	0	0	1.04	1.04	0	0	
1419755147819133161	CPU_4	94.73	0	5.26	0	0	0	0	0	0	
1419755148764081989	CPU_4	91.57	0	7.36	0	0	1.05	0	0	0	
1419755149729120478	CPU_4	93.75	0	5.20	0	0	0	1.04	0	0	
1419755150664153537	CPU_4	93.61	0	5.31	0	0	1.06	0	0	0	
1419755151614231853	CPU_4	94.68	0	5.31	0	0	0	0	0	0	
1419755152574141229	CPU_4	89.58	0	9.37	0	0	1.04	0	0	0	
1419755153539114219	CPU_4	89.79	0	8.16	0	0	1.02	1.02	0	0	
1419755154504120709	CPU_4	94.73	0	5.26	0	0	0	0	0	0	
1419755155454127066	CPU_4	92.63	0	6.31	0	0	1.05	0	0	0	
1419755156404052966	CPU_4	92.55	0	6.38	0	0	0	1.06	0	0	
1419755157349083376	CPU_4	91.66	0	7.29	0	0	1.04	0	0	0	
1419755158294145037	CPU_4	95.74	0	4.25	0	0	0	0	0	0	
1419755159244108895	CPU_4	89.58	0	8.33	0	0	1.04	1.04	0	0	
1419755160204089313	CPU_4	93.75	0	6.25	0	0	0	0	0	0	
1419755161159075992	CPU_4	93.54	0	5.37	0	0	1.07	0	0	0	
1419755162099189956	CPU_4	91.66	0	7.29	0	0	1.04	0	0	0	
1419755163054149510	CPU_4	93.68	0	5.26	0	0	0	1.05	0	0	
1419755164009103190	CPU_4	92.78	0	6.18	0	0	1.03	0	0	0	
1419755164959160839	CPU_4	93.61	0	6.38	0	0	0	0	0	0	
1419755165924038787	CPU_4	93.75	0	4.16	0	0	1.04	1.04	0	0	
1419755166859037304	CPU_4	93.61	0	6.38	0	0	0	0	0	0	
1419755167809572619	CPU_4	90.42	0	8.51	0	0	1.06	0	0	0	
1419755168759056728	CPU_4	91.66	0	7.29	0	0	1.04	0	0	0	
1419755169719102770	CPU_4	91.66	0	7.29	0	0	0	1.04	0	0	
1419755170664039556	CPU_4	92.63	0	6.31	0	0	1.05	0	0	0	
1419755171624157182	CPU_4	94.73	0	5.26	0	0	0	0	0	0	
1419755172564124480	CPU_4	91.57	0	6.31	0	0	1.05	1.05	0	0	
1419755173574124366	CPU_4	93.61	0	6.38	0	0	0	0	0	0	
1419755174669047224	CPU_4	93.96	0	5.17	0	0	.86	0	0	0	
1419755175644205398	CPU_4	91.83	0	6.12	0	0	1.02	1.02	0	0	
1419755176624093645	CPU_4	92.85	0	7.14	0	0	0	0	0	0	
1419755177566427312	CPU_4	92.55	0	6.38	0	0	1.06	0	0	0	
1419755178504111240	CPU_4	92.55	0	6.38	0	0	0	1.06	0	0	
1419755179454136056	CPU_4	92.63	0	6.31	0	0	1.05	0	0	0	
1419755180419119087	CPU_4	93.75	0	5.20	0	0	1.04	0	0	0	
1419755181374105433	CPU_4	92.63	0	7.36	0	0	0	0	0	0	
1419755182324514040	CPU_4	91.66	0	6.25	0	0	1.04	1.04	0	0	
1419755183269168951	CPU_4	94.68	0	5.31	0	0	0	0	0	0	
1419755184243396795	CPU_4	77.41	0	16.12	0	5.37	1.07	0	0	0	
1419755185193230736	CPU_4	10.75	0	54.83	0	32.25	1.07	1.07	0	0	
1419755186127536630	CPU_4	7.14	0	60.20	0	30.61	1.02	1.02	0	0	
1419755187243157773	CPU_4	5.55	0	32.40	0	60.18	1.85	0	0	0	
1419755188228505800	CPU_4	8.73	0	58.25	0	30.09	1.94	.97	0	0	
1419755189204226098	CPU_4	6.25	0	60.41	0	30.20	2.08	1.04	0	0	
1419755190180480520	CPU_4	5.55	0	31.11	0	62.22	1.11	0	0	0	
1419755191014119645	CPU_4	4.70	0	25.88	0	67.05	1.17	1.17	0	0	
1419755191920359895	CPU_4	7.52	0	61.29	0	29.03	1.07	1.07	0	0	
1419755192910103745	CPU_4	8.51	0	59.57	0	29.78	2.12	0	0	0	
1419755193828927091	CPU_4	10.75	0	56.98	1.07	27.95	2.15	1.07	0	0	
1419755194823596720	CPU_4	7.07	0	62.62	0	28.28	1.01	1.01	0	0	
1419755195851819648	CPU_4	7.21	0	56.70	0	32.98	2.06	1.03	0	0	
1419755196842205496	CPU_4	11.22	0	56.12	0	31.63	1.02	0	0	0	
1419755197895265492	CPU_4	10.20	0	56.12	0	31.63	1.02	1.02	0	0	
1419755198822546693	CPU_4	9.37	0	59.37	0	29.16	1.04	1.04	0	0	
1419755199809053842	CPU_4	7.44	0	58.51	0	30.85	2.12	1.06	0	0	
1419755200780641858	CPU_4	8.79	0	54.94	0	35.16	1.09	0	0	0	
1419755201618935681	CPU_4	3.48	0	34.88	0	59.30	1.16	1.16	0	0	
1419755202521382939	CPU_4	8.98	0	57.30	0	32.58	1.12	0	0	0	
1419755203519972435	CPU_4	8.16	0	63.26	1.02	22.44	4.08	1.02	0	0	
1419755204462083603	CPU_4	10.75	0	56.98	0	29.03	2.15	1.07	0	0	
1419755205405557017	CPU_4	12.63	0	56.84	0	28.42	1.05	1.05	0	0	
1419755206423341052	CPU_4	8.24	0	58.76	0	29.89	3.09	0	0	0	
1419755207420273177	CPU_4	6.00	0	63.00	0	29.00	1.00	1.00	0	0	
1419755208410280400	CPU_4	10.63	0	56.38	0	30.85	1.06	1.06	0	0	
1419755209318960561	CPU_4	9.57	0	58.51	0	29.78	1.06	1.06	0	0	
1419755210368734023	CPU_4	8.82	0	57.84	0	30.39	1.96	.98	0	0	
1419755211298837926	CPU_4	8.69	0	60.86	0	29.34	1.08	0	0	0	
1419755212300912497	CPU_4	6.31	0	57.89	0	33.68	1.05	1.05	0	0	
1419755213276020631	CPU_4	9.09	0	58.58	0	30.30	1.01	1.01	0	0	
1419755214225011657	CPU_4	7.44	0	58.51	0	30.85	2.12	1.06	0	0	
1419755215232788507	CPU_4	12.24	0	56.12	0	30.61	1.02	0	0	0	
1419755216226203056	CPU_4	8.24	0	59.79	1.03	27.83	2.06	1.03	0	0	
1419755217161294156	CPU_4	6.45	0	62.36	0	27.95	2.15	1.07	0	0	
1419755218072958602	CPU_4	8.42	0	60.00	0	29.47	1.05	1.05	0	0	
1419755219142268977	CPU_4	7.00	0	61.00	0	30.00	2.00	0	0	0	
1419755220089875132	CPU_4	10.41	0	57.29	0	30.20	1.04	1.04	0	0	
1419755221062054563	CPU_4	7.44	0	60.63	0	28.72	2.12	1.06	0	0	
1419755222055630612	CPU_4	10.30	0	55.67	0	30.92	2.06	1.03	0	0	
1419755223048787996	CPU_4	6.18	0	60.82	1.03	30.92	1.03	0	0	0	
1419755224008800539	CPU_4	8.51	0	57.44	0	30.85	2.12	1.06	0	0	
1419755225031239855	CPU_4	7.44	0	58.51	0	30.85	2.12	1.06	0	0	
1419755225996390719	CPU_4	8.33	0	59.37	0	29.16	2.08	1.04	0	0	
1419755226980045958	CPU_4	9.27	0	57.73	0	31.95	1.03	0	0	0	
1419755227961351035	CPU_4	6.66	0	61.90	.95	27.61	1.90	.95	0	0	
1419755228938481455	CPU_4	10.41	0	60.41	0	26.04	2.08	1.04	0	0	
1419755229916416040	CPU_4	8.60	0	58.06	0	31.18	1.07	1.07	0	0	
1419755230902177857	CPU_4	7.69	0	60.43	0	29.67	2.19	0	0	0	
1419755231916117776	CPU_4	9.09	0	56.56	0	32.32	1.01	1.01	0	0	
1419755232902570175	CPU_4	10.10	0	60.60	0	25.25	3.03	1.01	0	0	
1419755233871225656	CPU_4	4.16	0	62.50	0	31.25	1.04	1.04	0	0	
1419755234859342843	CPU_4	8.79	0	57.14	0	32.96	1.09	0	0	0	
1419755235806057458	CPU_4	7.07	0	62.62	1.01	26.26	2.02	1.01	0	0	
1419755236906209595	CPU_4	5.88	0	61.76	0	25.49	5.88	.98	0	0	
1419755237858895530	CPU_4	8.73	0	57.28	.97	28.15	3.88	.97	0	0	
1419755238913983896	CPU_4	8.49	0	56.60	0	30.18	3.77	.94	0	0	
1419755239989498715	CPU_4	10.00	0	59.00	0	27.00	4.00	0	0	0	
1419755240935586248	CPU_4	6.52	0	61.95	0	29.34	1.08	1.08	0	0	
1419755241879186370	CPU_4	4.00	0	65.00	1.00	28.00	1.00	1.00	0	0	
1419755242862431193	CPU_4	9.27	0	55.67	0	32.98	1.03	1.03	0	0	
1419755243886210589	CPU_4	7.21	0	60.82	0	29.89	2.06	0	0	0	
1419755244874628734	CPU_4	10.41	0	57.29	0	29.16	2.08	1.04	0	0	
1419755245799372899	CPU_4	9.27	0	60.82	0	26.80	2.06	1.03	0	0	
1419755246796507690	CPU_4	6.38	0	62.76	0	28.72	1.06	1.06	0	0	
1419755247758498603	CPU_4	10.52	0	56.84	0	31.57	1.05	0	0	0	
1419755248680603858	CPU_4	5.26	0	62.10	0	29.47	2.10	1.05	0	0	
1419755249677541608	CPU_4	11.70	0	55.31	1.06	28.72	2.12	1.06	0	0	
1419755250601774358	CPU_4	7.44	0	60.63	0	29.78	1.06	1.06	0	0	
1419755251661406172	CPU_4	7.76	0	61.16	0	27.18	2.91	.97	0	0	
1419755252594754651	CPU_4	9.57	0	58.51	0	30.85	1.06	0	0	0	
1419755253609328069	CPU_4	5.37	0	60.21	0	32.25	1.07	1.07	0	0	
1419755254495033199	CPU_4	11.57	0	56.84	1.05	27.36	2.10	1.05	0	0	
1419755255496120564	CPU_4	10.52	0	61.05	0	27.36	1.05	0	0	0	
1419755256464957420	CPU_4	11.11	0	57.57	0	28.28	2.02	1.01	0	0	
1419755257453113732	CPU_4	8.24	0	60.82	0	27.83	2.06	1.03	0	0	
1419755258424970206	CPU_4	6.12	0	62.24	0	28.57	2.04	1.02	0	0	
1419755259372419027	CPU_4	11.34	0	57.73	0	28.86	2.06	0	0	0	
1419755260308040918	CPU_4	11.82	0	56.98	0	27.95	2.15	1.07	0	0	
1419755261310195531	CPU_4	7.07	0	62.62	0	27.27	2.02	1.01	0	0	
1419755262249973703	CPU_4	7.69	0	60.43	0	28.57	2.19	1.09	0	0	
1419755263266669699	CPU_4	9.18	0	60.20	0	28.57	2.04	0	0	0	
1419755264246237114	CPU_4	7.07	0	60.60	0	30.30	1.01	1.01	0	0	
1419755265245587566	CPU_4	10.52	0	56.84	0	29.47	2.10	1.05	0	0	
1419755266259223694	CPU_4	6.12	0	62.24	0	28.57	2.04	1.02	0	0	
1419755267169914767	CPU_4	7.60	0	59.78	0	31.52	1.08	0	0	0	
1419755268161267030	CPU_4	10.52	0	56.84	0	29.47	2.10	1.05	0	0	
1419755269161470105	CPU_4	7.14	0	58.16	0	32.65	1.02	1.02	0	0	
1419755270146812006	CPU_4	9.57	0	55.31	0	31.91	2.12	1.06	0	0	
1419755271094560536	CPU_4	11.34	0	57.73	0	29.89	1.03	0	0	0	
1419755272113528276	CPU_4	8.51	0	57.44	0	30.85	2.12	1.06	0	0	
1419755273089716949	CPU_4	5.26	0	62.10	0	29.47	2.10	1.05	0	0	
1419755274063789501	CPU_4	11.45	0	56.25	0	30.20	1.04	1.04	0	0	
1419755274985609548	CPU_4	5.37	0	63.44	0	29.03	2.15	0	0	0	
1419755276003911541	CPU_4	7.14	0	60.20	1.02	28.57	2.04	1.02	0	0	
1419755276889775421	CPU_4	6.52	0	59.78	0	31.52	1.08	1.08	0	0	
1419755277886282880	CPU_4	7.44	0	56.38	0	34.04	1.06	1.06	0	0	
1419755278878264432	CPU_4	5.31	0	63.82	0	29.78	1.06	0	0	0	
1419755279810657080	CPU_4	6.25	0	61.45	0	30.20	1.04	1.04	0	0	
1419755280831495983	CPU_4	8.91	0	58.41	0	29.70	1.98	.99	0	0	
1419755281798069386	CPU_4	7.29	0	58.33	1.04	30.20	2.08	1.04	0	0	
1419755282748204910	CPU_4	7.86	0	59.55	0	31.46	1.12	0	0	0	
1419755283705270793	CPU_4	7.44	0	59.57	0	30.85	1.06	1.06	0	0	
1419755284653372988	CPU_4	9.67	0	58.06	0	30.10	1.07	1.07	0	0	
1419755285602642806	CPU_4	8.16	0	60.20	0	29.59	2.04	0	0	0	
1419755286568406502	CPU_4	6.38	0	63.82	0	27.65	1.06	1.06	0	0	
1419755287557053479	CPU_4	2.08	0	62.50	0	32.29	2.08	1.04	0	0	
1419755288479973357	CPU_4	7.60	0	59.78	1.08	28.26	2.17	1.08	0	0	
1419755289487852249	CPU_4	7.36	0	61.05	0	28.42	3.15	0	0	0	
1419755290432775493	CPU_4	6.45	0	61.29	0	30.10	1.07	1.07	0	0	
1419755291430401033	CPU_4	7.14	0	59.18	0	31.63	1.02	1.02	0	0	
1419755292399678637	CPU_4	8.73	0	60.19	0	29.12	.97	.97	0	0	
1419755293359839472	CPU_4	9.37	0	57.29	0	31.25	2.08	0	0	0	
1419755294363453914	CPU_4	10.52	0	55.78	0	31.57	1.05	1.05	0	0	
1419755295326292117	CPU_4	9.09	0	59.59	0	29.29	1.01	1.01	0	0	
1419755296385326183	CPU_4	7.84	0	59.80	0	29.41	1.96	.98	0	0	
1419755297377017986	CPU_4	8.16	0	61.22	0	28.57	1.02	1.02	0	0	
1419755298328156466	CPU_4	7.60	0	58.69	0	31.52	2.17	0	0	0	
1419755299429861308	CPU_4	10.78	0	59.80	0	26.47	1.96	.98	0	0	
1419755300359762378	CPU_4	8.91	0	58.41	0	25.74	5.94	.99	0	0	
1419755301317982509	CPU_4	7.76	0	60.19	.97	26.21	3.88	.97	0	0	
1419755302377714447	CPU_4	9.27	0	58.76	0	27.83	4.12	0	0	0	
1419755303408187370	CPU_4	9.43	0	58.49	0	29.24	1.88	.94	0	0	
1419755304355894524	CPU_4	10.00	0	59.00	0	29.00	1.00	1.00	0	0	
1419755305293514827	CPU_4	8.79	0	59.34	0	28.57	2.19	1.09	0	0	
1419755306309513616	CPU_4	8.08	0	59.59	1.01	30.30	1.01	0	0	0	
1419755307345653234	CPU_4	7.00	0	61.00	0	29.00	2.00	1.00	0	0	
1419755308295051093	CPU_4	12.62	0	57.28	0	28.15	.97	.97	0	0	
1419755309318017908	CPU_4	9.00	0	60.00	0	28.00	2.00	1.00	0	0	
1419755310241205994	CPU_4	7.52	0	61.29	0	30.10	1.07	0	0	0	
1419755311175019389	CPU_4	5.61	0	61.79	0	29.21	2.24	1.12	0	0	
1419755312133437393	CPU_4	6.25	0	62.50	0	29.16	1.04	1.04	0	0	
1419755313039848851	CPU_4	7.52	0	61.29	0	29.03	1.07	1.07	0	0	
1419755314078003506	CPU_4	6.93	0	62.37	.99	27.72	1.98	0	0	0	
1419755315086321646	CPU_4	9.18	0	57.14	0	30.61	2.04	1.02	0	0	
1419755316032315763	CPU_4	12.50	0	56.25	0	29.16	1.04	1.04	0	0	
1419755317049926340	CPU_4	8.24	0	58.76	0	29.89	2.06	1.03	0	0	
1419755317980894825	CPU_4	9.47	0	60.00	0	29.47	1.05	0	0	0	
1419755318973948375	CPU_4	7.14	0	60.20	0	29.59	2.04	1.02	0	0	
1419755320028557034	CPU_4	8.00	0	63.00	0	27.00	1.00	1.00	0	0	
1419755320992954733	CPU_4	7.36	0	58.94	1.05	29.47	2.10	1.05	0	0	
1419755321992368644	CPU_4	10.41	0	57.29	0	30.20	1.04	1.04	0	0	
1419755322962556205	CPU_4	8.24	0	59.79	0	30.92	1.03	0	0	0	
1419755323948495230	CPU_4	10.89	0	55.44	0	30.69	1.98	.99	0	0	
1419755324925199984	CPU_4	9.57	0	56.38	0	31.91	1.06	1.06	0	0	
1419755325912708922	CPU_4	4.12	0	61.85	0	30.92	2.06	1.03	0	0	
1419755326915374326	CPU_4	7.14	0	59.18	1.02	31.63	1.02	0	0	0	
1419755327840076366	CPU_4	6.18	0	62.88	0	28.86	1.03	1.03	0	0	
1419755328837526781	CPU_4	7.14	0	58.16	0	31.63	2.04	1.02	0	0	
1419755329894895100	CPU_4	5.05	0	61.61	0	31.31	1.01	1.01	0	0	
1419755330842854379	CPU_4	8.24	0	59.79	1.03	28.86	2.06	0	0	0	
1419755331795091732	CPU_4	5.05	0	63.63	0	29.29	1.01	1.01	0	0	
1419755332788556198	CPU_4	9.57	0	58.51	0	29.78	1.06	1.06	0	0	
1419755333787014486	CPU_4	7.14	0	60.20	0	30.61	1.02	1.02	0	0	
1419755334748143401	CPU_4	11.82	0	56.98	0	30.10	1.07	0	0	0	
1419755335691402357	CPU_4	9.37	0	55.20	0	32.29	2.08	1.04	0	0	
1419755336660357213	CPU_4	10.00	0	58.00	1.00	29.00	1.00	1.00	0	0	
1419755337592396737	CPU_4	7.60	0	59.78	0	30.43	1.08	1.08	0	0	
1419755338624807613	CPU_4	5.94	0	62.37	0	29.70	1.98	0	0	0	
1419755339619180577	CPU_4	8.00	0	61.00	1.00	28.00	1.00	1.00	0	0	
1419755340532132228	CPU_4	8.60	0	56.98	0	32.25	1.07	1.07	0	0	
1419755341465909290	CPU_4	9.67	0	58.06	0	30.10	1.07	1.07	0	0	
1419755342589247915	CPU_4	63.88	0	30.55	0	4.62	.92	0	0	0	
1419755343754273737	CPU_4	65.25	0	30.50	0	2.54	.84	.84	0	0	
1419755344884190514	CPU_4	67.54	0	27.19	.87	2.63	.87	.87	0	0	
1419755345994247254	CPU_4	66.66	0	30.63	0	.90	.90	.90	0	0	
1419755347154274253	CPU_4	69.56	0	25.21	0	4.34	0	.86	0	0	
1419755348279349042	CPU_4	66.07	0	29.46	0	3.57	.89	0	0	0	
1419755349424280285	CPU_4	69.91	0	25.66	0	2.65	.88	.88	0	0	
1419755350559407967	CPU_4	65.78	0	29.82	0	2.63	.87	.87	0	0	
1419755351679305767	CPU_4	68.46	0	27.02	0	2.70	.90	.90	0	0	
1419755352809388835	CPU_4	70.79	0	26.54	0	1.76	0	.88	0	0	
1419755353964308805	CPU_4	71.30	0	25.21	0	2.60	.86	0	0	0	
1419755355109313298	CPU_4	68.42	0	28.94	0	.87	.87	.87	0	0	
1419755356244019272	CPU_4	70.17	0	25.43	0	2.63	.87	.87	0	0	
1419755357328168446	CPU_4	65.74	0	29.62	0	2.77	.92	.92	0	0	
1419755358284291123	CPU_4	69.47	0	26.31	0	4.21	0	0	0	0	
1419755359444205957	CPU_4	66.95	0	28.69	0	2.60	.86	.86	0	0	
1419755360544668552	CPU_4	56.30	0	30.25	1.68	10.08	.84	.84	0	0	
1419755361398925463	CPU_4	12.08	0	36.26	0	49.45	2.19	0	0	0	
1419755362423557565	CPU_4	8.04	0	39.08	0	47.12	4.59	1.14	0	0	
1419755363418855777	CPU_4	9.09	0	40.40	0	42.42	8.08	0	0	0	
1419755364301104707	CPU_4	11.11	0	32.22	0	52.22	3.33	1.11	0	0	
1419755365231915484	CPU_4	16.85	0	34.83	0	42.69	5.61	0	0	0	
1419755366074379505	CPU_4	15.38	0	34.06	0	47.25	3.29	0	0	0	
1419755367004715950	CPU_4	9.57	0	39.36	0	47.87	2.12	1.06	0	0	
1419755367843230438	CPU_4	15.95	0	31.91	0	51.06	1.06	0	0	0	
1419755368752332932	CPU_4	12.50	0	34.37	0	51.04	2.08	0	0	0	
1419755369643998382	CPU_4	13.40	0	35.05	0	48.45	2.06	1.03	0	0	
1419755370512887926	CPU_4	15.11	0	36.04	0	45.34	3.48	0	0	0	
1419755371379913224	CPU_4	7.69	0	39.56	0	50.54	2.19	0	0	0	
1419755372309839669	CPU_4	11.11	0	34.44	0	48.88	4.44	1.11	0	0	
1419755373280007814	CPU_4	12.87	0	33.66	0	51.48	1.98	0	0	0	
1419755374207134266	CPU_4	13.40	0	35.05	0	49.48	2.06	0	0	0	
1419755375079351677	CPU_4	8.69	0	38.04	0	50.00	2.17	1.08	0	0	
1419755375959517820	CPU_4	13.18	0	35.16	0	49.45	2.19	0	0	0	
1419755376878299041	CPU_4	14.28	0	34.69	0	48.97	2.04	0	0	0	
1419755377742293722	CPU_4	12.37	0	38.14	0	46.39	2.06	1.03	0	0	
1419755378666268347	CPU_4	9.37	0	37.50	0	51.04	2.08	0	0	0	
1419755379552201310	CPU_4	10.98	0	36.26	0	49.45	2.19	1.09	0	0	
1419755380403226896	CPU_4	11.11	0	37.77	0	48.88	2.22	0	0	0	
1419755381269961945	CPU_4	13.04	0	36.95	0	48.91	1.08	0	0	0	
1419755382270249187	CPU_4	5.31	0	25.53	0	65.95	2.12	1.06	0	0	
1419755383090418634	CPU_4	0	0	20.00	0	78.75	1.25	0	0	0	
1419755383899568107	CPU_4	14.13	0	29.34	0	55.43	1.08	0	0	0	
1419755384831055924	CPU_4	14.58	0	33.33	0	50.00	2.08	0	0	0	
1419755385714438310	CPU_4	13.68	0	33.68	0	49.47	2.10	1.05	0	0	
1419755386674306145	CPU_4	12.00	0	38.00	0	46.00	4.00	0	0	0	
1419755387657613717	CPU_4	10.10	0	38.38	0	48.48	2.02	1.01	0	0	
1419755388529209880	CPU_4	10.41	0	35.41	0	53.12	1.04	0	0	0	
1419755389468647887	CPU_4	11.82	0	34.40	0	51.61	2.15	0	0	0	
1419755390348077490	CPU_4	8.24	0	41.23	0	45.36	4.12	1.03	0	0	
1419755391254721031	CPU_4	14.58	0	35.41	0	47.91	2.08	0	0	0	
1419755392196635157	CPU_4	12.00	0	37.00	0	49.00	2.00	0	0	0	
1419755393089124938	CPU_4	12.76	0	35.10	0	48.93	2.12	1.06	0	0	
1419755393969608456	CPU_4	13.63	0	32.95	0	52.27	1.13	0	0	0	
1419755394878091450	CPU_4	11.34	0	37.11	0	48.45	3.09	0	0	0	
1419755395769531859	CPU_4	8.79	0	36.26	0	51.64	2.19	1.09	0	0	
1419755396679719683	CPU_4	15.05	0	32.25	0	50.53	2.15	0	0	0	
1419755397568405807	CPU_4	8.33	0	41.66	0	47.91	2.08	0	0	0	
1419755398434178400	CPU_4	12.22	0	32.22	0	52.22	2.22	1.11	0	0	
1419755399343367601	CPU_4	13.04	0	32.60	0	52.17	2.17	0	0	0	
1419755400250633474	CPU_4	12.76	0	35.10	0	50.00	2.12	0	0	0	
1419755401225562482	CPU_4	10.78	0	35.29	0	50.00	2.94	.98	0	0	
1419755402148646110	CPU_4	14.58	0	33.33	0	50.00	2.08	0	0	0	
1419755403060589472	CPU_4	11.57	0	34.73	0	50.52	2.10	1.05	0	0	
1419755403974085288	CPU_4	11.34	0	37.11	0	49.48	2.06	0	0	0	
1419755404851306563	CPU_4	9.78	0	39.13	0	48.91	2.17	0	0	0	
1419755405717382072	CPU_4	9.89	0	37.36	0	49.45	2.19	1.09	0	0	
1419755406617209420	CPU_4	15.68	0	35.29	0	47.05	1.96	0	0	0	
1419755407497508938	CPU_4	10.00	0	37.77	0	51.11	1.11	0	0	0	
1419755408343107077	CPU_4	11.49	0	33.33	0	51.72	2.29	1.14	0	0	
1419755409234418986	CPU_4	10.75	0	37.63	0	49.46	2.15	0	0	0	
1419755410145288850	CPU_4	11.45	0	37.50	0	48.95	2.08	0	0	0	
1419755410964288967	CPU_4	11.49	0	35.63	0	49.42	2.29	1.14	0	0	
1419755411879253155	CPU_4	10.52	0	35.78	0	51.57	2.10	0	0	0	
1419755412791673933	CPU_4	10.63	0	38.29	0	48.93	2.12	0	0	0	
1419755413677218272	CPU_4	13.00	0	37.00	0	47.00	2.00	1.00	0	0	
1419755414586558139	CPU_4	11.23	0	39.32	0	46.06	3.37	0	0	0	
1419755415478104048	CPU_4	11.70	0	36.17	0	50.00	2.12	0	0	0	
1419755416387899790	CPU_4	15.62	0	31.25	0	50.00	2.08	1.04	0	0	
1419755417292875959	CPU_4	11.57	0	36.84	0	49.47	2.10	0	0	0	
1419755418159663841	CPU_4	12.63	0	36.84	0	48.42	2.10	0	0	0	
1419755419024975602	CPU_4	10.75	0	35.48	0	51.61	1.07	1.07	0	0	
1419755419963082529	CPU_4	10.63	0	36.17	0	50.00	3.19	0	0	0	
1419755420901249788	CPU_4	11.95	0	35.86	0	50.00	2.17	0	0	0	
1419755421795113317	CPU_4	10.20	0	38.77	0	47.95	2.04	1.02	0	0	
1419755422702834813	CPU_4	11.34	0	36.08	0	50.51	2.06	0	0	0	
1419755423596118343	CPU_4	10.41	0	34.37	0	52.08	2.08	1.04	0	0	
1419755424492074241	CPU_4	9.67	0	37.63	0	50.53	2.15	0	0	0	
1419755425443700137	CPU_4	9.41	0	37.64	0	49.41	3.52	0	0	0	
1419755426393454578	CPU_4	8.69	0	38.04	0	46.73	5.43	1.08	0	0	
1419755427284242655	CPU_4	8.23	0	41.17	0	45.88	4.70	0	0	0	
1419755428202837377	CPU_4	10.34	0	34.48	0	49.42	5.74	0	0	0	
1419755429015378800	CPU_4	15.21	0	32.60	0	48.91	2.17	1.08	0	0	
1419755429893341865	CPU_4	10.52	0	38.94	1.05	48.42	1.05	0	0	0	
1419755430767447522	CPU_4	12.22	0	34.44	0	51.11	2.22	0	0	0	
1419755431636646982	CPU_4	9.78	0	38.04	0	48.91	2.17	1.08	0	0	
1419755432532026007	CPU_4	10.34	0	36.78	0	49.42	3.44	0	0	0	
1419755433450233687	CPU_4	9.75	0	36.58	0	50.00	3.65	0	0	0	
1419755434286936264	CPU_4	8.79	0	35.16	0	53.84	1.09	1.09	0	0	
1419755435198363043	CPU_4	11.11	0	36.66	0	47.77	4.44	0	0	0	
1419755436107310620	CPU_4	10.22	0	34.09	0	52.27	2.27	1.13	0	0	
1419755437022391892	CPU_4	7.69	0	38.46	0	51.64	2.19	0	0	0	
1419755437899375834	CPU_4	8.98	0	35.95	0	52.80	2.24	0	0	0	
1419755438772945450	CPU_4	7.77	0	38.88	0	50.00	2.22	1.11	0	0	
1419755439664025985	CPU_4	11.36	0	34.09	0	53.40	1.13	0	0	0	
1419755440596227592	CPU_4	7.60	0	40.21	0	50.00	2.17	0	0	0	
1419755441439252487	CPU_4	8.69	0	35.86	0	52.17	2.17	1.08	0	0	
1419755442380770989	CPU_4	10.20	0	37.75	0	50.00	2.04	0	0	0	
1419755443292340685	CPU_4	9.47	0	38.94	0	49.47	2.10	0	0	0	
1419755444203978922	CPU_4	14.00	0	34.00	0	49.00	2.00	1.00	0	0	
1419755445069698890	CPU_4	16.85	0	31.46	0	49.43	2.24	0	0	0	
1419755445994495473	CPU_4	7.95	0	38.63	0	50.00	3.40	0	0	0	
1419755446887903460	CPU_4	4.25	0	41.48	0	51.06	2.12	1.06	0	0	
1419755447820281192	CPU_4	10.22	0	34.09	0	54.54	1.13	0	0	0	
1419755448689355860	CPU_4	10.63	0	37.23	0	50.00	2.12	0	0	0	
1419755449565395679	CPU_4	13.04	0	34.78	0	48.91	2.17	1.08	0	0	
1419755450431963729	CPU_4	12.94	0	34.11	0	49.41	3.52	0	0	0	
1419755451355425356	CPU_4	8.69	0	36.95	0	52.17	2.17	0	0	0	
1419755452305925712	CPU_4	14.13	0	33.69	0	46.73	4.34	1.08	0	0	
1419755453178486248	CPU_4	8.60	0	38.70	0	51.61	1.07	0	0	0	
1419755454116904757	CPU_4	12.50	0	34.09	0	48.86	4.54	0	0	0	
1419755454957849115	CPU_4	6.38	0	40.42	0	50.00	2.12	1.06	0	0	
1419755455891731010	CPU_4	5.00	0	38.75	0	52.50	3.75	0	0	0	
1419755456789851153	CPU_4	9.18	0	37.75	0	51.02	1.02	1.02	0	0	
1419755457660087194	CPU_4	11.23	0	33.70	0	52.80	2.24	0	0	0	
1419755458570567476	CPU_4	9.78	0	36.95	0	51.08	2.17	0	0	0	
1419755459448994790	CPU_4	13.97	0	33.33	0	50.53	1.07	1.07	0	0	
1419755460312745262	CPU_4	9.09	0	35.22	0	53.40	2.27	0	0	0	
1419755461262262871	CPU_4	14.13	0	34.78	0	48.91	2.17	0	0	0	
1419755462147637336	CPU_4	7.52	0	34.40	0	54.83	2.15	1.07	0	0	
1419755463026344940	CPU_4	11.36	0	35.22	0	52.27	1.13	0	0	0	
1419755463923448669	CPU_4	7.69	0	38.46	0	51.64	2.19	0	0	0	
1419755464812199085	CPU_4	8.98	0	35.95	0	51.68	2.24	1.12	0	0	
1419755465669984112	CPU_4	10.86	0	39.13	0	48.91	1.08	0	0	0	
1419755466562699268	CPU_4	9.78	0	38.04	0	50.00	2.17	0	0	0	
1419755467499920489	CPU_4	5.26	0	37.89	0	53.68	2.10	1.05	0	0	
1419755468404131785	CPU_4	12.35	0	32.58	0	52.80	2.24	0	0	0	
1419755469294373280	CPU_4	10.86	0	35.86	0	51.08	2.17	0	0	0	
1419755470198802450	CPU_4	5.55	0	38.88	0	52.22	2.22	1.11	0	0	
1419755471108693859	CPU_4	9.19	0	33.33	0	56.32	1.14	0	0	0	
1419755472004818632	CPU_4	8.51	0	40.42	0	48.93	2.12	0	0	0	
1419755472893990629	CPU_4	13.04	0	34.78	0	48.91	2.17	1.08	0	0	
1419755473768165869	CPU_4	7.86	0	38.20	0	51.68	2.24	0	0	0	
1419755474666261971	CPU_4	14.11	0	28.23	0	55.29	2.35	0	0	0	
1419755475568102398	CPU_4	10.86	0	34.78	0	51.08	2.17	1.08	0	0	
1419755476460966595	CPU_4	11.70	0	36.17	0	50.00	2.12	0	0	0	
1419755477335795334	CPU_4	6.66	0	38.88	0	51.11	2.22	1.11	0	0	
1419755478343342142	CPU_4	10.20	0	35.71	0	52.04	2.04	0	0	0	
1419755479219463920	CPU_4	8.69	0	36.95	0	52.17	2.17	0	0	0	
1419755480131736322	CPU_4	11.70	0	32.97	0	52.12	2.12	1.06	0	0	
1419755480989825475	CPU_4	11.11	0	38.88	0	48.88	1.11	0	0	0	
1419755481927531694	CPU_4	7.86	0	38.20	0	49.43	4.49	0	0	0	
1419755482829015121	CPU_4	8.98	0	33.70	0	53.93	2.24	1.12	0	0	
1419755483759846856	CPU_4	7.95	0	35.22	0	54.54	2.27	0	0	0	
1419755484636002508	CPU_4	8.79	0	38.46	0	50.54	2.19	0	0	0	
1419755485593329516	CPU_4	8.04	0	39.08	0	47.12	4.59	1.14	0	0	
1419755486442219773	CPU_4	9.78	0	36.95	0	52.17	1.08	0	0	0	
1419755487304477249	CPU_4	9.19	0	35.63	0	52.87	2.29	0	0	0	
1419755488253175901	CPU_4	8.04	0	36.78	0	51.72	2.29	1.14	0	0	
1419755489347588843	CPU_4	10.67	0	36.89	0	45.63	6.79	0	0	0	
1419755490249155354	CPU_4	7.86	0	41.57	0	43.82	5.61	1.12	0	0	
1419755491098009985	CPU_4	9.41	0	37.64	0	47.05	5.88	0	0	0	
1419755492027377140	CPU_4	11.11	0	37.37	0	49.49	2.02	0	0	0	
1419755492957641835	CPU_4	5.20	0	40.62	0	51.04	2.08	1.04	0	0	
1419755493967884137	CPU_4	8.60	0	35.48	0	52.68	3.22	0	0	0	
1419755494825404666	CPU_4	9.89	0	34.06	0	53.84	2.19	0	0	0	
1419755495668028229	CPU_4	8.04	0	42.52	0	44.82	3.44	1.14	0	0	
1419755496543040050	CPU_4	11.62	0	33.72	0	53.48	1.16	0	0	0	
1419755497438507950	CPU_4	4.49	0	41.57	0	51.68	2.24	0	0	0	
1419755498299588428	CPU_4	9.41	0	37.64	0	47.05	4.70	1.17	0	0	
1419755499199617484	CPU_4	8.13	0	37.20	0	53.48	1.16	0	0	0	
1419755500099263833	CPU_4	4.16	0	40.62	0	52.08	2.08	1.04	0	0	
1419755500978090937	CPU_4	6.97	0	38.37	0	52.32	2.32	0	0	0	
1419755501917902360	CPU_4	11.36	0	30.68	0	55.68	2.27	0	0	0	
1419755502853092251	CPU_4	10.00	0	37.77	0	47.77	3.33	1.11	0	0	
1419755503697419560	CPU_4	6.97	0	38.37	0	51.16	3.48	0	0	0	
1419755504588454387	CPU_4	6.74	0	41.57	0	47.19	4.49	0	0	0	
1419755505494417179	CPU_4	8.33	0	38.54	0	51.04	1.04	1.04	0	0	
1419755506398621350	CPU_4	10.98	0	36.26	0	50.54	2.19	0	0	0	
1419755507349739955	CPU_4	5.61	0	37.07	0	55.05	2.24	0	0	0	
1419755508223608154	CPU_4	8.23	0	35.29	0	51.76	3.52	1.17	0	0	
1419755509156930175	CPU_4	8.42	0	37.89	0	51.57	2.10	0	0	0	
1419755510056134691	CPU_4	6.74	0	38.20	0	52.80	2.24	0	0	0	
1419755510999934813	CPU_4	16.49	0	29.89	0	50.51	2.06	1.03	0	0	
1419755511861821331	CPU_4	10.58	0	34.11	0	52.94	2.35	0	0	0	
1419755512802916584	CPU_4	8.60	0	36.55	0	52.68	2.15	0	0	0	
1419755513758518763	CPU_4	6.52	0	42.39	0	46.73	3.26	1.08	0	0	
1419755514588433521	CPU_4	10.34	0	31.03	0	56.32	2.29	0	0	0	
1419755515478239892	CPU_4	7.69	0	39.56	0	51.64	1.09	0	0	0	
1419755516412580036	CPU_4	10.00	0	35.55	0	51.11	2.22	1.11	0	0	
1419755517288439439	CPU_4	8.88	0	34.44	0	54.44	2.22	0	0	0	
1419755518139593773	CPU_4	8.13	0	37.20	0	52.32	2.32	0	0	0	
1419755519064558147	CPU_4	13.82	0	35.10	0	46.80	3.19	1.06	0	0	
1419755519952832730	CPU_4	9.09	0	36.36	0	52.27	2.27	0	0	0	
1419755520827302011	CPU_4	9.30	0	34.88	0	52.32	2.32	1.16	0	0	
1419755521709558524	CPU_4	11.23	0	35.95	0	50.56	2.24	0	0	0	
1419755522695344300	CPU_4	8.60	0	36.55	0	51.61	3.22	0	0	0	
1419755523552017288	CPU_4	12.22	0	32.22	0	53.33	1.11	1.11	0	0	
1419755524458875870	CPU_4	6.74	0	39.32	0	51.68	2.24	0	0	0	
1419755525338763556	CPU_4	8.33	0	37.50	0	52.08	2.08	0	0	0	
1419755526258663274	CPU_4	9.47	0	36.84	0	50.52	2.10	1.05	0	0	
1419755527137236212	CPU_4	13.18	0	34.06	0	51.64	1.09	0	0	0	
1419755528057953054	CPU_4	4.54	0	39.77	0	53.40	2.27	0	0	0	
1419755528934311497	CPU_4	8.04	0	35.63	0	52.87	2.29	1.14	0	0	
1419755529836211382	CPU_4	10.11	0	38.20	1.12	47.19	3.37	0	0	0	
1419755530729959911	CPU_4	6.97	0	36.04	0	54.65	2.32	0	0	0	
1419755531608229142	CPU_4	10.75	0	35.48	0	50.53	2.15	1.07	0	0	
1419755532525854574	CPU_4	8.04	0	36.78	0	54.02	1.14	0	0	0	
1419755533387296843	CPU_4	9.19	0	36.78	0	51.72	2.29	0	0	0	
1419755534302203448	CPU_4	8.60	0	36.55	0	51.61	2.15	1.07	0	0	
1419755535258463041	CPU_4	6.97	0	34.88	0	54.65	3.48	0	0	0	
1419755536081865232	CPU_4	10.11	0	35.95	0	52.80	1.12	0	0	0	
1419755536996128463	CPU_4	7.60	0	38.04	0	51.08	2.17	1.08	0	0	
1419755537851323038	CPU_4	5.68	0	42.04	0	50.00	2.27	0	0	0	
1419755538742776406	CPU_4	6.81	0	36.36	0	54.54	2.27	0	0	0	
1419755539714425463	CPU_4	12.79	0	31.39	0	51.16	3.48	1.16	0	0	
1419755540551744705	CPU_4	9.30	0	34.88	0	53.48	2.32	0	0	0	
1419755541447524229	CPU_4	10.75	0	35.48	0	52.68	1.07	0	0	0	
1419755542366109742	CPU_4	7.86	0	34.83	0	53.93	2.24	1.12	0	0	
1419755543272337492	CPU_4	6.52	0	39.13	0	52.17	2.17	0	0	0	
1419755544188874218	CPU_4	11.23	0	31.46	0	53.93	2.24	1.12	0	0	
1419755545054908185	CPU_4	7.95	0	36.36	0	54.54	1.13	0	0	0	
1419755545917541369	CPU_4	7.77	0	40.00	0	50.00	2.22	0	0	0	
1419755546875067584	CPU_4	8.24	0	36.08	0	52.57	2.06	1.03	0	0	
1419755547764684164	CPU_4	8.98	0	37.07	0	52.80	1.12	0	0	0	
1419755548651980040	CPU_4	9.47	0	37.89	0	50.52	2.10	0	0	0	
1419755549531443477	CPU_4	11.62	0	32.55	0	52.32	2.32	1.16	0	0	
1419755550458895886	CPU_4	9.78	0	36.95	0	51.08	2.17	0	0	0	
1419755551417863765	CPU_4	12.22	0	36.66	0	47.77	3.33	0	0	0	
1419755552376261853	CPU_4	11.82	0	34.40	0	45.16	7.52	1.07	0	0	
1419755553340073762	CPU_4	5.55	0	41.11	0	47.77	5.55	0	0	0	
1419755554234007790	CPU_4	7.31	0	34.14	0	52.43	4.87	1.21	0	0	
1419755555113388935	CPU_4	11.25	0	36.25	0	48.75	3.75	0	0	0	
1419755555965857225	CPU_4	10.63	0	37.23	0	50.00	2.12	0	0	0	
1419755556869636481	CPU_4	12.90	0	33.33	0	50.53	2.15	1.07	0	0	
1419755557758444021	CPU_4	8.79	0	38.46	0	50.54	2.19	0	0	0	
1419755558752511819	CPU_4	13.40	0	30.92	0	51.54	4.12	0	0	0	
1419755559667606423	CPU_4	11.62	0	29.06	0	56.97	1.16	1.16	0	0	
1419755560567651437	CPU_4	13.63	0	30.68	0	53.40	2.27	0	0	0	
1419755561457835932	CPU_4	7.86	0	37.07	0	52.80	2.24	0	0	0	
1419755562347646095	CPU_4	14.77	0	28.40	0	53.40	2.27	1.13	0	0	
1419755563215942432	CPU_4	8.23	0	37.64	0	51.76	2.35	0	0	0	
1419755564107956090	CPU_4	13.18	0	34.06	0	51.64	1.09	0	0	0	
1419755564982555871	CPU_4	8.88	0	36.66	0	50.00	3.33	1.11	0	0	
1419755565931729105	CPU_4	12.64	0	33.33	0	50.57	3.44	0	0	0	
1419755566773840502	CPU_4	10.46	0	32.55	0	55.81	1.16	0	0	0	
1419755567664128622	CPU_4	13.97	0	34.40	0	48.38	2.15	1.07	0	0	
1419755568567489212	CPU_4	10.75	0	34.40	0	52.68	2.15	0	0	0	
1419755569464945399	CPU_4	6.81	0	36.36	0	53.40	2.27	1.13	0	0	
1419755570339271513	CPU_4	11.70	0	38.29	0	47.87	2.12	0	0	0	
1419755571213583212	CPU_4	13.48	0	33.70	0	50.56	2.24	0	0	0	
1419755572156236669	CPU_4	16.32	0	30.61	0	50.00	2.04	1.02	0	0	
1419755573037955684	CPU_4	11.36	0	34.09	0	52.27	2.27	0	0	0	
1419755573947173302	CPU_4	7.77	0	36.66	0	53.33	2.22	0	0	0	
1419755574854975340	CPU_4	12.64	0	29.88	0	54.02	2.29	1.14	0	0	
1419755575737322811	CPU_4	14.28	0	31.86	0	52.74	1.09	0	0	0	
1419755576642637022	CPU_4	14.44	0	31.11	0	52.22	2.22	0	0	0	
1419755577538149796	CPU_4	8.51	0	38.29	0	48.93	3.19	1.06	0	0	
1419755578448569495	CPU_4	10.71	0	32.14	0	55.95	1.19	0	0	0	
1419755579316374125	CPU_4	9.19	0	35.63	0	52.87	2.29	0	0	0	
1419755580218467884	CPU_4	9.89	0	37.36	0	48.35	3.29	1.09	0	0	
1419755581198674380	CPU_4	11.45	0	37.50	0	46.87	4.16	0	0	0	
1419755582046370890	CPU_4	10.63	0	36.17	0	52.12	1.06	0	0	0	
1419755582932792227	CPU_4	9.67	0	37.63	0	49.46	2.15	1.07	0	0	
1419755583812919453	CPU_4	12.94	0	30.58	0	55.29	1.17	0	0	0	
1419755584754372206	CPU_4	13.04	0	33.69	0	51.08	2.17	0	0	0	
1419755585587250332	CPU_4	8.79	0	37.36	0	50.54	2.19	1.09	0	0	
1419755586473733586	CPU_4	16.85	0	30.33	0	50.56	2.24	0	0	0	
1419755587348313659	CPU_4	8.98	0	35.95	0	51.68	2.24	1.12	0	0	
1419755588219336323	CPU_4	13.95	0	30.23	0	53.48	2.32	0	0	0	
1419755589158580372	CPU_4	9.41	0	35.29	0	51.76	3.52	0	0	0	
1419755590039729679	CPU_4	13.26	0	34.69	0	50.00	1.02	1.02	0	0	
1419755590899589619	CPU_4	13.04	0	35.86	0	48.91	2.17	0	0	0	
1419755591803630707	CPU_4	12.90	0	34.40	0	50.53	2.15	0	0	0	
1419755592699149773	CPU_4	15.38	0	28.57	0	52.74	2.19	1.09	0	0	
1419755593617625829	CPU_4	14.73	0	32.63	0	50.52	2.10	0	0	0	
1419755594511883314	CPU_4	8.88	0	36.66	0	52.22	2.22	0	0	0	
1419755595408272170	CPU_4	11.57	0	34.73	0	50.52	2.10	1.05	0	0	
1419755596269728898	CPU_4	13.95	0	32.55	0	52.32	1.16	0	0	0	
1419755597167843666	CPU_4	11.11	0	35.55	0	51.11	2.22	0	0	0	
1419755598043049113	CPU_4	13.33	0	33.33	0	50.00	2.22	1.11	0	0	
1419755598977261340	CPU_4	12.08	0	32.96	0	52.74	2.19	0	0	0	
1419755599841844602	CPU_4	11.25	0	33.75	0	52.50	2.50	0	0	0	
1419755600707994736	CPU_4	13.82	0	30.85	0	52.12	2.12	1.06	0	0	
1419755601594456073	CPU_4	19.35	0	29.03	0	50.53	1.07	0	0	0	
1419755602492568383	CPU_4	8.60	0	38.70	0	50.53	2.15	0	0	0	
1419755603384252833	CPU_4	13.48	0	30.33	0	52.80	2.24	1.12	0	0	
1419755604269744339	CPU_4	14.44	0	32.22	0	52.22	1.11	0	0	0	
1419755605145054076	CPU_4	16.30	0	30.43	0	51.08	2.17	0	0	0	
1419755606034713489	CPU_4	12.08	0	34.06	0	50.54	2.19	1.09	0	0	
1419755606994654199	CPU_4	12.50	0	33.33	0	52.08	2.08	0	0	0	
1419755607884534945	CPU_4	13.68	0	33.68	0	49.47	2.10	1.05	0	0	
1419755608827532110	CPU_4	10.86	0	31.52	0	56.52	1.08	0	0	0	
1419755609728448372	CPU_4	15.38	0	30.76	0	51.64	2.19	0	0	0	
1419755610652915163	CPU_4	10.52	0	35.78	0	50.52	2.10	1.05	0	0	
1419755611551000515	CPU_4	16.30	0	31.52	0	50.00	2.17	0	0	0	
1419755612460961632	CPU_4	13.97	0	33.33	0	50.53	2.15	0	0	0	
1419755613342291272	CPU_4	10.34	0	34.48	0	51.72	2.29	1.14	0	0	
1419755614303942645	CPU_4	13.33	0	33.33	0	48.88	4.44	0	0	0	
1419755615282276645	CPU_4	12.63	0	36.84	0	44.21	6.31	0	0	0	
1419755616164550492	CPU_4	13.58	0	34.56	0	44.44	6.17	1.23	0	0	
1419755617106430160	CPU_4	12.22	0	35.55	0	46.66	5.55	0	0	0	
1419755617974535081	CPU_4	11.90	0	35.71	0	47.61	3.57	1.19	0	0	
1419755618846659201	CPU_4	12.08	0	30.76	0	54.94	2.19	0	0	0	
1419755619723354560	CPU_4	13.04	0	34.78	0	51.08	1.08	0	0	0	
1419755620569878405	CPU_4	10.34	0	33.33	0	52.87	2.29	1.14	0	0	
1419755621469688545	CPU_4	16.12	0	32.25	0	49.46	2.15	0	0	0	
1419755622422530021	CPU_4	11.57	0	34.73	0	51.57	2.10	0	0	0	
1419755623298139425	CPU_4	9.09	0	32.95	0	55.68	1.13	1.13	0	0	
1419755624157652199	CPU_4	13.79	0	32.18	0	51.72	2.29	0	0	0	
1419755625055126927	CPU_4	11.39	0	35.44	0	49.36	3.79	0	0	0	
1419755625928413753	CPU_4	14.58	0	29.16	0	54.16	1.04	1.04	0	0	
1419755626814971798	CPU_4	9.30	0	37.20	0	50.00	3.48	0	0	0	
1419755627722367878	CPU_4	10.34	0	33.33	0	54.02	2.29	0	0	0	
1419755628670889489	CPU_4	11.11	0	34.44	0	51.11	2.22	1.11	0	0	
1419755629482191791	CPU_4	18.18	0	27.27	0	53.40	1.13	0	0	0	
1419755630359306649	CPU_4	12.79	0	33.72	0	50.00	3.48	0	0	0	
1419755631208852696	CPU_4	13.92	0	31.64	0	49.36	3.79	1.26	0	0	
1419755632070378048	CPU_4	14.77	0	32.95	0	51.13	1.13	0	0	0	
1419755632979786041	CPU_4	9.37	0	35.41	0	52.08	2.08	1.04	0	0	
1419755633877952268	CPU_4	17.97	0	28.08	0	51.68	2.24	0	0	0	
1419755634833701112	CPU_4	14.73	0	32.63	0	50.52	2.10	0	0	0	
1419755635713445881	CPU_4	13.00	0	35.00	0	49.00	2.00	1.00	0	0	
1419755636574303777	CPU_4	14.77	0	32.95	0	51.13	1.13	0	0	0	
1419755637455000461	CPU_4	13.09	0	29.76	0	54.76	2.38	0	0	0	
1419755638368025611	CPU_4	16.66	0	31.25	0	48.95	2.08	1.04	0	0	
1419755639252146871	CPU_4	19.78	0	27.47	0	50.54	2.19	0	0	0	
1419755640163951358	CPU_4	12.19	0	31.70	0	52.43	3.65	0	0	0	
1419755641017446062	CPU_4	13.79	0	31.03	0	51.72	2.29	1.14	0	0	
1419755641937374489	CPU_4	12.50	0	35.41	0	50.00	2.08	0	0	0	
1419755642814309014	CPU_4	17.02	0	32.97	0	47.87	2.12	0	0	0	
1419755643669196465	CPU_4	15.05	0	33.33	0	48.38	2.15	1.07	0	0	
1419755644617567202	CPU_4	14.13	0	33.69	0	51.08	1.08	0	0	0	
1419755645476308352	CPU_4	15.46	0	32.98	0	49.48	2.06	0	0	0	
1419755646367006596	CPU_4	11.23	0	35.95	0	48.31	3.37	1.12	0	0	
1419755647273951970	CPU_4	15.95	0	30.85	0	51.06	2.12	0	0	0	
1419755648182658839	CPU_4	14.43	0	32.98	0	49.48	2.06	1.03	0	0	
1419755649044474732	CPU_4	8.23	0	36.47	0	52.94	2.35	0	0	0	
1419755649924373626	CPU_4	15.73	0	33.70	0	47.19	3.37	0	0	0	
1419755650872922779	CPU_4	13.04	0	33.69	0	48.91	3.26	1.08	0	0	
1419755651733886466	CPU_4	9.89	0	37.36	0	51.64	1.09	0	0	0	
1419755652603802716	CPU_4	11.90	0	30.95	0	55.95	1.19	0	0	0	
1419755653476964709	CPU_4	12.35	0	32.58	0	51.68	2.24	1.12	0	0	
1419755654344977463	CPU_4	16.12	0	33.33	0	48.38	2.15	0	0	0	
1419755655252077252	CPU_4	14.89	0	32.97	0	50.00	2.12	0	0	0	
1419755656178590081	CPU_4	14.73	0	32.63	0	50.52	1.05	1.05	0	0	
1419755657065348542	CPU_4	13.26	0	36.73	0	47.95	2.04	0	0	0	
1419755657963820226	CPU_4	15.62	0	33.33	0	48.95	2.08	0	0	0	
1419755658886869437	CPU_4	9.78	0	38.04	0	50.00	1.08	1.08	0	0	
1419755659762865257	CPU_4	11.95	0	32.60	0	53.26	2.17	0	0	0	
1419755660644008773	CPU_4	15.90	0	29.54	0	52.27	1.13	1.13	0	0	
1419755661576165171	CPU_4	15.21	0	31.52	0	51.08	2.17	0	0	0	
1419755662468490661	CPU_4	12.76	0	37.23	0	47.87	2.12	0	0	0	
1419755663422474677	CPU_4	13.33	0	30.00	0	53.33	2.22	1.11	0	0	
1419755664273289845	CPU_4	15.38	0	30.76	0	52.74	1.09	0	0	0	
1419755665222245955	CPU_4	16.66	0	30.20	0	51.04	2.08	0	0	0	
1419755666099665813	CPU_4	17.20	0	30.10	0	49.46	2.15	1.07	0	0	
1419755667067227672	CPU_4	12.63	0	37.89	0	48.42	1.05	0	0	0	
1419755667926584613	CPU_4	12.76	0	34.04	0	51.06	2.12	0	0	0	
1419755668872776438	CPU_4	12.22	0	32.22	0	52.22	2.22	1.11	0	0	
1419755669749086298	CPU_4	15.95	0	30.85	0	52.12	1.06	0	0	0	
1419755670619604130	CPU_4	15.38	0	32.96	0	49.45	2.19	0	0	0	
1419755671561959380	CPU_4	12.22	0	33.33	0	52.22	1.11	1.11	0	0	
1419755672445040016	CPU_4	13.26	0	35.71	0	48.97	2.04	0	0	0	
1419755673397421160	CPU_4	11.70	0	37.23	0	47.87	2.12	1.06	0	0	
1419755674306576987	CPU_4	9.47	0	38.94	0	49.47	2.10	0	0	0	
1419755675182484223	CPU_4	15.38	0	31.86	0	50.54	2.19	0	0	0	
1419755676153063242	CPU_4	12.63	0	31.57	0	52.63	2.10	1.05	0	0	
1419755677063884523	CPU_4	12.37	0	35.05	0	50.51	2.06	0	0	0	
1419755678113209110	CPU_4	14.28	0	32.65	0	46.93	6.12	0	0	0	
1419755679061001056	CPU_4	10.22	0	35.22	0	47.72	5.68	1.13	0	0	
1419755680040244596	CPU_4	16.85	0	29.21	0	48.31	5.61	0	0	0	
1419755680971451664	CPU_4	14.43	0	32.98	0	48.45	3.09	1.03	0	0	
1419755681809158488	CPU_4	13.18	0	35.16	0	50.54	1.09	0	0	0	
1419755682712099120	CPU_4	15.05	0	32.25	0	50.53	2.15	0	0	0	
1419755683648966550	CPU_4	15.38	0	32.96	0	49.45	1.09	1.09	0	0	
1419755684488677827	CPU_4	10.98	0	35.16	0	50.54	3.29	0	0	0	
1419755685384203644	CPU_4	12.64	0	32.18	0	54.02	1.14	0	0	0	
1419755686319137161	CPU_4	12.22	0	33.33	0	51.11	2.22	1.11	0	0	
1419755687188396912	CPU_4	16.84	0	31.57	0	50.52	1.05	0	0	0	
1419755688142285178	CPU_4	13.48	0	30.33	0	53.93	2.24	0	0	0	
1419755688987890359	CPU_4	12.94	0	31.76	0	52.94	1.17	1.17	0	0	
1419755689852165663	CPU_4	12.50	0	31.81	0	53.40	2.27	0	0	0	
1419755690759890201	CPU_4	12.76	0	37.23	0	47.87	2.12	0	0	0	
1419755691674409265	CPU_4	11.82	0	36.55	0	48.38	2.15	1.07	0	0	
1419755692591062908	CPU_4	15.73	0	34.83	0	46.06	3.37	0	0	0	
1419755693493564083	CPU_4	17.89	0	27.36	0	52.63	1.05	1.05	0	0	
1419755694483104766	CPU_4	9.47	0	34.73	0	53.68	2.10	0	0	0	
1419755695334044727	CPU_4	14.13	0	34.78	0	47.82	3.26	0	0	0	
1419755696208021051	CPU_4	13.33	0	34.44	0	50.00	1.11	1.11	0	0	
1419755697095265219	CPU_4	15.55	0	33.33	0	48.88	2.22	0	0	0	
1419755698070246894	CPU_4	15.38	0	30.76	0	50.54	3.29	0	0	0	
1419755698919253067	CPU_4	13.97	0	37.63	0	45.16	2.15	1.07	0	0	
1419755699850921134	CPU_4	11.95	0	31.52	0	54.34	2.17	0	0	0	
1419755700758461131	CPU_4	15.95	0	32.97	0	48.93	2.12	0	0	0	
1419755701649018167	CPU_4	16.48	0	31.86	0	47.25	3.29	1.09	0	0	
1419755702532973718	CPU_4	15.90	0	29.54	0	52.27	2.27	0	0	0	
1419755703478260086	CPU_4	12.63	0	34.73	0	50.52	1.05	1.05	0	0	
1419755704399331635	CPU_4	11.70	0	34.04	0	52.12	2.12	0	0	0	
1419755705284024143	CPU_4	13.33	0	34.44	0	51.11	1.11	0	0	0	
1419755706152345355	CPU_4	14.44	0	31.11	0	51.11	2.22	1.11	0	0	
1419755707061567973	CPU_4	15.21	0	32.60	0	51.08	1.08	0	0	0	
1419755707969367969	CPU_4	13.54	0	36.45	0	47.91	2.08	0	0	0	
1419755708841285381	CPU_4	12.50	0	32.95	0	52.27	1.13	1.13	0	0	
1419755709753549992	CPU_4	18.08	0	28.72	0	51.06	2.12	0	0	0	
1419755710610157398	CPU_4	15.66	0	27.71	0	55.42	1.20	0	0	0	
1419755711498845021	CPU_4	11.23	0	34.83	0	51.68	1.12	1.12	0	0	
1419755712372665721	CPU_4	16.48	0	31.86	0	49.45	2.19	0	0	0	
1419755713308654485	CPU_4	18.55	0	28.86	0	50.51	2.06	0	0	0	
1419755714250973111	CPU_4	12.08	0	34.06	0	51.64	1.09	1.09	0	0	
1419755715109979969	CPU_4	12.22	0	34.44	0	52.22	1.11	0	0	0	
1419755715976220852	CPU_4	12.64	0	36.78	0	45.97	4.59	0	0	0	
1419755716911555994	CPU_4	16.30	0	33.69	0	47.82	1.08	1.08	0	0	
1419755717769695146	CPU_4	15.05	0	31.18	0	51.61	2.15	0	0	0	
1419755718652195325	CPU_4	13.18	0	34.06	0	50.54	1.09	1.09	0	0	
1419755719538125372	CPU_4	11.11	0	35.55	0	51.11	2.22	0	0	0	
1419755720423564794	CPU_4	15.90	0	29.54	0	53.40	1.13	0	0	0	
1419755721309422508	CPU_4	13.33	0	32.22	0	51.11	2.22	1.11	0	0	
1419755722208510274	CPU_4	13.18	0	35.16	0	50.54	1.09	0	0	0	
1419755723119555638	CPU_4	16.16	0	33.33	0	48.48	2.02	0	0	0	
1419755723968548936	CPU_4	13.41	0	34.14	0	47.56	3.65	1.21	0	0	
1419755724869481198	CPU_4	12.08	0	32.96	1.09	52.74	1.09	0	0	0	
1419755725782787890	CPU_4	15.21	0	32.60	0	50.00	2.17	0	0	0	
1419755726701016612	CPU_4	16.12	0	32.25	0	48.38	2.15	1.07	0	0	
1419755727569711115	CPU_4	17.39	0	31.52	0	48.91	2.17	0	0	0	
1419755728469629129	CPU_4	15.73	0	29.21	0	53.93	1.12	0	0	0	
1419755729362454868	CPU_4	15.05	0	33.33	0	48.38	2.15	1.07	0	0	
1419755730248908664	CPU_4	9.09	0	36.36	0	52.27	2.27	0	0	0	
1419755731122967196	CPU_4	10.63	0	37.23	0	48.93	2.12	1.06	0	0	
1419755731999720389	CPU_4	12.79	0	37.20	0	47.67	2.32	0	0	0	
1419755732914856201	CPU_4	10.58	0	38.82	0	45.88	4.70	0	0	0	
1419755733805401446	CPU_4	11.70	0	37.23	0	48.93	1.06	1.06	0	0	
1419755734657780653	CPU_4	15.21	0	31.52	0	51.08	2.17	0	0	0	
1419755735524685284	CPU_4	12.50	0	34.09	0	51.13	2.27	0	0	0	
1419755736455586311	CPU_4	17.20	0	30.10	0	49.46	2.15	1.07	0	0	
1419755737317710037	CPU_4	15.38	0	34.06	0	48.35	2.19	0	0	0	
1419755738173040071	CPU_4	14.60	0	34.83	0	49.43	1.12	0	0	0	
1419755739044805150	CPU_4	14.44	0	33.33	0	48.88	2.22	1.11	0	0	
1419755739905075797	CPU_4	14.28	0	33.33	0	48.80	3.57	0	0	0	
1419755740809226468	CPU_4	13.41	0	36.58	0	45.12	4.87	0	0	0	
1419755741678367845	CPU_4	13.97	0	36.55	0	45.16	3.22	1.07	0	0	
1419755742551464421	CPU_4	10.34	0	36.78	0	49.42	3.44	0	0	0	
1419755743573579196	CPU_4	10.41	0	37.50	0	46.87	4.16	1.04	0	0	
1419755744519725521	CPU_4	13.54	0	31.25	0	53.12	2.08	0	0	0	
1419755745422795820	CPU_4	15.95	0	31.91	1.06	50.00	1.06	0	0	0	
1419755746320090924	CPU_4	18.94	0	28.42	0	48.42	3.15	1.05	0	0	
1419755747184481978	CPU_4	17.97	0	31.46	0	49.43	1.12	0	0	0	
1419755748073246685	CPU_4	13.09	0	34.52	0	48.80	3.57	0	0	0	
1419755748986547168	CPU_4	14.44	0	32.22	0	50.00	2.22	1.11	0	0	
1419755749916749488	CPU_4	14.89	0	31.91	0	52.12	1.06	0	0	0	
1419755750772110230	CPU_4	14.43	0	34.02	0	49.48	2.06	0	0	0	
1419755751663018932	CPU_4	7.77	0	37.77	0	52.22	1.11	1.11	0	0	
1419755752568463933	CPU_4	16.09	0	32.18	0	50.57	1.14	0	0	0	
1419755753428132165	CPU_4	9.89	0	37.36	0	49.45	2.19	1.09	0	0	
1419755754325670727	CPU_4	12.90	0	34.40	0	50.53	2.15	0	0	0	
1419755755208315614	CPU_4	10.22	0	36.36	0	51.13	2.27	0	0	0	
1419755756142821549	CPU_4	20.00	0	25.55	0	52.22	1.11	1.11	0	0	
1419755757023378441	CPU_4	12.76	0	36.17	0	47.87	3.19	0	0	0	
1419755757877934393	CPU_4	14.77	0	35.22	0	48.86	1.13	0	0	0	
1419755758748222267	CPU_4	14.44	0	32.22	0	50.00	2.22	1.11	0	0	
1419755759671389728	CPU_4	17.58	0	31.86	1.09	48.35	1.09	0	0	0	
1419755760563532510	CPU_4	10.41	0	33.33	0	54.16	2.08	0	0	0	
1419755761448265685	CPU_4	14.11	0	32.94	0	48.23	3.52	1.17	0	0	
1419755762354344810	CPU_4	14.28	0	34.06	0	48.35	3.29	0	0	0	
1419755763219021822	CPU_4	13.33	0	36.66	0	48.88	1.11	0	0	0	
1419755764168098098	CPU_4	12.08	0	35.16	0	49.45	2.19	1.09	0	0	
1419755765071644021	CPU_4	14.89	0	34.04	0	47.87	3.19	0	0	0	
1419755765962001557	CPU_4	10.22	0	38.63	0	46.59	3.40	1.13	0	0	
1419755766818677254	CPU_4	17.70	0	31.25	0	48.95	2.08	0	0	0	
1419755767693601576	CPU_4	15.73	0	32.58	0	50.56	1.12	0	0	0	
1419755768618386992	CPU_4	14.89	0	34.04	0	47.87	2.12	1.06	0	0	
1419755769453892738	CPU_4	15.73	0	32.58	0	50.56	1.12	0	0	0	
1419755770339828534	CPU_4	16.12	0	30.10	0	52.68	1.07	0	0	0	
1419755771197987561	CPU_4	14.44	0	34.44	0	47.77	2.22	1.11	0	0	
1419755772093970085	CPU_4	16.30	0	32.60	0	50.00	1.08	0	0	0	
1419755773037482332	CPU_4	14.28	0	32.96	0	50.54	2.19	0	0	0	
1419755773932791024	CPU_4	12.87	0	34.65	0	49.50	1.98	.99	0	0	
1419755774833512286	CPU_4	14.44	0	32.22	0	51.11	2.22	0	0	0	
1419755775704597450	CPU_4	16.85	0	31.46	0	50.56	1.12	0	0	0	
1419755776608972413	CPU_4	14.89	0	32.97	0	48.93	2.12	1.06	0	0	
1419755777515052996	CPU_4	15.21	0	31.52	0	51.08	2.17	0	0	0	
1419755778410389979	CPU_4	12.64	0	33.33	0	51.72	2.29	0	0	0	
1419755779269194005	CPU_4	13.82	0	35.10	0	48.93	1.06	1.06	0	0	
1419755780215808954	CPU_4	16.30	0	32.60	1.08	47.82	2.17	0	0	0	
1419755781052986154	CPU_4	14.77	0	31.81	0	52.27	1.13	0	0	0	
1419755781963290103	CPU_4	20.65	0	28.26	0	47.82	2.17	1.08	0	0	
1419755782788881830	CPU_4	13.33	0	33.33	0	52.22	1.11	0	0	0	
1419755783692612919	CPU_4	15.21	0	33.69	0	48.91	2.17	0	0	0	
1419755784563121834	CPU_4	12.08	0	31.86	0	52.74	2.19	1.09	0	0	
1419755785511600195	CPU_4	10.46	0	36.04	0	51.16	2.32	0	0	0	
1419755786425384136	CPU_4	14.43	0	35.05	0	47.42	2.06	1.03	0	0	
1419755787274591558	CPU_4	13.54	0	35.41	0	50.00	1.04	0	0	0	
1419755788178055690	CPU_4	13.82	0	31.91	0	52.12	2.12	0	0	0	
1419755789126811758	CPU_4	16.12	0	33.33	0	47.31	2.15	1.07	0	0	
1419755790009602771	CPU_4	12.22	0	33.33	0	53.33	1.11	0	0	0	
1419755790874307449	CPU_4	17.52	0	34.02	0	47.42	1.03	0	0	0	
1419755791811644711	CPU_4	15.55	0	34.44	0	45.55	3.33	1.11	0	0	
1419755792644106214	CPU_4	20.22	0	29.21	0	49.43	1.12	0	0	0	
1419755793514440213	CPU_4	13.63	0	36.36	0	46.59	3.40	0	0	0	
1419755794451520350	CPU_4	15.05	0	35.48	0	45.16	3.22	1.07	0	0	
1419755795301781562	CPU_4	14.28	0	31.86	0	52.74	1.09	0	0	0	
1419755796240549820	CPU_4	13.82	0	36.17	0	47.87	2.12	0	0	0	
1419755797133362434	CPU_4	19.00	0	31.00	0	47.00	2.00	1.00	0	0	
1419755798029749082	CPU_4	12.63	0	34.73	0	51.57	1.05	0	0	0	
1419755798939725490	CPU_4	12.08	0	34.06	0	51.64	2.19	0	0	0	
1419755799862570910	CPU_4	18.55	0	28.86	0	49.48	2.06	1.03	0	0	
1419755800818719295	CPU_4	15.95	0	30.85	0	51.06	2.12	0	0	0	
1419755801684122972	CPU_4	13.68	0	33.68	0	50.52	1.05	1.05	0	0	
1419755802643845224	CPU_4	16.00	0	32.00	0	50.00	2.00	0	0	0	
1419755803641241181	CPU_4	11.90	0	34.52	0	48.80	4.76	0	0	0	
1419755804510948556	CPU_4	8.33	0	34.52	0	51.19	4.76	1.19	0	0	
1419755805461422371	CPU_4	13.68	0	35.78	0	47.36	3.15	0	0	0	
1419755806344920048	CPU_4	15.95	0	34.04	0	45.74	4.25	0	0	0	
1419755807286608050	CPU_4	17.00	0	33.00	0	46.00	3.00	1.00	0	0	
1419755808143668871	CPU_4	10.22	0	37.50	0	51.13	1.13	0	0	0	
1419755809021977143	CPU_4	13.54	0	38.54	0	45.83	2.08	0	0	0	
1419755809928364268	CPU_4	13.68	0	31.57	0	51.57	2.10	1.05	0	0	
1419755810859848168	CPU_4	13.54	0	35.41	0	48.95	2.08	0	0	0	
1419755811759885849	CPU_4	11.82	0	35.48	0	49.46	2.15	1.07	0	0	
1419755812703899053	CPU_4	13.54	0	35.41	0	50.00	1.04	0	0	0	
1419755813674688238	CPU_4	10.52	0	35.78	0	51.57	2.10	0	0	0	
1419755814535619509	CPU_4	15.78	0	30.52	0	50.52	2.10	1.05	0	0	
1419755815499247085	CPU_4	10.98	0	34.06	0	52.74	2.19	0	0	0	
1419755816381295266	CPU_4	15.90	0	34.09	0	47.72	2.27	0	0	0	
1419755817259211122	CPU_4	14.58	0	34.37	0	47.91	2.08	1.04	0	0	
1419755818116280402	CPU_4	15.73	0	32.58	0	49.43	2.24	0	0	0	
1419755819029224136	CPU_4	19.31	0	31.81	0	45.45	3.40	0	0	0	
1419755819919785422	CPU_4	14.58	0	29.16	0	53.12	2.08	1.04	0	0	
1419755820888248820	CPU_4	16.32	0	32.65	0	48.97	2.04	0	0	0	
1419755821769597252	CPU_4	13.04	0	35.86	0	48.91	2.17	0	0	0	
1419755822722525395	CPU_4	13.00	0	35.00	0	49.00	2.00	1.00	0	0	
1419755823599465421	CPU_4	10.11	0	35.95	0	51.68	2.24	0	0	0	
1419755824544836705	CPU_4	18.88	0	28.88	0	51.11	1.11	0	0	0	
1419755825411074339	CPU_4	12.50	0	33.33	1.04	51.04	1.04	1.04	0	0	
1419755826413003327	CPU_4	16.32	0	31.63	0	48.97	3.06	0	0	0	
1419755827261862250	CPU_4	11.95	0	35.86	0	50.00	1.08	1.08	0	0	
1419755828212416232	CPU_4	14.13	0	32.60	0	51.08	2.17	0	0	0	
1419755829064008982	CPU_4	13.97	0	35.48	0	49.46	1.07	0	0	0	
1419755829968465319	CPU_4	13.26	0	34.69	0	48.97	2.04	1.02	0	0	
1419755830920893130	CPU_4	15.95	0	32.97	0	48.93	2.12	0	0	0	
1419755831803229893	CPU_4	19.19	0	31.31	0	47.47	2.02	0	0	0	
1419755832689496272	CPU_4	14.44	0	32.22	0	51.11	1.11	1.11	0	0	
1419755833594615316	CPU_4	18.27	0	30.10	0	49.46	2.15	0	0	0	
1419755834523628014	CPU_4	15.78	0	29.47	0	52.63	2.10	0	0	0	
1419755835429195432	CPU_4	14.73	0	34.73	0	47.36	2.10	1.05	0	0	
1419755836334846933	CPU_4	12.50	0	38.54	0	46.87	2.08	0	0	0	
1419755837252823031	CPU_4	20.43	0	29.03	0	48.38	2.15	0	0	0	
1419755838178434069	CPU_4	17.02	0	29.78	0	51.06	1.06	1.06	0	0	
1419755839049867941	CPU_4	13.54	0	33.33	0	51.04	2.08	0	0	0	
1419755839977083767	CPU_4	13.04	0	32.60	0	51.08	2.17	1.08	0	0	
1419755840838560162	CPU_4	17.97	0	31.46	0	49.43	1.12	0	0	0	
1419755841734859935	CPU_4	13.33	0	33.33	0	52.22	1.11	0	0	0	
1419755842612569458	CPU_4	16.48	0	31.86	0	48.35	2.19	1.09	0	0	
1419755843525628234	CPU_4	13.54	0	36.45	0	47.91	2.08	0	0	0	
1419755844416859102	CPU_4	11.11	0	34.44	0	51.11	3.33	0	0	0	
1419755845319161777	CPU_4	15.21	0	30.43	0	52.17	1.08	1.08	0	0	
1419755846173853979	CPU_4	12.90	0	36.55	0	48.38	2.15	0	0	0	
1419755847089288249	CPU_4	14.28	0	34.06	0	49.45	2.19	0	0	0	
1419755848039012524	CPU_4	14.44	0	31.11	0	51.11	2.22	1.11	0	0	
1419755848907370153	CPU_4	15.62	0	32.29	0	51.04	1.04	0	0	0	
1419755849856656512	CPU_4	13.48	0	31.46	0	52.80	2.24	0	0	0	
1419755850709762301	CPU_4	12.76	0	32.97	0	52.12	1.06	1.06	0	0	
1419755851591542065	CPU_4	13.18	0	35.16	0	50.54	1.09	0	0	0	
1419755852499244228	CPU_4	14.89	0	34.04	0	48.93	2.12	0	0	0	
1419755853418290324	CPU_4	10.75	0	35.48	0	50.53	2.15	1.07	0	0	
1419755854333031596	CPU_4	16.30	0	30.43	0	51.08	2.17	0	0	0	
1419755855234952980	CPU_4	13.04	0	33.69	0	51.08	2.17	0	0	0	
1419755856125075559	CPU_4	13.97	0	33.33	0	49.46	2.15	1.07	0	0	
1419755857028410024	CPU_4	12.64	0	34.48	0	51.72	1.14	0	0	0	
1419755857938351848	CPU_4	12.24	0	36.73	0	47.95	2.04	1.02	0	0	
1419755858803033277	CPU_4	14.77	0	31.81	0	52.27	1.13	0	0	0	
1419755859810159670	CPU_4	14.43	0	31.95	0	51.54	2.06	0	0	0	
1419755860657352139	CPU_4	16.84	0	31.57	0	48.42	2.10	1.05	0	0	
1419755861585027590	CPU_4	13.40	0	35.05	0	49.48	2.06	0	0	0	
1419755862483651774	CPU_4	13.18	0	32.96	0	51.64	2.19	0	0	0	
1419755863384301953	CPU_4	15.78	0	33.68	0	48.42	1.05	1.05	0	0	
1419755864364168992	CPU_4	11.23	0	34.83	0	49.43	4.49	0	0	0	
1419755865308183613	CPU_4	16.50	0	31.06	0	50.48	1.94	0	0	0	
1419755866299187918	CPU_4	15.46	0	32.98	0	47.42	3.09	1.03	0	0	
1419755867309365971	CPU_4	14.73	0	32.63	0	47.36	5.26	0	0	0	
1419755868154853277	CPU_4	12.94	0	32.94	0	48.23	4.70	1.17	0	0	
1419755869111498369	CPU_4	14.94	0	36.78	0	42.52	5.74	0	0	0	
1419755869961714164	CPU_4	14.60	0	32.58	0	49.43	3.37	0	0	0	
1419755870884191460	CPU_4	12.63	0	33.68	0	51.57	1.05	1.05	0	0	
1419755871766402224	CPU_4	14.13	0	33.69	0	50.00	2.17	0	0	0	
1419755872729267635	CPU_4	16.16	0	33.33	0	49.49	1.01	0	0	0	
1419755873610123277	CPU_4	15.38	0	31.86	0	48.35	3.29	1.09	0	0	
1419755874489057006	CPU_4	12.64	0	35.63	0	50.57	1.14	0	0	0	
1419755875395099589	CPU_4	15.05	0	31.18	0	51.61	2.15	0	0	0	
1419755876253798740	CPU_4	15.11	0	33.72	0	46.51	3.48	1.16	0	0	
1419755877190035963	CPU_4	15.62	0	33.33	0	48.95	2.08	0	0	0	
1419755878094615675	CPU_4	13.97	0	33.33	0	50.53	1.07	1.07	0	0	
1419755878961293557	CPU_4	12.22	0	36.66	0	48.88	2.22	0	0	0	
1419755879852058301	CPU_4	13.18	0	31.86	1.09	52.74	1.09	0	0	0	
1419755880761420752	CPU_4	11.95	0	33.69	0	51.08	2.17	1.08	0	0	
1419755881644300597	CPU_4	13.48	0	35.95	0	48.31	2.24	0	0	0	
1419755882514326430	CPU_4	21.97	0	26.37	0	49.45	2.19	0	0	0	
1419755883419242183	CPU_4	15.78	0	32.63	0	48.42	2.10	1.05	0	0	
1419755884372121909	CPU_4	12.90	0	34.40	0	50.53	2.15	0	0	0	
1419755885251689804	CPU_4	12.22	0	33.33	0	53.33	1.11	0	0	0	
1419755886169586360	CPU_4	11.34	0	39.17	0	45.36	3.09	1.03	0	0	
1419755887094675066	CPU_4	17.20	0	31.18	0	49.46	2.15	0	0	0	
1419755887955804920	CPU_4	13.18	0	35.16	0	50.54	1.09	0	0	0	
1419755888859145760	CPU_4	12.22	0	33.33	0	51.11	2.22	1.11	0	0	
1419755889790603243	CPU_4	16.30	0	34.78	0	45.65	3.26	0	0	0	
1419755890643062325	CPU_4	12.50	0	36.45	0	47.91	2.08	1.04	0	0	
1419755891539739014	CPU_4	12.76	0	37.23	0	48.93	1.06	0	0	0	
1419755892462700767	CPU_4	13.54	0	34.37	0	50.00	2.08	0	0	0	
1419755893411628168	CPU_4	16.48	0	29.67	0	51.64	1.09	1.09	0	0	
1419755894324509236	CPU_4	11.57	0	35.78	0	50.52	2.10	0	0	0	
1419755895159644983	CPU_4	17.58	0	30.76	0	49.45	2.19	0	0	0	
1419755896066534690	CPU_4	16.12	0	31.18	0	50.53	1.07	1.07	0	0	
1419755896954698856	CPU_4	15.95	0	34.04	0	46.80	3.19	0	0	0	
1419755897864953013	CPU_4	11.57	0	36.84	0	50.52	1.05	0	0	0	
1419755898794147002	CPU_4	14.00	0	36.00	0	47.00	2.00	1.00	0	0	
1419755899714655219	CPU_4	14.94	0	33.33	0	48.27	3.44	0	0	0	
1419755900580851811	CPU_4	12.76	0	34.04	0	51.06	2.12	0	0	0	
1419755901487758726	CPU_4	16.48	0	28.57	0	51.64	2.19	1.09	0	0	
1419755902356212229	CPU_4	12.94	0	35.29	0	50.58	1.17	0	0	0	
1419755903303073302	CPU_4	13.68	0	30.52	0	52.63	2.10	1.05	0	0	
1419755904184515109	CPU_4	12.50	0	34.09	0	52.27	1.13	0	0	0	
1419755905134393217	CPU_4	11.11	0	35.55	0	50.00	3.33	0	0	0	
1419755905992049870	CPU_4	16.30	0	30.43	0	50.00	2.17	1.08	0	0	
1419755906949665210	CPU_4	15.00	0	34.00	0	49.00	2.00	0	0	0	
1419755907884161812	CPU_4	17.97	0	29.21	0	51.68	1.12	0	0	0	
1419755908745025749	CPU_4	10.86	0	34.78	0	51.08	2.17	1.08	0	0	
1419755909633965914	CPU_4	14.28	0	34.06	1.09	49.45	1.09	0	0	0	
1419755910532491015	CPU_4	12.08	0	31.86	0	53.84	2.19	0	0	0	
1419755911575305159	CPU_4	13.26	0	32.65	0	51.02	2.04	1.02	0	0	
1419755912434113560	CPU_4	12.08	0	35.16	0	50.54	2.19	0	0	0	
1419755913408584944	CPU_4	9.89	0	36.26	0	51.64	2.19	0	0	0	
1419755914286926675	CPU_4	11.70	0	36.17	0	50.00	1.06	1.06	0	0	
1419755915143336873	CPU_4	11.49	0	33.33	0	52.87	2.29	0	0	0	
1419755916073276360	CPU_4	12.50	0	34.09	0	51.13	2.27	0	0	0	
1419755916924994360	CPU_4	15.38	0	32.96	0	49.45	1.09	1.09	0	0	
1419755917803246966	CPU_4	14.13	0	33.69	0	50.00	2.17	0	0	0	
1419755918719672359	CPU_4	14.28	0	30.76	0	52.74	2.19	0	0	0	
1419755919711338871	CPU_4	15.05	0	27.95	0	53.76	2.15	1.07	0	0	
1419755920537463680	CPU_4	11.36	0	34.09	0	53.40	1.13	0	0	0	
1419755921448241502	CPU_4	11.57	0	36.84	0	48.42	2.10	1.05	0	0	
1419755922400415147	CPU_4	14.94	0	35.63	0	45.97	3.44	0	0	0	
1419755923267876402	CPU_4	10.34	0	36.78	0	49.42	3.44	0	0	0	
1419755924128631590	CPU_4	11.11	0	36.66	0	48.88	2.22	1.11	0	0	
1419755925012345767	CPU_4	10.46	0	33.72	0	54.65	1.16	0	0	0	
1419755925893880115	CPU_4	13.95	0	33.72	0	50.00	2.32	0	0	0	
1419755926811457047	CPU_4	13.97	0	34.40	0	48.38	2.15	1.07	0	0	
1419755927729268104	CPU_4	12.90	0	34.40	0	51.61	1.07	0	0	0	
1419755928613477862	CPU_4	12.76	0	32.97	0	52.12	2.12	0	0	0	
1419755929564455634	CPU_4	11.90	0	36.90	0	44.04	5.95	1.19	0	0	
1419755930456502542	CPU_4	8.43	0	39.75	0	44.57	7.22	0	0	0	
1419755931357190679	CPU_4	14.60	0	33.70	0	47.19	4.49	0	0	0	
1419755932234307830	CPU_4	12.50	0	37.50	0	44.31	4.54	1.13	0	0	
1419755933106935615	CPU_4	10.22	0	36.36	0	51.13	2.27	0	0	0	
1419755934025879044	CPU_4	9.52	0	36.90	0	48.80	3.57	1.19	0	0	
1419755934869982437	CPU_4	6.81	0	37.50	0	53.40	2.27	0	0	0	
1419755935729552794	CPU_4	10.34	0	39.08	0	47.12	3.44	0	0	0	
1419755936638386329	CPU_4	9.78	0	36.95	0	51.08	1.08	1.08	0	0	
1419755937634538914	CPU_4	11.45	0	37.50	0	47.91	3.12	0	0	0	
1419755938565429524	CPU_4	11.82	0	34.40	0	52.68	1.07	0	0	0	
1419755939476653137	CPU_4	8.60	0	36.55	0	51.61	2.15	1.07	0	0	
1419755940366442800	CPU_4	13.48	0	33.70	0	51.68	1.12	0	0	0	
1419755941251327432	CPU_4	15.62	0	31.25	0	51.04	2.08	0	0	0	
1419755942213466804	CPU_4	9.67	0	38.70	0	48.38	2.15	1.07	0	0	
1419755943136769597	CPU_4	8.79	0	34.06	0	54.94	2.19	0	0	0	
1419755943971453345	CPU_4	12.50	0	35.22	0	51.13	1.13	0	0	0	
1419755944852193070	CPU_4	7.95	0	35.22	0	53.40	2.27	1.13	0	0	
1419755945750049923	CPU_4	13.82	0	34.04	0	50.00	2.12	0	0	0	
1419755946638090089	CPU_4	6.74	0	41.57	0	50.56	1.12	0	0	0	
1419755947617169172	CPU_4	15.30	0	32.65	0	48.97	2.04	1.02	0	0	
1419755948454683413	CPU_4	9.52	0	34.52	0	54.76	1.19	0	0	0	
1419755949359251708	CPU_4	14.44	0	30.00	0	53.33	2.22	0	0	0	
1419755950269316741	CPU_4	12.90	0	33.33	0	51.61	1.07	1.07	0	0	
1419755951153674499	CPU_4	10.58	0	34.11	0	52.94	2.35	0	0	0	
1419755952038966506	CPU_4	11.49	0	32.18	0	54.02	2.29	0	0	0	
1419755952934297697	CPU_4	8.88	0	37.77	0	50.00	2.22	1.11	0	0	
1419755953856213036	CPU_4	16.27	0	30.23	0	52.32	1.16	0	0	0	
1419755954717967263	CPU_4	9.78	0	39.13	0	46.73	3.26	1.08	0	0	
1419755955672769318	CPU_4	15.38	0	31.86	0	51.64	1.09	0	0	0	
1419755956509895102	CPU_4	10.00	0	36.66	0	51.11	2.22	0	0	0	
1419755957372434286	CPU_4	9.09	0	37.50	0	51.13	1.13	1.13	0	0	
1419755958325823927	CPU_4	12.64	0	35.63	0	48.27	3.44	0	0	0	
1419755959194379888	CPU_4	9.78	0	35.86	0	52.17	2.17	0	0	0	
1419755960098000144	CPU_4	12.90	0	32.25	0	51.61	2.15	1.07	0	0	
1419755961022633227	CPU_4	9.67	0	38.70	0	50.53	1.07	0	0	0	
1419755961909651521	CPU_4	10.22	0	35.22	0	52.27	2.27	0	0	0	
1419755962789330540	CPU_4	11.90	0	34.52	0	48.80	3.57	1.19	0	0	
1419755963694371084	CPU_4	12.22	0	33.33	0	52.22	2.22	0	0	0	
1419755964652720423	CPU_4	10.34	0	35.63	0	52.87	1.14	0	0	0	
1419755965515122440	CPU_4	13.04	0	32.60	0	51.08	2.17	1.08	0	0	
1419755966409464926	CPU_4	21.11	0	37.77	0	40.00	1.11	0	0	0	
1419755967354484295	CPU_4	43.61	0	54.25	0	0	1.06	1.06	0	0	
1419755968319245952	CPU_4	45.36	0	52.57	0	0	1.03	1.03	0	0	
1419755969259295082	CPU_4	38.29	0	61.70	0	0	0	0	0	0	
1419755970214577886	CPU_4	42.10	0	55.78	0	0	1.05	1.05	0	0	
1419755971159292005	CPU_4	47.36	0	50.52	0	0	1.05	1.05	0	0	
1419755972119284340	CPU_4	44.79	0	55.20	0	0	0	0	0	0	
1419755973109275606	CPU_4	45.83	0	52.08	0	0	1.04	1.04	0	0	
1419755974069271732	CPU_4	42.00	0	56.00	0	0	1.00	1.00	0	0	
1419755975024350953	CPU_4	42.55	0	57.44	0	0	0	0	0	0	
1419755975954326565	CPU_4	41.93	0	55.91	0	0	1.07	1.07	0	0	
1419755976934282270	CPU_4	46.46	0	51.51	0	0	1.01	1.01	0	0	
1419755977884296711	CPU_4	46.31	0	52.63	0	0	0	1.05	0	0	
1419755978829227788	CPU_4	41.48	0	57.44	0	0	1.06	0	0	0	
1419755979757336238	CPU_4	46.73	0	52.17	0	0	0	1.08	0	0	
1419755980699309322	CPU_4	43.15	0	54.73	0	0	1.05	1.05	0	0	
1419755981654443085	CPU_4	40.00	0	58.94	0	0	1.05	0	0	0	
1419755982604429942	CPU_4	37.89	0	61.05	0	0	0	1.05	0	0	
1419755983544232240	CPU_4	42.55	0	55.31	0	0	1.06	1.06	0	0	
1419755984514174968	CPU_4	48.45	0	50.51	0	0	1.03	0	0	0	
1419755985459250087	CPU_4	45.74	0	53.19	0	0	0	1.06	0	0	
1419755986414237350	CPU_4	46.87	0	51.04	0	0	1.04	1.04	0	0	
1419755987389148442	CPU_4	47.47	0	50.50	0	0	1.01	1.01	0	0	
1419755988324316125	CPU_4	47.82	0	52.17	0	0	0	0	0	0	
1419755989255581068	CPU_4	40.00	0	57.89	0	0	1.05	1.05	0	0	
1419755990204272220	CPU_4	46.80	0	51.06	0	0	1.06	1.06	0	0	
1419755991179229603	CPU_4	42.26	0	57.73	0	0	0	0	0	0	
1419755992191451568	CPU_4	42.70	0	55.20	0	0	1.04	1.04	0	0	
1419755993439185074	CPU_4	46.92	0	51.53	0	0	.76	.76	0	0	
1419755994394252670	CPU_4	46.87	0	51.04	0	0	1.04	1.04	0	0	
1419755995404247640	CPU_4	46.53	0	52.47	0	0	0	.99	0	0	
1419755996359177236	CPU_4	38.94	0	58.94	0	0	1.05	1.05	0	0	
1419755997314253707	CPU_4	47.91	0	51.04	0	0	1.04	0	0	0	
1419755998286633721	CPU_4	47.91	0	51.04	0	0	0	1.04	0	0	
1419755999239383156	CPU_4	48.95	0	48.95	0	0	1.04	1.04	0	0	
1419756000189196722	CPU_4	44.21	0	54.73	0	0	1.05	0	0	0	
1419756001144157319	CPU_4	43.75	0	55.20	0	0	0	1.04	0	0	
1419756002124228315	CPU_4	65.97	0	31.95	0	0	1.03	1.03	0	0	
1419756003064180696	CPU_4	92.47	0	7.52	0	0	0	0	0	0	
1419756004014266553	CPU_4	93.75	0	5.20	0	0	1.04	0	0	0	
1419756004944228415	CPU_4	90.32	0	8.60	0	0	1.07	0	0	0	
1419756005889259284	CPU_4	91.57	0	7.36	0	0	0	1.05	0	0	
1419756006834257487	CPU_4	91.48	0	7.44	0	0	1.06	0	0	0	
1419756007774239409	CPU_4	90.32	0	9.67	0	0	0	0	0	0	
1419756008714190331	CPU_4	89.58	0	8.33	0	0	1.04	1.04	0	0	
1419756009659317325	CPU_4	91.39	0	8.60	0	0	0	0	0	0	
1419756010614214380	CPU_4	89.47	0	9.47	0	0	1.05	0	0	0	
1419756011559307165	CPU_4	91.66	0	7.29	0	0	1.04	0	0	0	
1419756012499265171	CPU_4	89.24	0	9.67	0	0	0	1.07	0	0	
1419756013444325498	CPU_4	90.52	0	8.42	0	0	1.05	0	0	0	
1419756014394266439	CPU_4	93.61	0	6.38	0	0	0	0	0	0	
1419756015339246975	CPU_4	89.58	0	8.33	0	0	1.04	1.04	0	0	
1419756016274305908	CPU_4	89.24	0	9.67	0	0	1.07	0	0	0	
1419756017204263770	CPU_4	92.39	0	7.60	0	0	0	0	0	0	
1419756018159283158	CPU_4	88.65	0	10.30	0	0	1.03	0	0	0	
1419756019089224687	CPU_4	90.32	0	8.60	0	0	0	1.07	0	0	
1419756020049283355	CPU_4	89.58	0	9.37	0	0	1.04	0	0	0	
1419756020969278114	CPU_4	89.01	0	10.98	0	0	0	0	0	0	
1419756021924310002	CPU_4	90.52	0	7.36	0	0	1.05	1.05	0	0	
1419756022884282837	CPU_4	89.79	0	9.18	0	0	1.02	0	0	0	
1419756023824277092	CPU_4	88.17	0	11.82	0	0	0	0	0	0	
1419756024764248056	CPU_4	87.36	0	10.52	0	0	1.05	1.05	0	0	
1419756025699305156	CPU_4	91.39	0	8.60	0	0	0	0	0	0	
1419756026649260389	CPU_4	90.52	0	8.42	0	0	1.05	0	0	0	
1419756027589234145	CPU_4	91.39	0	8.60	0	0	0	0	0	0	
1419756028529226484	CPU_4	87.36	0	10.52	0	0	1.05	1.05	0	0	
1419756029464186001	CPU_4	89.36	0	9.57	0	0	1.06	0	0	0	
1419756030409242328	CPU_4	89.24	0	10.75	0	0	0	0	0	0	
1419756031354329614	CPU_4	86.45	0	11.45	0	0	1.04	1.04	0	0	
1419756032264201355	CPU_4	84.78	0	14.13	0	0	1.08	0	0	0	
1419756033209304724	CPU_4	89.24	0	10.75	0	0	0	0	0	0	
1419756034129266609	CPU_4	85.86	0	11.95	0	0	1.08	1.08	0	0	
1419756035064266959	CPU_4	88.29	0	11.70	0	0	0	0	0	0	
1419756036009292412	CPU_4	86.02	0	12.90	0	0	1.07	0	0	0	
1419756036964250174	CPU_4	90.62	0	7.29	0	0	1.04	1.04	0	0	
1419756037909263252	CPU_4	86.31	0	13.68	0	0	0	0	0	0	
1419756038854261746	CPU_4	91.48	0	7.44	0	0	1.06	0	0	0	
1419756039799248448	CPU_4	86.31	0	11.57	0	0	1.05	1.05	0	0	
1419756040734338882	CPU_4	87.09	0	12.90	0	0	0	0	0	0	
1419756041674291512	CPU_4	88.29	0	10.63	0	0	1.06	0	0	0	
1419756042604336291	CPU_4	87.23	0	11.70	0	0	0	1.06	0	0	
1419756043554259274	CPU_4	88.29	0	10.63	0	0	1.06	0	0	0	
1419756044494284696	CPU_4	88.29	0	10.63	0	0	1.06	0	0	0	
1419756045454350739	CPU_4	88.54	0	10.41	0	0	0	1.04	0	0	
1419756046379281445	CPU_4	86.02	0	12.90	0	0	1.07	0	0	0	
1419756047294271550	CPU_4	91.20	0	7.69	0	0	1.09	0	0	0	
1419756048229226526	CPU_4	86.17	0	12.76	0	0	0	1.06	0	0	
1419756049189244152	CPU_4	86.45	0	12.50	0	0	1.04	0	0	0	
1419756050144206123	CPU_4	86.17	0	13.82	0	0	0	0	0	0	
1419756051079228223	CPU_4	87.23	0	10.63	0	0	1.06	1.06	0	0	
1419756052014176324	CPU_4	85.26	0	13.68	0	0	1.05	0	0	0	
1419756052944236686	CPU_4	89.13	0	10.86	0	0	0	0	0	0	
1419756053904252395	CPU_4	87.50	0	10.41	0	0	1.04	1.04	0	0	
1419756054844306484	CPU_4	88.29	0	10.63	0	0	1.06	0	0	0	
1419756056054388743	CPU_4	88.39	0	11.60	0	0	0	0	0	0	
1419756057079336512	CPU_4	88.39	0	9.82	0	0	.89	.89	0	0	
1419756058019293601	CPU_4	87.23	0	11.70	0	0	1.06	0	0	0	
1419756058979287894	CPU_4	90.52	0	9.47	0	0	0	0	0	0	
1419756059924269721	CPU_4	85.26	0	12.63	0	0	1.05	1.05	0	0	
1419756060874209329	CPU_4	88.42	0	10.52	0	0	1.05	0	0	0	
1419756061824280978	CPU_4	86.17	0	13.82	0	0	0	0	0	0	
1419756062774252627	CPU_4	86.59	0	11.34	0	0	1.03	1.03	0	0	
1419756063714261008	CPU_4	87.09	0	12.90	0	0	0	0	0	0	
1419756064664360782	CPU_4	88.29	0	10.63	0	0	1.06	0	0	0	
1419756065624281742	CPU_4	85.71	0	12.24	0	0	1.02	1.02	0	0	
1419756066564225747	CPU_4	90.21	0	9.78	0	0	0	0	0	0	
1419756067499356597	CPU_4	87.50	0	11.45	0	0	1.04	0	0	0	
1419756068434233781	CPU_4	89.24	0	8.60	0	0	1.07	1.07	0	0	
1419756069404300801	CPU_4	88.42	0	11.57	0	0	0	0	0	0	
1419756070354186034	CPU_4	88.54	0	10.41	0	0	1.04	0	0	0	
1419756071314294993	CPU_4	86.45	0	12.50	0	0	0	1.04	0	0	
1419756072274776118	CPU_4	85.26	0	13.68	0	0	1.05	0	0	0	
1419756073209216262	CPU_4	86.17	0	12.76	0	0	1.06	0	0	0	
1419756074149335059	CPU_4	90.42	0	8.51	0	0	0	1.06	0	0	
1419756075104288238	CPU_4	86.45	0	12.50	0	0	1.04	0	0	0	
1419756076044361035	CPU_4	88.29	0	10.63	0	0	1.06	0	0	0	
1419756076989349821	CPU_4	89.36	0	9.57	0	0	0	1.06	0	0	
1419756077904306509	CPU_4	83.87	0	15.05	0	0	1.07	0	0	0	
1419756078859403438	CPU_4	88.29	0	11.70	0	0	0	0	0	0	
1419756079824280262	CPU_4	87.62	0	10.30	0	0	1.03	1.03	0	0	
1419756080774276411	CPU_4	87.36	0	11.57	0	0	1.05	0	0	0	
1419756081729339174	CPU_4	88.42	0	11.57	0	0	0	0	0	0	
1419756082664273732	CPU_4	87.23	0	10.63	0	0	1.06	1.06	0	0	
1419756083599313958	CPU_4	88.17	0	11.82	0	0	0	0	0	0	
1419756084564376906	CPU_4	88.54	0	10.41	0	0	1.04	0	0	0	
1419756085504273620	CPU_4	84.21	0	13.68	0	0	1.05	1.05	0	0	
1419756086434320940	CPU_4	87.91	0	12.08	0	0	0	0	0	0	
1419756087364343760	CPU_4	88.42	0	10.52	0	0	1.05	0	0	0	
1419756088319290606	CPU_4	86.45	0	12.50	0	0	0	1.04	0	0	
1419756089269285797	CPU_4	86.17	0	12.76	0	0	1.06	0	0	0	
1419756090224357976	CPU_4	89.58	0	9.37	0	0	1.04	0	0	0	
1419756091174336876	CPU_4	85.10	0	13.82	0	0	0	1.06	0	0	
1419756092114369923	CPU_4	87.36	0	11.57	0	0	1.05	0	0	0	
1419756093074299633	CPU_4	89.58	0	9.37	0	0	1.04	0	0	0	
1419756094044280152	CPU_4	86.59	0	12.37	0	0	0	1.03	0	0	
1419756095009328934	CPU_4	86.45	0	12.50	0	0	1.04	0	0	0	
1419756095954231095	CPU_4	87.36	0	12.63	0	0	0	0	0	0	
1419756096904359119	CPU_4	84.21	0	13.68	0	0	1.05	1.05	0	0	
1419756097869303692	CPU_4	87.62	0	11.34	0	0	1.03	0	0	0	
1419756098829351860	CPU_4	89.47	0	10.52	0	0	0	0	0	0	
1419756099803487912	CPU_4	86.73	0	11.22	0	0	1.02	1.02	0	0	
1419756100754277726	CPU_4	85.26	0	13.68	0	0	1.05	0	0	0	
1419756101749243313	CPU_4	90.81	0	9.18	0	0	0	0	0	0	
1419756102699395796	CPU_4	88.77	0	9.18	0	0	1.02	1.02	0	0	
1419756103639292635	CPU_4	90.21	0	9.78	0	0	0	0	0	0	
1419756104574250068	CPU_4	87.09	0	11.82	0	0	1.07	0	0	0	
1419756105529350706	CPU_4	86.59	0	11.34	0	0	1.03	1.03	0	0	
1419756106484252552	CPU_4	89.36	0	10.63	0	0	0	0	0	0	
1419756107414273747	CPU_4	87.23	0	11.70	0	0	1.06	0	0	0	
1419756108374256999	CPU_4	86.45	0	11.45	0	0	1.04	1.04	0	0	
1419756109339374572	CPU_4	89.58	0	10.41	0	0	0	0	0	0	
1419756110284282482	CPU_4	86.31	0	12.63	0	0	1.05	0	0	0	
1419756111264256896	CPU_4	88.77	0	10.20	0	0	0	1.02	0	0	
1419756112189306603	CPU_4	85.86	0	13.04	0	0	1.08	0	0	0	
1419756113159291248	CPU_4	86.73	0	12.24	0	0	1.02	0	0	0	
1419756114119319791	CPU_4	89.58	0	9.37	0	0	0	1.04	0	0	
1419756115089264977	CPU_4	87.62	0	11.34	0	0	1.03	0	0	0	
1419756116029280524	CPU_4	88.17	0	10.75	0	0	1.07	0	0	0	
1419756116979327132	CPU_4	88.42	0	10.52	0	0	0	1.05	0	0	
1419756117924279043	CPU_4	86.31	0	12.63	0	0	1.05	0	0	0	
1419756119184321687	CPU_4	89.60	0	8.80	0	0	.80	.80	0	0	
1419756120179324442	CPU_4	90.00	0	10.00	0	0	0	0	0	0	
1419756121134199330	CPU_4	85.26	0	13.68	0	0	1.05	0	0	0	
1419756122089294509	CPU_4	87.62	0	10.30	0	0	1.03	1.03	0	0	
1419756123024192484	CPU_4	86.95	0	13.04	0	0	0	0	0	0	
1419756123974279050	CPU_4	88.54	0	10.41	0	0	1.04	0	0	0	
1419756124914229222	CPU_4	85.26	0	13.68	0	0	0	1.05	0	0	
1419756125839339012	CPU_4	86.81	0	12.08	0	0	1.09	0	0	0	
1419756126799224847	CPU_4	88.54	0	10.41	0	0	1.04	0	0	0	
1419756127759310348	CPU_4	86.45	0	12.50	0	0	0	1.04	0	0	
1419756128699334604	CPU_4	86.31	0	12.63	0	0	1.05	0	0	0	
1419756129649248503	CPU_4	89.36	0	9.57	0	0	1.06	0	0	0	
1419756130619264523	CPU_4	88.65	0	10.30	0	0	0	1.03	0	0	
1419756131574305202	CPU_4	86.45	0	12.50	0	0	1.04	0	0	0	
1419756132514219875	CPU_4	88.17	0	11.82	0	0	0	0	0	0	
1419756133449286350	CPU_4	86.31	0	11.57	0	0	1.05	1.05	0	0	
1419756134379287212	CPU_4	88.17	0	10.75	0	0	1.07	0	0	0	
1419756135334282641	CPU_4	88.42	0	11.57	0	0	0	0	0	0	
1419756136294309351	CPU_4	85.41	0	12.50	0	0	1.04	1.04	0	0	
1419756137234271523	CPU_4	86.17	0	13.82	0	0	0	0	0	0	
1419756138179321725	CPU_4	88.29	0	10.63	0	0	1.06	0	0	0	
1419756139119275773	CPU_4	86.31	0	11.57	0	0	1.05	1.05	0	0	
1419756140064290350	CPU_4	87.23	0	12.76	0	0	0	0	0	0	
1419756141009262719	CPU_4	87.23	0	11.70	0	0	1.06	0	0	0	
1419756141919367543	CPU_4	82.79	0	15.05	0	0	1.07	1.07	0	0	
1419756142884266617	CPU_4	88.42	0	11.57	0	0	0	0	0	0	
1419756143844381076	CPU_4	82.29	0	16.66	0	0	1.04	0	0	0	
1419756144774316646	CPU_4	81.72	0	13.97	0	3.22	0	1.07	0	0	
1419756145719306932	CPU_4	86.02	0	12.90	0	0	1.07	0	0	0	
1419756146659179563	CPU_4	85.26	0	13.68	0	0	1.05	0	0	0	
1419756147604292098	CPU_4	85.10	0	13.82	0	0	0	1.06	0	0	
1419756148574211577	CPU_4	87.62	0	11.34	0	0	1.03	0	0	0	
1419756149514215374	CPU_4	85.26	0	12.63	0	0	1.05	1.05	0	0	
1419756150431525723	CPU_4	84.61	0	15.38	0	0	0	0	0	0	
1419756151339352845	CPU_4	85.86	0	13.04	0	0	1.08	0	0	0	
1419756152294312524	CPU_4	87.36	0	10.52	0	0	1.05	1.05	0	0	
1419756153239312518	CPU_4	88.17	0	11.82	0	0	0	0	0	0	
1419756154184238387	CPU_4	85.26	0	13.68	0	0	1.05	0	0	0	
1419756155114323916	CPU_4	86.17	0	11.70	0	0	1.06	1.06	0	0	
1419756156054321130	CPU_4	86.02	0	13.97	0	0	0	0	0	0	
1419756156999285790	CPU_4	83.15	0	14.73	0	0	1.05	1.05	0	0	
1419756157934220474	CPU_4	86.02	0	13.97	0	0	0	0	0	0	
1419756158861857717	CPU_4	76.08	0	17.39	5.43	0	1.08	0	0	0	
