#Timestamp	CPU_ID	user%	nice%	sys%	idle%	iowait%	irq%	softiq%	steal%	guest%	guest_nice%
1428617534760365967	CPU_0	11.11	0	1.85	87.03	0	0	0	0	0	0
1428617535373479251	CPU_0	0	0	0	98.36	0	1.63	0	0	0	0
1428617535987956824	CPU_0	0	0	0	100.00	0	0	0	0	0	0
1428617536600976441	CPU_0	0	0	1.63	98.36	0	0	0	0	0	0
1428617537222336374	CPU_0	0	0	0	96.82	1.58	1.58	0	0	0	0
1428617537836846947	CPU_0	0	0	0	100.00	0	0	0	0	0	0
1428617538451687019	CPU_0	0	0	0	100.00	0	0	0	0	0	0
1428617539065483719	CPU_0	0	0	0	92.42	0	7.57	0	0	0	0
1428617539680765665	CPU_0	0	0	0	100.00	0	0	0	0	0	0
1428617540302024682	CPU_0	0	0	0	100.00	0	0	0	0	0	0
1428617540917381045	CPU_0	0	0	0	100.00	0	0	0	0	0	0
1428617541531754493	CPU_0	0	0	1.63	98.36	0	0	0	0	0	0
1428617542146912440	CPU_0	0	0	0	100.00	0	0	0	0	0	0
1428617542765230005	CPU_0	0	0	1.63	98.36	0	0	0	0	0	0
1428617543385507024	CPU_0	1.61	0	1.61	96.77	0	0	0	0	0	0
1428617544000679679	CPU_0	0	0	0	100.00	0	0	0	0	0	0
1428617544616345583	CPU_0	11.86	0	1.69	86.44	0	0	0	0	0	0
1428617545230867364	CPU_0	0	0	0	100.00	0	0	0	0	0	0
1428617545852634797	CPU_0	0	0	0	98.38	0	1.61	0	0	0	0
1428617546468240702	CPU_0	0	0	1.63	98.36	0	0	0	0	0	0
1428617547084652188	CPU_0	0	0	0	100.00	0	0	0	0	0	0
1428617547700361133	CPU_0	0	0	0	100.00	0	0	0	0	0	0
1428617548315968913	CPU_0	0	0	0	98.38	0	1.61	0	0	0	0
1428617548938145762	CPU_0	0	0	0	100.00	0	0	0	0	0	0
1428617549554621914	CPU_0	3.27	0	3.27	91.80	0	1.63	0	0	0	0
1428617550169890778	CPU_0	0	0	0	100.00	0	0	0	0	0	0
1428617550787072762	CPU_0	0	0	1.63	98.36	0	0	0	0	0	0
1428617551408886612	CPU_0	0	0	0	98.41	0	1.58	0	0	0	0
1428617552024847474	CPU_0	0	0	0	100.00	0	0	0	0	0	0
1428617552639549381	CPU_0	0	0	0	96.77	0	3.22	0	0	0	0
1428617553256231950	CPU_0	0	0	1.61	98.38	0	0	0	0	0	0
1428617553871521730	CPU_0	0	0	0	100.00	0	0	0	0	0	0
1428617554494282953	CPU_0	0	0	1.58	98.41	0	0	0	0	0	0
1428617555109404734	CPU_0	0	0	0	100.00	0	0	0	0	0	0
1428617555725624388	CPU_0	0	0	1.61	98.38	0	0	0	0	0	0
1428617556342054999	CPU_0	0	0	0	100.00	0	0	0	0	0	0
1428617556958043111	CPU_0	0	0	0	100.00	0	0	0	0	0	0
1428617557579723962	CPU_0	0	0	0	100.00	0	0	0	0	0	0
1428617558195408492	CPU_0	0	0	0	98.38	0	1.61	0	0	0	0
1428617558812081978	CPU_0	0	0	0	100.00	0	0	0	0	0	0
1428617559427952340	CPU_0	0	0	0	100.00	0	0	0	0	0	0
1428617560050181481	CPU_0	0	0	0	100.00	0	0	0	0	0	0
1428617560666380344	CPU_0	0	0	1.58	96.82	0	1.58	0	0	0	0
1428617561283374371	CPU_0	0	0	0	100.00	0	0	0	0	0	0
1428617561899859399	CPU_0	0	0	0	100.00	0	0	0	0	0	0
1428617562516808885	CPU_0	0	0	0	96.77	1.61	1.61	0	0	0	0
1428617563140466231	CPU_0	0	0	0	100.00	0	0	0	0	0	0
1428617563757119759	CPU_0	0	0	0	100.00	0	0	0	0	0	0
1428617564374656369	CPU_0	0	0	0	100.00	0	0	0	0	0	0
1428617564991281564	CPU_0	0	0	1.58	96.82	0	1.58	0	0	0	0
1428617565614768703	CPU_0	0	0	0	100.00	0	0	0	0	0	0
1428617566231903813	CPU_0	0	0	1.61	98.38	0	0	0	0	0	0
1428617566849654672	CPU_0	0	0	0	98.36	0	1.63	0	0	0	0
1428617567466793825	CPU_0	0	0	3.22	96.77	0	0	0	0	0	0
1428617568083575103	CPU_0	0	0	0	100.00	0	0	0	0	0	0
1428617568707385241	CPU_0	0	0	0	100.00	0	0	0	0	0	0
1428617569324820143	CPU_0	0	0	1.61	96.77	0	1.61	0	0	0	0
1428617569941307421	CPU_0	0	0	0	100.00	0	0	0	0	0	0
1428617570557863325	CPU_0	0	0	0	100.00	0	0	0	0	0	0
1428617571176980223	CPU_0	0	0	1.61	96.77	0	1.61	0	0	0	0
1428617571799335240	CPU_0	0	0	0	100.00	0	0	0	0	0	0
1428617572416323184	CPU_0	0	0	0	96.77	0	1.61	1.61	0	0	0
1428617573033479253	CPU_0	0	0	1.61	98.38	0	0	0	0	0	0
1428617573650408906	CPU_0	0	0	0	100.00	0	0	0	0	0	0
1428617574274906668	CPU_0	0	0	0	100.00	0	0	0	0	0	0
1428617574892545903	CPU_0	0	0	1.61	98.38	0	0	0	0	0	0
1428617575509775889	CPU_0	0	0	0	98.36	0	1.63	0	0	0	0
1428617576127065167	CPU_0	0	0	0	100.00	0	0	0	0	0	0
1428617576744455611	CPU_0	0	0	0	98.38	0	1.61	0	0	0	0
1428617577368370457	CPU_0	0	0	1.61	98.38	0	0	0	0	0	0
1428617577986338275	CPU_0	0	0	0	100.00	0	0	0	0	0	0
1428617578603871969	CPU_0	0	0	0	100.00	0	0	0	0	0	0
1428617579221974536	CPU_0	0	0	0	100.00	0	0	0	0	0	0
1428617579845575051	CPU_0	0	0	0	100.00	0	0	0	0	0	0
1428617580462949578	CPU_0	0	0	0	98.38	0	1.61	0	0	0	0
1428617581080345981	CPU_0	0	0	1.61	98.38	0	0	0	0	0	0
1428617581697915591	CPU_0	0	0	0	98.36	0	0	1.63	0	0	0
1428617582315558910	CPU_0	0	0	0	96.82	0	3.17	0	0	0	0
1428617582939580590	CPU_0	0	0	1.61	98.38	0	0	0	0	0	0
1428617583556378952	CPU_0	0	0	0	100.00	0	0	0	0	0	0
1428617584173416689	CPU_0	0	0	1.61	98.38	0	0	0	0	0	0
1428617584790435384	CPU_0	0	0	0	100.00	0	0	0	0	0	0
1428617585413785774	CPU_0	0	0	0	100.00	0	0	0	0	0	0
1428617586030966136	CPU_0	0	0	1.61	98.38	0	0	0	0	0	0
1428617586647619707	CPU_0	0	0	0	98.38	0	1.61	0	0	0	0
1428617587264724485	CPU_0	0	0	0	100.00	0	0	0	0	0	0
1428617587882239971	CPU_0	0	0	0	100.00	0	0	0	0	0	0
1428617588505970527	CPU_0	0	0	1.61	98.38	0	0	0	0	0	0
1428617589122790265	CPU_0	0	0	0	98.38	0	1.61	0	0	0	0
1428617589740373001	CPU_0	0	0	0	100.00	0	0	0	0	0	0
1428617590357470571	CPU_0	0	0	1.61	96.77	0	1.61	0	0	0	0
1428617590983695039	CPU_0	0	0	0	100.00	0	0	0	0	0	0
1428617591600991942	CPU_0	0	0	0	100.00	0	0	0	0	0	0
1428617592218350345	CPU_0	0	0	0	100.00	0	0	0	0	0	0
1428617592836249372	CPU_0	0	0	0	100.00	0	0	0	0	0	0
1428617593453559359	CPU_0	0	0	1.61	96.77	0	1.61	0	0	0	0
1428617594077783956	CPU_0	0	0	0	100.00	0	0	0	0	0	0
1428617594695754316	CPU_0	0	0	0	98.36	0	0	1.63	0	0	0
1428617595314277051	CPU_0	0	0	0	100.00	0	0	0	0	0	0
1428617595931410871	CPU_0	0	0	0	98.38	0	1.61	0	0	0	0
1428617596550507063	CPU_0	0	0	0	100.00	0	0	0	0	0	0
1428617597172701414	CPU_0	0	0	0	98.38	0	1.61	0	0	0	0
1428617597790342817	CPU_0	0	0	1.61	96.77	1.61	0	0	0	0	0
1428617598408809927	CPU_0	0	0	0	100.00	0	0	0	0	0	0
1428617599026765412	CPU_0	0	0	0	100.00	0	0	0	0	0	0
1428617599650237595	CPU_0	0	0	0	98.38	0	1.61	0	0	0	0
1428617600268223080	CPU_0	0	0	1.61	98.38	0	0	0	0	0	0
1428617600885964483	CPU_0	0	0	0	100.00	0	0	0	0	0	0
1428617601503550845	CPU_0	0	0	0	100.00	0	0	0	0	0	0
1428617602120929623	CPU_0	0	0	1.58	96.82	0	1.58	0	0	0	0
1428617602745057930	CPU_0	0	0	0	100.00	0	0	0	0	0	0
1428617603363501414	CPU_0	0	0	1.58	96.82	0	0	1.58	0	0	0
1428617603981609067	CPU_0	0	0	0	100.00	0	0	0	0	0	0
1428617604599491261	CPU_0	0	0	0	98.38	0	1.61	0	0	0	0
1428617605223514109	CPU_0	0	0	1.61	98.38	0	0	0	0	0	0
1428617605842188969	CPU_0	0	0	0	100.00	0	0	0	0	0	0
1428617606460223746	CPU_0	0	0	0	98.38	0	1.61	0	0	0	0
1428617607077637234	CPU_0	0	0	0	100.00	0	0	0	0	0	0
1428617607695905094	CPU_0	0	0	0	100.00	0	0	0	0	0	0
1428617608320146567	CPU_0	0	0	1.61	98.38	0	0	0	0	0	0
1428617608939068843	CPU_0	0	0	0	98.38	0	1.61	0	0	0	0
1428617609557169704	CPU_0	0	0	0	100.00	0	0	0	0	0	0
1428617610175757564	CPU_0	0	0	0	98.38	0	1.61	0	0	0	0
1428617610801223826	CPU_0	0	0	1.58	98.41	0	0	0	0	0	0
1428617611420566893	CPU_0	0	0	0	100.00	0	0	0	0	0	0
1428617612039106753	CPU_0	0	0	0	98.38	0	0	1.61	0	0	0
1428617612656711073	CPU_0	1.63	0	0	98.36	0	0	0	0	0	0
1428617613275513808	CPU_0	0	0	1.61	96.77	0	1.61	0	0	0	0
1428617613900164947	CPU_0	0	0	0	100.00	0	0	0	0	0	0
1428617614518503891	CPU_0	0	0	1.63	98.36	0	0	0	0	0	0
1428617615136853877	CPU_0	0	0	1.58	96.82	0	1.58	0	0	0	0
1428617615755533653	CPU_0	0	0	0	100.00	0	0	0	0	0	0
1428617616381142374	CPU_0	0	0	0	100.00	0	0	0	0	0	0
1428617616999696526	CPU_0	0	0	1.63	98.36	0	0	0	0	0	0
1428617617617546846	CPU_0	0	0	0	98.36	0	1.63	0	0	0	0
1428617618235816457	CPU_0	0	0	0	100.00	0	0	0	0	0	0
1428617618854993483	CPU_0	0	0	0	100.00	0	0	0	0	0	0
1428617619479388331	CPU_0	0	0	0	98.38	0	1.61	0	0	0	0
1428617620097860109	CPU_0	0	0	0	98.38	0	0	1.61	0	0	0
1428617620716428719	CPU_0	0	0	0	100.00	0	0	0	0	0	0
1428617621335073496	CPU_0	0	0	0	98.36	0	1.63	0	0	0	0
1428617621960153135	CPU_0	0	0	1.58	98.41	0	0	0	0	0	0
1428617622577798831	CPU_0	0	0	0	100.00	0	0	0	0	0	0
1428617623196310567	CPU_0	0	0	1.58	96.82	0	1.58	0	0	0	0
1428617623814547303	CPU_0	0	0	0	100.00	0	0	0	0	0	0
1428617624433273622	CPU_0	0	0	0	96.82	0	3.17	0	0	0	0
1428617625057240888	CPU_0	0	0	0	100.00	0	0	0	0	0	0
1428617625676272581	CPU_0	0	0	1.61	98.38	0	0	0	0	0	0
1428617626295171483	CPU_0	0	0	0	100.00	0	0	0	0	0	0
1428617626914115552	CPU_0	0	0	0	100.00	0	0	0	0	0	0
1428617627539134482	CPU_0	0	0	0	100.00	0	0	0	0	0	0
1428617628157715843	CPU_0	0	0	0	100.00	0	0	0	0	0	0
1428617628776274371	CPU_0	0	0	0	96.82	0	1.58	1.58	0	0	0
1428617629395384606	CPU_0	0	0	0	100.00	0	0	0	0	0	0
1428617630013915259	CPU_0	0	0	0	100.00	0	0	0	0	0	0
1428617630639188439	CPU_0	0	0	0	100.00	0	0	0	0	0	0
1428617631257931383	CPU_0	0	0	0	100.00	0	0	0	0	0	0
1428617631877039327	CPU_0	0	0	0	100.00	0	0	0	0	0	0
1428617632495453522	CPU_0	0	0	1.56	95.31	1.56	1.56	0	0	0	0
1428617633120896910	CPU_0	0	0	1.61	98.38	0	0	0	0	0	0
1428617633739603021	CPU_0	0	0	1.61	98.38	0	0	0	0	0	0
1428617634358424548	CPU_0	0	0	0	98.38	0	1.61	0	0	0	0
1428617634977042285	CPU_0	0	0	0	100.00	0	0	0	0	0	0
1428617635596175062	CPU_0	0	0	0	100.00	0	0	0	0	0	0
1428617636220746702	CPU_0	0	0	0	98.38	0	1.61	0	0	0	0
1428617636839215189	CPU_0	0	0	0	100.00	0	0	0	0	0	0
1428617637458075008	CPU_0	0	0	0	92.30	0	6.15	1.53	0	0	0
1428617638077293618	CPU_0	0	0	0	100.00	0	0	0	0	0	0
1428617638702377674	CPU_0	0	0	0	100.00	0	0	0	0	0	0
1428617639321297077	CPU_0	0	0	0	100.00	0	0	0	0	0	0
1428617639940502521	CPU_0	0	0	1.61	98.38	0	0	0	0	0	0
1428617640559295257	CPU_0	0	0	0	100.00	0	0	0	0	0	0
1428617641177925452	CPU_0	0	0	0	100.00	0	0	0	0	0	0
1428617641803049966	CPU_0	0	0	0	100.00	0	0	0	0	0	0
1428617642422457410	CPU_0	0	0	0	100.00	0	0	0	0	0	0
1428617643042062144	CPU_0	0	0	0	100.00	0	0	0	0	0	0
1428617643661340296	CPU_0	0	0	1.61	98.38	0	0	0	0	0	0
1428617644286959643	CPU_0	0	0	0	100.00	0	0	0	0	0	0
1428617644906708253	CPU_0	0	0	0	100.00	0	0	0	0	0	0
1428617645525735280	CPU_0	0	0	1.44	88.40	0	8.69	1.44	0	0	0
1428617646144868141	CPU_0	0	0	0	100.00	0	0	0	0	0	0
1428617646763544253	CPU_0	0	0	0	100.00	0	0	0	0	0	0
1428617647389103100	CPU_0	0	0	0	100.00	0	0	0	0	0	0
1428617648007897129	CPU_0	0	0	1.61	98.38	0	0	0	0	0	0
1428617648626858573	CPU_0	0	0	0	100.00	0	0	0	0	0	0
1428617649245163186	CPU_0	0	0	0	100.00	0	0	0	0	0	0
1428617649870279034	CPU_0	0	0	1.61	98.38	0	0	0	0	0	0
1428617650490038103	CPU_0	0	0	0	100.00	0	0	0	0	0	0
1428617651109438796	CPU_0	0	0	0	100.00	0	0	0	0	0	0
1428617651728586949	CPU_0	0	0	0	100.00	0	0	0	0	0	0
1428617652347665019	CPU_0	0	0	1.63	98.36	0	0	0	0	0	0
1428617652973359283	CPU_0	0	0	1.58	98.41	0	0	0	0	0	0
1428617653592833477	CPU_0	0	0	1.61	98.38	0	0	0	0	0	0
1428617654211832588	CPU_0	0	0	0	98.36	0	0	1.63	0	0	0
1428617654830576742	CPU_0	0	0	0	100.00	0	0	0	0	0	0
1428617655456605797	CPU_0	0	0	0	100.00	0	0	0	0	0	0
1428617656076359491	CPU_0	0	0	0	100.00	0	0	0	0	0	0
1428617656695362644	CPU_0	0	0	0	100.00	0	0	0	0	0	0
1428617657315567170	CPU_0	0	0	0	100.00	0	0	0	0	0	0
1428617657935895570	CPU_0	0	0	1.63	98.36	0	0	0	0	0	0
1428617658561552751	CPU_0	0	0	0	100.00	0	0	0	0	0	0
1428617659180288114	CPU_0	0	0	0	98.38	0	1.61	0	0	0	0
1428617659799192643	CPU_0	0	0	0	100.00	0	0	0	0	0	0
1428617660418377171	CPU_0	0	0	0	100.00	0	0	0	0	0	0
1428617661043976894	CPU_0	0	0	0	93.93	0	6.06	0	0	0	0
1428617661662370090	CPU_0	0	0	0	100.00	0	0	0	0	0	0
1428617662281224036	CPU_0	0	0	0	98.38	0	0	1.61	0	0	0
1428617662900043815	CPU_0	0	0	1.61	98.38	0	0	0	0	0	0
1428617663519770967	CPU_0	1.69	0	0	98.30	0	0	0	0	0	0
1428617664144463401	CPU_0	0	0	1.63	98.36	0	0	0	0	0	0
1428617664763593971	CPU_0	9.83	0	3.27	85.24	0	1.63	0	0	0	0
1428617665382431500	CPU_0	0	0	0	100.00	0	0	0	0	0	0
1428617666001886945	CPU_0	0	0	0	100.00	0	0	0	0	0	0
1428617666627037294	CPU_0	0	0	0	98.41	0	1.58	0	0	0	0
1428617667246010240	CPU_0	1.63	0	0	98.36	0	0	0	0	0	0
1428617667864925269	CPU_0	0	0	0	96.82	1.58	1.58	0	0	0	0
1428617668485102587	CPU_0	0	0	0	100.00	0	0	0	0	0	0
1428617669109274730	CPU_0	3.17	0	1.58	93.65	0	0	1.58	0	0	0
1428617669731118420	CPU_0	0	0	1.63	98.36	0	0	0	0	0	0
1428617670349618867	CPU_0	0	0	0	100.00	0	0	0	0	0	0
1428617670969782518	CPU_0	0	0	0	98.38	0	1.61	0	0	0	0
1428617671587802258	CPU_0	0	0	1.63	98.36	0	0	0	0	0	0
1428617672213274524	CPU_0	0	0	0	100.00	0	0	0	0	0	0
1428617672831761471	CPU_0	0	0	0	98.36	0	1.63	0	0	0	0
1428617673452336663	CPU_0	1.58	0	0	96.82	0	0	1.58	0	0	0
1428617674071704150	CPU_0	0	0	0	100.00	0	0	0	0	0	0
1428617674700383951	CPU_0	0	0	1.47	89.70	0	8.82	0	0	0	0
1428617675319993270	CPU_0	0	0	1.58	98.41	0	0	0	0	0	0
1428617675939998548	CPU_0	0	0	1.61	98.38	0	0	0	0	0	0
1428617676559878492	CPU_0	0	0	0	100.00	0	0	0	0	0	0
1428617677179142063	CPU_0	0	0	0	100.00	0	0	0	0	0	0
1428617677804525412	CPU_0	0	0	1.58	98.41	0	0	0	0	0	0
1428617678424541731	CPU_0	0	0	0	100.00	0	0	0	0	0	0
1428617679043488261	CPU_0	0	0	0	100.00	0	0	0	0	0	0
1428617679662491916	CPU_0	0	0	0	100.00	0	0	0	0	0	0
1428617680287603599	CPU_0	0	0	1.58	98.41	0	0	0	0	0	0
1428617680907069211	CPU_0	0	0	1.61	98.38	0	0	0	0	0	0
1428617681526940114	CPU_0	0	0	0	100.00	0	0	0	0	0	0
1428617682146186268	CPU_0	0	0	0	100.00	0	0	0	0	0	0
1428617682765379506	CPU_0	0	0	0	100.00	0	0	0	0	0	0
1428617683391308355	CPU_0	0	0	1.61	98.38	0	0	0	0	0	0
1428617684011617090	CPU_0	0	0	0	100.00	0	0	0	0	0	0
1428617684630692245	CPU_0	0	0	0	100.00	0	0	0	0	0	0
1428617685249881816	CPU_0	0	0	0	100.00	0	0	0	0	0	0
1428617685875872123	CPU_0	0	0	0	100.00	0	0	0	0	0	0
1428617686495979151	CPU_0	0	0	0	98.38	0	0	1.61	0	0	0
1428617687115614096	CPU_0	0	0	1.61	98.38	0	0	0	0	0	0
1428617687735291375	CPU_0	0	0	1.61	96.77	0	1.61	0	0	0	0
1428617688354750987	CPU_0	0	0	0	100.00	0	0	0	0	0	0
1428617688981113543	CPU_0	0	0	1.58	98.41	0	0	0	0	0	0
1428617689600701906	CPU_0	0	0	0	98.36	0	1.63	0	0	0	0
1428617690220636309	CPU_0	0	0	0	100.00	0	0	0	0	0	0
1428617690840607295	CPU_0	0	0	0	100.00	0	0	0	0	0	0
1428617691467422143	CPU_0	0	0	0	100.00	0	0	0	0	0	0
1428617692086683131	CPU_0	0	0	0	98.38	0	1.61	0	0	0	0
1428617692706925284	CPU_0	0	0	0	100.00	0	0	0	0	0	0
1428617693326266147	CPU_0	0	0	0	100.00	0	0	0	0	0	0
1428617693946352216	CPU_0	0	0	1.58	96.82	0	1.58	0	0	0	0
1428617694571866816	CPU_0	0	0	0	98.41	0	0	1.58	0	0	0
1428617695191728470	CPU_0	0	0	1.61	98.38	0	0	0	0	0	0
1428617695811480999	CPU_0	0	0	1.61	98.38	0	0	0	0	0	0
1428617696430870279	CPU_0	0	0	0	95.31	0	4.68	0	0	0	0
1428617697057197586	CPU_0	0	0	0	100.00	0	0	0	0	0	0
1428617697677049823	CPU_0	0	0	0	100.00	0	0	0	0	0	0
1428617698297116601	CPU_0	0	0	0	100.00	0	0	0	0	0	0
1428617698916530839	CPU_0	0	0	0	96.82	0	0	3.17	0	0	0
1428617699536927576	CPU_0	0	0	1.61	98.38	0	0	0	0	0	0
1428617700162474051	CPU_0	0	0	0	100.00	0	0	0	0	0	0
1428617700782153247	CPU_0	0	0	0	100.00	0	0	0	0	0	0
1428617701401696318	CPU_0	0	0	1.61	98.38	0	0	0	0	0	0
1428617702021567014	CPU_0	0	0	0	100.00	0	0	0	0	0	0
1428617702647320906	CPU_0	0	0	1.58	96.82	1.58	0	0	0	0	0
1428617703267169393	CPU_0	0	0	0	98.38	0	1.61	0	0	0	0
1428617703886911381	CPU_0	0	0	0	100.00	0	0	0	0	0	0
1428617704506803160	CPU_0	0	0	0	100.00	0	0	0	0	0	0
1428617705133476383	CPU_0	0	0	0	98.38	0	1.61	0	0	0	0
1428617705756217615	CPU_0	0	0	0	100.00	0	0	0	0	0	0
1428617706375993478	CPU_0	0	0	1.61	98.38	0	0	0	0	0	0
1428617706996018007	CPU_0	0	0	0	98.38	0	1.61	0	0	0	0
1428617707615257662	CPU_0	0	0	0	100.00	0	0	0	0	0	0
1428617708241314804	CPU_0	0	0	1.61	98.38	0	0	0	0	0	0
1428617708860738959	CPU_0	0	0	0	100.00	0	0	0	0	0	0
1428617709480781947	CPU_0	0	0	0	98.38	0	1.61	0	0	0	0
1428617710100236310	CPU_0	0	0	0	100.00	0	0	0	0	0	0
1428617710727805449	CPU_0	0	0	0	100.00	0	0	0	0	0	0
1428617711347690603	CPU_0	0	0	0	98.41	0	1.58	0	0	0	0
1428617711967986840	CPU_0	0	0	0	100.00	0	0	0	0	0	0
1428617712587285621	CPU_0	0	0	1.58	96.82	0	1.58	0	0	0	0
1428617713207084567	CPU_0	0	0	0	100.00	0	0	0	0	0	0
1428617713832703543	CPU_0	0	0	1.58	98.41	0	0	0	0	0	0
1428617714452440740	CPU_0	0	0	0	100.00	0	0	0	0	0	0
1428617715072597228	CPU_0	0	0	1.61	98.38	0	0	0	0	0	0
1428617715693030381	CPU_0	0	0	0	98.36	0	1.63	0	0	0	0
1428617716318543691	CPU_0	0	0	0	100.00	0	0	0	0	0	0
1428617716939456760	CPU_0	0	0	1.61	98.38	0	0	0	0	0	0
1428617717559760414	CPU_0	0	0	1.61	96.77	0	1.61	0	0	0	0
1428617718180130568	CPU_0	0	0	0	100.00	0	0	0	0	0	0
1428617718799382516	CPU_0	0	0	0	100.00	0	0	0	0	0	0
1428617719426194365	CPU_0	0	0	0	100.00	0	0	0	0	0	0
1428617720046899601	CPU_0	0	0	0	98.38	0	1.61	0	0	0	0
1428617720667577005	CPU_0	0	0	0	98.38	0	0	1.61	0	0	0
1428617721288031617	CPU_0	0	0	1.61	98.38	0	0	0	0	0	0
1428617721914804299	CPU_0	0	0	0	100.00	0	0	0	0	0	0
1428617722536052452	CPU_0	0	0	0	98.38	0	1.61	0	0	0	0
1428617723156488481	CPU_0	0	0	0	100.00	0	0	0	0	0	0
1428617723776491636	CPU_0	0	0	1.61	98.38	0	0	0	0	0	0
1428617724396898331	CPU_0	0	0	0	92.42	0	7.57	0	0	0	0
1428617725023172848	CPU_0	0	0	0	100.00	0	0	0	0	0	0
1428617725643944418	CPU_0	0	0	0	100.00	0	0	0	0	0	0
1428617726263720241	CPU_0	0	0	0	100.00	0	0	0	0	0	0
1428617726883479646	CPU_0	0	0	0	100.00	0	0	0	0	0	0
1428617727510813411	CPU_0	0	0	1.61	98.38	0	0	0	0	0	0
1428617728131117566	CPU_0	0	0	0	100.00	0	0	0	0	0	0
1428617728750950471	CPU_0	0	0	0	95.31	0	0	4.68	0	0	0
1428617729371218251	CPU_0	0	0	0	100.00	0	0	0	0	0	0
1428617729998392683	CPU_0	0	0	1.61	98.38	0	0	0	0	0	0
1428617730621608290	CPU_0	0	0	0	100.00	0	0	0	0	0	0
1428617731241919153	CPU_0	0	0	1.61	98.38	0	0	0	0	0	0
1428617731861329976	CPU_0	0	0	0	100.00	0	0	0	0	0	0
1428617732481679756	CPU_0	1.61	0	0	98.38	0	0	0	0	0	0
1428617733109197854	CPU_0	0	0	0	100.00	0	0	0	0	0	0
1428617733729621967	CPU_0	0	0	1.56	96.87	0	1.56	0	0	0	0
1428617734349859997	CPU_0	0	0	0	100.00	0	0	0	0	0	0
1428617734969821653	CPU_0	0	0	1.63	98.36	0	0	0	0	0	0
1428617735595987879	CPU_0	0	0	0	98.41	0	1.58	0	0	0	0
1428617736216298034	CPU_0	0	0	1.61	98.38	0	0	0	0	0	0
1428617736836485647	CPU_0	0	0	0	100.00	0	0	0	0	0	0
1428617737457307176	CPU_0	0	0	0	100.00	0	0	0	0	0	0
1428617738078251663	CPU_0	0	0	0	100.00	0	0	0	0	0	0
1428617738704644639	CPU_0	0	0	0	100.00	0	0	0	0	0	0
1428617739324705753	CPU_0	0	0	0	98.38	0	1.61	0	0	0	0
1428617739944983492	CPU_0	0	0	0	98.36	0	1.63	0	0	0	0
1428617740565311397	CPU_0	0	0	1.61	98.38	0	0	0	0	0	0
1428617741191369457	CPU_0	0	0	0	100.00	0	0	0	0	0	0
1428617741811183571	CPU_0	0	0	1.63	98.36	0	0	0	0	0	0
1428617742431132894	CPU_0	0	0	0	100.00	0	0	0	0	0	0
1428617743051745424	CPU_0	0	0	0	96.82	1.58	1.58	0	0	0	0
1428617743672216496	CPU_0	0	0	1.61	98.38	0	0	0	0	0	0
1428617744297737640	CPU_0	0	0	0	100.00	0	0	0	0	0	0
1428617744918170670	CPU_0	0	0	0	98.38	0	1.61	0	0	0	0
1428617745539105033	CPU_0	0	0	0	100.00	0	0	0	0	0	0
1428617746159277980	CPU_0	0	0	0	98.38	0	1.61	0	0	0	0
1428617746784736750	CPU_0	0	0	1.58	98.41	0	0	0	0	0	0
1428617747404735573	CPU_0	0	0	0	100.00	0	0	0	0	0	0
1428617748025094520	CPU_0	0	0	0	100.00	0	0	0	0	0	0
1428617748645232843	CPU_0	0	0	0	100.00	0	0	0	0	0	0
1428617749264753209	CPU_0	0	0	1.61	98.38	0	0	0	0	0	0
1428617749890508728	CPU_0	0	0	0	98.38	0	1.61	0	0	0	0
1428617750510642218	CPU_0	0	0	0	96.82	0	0	3.17	0	0	0
1428617751131273789	CPU_0	0	0	0	100.00	0	0	0	0	0	0
1428617751751272529	CPU_0	0	0	0	98.38	0	1.61	0	0	0	0
1428617752377684381	CPU_0	0	0	0	100.00	0	0	0	0	0	0
1428617752998772535	CPU_0	0	0	0	98.36	0	1.63	0	0	0	0
1428617753619934189	CPU_0	0	0	1.61	98.38	0	0	0	0	0	0
1428617754240112054	CPU_0	0	0	0	100.00	0	0	0	0	0	0
1428617754866491572	CPU_0	0	0	0	100.00	0	0	0	0	0	0
1428617755487314352	CPU_0	0	0	1.61	98.38	0	0	0	0	0	0
1428617756108367715	CPU_0	0	0	0	98.38	0	1.61	0	0	0	0
1428617756729209245	CPU_0	0	0	0	100.00	0	0	0	0	0	0
1428617757350360066	CPU_0	0	0	0	100.00	0	0	0	0	0	0
1428617757977150209	CPU_0	0	0	1.58	98.41	0	0	0	0	0	0
1428617758598303488	CPU_0	0	0	0	95.31	0	4.68	0	0	0	0
1428617759218754227	CPU_0	0	0	1.61	98.38	0	0	0	0	0	0
1428617759839076884	CPU_0	0	0	0	100.00	0	0	0	0	0	0
1428617760466021859	CPU_0	0	0	1.61	98.38	0	0	0	0	0	0
1428617761087052973	CPU_0	1.61	0	0	98.38	0	0	0	0	0	0
1428617761708049253	CPU_0	0	0	0	100.00	0	0	0	0	0	0
1428617762328538117	CPU_0	0	0	0	100.00	0	0	0	0	0	0
1428617762949427356	CPU_0	0	0	0	100.00	0	0	0	0	0	0
1428617763577328205	CPU_0	0	0	0	100.00	0	0	0	0	0	0
1428617764198462193	CPU_0	0	0	0	100.00	0	0	0	0	0	0
1428617764819607306	CPU_0	0	0	0	100.00	0	0	0	0	0	0
1428617765440520753	CPU_0	0	0	0	98.38	0	1.61	0	0	0	0
1428617766068389227	CPU_0	0	0	0	100.00	0	0	0	0	0	0
1428617766689307174	CPU_0	0	0	0	100.00	0	0	0	0	0	0
1428617767310189871	CPU_0	0	0	0	98.38	0	1.61	0	0	0	0
1428617767931490943	CPU_0	0	0	0	93.84	1.53	4.61	0	0	0	0
1428617768559197042	CPU_0	0	0	0	100.00	0	0	0	0	0	0
1428617769183404607	CPU_0	0	0	0	100.00	0	0	0	0	0	0
1428617769804455221	CPU_0	0	0	1.63	98.36	0	0	0	0	0	0
1428617770426085833	CPU_0	0	0	0	100.00	0	0	0	0	0	0
1428617771047699738	CPU_0	0	0	1.61	98.38	0	0	0	0	0	0
1428617771675310171	CPU_0	0	0	0	98.38	0	0	1.61	0	0	0
1428617772296507659	CPU_0	0	0	1.61	98.38	0	0	0	0	0	0
1428617772918176897	CPU_0	0	0	0	100.00	0	0	0	0	0	0
1428617773539474719	CPU_0	0	0	0	100.00	0	0	0	0	0	0
1428617774167218402	CPU_0	0	0	0	100.00	0	0	0	0	0	0
1428617774788126224	CPU_0	0	0	0	100.00	0	0	0	0	0	0
1428617775409455754	CPU_0	0	0	1.56	95.31	0	3.12	0	0	0	0
1428617776030680910	CPU_0	0	0	0	100.00	0	0	0	0	0	0
1428617776652291939	CPU_0	0	0	0	100.00	0	0	0	0	0	0
1428617777279944164	CPU_0	0	0	0	100.00	0	0	0	0	0	0
1428617777901169861	CPU_0	0	0	0	100.00	0	0	0	0	0	0
1428617778521999059	CPU_0	0	0	1.61	98.38	0	0	0	0	0	0
1428617779143796422	CPU_0	0	0	0	100.00	0	0	0	0	0	0
1428617779771375814	CPU_0	0	0	0	96.82	0	3.17	0	0	0	0
1428617780392080012	CPU_0	0	0	0	98.38	0	0	1.61	0	0	0
1428617781012997585	CPU_0	0	0	0	100.00	0	0	0	0	0	0
1428617781634677740	CPU_0	0	0	0	100.00	0	0	0	0	0	0
1428617782263462921	CPU_0	0	0	1.58	98.41	0	0	0	0	0	0
1428617782884890910	CPU_0	0	0	1.61	98.38	0	0	0	0	0	0
1428617783505612108	CPU_0	1.56	0	1.56	92.18	0	4.68	0	0	0	0
1428617784127977761	CPU_0	0	0	0	98.33	0	0	1.66	0	0	0
1428617784750485164	CPU_0	13.11	0	0	86.88	0	0	0	0	0	0
1428617785379231138	CPU_0	0	0	0	100.00	0	0	0	0	0	0
1428617786000286336	CPU_0	0	0	0	100.00	0	0	0	0	0	0
1428617786622009115	CPU_0	0	0	0	98.38	0	1.61	0	0	0	0
1428617787243705604	CPU_0	0	0	1.61	98.38	0	0	0	0	0	0
1428617787871760453	CPU_0	0	0	0	98.38	0	1.61	0	0	0	0
1428617788492902068	CPU_0	0	0	0	100.00	0	0	0	0	0	0
1428617789114399848	CPU_0	6.34	0	1.58	92.06	0	0	0	0	0	0
1428617789736212545	CPU_0	0	0	0	98.38	0	1.61	0	0	0	0
1428617790358725323	CPU_0	0	0	1.61	98.38	0	0	0	0	0	0
1428617790985283051	CPU_0	0	0	0	95.38	0	4.61	0	0	0	0
1428617791607192289	CPU_0	0	0	0	100.00	0	0	0	0	0	0
1428617792228156321	CPU_0	0	0	1.61	98.38	0	0	0	0	0	0
1428617792849572060	CPU_0	0	0	0	100.00	0	0	0	0	0	0
1428617793477116995	CPU_0	0	0	0	100.00	0	0	0	0	0	0
1428617794098866275	CPU_0	0	0	0	100.00	0	0	0	0	0	0
1428617794720267014	CPU_0	0	0	0	100.00	0	0	0	0	0	0
1428617795341553295	CPU_0	0	0	1.61	98.38	0	0	0	0	0	0
1428617795968979189	CPU_0	0	0	1.51	93.93	0	0	4.54	0	0	0
1428617796591544259	CPU_0	0	0	0	100.00	0	0	0	0	0	0
1428617797213056082	CPU_0	0	0	1.61	98.38	0	0	0	0	0	0
1428617797834767820	CPU_0	0	0	0	100.00	0	0	0	0	0	0
1428617798456226310	CPU_0	0	0	0	95.38	0	4.61	0	0	0	0
1428617799084745326	CPU_0	0	0	0	100.00	0	0	0	0	0	0
1428617799706640439	CPU_0	0	0	0	100.00	0	0	0	0	0	0
1428617800327964429	CPU_0	0	0	1.61	98.38	0	0	0	0	0	0
1428617800950042751	CPU_0	0	0	0	100.00	0	0	0	0	0	0
1428617801577891977	CPU_0	0	0	1.58	98.41	0	0	0	0	0	0
1428617802200755047	CPU_0	0	0	0	100.00	0	0	0	0	0	0
1428617802822339411	CPU_0	0	0	0	98.36	1.63	0	0	0	0	0
1428617803444395691	CPU_0	0	0	0	100.00	0	0	0	0	0	0
1428617804074841120	CPU_0	0	0	0	100.00	0	0	0	0	0	0
1428617804697940856	CPU_0	0	0	0	100.00	0	0	0	0	0	0
1428617805319826220	CPU_0	0	0	1.58	96.82	0	1.58	0	0	0	0
1428617805941664501	CPU_0	0	0	0	100.00	0	0	0	0	0	0
1428617806563087199	CPU_0	0	0	0	100.00	0	0	0	0	0	0
1428617807192390214	CPU_0	0	0	0	100.00	0	0	0	0	0	0
1428617807814328869	CPU_0	0	0	1.58	96.82	0	1.58	0	0	0	0
1428617808435727526	CPU_0	0	0	0	100.00	0	0	0	0	0	0
1428617809057016266	CPU_0	0	0	0	100.00	0	0	0	0	0	0
1428617809686030532	CPU_0	0	0	1.56	96.87	0	1.56	0	0	0	0
1428617810307875230	CPU_0	0	0	0	100.00	0	0	0	0	0	0
1428617810929887719	CPU_0	0	0	0	100.00	0	0	0	0	0	0
1428617811551032584	CPU_0	0	0	1.61	98.38	0	0	0	0	0	0
1428617812174766236	CPU_0	0	0	0	98.38	0	1.61	0	0	0	0
1428617812801476174	CPU_0	0	0	0	100.00	0	0	0	0	0	0
1428617813423159080	CPU_0	0	0	0	100.00	0	0	0	0	0	0
1428617814044516945	CPU_0	0	0	0	98.38	0	1.61	0	0	0	0
1428617814667201891	CPU_0	0	0	0	100.00	0	0	0	0	0	0
1428617815295929325	CPU_0	0	0	0	98.41	0	1.58	0	0	0	0
1428617815927034378	CPU_0	4.83	0	3.22	91.93	0	0	0	0	0	0
1428617816559582845	CPU_0	1.56	0	3.12	95.31	0	0	0	0	0	0
1428617817182287000	CPU_0	0	0	0	95.31	0	4.68	0	0	0	0
1428617817810605976	CPU_0	0	0	0	100.00	0	0	0	0	0	0
1428617818431515384	CPU_0	0	0	0	100.00	0	0	0	0	0	0
1428617819052872416	CPU_0	0	0	1.61	98.38	0	0	0	0	0	0
1428617819674835072	CPU_0	0	0	0	100.00	0	0	0	0	0	0
1428617820302357175	CPU_0	0	0	1.58	98.41	0	0	0	0	0	0
1428617820926250202	CPU_0	0	0	0	100.00	0	0	0	0	0	0
1428617821547412027	CPU_0	0	0	1.58	96.82	0	0	1.58	0	0	0
1428617822169880932	CPU_0	0	0	0	100.00	0	0	0	0	0	0
1428617822791747505	CPU_0	0	0	1.61	98.38	0	0	0	0	0	0
1428617823419391608	CPU_0	0	0	0	100.00	0	0	0	0	0	0
1428617824041059473	CPU_0	0	0	0	100.00	0	0	0	0	0	0
1428617824663497878	CPU_0	0	0	0	98.38	0	1.61	0	0	0	0
1428617825285248327	CPU_0	0	0	1.61	98.38	0	0	0	0	0	0
1428617825912829097	CPU_0	0	0	0	96.87	0	3.12	0	0	0	0
1428617826534824128	CPU_0	0	0	1.63	98.36	0	0	0	0	0	0
1428617827157582449	CPU_0	0	0	0	100.00	0	0	0	0	0	0
1428617827779957480	CPU_0	0	0	0	100.00	0	0	0	0	0	0
1428617828401527763	CPU_0	0	0	0	100.00	0	0	0	0	0	0
1428617829029379032	CPU_0	0	0	1.58	98.41	0	0	0	0	0	0
1428617829651254480	CPU_0	0	0	0	100.00	0	0	0	0	0	0
1428617830272826638	CPU_0	0	0	0	98.36	0	0	1.63	0	0	0
1428617830894417295	CPU_0	0	0	0	100.00	0	0	0	0	0	0
1428617831523004771	CPU_0	0	0	0	98.38	0	1.61	0	0	0	0
1428617832145775760	CPU_0	0	0	0	100.00	0	0	0	0	0	0
1428617832769160705	CPU_0	0	0	1.61	96.77	1.61	0	0	0	0	0
1428617833391953652	CPU_0	0	0	0	96.87	0	3.12	0	0	0	0
1428617834020764128	CPU_0	0	0	0	95.38	0	0	4.61	0	0	0
1428617834643456658	CPU_0	0	0	0	100.00	0	0	0	0	0	0
1428617835265434065	CPU_0	0	0	1.61	98.38	0	0	0	0	0	0
1428617835887049098	CPU_0	0	0	1.61	98.38	0	0	0	0	0	0
1428617836509541337	CPU_0	0	0	0	100.00	0	0	0	0	0	0
1428617837138364522	CPU_0	0	0	1.58	98.41	0	0	0	0	0	0
1428617837760701303	CPU_0	0	0	1.61	98.38	0	0	0	0	0	0
1428617838382837251	CPU_0	0	0	0	98.38	0	1.61	0	0	0	0
1428617839005266741	CPU_0	0	0	0	100.00	0	0	0	0	0	0
1428617839634569341	CPU_0	0	0	0	100.00	0	0	0	0	0	0
1428617840257855870	CPU_0	0	0	0	98.38	0	1.61	0	0	0	0
1428617840879700278	CPU_0	0	0	0	100.00	0	0	0	0	0	0
1428617841502316517	CPU_0	0	0	0	100.00	0	0	0	0	0	0
1428617842130821702	CPU_0	0	0	0	100.00	0	0	0	0	0	0
1428617842754385106	CPU_0	0	0	0	98.38	0	1.61	0	0	0	0
1428617843376151097	CPU_0	0	0	0	100.00	0	0	0	0	0	0
1428617843999257294	CPU_0	0	0	0	100.00	0	0	0	0	0	0
1428617844621187410	CPU_0	0	0	0	98.38	0	1.61	0	0	0	0
1428617845251275634	CPU_0	0	0	0	100.00	0	0	0	0	0	0
1428617845872821959	CPU_0	0	0	1.61	98.38	0	0	0	0	0	0
1428617846495935739	CPU_0	0	0	0	100.00	0	0	0	0	0	0
1428617847117899105	CPU_0	0	0	0	98.38	0	1.61	0	0	0	0
1428617847748722202	CPU_0	0	0	0	100.00	0	0	0	0	0	0
1428617848371251484	CPU_0	0	0	0	100.00	0	0	0	0	0	0
1428617848994285639	CPU_0	0	0	0	98.41	0	1.58	0	0	0	0
1428617849616839004	CPU_0	0	0	1.61	98.38	0	0	0	0	0	0
1428617850250504554	CPU_0	0	0	0	100.00	0	0	0	0	0	0
1428617850873297627	CPU_0	0	0	0	100.00	0	0	0	0	0	0
1428617851495894366	CPU_0	0	0	0	98.38	0	1.61	0	0	0	0
1428617852118592439	CPU_0	0	0	0	96.82	0	3.17	0	0	0	0
1428617852742543635	CPU_0	0	0	1.61	98.38	0	0	0	0	0	0
1428617853371346320	CPU_0	0	0	1.61	98.38	0	0	0	0	0	0
1428617853994009518	CPU_0	0	0	0	100.00	0	0	0	0	0	0
1428617854616030051	CPU_0	0	0	1.58	98.41	0	0	0	0	0	0
1428617855239740747	CPU_0	0	0	0	100.00	0	0	0	0	0	0
1428617855867638101	CPU_0	0	0	1.58	98.41	0	0	0	0	0	0
1428617856490586340	CPU_0	0	0	0	100.00	0	0	0	0	0	0
1428617857112943373	CPU_0	0	0	0	100.00	0	0	0	0	0	0
1428617857736732235	CPU_0	0	0	0	98.41	0	1.58	0	0	0	0
1428617858364881214	CPU_0	0	0	0	100.00	0	0	0	0	0	0
1428617858989853199	CPU_0	0	0	1.58	98.41	0	0	0	0	0	0
1428617859612255440	CPU_0	0	0	0	100.00	0	0	0	0	0	0
1428617860235636595	CPU_0	0	0	0	98.38	0	1.61	0	0	0	0
1428617860857535420	CPU_0	0	0	1.61	98.38	0	0	0	0	0	0
1428617861486049106	CPU_0	0	0	0	98.41	0	1.58	0	0	0	0
1428617862108657138	CPU_0	0	0	0	100.00	0	0	0	0	0	0
1428617862731755461	CPU_0	0	0	0	100.00	0	0	0	0	0	0
1428617863353992577	CPU_0	0	0	0	92.53	0	7.46	0	0	0	0
1428617863982670305	CPU_0	0	0	0	98.38	0	0	1.61	0	0	0
1428617864606194085	CPU_0	0	0	0	100.00	0	0	0	0	0	0
1428617865229938324	CPU_0	0	0	1.61	98.38	0	0	0	0	0	0
1428617865852610522	CPU_0	0	0	0	100.00	0	0	0	0	0	0
1428617866474450639	CPU_0	0	0	0	100.00	0	0	0	0	0	0
1428617867103164201	CPU_0	0	0	0	100.00	0	0	0	0	0	0
1428617867726440107	CPU_0	0	0	1.58	96.82	1.58	0	0	0	0	0
1428617868349621888	CPU_0	0	0	0	98.38	0	0	1.61	0	0	0
1428617868971527088	CPU_0	0	0	0	100.00	0	0	0	0	0	0
1428617869601285314	CPU_0	0	0	0	100.00	0	0	0	0	0	0
1428617870224399096	CPU_0	0	0	0	100.00	0	0	0	0	0	0
1428617870847310544	CPU_0	0	0	1.58	98.41	0	0	0	0	0	0
1428617871469556369	CPU_0	0	0	0	100.00	0	0	0	0	0	0
1428617872099401636	CPU_0	0	0	1.58	98.41	0	0	0	0	0	0
1428617872722937334	CPU_0	0	0	0	100.00	0	0	0	0	0	0
1428617873346121282	CPU_0	0	0	0	100.00	0	0	0	0	0	0
1428617873968698773	CPU_0	0	0	1.61	98.38	0	0	0	0	0	0
1428617874591744721	CPU_0	0	0	0	100.00	0	0	0	0	0	0
1428617875221213740	CPU_0	0	0	0	98.38	0	1.61	0	0	0	0
1428617875844183272	CPU_0	0	0	0	100.00	0	0	0	0	0	0
1428617876467578428	CPU_0	0	0	1.53	93.84	0	0	4.61	0	0	0
1428617877090575377	CPU_0	0	0	0	100.00	0	0	0	0	0	0
1428617877720548686	CPU_0	0	0	1.58	96.82	0	1.58	0	0	0	0
1428617878343702467	CPU_0	0	0	0	93.93	0	6.06	0	0	0	0
1428617878966054626	CPU_0	0	0	0	100.00	0	0	0	0	0	0
1428617879589999698	CPU_0	0	0	1.61	98.38	0	0	0	0	0	0
1428617880219811799	CPU_0	0	0	0	100.00	0	0	0	0	0	0
1428617880844426995	CPU_0	0	0	0	100.00	0	0	0	0	0	0
1428617881467349027	CPU_0	1.58	0	1.58	96.82	0	0	0	0	0	0
1428617882091589515	CPU_0	0	0	0	100.00	0	0	0	0	0	0
1428617882717221833	CPU_0	0	0	1.61	98.38	0	0	0	0	0	0
1428617883345952145	CPU_0	0	0	0	100.00	0	0	0	0	0	0
1428617883969483510	CPU_0	0	0	0	100.00	0	0	0	0	0	0
1428617884592873417	CPU_0	0	0	0	100.00	0	0	0	0	0	0
1428617885217010905	CPU_0	0	0	0	100.00	0	0	0	0	0	0
1428617885846587132	CPU_0	0	0	1.58	98.41	0	0	0	0	0	0
1428617886469402873	CPU_0	0	0	0	100.00	0	0	0	0	0	0
1428617887092714989	CPU_0	0	0	0	100.00	0	0	0	0	0	0
1428617887716362186	CPU_0	0	0	0	98.38	0	1.61	0	0	0	0
1428617888346450996	CPU_0	0	0	0	100.00	0	0	0	0	0	0
1428617888969064738	CPU_0	0	0	1.49	91.04	0	7.46	0	0	0	0
1428617889592911977	CPU_0	0	0	0	100.00	0	0	0	0	0	0
1428617890216721966	CPU_0	0	0	0	100.00	0	0	0	0	0	0
1428617890846154694	CPU_0	0	0	1.58	98.41	0	0	0	0	0	0
1428617891472145095	CPU_0	0	0	0	100.00	0	0	0	0	0	0
1428617892095961335	CPU_0	0	0	0	100.00	0	0	0	0	0	0
1428617892720286115	CPU_0	0	0	1.58	96.82	1.58	0	0	0	0	0
1428617893343893522	CPU_0	0	0	0	100.00	0	0	0	0	0	0
1428617893973726665	CPU_0	0	0	0	100.00	0	0	0	0	0	0
1428617894596773240	CPU_0	0	0	0	100.00	0	0	0	0	0	0
1428617895220638479	CPU_0	0	0	0	100.00	0	0	0	0	0	0
1428617895843890970	CPU_0	0	0	0	100.00	0	0	0	0	0	0
1428617896474186405	CPU_0	0	0	3.12	96.87	0	0	0	0	0	0
1428617897097982061	CPU_0	0	0	0	100.00	0	0	0	0	0	0
1428617897722285508	CPU_0	0	0	1.61	98.38	0	0	0	0	0	0
1428617898345777082	CPU_0	0	0	0	100.00	0	0	0	0	0	0
1428617898974588644	CPU_0	0	0	0	100.00	0	0	0	0	0	0
1428617899600942254	CPU_0	0	0	0	100.00	0	0	0	0	0	0
1428617900225354784	CPU_0	0	0	1.61	98.38	0	0	0	0	0	0
1428617900848917108	CPU_0	0	0	0	98.38	0	1.61	0	0	0	0
1428617901471953558	CPU_0	0	0	1.61	98.38	0	0	0	0	0	0
1428617902101926577	CPU_0	0	0	0	96.87	0	0	3.12	0	0	0
1428617902726207482	CPU_0	0	0	0	98.38	0	1.61	0	0	0	0
1428617903348933683	CPU_0	1.61	0	0	96.77	0	1.61	0	0	0	0
1428617903972658382	CPU_0	0	0	1.69	98.30	0	0	0	0	0	0
1428617904602058693	CPU_0	3.22	0	1.61	93.54	0	1.61	0	0	0	0
1428617905226095225	CPU_0	0	0	0	98.38	0	1.61	0	0	0	0
1428617905849341883	CPU_0	0	0	0	96.87	0	3.12	0	0	0	0
1428617906472184625	CPU_0	0	0	0	100.00	0	0	0	0	0	0
1428617907101295688	CPU_0	0	0	0	100.00	0	0	0	0	0	0
1428617907727879047	CPU_0	0	0	1.61	98.38	0	0	0	0	0	0
1428617908351065289	CPU_0	0	0	0	100.00	0	0	0	0	0	0
1428617908974339572	CPU_0	0	0	0	100.00	0	0	0	0	0	0
1428617909597570355	CPU_0	6.45	0	0	93.54	0	0	0	0	0	0
1428617910227776082	CPU_0	0	0	1.58	98.41	0	0	0	0	0	0
1428617910851373740	CPU_0	0	0	0	98.38	0	1.61	0	0	0	0
1428617911474548648	CPU_0	0	0	1.58	98.41	0	0	0	0	0	0
1428617912098029848	CPU_0	0	0	0	98.38	0	1.61	0	0	0	0
1428617912729636822	CPU_0	0	0	0	100.00	0	0	0	0	0	0
1428617913353018605	CPU_0	0	0	0	100.00	0	0	0	0	0	0
1428617913976359055	CPU_0	0	0	0	100.00	0	0	0	0	0	0
1428617914599953171	CPU_0	0	0	0	100.00	0	0	0	0	0	0
1428617915230249898	CPU_0	0	0	0	98.41	0	1.58	0	0	0	0
1428617915853205307	CPU_0	0	0	0	100.00	0	0	0	0	0	0
1428617916476466924	CPU_0	0	0	1.61	98.38	0	0	0	0	0	0
1428617917099677333	CPU_0	0	0	0	100.00	0	0	0	0	0	0
1428617917723126408	CPU_0	0	0	0	92.42	0	4.54	3.03	0	0	0
1428617918353810259	CPU_0	0	0	1.58	98.41	0	0	0	0	0	0
1428617918976634169	CPU_0	0	0	0	100.00	0	0	0	0	0	0
1428617919600834367	CPU_0	0	0	1.61	98.38	0	0	0	0	0	0
1428617920224273734	CPU_0	0	0	0	100.00	0	0	0	0	0	0
1428617920855032586	CPU_0	0	0	0	100.00	0	0	0	0	0	0
1428617921477619538	CPU_0	0	0	1.61	98.38	0	0	0	0	0	0
1428617922100738947	CPU_0	0	0	0	100.00	0	0	0	0	0	0
1428617922723861439	CPU_0	0	0	0	100.00	0	0	0	0	0	0
1428617923355066082	CPU_0	0	0	0	98.38	1.61	0	0	0	0	0
1428617923978692115	CPU_0	0	0	0	100.00	0	0	0	0	0	0
1428617924602707439	CPU_0	0	0	0	98.38	0	1.61	0	0	0	0
1428617925225903515	CPU_0	0	0	0	100.00	0	0	0	0	0	0
1428617925850085380	CPU_0	0	0	1.58	98.41	0	0	0	0	0	0
1428617926479430610	CPU_0	1.58	0	0	96.82	0	1.58	0	0	0	0
1428617927103875391	CPU_0	0	0	1.58	98.41	0	0	0	0	0	0
1428617927727739174	CPU_0	0	0	0	100.00	0	0	0	0	0	0
1428617928352850955	CPU_0	0	0	0	100.00	0	0	0	0	0	0
1428617928983975764	CPU_0	0	0	0	98.41	0	1.58	0	0	0	0
1428617929608275005	CPU_0	0	0	0	100.00	0	0	0	0	0	0
1428617930232658870	CPU_0	0	0	0	100.00	0	0	0	0	0	0
1428617930857023194	CPU_0	0	0	0	100.00	0	0	0	0	0	0
1428617931487438838	CPU_0	0	0	1.44	89.85	0	8.69	0	0	0	0
1428617932111794120	CPU_0	0	0	0	100.00	0	0	0	0	0	0
1428617932736496193	CPU_0	0	0	0	100.00	0	0	0	0	0	0
1428617933361309433	CPU_0	0	0	1.61	98.38	0	0	0	0	0	0
1428617933990837079	CPU_0	0	0	0	100.00	0	0	0	0	0	0
1428617934617397232	CPU_0	0	0	0	100.00	0	0	0	0	0	0
1428617935241029016	CPU_0	0	0	0	100.00	0	0	0	0	0	0
1428617935865480298	CPU_0	0	0	1.61	98.38	0	0	0	0	0	0
1428617936489332581	CPU_0	0	0	0	100.00	0	0	0	0	0	0
1428617937119770976	CPU_0	0	0	0	100.00	0	0	0	0	0	0
1428617937743783217	CPU_0	0	0	0	100.00	0	0	0	0	0	0
1428617938368358166	CPU_0	0	0	3.17	96.82	0	0	0	0	0	0
1428617938992055991	CPU_0	0	0	0	100.00	0	0	0	0	0	0
1428617939622360553	CPU_0	0	0	1.56	96.87	0	0	1.56	0	0	0
1428617940246650086	CPU_0	0	0	0	100.00	0	0	0	0	0	0
1428617940871048743	CPU_0	0	0	0	100.00	0	0	0	0	0	0
1428617941495131860	CPU_0	0	0	0	100.00	0	0	0	0	0	0
1428617942124801256	CPU_0	0	0	0	100.00	0	0	0	0	0	0
1428617942749092164	CPU_0	0	0	0	100.00	0	0	0	0	0	0
1428617943373748113	CPU_0	0	0	3.03	90.90	0	6.06	0	0	0	0
1428617943997717563	CPU_0	0	0	0	100.00	0	0	0	0	0	0
1428617944622547053	CPU_0	0	0	0	100.00	0	0	0	0	0	0
1428617945253351447	CPU_0	0	0	0	100.00	0	0	0	0	0	0
1428617945877606564	CPU_0	0	0	0	100.00	0	0	0	0	0	0
1428617946502025180	CPU_0	0	0	0	100.00	0	0	0	0	0	0
1428617947125525715	CPU_0	0	0	1.61	98.38	0	0	0	0	0	0
1428617947756005235	CPU_0	0	0	0	100.00	0	0	0	0	0	0
1428617948380319559	CPU_0	0	0	0	96.77	1.61	0	1.61	0	0	0
1428617949004315218	CPU_0	0	0	0	100.00	0	0	0	0	0	0
1428617949627833253	CPU_0	0	0	1.58	98.41	0	0	0	0	0	0
1428617950258873605	CPU_0	0	0	0	100.00	0	0	0	0	0	0
1428617950883215597	CPU_0	0	0	0	100.00	0	0	0	0	0	0
1428617951507074673	CPU_0	0	0	0	100.00	0	0	0	0	0	0
1428617952130732874	CPU_0	0	0	1.44	89.85	0	8.69	0	0	0	0
1428617952756031405	CPU_0	0	0	0	100.00	0	0	0	0	0	0
1428617953385078179	CPU_0	0	0	1.58	98.41	0	0	0	0	0	0
1428617954009277504	CPU_0	0	0	0	100.00	0	0	0	0	0	0
1428617954632577289	CPU_0	0	0	0	100.00	0	0	0	0	0	0
1428617955257290614	CPU_0	0	0	0	100.00	0	0	0	0	0	0
1428617955887910884	CPU_0	0	0	0	100.00	0	0	0	0	0	0
1428617956512840291	CPU_0	0	0	1.58	96.82	0	0	1.58	0	0	0
1428617957137040658	CPU_0	0	0	0	100.00	0	0	0	0	0	0
1428617957761509441	CPU_0	0	0	0	100.00	0	0	0	0	0	0
1428617958393164585	CPU_0	0	0	3.12	96.87	0	0	0	0	0	0
1428617959017875659	CPU_0	0	0	0	100.00	0	0	0	0	0	0
1428617959641585944	CPU_0	0	0	1.61	98.38	0	0	0	0	0	0
1428617960266694934	CPU_0	0	0	0	100.00	0	0	0	0	0	0
1428617960897999870	CPU_0	0	0	0	100.00	0	0	0	0	0	0
1428617961522960403	CPU_0	0	0	1.61	98.38	0	0	0	0	0	0
1428617962146888229	CPU_0	0	0	0	100.00	0	0	0	0	0	0
1428617962770967305	CPU_0	0	0	1.61	98.38	0	0	0	0	0	0
1428617963395900254	CPU_0	0	0	0	100.00	0	0	0	0	0	0
1428617964026455650	CPU_0	0	0	0	100.00	0	0	0	0	0	0
1428617964649974394	CPU_0	0	0	0	100.00	0	0	0	0	0	0
1428617965274750385	CPU_0	0	0	0	92.42	0	0	7.57	0	0	0
1428617965899873334	CPU_0	0	0	0	98.41	0	1.58	0	0	0	0
1428617966531106479	CPU_0	0	0	0	100.00	0	0	0	0	0	0
1428617967155166680	CPU_0	0	0	0	100.00	0	0	0	0	0	0
1428617967779695297	CPU_0	0	0	0	100.00	0	0	0	0	0	0
1428617968404717913	CPU_0	0	0	1.61	98.38	0	0	0	0	0	0
1428617969035333684	CPU_0	0	0	0	98.41	0	1.58	0	0	0	0
1428617969659487968	CPU_0	0	0	1.61	98.38	0	0	0	0	0	0
1428617970285104666	CPU_0	0	0	0	98.36	0	1.63	0	0	0	0
1428617970909925950	CPU_0	0	0	0	100.00	0	0	0	0	0	0
1428617971540436554	CPU_0	0	0	0	100.00	0	0	0	0	0	0
1428617972167255875	CPU_0	0	0	0	98.38	0	1.61	0	0	0	0
1428617972791924533	CPU_0	1.61	0	1.61	96.77	0	0	0	0	0	0
1428617973417201899	CPU_0	0	0	0	100.00	0	0	0	0	0	0
1428617974041610767	CPU_0	0	0	0	100.00	0	0	0	0	0	0
1428617974672730370	CPU_0	0	0	0	98.41	0	1.58	0	0	0	0
1428617975297229113	CPU_0	0	0	0	100.00	0	0	0	0	0	0
1428617975921472314	CPU_0	0	0	0	100.00	0	0	0	0	0	0
1428617976547029179	CPU_0	0	0	0	98.38	0	1.61	0	0	0	0
1428617977178030783	CPU_0	0	0	0	100.00	0	0	0	0	0	0
1428617977802885983	CPU_0	0	0	1.58	98.41	0	0	0	0	0	0
1428617978427970183	CPU_0	0	0	0	100.00	0	0	0	0	0	0
1428617979051860385	CPU_0	0	0	0	98.38	0	1.61	0	0	0	0
1428617979682237699	CPU_0	0	0	1.56	98.43	0	0	0	0	0	0
1428617980306724608	CPU_0	0	0	0	100.00	0	0	0	0	0	0
1428617980931390767	CPU_0	0	0	1.58	96.82	0	1.58	0	0	0	0
1428617981555256553	CPU_0	0	0	0	100.00	0	0	0	0	0	0
1428617982180115170	CPU_0	0	0	0	100.00	0	0	0	0	0	0
1428617982811342816	CPU_0	0	0	0	100.00	0	0	0	0	0	0
1428617983435756809	CPU_0	0	0	1.56	95.31	1.56	1.56	0	0	0	0
1428617984059799886	CPU_0	0	0	0	100.00	0	0	0	0	0	0
1428617984684578836	CPU_0	0	0	0	98.38	0	1.61	0	0	0	0
1428617985316292564	CPU_0	0	0	1.58	98.41	0	0	0	0	0	0
1428617985940609641	CPU_0	0	0	0	100.00	0	0	0	0	0	0
1428617986564747135	CPU_0	0	0	0	100.00	0	0	0	0	0	0
1428617987188958545	CPU_0	0	0	1.61	98.38	0	0	0	0	0	0
1428617987820335190	CPU_0	0	0	0	100.00	0	0	0	0	0	0
1428617988444518142	CPU_0	0	0	0	98.38	0	1.61	0	0	0	0
1428617989068730219	CPU_0	0	0	1.58	96.82	0	1.58	0	0	0	0
1428617989693016171	CPU_0	0	0	0	100.00	0	0	0	0	0	0
1428617990319710618	CPU_0	0	0	0	100.00	0	0	0	0	0	0
1428617990949270559	CPU_0	0	0	0	100.00	0	0	0	0	0	0
1428617991573152179	CPU_0	0	0	1.58	98.41	0	0	0	0	0	0
1428617992197483131	CPU_0	0	0	0	100.00	0	0	0	0	0	0
1428617992822687831	CPU_0	0	0	1.56	96.87	0	1.56	0	0	0	0
1428617993454730225	CPU_0	0	0	0	100.00	0	0	0	0	0	0
1428617994079391760	CPU_0	0	0	0	98.41	0	1.58	0	0	0	0
1428617994704542419	CPU_0	0	0	0	100.00	0	0	0	0	0	0
1428617995329915994	CPU_0	0	0	1.61	98.38	0	0	0	0	0	0
1428617995961172557	CPU_0	0	0	0	100.00	0	0	0	0	0	0
1428617996585878258	CPU_0	0	0	0	100.00	0	0	0	0	0	0
1428617997210965375	CPU_0	0	0	0	95.31	0	4.68	0	0	0	0
1428617997836185326	CPU_0	0	0	0	100.00	0	0	0	0	0	0
1428617998467057931	CPU_0	0	0	1.61	98.38	0	0	0	0	0	0
1428617999091910382	CPU_0	0	0	1.58	98.41	0	0	0	0	0	0
1428617999716769292	CPU_0	0	0	0	100.00	0	0	0	0	0	0
1428618000341898159	CPU_0	0	0	0	100.00	0	0	0	0	0	0
1428618000966727819	CPU_0	0	0	0	100.00	0	0	0	0	0	0
1428618001597832091	CPU_0	1.61	0	0	98.38	0	0	0	0	0	0
1428618002223206624	CPU_0	0	0	1.58	98.41	0	0	0	0	0	0
1428618002848712491	CPU_0	0	0	0	100.00	0	0	0	0	0	0
1428618003473238735	CPU_0	0	0	1.61	98.38	0	0	0	0	0	0
1428618004105083964	CPU_0	0	0	0	98.41	0	1.58	0	0	0	0
1428618004729890332	CPU_0	0	0	0	100.00	0	0	0	0	0	0
1428618005355304324	CPU_0	0	0	1.61	98.38	0	0	0	0	0	0
1428618005979337777	CPU_0	0	0	0	100.00	0	0	0	0	0	0
1428618006610603799	CPU_0	0	0	0	98.41	0	1.58	0	0	0	0
1428618007235690667	CPU_0	0	0	0	100.00	0	0	0	0	0	0
1428618007861462658	CPU_0	0	0	0	100.00	0	0	0	0	0	0
1428618008487738482	CPU_0	0	0	0	98.41	0	1.58	0	0	0	0
1428618009119211128	CPU_0	0	0	0	100.00	0	0	0	0	0	0
1428618009747410240	CPU_0	0	0	1.58	98.41	0	0	0	0	0	0
1428618010373916813	CPU_0	0	0	0	100.00	0	0	0	0	0	0
1428618010999032139	CPU_0	0	0	0	98.41	0	1.58	0	0	0	0
1428618011623929508	CPU_0	0	0	0	100.00	0	0	0	0	0	0
1428618012255318571	CPU_0	0	0	0	100.00	0	0	0	0	0	0
1428618012880936438	CPU_0	0	0	0	98.38	0	0	1.61	0	0	0
1428618013506329347	CPU_0	0	0	1.56	96.87	0	1.56	0	0	0	0
1428618014131363507	CPU_0	0	0	0	98.38	0	1.61	0	0	0	0
1428618014762357613	CPU_0	0	0	1.58	98.41	0	0	0	0	0	0
1428618015388104814	CPU_0	0	0	0	100.00	0	0	0	0	0	0
1428618016012646308	CPU_0	0	0	1.58	98.41	0	0	0	0	0	0
1428618016637422135	CPU_0	0	0	0	100.00	0	0	0	0	0	0
1428618017268706241	CPU_0	0	0	1.53	96.92	0	0	1.53	0	0	0
1428618017894095942	CPU_0	0	0	0	95.31	1.56	3.12	0	0	0	0
1428618018518919936	CPU_0	0	0	3.17	96.82	0	0	0	0	0	0
1428618019144321179	CPU_0	0	0	0	100.00	0	0	0	0	0	0
1428618019774783369	CPU_0	0	0	0	100.00	0	0	0	0	0	0
1428618020403720272	CPU_0	0	0	0	100.00	0	0	0	0	0	0
1428618021028782307	CPU_0	0	0	0	100.00	0	0	0	0	0	0
1428618021653279052	CPU_0	0	0	0	100.00	0	0	0	0	0	0
1428618022278834294	CPU_0	0	0	0	98.41	0	1.58	0	0	0	0
1428618022911239564	CPU_0	0	0	0	100.00	0	0	0	0	0	0
1428618023532558108	CPU_0	1.63	0	0	96.72	0	1.63	0	0	0	0
1428618024155419439	CPU_0	0	0	0	98.36	0	1.63	0	0	0	0
1428618024778468896	CPU_0	10.00	0	3.33	85.00	0	1.66	0	0	0	0
1428618025409844460	CPU_0	0	0	0	100.00	0	0	0	0	0	0
1428618026033105541	CPU_0	0	0	1.58	98.41	0	0	0	0	0	0
1428618026656785579	CPU_0	0	0	0	98.38	0	1.61	0	0	0	0
1428618027280429534	CPU_0	1.58	0	1.58	96.82	0	0	0	0	0	0
1428618027911748224	CPU_0	0	0	0	100.00	0	0	0	0	0	0
1428618028534784555	CPU_0	0	0	0	98.38	0	1.61	0	0	0	0
1428618029158851718	CPU_0	3.27	0	1.63	95.08	0	0	0	0	0	0
1428618029782532673	CPU_0	0	0	0	100.00	0	0	0	0	0	0
1428618030408137874	CPU_0	0	0	0	96.82	0	1.58	1.58	0	0	0
1428618031038072858	CPU_0	0	0	0	100.00	0	0	0	0	0	0
1428618031662226563	CPU_0	0	0	0	100.00	0	0	0	0	0	0
1428618032286344976	CPU_0	0	0	0	100.00	0	0	0	0	0	0
1428618032911558803	CPU_0	0	0	1.58	96.82	0	1.58	0	0	0	0
1428618033542346744	CPU_0	1.58	0	0	98.41	0	0	0	0	0	0
1428618034166455365	CPU_0	0	0	1.58	98.41	0	0	0	0	0	0
1428618034791027068	CPU_0	0	0	0	100.00	0	0	0	0	0	0
1428618035415771939	CPU_0	0	0	0	98.38	0	1.61	0	0	0	0
1428618036046346088	CPU_0	0	0	1.56	98.43	0	0	0	0	0	0
1428618036670377126	CPU_0	0	0	0	100.00	0	0	0	0	0	0
1428618037294550539	CPU_0	0	0	0	100.00	0	0	0	0	0	0
1428618037919866033	CPU_0	0	0	0	95.31	0	4.68	0	0	0	0
1428618038545974734	CPU_0	0	0	3.12	96.87	0	0	0	0	0	0
1428618039174794971	CPU_0	0	0	1.61	98.38	0	0	0	0	0	0
1428618039799493049	CPU_0	0	0	0	98.41	0	0	1.58	0	0	0
1428618040425265709	CPU_0	0	0	0	100.00	0	0	0	0	0	0
1428618041050428704	CPU_0	0	0	1.61	98.38	0	0	0	0	0	0
1428618041681834227	CPU_0	0	0	0	100.00	0	0	0	0	0	0
1428618042306636847	CPU_0	0	0	0	100.00	0	0	0	0	0	0
1428618042933181422	CPU_0	0	0	0	100.00	0	0	0	0	0	0
1428618043558159209	CPU_0	0	0	0	98.41	0	1.58	0	0	0	0
1428618044189887190	CPU_0	0	0	1.58	98.41	0	0	0	0	0	0
1428618044814784435	CPU_0	0	0	0	98.38	0	1.61	0	0	0	0
1428618045441262968	CPU_0	0	0	1.58	98.41	0	0	0	0	0	0
1428618046066310713	CPU_0	0	0	0	100.00	0	0	0	0	0	0
1428618046698049944	CPU_0	0	0	0	100.00	0	0	0	0	0	0
1428618047323273981	CPU_0	0	0	1.58	98.41	0	0	0	0	0	0
1428618047949730848	CPU_0	0	0	0	96.82	1.58	1.58	0	0	0	0
1428618048575190300	CPU_0	0	0	0	91.17	0	0	8.82	0	0	0
1428618049201878125	CPU_0	0	0	0	100.00	0	0	0	0	0	0
1428618049832449359	CPU_0	0	0	0	100.00	0	0	0	0	0	0
1428618050459630850	CPU_0	0	0	1.58	96.82	0	1.58	0	0	0	0
1428618051085607343	CPU_0	0	0	0	100.00	0	0	0	0	0	0
1428618051711541795	CPU_0	0	0	0	100.00	0	0	0	0	0	0
1428618052343783692	CPU_0	0	0	1.56	96.87	0	1.56	0	0	0	0
1428618052970386184	CPU_0	0	0	0	100.00	0	0	0	0	0	0
1428618053596460927	CPU_0	0	0	1.58	98.41	0	0	0	0	0	0
1428618054222034254	CPU_0	0	0	0	100.00	0	0	0	0	0	0
1428618054854262985	CPU_0	0	0	0	98.38	0	1.61	0	0	0	0
1428618055480716102	CPU_0	0	0	0	95.38	0	4.61	0	0	0	0
1428618056106374513	CPU_0	0	0	0	100.00	0	0	0	0	0	0
1428618056732691298	CPU_0	0	0	1.61	98.38	0	0	0	0	0	0
1428618057365558110	CPU_0	0	0	1.58	98.41	0	0	0	0	0	0
1428618057991908812	CPU_0	0	0	1.58	98.41	0	0	0	0	0	0
1428618058618215138	CPU_0	0	0	1.61	98.38	0	0	0	0	0	0
1428618059243844591	CPU_0	0	0	1.58	98.41	0	0	0	0	0	0
1428618059874992199	CPU_0	0	0	0	100.00	0	0	0	0	0	0
1428618060501474066	CPU_0	0	0	0	100.00	0	0	0	0	0	0
1428618061127795434	CPU_0	0	0	0	100.00	0	0	0	0	0	0
1428618061752921888	CPU_0	0	0	1.58	98.41	0	0	0	0	0	0
1428618062379563089	CPU_0	0	0	0	100.00	0	0	0	0	0	0
1428618063011670404	CPU_0	0	0	0	98.41	0	1.58	0	0	0	0
1428618063637474314	CPU_0	0	0	0	100.00	0	0	0	0	0	0
1428618064262360977	CPU_0	0	0	1.58	98.41	0	0	0	0	0	0
1428618064887999889	CPU_0	0	0	0	100.00	0	0	0	0	0	0
1428618065520600286	CPU_0	0	0	0	93.93	0	6.06	0	0	0	0
1428618066146458197	CPU_0	0	0	0	100.00	0	0	0	0	0	0
1428618066772499524	CPU_0	0	0	0	100.00	0	0	0	0	0	0
1428618067397978227	CPU_0	0	0	0	100.00	0	0	0	0	0	0
1428618068030733166	CPU_0	0	0	0	100.00	0	0	0	0	0	0
1428618068656813326	CPU_0	0	0	0	100.00	0	0	0	0	0	0
1428618069282275863	CPU_0	0	0	1.58	98.41	0	0	0	0	0	0
1428618069907694484	CPU_0	0	0	0	100.00	0	0	0	0	0	0
1428618070540308381	CPU_0	0	0	1.58	98.41	0	0	0	0	0	0
1428618071166072334	CPU_0	0	0	0	100.00	0	0	0	0	0	0
1428618071791812620	CPU_0	0	0	0	100.00	0	0	0	0	0	0
1428618072416428993	CPU_0	0	0	0	100.00	0	0	0	0	0	0
1428618073044430399	CPU_0	0	0	0	100.00	0	0	0	0	0	0
1428618073674574802	CPU_0	0	0	0	100.00	0	0	0	0	0	0
1428618074300656963	CPU_0	0	0	0	93.93	0	6.06	0	0	0	0
1428618074926152875	CPU_0	0	0	1.61	98.38	0	0	0	0	0	0
1428618075553130992	CPU_0	0	0	1.61	98.38	0	0	0	0	0	0
1428618076184527517	CPU_0	0	0	0	100.00	0	0	0	0	0	0
1428618076810310304	CPU_0	0	0	0	100.00	0	0	0	0	0	0
1428618077435999841	CPU_0	0	0	0	100.00	0	0	0	0	0	0
1428618078061736253	CPU_0	0	0	1.58	96.82	1.58	0	0	0	0	0
1428618078694432192	CPU_0	0	0	1.58	98.41	0	0	0	0	0	0
1428618079319991604	CPU_0	0	0	0	100.00	0	0	0	0	0	0
1428618079946577847	CPU_0	0	0	0	100.00	0	0	0	0	0	0
1428618080573320882	CPU_0	0	0	1.61	98.38	0	0	0	0	0	0
1428618081204424616	CPU_0	1.58	0	0	98.41	0	0	0	0	0	0
1428618081830671152	CPU_0	0	0	0	100.00	0	0	0	0	0	0
1428618082456695897	CPU_0	0	0	0	93.84	0	6.15	0	0	0	0
1428618083082544017	CPU_0	0	0	1.61	98.38	0	0	0	0	0	0
1428618083718107826	CPU_0	0	0	0	100.00	0	0	0	0	0	0
1428618084344513195	CPU_0	0	0	0	100.00	0	0	0	0	0	0
1428618084970700314	CPU_0	0	0	0	100.00	0	0	0	0	0	0
1428618085596271977	CPU_0	0	0	0	100.00	0	0	0	0	0	0
1428618086221465682	CPU_0	0	0	0	100.00	0	0	0	0	0	0
1428618086854107705	CPU_0	0	0	1.58	98.41	0	0	0	0	0	0
1428618087480504116	CPU_0	0	0	0	100.00	0	0	0	0	0	0
1428618088106485694	CPU_0	0	0	0	100.00	0	0	0	0	0	0
1428618088733277688	CPU_0	0	0	0	100.00	0	0	0	0	0	0
1428618089365920877	CPU_0	0	0	0	100.00	0	0	0	0	0	0
1428618089992907787	CPU_0	0	0	0	100.00	0	0	0	0	0	0
1428618090619248323	CPU_0	0	0	1.61	98.38	0	0	0	0	0	0
1428618091245273485	CPU_0	0	0	0	100.00	0	0	0	0	0	0
1428618091877966592	CPU_0	0	0	1.56	96.87	0	1.56	0	0	0	0
1428618092505011585	CPU_0	0	0	0	100.00	0	0	0	0	0	0
1428618093130960997	CPU_0	0	0	1.61	98.38	0	0	0	0	0	0
1428618093757469450	CPU_0	0	0	0	98.38	0	1.61	0	0	0	0
1428618094389627974	CPU_0	0	0	0	100.00	0	0	0	0	0	0
1428618095017123550	CPU_0	0	0	0	100.00	0	0	0	0	0	0
1428618095643492045	CPU_0	0	0	1.51	93.93	0	4.54	0	0	0	0
1428618096269676123	CPU_0	0	0	0	100.00	0	0	0	0	0	0
1428618096897083866	CPU_0	0	0	0	100.00	0	0	0	0	0	0
1428618097528861683	CPU_0	0	0	0	100.00	0	0	0	0	0	0
1428618098154957595	CPU_0	0	0	1.61	98.38	0	0	0	0	0	0
1428618098781050715	CPU_0	0	0	1.58	98.41	0	0	0	0	0	0
1428618099406743253	CPU_0	0	0	0	100.00	0	0	0	0	0	0
1428618100040315316	CPU_0	0	0	0	100.00	0	0	0	0	0	0
1428618100666636145	CPU_0	0	0	0	100.00	0	0	0	0	0	0
1428618101292309141	CPU_0	0	0	0	100.00	0	0	0	0	0	0
1428618101918461095	CPU_0	0	0	1.58	98.41	0	0	0	0	0	0
1428618102550567495	CPU_0	0	0	0	100.00	0	0	0	0	0	0
1428618103177168198	CPU_0	0	0	0	98.38	0	1.61	0	0	0	0
1428618103801931696	CPU_0	0	0	0	100.00	0	0	0	0	0	0
1428618104428436233	CPU_0	0	0	0	100.00	0	0	0	0	0	0
1428618105062598879	CPU_0	0	0	1.53	96.92	0	1.53	0	0	0	0
1428618105690176538	CPU_0	0	0	0	100.00	0	0	0	0	0	0
1428618106316665783	CPU_0	0	0	0	92.53	0	0	7.46	0	0	0
1428618106943702860	CPU_0	0	0	1.58	98.41	0	0	0	0	0	0
1428618107576708509	CPU_0	0	0	0	96.87	0	3.12	0	0	0	0
1428618108203726211	CPU_0	0	0	0	100.00	0	0	0	0	0	0
1428618108830370206	CPU_0	0	0	1.61	98.38	0	0	0	0	0	0
1428618109456694160	CPU_0	0	0	0	100.00	0	0	0	0	0	0
1428618110083675946	CPU_0	0	0	0	100.00	0	0	0	0	0	0
1428618110715894387	CPU_0	0	0	0	100.00	0	0	0	0	0	0
1428618111342361174	CPU_0	0	0	0	100.00	0	0	0	0	0	0
1428618111969045544	CPU_0	0	0	1.56	96.87	0	1.56	0	0	0	0
1428618112596033622	CPU_0	0	0	0	100.00	0	0	0	0	0	0
1428618113229753644	CPU_0	0	0	0	98.41	1.58	0	0	0	0	0
1428618113856338597	CPU_0	0	0	0	100.00	0	0	0	0	0	0
1428618114483305092	CPU_0	0	0	0	98.41	0	1.58	0	0	0	0
1428618115109476255	CPU_0	0	0	1.61	98.38	0	0	0	0	0	0
1428618115742557320	CPU_0	0	0	0	100.00	0	0	0	0	0	0
1428618116368237359	CPU_0	0	0	0	100.00	0	0	0	0	0	0
1428618116995139145	CPU_0	0	0	0	98.41	0	1.58	0	0	0	0
1428618117621084933	CPU_0	0	0	0	100.00	0	0	0	0	0	0
1428618118253952916	CPU_0	0	0	1.58	98.41	0	0	0	0	0	0
1428618118880546203	CPU_0	0	0	1.56	96.87	0	1.56	0	0	0	0
1428618119507227698	CPU_0	0	0	0	100.00	0	0	0	0	0	0
1428618120133148904	CPU_0	0	0	0	100.00	0	0	0	0	0	0
1428618120765321929	CPU_0	0	0	0	100.00	0	0	0	0	0	0
1428618121391797717	CPU_0	1.53	0	1.53	95.38	0	1.53	0	0	0	0
1428618122019377294	CPU_0	0	0	1.61	98.38	0	0	0	0	0	0
1428618122645835206	CPU_0	0	0	0	100.00	0	0	0	0	0	0
1428618123273524450	CPU_0	0	0	1.58	96.82	0	1.58	0	0	0	0
1428618123904292020	CPU_0	0	0	0	100.00	0	0	0	0	0	0
1428618124531042890	CPU_0	0	0	0	100.00	0	0	0	0	0	0
1428618125157690761	CPU_0	0	0	0	100.00	0	0	0	0	0	0
1428618125784396507	CPU_0	0	0	0	100.00	0	0	0	0	0	0
1428618126418101238	CPU_0	0	0	0	98.43	0	1.56	0	0	0	0
1428618127045354690	CPU_0	0	0	0	96.82	0	3.17	0	0	0	0
1428618127671546937	CPU_0	0	0	1.58	98.41	0	0	0	0	0	0
1428618128298287141	CPU_0	0	0	0	100.00	0	0	0	0	0	0
1428618128931577498	CPU_0	0	0	0	100.00	0	0	0	0	0	0
1428618129559402908	CPU_0	0	0	0	100.00	0	0	0	0	0	0
1428618130186456653	CPU_0	0	0	0	100.00	0	0	0	0	0	0
1428618130813355941	CPU_0	0	0	0	100.00	0	0	0	0	0	0
1428618131446810964	CPU_0	0	0	1.58	98.41	0	0	0	0	0	0
1428618132074438833	CPU_0	0	0	0	100.00	0	0	0	0	0	0
1428618132701075121	CPU_0	0	0	0	98.38	0	1.61	0	0	0	0
1428618133327951491	CPU_0	0	0	1.61	98.38	0	0	0	0	0	0
1428618133961009599	CPU_0	0	0	0	100.00	0	0	0	0	0	0
1428618134589429758	CPU_0	0	0	0	98.38	0	1.61	0	0	0	0
