#Timestamp	CPU_ID	user%	nice%	sys%	idle%	iowait%	irq%	softiq%	steal%	guest%	guest_nice%
1428557320512374601	CPU_0	85.96	0	10.52	0	0	1.75	1.75	0	0	0
1428557321125360163	CPU_0	98.38	0	0	0	0	1.61	0	0	0	0
1428557321739727514	CPU_0	98.36	0	0	0	0	1.63	0	0	0	0
1428557322352750452	CPU_0	98.36	0	1.63	0	0	0	0	0	0	0
1428557322973484037	CPU_0	96.82	0	0	0	0	1.58	1.58	0	0	0
1428557323588737677	CPU_0	98.36	0	0	0	0	1.63	0	0	0	0
1428557324204325442	CPU_0	98.36	0	1.63	0	0	0	0	0	0	0
1428557324818707168	CPU_0	98.38	0	0	0	0	1.61	0	0	0	0
1428557325434469182	CPU_0	96.77	0	0	0	0	1.61	1.61	0	0	0
1428557326056133140	CPU_0	100.00	0	0	0	0	0	0	0	0	0
1428557326671972571	CPU_0	96.77	0	1.61	0	0	1.61	0	0	0	0
1428557327287545920	CPU_0	98.36	0	0	0	0	1.63	0	0	0	0
1428557327903311559	CPU_0	98.38	0	0	0	0	0	1.61	0	0	0
1428557328519363573	CPU_0	96.82	0	1.58	0	0	1.58	0	0	0	0
1428557329141441780	CPU_0	98.36	0	0	0	0	1.63	0	0	0	0
1428557329757644919	CPU_0	100.00	0	0	0	0	0	0	0	0	0
1428557330373981141	CPU_0	96.82	0	0	0	0	1.58	1.58	0	0	0
1428557330989747823	CPU_0	96.72	0	1.63	0	0	1.63	0	0	0	0
1428557331612707361	CPU_0	100.00	0	0	0	0	0	0	0	0	0
1428557332229567832	CPU_0	96.82	0	1.58	0	0	1.58	0	0	0	0
1428557332846098262	CPU_0	96.77	0	0	0	0	1.61	1.61	0	0	0
1428557333462623150	CPU_0	100.00	0	0	0	0	0	0	0	0	0
1428557334079564246	CPU_0	98.36	0	0	0	0	1.63	0	0	0	0
1428557334702809409	CPU_0	96.82	0	1.58	0	0	1.58	0	0	0	0
1428557335319414964	CPU_0	98.38	0	0	0	0	0	1.61	0	0	0
1428557335936292644	CPU_0	98.36	0	0	0	0	1.63	0	0	0	0
1428557336553377865	CPU_0	96.77	0	1.61	0	0	1.61	0	0	0	0
1428557337176344737	CPU_0	100.00	0	0	0	0	0	0	0	0	0
1428557337793331750	CPU_0	95.16	0	1.61	0	0	1.61	1.61	0	0	0
1428557338410187763	CPU_0	98.41	0	0	0	0	1.58	0	0	0	0
1428557339027088734	CPU_0	100.00	0	0	0	0	0	0	0	0	0
1428557339643895956	CPU_0	96.77	0	1.61	0	0	1.61	0	0	0	0
1428557340267455911	CPU_0	96.82	0	0	0	0	1.58	1.58	0	0	0
1428557340884621007	CPU_0	100.00	0	0	0	0	0	0	0	0	0
1428557341501893519	CPU_0	98.36	0	0	0	0	1.63	0	0	0	0
1428557342120145613	CPU_0	93.65	0	4.76	0	0	1.58	0	0	0	0
1428557342743328152	CPU_0	96.82	0	0	0	0	1.58	1.58	0	0	0
1428557343362957242	CPU_0	98.36	0	1.63	0	0	0	0	0	0	0
1428557343979908839	CPU_0	98.38	0	0	0	0	1.61	0	0	0	0
1428557344598147516	CPU_0	96.77	0	1.61	0	0	1.61	0	0	0	0
1428557345215225488	CPU_0	98.38	0	0	0	0	0	1.61	0	0	0
1428557345838922776	CPU_0	98.38	0	0	0	0	1.61	0	0	0	0
1428557346456608621	CPU_0	98.36	0	0	0	0	1.63	0	0	0	0
1428557347075290047	CPU_0	100.00	0	0	0	0	0	0	0	0	0
1428557347692634602	CPU_0	96.77	0	0	0	0	1.61	1.61	0	0	0
1428557348311012488	CPU_0	98.38	0	0	0	0	1.61	0	0	0	0
1428557348935232650	CPU_0	100.00	0	0	0	0	0	0	0	0	0
1428557349553989285	CPU_0	96.77	0	1.61	0	0	1.61	0	0	0	0
1428557350172101379	CPU_0	96.77	0	0	0	0	1.61	1.61	0	0	0
1428557350790121891	CPU_0	96.82	0	1.58	0	0	1.58	0	0	0	0
1428557351414312762	CPU_0	100.00	0	0	0	0	0	0	0	0	0
1428557352033729687	CPU_0	96.77	0	1.61	0	0	1.61	0	0	0	0
1428557352651349825	CPU_0	96.82	0	0	0	0	1.58	1.58	0	0	0
1428557353269935752	CPU_0	98.36	0	0	0	0	1.63	0	0	0	0
1428557353887431057	CPU_0	98.36	0	1.63	0	0	0	0	0	0	0
1428557354511975136	CPU_0	98.41	0	0	0	0	1.58	0	0	0	0
1428557355131170062	CPU_0	96.82	0	0	0	0	1.58	1.58	0	0	0
1428557355749377657	CPU_0	100.00	0	0	0	0	0	0	0	0	0
1428557356366688713	CPU_0	98.36	0	0	0	0	1.63	0	0	0	0
1428557356991496458	CPU_0	96.82	0	1.58	0	0	1.58	0	0	0	0
1428557357610535468	CPU_0	96.82	0	0	0	0	1.58	1.58	0	0	0
1428557358228546522	CPU_0	100.00	0	0	0	0	0	0	0	0	0
1428557358846021953	CPU_0	98.36	0	0	0	0	1.63	0	0	0	0
1428557359464595631	CPU_0	98.38	0	1.61	0	0	0	0	0	0	0
1428557360089044210	CPU_0	96.82	0	0	0	0	1.58	1.58	0	0	0
1428557360706513391	CPU_0	96.77	0	1.61	0	0	1.61	0	0	0	0
1428557361324121697	CPU_0	98.38	0	0	0	0	1.61	0	0	0	0
1428557361942273043	CPU_0	100.00	0	0	0	0	0	0	0	0	0
1428557362566595873	CPU_0	96.87	0	0	0	0	1.56	1.56	0	0	0
1428557363184998135	CPU_0	98.38	0	0	0	0	1.61	0	0	0	0
1428557363802893941	CPU_0	96.66	0	3.33	0	0	0	0	0	0	0
1428557364421690577	CPU_0	98.41	0	0	0	0	1.58	0	0	0	0
1428557365039644924	CPU_0	95.23	0	1.58	0	0	1.58	1.58	0	0	0
1428557365664882210	CPU_0	100.00	0	0	0	0	0	0	0	0	0
1428557366283270848	CPU_0	98.36	0	0	0	0	1.63	0	0	0	0
1428557366901452319	CPU_0	96.77	0	1.61	0	0	1.61	0	0	0	0
1428557367519552750	CPU_0	98.38	0	0	0	0	0	1.61	0	0	0
1428557368144928078	CPU_0	96.82	0	1.58	0	0	1.58	0	0	0	0
1428557368763058758	CPU_0	96.72	0	1.63	0	0	1.63	0	0	0	0
1428557369381977061	CPU_0	98.36	0	1.63	0	0	0	0	0	0	0
1428557370000122367	CPU_0	96.82	0	0	0	0	1.58	1.58	0	0	0
1428557370619592502	CPU_0	96.82	0	1.58	0	0	1.58	0	0	0	0
1428557371243045127	CPU_0	98.36	0	1.63	0	0	0	0	0	0	0
1428557371861699807	CPU_0	96.77	0	1.61	0	0	1.61	0	0	0	0
1428557372479677988	CPU_0	96.77	0	0	0	0	1.61	1.61	0	0	0
1428557373099384914	CPU_0	98.38	0	0	0	0	1.61	0	0	0	0
1428557373724093662	CPU_0	100.00	0	0	0	0	0	0	0	0	0
1428557374343014215	CPU_0	95.23	0	1.58	0	0	1.58	1.58	0	0	0
1428557374961904311	CPU_0	98.36	0	0	0	0	1.63	0	0	0	0
1428557375581411489	CPU_0	98.38	0	1.61	0	0	0	0	0	0	0
1428557376199604794	CPU_0	98.38	0	0	0	0	1.61	0	0	0	0
1428557376824867541	CPU_0	93.65	0	3.17	0	0	1.58	1.58	0	0	0
1428557377442966180	CPU_0	100.00	0	0	0	0	0	0	0	0	0
1428557378062448567	CPU_0	96.77	0	1.61	0	0	1.61	0	0	0	0
1428557378680872164	CPU_0	98.38	0	0	0	0	1.61	0	0	0	0
1428557379306405868	CPU_0	98.38	0	0	0	0	0	1.61	0	0	0
1428557379926762794	CPU_0	96.77	0	1.61	0	0	1.61	0	0	0	0
1428557380546234472	CPU_0	98.38	0	0	0	0	1.61	0	0	0	0
1428557381166374024	CPU_0	96.77	0	1.61	0	0	1.61	0	0	0	0
1428557381786737741	CPU_0	98.38	0	0	0	0	0	1.61	0	0	0
1428557382410795783	CPU_0	96.87	0	1.56	0	0	1.56	0	0	0	0
1428557383030363670	CPU_0	98.36	0	0	0	0	1.63	0	0	0	0
1428557383650231139	CPU_0	100.00	0	0	0	0	0	0	0	0	0
1428557384269298110	CPU_0	96.82	0	0	0	0	1.58	1.58	0	0	0
1428557384895189398	CPU_0	96.82	0	1.58	0	0	1.58	0	0	0	0
1428557385513879828	CPU_0	96.72	0	3.27	0	0	0	0	0	0	0
1428557386134296755	CPU_0	98.38	0	0	0	0	1.61	0	0	0	0
1428557386753545976	CPU_0	96.82	0	0	0	0	1.58	1.58	0	0	0
1428557387375545648	CPU_0	98.38	0	1.61	0	0	0	0	0	0	0
1428557387999080234	CPU_0	98.38	0	0	0	0	1.61	0	0	0	0
1428557388619856243	CPU_0	98.38	0	0	0	0	1.61	0	0	0	0
1428557389239358339	CPU_0	98.38	0	0	0	0	0	1.61	0	0	0
1428557389859177642	CPU_0	96.77	0	1.61	0	0	1.61	0	0	0	0
1428557390485275138	CPU_0	98.41	0	0	0	0	1.58	0	0	0	0
1428557391105458649	CPU_0	98.36	0	0	0	0	1.63	0	0	0	0
1428557391725257869	CPU_0	98.38	0	0	0	0	0	1.61	0	0	0
1428557392345139673	CPU_0	96.82	0	1.58	0	0	1.58	0	0	0	0
1428557392972132333	CPU_0	98.38	0	0	0	0	1.61	0	0	0	0
1428557393592577386	CPU_0	100.00	0	0	0	0	0	0	0	0	0
1428557394212333856	CPU_0	96.82	0	0	0	0	1.58	1.58	0	0	0
1428557394832255660	CPU_0	98.38	0	0	0	0	1.61	0	0	0	0
1428557395451839965	CPU_0	98.38	0	1.61	0	0	0	0	0	0	0
1428557396078575085	CPU_0	98.41	0	0	0	0	1.58	0	0	0	0
1428557396699067470	CPU_0	96.82	0	0	0	0	1.58	1.58	0	0	0
1428557397319538815	CPU_0	100.00	0	0	0	0	0	0	0	0	0
1428557397938727954	CPU_0	96.77	0	1.61	0	0	1.61	0	0	0	0
1428557398565042117	CPU_0	98.38	0	0	0	0	1.61	0	0	0	0
1428557399184649797	CPU_0	96.82	0	1.58	0	0	0	1.58	0	0	0
1428557399804949059	CPU_0	98.36	0	0	0	0	1.63	0	0	0	0
1428557400424205531	CPU_0	96.82	0	1.58	0	0	1.58	0	0	0	0
1428557401044085669	CPU_0	96.77	0	1.61	0	0	1.61	0	0	0	0
1428557401670716207	CPU_0	98.38	0	0	0	0	0	1.61	0	0	0
1428557402290924844	CPU_0	96.82	0	1.58	0	0	1.58	0	0	0	0
1428557402910184650	CPU_0	98.36	0	0	0	0	1.63	0	0	0	0
1428557403530013664	CPU_0	98.38	0	1.61	0	0	0	0	0	0	0
1428557404155880245	CPU_0	96.82	0	0	0	0	1.58	1.58	0	0	0
1428557404776300090	CPU_0	96.77	0	1.61	0	0	1.61	0	0	0	0
1428557405395627188	CPU_0	100.00	0	0	0	0	0	0	0	0	0
1428557406015259952	CPU_0	98.38	0	0	0	0	1.61	0	0	0	0
1428557406635479048	CPU_0	95.23	0	1.58	0	0	1.58	1.58	0	0	0
1428557407261456338	CPU_0	96.77	0	1.61	0	0	1.61	0	0	0	0
1428557407880763353	CPU_0	100.00	0	0	0	0	0	0	0	0	0
1428557408500568534	CPU_0	96.82	0	1.58	0	0	1.58	0	0	0	0
1428557409120799130	CPU_0	96.77	0	0	0	0	1.61	1.61	0	0	0
1428557409747085128	CPU_0	98.41	0	1.58	0	0	0	0	0	0	0
1428557410366722476	CPU_0	98.36	0	0	0	0	1.63	0	0	0	0
1428557410986530490	CPU_0	96.82	0	1.58	0	0	1.58	0	0	0	0
1428557411607605126	CPU_0	96.77	0	0	0	0	1.61	1.61	0	0	0
1428557412228933345	CPU_0	98.36	0	1.63	0	0	0	0	0	0	0
1428557412853433139	CPU_0	98.41	0	0	0	0	1.58	0	0	0	0
1428557413472864363	CPU_0	96.77	0	1.61	0	0	1.61	0	0	0	0
1428557414092049129	CPU_0	98.38	0	0	0	0	0	1.61	0	0	0
1428557414712140685	CPU_0	98.38	0	0	0	0	1.61	0	0	0	0
1428557415337810685	CPU_0	98.38	0	0	0	0	1.61	0	0	0	0
1428557415957582325	CPU_0	98.38	0	1.61	0	0	0	0	0	0	0
1428557416577098757	CPU_0	96.82	0	0	0	0	1.58	1.58	0	0	0
1428557417198133811	CPU_0	98.36	0	0	0	0	1.63	0	0	0	0
1428557417825321224	CPU_0	100.00	0	0	0	0	0	0	0	0	0
1428557418445921362	CPU_0	96.77	0	0	0	0	1.61	1.61	0	0	0
1428557419065958376	CPU_0	98.41	0	0	0	0	1.58	0	0	0	0
1428557419686816639	CPU_0	98.36	0	1.63	0	0	0	0	0	0	0
1428557420306320322	CPU_0	98.38	0	0	0	0	1.61	0	0	0	0
1428557420933097486	CPU_0	95.31	0	1.56	0	0	1.56	1.56	0	0	0
1428557421552858835	CPU_0	100.00	0	0	0	0	0	0	0	0	0
1428557422173881889	CPU_0	98.38	0	0	0	0	1.61	0	0	0	0
1428557422794181070	CPU_0	98.41	0	0	0	0	1.58	0	0	0	0
1428557423420478528	CPU_0	96.77	0	0	0	0	1.61	1.61	0	0	0
1428557424040123294	CPU_0	95.23	0	1.58	0	0	3.17	0	0	0	0
1428557424661480389	CPU_0	96.72	0	1.63	0	0	1.63	0	0	0	0
1428557425282356652	CPU_0	98.38	0	0	0	0	1.61	0	0	0	0
1428557425902730542	CPU_0	95.23	0	1.58	0	0	1.58	1.58	0	0	0
1428557426528975333	CPU_0	100.00	0	0	0	0	0	0	0	0	0
1428557427153580671	CPU_0	96.77	0	1.61	0	0	1.61	0	0	0	0
1428557427774864016	CPU_0	96.82	0	0	0	0	1.58	1.58	0	0	0
1428557428395652739	CPU_0	96.77	0	3.22	0	0	0	0	0	0	0
1428557429022711736	CPU_0	98.36	0	0	0	0	1.63	0	0	0	0
1428557429643554875	CPU_0	96.82	0	1.58	0	0	1.58	0	0	0	0
1428557430264045723	CPU_0	98.38	0	0	0	0	0	1.61	0	0	0
1428557430884160572	CPU_0	96.82	0	1.58	0	0	1.58	0	0	0	0
1428557431505405794	CPU_0	98.38	0	0	0	0	1.61	0	0	0	0
1428557432130382672	CPU_0	98.38	0	0	0	0	1.61	0	0	0	0
1428557432751169728	CPU_0	98.38	0	0	0	0	0	1.61	0	0	0
1428557433371348828	CPU_0	96.77	0	1.61	0	0	1.61	0	0	0	0
1428557433991458719	CPU_0	98.38	0	0	0	0	1.61	0	0	0	0
1428557434618801633	CPU_0	98.41	0	1.58	0	0	0	0	0	0	0
1428557435239625440	CPU_0	96.77	0	0	0	0	1.61	1.61	0	0	0
1428557435860079413	CPU_0	96.82	0	1.58	0	0	1.58	0	0	0	0
1428557436479883597	CPU_0	100.00	0	0	0	0	0	0	0	0	0
1428557437106664930	CPU_0	96.82	0	1.58	0	0	1.58	0	0	0	0
1428557437728002569	CPU_0	96.82	0	0	0	0	1.58	1.58	0	0	0
1428557438348588084	CPU_0	96.82	0	1.58	0	0	1.58	0	0	0	0
1428557438968709976	CPU_0	100.00	0	0	0	0	0	0	0	0	0
1428557439589373241	CPU_0	96.77	0	1.61	0	0	1.61	0	0	0	0
1428557440216999989	CPU_0	96.82	0	0	0	0	1.58	1.58	0	0	0
1428557440837211298	CPU_0	100.00	0	0	0	0	0	0	0	0	0
1428557441457113024	CPU_0	98.36	0	0	0	0	1.63	0	0	0	0
1428557442078040622	CPU_0	98.41	0	0	0	0	1.58	0	0	0	0
1428557442705211413	CPU_0	98.41	0	0	0	0	0	1.58	0	0	0
1428557443326933551	CPU_0	98.36	0	0	0	0	1.63	0	0	0	0
1428557443948030024	CPU_0	98.38	0	0	0	0	1.61	0	0	0	0
1428557444568865748	CPU_0	98.41	0	0	0	0	1.58	0	0	0	0
1428557445190375304	CPU_0	98.38	0	0	0	0	0	1.61	0	0	0
1428557445817984677	CPU_0	96.82	0	1.58	0	0	1.58	0	0	0	0
1428557446439245859	CPU_0	98.38	0	0	0	0	1.61	0	0	0	0
1428557447059673209	CPU_0	100.00	0	0	0	0	0	0	0	0	0
1428557447681003182	CPU_0	96.82	0	0	0	0	1.58	1.58	0	0	0
1428557448308022474	CPU_0	98.41	0	0	0	0	1.58	0	0	0	0
1428557448928716699	CPU_0	100.00	0	0	0	0	0	0	0	0	0
1428557449548998091	CPU_0	98.38	0	0	0	0	1.61	0	0	0	0
1428557450171131771	CPU_0	92.18	0	4.68	0	0	1.56	1.56	0	0	0
1428557450797085107	CPU_0	98.38	0	0	0	0	1.61	0	0	0	0
1428557451420744575	CPU_0	98.38	0	1.61	0	0	0	0	0	0	0
1428557452041050468	CPU_0	96.77	0	1.61	0	0	1.61	0	0	0	0
1428557452661545818	CPU_0	96.82	0	0	0	0	1.58	1.58	0	0	0
1428557453282521210	CPU_0	100.00	0	0	0	0	0	0	0	0	0
1428557453909829627	CPU_0	98.38	0	0	0	0	1.61	0	0	0	0
1428557454530419436	CPU_0	96.82	0	1.58	0	0	1.58	0	0	0	0
1428557455150939828	CPU_0	98.38	0	0	0	0	0	1.61	0	0	0
1428557455772203052	CPU_0	96.77	0	1.61	0	0	1.61	0	0	0	0
1428557456398391306	CPU_0	98.38	0	0	0	0	1.61	0	0	0	0
1428557457018690699	CPU_0	96.82	0	1.58	0	0	0	1.58	0	0	0
1428557457638874426	CPU_0	98.38	0	0	0	0	1.61	0	0	0	0
1428557458260115984	CPU_0	96.77	0	1.61	0	0	1.61	0	0	0	0
1428557458879879421	CPU_0	100.00	0	0	0	0	0	0	0	0	0
1428557459507478754	CPU_0	96.82	0	0	0	0	1.58	1.58	0	0	0
1428557460127974231	CPU_0	98.38	0	0	0	0	1.61	0	0	0	0
1428557460749285289	CPU_0	98.38	0	0	0	0	1.61	0	0	0	0
1428557461369979890	CPU_0	100.00	0	0	0	0	0	0	0	0	0
1428557461996845434	CPU_0	95.31	0	1.56	0	0	1.56	1.56	0	0	0
1428557462617118911	CPU_0	96.77	0	1.61	0	0	1.61	0	0	0	0
1428557463238415386	CPU_0	100.00	0	0	0	0	0	0	0	0	0
1428557463858598989	CPU_0	98.38	0	0	0	0	1.61	0	0	0	0
1428557464479380132	CPU_0	95.31	0	1.56	0	0	1.56	1.56	0	0	0
1428557465105675428	CPU_0	100.00	0	0	0	0	0	0	0	0	0
1428557465727160152	CPU_0	98.36	0	0	0	0	1.63	0	0	0	0
1428557466347217006	CPU_0	98.38	0	0	0	0	1.61	0	0	0	0
1428557466968122565	CPU_0	95.23	0	1.58	0	0	1.58	1.58	0	0	0
1428557467595043485	CPU_0	100.00	0	0	0	0	0	0	0	0	0
1428557468216574168	CPU_0	98.38	0	0	0	0	1.61	0	0	0	0
1428557468837523728	CPU_0	98.38	0	0	0	0	1.61	0	0	0	0
1428557469457989456	CPU_0	96.82	0	1.58	0	0	0	1.58	0	0	0
1428557470081371093	CPU_0	98.41	0	0	0	0	1.58	0	0	0	0
1428557470707169266	CPU_0	98.36	0	0	0	0	1.63	0	0	0	0
1428557471328013909	CPU_0	98.38	0	1.61	0	0	0	0	0	0	0
1428557471948778136	CPU_0	93.65	0	3.17	0	0	1.58	1.58	0	0	0
1428557472570032613	CPU_0	96.82	0	1.58	0	0	1.58	0	0	0	0
1428557473197665448	CPU_0	100.00	0	0	0	0	0	0	0	0	0
1428557473818531633	CPU_0	96.77	0	1.61	0	0	1.61	0	0	0	0
1428557474439237694	CPU_0	95.31	0	1.56	0	0	1.56	1.56	0	0	0
1428557475059904797	CPU_0	100.00	0	0	0	0	0	0	0	0	0
1428557475687530799	CPU_0	98.38	0	0	0	0	1.61	0	0	0	0
1428557476309683232	CPU_0	96.82	0	1.58	0	0	1.58	0	0	0	0
1428557476930686459	CPU_0	96.82	0	0	0	0	1.58	1.58	0	0	0
1428557477551945852	CPU_0	98.36	0	0	0	0	1.63	0	0	0	0
1428557478172991788	CPU_0	100.00	0	0	0	0	0	0	0	0	0
1428557478800758081	CPU_0	96.87	0	1.56	0	0	1.56	0	0	0	0
1428557479422513224	CPU_0	96.82	0	0	0	0	1.58	1.58	0	0	0
1428557480043672618	CPU_0	100.00	0	0	0	0	0	0	0	0	0
1428557480664759803	CPU_0	96.82	0	1.58	0	0	1.58	0	0	0	0
1428557481293356304	CPU_0	98.38	0	0	0	0	1.61	0	0	0	0
1428557481914854114	CPU_0	96.82	0	0	0	0	1.58	1.58	0	0	0
1428557482536122299	CPU_0	100.00	0	0	0	0	0	0	0	0	0
1428557483157436610	CPU_0	96.77	0	1.61	0	0	1.61	0	0	0	0
1428557483781255497	CPU_0	98.38	0	0	0	0	1.61	0	0	0	0
1428557484407269629	CPU_0	98.38	0	0	0	0	0	1.61	0	0	0
1428557485028915106	CPU_0	98.41	0	0	0	0	1.58	0	0	0	0
1428557485650256167	CPU_0	98.38	0	0	0	0	1.61	0	0	0	0
1428557486272628600	CPU_0	98.38	0	1.61	0	0	0	0	0	0	0
1428557486900722644	CPU_0	96.82	0	0	0	0	1.58	1.58	0	0	0
1428557487522337454	CPU_0	96.82	0	1.58	0	0	1.58	0	0	0	0
1428557488143429682	CPU_0	100.00	0	0	0	0	0	0	0	0	0
1428557488765977615	CPU_0	98.38	0	0	0	0	1.61	0	0	0	0
1428557489393485619	CPU_0	95.23	0	1.58	0	0	1.58	1.58	0	0	0
1428557490015381012	CPU_0	100.00	0	0	0	0	0	0	0	0	0
1428557490636469741	CPU_0	98.38	0	0	0	0	1.61	0	0	0	0
1428557491260290713	CPU_0	95.23	0	1.58	0	0	1.58	1.58	0	0	0
1428557491882649646	CPU_0	98.38	0	0	0	0	1.61	0	0	0	0
1428557492511237523	CPU_0	100.00	0	0	0	0	0	0	0	0	0
1428557493132941042	CPU_0	95.16	0	3.22	0	0	1.61	0	0	0	0
1428557493755622184	CPU_0	96.87	0	0	0	0	1.56	1.56	0	0	0
1428557494377344286	CPU_0	100.00	0	0	0	0	0	0	0	0	0
1428557495005441123	CPU_0	96.82	0	1.58	0	0	1.58	0	0	0	0
1428557495626860601	CPU_0	98.38	0	0	0	0	1.61	0	0	0	0
1428557496249274785	CPU_0	96.82	0	0	0	0	1.58	1.58	0	0	0
1428557496871004554	CPU_0	98.38	0	1.61	0	0	0	0	0	0	0
1428557497498409351	CPU_0	98.38	0	0	0	0	1.61	0	0	0	0
1428557498119679955	CPU_0	96.82	0	1.58	0	0	1.58	0	0	0	0
1428557498741601349	CPU_0	98.38	0	0	0	0	0	1.61	0	0	0
1428557499363074703	CPU_0	96.77	0	1.61	0	0	1.61	0	0	0	0
1428557499984986931	CPU_0	98.38	0	0	0	0	1.61	0	0	0	0
1428557500612209437	CPU_0	98.41	0	1.58	0	0	0	0	0	0	0
1428557501234268039	CPU_0	96.82	0	0	0	0	1.58	1.58	0	0	0
1428557501856121309	CPU_0	96.77	0	1.61	0	0	1.61	0	0	0	0
1428557502478131620	CPU_0	98.38	0	0	0	0	1.61	0	0	0	0
1428557503106425665	CPU_0	100.00	0	0	0	0	0	0	0	0	0
1428557503728569017	CPU_0	96.77	0	0	0	0	1.61	1.61	0	0	0
1428557504350481620	CPU_0	98.41	0	0	0	0	1.58	0	0	0	0
1428557504972254640	CPU_0	100.00	0	0	0	0	0	0	0	0	0
1428557505599816979	CPU_0	98.41	0	0	0	0	1.58	0	0	0	0
1428557506224835867	CPU_0	95.31	0	1.56	0	0	1.56	1.56	0	0	0
1428557506847081219	CPU_0	98.36	0	0	0	0	1.63	0	0	0	0
1428557507470106653	CPU_0	100.00	0	0	0	0	0	0	0	0	0
1428557508092463589	CPU_0	96.82	0	0	0	0	1.58	1.58	0	0	0
1428557508721763799	CPU_0	98.41	0	0	0	0	1.58	0	0	0	0
1428557509344658067	CPU_0	100.00	0	0	0	0	0	0	0	0	0
1428557509967595543	CPU_0	98.38	0	0	0	0	1.61	0	0	0	0
1428557510589712688	CPU_0	95.23	0	1.58	0	0	1.58	1.58	0	0	0
1428557511218558899	CPU_0	100.00	0	0	0	0	0	0	0	0	0
1428557511841402751	CPU_0	96.82	0	1.58	0	0	1.58	0	0	0	0
1428557512463841270	CPU_0	98.41	0	0	0	0	1.58	0	0	0	0
1428557513085405167	CPU_0	96.77	0	0	0	0	1.61	1.61	0	0	0
1428557513708179602	CPU_0	100.00	0	0	0	0	0	0	0	0	0
1428557514336572440	CPU_0	98.41	0	0	0	0	1.58	0	0	0	0
1428557514959334584	CPU_0	95.23	0	3.17	0	0	1.58	0	0	0	0
1428557515580510232	CPU_0	98.38	0	0	0	0	0	1.61	0	0	0
1428557516202648044	CPU_0	96.77	0	1.61	0	0	1.61	0	0	0	0
1428557516831091632	CPU_0	96.82	0	1.58	0	0	1.58	0	0	0	0
1428557517453766818	CPU_0	98.41	0	0	0	0	1.58	0	0	0	0
1428557518074791550	CPU_0	98.36	0	0	0	0	0	1.63	0	0	0
1428557518696894821	CPU_0	98.41	0	0	0	0	1.58	0	0	0	0
1428557519325036619	CPU_0	96.77	0	1.61	0	0	1.61	0	0	0	0
1428557519947494972	CPU_0	100.00	0	0	0	0	0	0	0	0	0
1428557520568995995	CPU_0	95.23	0	1.58	0	0	1.58	1.58	0	0	0
1428557521191411557	CPU_0	98.38	0	0	0	0	1.61	0	0	0	0
1428557521813596328	CPU_0	96.77	0	1.61	0	0	1.61	0	0	0	0
1428557522442734082	CPU_0	98.41	0	0	0	0	0	1.58	0	0	0
1428557523064538396	CPU_0	96.82	0	1.58	0	0	1.58	0	0	0	0
1428557523687741623	CPU_0	98.38	0	0	0	0	1.61	0	0	0	0
1428557524310176268	CPU_0	100.00	0	0	0	0	0	0	0	0	0
1428557524939472105	CPU_0	96.82	0	0	0	0	1.58	1.58	0	0	0
1428557525561164128	CPU_0	98.38	0	0	0	0	1.61	0	0	0	0
1428557526182823401	CPU_0	98.38	0	1.61	0	0	0	0	0	0	0
1428557526805249547	CPU_0	96.77	0	1.61	0	0	1.61	0	0	0	0
1428557527433441095	CPU_0	96.87	0	0	0	0	1.56	1.56	0	0	0
1428557528057660029	CPU_0	98.38	0	0	0	0	1.61	0	0	0	0
1428557528680189800	CPU_0	100.00	0	0	0	0	0	0	0	0	0
1428557529302497946	CPU_0	96.77	0	1.61	0	0	1.61	0	0	0	0
1428557529925017551	CPU_0	96.82	0	0	0	0	1.58	1.58	0	0	0
1428557530552951475	CPU_0	100.00	0	0	0	0	0	0	0	0	0
1428557531175440538	CPU_0	98.38	0	0	0	0	1.61	0	0	0	0
1428557531797566477	CPU_0	98.38	0	0	0	0	1.61	0	0	0	0
1428557532419923874	CPU_0	98.41	0	0	0	0	0	1.58	0	0	0
1428557533047790799	CPU_0	96.82	0	1.58	0	0	1.58	0	0	0	0
1428557533670672361	CPU_0	98.38	0	0	0	0	1.61	0	0	0	0
1428557534292178760	CPU_0	98.38	0	1.61	0	0	0	0	0	0	0
1428557534915504405	CPU_0	96.82	0	0	0	0	1.58	1.58	0	0	0
1428557535537174512	CPU_0	96.77	0	1.61	0	0	1.61	0	0	0	0
1428557536166058310	CPU_0	98.38	0	1.61	0	0	0	0	0	0	0
1428557536787291210	CPU_0	96.77	0	1.61	0	0	1.61	0	0	0	0
1428557537410884563	CPU_0	95.23	0	1.58	0	0	1.58	1.58	0	0	0
1428557538032452129	CPU_0	96.82	0	1.58	0	0	1.58	0	0	0	0
1428557538661207427	CPU_0	100.00	0	0	0	0	0	0	0	0	0
1428557539284064574	CPU_0	95.23	0	3.17	0	0	1.58	0	0	0	0
1428557539908105675	CPU_0	96.82	0	0	0	0	1.58	1.58	0	0	0
1428557540530485156	CPU_0	98.41	0	0	0	0	1.58	0	0	0	0
1428557541159557704	CPU_0	100.00	0	0	0	0	0	0	0	0	0
1428557541781316062	CPU_0	96.82	0	1.58	0	0	1.58	0	0	0	0
1428557542404599374	CPU_0	95.23	0	1.58	0	0	1.58	1.58	0	0	0
1428557543026491940	CPU_0	98.38	0	0	0	0	1.61	0	0	0	0
1428557543649162171	CPU_0	98.36	0	0	0	0	1.63	0	0	0	0
1428557544277746720	CPU_0	93.75	0	1.56	0	0	3.12	1.56	0	0	0
1428557544901862364	CPU_0	98.38	0	0	0	0	1.61	0	0	0	0
1428557545524336845	CPU_0	98.38	0	0	0	0	1.61	0	0	0	0
1428557546147277826	CPU_0	98.38	0	0	0	0	1.61	0	0	0	0
1428557546776488749	CPU_0	96.82	0	1.58	0	0	0	1.58	0	0	0
1428557547400413643	CPU_0	96.82	0	1.58	0	0	1.58	0	0	0	0
1428557548022518376	CPU_0	98.36	0	0	0	0	1.63	0	0	0	0
1428557548645786939	CPU_0	96.87	0	0	0	0	1.56	1.56	0	0	0
1428557549273966407	CPU_0	100.00	0	0	0	0	0	0	0	0	0
1428557549897795385	CPU_0	98.38	0	0	0	0	1.61	0	0	0	0
1428557550519795535	CPU_0	98.41	0	0	0	0	1.58	0	0	0	0
1428557551142732766	CPU_0	96.77	0	1.61	0	0	0	1.61	0	0	0
1428557551765366622	CPU_0	98.41	0	0	0	0	1.58	0	0	0	0
1428557552395833085	CPU_0	98.38	0	0	0	0	1.61	0	0	0	0
1428557553018068442	CPU_0	98.38	0	0	0	0	1.61	0	0	0	0
1428557553642134754	CPU_0	96.82	0	0	0	0	1.58	1.58	0	0	0
1428557554264752403	CPU_0	100.00	0	0	0	0	0	0	0	0	0
1428557554895173782	CPU_0	98.41	0	0	0	0	1.58	0	0	0	0
1428557555517837639	CPU_0	96.82	0	1.58	0	0	1.58	0	0	0	0
1428557556141297036	CPU_0	98.38	0	0	0	0	0	1.61	0	0	0
1428557556764189893	CPU_0	96.82	0	1.58	0	0	1.58	0	0	0	0
1428557557394046232	CPU_0	98.41	0	0	0	0	1.58	0	0	0	0
1428557558016479590	CPU_0	96.72	0	1.63	0	0	1.63	0	0	0	0
1428557558639961112	CPU_0	96.82	0	1.58	0	0	0	1.58	0	0	0
1428557559262060429	CPU_0	98.41	0	0	0	0	1.58	0	0	0	0
1428557559886263908	CPU_0	98.38	0	0	0	0	1.61	0	0	0	0
1428557560514540460	CPU_0	100.00	0	0	0	0	0	0	0	0	0
1428557561137386775	CPU_0	96.82	0	0	0	0	1.58	1.58	0	0	0
1428557561759570384	CPU_0	98.41	0	0	0	0	1.58	0	0	0	0
1428557562383195490	CPU_0	96.72	0	1.63	0	0	1.63	0	0	0	0
1428557563012369248	CPU_0	98.41	0	0	0	0	0	1.58	0	0	0
1428557563635272439	CPU_0	98.41	0	0	0	0	1.58	0	0	0	0
1428557564257919547	CPU_0	96.77	0	1.61	0	0	1.61	0	0	0	0
1428557564881532527	CPU_0	100.00	0	0	0	0	0	0	0	0	0
1428557565509840746	CPU_0	96.82	0	0	0	0	1.58	1.58	0	0	0
1428557566131785232	CPU_0	98.38	0	0	0	0	1.61	0	0	0	0
1428557566754507256	CPU_0	100.00	0	0	0	0	0	0	0	0	0
1428557567377918321	CPU_0	98.38	0	0	0	0	1.61	0	0	0	0
1428557568000646721	CPU_0	96.82	0	0	0	0	1.58	1.58	0	0	0
1428557568629018024	CPU_0	96.87	0	1.56	0	0	1.56	0	0	0	0
1428557569251581174	CPU_0	100.00	0	0	0	0	0	0	0	0	0
1428557569874272158	CPU_0	98.38	0	0	0	0	1.61	0	0	0	0
1428557570496774392	CPU_0	96.82	0	0	0	0	1.58	1.58	0	0	0
1428557571126226442	CPU_0	100.00	0	0	0	0	0	0	0	0	0
1428557571750087090	CPU_0	98.38	0	0	0	0	1.61	0	0	0	0
1428557572373831155	CPU_0	96.82	0	1.58	0	0	1.58	0	0	0	0
1428557572997157512	CPU_0	96.77	0	0	0	0	1.61	1.61	0	0	0
1428557573627675226	CPU_0	96.82	0	1.58	0	0	1.58	0	0	0	0
1428557574250585127	CPU_0	98.36	0	1.63	0	0	0	0	0	0	0
1428557574874024317	CPU_0	96.87	0	1.56	0	0	1.56	0	0	0	0
1428557575496991467	CPU_0	93.54	0	3.22	0	0	1.61	1.61	0	0	0
1428557576119440952	CPU_0	100.00	0	0	0	0	0	0	0	0	0
1428557576748325713	CPU_0	98.41	0	0	0	0	1.58	0	0	0	0
1428557577371704946	CPU_0	98.38	0	0	0	0	1.61	0	0	0	0
1428557577994016223	CPU_0	98.38	0	0	0	0	0	1.61	0	0	0
1428557578616454750	CPU_0	96.82	0	1.58	0	0	1.58	0	0	0	0
1428557579245718635	CPU_0	98.38	0	0	0	0	1.61	0	0	0	0
1428557579868759119	CPU_0	96.77	0	3.22	0	0	0	0	0	0	0
1428557580490899021	CPU_0	96.82	0	0	0	0	1.58	1.58	0	0	0
1428557581113229507	CPU_0	96.82	0	1.58	0	0	1.58	0	0	0	0
1428557581746584549	CPU_0	98.38	0	0	0	0	1.61	0	0	0	0
1428557582370323323	CPU_0	98.41	0	1.58	0	0	0	0	0	0	0
1428557582992262935	CPU_0	96.77	0	0	0	0	1.61	1.61	0	0	0
1428557583614589213	CPU_0	96.82	0	1.58	0	0	1.58	0	0	0	0
1428557584237048782	CPU_0	100.00	0	0	0	0	0	0	0	0	0
1428557584866161793	CPU_0	96.87	0	0	0	0	1.56	1.56	0	0	0
1428557585489993359	CPU_0	96.77	0	1.61	0	0	1.61	0	0	0	0
1428557586112148679	CPU_0	98.38	0	0	0	0	1.61	0	0	0	0
1428557586735024622	CPU_0	98.38	0	1.61	0	0	0	0	0	0	0
1428557587364969340	CPU_0	95.31	0	1.56	0	0	1.56	1.56	0	0	0
1428557587989234738	CPU_0	98.41	0	0	0	0	1.58	0	0	0	0
1428557588612137098	CPU_0	98.36	0	0	0	0	1.63	0	0	0	0
1428557589234913584	CPU_0	100.00	0	0	0	0	0	0	0	0	0
1428557589864045345	CPU_0	95.23	0	1.58	0	0	1.58	1.58	0	0	0
1428557590490551738	CPU_0	98.41	0	0	0	0	1.58	0	0	0	0
1428557591113583432	CPU_0	98.38	0	1.61	0	0	0	0	0	0	0
1428557591736568334	CPU_0	98.38	0	0	0	0	1.61	0	0	0	0
1428557592359892902	CPU_0	96.82	0	0	0	0	1.58	1.58	0	0	0
1428557592990011369	CPU_0	96.87	0	1.56	0	0	1.56	0	0	0	0
1428557593612844980	CPU_0	100.00	0	0	0	0	0	0	0	0	0
1428557594236321715	CPU_0	96.82	0	1.58	0	0	1.58	0	0	0	0
1428557594859696241	CPU_0	96.82	0	0	0	0	1.58	1.58	0	0	0
1428557595490321416	CPU_0	98.38	0	1.61	0	0	0	0	0	0	0
1428557596113408694	CPU_0	98.38	0	0	0	0	1.61	0	0	0	0
1428557596737035886	CPU_0	98.38	0	0	0	0	1.61	0	0	0	0
1428557597359984664	CPU_0	96.82	0	1.58	0	0	0	1.58	0	0	0
1428557597990046716	CPU_0	98.41	0	0	0	0	1.58	0	0	0	0
1428557598615699695	CPU_0	98.41	0	0	0	0	1.58	0	0	0	0
1428557599239403680	CPU_0	98.38	0	0	0	0	1.61	0	0	0	0
1428557599862059042	CPU_0	98.38	0	0	0	0	0	1.61	0	0	0
1428557600486286067	CPU_0	98.41	0	0	0	0	1.58	0	0	0	0
1428557601115853203	CPU_0	95.23	0	3.17	0	0	1.58	0	0	0	0
1428557601739337730	CPU_0	100.00	0	0	0	0	0	0	0	0	0
1428557602362020842	CPU_0	96.82	0	0	0	0	1.58	1.58	0	0	0
1428557602986993824	CPU_0	96.82	0	1.58	0	0	1.58	0	0	0	0
1428557603617130460	CPU_0	98.41	0	0	0	0	1.58	0	0	0	0
1428557604241472276	CPU_0	98.38	0	0	0	0	0	1.61	0	0	0
1428557604864283139	CPU_0	98.38	0	0	0	0	1.61	0	0	0	0
1428557605488968038	CPU_0	98.41	0	0	0	0	1.58	0	0	0	0
1428557606119682714	CPU_0	98.41	0	1.58	0	0	0	0	0	0	0
1428557606743576282	CPU_0	96.77	0	0	0	0	1.61	1.61	0	0	0
1428557607366223645	CPU_0	98.41	0	0	0	0	1.58	0	0	0	0
1428557607990639879	CPU_0	100.00	0	0	0	0	0	0	0	0	0
1428557608613596199	CPU_0	98.38	0	0	0	0	1.61	0	0	0	0
1428557609243756252	CPU_0	96.87	0	0	0	0	1.56	1.56	0	0	0
1428557609866712073	CPU_0	98.41	0	0	0	0	1.58	0	0	0	0
1428557610490948557	CPU_0	100.00	0	0	0	0	0	0	0	0	0
1428557611114076628	CPU_0	96.82	0	1.58	0	0	1.58	0	0	0	0
1428557611744185264	CPU_0	96.87	0	0	0	0	1.56	1.56	0	0	0
1428557612367453251	CPU_0	98.38	0	1.61	0	0	0	0	0	0	0
1428557612992105776	CPU_0	96.77	0	1.61	0	0	1.61	0	0	0	0
1428557613615217806	CPU_0	98.38	0	0	0	0	1.61	0	0	0	0
1428557614246004191	CPU_0	95.31	0	1.56	0	0	1.56	1.56	0	0	0
1428557614869069137	CPU_0	100.00	0	0	0	0	0	0	0	0	0
1428557615492948789	CPU_0	98.38	0	0	0	0	1.61	0	0	0	0
1428557616116313443	CPU_0	98.38	0	0	0	0	1.61	0	0	0	0
1428557616739774180	CPU_0	98.41	0	0	0	0	0	1.58	0	0	0
1428557617369020736	CPU_0	96.82	0	1.58	0	0	1.58	0	0	0	0
1428557617993089263	CPU_0	98.38	0	0	0	0	1.61	0	0	0	0
1428557618616428292	CPU_0	98.38	0	0	0	0	1.61	0	0	0	0
1428557619240739611	CPU_0	96.82	0	1.58	0	0	0	1.58	0	0	0
1428557619870682832	CPU_0	98.43	0	0	0	0	1.56	0	0	0	0
1428557620495073609	CPU_0	98.36	0	0	0	0	1.63	0	0	0	0
1428557621117884348	CPU_0	98.38	0	0	0	0	0	1.61	0	0	0
1428557621741470627	CPU_0	98.41	0	0	0	0	1.58	0	0	0	0
1428557622370879641	CPU_0	98.41	0	0	0	0	1.58	0	0	0	0
1428557622995298210	CPU_0	93.54	0	4.83	0	0	1.61	0	0	0	0
1428557623618868947	CPU_0	98.41	0	0	0	0	0	1.58	0	0	0
1428557624242471851	CPU_0	98.38	0	0	0	0	1.61	0	0	0	0
1428557624866538838	CPU_0	96.82	0	1.58	0	0	1.58	0	0	0	0
1428557625497059100	CPU_0	98.38	0	0	0	0	1.61	0	0	0	0
1428557626120122714	CPU_0	96.82	0	1.58	0	0	0	1.58	0	0	0
1428557626743343828	CPU_0	98.38	0	0	0	0	1.61	0	0	0	0
1428557627367031274	CPU_0	96.77	0	1.61	0	0	1.61	0	0	0	0
1428557627997669661	CPU_0	100.00	0	0	0	0	0	0	0	0	0
1428557628621433565	CPU_0	96.82	0	0	0	0	1.58	1.58	0	0	0
1428557629245874134	CPU_0	98.41	0	0	0	0	1.58	0	0	0	0
1428557629870148162	CPU_0	100.00	0	0	0	0	0	0	0	0	0
1428557630501140799	CPU_0	98.41	0	0	0	0	1.58	0	0	0	0
1428557631125329327	CPU_0	96.87	0	0	0	0	1.56	1.56	0	0	0
1428557631748593566	CPU_0	96.77	0	1.61	0	0	1.61	0	0	0	0
1428557632372845886	CPU_0	100.00	0	0	0	0	0	0	0	0	0
1428557632997812663	CPU_0	96.82	0	1.58	0	0	1.58	0	0	0	0
1428557633626445097	CPU_0	96.87	0	0	0	0	1.56	1.56	0	0	0
1428557634250014794	CPU_0	96.82	0	1.58	0	0	1.58	0	0	0	0
1428557634874361989	CPU_0	100.00	0	0	0	0	0	0	0	0	0
1428557635499744849	CPU_0	98.41	0	0	0	0	1.58	0	0	0	0
1428557636131071735	CPU_0	96.82	0	0	0	0	1.58	1.58	0	0	0
1428557636755619430	CPU_0	98.41	0	1.58	0	0	0	0	0	0	0
1428557637380359916	CPU_0	98.36	0	0	0	0	1.63	0	0	0	0
1428557638005328235	CPU_0	96.87	0	1.56	0	0	1.56	0	0	0	0
1428557638635776374	CPU_0	96.82	0	0	0	0	1.58	1.58	0	0	0
1428557639260491277	CPU_0	98.38	0	1.61	0	0	0	0	0	0	0
1428557639884399807	CPU_0	98.38	0	0	0	0	1.61	0	0	0	0
1428557640509336459	CPU_0	96.82	0	1.58	0	0	1.58	0	0	0	0
1428557641138822226	CPU_0	96.82	0	1.58	0	0	0	1.58	0	0	0
1428557641763089713	CPU_0	98.38	0	0	0	0	1.61	0	0	0	0
1428557642386718120	CPU_0	98.38	0	0	0	0	1.61	0	0	0	0
1428557643011233565	CPU_0	96.82	0	1.58	0	0	0	1.58	0	0	0
1428557643635182762	CPU_0	98.38	0	0	0	0	1.61	0	0	0	0
1428557644265648943	CPU_0	95.31	0	3.12	0	0	1.56	0	0	0	0
1428557644889951973	CPU_0	98.38	0	0	0	0	1.61	0	0	0	0
1428557645514695668	CPU_0	96.82	0	1.58	0	0	0	1.58	0	0	0
1428557646138370408	CPU_0	98.38	0	0	0	0	1.61	0	0	0	0
1428557646769008547	CPU_0	98.41	0	0	0	0	1.58	0	0	0	0
1428557647392886120	CPU_0	100.00	0	0	0	0	0	0	0	0	0
1428557648017353983	CPU_0	95.31	0	1.56	0	0	1.56	1.56	0	0	0
1428557648641251347	CPU_0	98.41	0	0	0	0	1.58	0	0	0	0
1428557649271437030	CPU_0	98.38	0	0	0	0	1.61	0	0	0	0
1428557649896275725	CPU_0	100.00	0	0	0	0	0	0	0	0	0
1428557650520758130	CPU_0	96.82	0	0	0	0	1.58	1.58	0	0	0
1428557651145710742	CPU_0	98.41	0	0	0	0	1.58	0	0	0	0
1428557651771320019	CPU_0	98.36	0	1.63	0	0	0	0	0	0	0
1428557652400992662	CPU_0	98.41	0	0	0	0	1.58	0	0	0	0
1428557653025717816	CPU_0	95.31	0	1.56	0	0	1.56	1.56	0	0	0
1428557653650406804	CPU_0	98.41	0	0	0	0	1.58	0	0	0	0
1428557654276202414	CPU_0	100.00	0	0	0	0	0	0	0	0	0
1428557654906969638	CPU_0	98.41	0	0	0	0	1.58	0	0	0	0
1428557655531737209	CPU_0	95.23	0	1.58	0	0	1.58	1.58	0	0	0
1428557656155551366	CPU_0	100.00	0	0	0	0	0	0	0	0	0
1428557656779870105	CPU_0	98.38	0	0	0	0	1.61	0	0	0	0
1428557657410823453	CPU_0	98.43	0	0	0	0	1.56	0	0	0	0
1428557658035671275	CPU_0	95.23	0	1.58	0	0	1.58	1.58	0	0	0
1428557658659547224	CPU_0	100.00	0	0	0	0	0	0	0	0	0
1428557659287587079	CPU_0	96.77	0	1.61	0	0	1.61	0	0	0	0
1428557659917868554	CPU_0	96.87	0	0	0	0	1.56	1.56	0	0	0
1428557660542708667	CPU_0	98.38	0	0	0	0	1.61	0	0	0	0
1428557661166903741	CPU_0	100.00	0	0	0	0	0	0	0	0	0
1428557661791353689	CPU_0	98.38	0	0	0	0	1.61	0	0	0	0
1428557662415679804	CPU_0	96.87	0	0	0	0	1.56	1.56	0	0	0
1428557663047319317	CPU_0	96.82	0	1.58	0	0	1.58	0	0	0	0
1428557663671709682	CPU_0	96.77	0	1.61	0	0	1.61	0	0	0	0
1428557664295845048	CPU_0	96.77	0	0	0	0	3.22	0	0	0	0
1428557664921111869	CPU_0	93.65	0	3.17	0	0	1.58	1.58	0	0	0
1428557665552979799	CPU_0	98.41	0	0	0	0	1.58	0	0	0	0
1428557666178243287	CPU_0	95.23	0	3.17	0	0	1.58	0	0	0	0
1428557666802271903	CPU_0	98.38	0	0	0	0	0	1.61	0	0	0
1428557667427730141	CPU_0	98.38	0	0	0	0	1.61	0	0	0	0
1428557668059666737	CPU_0	96.87	0	1.56	0	0	1.56	0	0	0	0
1428557668685043642	CPU_0	100.00	0	0	0	0	0	0	0	0	0
1428557669310465130	CPU_0	95.23	0	1.58	0	0	1.58	1.58	0	0	0
1428557669936362533	CPU_0	98.41	0	0	0	0	1.58	0	0	0	0
1428557670568273172	CPU_0	96.82	0	1.58	0	0	1.58	0	0	0	0
1428557671196166862	CPU_0	100.00	0	0	0	0	0	0	0	0	0
1428557671820931811	CPU_0	96.82	0	0	0	0	1.58	1.58	0	0	0
1428557672446441924	CPU_0	98.41	0	0	0	0	1.58	0	0	0	0
1428557673071919204	CPU_0	98.38	0	1.61	0	0	0	0	0	0	0
1428557673704643341	CPU_0	98.41	0	0	0	0	1.58	0	0	0	0
1428557674329607497	CPU_0	95.31	0	1.56	0	0	1.56	1.56	0	0	0
1428557674954865736	CPU_0	98.38	0	0	0	0	1.61	0	0	0	0
1428557675580909015	CPU_0	98.38	0	1.61	0	0	0	0	0	0	0
1428557676212899029	CPU_0	98.41	0	0	0	0	1.58	0	0	0	0
1428557676838199976	CPU_0	96.82	0	0	0	0	1.58	1.58	0	0	0
1428557677463557465	CPU_0	98.38	0	1.61	0	0	0	0	0	0	0
1428557678089430370	CPU_0	98.38	0	0	0	0	1.61	0	0	0	0
1428557678720804511	CPU_0	96.87	0	1.56	0	0	1.56	0	0	0	0
1428557679346113250	CPU_0	95.23	0	1.58	0	0	1.58	1.58	0	0	0
1428557679971333990	CPU_0	98.38	0	0	0	0	1.61	0	0	0	0
1428557680597603393	CPU_0	100.00	0	0	0	0	0	0	0	0	0
1428557681229378034	CPU_0	96.87	0	0	0	0	1.56	1.56	0	0	0
1428557681856946726	CPU_0	96.82	0	1.58	0	0	1.58	0	0	0	0
1428557682481921591	CPU_0	100.00	0	0	0	0	0	0	0	0	0
1428557683107632497	CPU_0	98.38	0	0	0	0	1.61	0	0	0	0
1428557683733667818	CPU_0	96.82	0	0	0	0	1.58	1.58	0	0	0
1428557684364883502	CPU_0	98.43	0	1.56	0	0	0	0	0	0	0
1428557684990942448	CPU_0	98.38	0	0	0	0	1.61	0	0	0	0
1428557685616003064	CPU_0	98.41	0	0	0	0	1.58	0	0	0	0
1428557686241518887	CPU_0	98.38	0	0	0	0	0	1.61	0	0	0
1428557686872928362	CPU_0	98.41	0	0	0	0	1.58	0	0	0	0
1428557687498110519	CPU_0	95.23	0	3.17	0	0	1.58	0	0	0	0
1428557688122999136	CPU_0	98.38	0	0	0	0	1.61	0	0	0	0
1428557688748369251	CPU_0	98.38	0	0	0	0	0	1.61	0	0	0
1428557689381959388	CPU_0	96.87	0	1.56	0	0	1.56	0	0	0	0
1428557690007449128	CPU_0	96.77	0	1.61	0	0	1.61	0	0	0	0
1428557690632652368	CPU_0	98.41	0	0	0	0	1.58	0	0	0	0
1428557691257883568	CPU_0	96.82	0	1.58	0	0	0	1.58	0	0	0
1428557691881934020	CPU_0	98.38	0	0	0	0	1.61	0	0	0	0
1428557692512796830	CPU_0	98.41	0	0	0	0	1.58	0	0	0	0
1428557693137765197	CPU_0	96.82	0	1.58	0	0	1.58	0	0	0	0
1428557693763072521	CPU_0	98.38	0	0	0	0	0	1.61	0	0	0
1428557694387103390	CPU_0	96.77	0	1.61	0	0	1.61	0	0	0	0
1428557695018751532	CPU_0	98.41	0	0	0	0	1.58	0	0	0	0
1428557695643989524	CPU_0	96.87	0	1.56	0	0	0	1.56	0	0	0
1428557696269276140	CPU_0	98.38	0	0	0	0	1.61	0	0	0	0
1428557696893899258	CPU_0	98.38	0	0	0	0	1.61	0	0	0	0
1428557697525553775	CPU_0	96.87	0	1.56	0	0	1.56	0	0	0	0
1428557698150874642	CPU_0	98.38	0	0	0	0	0	1.61	0	0	0
1428557698776029342	CPU_0	96.82	0	1.58	0	0	1.58	0	0	0	0
1428557699401995249	CPU_0	98.38	0	0	0	0	1.61	0	0	0	0
1428557700034009140	CPU_0	100.00	0	0	0	0	0	0	0	0	0
1428557700659280007	CPU_0	96.82	0	0	0	0	1.58	1.58	0	0	0
1428557701284213958	CPU_0	96.82	0	1.58	0	0	1.58	0	0	0	0
1428557701909188118	CPU_0	98.38	0	0	0	0	1.61	0	0	0	0
1428557702534962692	CPU_0	100.00	0	0	0	0	0	0	0	0	0
1428557703165862920	CPU_0	96.87	0	0	0	0	1.56	1.56	0	0	0
1428557703791611911	CPU_0	96.82	0	1.58	0	0	1.58	0	0	0	0
1428557704417019819	CPU_0	100.00	0	0	0	0	0	0	0	0	0
1428557705043522600	CPU_0	98.38	0	0	0	0	1.61	0	0	0	0
1428557705675092244	CPU_0	95.38	0	1.53	0	0	1.53	1.53	0	0	0
1428557706301021234	CPU_0	98.38	0	0	0	0	1.61	0	0	0	0
1428557706926364060	CPU_0	100.00	0	0	0	0	0	0	0	0	0
1428557707553003716	CPU_0	96.82	0	1.58	0	0	1.58	0	0	0	0
1428557708184784692	CPU_0	95.31	0	1.56	0	0	1.56	1.56	0	0	0
1428557708810265518	CPU_0	100.00	0	0	0	0	0	0	0	0	0
1428557709435670469	CPU_0	96.77	0	1.61	0	0	1.61	0	0	0	0
1428557710062509499	CPU_0	96.82	0	1.58	0	0	1.58	0	0	0	0
1428557710694343143	CPU_0	98.41	0	0	0	0	0	1.58	0	0	0
1428557711320841008	CPU_0	96.82	0	1.58	0	0	1.58	0	0	0	0
1428557711946317459	CPU_0	98.41	0	0	0	0	1.58	0	0	0	0
1428557712573236156	CPU_0	96.82	0	0	0	0	1.58	1.58	0	0	0
1428557713199759396	CPU_0	100.00	0	0	0	0	0	0	0	0	0
1428557713830233043	CPU_0	98.41	0	0	0	0	1.58	0	0	0	0
1428557714456024577	CPU_0	98.41	0	0	0	0	1.58	0	0	0	0
1428557715082515484	CPU_0	98.38	0	0	0	0	0	1.61	0	0	0
1428557715708552434	CPU_0	96.82	0	1.58	0	0	1.58	0	0	0	0
1428557716341231617	CPU_0	96.82	0	1.58	0	0	1.58	0	0	0	0
1428557716967419400	CPU_0	98.38	0	0	0	0	1.61	0	0	0	0
1428557717594151599	CPU_0	96.87	0	1.56	0	0	0	1.56	0	0	0
1428557718219367551	CPU_0	98.38	0	0	0	0	1.61	0	0	0	0
1428557718851440319	CPU_0	96.82	0	1.58	0	0	1.58	0	0	0	0
1428557719477456187	CPU_0	98.41	0	0	0	0	1.58	0	0	0	0
1428557720103833178	CPU_0	96.77	0	1.61	0	0	0	1.61	0	0	0
1428557720729748545	CPU_0	98.41	0	0	0	0	1.58	0	0	0	0
1428557721361815772	CPU_0	98.41	0	0	0	0	1.58	0	0	0	0
1428557721987791015	CPU_0	98.41	0	0	0	0	1.58	0	0	0	0
1428557722614264006	CPU_0	98.38	0	0	0	0	0	1.61	0	0	0
1428557723239730833	CPU_0	98.41	0	0	0	0	1.58	0	0	0	0
1428557723871326062	CPU_0	98.41	0	0	0	0	1.58	0	0	0	0
1428557724500094006	CPU_0	98.41	0	0	0	0	1.58	0	0	0	0
1428557725126167290	CPU_0	96.82	0	1.58	0	0	0	1.58	0	0	0
1428557725751715409	CPU_0	98.41	0	0	0	0	1.58	0	0	0	0
1428557726377870985	CPU_0	96.77	0	1.61	0	0	1.61	0	0	0	0
1428557727010014379	CPU_0	100.00	0	0	0	0	0	0	0	0	0
1428557727636328330	CPU_0	96.82	0	0	0	0	1.58	1.58	0	0	0
1428557728262113698	CPU_0	98.38	0	0	0	0	1.61	0	0	0	0
1428557728887674109	CPU_0	98.38	0	1.61	0	0	0	0	0	0	0
1428557729521775082	CPU_0	95.31	0	1.56	0	0	1.56	1.56	0	0	0
1428557730147549159	CPU_0	96.82	0	1.58	0	0	1.58	0	0	0	0
1428557730773014446	CPU_0	98.38	0	0	0	0	1.61	0	0	0	0
1428557731399352063	CPU_0	96.82	0	3.17	0	0	0	0	0	0	0
1428557732031986082	CPU_0	96.82	0	0	0	0	1.58	1.58	0	0	0
1428557732659087448	CPU_0	96.87	0	1.56	0	0	1.56	0	0	0	0
1428557733285140400	CPU_0	100.00	0	0	0	0	0	0	0	0	0
1428557733910411353	CPU_0	98.38	0	0	0	0	1.61	0	0	0	0
1428557734543337622	CPU_0	96.87	0	0	0	0	1.56	1.56	0	0	0
1428557735169877906	CPU_0	96.87	0	1.56	0	0	1.56	0	0	0	0
1428557735795159901	CPU_0	100.00	0	0	0	0	0	0	0	0	0
1428557736420531855	CPU_0	96.82	0	1.58	0	0	1.58	0	0	0	0
1428557737045727018	CPU_0	96.82	0	0	0	0	1.58	1.58	0	0	0
1428557737678273287	CPU_0	96.82	0	1.58	0	0	1.58	0	0	0	0
1428557738303694575	CPU_0	100.00	0	0	0	0	0	0	0	0	0
1428557738929642194	CPU_0	98.41	0	0	0	0	1.58	0	0	0	0
1428557739554499691	CPU_0	95.23	0	1.58	0	0	1.58	1.58	0	0	0
1428557740186992169	CPU_0	98.41	0	0	0	0	1.58	0	0	0	0
1428557740812136666	CPU_0	100.00	0	0	0	0	0	0	0	0	0
1428557741437214371	CPU_0	96.82	0	1.58	0	0	1.58	0	0	0	0
1428557742062497534	CPU_0	96.82	0	0	0	0	1.58	1.58	0	0	0
1428557742695564386	CPU_0	100.00	0	0	0	0	0	0	0	0	0
1428557743321452048	CPU_0	96.82	0	1.58	0	0	1.58	0	0	0	0
1428557743947146460	CPU_0	98.38	0	0	0	0	1.61	0	0	0	0
1428557744573295621	CPU_0	96.82	0	1.58	0	0	0	1.58	0	0	0
1428557745205223893	CPU_0	98.41	0	0	0	0	1.58	0	0	0	0
1428557745830663306	CPU_0	98.41	0	0	0	0	1.58	0	0	0	0
1428557746456016594	CPU_0	96.82	0	0	0	0	1.58	1.58	0	0	0
1428557747081391549	CPU_0	100.00	0	0	0	0	0	0	0	0	0
1428557747708449625	CPU_0	96.82	0	1.58	0	0	1.58	0	0	0	0
1428557748341067562	CPU_0	98.41	0	0	0	0	1.58	0	0	0	0
1428557748967634348	CPU_0	98.38	0	0	0	0	0	1.61	0	0	0
1428557749594536216	CPU_0	96.87	0	1.56	0	0	1.56	0	0	0	0
1428557750221348085	CPU_0	98.38	0	0	0	0	1.61	0	0	0	0
1428557750852858233	CPU_0	98.41	0	0	0	0	1.58	0	0	0	0
1428557751479064937	CPU_0	98.41	0	0	0	0	0	1.58	0	0	0
1428557752104803391	CPU_0	98.41	0	0	0	0	1.58	0	0	0	0
1428557752731464260	CPU_0	95.16	0	3.22	0	0	1.61	0	0	0	0
1428557753363239867	CPU_0	100.00	0	0	0	0	0	0	0	0	0
1428557753989299529	CPU_0	96.87	0	0	0	0	1.56	1.56	0	0	0
1428557754616416481	CPU_0	96.82	0	1.58	0	0	1.58	0	0	0	0
1428557755242479268	CPU_0	98.38	0	0	0	0	1.61	0	0	0	0
1428557755875373747	CPU_0	93.75	0	3.12	0	0	1.56	1.56	0	0	0
1428557756500849370	CPU_0	98.38	0	1.61	0	0	0	0	0	0	0
1428557757126981532	CPU_0	98.38	0	0	0	0	1.61	0	0	0	0
1428557757752013322	CPU_0	98.41	0	0	0	0	1.58	0	0	0	0
1428557758382900890	CPU_0	98.41	0	0	0	0	0	1.58	0	0	0
1428557759010593674	CPU_0	96.82	0	1.58	0	0	1.58	0	0	0	0
1428557759642075282	CPU_0	96.82	0	1.58	0	0	1.58	0	0	0	0
1428557760266989531	CPU_0	98.38	0	0	0	0	1.61	0	0	0	0
1428557760892412362	CPU_0	95.31	0	1.56	0	0	1.56	1.56	0	0	0
1428557761524230303	CPU_0	100.00	0	0	0	0	0	0	0	0	0
1428557762150206592	CPU_0	96.77	0	1.61	0	0	1.61	0	0	0	0
1428557762775674548	CPU_0	98.38	0	0	0	0	1.61	0	0	0	0
1428557763401535462	CPU_0	96.82	0	0	0	0	1.58	1.58	0	0	0
1428557764034295984	CPU_0	98.43	0	1.56	0	0	0	0	0	0	0
1428557764660768938	CPU_0	98.38	0	0	0	0	1.61	0	0	0	0
1428557765285959520	CPU_0	98.38	0	0	0	0	1.61	0	0	0	0
1428557765911186019	CPU_0	96.82	0	1.58	0	0	0	1.58	0	0	0
1428557766542902419	CPU_0	98.41	0	0	0	0	1.58	0	0	0	0
1428557767168582542	CPU_0	96.82	0	1.58	0	0	1.58	0	0	0	0
1428557767794133124	CPU_0	95.23	0	1.58	0	0	1.58	1.58	0	0	0
1428557768419549206	CPU_0	100.00	0	0	0	0	0	0	0	0	0
1428557769054316724	CPU_0	98.41	0	0	0	0	1.58	0	0	0	0
1428557769681063803	CPU_0	96.82	0	1.58	0	0	1.58	0	0	0	0
1428557770307043884	CPU_0	96.82	0	0	0	0	1.58	1.58	0	0	0
1428557770932582883	CPU_0	100.00	0	0	0	0	0	0	0	0	0
1428557771557985674	CPU_0	98.38	0	0	0	0	1.61	0	0	0	0
1428557772190503405	CPU_0	96.87	0	1.56	0	0	1.56	0	0	0	0
1428557772815741822	CPU_0	95.23	0	0	0	0	3.17	1.58	0	0	0
1428557773441110988	CPU_0	96.77	0	0	0	0	3.22	0	0	0	0
1428557774066794278	CPU_0	93.54	0	4.83	0	0	1.61	0	0	0	0
1428557774700880507	CPU_0	95.38	0	1.53	0	0	1.53	1.53	0	0	0
1428557775326417256	CPU_0	100.00	0	0	0	0	0	0	0	0	0
1428557775952993419	CPU_0	96.82	0	1.58	0	0	1.58	0	0	0	0
1428557776579139834	CPU_0	98.41	0	0	0	0	1.58	0	0	0	0
1428557777212393564	CPU_0	96.82	0	0	0	0	1.58	1.58	0	0	0
1428557777837804606	CPU_0	98.41	0	1.58	0	0	0	0	0	0	0
1428557778463298356	CPU_0	98.36	0	0	0	0	1.63	0	0	0	0
1428557779089631395	CPU_0	96.87	0	1.56	0	0	1.56	0	0	0	0
1428557779723066417	CPU_0	95.23	0	1.58	0	0	1.58	1.58	0	0	0
1428557780351985117	CPU_0	98.41	0	1.58	0	0	0	0	0	0	0
1428557780977413701	CPU_0	98.38	0	0	0	0	1.61	0	0	0	0
1428557781604541613	CPU_0	98.41	0	0	0	0	1.58	0	0	0	0
1428557782230935486	CPU_0	96.82	0	1.58	0	0	0	1.58	0	0	0
1428557782864635966	CPU_0	98.41	0	0	0	0	1.58	0	0	0	0
1428557783490552965	CPU_0	96.77	0	1.61	0	0	1.61	0	0	0	0
1428557784116529048	CPU_0	93.65	0	1.58	0	0	3.17	1.58	0	0	0
1428557784743906044	CPU_0	95.23	0	1.58	0	0	3.17	0	0	0	0
1428557785377122900	CPU_0	98.41	0	1.58	0	0	0	0	0	0	0
1428557786003261149	CPU_0	98.38	0	0	0	0	1.61	0	0	0	0
1428557786629244024	CPU_0	96.87	0	0	0	0	1.56	1.56	0	0	0
1428557787255881855	CPU_0	96.77	0	1.61	0	0	1.61	0	0	0	0
1428557787889034295	CPU_0	100.00	0	0	0	0	0	0	0	0	0
1428557788514869670	CPU_0	95.31	0	1.56	0	0	1.56	1.56	0	0	0
1428557789141367710	CPU_0	98.38	0	0	0	0	1.61	0	0	0	0
1428557789768528207	CPU_0	96.77	0	1.61	0	0	1.61	0	0	0	0
1428557790401773189	CPU_0	100.00	0	0	0	0	0	0	0	0	0
1428557791027765856	CPU_0	96.82	0	0	0	0	1.58	1.58	0	0	0
1428557791655734476	CPU_0	98.43	0	0	0	0	1.56	0	0	0	0
1428557792282516849	CPU_0	98.38	0	1.61	0	0	0	0	0	0	0
1428557792911590841	CPU_0	98.41	0	0	0	0	1.58	0	0	0	0
1428557793542585829	CPU_0	96.87	0	0	0	0	1.56	1.56	0	0	0
1428557794170302450	CPU_0	98.38	0	0	0	0	1.61	0	0	0	0
1428557794798231987	CPU_0	98.38	0	1.61	0	0	0	0	0	0	0
1428557795425956317	CPU_0	96.87	0	1.56	0	0	1.56	0	0	0	0
1428557796059330216	CPU_0	95.31	0	1.56	0	0	1.56	1.56	0	0	0
1428557796688277667	CPU_0	100.00	0	0	0	0	0	0	0	0	0
1428557797315540123	CPU_0	98.38	0	0	0	0	1.61	0	0	0	0
1428557797943267119	CPU_0	98.41	0	0	0	0	1.58	0	0	0	0
1428557798576526185	CPU_0	98.41	0	0	0	0	0	1.58	0	0	0
1428557799206314260	CPU_0	96.82	0	1.58	0	0	1.58	0	0	0	0
1428557799833144426	CPU_0	98.38	0	0	0	0	1.61	0	0	0	0
1428557800461114505	CPU_0	96.87	0	0	0	0	1.56	1.56	0	0	0
1428557801094405071	CPU_0	98.41	0	1.58	0	0	0	0	0	0	0
1428557801723215690	CPU_0	98.38	0	0	0	0	1.61	0	0	0	0
1428557802350162273	CPU_0	96.87	0	1.56	0	0	1.56	0	0	0	0
1428557802978101436	CPU_0	96.82	0	0	0	0	1.58	1.58	0	0	0
1428557803611386002	CPU_0	100.00	0	0	0	0	0	0	0	0	0
1428557804240645537	CPU_0	98.38	0	0	0	0	1.61	0	0	0	0
1428557804867245204	CPU_0	96.87	0	1.56	0	0	1.56	0	0	0	0
1428557805495062951	CPU_0	96.82	0	1.58	0	0	0	1.58	0	0	0
1428557806131471718	CPU_0	98.38	0	0	0	0	1.61	0	0	0	0
1428557806760097505	CPU_0	96.87	0	1.56	0	0	1.56	0	0	0	0
1428557807387474128	CPU_0	96.82	0	1.58	0	0	1.58	0	0	0	0
1428557808015431333	CPU_0	98.41	0	0	0	0	0	1.58	0	0	0
1428557808642373499	CPU_0	96.82	0	1.58	0	0	1.58	0	0	0	0
1428557809276229065	CPU_0	98.38	0	0	0	0	1.61	0	0	0	0
1428557809903213481	CPU_0	98.41	0	1.58	0	0	0	0	0	0	0
1428557810530036690	CPU_0	96.82	0	0	0	0	1.58	1.58	0	0	0
1428557811156674399	CPU_0	96.82	0	1.58	0	0	1.58	0	0	0	0
1428557811791752128	CPU_0	100.00	0	0	0	0	0	0	0	0	0
1428557812419546418	CPU_0	96.82	0	1.58	0	0	1.58	0	0	0	0
1428557813046555417	CPU_0	96.82	0	0	0	0	1.58	1.58	0	0	0
1428557813673661542	CPU_0	98.38	0	0	0	0	1.61	0	0	0	0
1428557814308410773	CPU_0	100.00	0	0	0	0	0	0	0	0	0
1428557814935862813	CPU_0	96.82	0	1.58	0	0	1.58	0	0	0	0
1428557815563464104	CPU_0	96.87	0	0	0	0	1.56	1.56	0	0	0
1428557816190657312	CPU_0	100.00	0	0	0	0	0	0	0	0	0
1428557816825394376	CPU_0	98.41	0	0	0	0	1.58	0	0	0	0
1428557817452430126	CPU_0	93.75	0	3.12	0	0	1.56	1.56	0	0	0
1428557818079736001	CPU_0	98.38	0	0	0	0	1.61	0	0	0	0
1428557818706489044	CPU_0	98.38	0	1.61	0	0	0	0	0	0	0
1428557819340268444	CPU_0	96.87	0	1.56	0	0	1.56	0	0	0	0
1428557819967772360	CPU_0	95.23	0	1.58	0	0	1.58	1.58	0	0	0
1428557820594724861	CPU_0	100.00	0	0	0	0	0	0	0	0	0
1428557821222018736	CPU_0	96.77	0	1.61	0	0	1.61	0	0	0	0
1428557821851782521	CPU_0	96.87	0	1.56	0	0	1.56	0	0	0	0
1428557822483375302	CPU_0	96.82	0	0	0	0	1.58	1.58	0	0	0
1428557823110978385	CPU_0	100.00	0	0	0	0	0	0	0	0	0
1428557823738713926	CPU_0	98.38	0	0	0	0	1.61	0	0	0	0
1428557824366800008	CPU_0	98.41	0	0	0	0	1.58	0	0	0	0
1428557824999975868	CPU_0	98.43	0	0	0	0	0	1.56	0	0	0
1428557825627300410	CPU_0	98.38	0	0	0	0	1.61	0	0	0	0
1428557826255106701	CPU_0	96.87	0	1.56	0	0	1.56	0	0	0	0
1428557826882682743	CPU_0	100.00	0	0	0	0	0	0	0	0	0
1428557827517043018	CPU_0	96.82	0	0	0	0	1.58	1.58	0	0	0
1428557828145546182	CPU_0	98.43	0	0	0	0	1.56	0	0	0	0
1428557828774402471	CPU_0	96.82	0	1.58	0	0	1.58	0	0	0	0
1428557829402560803	CPU_0	100.00	0	0	0	0	0	0	0	0	0
1428557830036600495	CPU_0	96.87	0	0	0	0	1.56	1.56	0	0	0
1428557830665013702	CPU_0	98.41	0	0	0	0	1.58	0	0	0	0
1428557831293945032	CPU_0	100.00	0	0	0	0	0	0	0	0	0
1428557831921900532	CPU_0	98.41	0	0	0	0	1.58	0	0	0	0
1428557832555979516	CPU_0	95.38	0	1.53	0	0	1.53	1.53	0	0	0
1428557833183733308	CPU_0	96.77	0	1.61	0	0	1.61	0	0	0	0
1428557833812452097	CPU_0	100.00	0	0	0	0	0	0	0	0	0
1428557834440531555	CPU_0	96.82	0	0	0	0	1.58	1.58	0	0	0
1428557835074463290	CPU_0	98.43	0	0	0	0	1.56	0	0	0	0
1428557835702672289	CPU_0	98.38	0	1.61	0	0	0	0	0	0	0
1428557836331042747	CPU_0	98.38	0	0	0	0	1.61	0	0	0	0
1428557836959011372	CPU_0	96.87	0	0	0	0	1.56	1.56	0	0	0
1428557837588301743	CPU_0	95.23	0	3.17	0	0	1.58	0	0	0	0
1428557838221306439	CPU_0	100.00	0	0	0	0	0	0	0	0	0
1428557838850107396	CPU_0	96.82	0	1.58	0	0	1.58	0	0	0	0
1428557839478074479	CPU_0	95.23	0	1.58	0	0	1.58	1.58	0	0	0
1428557840105997022	CPU_0	100.00	0	0	0	0	0	0	0	0	0
1428557840740383256	CPU_0	98.41	0	0	0	0	1.58	0	0	0	0
1428557841369071421	CPU_0	98.41	0	0	0	0	1.58	0	0	0	0
1428557841996930214	CPU_0	96.82	0	0	0	0	1.58	1.58	0	0	0
1428557842624839923	CPU_0	98.41	0	1.58	0	0	0	0	0	0	0
1428557843259984656	CPU_0	96.82	0	1.58	0	0	1.58	0	0	0	0
1428557843889476528	CPU_0	98.41	0	0	0	0	1.58	0	0	0	0
1428557844518150819	CPU_0	98.38	0	0	0	0	0	1.61	0	0	0
1428557845146602818	CPU_0	95.31	0	1.56	0	0	3.12	0	0	0	0
1428557845782367133	CPU_0	100.00	0	0	0	0	0	0	0	0	0
1428557846409803927	CPU_0	98.38	0	0	0	0	1.61	0	0	0	0
1428557847038578010	CPU_0	95.31	0	1.56	0	0	1.56	1.56	0	0	0
1428557847666007512	CPU_0	98.38	0	0	0	0	1.61	0	0	0	0
1428557848302020994	CPU_0	98.43	0	1.56	0	0	0	0	0	0	0
1428557848929532746	CPU_0	96.82	0	0	0	0	1.58	1.58	0	0	0
1428557849557983996	CPU_0	96.82	0	1.58	0	0	1.58	0	0	0	0
1428557850186330580	CPU_0	100.00	0	0	0	0	0	0	0	0	0
1428557850821688563	CPU_0	98.43	0	0	0	0	1.56	0	0	0	0
1428557851449461649	CPU_0	96.87	0	0	0	0	1.56	1.56	0	0	0
1428557852078076982	CPU_0	100.00	0	0	0	0	0	0	0	0	0
1428557852705719276	CPU_0	96.82	0	1.58	0	0	1.58	0	0	0	0
1428557853342368465	CPU_0	96.87	0	1.56	0	0	1.56	0	0	0	0
1428557853970234675	CPU_0	98.41	0	0	0	0	0	1.58	0	0	0
1428557854599103008	CPU_0	96.82	0	1.58	0	0	1.58	0	0	0	0
1428557855227268676	CPU_0	98.38	0	0	0	0	1.61	0	0	0	0
1428557855856902382	CPU_0	98.41	0	0	0	0	1.58	0	0	0	0
1428557856489662914	CPU_0	96.87	0	0	0	0	1.56	1.56	0	0	0
1428557857118104332	CPU_0	100.00	0	0	0	0	0	0	0	0	0
1428557857746469292	CPU_0	96.87	0	1.56	0	0	1.56	0	0	0	0
1428557858375675541	CPU_0	98.41	0	0	0	0	1.58	0	0	0	0
1428557859009530279	CPU_0	98.41	0	0	0	0	0	1.58	0	0	0
1428557859638459904	CPU_0	96.82	0	1.58	0	0	1.58	0	0	0	0
1428557860267457945	CPU_0	96.82	0	1.58	0	0	1.58	0	0	0	0
1428557860897781484	CPU_0	98.38	0	1.61	0	0	0	0	0	0	0
1428557861532702344	CPU_0	96.87	0	0	0	0	1.56	1.56	0	0	0
1428557862161495595	CPU_0	98.43	0	0	0	0	1.56	0	0	0	0
1428557862790332095	CPU_0	98.38	0	0	0	0	1.61	0	0	0	0
1428557863420160677	CPU_0	98.38	0	1.61	0	0	0	0	0	0	0
1428557864054461373	CPU_0	96.92	0	0	0	0	1.53	1.53	0	0	0
1428557864682877583	CPU_0	96.77	0	1.61	0	0	1.61	0	0	0	0
1428557865311004669	CPU_0	100.00	0	0	0	0	0	0	0	0	0
1428557865939780795	CPU_0	96.87	0	0	0	0	1.56	1.56	0	0	0
1428557866573409492	CPU_0	98.41	0	0	0	0	1.58	0	0	0	0
1428557867201992077	CPU_0	100.00	0	0	0	0	0	0	0	0	0
1428557867831288119	CPU_0	98.41	0	0	0	0	1.58	0	0	0	0
1428557868460230412	CPU_0	96.87	0	0	0	0	1.56	1.56	0	0	0
1428557869094270650	CPU_0	96.87	0	1.56	0	0	1.56	0	0	0	0
1428557869723008860	CPU_0	98.38	0	1.61	0	0	0	0	0	0	0
1428557870351755362	CPU_0	98.38	0	0	0	0	1.61	0	0	0	0
1428557870980221406	CPU_0	96.87	0	0	0	0	1.56	1.56	0	0	0
1428557871616795847	CPU_0	98.43	0	1.56	0	0	0	0	0	0	0
1428557872245494432	CPU_0	98.38	0	0	0	0	1.61	0	0	0	0
1428557872874211267	CPU_0	96.87	0	1.56	0	0	1.56	0	0	0	0
1428557873502612645	CPU_0	96.77	0	0	0	0	1.61	1.61	0	0	0
1428557874131038731	CPU_0	98.41	0	1.58	0	0	0	0	0	0	0
1428557874765473344	CPU_0	98.41	0	0	0	0	1.58	0	0	0	0
1428557875394768095	CPU_0	96.87	0	1.56	0	0	1.56	0	0	0	0
1428557876023525847	CPU_0	96.77	0	1.61	0	0	0	1.61	0	0	0
1428557876652095975	CPU_0	98.41	0	0	0	0	1.58	0	0	0	0
1428557877287674336	CPU_0	98.43	0	0	0	0	1.56	0	0	0	0
1428557877916636963	CPU_0	98.41	0	0	0	0	1.58	0	0	0	0
1428557878545168091	CPU_0	98.38	0	0	0	0	0	1.61	0	0	0
1428557879173293970	CPU_0	98.41	0	0	0	0	1.58	0	0	0	0
1428557879808660456	CPU_0	96.87	0	1.56	0	0	1.56	0	0	0	0
1428557880437675583	CPU_0	98.41	0	0	0	0	0	1.58	0	0	0
1428557881065889420	CPU_0	98.38	0	0	0	0	1.61	0	0	0	0
1428557881693915467	CPU_0	95.31	0	3.12	0	0	1.56	0	0	0	0
1428557882329732494	CPU_0	96.82	0	1.58	0	0	1.58	0	0	0	0
1428557882957858457	CPU_0	98.38	0	0	0	0	0	1.61	0	0	0
1428557883586447002	CPU_0	96.87	0	1.56	0	0	1.56	0	0	0	0
1428557884213914341	CPU_0	96.77	0	1.61	0	0	1.61	0	0	0	0
1428557884850498117	CPU_0	98.43	0	1.56	0	0	0	0	0	0	0
1428557885478595664	CPU_0	96.82	0	0	0	0	1.58	1.58	0	0	0
1428557886107418042	CPU_0	98.41	0	0	0	0	1.58	0	0	0	0
1428557886735314839	CPU_0	98.38	0	0	0	0	1.61	0	0	0	0
1428557887371947490	CPU_0	98.41	0	1.58	0	0	0	0	0	0	0
1428557888000351327	CPU_0	96.87	0	0	0	0	1.56	1.56	0	0	0
1428557888629464247	CPU_0	98.41	0	0	0	0	1.58	0	0	0	0
1428557889257717835	CPU_0	100.00	0	0	0	0	0	0	0	0	0
1428557889895525233	CPU_0	96.87	0	1.56	0	0	1.56	0	0	0	0
1428557890524367611	CPU_0	96.87	0	0	0	0	1.56	1.56	0	0	0
1428557891152944657	CPU_0	98.38	0	1.61	0	0	0	0	0	0	0
1428557891781687078	CPU_0	98.41	0	0	0	0	1.58	0	0	0	0
1428557892413491241	CPU_0	96.82	0	1.58	0	0	1.58	0	0	0	0
1428557893047265858	CPU_0	96.87	0	0	0	0	1.56	1.56	0	0	0
1428557893676233028	CPU_0	100.00	0	0	0	0	0	0	0	0	0
1428557894305435031	CPU_0	98.41	0	0	0	0	1.58	0	0	0	0
1428557894935479990	CPU_0	96.87	0	1.56	0	0	1.56	0	0	0	0
1428557895571326894	CPU_0	96.82	0	0	0	0	1.58	1.58	0	0	0
1428557896200596522	CPU_0	98.41	0	1.58	0	0	0	0	0	0	0
1428557896830042525	CPU_0	96.82	0	1.58	0	0	1.58	0	0	0	0
1428557897459699277	CPU_0	96.82	0	0	0	0	1.58	1.58	0	0	0
1428557898094906807	CPU_0	100.00	0	0	0	0	0	0	0	0	0
1428557898724330727	CPU_0	96.82	0	1.58	0	0	1.58	0	0	0	0
1428557899354176021	CPU_0	98.41	0	0	0	0	1.58	0	0	0	0
1428557899982670359	CPU_0	98.41	0	0	0	0	0	1.58	0	0	0
1428557900618519597	CPU_0	98.41	0	0	0	0	1.58	0	0	0	0
1428557901246669103	CPU_0	96.82	0	1.58	0	0	1.58	0	0	0	0
1428557901876406314	CPU_0	98.41	0	0	0	0	1.58	0	0	0	0
1428557902504528821	CPU_0	96.82	0	1.58	0	0	0	1.58	0	0	0
1428557903140861057	CPU_0	96.87	0	1.56	0	0	1.56	0	0	0	0
1428557903769753895	CPU_0	96.82	0	1.58	0	0	1.58	0	0	0	0
1428557904399469065	CPU_0	96.82	0	0	0	0	3.17	0	0	0	0
1428557905027823154	CPU_0	95.23	0	0	0	0	3.17	1.58	0	0	0
1428557905663685726	CPU_0	100.00	0	0	0	0	0	0	0	0	0
1428557906292120690	CPU_0	96.87	0	1.56	0	0	1.56	0	0	0	0
1428557906922133651	CPU_0	96.82	0	0	0	0	1.58	1.58	0	0	0
1428557907551008281	CPU_0	96.87	0	1.56	0	0	1.56	0	0	0	0
1428557908186222354	CPU_0	100.00	0	0	0	0	0	0	0	0	0
1428557908815809525	CPU_0	98.41	0	0	0	0	1.58	0	0	0	0
1428557909446038068	CPU_0	95.31	0	1.56	0	0	1.56	1.56	0	0	0
1428557910075411073	CPU_0	98.41	0	0	0	0	1.58	0	0	0	0
1428557910711954726	CPU_0	98.41	0	1.58	0	0	0	0	0	0	0
1428557911340405191	CPU_0	98.38	0	0	0	0	1.61	0	0	0	0
1428557911970185861	CPU_0	96.87	0	0	0	0	1.56	1.56	0	0	0
1428557912598931951	CPU_0	98.41	0	1.58	0	0	0	0	0	0	0
1428557913228280247	CPU_0	96.77	0	1.61	0	0	1.61	0	0	0	0
1428557913861837908	CPU_0	98.43	0	0	0	0	1.56	0	0	0	0
1428557914490534581	CPU_0	95.31	0	1.56	0	0	1.56	1.56	0	0	0
1428557915119129005	CPU_0	100.00	0	0	0	0	0	0	0	0	0
1428557915747750012	CPU_0	96.77	0	1.61	0	0	1.61	0	0	0	0
1428557916383352043	CPU_0	96.92	0	0	0	0	1.53	1.53	0	0	0
1428557917011194343	CPU_0	100.00	0	0	0	0	0	0	0	0	0
1428557917639795309	CPU_0	98.38	0	0	0	0	1.61	0	0	0	0
1428557918267644443	CPU_0	96.87	0	1.56	0	0	1.56	0	0	0	0
1428557918904126222	CPU_0	96.87	0	0	0	0	1.56	1.56	0	0	0
1428557919532052231	CPU_0	100.00	0	0	0	0	0	0	0	0	0
1428557920160867779	CPU_0	79.03	0	0	19.35	0	1.61	0	0	0	0
1428557920788084498	CPU_0	0	0	1.58	98.41	0	0	0	0	0	0
