#Timestamp	CPU(0) Frequency(MHz)	CPU(0) Temperature(C)	A7 Voltage(V)	A7 Current(A)	A7 Power(W)	CPU(4) Frequency(MHz)	CPU(4) Temperature(C)	A15 Voltage(V)	A15 Current(A)	A15 Power(W)	GPU Frequency(MHz)	GPU Temperature(C)	GPU Voltage(V)	GPU Current(A)	GPU Power(W)	RAM Voltage(V)	RAM Current(A)	RAM Power(W)
1418759053130460533	1300 68 1.200000 0.148000 0.180000 2000 53 1.200000 1.448000 1.872000 600 55 0.900000 0.087000 0.086000 1.200000 0.095000 0.115000
1418759053647511640	1300 69 1.200000 0.074000 0.090000 2000 55 1.300000 1.853000 2.460000 600 56 0.900000 0.089000 0.088000 1.200000 0.062000 0.075000
1418759054167167614	1300 69 1.200000 0.079000 0.096000 2000 55 1.300000 1.869000 2.482000 600 57 0.900000 0.091000 0.090000 1.200000 0.056000 0.068000
1418759054684816177	1300 71 1.200000 0.083000 0.101000 2000 56 1.300000 1.768000 2.347000 600 58 0.900000 0.092000 0.091000 1.200000 0.062000 0.075000
1418759055207624642	1300 71 1.200000 0.084000 0.102000 2000 56 1.300000 1.853000 2.464000 600 58 0.900000 0.093000 0.092000 1.200000 0.063000 0.076000
1418759055741711617	1300 71 1.200000 0.176000 0.215000 2000 57 1.300000 1.887000 2.505000 600 59 0.900000 0.094000 0.093000 1.200000 0.078000 0.095000
1418759056262546754	1300 73 1.200000 0.094000 0.115000 2000 57 1.300000 1.753000 2.327000 600 59 0.900000 0.095000 0.094000 1.200000 0.065000 0.079000
1418759056784696346	1300 70 1.200000 0.078000 0.095000 2000 57 1.300000 1.891000 2.515000 600 59 0.900000 0.095000 0.094000 1.200000 0.056000 0.068000
1418759057300097874	1300 73 1.200000 0.080000 0.098000 2000 58 1.300000 1.892000 2.516000 600 59 0.900000 0.096000 0.095000 1.200000 0.063000 0.076000
1418759057832517270	1300 73 1.200000 0.085000 0.104000 2000 58 1.300000 1.753000 2.327000 600 59 0.900000 0.095000 0.094000 1.200000 0.059000 0.071000
1418759058347961881	1300 71 1.200000 0.078000 0.095000 2000 58 1.300000 1.900000 2.523000 600 60 0.900000 0.096000 0.095000 1.200000 0.058000 0.070000
1418759058872574008	1300 74 1.200000 0.157000 0.192000 2000 58 1.300000 1.764000 2.342000 600 60 0.900000 0.096000 0.095000 1.200000 0.069000 0.084000
1418759059392353606	1300 73 1.200000 0.082000 0.100000 2000 58 1.300000 1.911000 2.537000 600 60 0.900000 0.096000 0.095000 1.200000 0.061000 0.074000
1418759059914630406	1300 71 1.200000 0.078000 0.095000 2000 58 1.300000 1.868000 2.480000 600 60 0.900000 0.096000 0.095000 1.200000 0.056000 0.068000
1418759060437602162	1300 73 1.200000 0.094000 0.115000 2000 58 1.300000 1.794000 2.382000 600 60 0.900000 0.096000 0.095000 1.200000 0.065000 0.079000
1418759060955400725	1300 72 1.200000 0.094000 0.115000 2000 58 1.300000 1.882000 2.503000 600 60 0.900000 0.096000 0.095000 1.200000 0.059000 0.071000
1418759061478856813	1300 73 1.200000 0.076000 0.093000 2000 58 1.300000 1.848000 2.454000 600 60 0.900000 0.096000 0.095000 1.200000 0.055000 0.066000
1418759061997566998	1300 73 1.200000 0.085000 0.104000 2000 58 1.300000 1.768000 2.347000 600 60 0.900000 0.096000 0.095000 1.200000 0.063000 0.076000
1418759062520372130	1300 72 1.200000 0.085000 0.104000 2000 58 1.300000 1.892000 2.516000 600 60 0.900000 0.096000 0.095000 1.200000 0.056000 0.068000
1418759063040538894	1300 74 1.200000 0.087000 0.106000 2000 58 1.300000 1.836000 2.438000 600 60 0.900000 0.096000 0.095000 1.200000 0.062000 0.075000
1418759063557412918	1300 73 1.200000 0.157000 0.192000 2000 58 1.300000 1.787000 2.373000 600 60 0.900000 0.096000 0.095000 1.200000 0.070000 0.085000
1418759064082555501	1300 69 1.200000 0.078000 0.095000 2000 57 1.300000 1.807000 2.399000 600 60 0.900000 0.096000 0.095000 1.200000 0.075000 0.091000
1418759064600728104	1300 70 1.200000 0.099000 0.121000 2000 57 1.300000 1.716000 2.278000 600 60 0.900000 0.096000 0.095000 1.200000 0.089000 0.108000
1418759065117699211	1300 69 1.200000 0.092000 0.112000 2000 57 1.300000 1.671000 2.217000 600 59 0.900000 0.095000 0.094000 1.200000 0.085000 0.103000
1418759065635659231	1300 69 1.200000 0.142000 0.173000 2000 57 1.300000 1.758000 2.334000 600 59 0.900000 0.095000 0.094000 1.200000 0.112000 0.136000
1418759066157735782	1300 69 1.200000 0.109000 0.133000 2000 57 1.300000 1.702000 2.260000 600 59 0.900000 0.095000 0.094000 1.200000 0.092000 0.112000
1418759066672645353	1300 67 1.200000 0.078000 0.095000 2000 56 1.300000 1.715000 2.277000 600 59 0.900000 0.095000 0.094000 1.200000 0.087000 0.106000
1418759067195629567	1300 68 1.200000 0.098000 0.120000 2000 57 1.300000 1.754000 2.329000 600 59 0.900000 0.094000 0.093000 1.200000 0.081000 0.098000
1418759067712749590	1300 69 1.200000 0.085000 0.104000 2000 56 1.300000 1.679000 2.228000 600 59 0.900000 0.094000 0.093000 1.200000 0.092000 0.112000
1418759068235551097	1300 67 1.200000 0.075000 0.091000 2000 56 1.300000 1.770000 2.350000 600 59 0.900000 0.094000 0.093000 1.200000 0.083000 0.101000
1418759068752704078	1300 69 1.200000 0.081000 0.099000 2000 56 1.300000 1.711000 2.270000 600 59 0.900000 0.094000 0.093000 1.200000 0.090000 0.109000
1418759069272635801	1300 67 1.200000 0.086000 0.105000 2000 56 1.300000 1.761000 2.338000 600 59 0.900000 0.093000 0.092000 1.200000 0.082000 0.100000
1418759069794585768	1300 68 1.200000 0.076000 0.093000 2000 56 1.300000 1.763000 2.339000 600 59 0.900000 0.093000 0.092000 1.200000 0.087000 0.106000
1418759070317699191	1300 68 1.200000 0.079000 0.096000 2000 56 1.300000 1.605000 2.129000 600 59 0.900000 0.093000 0.092000 1.200000 0.090000 0.109000
1418759070837527706	1300 67 1.200000 0.078000 0.095000 2000 56 1.300000 1.755000 2.330000 600 58 0.900000 0.093000 0.092000 1.200000 0.089000 0.108000
1418759071360719086	1300 68 1.200000 0.078000 0.095000 2000 56 1.300000 1.633000 2.166000 600 58 0.900000 0.093000 0.092000 1.200000 0.080000 0.097000
1418759071875598157	1300 67 1.200000 0.082000 0.100000 2000 56 1.300000 1.744000 2.316000 600 58 0.900000 0.093000 0.092000 1.200000 0.089000 0.108000
1418759072395617796	1300 67 1.200000 0.078000 0.095000 2000 55 1.300000 1.710000 2.270000 600 58 0.900000 0.093000 0.092000 1.200000 0.086000 0.104000
1418759072912682944	1300 67 1.200000 0.083000 0.101000 2000 55 1.300000 1.658000 2.200000 600 58 0.900000 0.092000 0.091000 1.200000 0.097000 0.118000
1418759073434820120	1300 66 1.200000 0.081000 0.099000 2000 55 1.300000 1.749000 2.322000 600 58 0.900000 0.092000 0.091000 1.200000 0.088000 0.107000
1418759073969124968	1300 66 1.200000 0.075000 0.091000 2000 55 1.300000 1.722000 2.286000 600 58 0.900000 0.092000 0.091000 1.200000 0.089000 0.108000
1418759074487662779	1300 68 1.200000 0.076000 0.093000 2000 55 1.300000 1.648000 2.188000 600 58 0.900000 0.092000 0.091000 1.200000 0.085000 0.103000
1418759075010741701	1300 66 1.200000 0.076000 0.093000 2000 55 1.300000 1.754000 2.329000 600 57 0.900000 0.091000 0.090000 1.200000 0.088000 0.107000
1418759075532660252	1300 67 1.200000 0.083000 0.101000 2000 55 1.300000 1.680000 2.231000 600 57 0.900000 0.091000 0.090000 1.200000 0.086000 0.104000
1418759076052676141	1300 68 1.200000 0.075000 0.091000 2000 55 1.300000 1.691000 2.243000 600 57 0.900000 0.091000 0.090000 1.200000 0.085000 0.103000
1418759076565687717	1300 65 1.200000 0.079000 0.096000 2000 55 1.300000 1.731000 2.298000 600 57 0.900000 0.091000 0.090000 1.200000 0.086000 0.104000
1418759077082719490	1300 67 1.200000 0.085000 0.104000 2000 55 1.300000 1.659000 2.203000 600 57 0.900000 0.091000 0.090000 1.200000 0.100000 0.122000
1418759077608872946	1300 66 1.200000 0.076000 0.093000 2000 55 1.300000 1.669000 2.216000 600 57 0.900000 0.091000 0.090000 1.200000 0.085000 0.103000
1418759078127683588	1300 67 1.200000 0.079000 0.096000 2000 55 1.300000 1.759000 2.334000 600 57 0.900000 0.091000 0.090000 1.200000 0.087000 0.106000
1418759078645687317	1300 65 1.200000 0.083000 0.101000 2000 54 1.300000 1.744000 2.316000 600 57 0.900000 0.091000 0.090000 1.200000 0.085000 0.103000
1418759079161308594	1300 64 1.200000 0.094000 0.115000 2000 54 1.300000 1.617000 2.145000 600 56 0.900000 0.091000 0.090000 1.200000 0.079000 0.096000
1418759079676986829	1300 63 1.200000 0.102000 0.124000 2000 54 1.300000 1.510000 2.003000 600 56 0.900000 0.090000 0.089000 1.200000 0.073000 0.088000
1418759080196424345	1300 63 1.200000 0.096000 0.117000 2000 53 1.300000 1.482000 1.966000 600 56 0.900000 0.089000 0.088000 1.200000 0.068000 0.082000
1418759080711253624	1300 63 1.200000 0.092000 0.112000 2000 53 1.300000 1.453000 1.926000 600 56 0.900000 0.089000 0.088000 1.200000 0.067000 0.081000
1418759081221998374	1300 57 1.200000 0.091000 0.111000 2000 53 1.300000 1.485000 1.970000 600 55 0.900000 0.089000 0.088000 1.200000 0.066000 0.080000
1418759081728142761	1300 54 1.200000 0.079000 0.096000 2000 51 1.300000 0.988000 1.309000 600 54 0.900000 0.088000 0.087000 1.200000 0.062000 0.075000
