#Timestamp	CPU_ID	user%	nice%	sys%	idle%	iowait%	irq%	softiq%	steal%	guest%	guest_nice%
1419753125898964671	CPU_4	84.74	0	15.25	0	0	0	0	0	0	
1419753126798799352	CPU_4	95.55	0	4.44	0	0	0	0	0	0	
1419753127748836168	CPU_4	93.68	0	6.31	0	0	0	0	0	0	
1419753128688823882	CPU_4	94.68	0	5.31	0	0	0	0	0	0	
1419753129608818058	CPU_4	93.54	0	6.45	0	0	0	0	0	0	
1419753130558804624	CPU_4	95.74	0	4.25	0	0	0	0	0	0	
1419753131488819361	CPU_4	94.62	0	5.37	0	0	0	0	0	0	
1419753132448942529	CPU_4	93.40	0	5.49	0	0	1.09	0	0	0	
1419753133378795141	CPU_4	94.84	0	5.15	0	0	0	0	0	0	
1419753134298814443	CPU_4	93.54	0	5.37	0	0	1.07	0	0	0	
1419753135188782313	CPU_4	95.50	0	4.49	0	0	0	0	0	0	
1419753136088873869	CPU_4	93.33	0	5.55	0	0	1.11	0	0	0	
1419753136983806853	CPU_4	94.31	0	5.68	0	0	0	0	0	0	
1419753137888824606	CPU_4	94.56	0	4.34	0	0	1.08	0	0	0	
1419753138773900154	CPU_4	94.25	0	5.74	0	0	0	0	0	0	
1419753139678924698	CPU_4	94.56	0	4.34	0	0	1.08	0	0	0	
1419753140598874542	CPU_4	93.25	0	5.61	0	0	1.12	0	0	0	
1419753141503875461	CPU_4	95.69	0	4.30	0	0	0	0	0	0	
1419753142424177637	CPU_4	90.32	0	8.60	0	0	1.07	0	0	0	
1419753143374208078	CPU_4	91.48	0	8.51	0	0	0	0	0	0	
1419753144333793372	CPU_4	91.57	0	7.36	0	0	1.05	0	0	0	
1419753145279164865	CPU_4	88.54	0	10.41	0	0	1.04	0	0	0	
1419753146224166484	CPU_4	90.42	0	9.57	0	0	0	0	0	0	
1419753147164161698	CPU_4	92.55	0	6.38	0	0	1.06	0	0	0	
1419753148134165884	CPU_4	87.75	0	11.22	0	0	1.02	0	0	0	
1419753149074089515	CPU_4	92.47	0	7.52	0	0	0	0	0	0	
1419753150024272830	CPU_4	89.47	0	9.47	0	0	1.05	0	0	0	
1419753150974237021	CPU_4	90.62	0	8.33	0	0	1.04	0	0	0	
1419753151924202837	CPU_4	93.61	0	6.38	0	0	0	0	0	0	
1419753152879216100	CPU_4	88.54	0	10.41	0	0	1.04	0	0	0	
1419753153816589653	CPU_4	90.32	0	8.60	0	0	1.07	0	0	0	
1419753154764189058	CPU_4	90.52	0	9.47	0	0	0	0	0	0	
1419753155714206582	CPU_4	86.31	0	12.63	0	0	1.05	0	0	0	
1419753156659153243	CPU_4	88.42	0	10.52	0	0	1.05	0	0	0	
1419753157614238714	CPU_4	90.21	0	9.78	0	0	0	0	0	0	
1419753158684196921	CPU_4	91.81	0	7.27	0	0	.90	0	0	0	
1419753159669312239	CPU_4	66.66	0	29.29	0	3.03	1.01	0	0	0	
1419753160669364565	CPU_4	55.10	0	39.79	0	4.08	1.02	0	0	0	
1419753161624253078	CPU_4	47.42	0	50.51	0	1.03	1.03	0	0	0	
1419753162577374012	CPU_4	40.62	0	41.66	0	16.66	1.04	0	0	0	
1419753163542757376	CPU_4	42.10	0	35.78	0	21.05	1.05	0	0	0	
1419753164524338244	CPU_4	47.42	0	34.02	0	17.52	1.03	0	0	0	
1419753165464214291	CPU_4	56.38	0	39.36	0	4.25	0	0	0	0	
1419753166399292100	CPU_4	49.46	0	48.38	0	1.07	1.07	0	0	0	
1419753167349343374	CPU_4	46.31	0	52.63	0	0	1.05	0	0	0	
1419753168324337966	CPU_4	50.51	0	47.42	0	1.03	1.03	0	0	0	
1419753169259324400	CPU_4	54.25	0	38.29	0	6.38	1.06	0	0	0	
1419753170209401049	CPU_4	54.16	0	40.62	0	4.16	1.04	0	0	0	
1419753171104300408	CPU_4	48.88	0	43.33	0	6.66	1.11	0	0	0	
1419753172074294845	CPU_4	51.57	0	37.89	0	10.52	0	0	0	0	
1419753173054371341	CPU_4	45.91	0	43.87	0	9.18	1.02	0	0	0	
1419753173994344847	CPU_4	52.12	0	37.23	0	9.57	1.06	0	0	0	
1419753174907397748	CPU_4	31.52	0	31.52	0	35.86	1.08	0	0	0	
1419753175619988734	CPU_4	1.36	0	19.17	0	79.45	0	0	0	0	
1419753176462230923	CPU_4	37.97	0	41.77	0	20.25	0	0	0	0	
1419753177339283782	CPU_4	47.12	0	45.97	0	5.74	1.14	0	0	0	
1419753178266848566	CPU_4	38.54	0	41.66	0	18.75	1.04	0	0	0	
1419753179014293847	CPU_4	31.50	0	39.72	0	28.76	0	0	0	0	
1419753179974299682	CPU_4	52.63	0	46.31	0	0	1.05	0	0	0	
1419753180919307551	CPU_4	51.54	0	45.36	1.03	1.03	1.03	0	0	0	
1419753181884361957	CPU_4	57.29	0	41.66	0	0	1.04	0	0	0	
1419753182829323201	CPU_4	72.34	0	26.59	0	0	1.06	0	0	0	
1419753183769284707	CPU_4	73.68	0	25.26	0	0	1.05	0	0	0	
1419753184724327886	CPU_4	75.26	0	24.73	0	0	0	0	0	0	
1419753185664345434	CPU_4	71.87	0	27.08	0	0	1.04	0	0	0	
1419753186609348386	CPU_4	73.68	0	25.26	0	0	1.05	0	0	0	
1419753187564307399	CPU_4	71.27	0	27.65	0	0	1.06	0	0	0	
1419753188509331684	CPU_4	74.73	0	25.26	0	0	0	0	0	0	
1419753189434304433	CPU_4	73.91	0	25.00	0	0	1.08	0	0	0	
1419753190384747456	CPU_4	71.87	0	27.08	0	0	1.04	0	0	0	
1419753191349339197	CPU_4	72.16	0	26.80	0	0	1.03	0	0	0	
1419753192284370922	CPU_4	73.11	0	25.80	0	0	1.07	0	0	0	
1419753193229290500	CPU_4	73.40	0	26.59	0	0	0	0	0	0	
1419753194174924117	CPU_4	76.59	0	22.34	0	0	1.06	0	0	0	
1419753195114293291	CPU_4	73.68	0	25.26	0	0	1.05	0	0	0	
1419753196064318940	CPU_4	76.59	0	22.34	0	0	1.06	0	0	0	
1419753197013957673	CPU_4	73.68	0	26.31	0	0	0	0	0	0	
1419753198010854173	CPU_4	49.01	0	6.86	0	43.13	.98	0	0	0	
1419753198743963238	CPU_4	39.72	0	17.80	0	42.46	0	0	0	0	
1419753199683931368	CPU_4	91.48	0	7.44	0	0	1.06	0	0	0	
1419753200613935897	CPU_4	92.47	0	7.52	0	0	0	0	0	0	
1419753201548921164	CPU_4	91.39	0	7.52	0	0	1.07	0	0	0	
1419753202494199782	CPU_4	90.52	0	9.47	0	0	0	0	0	0	
1419753203429181966	CPU_4	90.42	0	8.51	0	0	1.06	0	0	0	
1419753204349167893	CPU_4	90.21	0	8.69	0	0	1.08	0	0	0	
1419753205274004058	CPU_4	92.39	0	7.60	0	0	0	0	0	0	
1419753206213984522	CPU_4	89.47	0	9.47	0	0	1.05	0	0	0	
1419753207158925933	CPU_4	92.47	0	7.52	0	0	0	0	0	0	
1419753208094019075	CPU_4	91.57	0	7.36	0	0	1.05	0	0	0	
1419753209034248496	CPU_4	80.85	0	19.14	0	0	0	0	0	0	
1419753209974339585	CPU_4	81.91	0	15.95	0	0	1.06	1.06	0	0	
1419753210914382924	CPU_4	88.29	0	10.63	0	0	1.06	0	0	0	
1419753211874454675	CPU_4	86.31	0	12.63	0	0	1.05	0	0	0	
1419753212824275075	CPU_4	82.29	0	15.62	0	0	1.04	1.04	0	0	
1419753213774477223	CPU_4	83.15	0	15.78	0	0	1.05	0	0	0	
1419753214719388801	CPU_4	78.72	0	19.14	0	0	1.06	1.06	0	0	
1419753215664418878	CPU_4	80.85	0	17.02	1.06	0	1.06	0	0	0	
1419753216604294009	CPU_4	84.04	0	14.89	0	0	0	1.06	0	0	
1419753217549352378	CPU_4	81.91	0	17.02	0	0	1.06	0	0	0	
1419753218509312713	CPU_4	81.05	0	17.89	0	0	1.05	0	0	0	
1419753219434400836	CPU_4	82.97	0	14.89	0	0	1.06	1.06	0	0	
1419753220399413534	CPU_4	84.94	0	13.97	0	0	1.07	0	0	0	
1419753221579328905	CPU_4	88.42	0	9.91	0	0	.82	.82	0	0	
1419753222554417205	CPU_4	86.59	0	12.37	0	0	1.03	0	0	0	
1419753223559355352	CPU_4	80.20	0	17.70	0	0	1.04	1.04	0	0	
1419753224457407788	CPU_4	52.57	0	11.34	1.03	34.02	1.03	0	0	0	
1419753225234393001	CPU_4	57.14	0	20.77	0	20.77	0	1.29	0	0	
1419753226184414942	CPU_4	85.10	0	13.82	0	0	1.06	0	0	0	
1419753227124274031	CPU_4	82.97	0	15.95	0	0	1.06	0	0	0	
1419753228064446037	CPU_4	85.10	0	12.76	0	0	1.06	1.06	0	0	
1419753228994394232	CPU_4	83.87	0	15.05	0	0	1.07	0	0	0	
1419753229964387169	CPU_4	81.63	0	16.32	0	0	1.02	1.02	0	0	
1419753230914326568	CPU_4	79.78	0	19.14	0	0	1.06	0	0	0	
1419753231869470955	CPU_4	79.16	0	19.79	0	0	0	1.04	0	0	
1419753232819419646	CPU_4	82.10	0	16.84	0	0	1.05	0	0	0	
1419753233804457048	CPU_4	72.44	0	26.53	0	0	1.02	0	0	0	
1419753234809550363	CPU_4	84.00	0	14.00	0	0	1.00	1.00	0	0	
1419753235774388061	CPU_4	86.59	0	12.37	0	0	1.03	0	0	0	
1419753236744465331	CPU_4	84.53	0	13.40	0	0	1.03	1.03	0	0	
1419753237699483968	CPU_4	83.15	0	15.78	0	0	1.05	0	0	0	
1419753238654268982	CPU_4	87.50	0	10.41	0	0	1.04	1.04	0	0	
1419753239594488112	CPU_4	85.10	0	13.82	0	0	1.06	0	0	0	
1419753240539535856	CPU_4	85.41	0	12.50	0	0	1.04	1.04	0	0	
1419753241489334339	CPU_4	83.15	0	15.78	0	0	1.05	0	0	0	
1419753242444469976	CPU_4	88.42	0	10.52	0	0	1.05	0	0	0	
1419753243369362016	CPU_4	88.04	0	10.86	0	0	0	1.08	0	0	
1419753244304412700	CPU_4	89.24	0	9.67	0	0	1.07	0	0	0	
1419753245234345895	CPU_4	86.17	0	11.70	0	0	1.06	1.06	0	0	
1419753246184448461	CPU_4	86.17	0	12.76	0	0	1.06	0	0	0	
1419753247129425080	CPU_4	86.31	0	11.57	0	0	1.05	1.05	0	0	
1419753248064371097	CPU_4	86.17	0	12.76	0	0	1.06	0	0	0	
1419753248994517542	CPU_4	84.94	0	13.97	0	0	1.07	0	0	0	
1419753249926613233	CPU_4	42.55	0	14.89	0	41.48	0	1.06	0	0	
1419753250701635242	CPU_4	18.42	0	17.10	0	63.15	1.31	0	0	0	
1419753251562744888	CPU_4	24.39	0	17.07	0	58.53	0	0	0	0	
1419753252437655335	CPU_4	27.58	0	16.09	0	54.02	1.14	1.14	0	0	
1419753253348966364	CPU_4	32.96	0	13.18	0	52.74	1.09	0	0	0	
1419753254231501669	CPU_4	60.67	0	19.10	0	20.22	0	0	0	0	
1419753255197410656	CPU_4	43.61	0	15.95	0	38.29	1.06	1.06	0	0	
1419753256016883189	CPU_4	35.71	0	19.04	0	45.23	0	0	0	0	
1419753256997743434	CPU_4	63.91	0	20.61	0	14.43	1.03	0	0	0	
1419753257952166365	CPU_4	60.41	0	23.95	0	13.54	1.04	1.04	0	0	
1419753258911358076	CPU_4	64.51	0	21.50	0	12.90	1.07	0	0	0	
1419753259879076143	CPU_4	62.24	0	21.42	0	15.30	0	1.02	0	0	
1419753260841295972	CPU_4	63.15	0	21.05	0	14.73	1.05	0	0	0	
1419753261787258756	CPU_4	67.36	0	18.94	0	12.63	1.05	0	0	0	
1419753262750916874	CPU_4	63.54	0	20.83	0	13.54	1.04	1.04	0	0	
1419753263726142673	CPU_4	64.94	0	20.61	0	14.43	0	0	0	0	
1419753264685450051	CPU_4	67.01	0	18.55	0	12.37	1.03	1.03	0	0	
1419753265655786945	CPU_4	70.21	0	15.95	0	12.76	1.06	0	0	0	
1419753266610326251	CPU_4	65.65	0	18.18	0	14.14	1.01	1.01	0	0	
1419753267547266597	CPU_4	62.76	0	24.46	0	12.76	0	0	0	0	
1419753268516187036	CPU_4	68.36	0	18.36	0	12.24	1.02	0	0	0	
1419753269492401083	CPU_4	64.64	0	18.18	0	15.15	1.01	1.01	0	0	
1419753270456020743	CPU_4	62.10	0	24.21	0	13.68	0	0	0	0	
1419753271409003843	CPU_4	63.82	0	21.27	0	12.76	1.06	1.06	0	0	
1419753272324729655	CPU_4	26.31	0	25.26	0	47.36	1.05	0	0	0	
1419753273105770901	CPU_4	7.89	0	23.68	0	67.10	1.31	0	0	0	
1419753273863324576	CPU_4	10.66	0	22.66	0	66.66	0	0	0	0	
1419753274654668173	CPU_4	15.85	0	31.70	0	50.00	1.21	1.21	0	0	
1419753275461819234	CPU_4	16.25	0	32.50	0	50.00	1.25	0	0	0	
1419753276301585970	CPU_4	16.04	0	30.86	0	51.85	1.23	0	0	0	
1419753277113105438	CPU_4	11.53	0	37.17	0	51.28	0	0	0	0	
1419753277925548236	CPU_4	13.41	0	34.14	0	50.00	1.21	1.21	0	0	
1419753278732290423	CPU_4	16.04	0	33.33	0	49.38	1.23	0	0	0	
1419753279550759292	CPU_4	14.63	0	35.36	0	48.78	1.21	0	0	0	
1419753280376153186	CPU_4	16.27	0	31.39	0	50.00	1.16	1.16	0	0	
1419753281196978840	CPU_4	9.52	0	28.57	1.19	59.52	1.19	0	0	0	
1419753281981536662	CPU_4	9.21	0	31.57	0	59.21	0	0	0	0	
1419753282777046041	CPU_4	9.87	0	32.09	0	56.79	1.23	0	0	0	
1419753283633288656	CPU_4	6.17	0	30.86	0	60.49	1.23	1.23	0	0	
1419753284408262541	CPU_4	7.22	0	27.71	0	65.06	0	0	0	0	
1419753285191666281	CPU_4	2.56	0	16.66	0	80.76	0	0	0	0	
1419753285944939133	CPU_4	6.94	0	18.05	1.38	72.22	1.38	0	0	0	
1419753286717572356	CPU_4	7.69	0	24.35	0	66.66	1.28	0	0	0	
1419753287483660553	CPU_4	9.21	0	25.00	0	64.47	0	1.31	0	0	
1419753288296729809	CPU_4	11.53	0	34.61	0	52.56	1.28	0	0	0	
1419753289110199314	CPU_4	18.98	0	29.11	0	50.63	1.26	0	0	0	
1419753289943073024	CPU_4	13.58	0	34.56	0	50.61	1.23	0	0	0	
1419753290754850325	CPU_4	13.25	0	36.14	0	49.39	0	1.20	0	0	
1419753291561667928	CPU_4	10.25	0	37.17	0	51.28	1.28	0	0	0	
1419753292407643775	CPU_4	20.48	0	27.71	0	50.60	1.20	0	0	0	
1419753293215464084	CPU_4	14.28	0	32.46	0	51.94	1.29	0	0	0	
1419753294046082049	CPU_4	11.90	0	36.90	0	48.80	1.19	1.19	0	0	
1419753294934618090	CPU_4	12.94	0	32.94	0	52.94	1.17	0	0	0	
1419753295746310516	CPU_4	18.07	0	30.12	0	50.60	1.20	0	0	0	
1419753296565146633	CPU_4	14.81	0	33.33	0	49.38	1.23	1.23	0	0	
1419753297380218051	CPU_4	12.65	0	36.70	0	50.63	0	0	0	0	
1419753298205480445	CPU_4	16.04	0	32.09	0	50.61	1.23	0	0	0	
1419753299016298248	CPU_4	14.63	0	35.36	0	48.78	1.21	0	0	0	
1419753299826138094	CPU_4	14.11	0	36.47	0	47.05	1.17	1.17	0	0	
1419753300651261739	CPU_4	11.25	0	36.25	0	51.25	1.25	0	0	0	
1419753301465981907	CPU_4	17.07	0	31.70	0	50.00	1.21	0	0	0	
1419753302280788784	CPU_4	18.51	0	32.09	0	49.38	0	0	0	0	
1419753303084918894	CPU_4	19.27	0	30.12	0	48.19	1.20	1.20	0	0	
1419753303924781504	CPU_4	15.85	0	32.92	0	50.00	1.21	0	0	0	
1419753304736633513	CPU_4	17.28	0	30.86	0	50.61	1.23	0	0	0	
1419753305616909656	CPU_4	17.28	0	30.86	0	50.61	1.23	0	0	0	
1419753306419944476	CPU_4	13.09	0	32.14	2.38	50.00	1.19	1.19	0	0	
1419753307236270266	CPU_4	10.58	0	38.82	0	49.41	1.17	0	0	0	
1419753308053860428	CPU_4	13.25	0	37.34	0	48.19	1.20	0	0	0	
1419753308867892140	CPU_4	17.28	0	33.33	0	48.14	0	1.23	0	0	
1419753309692271328	CPU_4	15.47	0	34.52	0	48.80	1.19	0	0	0	
1419753310529852111	CPU_4	18.29	0	30.48	0	50.00	1.21	0	0	0	
1419753311363645069	CPU_4	14.28	0	33.33	0	51.19	1.19	0	0	0	
1419753312184210349	CPU_4	12.94	0	36.47	0	48.23	1.17	1.17	0	0	
1419753312993699904	CPU_4	15.18	0	32.91	0	50.63	1.26	0	0	0	
1419753313820135088	CPU_4	11.25	0	37.50	0	50.00	1.25	0	0	0	
1419753314613814430	CPU_4	16.45	0	32.91	0	50.63	0	0	0	0	
1419753315450673047	CPU_4	14.45	0	33.73	0	49.39	1.20	1.20	0	0	
1419753316273817280	CPU_4	12.19	0	36.58	1.21	48.78	1.21	0	0	0	
1419753317099125174	CPU_4	10.00	0	37.50	0	51.25	1.25	0	0	0	
1419753317928743475	CPU_4	15.00	0	32.50	0	51.25	1.25	0	0	0	
1419753318740048693	CPU_4	17.07	0	31.70	0	48.78	1.21	1.21	0	0	
1419753319570290909	CPU_4	11.25	0	35.00	0	52.50	1.25	0	0	0	
1419753320392009687	CPU_4	12.19	0	37.80	0	50.00	0	0	0	0	
1419753321218018413	CPU_4	14.11	0	30.58	0	54.11	1.17	0	0	0	
1419753321947668944	CPU_4	2.66	0	17.33	0	78.66	0	1.33	0	0	
1419753322768130766	CPU_4	16.04	0	32.09	0	50.61	1.23	0	0	0	
1419753323586250843	CPU_4	13.75	0	35.00	0	50.00	1.25	0	0	0	
1419753324401350886	CPU_4	20.00	0	28.75	0	50.00	1.25	0	0	0	
1419753325228500984	CPU_4	15.85	0	32.92	0	48.78	1.21	1.21	0	0	
1419753326043834068	CPU_4	21.25	0	27.50	0	51.25	0	0	0	0	
1419753326864231599	CPU_4	11.90	0	39.28	0	47.61	1.19	0	0	0	
1419753327678193894	CPU_4	13.25	0	36.14	0	48.19	1.20	1.20	0	0	
1419753328497596968	CPU_4	14.45	0	34.93	0	49.39	1.20	0	0	0	
1419753329339373158	CPU_4	16.66	0	34.52	0	47.61	1.19	0	0	0	
1419753330149388213	CPU_4	10.84	0	37.34	0	50.60	1.20	0	0	0	
1419753330981553258	CPU_4	18.29	0	30.48	0	50.00	0	1.21	0	0	
1419753331792065686	CPU_4	17.94	0	29.48	0	51.28	1.28	0	0	0	
1419753332618776369	CPU_4	16.86	0	32.53	0	49.39	1.20	0	0	0	
1419753333453686532	CPU_4	13.41	0	36.58	0	48.78	1.21	0	0	0	
1419753334266315497	CPU_4	12.34	0	35.80	0	49.38	1.23	1.23	0	0	
1419753335088909190	CPU_4	16.04	0	32.09	0	50.61	1.23	0	0	0	
1419753335900538949	CPU_4	14.28	0	32.46	1.29	51.94	0	0	0	0	
1419753336733853866	CPU_4	16.04	0	32.09	0	50.61	1.23	0	0	0	
1419753337557627139	CPU_4	14.10	0	32.05	0	51.28	1.28	1.28	0	0	
1419753338375136634	CPU_4	17.44	0	34.88	0	46.51	1.16	0	0	0	
1419753339203916479	CPU_4	15.66	0	33.73	0	49.39	1.20	0	0	0	
1419753340015601155	CPU_4	15.00	0	33.75	0	50.00	1.25	0	0	0	
1419753340861563835	CPU_4	14.45	0	33.73	0	50.60	0	1.20	0	0	
1419753341668367855	CPU_4	13.41	0	36.58	0	48.78	1.21	0	0	0	
1419753342496457534	CPU_4	13.41	0	36.58	0	48.78	1.21	0	0	0	
1419753343324734505	CPU_4	18.07	0	30.12	0	49.39	1.20	1.20	0	0	
1419753344142369834	CPU_4	13.41	0	36.58	0	48.78	1.21	0	0	0	
1419753344983193692	CPU_4	15.29	0	35.29	0	48.23	1.17	0	0	0	
1419753345805415010	CPU_4	15.66	0	32.53	1.20	49.39	1.20	0	0	0	
1419753346678470461	CPU_4	9.75	0	37.80	0	50.00	1.21	1.21	0	0	
1419753347482508404	CPU_4	12.64	0	34.48	0	52.87	0	0	0	0	
1419753348335855359	CPU_4	15.11	0	31.39	0	52.32	1.16	0	0	0	
1419753349203406531	CPU_4	10.46	0	37.20	0	51.16	1.16	0	0	0	
1419753350084644005	CPU_4	11.76	0	34.11	0	51.76	1.17	1.17	0	0	
1419753350899476965	CPU_4	13.25	0	36.14	0	49.39	1.20	0	0	0	
1419753351730587013	CPU_4	11.11	0	37.03	0	50.61	1.23	0	0	0	
1419753352545501931	CPU_4	11.90	0	39.28	0	47.61	0	1.19	0	0	
1419753353367544749	CPU_4	14.63	0	34.14	0	50.00	1.21	0	0	0	
1419753354179755674	CPU_4	16.25	0	32.50	0	50.00	1.25	0	0	0	
1419753355001815200	CPU_4	12.34	0	37.03	0	49.38	1.23	0	0	0	
1419753355841172562	CPU_4	16.86	0	31.32	0	49.39	1.20	1.20	0	0	
1419753356647254709	CPU_4	14.81	0	34.56	0	49.38	1.23	0	0	0	
1419753357486915029	CPU_4	22.22	0	33.33	0	43.20	1.23	0	0	0	
1419753358343806767	CPU_4	29.06	0	29.06	0	40.69	0	1.16	0	0	
1419753359233636721	CPU_4	26.43	0	31.03	0	41.37	1.14	0	0	0	
1419753360129037163	CPU_4	23.59	0	34.83	0	40.44	1.12	0	0	0	
1419753360990522890	CPU_4	25.58	0	31.39	1.16	40.69	1.16	0	0	0	
1419753361887987994	CPU_4	28.57	0	26.19	0	42.85	1.19	1.19	0	0	
1419753362788973464	CPU_4	29.06	0	29.06	0	41.86	0	0	0	0	
1419753363683159450	CPU_4	24.41	0	32.55	0	41.86	1.16	0	0	0	
1419753364542698890	CPU_4	21.42	0	32.14	0	44.04	1.19	1.19	0	0	
1419753365438629456	CPU_4	24.13	0	32.18	0	42.52	1.14	0	0	0	
1419753366334156397	CPU_4	24.44	0	34.44	0	40.00	1.11	0	0	0	
1419753367207674972	CPU_4	23.52	0	32.94	0	42.35	0	1.17	0	0	
1419753368093383352	CPU_4	21.83	0	35.63	0	41.37	1.14	0	0	0	
1419753368963197894	CPU_4	24.09	0	32.53	0	42.16	1.20	0	0	0	
1419753369837173843	CPU_4	26.19	0	29.76	0	42.85	1.19	0	0	0	
1419753370705079389	CPU_4	18.60	0	23.25	0	56.97	0	1.16	0	0	
1419753371665976847	CPU_4	15.78	0	23.15	1.05	58.94	1.05	0	0	0	
1419753372543577454	CPU_4	23.25	0	34.88	0	40.69	1.16	0	0	0	
1419753373445437797	CPU_4	13.33	0	20.00	0	66.66	0	0	0	0	
1419753374327951352	CPU_4	25.84	0	32.58	0	39.32	1.12	1.12	0	0	
1419753375213704190	CPU_4	24.71	0	33.70	0	40.44	1.12	0	0	0	
1419753376105421057	CPU_4	22.72	0	35.22	0	40.90	1.13	0	0	0	
1419753376982456166	CPU_4	26.43	0	31.03	0	40.22	1.14	1.14	0	0	
1419753377877126150	CPU_4	27.27	0	30.68	0	40.90	1.13	0	0	0	
1419753378745809028	CPU_4	24.41	0	32.55	0	43.02	0	0	0	0	
1419753379646265416	CPU_4	20.87	0	36.26	0	40.65	1.09	1.09	0	0	
1419753380534014542	CPU_4	23.33	0	35.55	0	40.00	1.11	0	0	0	
1419753381420339879	CPU_4	27.90	0	29.06	0	41.86	1.16	0	0	0	
1419753382328011709	CPU_4	23.25	0	32.55	0	41.86	1.16	1.16	0	0	
1419753383213288924	CPU_4	26.74	0	31.39	0	41.86	0	0	0	0	
1419753384090586574	CPU_4	28.23	0	28.23	0	42.35	1.17	0	0	0	
1419753384989105425	CPU_4	23.33	0	34.44	0	41.11	1.11	0	0	0	
1419753385893598387	CPU_4	27.77	0	28.88	1.11	40.00	1.11	1.11	0	0	
1419753386805058375	CPU_4	27.58	0	27.58	0	43.67	1.14	0	0	0	
1419753387673049504	CPU_4	24.70	0	35.29	0	40.00	0	0	0	0	
1419753388559659924	CPU_4	26.66	0	31.11	0	40.00	1.11	1.11	0	0	
1419753389519861383	CPU_4	24.41	0	31.39	0	43.02	1.16	0	0	0	
1419753390363629777	CPU_4	22.22	0	32.22	0	44.44	1.11	0	0	0	
1419753391269907068	CPU_4	24.44	0	31.11	0	42.22	1.11	1.11	0	0	
1419753392147655133	CPU_4	23.25	0	34.88	0	40.69	1.16	0	0	0	
1419753393023671494	CPU_4	26.25	0	30.00	0	43.75	0	0	0	0	
1419753393916006068	CPU_4	25.88	0	30.58	0	42.35	1.17	0	0	0	
1419753394809755430	CPU_4	28.26	0	29.34	0	40.21	1.08	1.08	0	0	
1419753395722373332	CPU_4	20.68	0	37.93	0	40.22	1.14	0	0	0	
1419753396569025385	CPU_4	25.28	0	29.88	0	43.67	1.14	0	0	0	
1419753397443927082	CPU_4	28.57	0	28.57	0	41.66	0	1.19	0	0	
1419753398323876809	CPU_4	27.58	0	31.03	0	40.22	1.14	0	0	0	
1419753399233203552	CPU_4	25.55	0	32.22	0	41.11	1.11	0	0	0	
1419753400079837897	CPU_4	9.09	0	20.45	0	64.77	0	5.68	0	0	
1419753400808827887	CPU_4	5.55	0	22.22	1.38	69.44	1.38	0	0	0	
1419753401666914581	CPU_4	14.11	0	38.82	0	45.88	1.17	0	0	0	
1419753402500021666	CPU_4	11.90	0	39.28	0	48.80	0	0	0	0	
1419753403350083420	CPU_4	11.62	0	29.06	0	58.13	1.16	0	0	0	
1419753404066936022	CPU_4	2.73	0	16.43	0	80.82	0	0	0	0	
1419753404800453377	CPU_4	13.51	0	28.37	0	56.75	1.35	0	0	0	
1419753405681938767	CPU_4	4.49	0	25.84	0	69.66	0	0	0	0	
1419753406963814237	CPU_4	5.42	0	20.15	0	73.64	.77	0	0	0	
1419753407817612566	CPU_4	14.11	0	36.47	0	48.23	1.17	0	0	0	
1419753408681184622	CPU_4	15.29	0	35.29	0	48.23	1.17	0	0	0	
1419753409600537550	CPU_4	5.88	0	40.00	0	52.94	1.17	0	0	0	
1419753410470448675	CPU_4	10.86	0	33.69	0	54.34	1.08	0	0	0	
1419753411367369696	CPU_4	6.81	0	20.45	7.95	64.77	0	0	0	0	
1419753412246312592	CPU_4	13.63	0	38.63	0	46.59	1.13	0	0	0	
1419753413087368075	CPU_4	13.79	0	40.22	0	44.82	1.14	0	0	0	
1419753413970877752	CPU_4	14.44	0	38.88	0	45.55	1.11	0	0	0	
1419753414826152286	CPU_4	12.79	0	40.69	0	45.34	1.16	0	0	0	
1419753415673256338	CPU_4	10.58	0	41.17	0	47.05	1.17	0	0	0	
1419753416523232384	CPU_4	5.95	0	27.38	0	66.66	0	0	0	0	
1419753417243938561	CPU_4	0	0	17.80	0	80.82	0	1.36	0	0	
1419753417986363687	CPU_4	13.33	0	30.66	0	54.66	1.33	0	0	0	
1419753418796425950	CPU_4	13.92	0	35.44	0	49.36	1.26	0	0	0	
1419753419663319957	CPU_4	13.63	0	37.50	0	47.72	1.13	0	0	0	
1419753420477708501	CPU_4	4.93	0	17.28	0	76.54	0	1.23	0	0	
1419753421200152215	CPU_4	4.16	0	13.88	0	81.94	0	0	0	0	
1419753422171038150	CPU_4	9.18	0	26.53	1.02	62.24	1.02	0	0	0	
1419753423009852346	CPU_4	11.11	0	38.27	0	49.38	1.23	0	0	0	
1419753423851757452	CPU_4	14.28	0	38.09	0	45.23	1.19	1.19	0	0	
1419753424712999847	CPU_4	12.64	0	40.22	0	47.12	0	0	0	0	
1419753425580370520	CPU_4	12.64	0	40.22	0	45.97	1.14	0	0	0	
1419753426350969331	CPU_4	2.53	0	18.98	0	77.21	1.26	0	0	0	
1419753427378931551	CPU_4	8.65	0	26.92	.96	62.50	0	.96	0	0	
1419753428230830968	CPU_4	12.94	0	40.00	0	45.88	1.17	0	0	0	
1419753429084861254	CPU_4	13.79	0	40.22	0	44.82	1.14	0	0	0	
1419753429942561699	CPU_4	14.94	0	35.63	0	48.27	1.14	0	0	0	
1419753430815253818	CPU_4	13.95	0	38.37	0	45.34	1.16	1.16	0	0	
1419753431680770744	CPU_4	12.50	0	40.90	0	45.45	1.13	0	0	0	
1419753432523514849	CPU_4	14.63	0	37.80	0	46.34	1.21	0	0	0	
1419753433364716081	CPU_4	14.94	0	36.78	0	47.12	0	1.14	0	0	
1419753434206518938	CPU_4	14.28	0	40.47	0	44.04	1.19	0	0	0	
1419753435062731886	CPU_4	12.64	0	40.22	0	45.97	1.14	0	0	0	
1419753435930408474	CPU_4	12.79	0	40.69	0	45.34	1.16	0	0	0	
1419753436785888007	CPU_4	13.63	0	37.50	0	46.59	1.13	1.13	0	0	
1419753437632370061	CPU_4	15.29	0	38.82	0	44.70	1.17	0	0	0	
1419753438496126451	CPU_4	11.62	0	39.53	0	47.67	1.16	0	0	0	
1419753439375125971	CPU_4	11.62	0	39.53	0	47.67	1.16	0	0	0	
1419753440298817848	CPU_4	34.40	0	44.08	0	19.35	1.07	1.07	0	0	
1419753441333151303	CPU_4	21.69	0	48.11	.94	28.30	.94	0	0	0	
1419753442188782211	CPU_4	12.79	0	39.53	0	45.34	1.16	1.16	0	0	
1419753443029144737	CPU_4	10.71	0	40.47	0	47.61	1.19	0	0	0	
1419753443868213933	CPU_4	13.09	0	38.09	0	47.61	1.19	0	0	0	
1419753444729205579	CPU_4	18.18	0	34.09	0	45.45	1.13	1.13	0	0	
1419753445563570202	CPU_4	13.58	0	38.27	0	48.14	0	0	0	0	
1419753446435811822	CPU_4	12.94	0	38.82	0	47.05	1.17	0	0	0	
1419753447280851712	CPU_4	17.24	0	36.78	0	44.82	1.14	0	0	0	
1419753448126597851	CPU_4	13.95	0	38.37	0	45.34	1.16	1.16	0	0	
1419753448990437074	CPU_4	12.64	0	40.22	0	45.97	1.14	0	0	0	
1419753449858111412	CPU_4	16.27	0	36.04	0	46.51	1.16	0	0	0	
1419753450668120508	CPU_4	16.25	0	35.00	0	47.50	1.25	0	0	0	
1419753451546224239	CPU_4	13.63	0	36.36	0	47.72	1.13	1.13	0	0	
1419753452415929031	CPU_4	15.11	0	38.37	0	46.51	0	0	0	0	
1419753453267702990	CPU_4	15.11	0	37.20	0	46.51	1.16	0	0	0	
1419753454180378267	CPU_4	14.94	0	35.63	0	47.12	1.14	1.14	0	0	
1419753455220933791	CPU_4	48.14	0	43.51	0	6.48	1.85	0	0	0	
1419753456091679247	CPU_4	14.60	0	40.44	0	43.82	1.12	0	0	0	
1419753456941684460	CPU_4	13.25	0	38.55	0	45.78	1.20	1.20	0	0	
1419753457804981975	CPU_4	18.29	0	32.92	0	48.78	0	0	0	0	
1419753458625940838	CPU_4	13.09	0	36.90	0	48.80	1.19	0	0	0	
1419753459460965501	CPU_4	13.95	0	38.37	0	45.34	1.16	1.16	0	0	
1419753460297759286	CPU_4	14.45	0	38.55	0	45.78	1.20	0	0	0	
1419753461156396270	CPU_4	13.09	0	38.09	0	47.61	1.19	0	0	0	
1419753462002933949	CPU_4	15.29	0	36.47	0	47.05	1.17	0	0	0	
1419753462856101196	CPU_4	13.79	0	37.93	0	45.97	1.14	1.14	0	0	
1419753463703590872	CPU_4	14.11	0	38.82	0	45.88	1.17	0	0	0	
1419753464581124938	CPU_4	14.11	0	38.82	0	47.05	0	0	0	0	
1419753465426708869	CPU_4	13.63	0	38.63	0	45.45	1.13	1.13	0	0	
1419753466287306515	CPU_4	11.76	0	38.82	1.17	47.05	1.17	0	0	0	
1419753467116232860	CPU_4	14.63	0	37.80	0	46.34	1.21	0	0	0	
1419753468008799641	CPU_4	12.64	0	37.93	0	48.27	1.14	0	0	0	
1419753468856179401	CPU_4	13.63	0	38.63	0	45.45	1.13	1.13	0	0	
1419753469701313041	CPU_4	10.46	0	41.86	0	46.51	1.16	0	0	0	
1419753470571111167	CPU_4	14.94	0	37.93	0	45.97	1.14	0	0	0	
1419753471436799260	CPU_4	15.11	0	37.20	0	45.34	1.16	1.16	0	0	
1419753472376041100	CPU_4	12.35	0	38.20	0	49.43	0	0	0	0	
1419753473213221384	CPU_4	14.13	0	34.78	0	48.91	2.17	0	0	0	
1419753474157192005	CPU_4	15.21	0	34.78	0	50.00	0	0	0	0	
1419753475056532896	CPU_4	14.13	0	35.86	0	47.82	1.08	1.08	0	0	
1419753475979447149	CPU_4	14.44	0	35.55	0	48.88	1.11	0	0	0	
1419753476859588667	CPU_4	13.63	0	38.63	0	46.59	1.13	0	0	0	
1419753477691548296	CPU_4	13.25	0	37.34	0	46.98	1.20	1.20	0	0	
1419753478559745425	CPU_4	12.50	0	40.90	0	45.45	1.13	0	0	0	
1419753479428711178	CPU_4	14.94	0	39.08	0	44.82	1.14	0	0	0	
1419753480258311270	CPU_4	12.94	0	41.17	0	44.70	1.17	0	0	0	
1419753481111685225	CPU_4	14.77	0	37.50	1.13	44.31	1.13	1.13	0	0	
1419753482009200412	CPU_4	17.04	0	35.22	0	46.59	1.13	0	0	0	
1419753482859560165	CPU_4	15.47	0	35.71	0	47.61	1.19	0	0	0	
1419753483712316954	CPU_4	16.27	0	37.20	0	45.34	0	1.16	0	0	
1419753484572962351	CPU_4	14.77	0	37.50	0	46.59	1.13	0	0	0	
1419753485439217692	CPU_4	11.90	0	40.47	0	46.42	1.19	0	0	0	
1419753486297913135	CPU_4	13.95	0	38.37	0	46.51	1.16	0	0	0	
1419753487165010766	CPU_4	11.76	0	40.00	0	45.88	1.17	1.17	0	0	
1419753488007208663	CPU_4	13.09	0	39.28	0	46.42	1.19	0	0	0	
1419753488887806514	CPU_4	13.48	0	39.32	0	46.06	1.12	0	0	0	
1419753489767748574	CPU_4	10.46	0	39.53	0	47.67	1.16	1.16	0	0	
1419753490700641554	CPU_4	41.75	0	27.47	0	30.76	0	0	0	0	
1419753491655251318	CPU_4	38.20	0	28.08	0	32.58	1.12	0	0	0	
1419753492603579304	CPU_4	40.21	0	28.26	0	29.34	1.08	1.08	0	0	
1419753493485303569	CPU_4	35.48	0	31.18	0	32.25	1.07	0	0	0	
1419753494419886212	CPU_4	37.20	0	30.23	0	31.39	1.16	0	0	0	
1419753495335598773	CPU_4	43.95	0	25.27	0	29.67	0	1.09	0	0	
1419753496340817921	CPU_4	33.70	0	34.83	0	30.33	1.12	0	0	0	
1419753497210664921	CPU_4	37.07	0	26.96	0	34.83	1.12	0	0	0	
1419753498162631149	CPU_4	34.52	0	30.95	0	32.14	1.19	1.19	0	0	
1419753499096679543	CPU_4	46.73	0	25.00	0	28.26	0	0	0	0	
1419753500045387195	CPU_4	43.33	0	24.44	0	31.11	1.11	0	0	0	
1419753501014770508	CPU_4	41.41	0	28.28	1.01	27.27	1.01	1.01	0	0	
1419753501950858440	CPU_4	31.11	0	30.00	0	37.77	1.11	0	0	0	
1419753502901381588	CPU_4	40.69	0	27.90	0	31.39	0	0	0	0	
1419753503825603504	CPU_4	33.33	0	33.33	0	30.95	1.19	1.19	0	0	
1419753504788330124	CPU_4	41.37	0	25.28	0	32.18	1.14	0	0	0	
1419753505717002739	CPU_4	42.55	0	28.72	0	27.65	1.06	0	0	0	
1419753506670297339	CPU_4	42.42	0	26.26	0	29.29	1.01	1.01	0	0	
1419753507630466840	CPU_4	35.48	0	35.48	0	29.03	0	0	0	0	
1419753508535181843	CPU_4	42.85	0	27.55	0	28.57	1.02	0	0	0	
1419753509489504191	CPU_4	39.78	0	27.95	0	30.10	1.07	1.07	0	0	
1419753510442471417	CPU_4	43.15	0	27.36	0	28.42	1.05	0	0	0	
1419753511400550172	CPU_4	48.31	0	21.34	0	30.33	0	0	0	0	
1419753512369274862	CPU_4	44.68	0	24.46	0	28.72	1.06	1.06	0	0	
1419753513305159419	CPU_4	38.46	0	30.76	0	29.67	1.09	0	0	0	
1419753514255807108	CPU_4	26.50	0	39.75	0	32.53	1.20	0	0	0	
1419753515190759209	CPU_4	44.89	0	26.53	0	26.53	1.02	1.02	0	0	
1419753516129926841	CPU_4	39.13	0	31.52	0	29.34	0	0	0	0	
1419753517087371265	CPU_4	53.19	0	37.23	0	7.44	1.06	1.06	0	0	
1419753518084269265	CPU_4	59.00	0	36.00	0	4.00	1.00	0	0	0	
1419753519078601395	CPU_4	55.88	0	38.23	0	4.90	.98	0	0	0	
1419753520069284909	CPU_4	57.57	0	35.35	0	5.05	1.01	1.01	0	0	
1419753521076534635	CPU_4	53.53	0	40.40	0	5.05	1.01	0	0	0	
1419753522119244488	CPU_4	61.76	0	32.35	0	4.90	0	.98	0	0	
1419753523119620980	CPU_4	57.57	0	33.33	0	8.08	1.01	0	0	0	
1419753524109200705	CPU_4	52.52	0	40.40	0	5.05	1.01	1.01	0	0	
1419753525125515160	CPU_4	61.00	0	33.00	0	5.00	1.00	0	0	0	
1419753526139055163	CPU_4	53.92	0	37.25	.98	5.88	.98	.98	0	0	
1419753527124366273	CPU_4	55.10	0	39.79	0	4.08	1.02	0	0	0	
1419753528128031090	CPU_4	59.80	0	32.35	0	5.88	.98	.98	0	0	
1419753529135826731	CPU_4	59.00	0	37.00	0	3.00	1.00	0	0	0	
1419753530138949258	CPU_4	61.76	0	28.43	0	8.82	0	.98	0	0	
1419753531143114992	CPU_4	56.00	0	38.00	0	5.00	1.00	0	0	0	
1419753532128692309	CPU_4	57.14	0	35.71	0	5.10	1.02	1.02	0	0	
1419753533118903532	CPU_4	58.82	0	34.31	0	5.88	.98	0	0	0	
1419753534146748378	CPU_4	50.50	0	38.38	0	9.09	1.01	1.01	0	0	
1419753535197151129	CPU_4	57.42	0	36.63	0	4.95	.99	0	0	0	
1419753536274702277	CPU_4	51.75	0	33.33	.87	12.28	.87	.87	0	0	
1419753537308982358	CPU_4	49.50	0	40.59	0	8.91	.99	0	0	0	
1419753538338999073	CPU_4	71.02	0	24.29	0	2.80	.93	.93	0	0	
1419753539313932290	CPU_4	95.87	0	4.12	0	0	0	0	0	0	
1419753540253929170	CPU_4	93.61	0	5.31	0	0	1.06	0	0	0	
1419753541208894100	CPU_4	93.68	0	5.26	0	0	1.05	0	0	0	
1419753542158940582	CPU_4	94.62	0	4.30	0	0	0	1.07	0	0	
1419753543083954456	CPU_4	95.74	0	3.19	0	0	1.06	0	0	0	
1419753544028929991	CPU_4	94.73	0	5.26	0	0	0	0	0	0	
1419753544973932485	CPU_4	93.68	0	4.21	0	0	1.05	1.05	0	0	
1419753545933952653	CPU_4	95.83	0	4.16	0	0	0	0	0	0	
1419753546879393063	CPU_4	77.89	0	21.05	0	0	1.05	0	0	0	
1419753547834215534	CPU_4	66.31	0	31.57	0	0	1.05	1.05	0	0	
1419753548789281339	CPU_4	67.36	0	30.52	0	0	1.05	1.05	0	0	
1419753549729270136	CPU_4	67.74	0	32.25	0	0	0	0	0	0	
1419753550679270327	CPU_4	70.83	0	27.08	0	0	1.04	1.04	0	0	
1419753551639261120	CPU_4	65.97	0	31.95	0	0	1.03	1.03	0	0	
1419753552569355523	CPU_4	69.89	0	29.03	0	0	0	1.07	0	0	
1419753553519256214	CPU_4	62.76	0	36.17	0	0	1.06	0	0	0	
1419753554474281560	CPU_4	70.10	0	27.83	0	0	1.03	1.03	0	0	
1419753555429301156	CPU_4	64.89	0	32.97	0	0	1.06	1.06	0	0	
1419753556364251632	CPU_4	62.36	0	37.63	0	0	0	0	0	0	
1419753557314305114	CPU_4	69.47	0	28.42	0	0	1.05	1.05	0	0	
1419753558259307358	CPU_4	64.21	0	33.68	0	0	1.05	1.05	0	0	
1419753559204258769	CPU_4	64.89	0	34.04	0	0	1.06	0	0	0	
1419753560169233300	CPU_4	65.97	0	32.98	0	0	0	1.03	0	0	
1419753561094326007	CPU_4	56.98	0	40.86	0	0	1.07	1.07	0	0	
1419753562039146168	CPU_4	73.68	0	25.26	0	0	1.05	0	0	0	
1419753563004173491	CPU_4	79.78	0	20.21	0	0	0	0	0	0	
1419753563944128788	CPU_4	75.78	0	22.10	0	0	1.05	1.05	0	0	
1419753564904087456	CPU_4	82.47	0	16.49	0	0	1.03	0	0	0	
1419753565844145920	CPU_4	81.72	0	18.27	0	0	0	0	0	0	
1419753566784120592	CPU_4	78.94	0	18.94	0	0	1.05	1.05	0	0	
1419753567744136010	CPU_4	78.12	0	20.83	0	0	1.04	0	0	0	
1419753568704441969	CPU_4	82.10	0	17.89	0	0	0	0	0	0	
1419753569654075786	CPU_4	81.25	0	16.66	0	0	1.04	1.04	0	0	
1419753570869135409	CPU_4	65.28	0	14.87	0	19.00	.82	0	0	0	
1419753571819161808	CPU_4	85.10	0	14.89	0	0	0	0	0	0	
1419753572769166749	CPU_4	79.16	0	18.75	0	0	1.04	1.04	0	0	
1419753573719126982	CPU_4	84.04	0	14.89	0	0	1.06	0	0	0	
1419753574669096839	CPU_4	81.05	0	18.94	0	0	0	0	0	0	
1419753575624203727	CPU_4	79.38	0	18.55	0	0	1.03	1.03	0	0	
1419753576574119876	CPU_4	85.10	0	13.82	0	0	1.06	0	0	0	
1419753577534178711	CPU_4	80.20	0	19.79	0	0	0	0	0	0	
1419753578469119770	CPU_4	79.78	0	18.08	0	0	1.06	1.06	0	0	
1419753579414141764	CPU_4	81.91	0	17.02	0	0	1.06	0	0	0	
1419753580374107390	CPU_4	80.20	0	19.79	0	0	0	0	0	0	
1419753581339339879	CPU_4	85.56	0	12.37	0	0	1.03	1.03	0	0	
1419753582284149124	CPU_4	80.85	0	18.08	0	0	1.06	0	0	0	
1419753583239224428	CPU_4	82.10	0	17.89	0	0	0	0	0	0	
1419753584189151327	CPU_4	86.45	0	11.45	0	0	1.04	1.04	0	0	
1419753585129154208	CPU_4	81.72	0	18.27	0	0	0	0	0	0	
1419753586104124716	CPU_4	82.47	0	16.49	0	0	1.03	0	0	0	
1419753587016411369	CPU_4	42.22	0	30.00	0	25.55	1.11	1.11	0	0	
1419753587992064543	CPU_4	49.48	0	30.92	0	18.55	1.03	0	0	0	
1419753588967360134	CPU_4	45.26	0	37.89	0	15.78	0	1.05	0	0	
1419753589932230457	CPU_4	44.89	0	41.83	0	12.24	1.02	0	0	0	
1419753590909729293	CPU_4	51.04	0	32.29	0	14.58	1.04	1.04	0	0	
1419753591758180967	CPU_4	23.80	0	20.23	1.19	54.76	0	0	0	0	
1419753592648314588	CPU_4	22.98	0	21.83	0	54.02	1.14	0	0	0	
1419753593606315343	CPU_4	45.83	0	34.37	0	17.70	1.04	1.04	0	0	
1419753594578692191	CPU_4	44.44	0	41.41	0	13.13	1.01	0	0	0	
1419753595551061414	CPU_4	43.95	0	42.85	0	13.18	0	0	0	0	
1419753596523982469	CPU_4	47.36	0	37.89	0	12.63	1.05	1.05	0	0	
1419753597497522147	CPU_4	45.91	0	39.79	0	13.26	1.02	0	0	0	
1419753598532543559	CPU_4	52.08	0	30.20	0	15.62	1.04	1.04	0	0	
1419753599520261205	CPU_4	44.55	0	34.65	0	19.80	.99	0	0	0	
1419753600514730961	CPU_4	47.47	0	35.35	0	16.16	0	1.01	0	0	
1419753601559988682	CPU_4	54.90	0	28.43	0	15.68	.98	0	0	0	
1419753602521157431	CPU_4	44.08	0	41.93	0	11.82	1.07	1.07	0	0	
1419753603485424172	CPU_4	45.65	0	39.13	0	14.13	1.08	0	0	0	
1419753604471132156	CPU_4	52.63	0	32.63	0	13.68	1.05	0	0	0	
1419753605444232377	CPU_4	41.48	0	42.55	0	14.89	0	1.06	0	0	
1419753606434824267	CPU_4	51.04	0	34.37	1.04	12.50	1.04	0	0	0	
1419753607414576139	CPU_4	45.83	0	39.58	0	12.50	1.04	1.04	0	0	
1419753608385802740	CPU_4	44.44	0	41.11	0	13.33	1.11	0	0	0	
1419753609365051697	CPU_4	48.95	0	37.50	0	12.50	0	1.04	0	0	
1419753610329806603	CPU_4	54.83	0	31.18	0	12.90	1.07	0	0	0	
1419753611293085264	CPU_4	50.00	0	37.23	0	11.70	1.06	0	0	0	
1419753612258219878	CPU_4	45.83	0	39.58	0	12.50	1.04	1.04	0	0	
1419753613223452576	CPU_4	56.04	0	29.67	0	14.28	0	0	0	0	
1419753614201326078	CPU_4	47.91	0	36.45	0	13.54	1.04	1.04	0	0	
1419753615173736384	CPU_4	48.38	0	37.63	0	12.90	1.07	0	0	0	
1419753616139650788	CPU_4	46.31	0	38.94	0	12.63	1.05	1.05	0	0	
1419753617124492107	CPU_4	51.08	0	34.78	0	13.04	1.08	0	0	0	
1419753618065597527	CPU_4	47.87	0	34.04	0	18.08	0	0	0	0	
1419753619041629950	CPU_4	43.47	0	42.39	0	11.95	1.08	1.08	0	0	
1419753620004176778	CPU_4	56.38	0	32.97	0	9.57	1.06	0	0	0	
1419753620973979299	CPU_4	90.72	0	8.24	0	0	0	1.03	0	0	
1419753621928964478	CPU_4	94.79	0	4.16	0	0	1.04	0	0	0	
1419753622859010590	CPU_4	95.69	0	3.22	0	0	1.07	0	0	0	
1419753623800975507	CPU_4	93.68	0	5.26	0	0	0	1.05	0	0	
1419753624749008536	CPU_4	94.68	0	4.25	0	0	1.06	0	0	0	
1419753625688983834	CPU_4	94.68	0	5.31	0	0	0	0	0	0	
1419753626639005608	CPU_4	94.73	0	4.21	0	0	1.05	0	0	0	
1419753627584010560	CPU_4	95.74	0	3.19	0	0	0	1.06	0	0	
1419753628529026596	CPU_4	95.78	0	3.15	0	0	1.05	0	0	0	
1419753629489005472	CPU_4	89.58	0	9.37	0	0	1.04	0	0	0	
1419753630438963330	CPU_4	93.68	0	5.26	0	0	0	1.05	0	0	
1419753631383983074	CPU_4	94.73	0	4.21	0	0	1.05	0	0	0	
1419753632318972757	CPU_4	95.69	0	4.30	0	0	0	0	0	0	
1419753633278953425	CPU_4	93.75	0	5.20	0	0	1.04	0	0	0	
1419753634228980283	CPU_4	94.73	0	4.21	0	0	0	1.05	0	0	
1419753635193997856	CPU_4	94.79	0	4.16	0	0	1.04	0	0	0	
1419753636138971850	CPU_4	96.80	0	3.19	0	0	0	0	0	0	
1419753637084018969	CPU_4	93.75	0	4.16	0	0	1.04	1.04	0	0	
1419753638044127053	CPU_4	95.83	0	3.12	0	0	1.04	0	0	0	
1419753638999026358	CPU_4	93.61	0	6.38	0	0	0	0	0	0	
1419753639944001394	CPU_4	93.75	0	5.20	0	0	1.04	0	0	0	
1419753640949016000	CPU_4	91.00	0	8.00	0	0	0	1.00	0	0	
1419753641906195299	CPU_4	92.55	0	6.38	0	0	1.06	0	0	0	
1419753642853928745	CPU_4	92.70	0	7.29	0	0	0	0	0	0	
1419753643794014459	CPU_4	92.63	0	5.26	0	0	1.05	1.05	0	0	
1419753644738995120	CPU_4	94.68	0	5.31	0	0	0	0	0	0	
1419753645688986394	CPU_4	91.57	0	7.36	0	0	1.05	0	0	0	
1419753646634153888	CPU_4	95.69	0	4.30	0	0	0	0	0	0	
1419753647574032352	CPU_4	92.63	0	5.26	0	0	1.05	1.05	0	0	
1419753648538954092	CPU_4	92.78	0	6.18	0	0	1.03	0	0	0	
1419753649488998533	CPU_4	95.74	0	4.25	0	0	0	0	0	0	
1419753650454030897	CPU_4	92.85	0	5.10	0	0	1.02	1.02	0	0	
1419753651394038528	CPU_4	95.69	0	4.30	0	0	0	0	0	0	
1419753652349045499	CPU_4	92.70	0	6.25	0	0	1.04	0	0	0	
1419753653298989190	CPU_4	93.68	0	6.31	0	0	0	0	0	0	
1419753654259003399	CPU_4	91.75	0	6.18	0	0	1.03	1.03	0	0	
1419753655214017704	CPU_4	93.61	0	6.38	0	0	0	0	0	0	
1419753656174006372	CPU_4	92.63	0	6.31	0	0	1.05	0	0	0	
1419753657139014653	CPU_4	91.91	0	6.06	0	0	1.01	1.01	0	0	
1419753658119039150	CPU_4	94.84	0	5.15	0	0	0	0	0	0	
1419753659084049348	CPU_4	95.87	0	3.09	0	0	1.03	0	0	0	
1419753660044100849	CPU_4	94.73	0	5.26	0	0	0	0	0	0	
1419753660994023124	CPU_4	91.66	0	6.25	0	0	1.04	1.04	0	0	
1419753662283980408	CPU_4	95.31	0	3.90	0	0	.78	0	0	0	
1419753663229108152	CPU_4	94.73	0	5.26	0	0	0	0	0	0	
1419753664178978676	CPU_4	91.57	0	6.31	0	0	1.05	1.05	0	0	
1419753665164069620	CPU_4	93.87	0	6.12	0	0	0	0	0	0	
1419753666119007091	CPU_4	92.70	0	6.25	0	0	1.04	0	0	0	
1419753667074011270	CPU_4	92.70	0	6.25	0	0	0	1.04	0	0	
1419753668038992677	CPU_4	92.78	0	6.18	0	0	1.03	0	0	0	
1419753668989000368	CPU_4	93.54	0	6.45	0	0	0	0	0	0	
1419753669934058778	CPU_4	91.57	0	7.36	0	0	1.05	0	0	0	
1419753670884037053	CPU_4	92.70	0	5.20	0	0	1.04	1.04	0	0	
1419753671805875558	CPU_4	21.73	0	52.17	0	25.00	1.08	0	0	0	
1419753672825238798	CPU_4	7.92	0	61.38	0	28.71	.99	.99	0	0	
1419753673890458016	CPU_4	8.00	0	54.00	0	35.00	2.00	1.00	0	0	
1419753674816533261	CPU_4	6.06	0	60.60	1.01	30.30	1.01	1.01	0	0	
1419753675793032350	CPU_4	6.18	0	64.94	0	26.80	2.06	0	0	0	
1419753676820317988	CPU_4	7.92	0	61.38	0	27.72	1.98	.99	0	0	
1419753677803718310	CPU_4	7.00	0	61.00	0	29.00	2.00	1.00	0	0	
1419753678826860333	CPU_4	10.67	0	58.25	0	27.18	2.91	.97	0	0	
1419753679811354278	CPU_4	12.00	0	56.00	0	30.00	2.00	0	0	0	
1419753680740917558	CPU_4	9.57	0	60.63	1.06	25.53	2.12	1.06	0	0	
1419753681769612776	CPU_4	7.69	0	59.61	.96	27.88	2.88	.96	0	0	
1419753682780311452	CPU_4	10.30	0	59.79	0	26.80	2.06	1.03	0	0	
1419753683753319757	CPU_4	12.37	0	57.73	0	27.83	2.06	0	0	0	
1419753684767223218	CPU_4	8.57	0	59.04	0	28.57	2.85	.95	0	0	
1419753685776838438	CPU_4	5.10	0	62.24	0	29.59	2.04	1.02	0	0	
1419753686802707746	CPU_4	6.79	0	62.13	0	28.15	1.94	.97	0	0	
1419753687777313172	CPU_4	9.27	0	60.82	1.03	26.80	2.06	0	0	0	
1419753688794218543	CPU_4	7.84	0	60.78	0	28.43	1.96	.98	0	0	
1419753689707261194	CPU_4	8.98	0	57.30	0	31.46	1.12	1.12	0	0	
1419753690663624703	CPU_4	6.38	0	62.76	0	28.72	2.12	0	0	0	
1419753691666224190	CPU_4	6.18	0	61.85	0	28.86	2.06	1.03	0	0	
1419753692616906962	CPU_4	10.30	0	57.73	0	28.86	2.06	1.03	0	0	
1419753693666829757	CPU_4	4.95	0	42.57	0	49.50	1.98	.99	0	0	
1419753694495621976	CPU_4	4.87	0	20.73	0	73.17	1.21	0	0	0	
1419753695342788404	CPU_4	10.11	0	50.56	0	38.20	1.12	0	0	0	
1419753696344894308	CPU_4	12.00	0	57.00	0	27.00	3.00	1.00	0	0	
1419753697338500107	CPU_4	11.00	0	58.00	0	28.00	2.00	1.00	0	0	
1419753698272068753	CPU_4	10.86	0	57.60	0	28.26	2.17	1.08	0	0	
1419753699242883229	CPU_4	6.25	0	63.54	1.04	26.04	3.12	0	0	0	
1419753700256518190	CPU_4	5.05	0	62.62	0	29.29	2.02	1.01	0	0	
1419753701215912359	CPU_4	11.45	0	59.37	0	26.04	2.08	1.04	0	0	
1419753702158941941	CPU_4	9.89	0	54.94	0	31.86	2.19	1.09	0	0	
1419753703119951982	CPU_4	12.76	0	58.51	0	25.53	3.19	0	0	0	
1419753704075661535	CPU_4	9.27	0	61.85	0	24.74	3.09	1.03	0	0	
1419753705096540188	CPU_4	8.65	0	57.69	0	29.80	2.88	.96	0	0	
1419753706084819332	CPU_4	11.34	0	55.67	0	30.92	1.03	1.03	0	0	
1419753707050009988	CPU_4	9.67	0	58.06	1.07	29.03	2.15	0	0	0	
1419753708063732824	CPU_4	7.21	0	62.88	0	24.74	4.12	1.03	0	0	
1419753708993465687	CPU_4	8.42	0	60.00	0	29.47	1.05	1.05	0	0	
1419753709973148393	CPU_4	12.12	0	57.57	0	28.28	2.02	0	0	0	
1419753710929661777	CPU_4	8.33	0	61.45	0	27.08	2.08	1.04	0	0	
1419753711881604130	CPU_4	10.30	0	58.76	0	28.86	1.03	1.03	0	0	
1419753712814838776	CPU_4	8.60	0	59.13	1.07	27.95	2.15	1.07	0	0	
1419753713827579781	CPU_4	8.08	0	61.61	0	28.28	2.02	0	0	0	
1419753714804795160	CPU_4	6.25	0	59.37	0	31.25	2.08	1.04	0	0	
1419753715774852721	CPU_4	8.16	0	63.26	0	24.48	3.06	1.02	0	0	
1419753716784623524	CPU_4	7.92	0	59.40	0	29.70	1.98	.99	0	0	
1419753717775884454	CPU_4	7.21	0	62.88	0	27.83	2.06	0	0	0	
1419753718833035023	CPU_4	12.14	0	56.07	0	28.03	2.80	.93	0	0	
1419753719863373155	CPU_4	9.00	0	59.00	0	29.00	2.00	1.00	0	0	
1419753720798720129	CPU_4	8.69	0	59.78	0	28.26	2.17	1.08	0	0	
1419753721802650779	CPU_4	8.73	0	63.10	0	25.24	2.91	0	0	0	
1419753722789620552	CPU_4	11.11	0	58.58	1.01	26.26	2.02	1.01	0	0	
1419753723788748505	CPU_4	8.16	0	60.20	0	29.59	1.02	1.02	0	0	
1419753724850831146	CPU_4	5.94	0	62.37	0	23.76	6.93	.99	0	0	
1419753725880636237	CPU_4	6.54	0	58.87	0	30.84	3.73	0	0	0	
1419753727000257080	CPU_4	9.00	0	55.00	0	31.00	4.00	1.00	0	0	
1419753727872479908	CPU_4	9.37	0	60.41	1.04	23.95	4.16	1.04	0	0	
1419753728833403074	CPU_4	7.21	0	62.88	0	26.80	2.06	1.03	0	0	
1419753729832328610	CPU_4	9.18	0	58.16	0	30.61	2.04	0	0	0	
1419753730776086691	CPU_4	5.31	0	61.70	0	29.78	2.12	1.06	0	0	
1419753731839757162	CPU_4	5.82	0	62.13	0	28.15	2.91	.97	0	0	
1419753732804111945	CPU_4	5.15	0	64.94	0	28.86	1.03	0	0	0	
1419753733735752886	CPU_4	8.08	0	64.64	0	24.24	2.02	1.01	0	0	
1419753734693918308	CPU_4	10.41	0	59.37	0	26.04	3.12	1.04	0	0	
1419753735670321980	CPU_4	7.29	0	57.29	0	32.29	2.08	1.04	0	0	
1419753736663589072	CPU_4	5.94	0	62.37	.99	28.71	1.98	0	0	0	
1419753737655656666	CPU_4	8.51	0	59.57	0	28.72	2.12	1.06	0	0	
1419753738648138592	CPU_4	6.06	0	62.62	0	28.28	2.02	1.01	0	0	
1419753739626939550	CPU_4	8.00	0	62.00	0	26.00	3.00	1.00	0	0	
1419753740619819934	CPU_4	6.25	0	64.58	0	27.08	2.08	0	0	0	
1419753741560436730	CPU_4	10.63	0	59.57	0	25.53	3.19	1.06	0	0	
1419753742520880439	CPU_4	6.18	0	63.91	1.03	25.77	2.06	1.03	0	0	
1419753743475198578	CPU_4	8.42	0	57.89	0	31.57	1.05	1.05	0	0	
1419753744463941805	CPU_4	10.20	0	61.22	0	25.51	3.06	0	0	0	
1419753745449047457	CPU_4	8.24	0	59.79	0	28.86	2.06	1.03	0	0	
1419753746436039771	CPU_4	6.73	0	60.57	0	28.84	2.88	.96	0	0	
1419753747473043678	CPU_4	8.49	0	57.54	.94	30.18	1.88	.94	0	0	
1419753748442326533	CPU_4	5.10	0	65.30	0	27.55	2.04	0	0	0	
1419753749428254642	CPU_4	8.24	0	60.82	0	27.83	2.06	1.03	0	0	
1419753750375467797	CPU_4	10.52	0	56.84	0	29.47	2.10	1.05	0	0	
1419753751329694062	CPU_4	10.63	0	60.63	0	26.59	2.12	0	0	0	
1419753752325356606	CPU_4	7.92	0	61.38	.99	26.73	1.98	.99	0	0	
1419753753396356727	CPU_4	12.12	0	58.58	0	26.26	2.02	1.01	0	0	
1419753754348866704	CPU_4	11.11	0	57.57	0	28.28	2.02	1.01	0	0	
1419753755285432009	CPU_4	5.43	0	61.95	0	30.43	2.17	0	0	0	
1419753756341172748	CPU_4	5.94	0	59.40	0	31.68	1.98	.99	0	0	
1419753757340074535	CPU_4	11.22	0	57.14	0	29.59	1.02	1.02	0	0	
1419753758285850902	CPU_4	10.30	0	57.73	0	28.86	2.06	1.03	0	0	
1419753759290418968	CPU_4	10.30	0	58.76	1.03	27.83	2.06	0	0	0	
1419753760306406424	CPU_4	7.84	0	59.80	0	29.41	1.96	.98	0	0	
1419753761334782809	CPU_4	9.61	0	58.65	0	28.84	1.92	.96	0	0	
1419753762302322377	CPU_4	7.60	0	56.52	0	32.60	2.17	1.08	0	0	
1419753763308990896	CPU_4	9.70	0	62.13	0	25.24	2.91	0	0	0	
1419753764259103420	CPU_4	8.51	0	61.70	0	26.59	2.12	1.06	0	0	
1419753765203688623	CPU_4	6.38	0	62.76	0	27.65	2.12	1.06	0	0	
1419753766199482917	CPU_4	10.10	0	60.60	0	27.27	2.02	0	0	0	
1419753767214591583	CPU_4	9.00	0	58.00	1.00	28.00	3.00	1.00	0	0	
1419753768189887841	CPU_4	6.25	0	64.58	0	26.04	2.08	1.04	0	0	
1419753769195555987	CPU_4	8.41	0	61.68	.93	25.23	2.80	.93	0	0	
1419753770160597435	CPU_4	7.44	0	60.63	0	29.78	2.12	0	0	0	
1419753771161407509	CPU_4	8.24	0	60.82	0	27.83	2.06	1.03	0	0	
1419753772152178273	CPU_4	10.89	0	59.40	.99	24.75	2.97	.99	0	0	
1419753773233109830	CPU_4	7.84	0	61.76	0	26.47	2.94	.98	0	0	
1419753774185852139	CPU_4	7.14	0	64.28	1.02	24.48	3.06	0	0	0	
1419753775098265708	CPU_4	11.70	0	58.51	0	27.65	1.06	1.06	0	0	
1419753776059918372	CPU_4	7.36	0	58.94	0	29.47	3.15	1.05	0	0	
1419753777060592447	CPU_4	9.09	0	56.56	1.01	29.29	3.03	1.01	0	0	
1419753778038253032	CPU_4	12.90	0	55.91	0	29.03	2.15	0	0	0	
1419753779012490042	CPU_4	6.06	0	64.64	0	25.25	3.03	1.01	0	0	
1419753780038745100	CPU_4	10.10	0	59.59	0	26.26	3.03	1.01	0	0	
1419753781023562044	CPU_4	5.71	0	60.95	.95	29.52	1.90	.95	0	0	
1419753782004775455	CPU_4	7.36	0	62.10	0	28.42	2.10	0	0	0	
1419753782969865777	CPU_4	9.37	0	61.45	0	26.04	2.08	1.04	0	0	
1419753784006359478	CPU_4	9.80	0	59.80	0	27.45	1.96	.98	0	0	
1419753784971212551	CPU_4	10.20	0	56.12	0	30.61	2.04	1.02	0	0	
1419753785943676399	CPU_4	9.57	0	60.63	0	27.65	2.12	0	0	0	
1419753786995592272	CPU_4	4.04	0	59.59	1.01	31.31	3.03	1.01	0	0	
1419753788055605960	CPU_4	7.20	0	63.06	0	21.62	7.20	.90	0	0	
1419753789130532489	CPU_4	11.00	0	54.12	0	30.27	3.66	.91	0	0	
1419753790231347041	CPU_4	8.65	0	56.73	.96	27.88	4.80	.96	0	0	
1419753791241634135	CPU_4	8.91	0	62.37	0	24.75	3.96	0	0	0	
1419753792223472253	CPU_4	10.30	0	59.79	0	27.83	1.03	1.03	0	0	
1419753793203018168	CPU_4	11.34	0	57.73	0	27.83	2.06	1.03	0	0	
1419753794227445854	CPU_4	8.16	0	59.18	1.02	28.57	2.04	1.02	0	0	
1419753795255562032	CPU_4	8.16	0	63.26	0	25.51	3.06	0	0	0	
1419753796218444068	CPU_4	6.93	0	61.38	0	28.71	1.98	.99	0	0	
1419753797233631359	CPU_4	5.88	0	60.78	0	30.39	1.96	.98	0	0	
1419753798233502311	CPU_4	7.92	0	62.37	0	26.73	1.98	.99	0	0	
1419753799239212207	CPU_4	8.82	0	61.76	.98	26.47	1.96	0	0	0	
1419753800234654918	CPU_4	7.07	0	59.59	0	30.30	2.02	1.01	0	0	
1419753801245489261	CPU_4	8.16	0	61.22	0	27.55	2.04	1.02	0	0	
1419753802198627778	CPU_4	12.12	0	57.57	1.01	26.26	2.02	1.01	0	0	
1419753803240658257	CPU_4	6.12	0	64.28	0	26.53	3.06	0	0	0	
1419753804195464687	CPU_4	9.18	0	55.10	0	30.61	4.08	1.02	0	0	
1419753805159983219	CPU_4	7.29	0	64.58	0	27.08	0	1.04	0	0	
1419753806124818501	CPU_4	8.69	0	60.86	0	28.26	1.08	1.08	0	0	
1419753807068523582	CPU_4	10.52	0	57.89	1.05	28.42	2.10	0	0	0	
1419753808041637094	CPU_4	10.52	0	58.94	0	27.36	2.10	1.05	0	0	
1419753809039081718	CPU_4	9.27	0	58.76	0	28.86	2.06	1.03	0	0	
1419753810029983481	CPU_4	11.88	0	54.45	.99	30.69	1.98	0	0	0	
1419753811085168639	CPU_4	9.52	0	59.04	0	28.57	1.90	.95	0	0	
1419753812055661991	CPU_4	8.42	0	58.94	0	28.42	3.15	1.05	0	0	
1419753812990308092	CPU_4	10.30	0	58.76	0	27.83	2.06	1.03	0	0	
1419753813980837606	CPU_4	5.20	0	64.58	0	28.12	2.08	0	0	0	
1419753814975121696	CPU_4	7.21	0	60.82	0	28.86	2.06	1.03	0	0	
1419753815958744518	CPU_4	8.33	0	58.33	0	30.20	2.08	1.04	0	0	
1419753816927621998	CPU_4	11.34	0	58.76	0	26.80	2.06	1.03	0	0	
1419753817893561486	CPU_4	9.57	0	60.63	0	26.59	3.19	0	0	0	
1419753818878027806	CPU_4	6.38	0	64.89	0	25.53	2.12	1.06	0	0	
1419753819904549571	CPU_4	8.82	0	57.84	0	30.39	1.96	.98	0	0	
1419753820919213780	CPU_4	11.22	0	62.24	0	22.44	3.06	1.02	0	0	
1419753822154125066	CPU_4	66.66	0	24.39	.81	7.31	.81	0	0	0	
1419753823324158959	CPU_4	62.28	0	34.21	0	2.63	0	.87	0	0	
1419753824499218757	CPU_4	74.35	0	21.36	0	2.56	.85	.85	0	0	
1419753825649129197	CPU_4	70.68	0	25.00	0	2.58	.86	.86	0	0	
1419753826815507849	CPU_4	64.65	0	25.86	0	7.75	.86	.86	0	0	
1419753827959151761	CPU_4	70.79	0	24.77	0	3.53	.88	0	0	0	
1419753829116435601	CPU_4	65.81	0	30.76	0	2.56	0	.85	0	0	
1419753830269190742	CPU_4	67.25	0	28.31	0	2.65	.88	.88	0	0	
1419753831454177018	CPU_4	52.94	0	38.65	0	6.72	.84	.84	0	0	
1419753832654108801	CPU_4	65.81	0	29.91	0	2.56	.85	.85	0	0	
1419753833829209641	CPU_4	72.50	0	23.33	0	2.50	.83	.83	0	0	
1419753834974158133	CPU_4	76.10	0	21.23	0	2.65	0	0	0	0	
1419753836159188534	CPU_4	61.66	0	30.00	0	6.66	.83	.83	0	0	
1419753837304106402	CPU_4	62.93	0	31.03	.86	3.44	.86	.86	0	0	
1419753838434071095	CPU_4	62.16	0	30.63	0	5.40	.90	.90	0	0	
1419753839511027286	CPU_4	36.60	0	28.57	0	33.92	.89	0	0	0	
1419753840396423376	CPU_4	14.13	0	31.52	0	51.08	2.17	1.08	0	0	
1419753841342966366	CPU_4	15.90	0	35.22	0	43.18	5.68	0	0	0	
1419753842206213631	CPU_4	9.67	0	33.33	0	55.91	1.07	0	0	0	
1419753843089103852	CPU_4	12.08	0	30.76	0	53.84	2.19	1.09	0	0	
1419753844050477808	CPU_4	11.23	0	31.46	0	55.05	2.24	0	0	0	
1419753844814781509	CPU_4	4.81	0	21.68	0	72.28	1.20	0	0	0	
1419753845669038837	CPU_4	14.77	0	31.81	0	51.13	1.13	1.13	0	0	
1419753846568385936	CPU_4	10.22	0	32.95	0	54.54	2.27	0	0	0	
1419753847422938346	CPU_4	10.00	0	33.75	0	51.25	5.00	0	0	0	
1419753848314304630	CPU_4	12.08	0	31.86	0	52.74	2.19	1.09	0	0	
1419753849190271408	CPU_4	11.36	0	35.22	0	52.27	1.13	0	0	0	
1419753850226738525	CPU_4	13.26	0	30.61	0	53.06	3.06	0	0	0	
1419753851060046568	CPU_4	10.97	0	34.14	0	46.34	7.31	1.21	0	0	
1419753851890339117	CPU_4	10.66	0	32.00	0	52.00	5.33	0	0	0	
1419753852766254937	CPU_4	15.47	0	28.57	0	53.57	2.38	0	0	0	
1419753853734932960	CPU_4	11.45	0	33.33	0	48.95	5.20	1.04	0	0	
1419753854602391340	CPU_4	10.63	0	35.10	0	52.12	2.12	0	0	0	
1419753855495224246	CPU_4	17.89	0	28.42	0	50.52	2.10	1.05	0	0	
1419753856383402746	CPU_4	22.68	0	28.86	0	46.39	2.06	0	0	0	
1419753857323104043	CPU_4	8.04	0	36.78	0	51.72	3.44	0	0	0	
1419753858129133274	CPU_4	7.86	0	37.07	0	51.68	2.24	1.12	0	0	
1419753859028906413	CPU_4	14.94	0	29.88	0	54.02	1.14	0	0	0	
1419753859874005720	CPU_4	16.66	0	31.11	0	50.00	2.22	0	0	0	
1419753860802665835	CPU_4	12.35	0	33.70	0	49.43	3.37	1.12	0	0	
1419753861627034315	CPU_4	11.70	0	36.17	0	50.00	2.12	0	0	0	
1419753862517398268	CPU_4	12.35	0	32.58	0	52.80	2.24	0	0	0	
1419753863384841816	CPU_4	12.90	0	34.40	0	49.46	2.15	1.07	0	0	
1419753864298565173	CPU_4	13.33	0	32.22	0	52.22	2.22	0	0	0	
1419753865144316145	CPU_4	10.58	0	32.94	0	55.29	1.17	0	0	0	
1419753866017253680	CPU_4	9.52	0	33.33	0	53.57	2.38	1.19	0	0	
1419753866898770237	CPU_4	9.09	0	31.81	0	56.81	2.27	0	0	0	
1419753867793715721	CPU_4	11.62	0	31.39	0	54.65	2.32	0	0	0	
1419753868706381498	CPU_4	22.34	0	23.40	0	50.00	3.19	1.06	0	0	
1419753869633717282	CPU_4	16.49	0	31.95	0	49.48	2.06	0	0	0	
1419753870485494032	CPU_4	17.39	0	28.26	0	53.26	1.08	0	0	0	
1419753871432389855	CPU_4	11.70	0	30.85	0	54.25	2.12	1.06	0	0	
1419753872289639093	CPU_4	12.50	0	30.68	0	54.54	2.27	0	0	0	
1419753873178922423	CPU_4	13.33	0	35.55	0	47.77	3.33	0	0	0	
1419753874053048622	CPU_4	15.29	0	30.58	0	49.41	3.52	1.17	0	0	
1419753874988297055	CPU_4	14.94	0	31.03	0	49.42	4.59	0	0	0	
1419753875803714222	CPU_4	10.22	0	34.09	0	54.54	1.13	0	0	0	
1419753876680352415	CPU_4	8.98	0	34.83	0	52.80	2.24	1.12	0	0	
1419753877533365829	CPU_4	17.64	0	25.88	0	55.29	1.17	0	0	0	
1419753878405494116	CPU_4	16.48	0	29.67	0	51.64	2.19	0	0	0	
1419753879323764004	CPU_4	17.52	0	28.86	0	50.51	2.06	1.03	0	0	
1419753880197927703	CPU_4	14.28	0	32.96	0	51.64	1.09	0	0	0	
1419753881153608381	CPU_4	14.44	0	31.11	0	51.11	3.33	0	0	0	
1419753881983738181	CPU_4	15.05	0	31.18	0	50.53	2.15	1.07	0	0	
1419753882925186558	CPU_4	12.94	0	31.76	0	51.76	3.52	0	0	0	
1419753883742275179	CPU_4	14.13	0	35.86	0	46.73	3.26	0	0	0	
1419753884631032886	CPU_4	21.11	0	25.55	0	50.00	2.22	1.11	0	0	
1419753885478140605	CPU_4	11.11	0	33.33	0	53.33	2.22	0	0	0	
1419753886393241543	CPU_4	15.73	0	30.33	0	50.56	3.37	0	0	0	
1419753887297860171	CPU_4	14.28	0	30.61	0	52.04	2.04	1.02	0	0	
1419753888199771098	CPU_4	11.95	0	34.78	0	51.08	2.17	0	0	0	
1419753889112891499	CPU_4	12.22	0	34.44	0	48.88	4.44	0	0	0	
1419753890070671672	CPU_4	8.79	0	36.26	0	50.54	3.29	1.09	0	0	
1419753890877128526	CPU_4	14.44	0	33.33	0	51.11	1.11	0	0	0	
1419753891748419564	CPU_4	12.50	0	36.36	0	46.59	4.54	0	0	0	
1419753892658966221	CPU_4	14.28	0	31.63	0	52.04	1.02	1.02	0	0	
1419753893523394275	CPU_4	13.09	0	29.76	0	54.76	2.38	0	0	0	
1419753894481029740	CPU_4	10.63	0	36.17	0	51.06	2.12	0	0	0	
1419753895309143670	CPU_4	16.84	0	30.52	0	50.52	1.05	1.05	0	0	
1419753896183523535	CPU_4	14.77	0	28.40	0	54.54	2.27	0	0	0	
1419753897084269922	CPU_4	17.58	0	26.37	0	53.84	2.19	0	0	0	
1419753898021650517	CPU_4	14.73	0	31.57	0	48.42	4.21	1.05	0	0	
1419753898906422983	CPU_4	15.55	0	31.11	0	51.11	2.22	0	0	0	
1419753899763656720	CPU_4	17.20	0	32.25	0	49.46	1.07	0	0	0	
1419753900662933736	CPU_4	15.78	0	29.47	0	51.57	2.10	1.05	0	0	
1419753901558205344	CPU_4	11.95	0	36.95	0	46.73	4.34	0	0	0	
1419753902418241326	CPU_4	17.20	0	30.10	0	51.61	1.07	0	0	0	
1419753903297158513	CPU_4	14.11	0	31.76	0	49.41	3.52	1.17	0	0	
1419753904196388696	CPU_4	17.52	0	30.92	0	49.48	2.06	0	0	0	
1419753905064595741	CPU_4	14.44	0	31.11	0	52.22	2.22	0	0	0	
1419753905892608088	CPU_4	12.50	0	34.09	0	51.13	1.13	1.13	0	0	
1419753906788664819	CPU_4	9.75	0	37.80	0	46.34	6.09	0	0	0	
1419753907647261054	CPU_4	15.21	0	31.52	0	51.08	2.17	0	0	0	
1419753908534293389	CPU_4	16.66	0	31.25	0	47.91	3.12	1.04	0	0	
1419753909418185191	CPU_4	14.28	0	34.06	0	50.54	1.09	0	0	0	
1419753910278463546	CPU_4	13.97	0	32.25	0	51.61	2.15	0	0	0	
1419753911225042328	CPU_4	15.05	0	31.18	0	50.53	2.15	1.07	0	0	
1419753912062863360	CPU_4	14.89	0	32.97	0	51.06	1.06	0	0	0	
1419753912933462817	CPU_4	15.62	0	32.29	0	50.00	2.08	0	0	0	
1419753914002386860	CPU_4	10.11	0	33.70	0	47.19	7.86	1.12	0	0	
1419753914864688085	CPU_4	13.79	0	34.48	0	44.82	6.89	0	0	0	
1419753915788918711	CPU_4	14.13	0	31.52	0	48.91	4.34	1.08	0	0	
1419753916692039134	CPU_4	14.94	0	33.33	0	48.27	3.44	0	0	0	
1419753917528344962	CPU_4	19.31	0	27.27	0	47.72	5.68	0	0	0	
1419753918412633220	CPU_4	11.23	0	33.70	0	52.80	1.12	1.12	0	0	
1419753919287645167	CPU_4	19.58	0	29.89	0	48.45	2.06	0	0	0	
1419753920193324376	CPU_4	17.20	0	32.25	0	48.38	2.15	0	0	0	
1419753921078118217	CPU_4	10.41	0	33.33	0	53.12	2.08	1.04	0	0	
1419753921961530978	CPU_4	16.84	0	31.57	0	49.47	2.10	0	0	0	
1419753922834755387	CPU_4	15.21	0	30.43	0	52.17	2.17	0	0	0	
1419753923748772535	CPU_4	16.84	0	31.57	0	49.47	1.05	1.05	0	0	
1419753924598601457	CPU_4	16.66	0	32.29	0	48.95	2.08	0	0	0	
1419753925492322694	CPU_4	10.63	0	37.23	0	50.00	2.12	0	0	0	
1419753926354867711	CPU_4	12.22	0	32.22	0	52.22	2.22	1.11	0	0	
1419753927247907324	CPU_4	16.30	0	29.34	0	53.26	1.08	0	0	0	
1419753928154226407	CPU_4	12.76	0	34.04	0	50.00	3.19	0	0	0	
1419753929123745720	CPU_4	13.86	0	36.63	0	45.54	2.97	.99	0	0	
1419753929962181500	CPU_4	9.30	0	37.20	0	51.16	2.32	0	0	0	
1419753930853645409	CPU_4	12.24	0	35.71	0	47.95	3.06	1.02	0	0	
1419753931719225753	CPU_4	16.84	0	35.78	0	44.21	3.15	0	0	0	
1419753932583757515	CPU_4	18.75	0	31.25	0	48.95	1.04	0	0	0	
1419753933495321419	CPU_4	11.70	0	31.91	0	53.19	2.12	1.06	0	0	
1419753934391920900	CPU_4	13.68	0	34.73	0	49.47	2.10	0	0	0	
1419753935278522903	CPU_4	12.76	0	36.17	0	48.93	2.12	0	0	0	
1419753936139882923	CPU_4	14.28	0	35.71	0	46.93	2.04	1.02	0	0	
1419753937002581231	CPU_4	13.48	0	30.33	1.12	52.80	2.24	0	0	0	
1419753937868650156	CPU_4	13.79	0	31.03	0	54.02	1.14	0	0	0	
1419753938769296711	CPU_4	11.57	0	34.73	0	49.47	3.15	1.05	0	0	
1419753939657795835	CPU_4	15.21	0	32.60	0	51.08	1.08	0	0	0	
1419753940554295357	CPU_4	14.13	0	31.52	0	52.17	2.17	0	0	0	
1419753941399579330	CPU_4	16.84	0	31.57	0	48.42	2.10	1.05	0	0	
1419753942292719735	CPU_4	16.49	0	32.98	0	48.45	2.06	0	0	0	
1419753943197722238	CPU_4	15.38	0	30.76	0	52.74	1.09	0	0	0	
1419753944063116873	CPU_4	13.54	0	34.37	0	48.95	2.08	1.04	0	0	
1419753944969607706	CPU_4	14.44	0	32.22	0	50.00	3.33	0	0	0	
1419753945949820202	CPU_4	15.30	0	33.67	0	47.95	3.06	0	0	0	
1419753946780790500	CPU_4	15.30	0	29.59	0	53.06	1.02	1.02	0	0	
1419753947734490724	CPU_4	11.76	0	36.27	0	50.00	1.96	0	0	0	
1419753948588263053	CPU_4	17.39	0	32.60	0	48.91	1.08	0	0	0	
1419753949519237538	CPU_4	15.00	0	32.00	0	50.00	2.00	1.00	0	0	
1419753950413191399	CPU_4	16.84	0	29.47	0	51.57	2.10	0	0	0	
1419753951283834897	CPU_4	18.27	0	31.18	0	48.38	2.15	0	0	0	
1419753952205140154	CPU_4	18.36	0	27.55	0	51.02	2.04	1.02	0	0	
1419753953074426447	CPU_4	16.12	0	35.48	0	45.16	3.22	0	0	0	
1419753953937460505	CPU_4	18.68	0	29.67	0	49.45	2.19	0	0	0	
1419753954843451547	CPU_4	15.84	0	33.66	0	47.52	1.98	.99	0	0	
1419753955699059913	CPU_4	9.57	0	37.23	0	51.06	2.12	0	0	0	
1419753956567385334	CPU_4	13.04	0	36.95	0	48.91	1.08	0	0	0	
1419753957442749029	CPU_4	12.22	0	31.11	0	53.33	2.22	1.11	0	0	
1419753958294499405	CPU_4	15.05	0	34.40	0	49.46	1.07	0	0	0	
1419753959194811751	CPU_4	12.50	0	36.45	0	48.95	2.08	0	0	0	
1419753960118859002	CPU_4	20.20	0	26.26	0	50.50	2.02	1.01	0	0	
1419753961004278300	CPU_4	16.84	0	30.52	0	50.52	2.10	0	0	0	
1419753961918542573	CPU_4	10.30	0	40.20	0	47.42	2.06	0	0	0	
1419753962798224759	CPU_4	9.78	0	34.78	0	52.17	2.17	1.08	0	0	
1419753963712312740	CPU_4	14.00	0	34.00	0	49.00	3.00	0	0	0	
1419753964612718337	CPU_4	13.97	0	36.55	0	45.16	3.22	1.07	0	0	
1419753965484475624	CPU_4	8.51	0	38.29	0	51.06	2.12	0	0	0	
1419753966412930448	CPU_4	14.73	0	30.52	0	52.63	2.10	0	0	0	
1419753967283450697	CPU_4	19.79	0	27.08	0	50.00	2.08	1.04	0	0	
1419753968133581201	CPU_4	16.48	0	30.76	0	51.64	1.09	0	0	0	
1419753969069226716	CPU_4	13.26	0	33.67	0	51.02	2.04	0	0	0	
1419753969932041607	CPU_4	17.02	0	31.91	0	47.87	2.12	1.06	0	0	
1419753970821577854	CPU_4	16.48	0	34.06	0	46.15	3.29	0	0	0	
1419753971729745058	CPU_4	13.68	0	31.57	0	52.63	2.10	0	0	0	
1419753972597325896	CPU_4	14.43	0	32.98	0	49.48	2.06	1.03	0	0	
1419753973479282702	CPU_4	10.86	0	40.21	0	45.65	3.26	0	0	0	
1419753974397572299	CPU_4	16.00	0	34.00	0	48.00	2.00	0	0	0	
1419753975262744394	CPU_4	17.89	0	30.52	0	49.47	1.05	1.05	0	0	
1419753976222736895	CPU_4	15.21	0	30.43	0	52.17	2.17	0	0	0	
1419753977317622044	CPU_4	12.03	0	37.03	0	43.51	7.40	0	0	0	
1419753978193787280	CPU_4	12.50	0	31.81	0	47.72	6.81	1.13	0	0	
1419753979192347817	CPU_4	10.63	0	36.17	0	48.93	4.25	0	0	0	
1419753980012474807	CPU_4	15.95	0	35.10	0	45.74	3.19	0	0	0	
1419753980859741276	CPU_4	7.14	0	38.09	0	51.19	2.38	1.19	0	0	
1419753981753680179	CPU_4	16.66	0	31.25	0	50.00	2.08	0	0	0	
1419753982607042717	CPU_4	12.35	0	34.83	0	50.56	2.24	0	0	0	
1419753983494829134	CPU_4	17.02	0	30.85	0	48.93	2.12	1.06	0	0	
1419753984393687068	CPU_4	20.61	0	28.86	0	48.45	2.06	0	0	0	
1419753985252615301	CPU_4	10.98	0	36.26	0	50.54	2.19	0	0	0	
1419753986132876069	CPU_4	10.63	0	36.17	0	50.00	2.12	1.06	0	0	
1419753987059618772	CPU_4	15.00	0	33.00	0	50.00	2.00	0	0	0	
1419753987934306886	CPU_4	12.76	0	32.97	0	52.12	1.06	1.06	0	0	
1419753988829921452	CPU_4	11.95	0	34.78	0	50.00	3.26	0	0	0	
1419753989704852274	CPU_4	17.89	0	33.68	0	47.36	1.05	0	0	0	
1419753990563888924	CPU_4	10.63	0	36.17	0	50.00	2.12	1.06	0	0	
1419753991493415037	CPU_4	13.86	0	34.65	0	49.50	1.98	0	0	0	
1419753992384301030	CPU_4	14.58	0	34.37	0	48.95	2.08	0	0	0	
1419753993257486564	CPU_4	16.12	0	30.10	0	50.53	2.15	1.07	0	0	
1419753994147910767	CPU_4	14.73	0	32.63	0	50.52	2.10	0	0	0	
1419753995029618823	CPU_4	21.64	0	29.89	0	46.39	2.06	0	0	0	
1419753995906893598	CPU_4	13.68	0	33.68	0	49.47	2.10	1.05	0	0	
1419753996798557173	CPU_4	15.05	0	34.40	0	48.38	2.15	0	0	0	
1419753997628546307	CPU_4	17.70	0	32.29	0	48.95	1.04	0	0	0	
1419753998554782135	CPU_4	12.87	0	34.65	0	49.50	1.98	.99	0	0	
1419753999477619431	CPU_4	15.15	0	33.33	0	48.48	3.03	0	0	0	
1419754000349418551	CPU_4	14.13	0	33.69	0	50.00	2.17	0	0	0	
1419754001253536723	CPU_4	14.28	0	33.67	0	48.97	2.04	1.02	0	0	
1419754002093387542	CPU_4	13.04	0	36.95	0	48.91	1.08	0	0	0	
1419754002971573898	CPU_4	11.70	0	35.10	0	51.06	2.12	0	0	0	
1419754003868224545	CPU_4	11.45	0	37.50	0	47.91	2.08	1.04	0	0	
1419754004742262910	CPU_4	12.37	0	38.14	0	47.42	2.06	0	0	0	
1419754005624641381	CPU_4	11.34	0	37.11	0	49.48	2.06	0	0	0	
1419754006522526442	CPU_4	11.23	0	37.07	0	47.19	3.37	1.12	0	0	
1419754007439389584	CPU_4	12.63	0	33.68	0	51.57	2.10	0	0	0	
1419754008286833219	CPU_4	10.22	0	37.50	0	48.86	3.40	0	0	0	
1419754009222455485	CPU_4	14.85	0	32.67	0	48.51	2.97	.99	0	0	
1419754010087283913	CPU_4	10.75	0	39.78	0	48.38	1.07	0	0	0	
1419754010995839783	CPU_4	8.60	0	35.48	0	53.76	2.15	0	0	0	
1419754011879839917	CPU_4	13.26	0	33.67	0	50.00	2.04	1.02	0	0	
1419754012741870102	CPU_4	10.98	0	37.36	0	50.54	1.09	0	0	0	
1419754013623602741	CPU_4	14.89	0	35.10	0	47.87	2.12	0	0	0	
1419754014494558072	CPU_4	15.62	0	33.33	0	47.91	2.08	1.04	0	0	
1419754015343312038	CPU_4	15.05	0	33.33	0	49.46	2.15	0	0	0	
1419754016242941928	CPU_4	10.11	0	39.32	0	48.31	2.24	0	0	0	
1419754017098250878	CPU_4	13.86	0	33.66	0	49.50	1.98	.99	0	0	
1419754018006907247	CPU_4	11.45	0	36.45	0	51.04	1.04	0	0	0	
1419754018904793100	CPU_4	15.95	0	32.97	0	48.93	2.12	0	0	0	
1419754019789543357	CPU_4	14.43	0	35.05	0	47.42	2.06	1.03	0	0	
1419754020646788095	CPU_4	10.86	0	34.78	0	52.17	2.17	0	0	0	
1419754021546318027	CPU_4	8.98	0	37.07	0	50.56	3.37	0	0	0	
1419754022429259205	CPU_4	14.58	0	34.37	0	47.91	2.08	1.04	0	0	
1419754023289623685	CPU_4	11.23	0	35.95	0	51.68	1.12	0	0	0	
1419754024191846528	CPU_4	11.34	0	39.17	0	45.36	4.12	0	0	0	
1419754025072718753	CPU_4	10.41	0	36.45	0	50.00	2.08	1.04	0	0	
1419754025934389980	CPU_4	10.22	0	37.50	0	51.13	1.13	0	0	0	
1419754026822707146	CPU_4	10.75	0	36.55	0	50.53	2.15	0	0	0	
1419754027746709313	CPU_4	10.10	0	35.35	0	51.51	2.02	1.01	0	0	
1419754028636501476	CPU_4	11.57	0	36.84	0	49.47	2.10	0	0	0	
1419754029548932337	CPU_4	11.22	0	38.77	0	47.95	2.04	0	0	0	
1419754030438950582	CPU_4	12.37	0	35.05	0	48.45	3.09	1.03	0	0	
1419754031327470998	CPU_4	10.00	0	35.55	0	53.33	1.11	0	0	0	
1419754032220305945	CPU_4	14.58	0	32.29	0	51.04	2.08	0	0	0	
1419754033084589791	CPU_4	13.68	0	33.68	0	49.47	2.10	1.05	0	0	
1419754033998402315	CPU_4	10.20	0	38.77	0	48.97	2.04	0	0	0	
1419754034907901474	CPU_4	12.37	0	36.08	0	49.48	2.06	0	0	0	
1419754035788285700	CPU_4	10.63	0	36.17	0	51.06	1.06	1.06	0	0	
1419754036743653212	CPU_4	5.55	0	41.11	0	50.00	3.33	0	0	0	
1419754037632410335	CPU_4	8.33	0	38.54	0	52.08	1.04	0	0	0	
1419754038459128685	CPU_4	10.52	0	36.84	0	49.47	2.10	1.05	0	0	
1419754039443582963	CPU_4	10.58	0	34.11	0	51.76	3.52	0	0	0	
1419754040394539152	CPU_4	9.89	0	35.16	0	48.35	6.59	0	0	0	
1419754041229528065	CPU_4	12.76	0	34.04	0	47.87	4.25	1.06	0	0	
1419754042161033924	CPU_4	7.95	0	36.36	0	52.27	3.40	0	0	0	
1419754043049198007	CPU_4	14.28	0	34.06	0	46.15	4.39	1.09	0	0	
1419754043898848012	CPU_4	6.74	0	41.57	0	49.43	2.24	0	0	0	
1419754044766578600	CPU_4	11.23	0	35.95	0	50.56	2.24	0	0	0	
1419754045643668542	CPU_4	12.76	0	34.04	0	51.06	1.06	1.06	0	0	
1419754046509851301	CPU_4	8.42	0	41.05	0	48.42	2.10	0	0	0	
1419754047365233959	CPU_4	6.97	0	39.53	0	50.00	3.48	0	0	0	
1419754048254423832	CPU_4	9.67	0	37.63	0	51.61	1.07	0	0	0	
1419754049101366176	CPU_4	8.98	0	37.07	0	50.56	2.24	1.12	0	0	
1419754050052497698	CPU_4	7.92	0	40.59	0	49.50	1.98	0	0	0	
1419754051001658099	CPU_4	9.09	0	37.37	0	50.50	2.02	1.01	0	0	
1419754051851173354	CPU_4	12.90	0	34.40	0	50.53	2.15	0	0	0	
1419754052725649135	CPU_4	11.95	0	33.69	0	52.17	2.17	0	0	0	
1419754053623419280	CPU_4	13.40	0	36.08	0	47.42	2.06	1.03	0	0	
1419754054524507625	CPU_4	8.51	0	39.36	0	50.00	2.12	0	0	0	
1419754055369709181	CPU_4	8.79	0	39.56	0	50.54	1.09	0	0	0	
1419754056272020565	CPU_4	11.22	0	35.71	0	50.00	2.04	1.02	0	0	
1419754057131090132	CPU_4	14.28	0	36.73	1.02	45.91	2.04	0	0	0	
1419754058002627503	CPU_4	12.76	0	37.23	0	47.87	2.12	0	0	0	
1419754058946492542	CPU_4	10.00	0	40.00	0	45.55	3.33	1.11	0	0	
1419754059804028070	CPU_4	11.11	0	34.44	0	52.22	2.22	0	0	0	
1419754060634264536	CPU_4	10.11	0	38.20	0	47.19	4.49	0	0	0	
1419754061526050986	CPU_4	13.54	0	34.37	0	50.00	1.04	1.04	0	0	
1419754062398176731	CPU_4	12.22	0	34.44	0	48.88	4.44	0	0	0	
1419754063284774984	CPU_4	11.57	0	37.89	0	49.47	1.05	0	0	0	
1419754064199695756	CPU_4	8.16	0	39.79	0	47.95	3.06	1.02	0	0	
1419754065104028718	CPU_4	9.37	0	41.66	0	45.83	3.12	0	0	0	
1419754065975608173	CPU_4	9.30	0	39.53	0	47.67	3.48	0	0	0	
1419754066884404333	CPU_4	7.69	0	37.36	0	51.64	2.19	1.09	0	0	
1419754067724155028	CPU_4	10.34	0	33.33	0	55.17	1.14	0	0	0	
1419754068574598448	CPU_4	11.82	0	36.55	0	49.46	2.15	0	0	0	
1419754069438242670	CPU_4	13.82	0	35.10	0	47.87	2.12	1.06	0	0	
1419754070353789315	CPU_4	7.36	0	41.05	0	49.47	2.10	0	0	0	
1419754071248564467	CPU_4	10.75	0	36.55	0	50.53	2.15	0	0	0	
1419754072083891296	CPU_4	6.45	0	39.78	0	50.53	2.15	1.07	0	0	
1419754073003752098	CPU_4	9.89	0	36.26	0	51.64	2.19	0	0	0	
1419754073867396404	CPU_4	12.90	0	35.48	0	49.46	2.15	0	0	0	
1419754074751825912	CPU_4	8.88	0	36.66	0	52.22	1.11	1.11	0	0	
1419754075650117264	CPU_4	9.47	0	38.94	0	49.47	2.10	0	0	0	
1419754076492961910	CPU_4	13.04	0	34.78	0	50.00	2.17	0	0	0	
1419754077385544774	CPU_4	13.26	0	33.67	0	50.00	2.04	1.02	0	0	
1419754078280491467	CPU_4	14.28	0	35.16	0	49.45	1.09	0	0	0	
1419754079177015364	CPU_4	11.70	0	34.04	0	51.06	3.19	0	0	0	
1419754080059026961	CPU_4	11.57	0	37.89	0	47.36	2.10	1.05	0	0	
1419754080921815769	CPU_4	10.11	0	37.07	0	50.56	2.24	0	0	0	
1419754081831567719	CPU_4	11.45	0	35.41	0	51.04	2.08	0	0	0	
1419754082751867312	CPU_4	14.28	0	31.86	0	49.45	3.29	1.09	0	0	
1419754083594227542	CPU_4	13.68	0	36.84	0	47.36	2.10	0	0	0	
1419754084479535006	CPU_4	15.95	0	35.10	0	45.74	3.19	0	0	0	
1419754085441751211	CPU_4	11.36	0	32.95	0	51.13	3.40	1.13	0	0	
1419754086339626271	CPU_4	12.76	0	37.23	0	45.74	4.25	0	0	0	
1419754087132086533	CPU_4	11.49	0	33.33	0	54.02	1.14	0	0	0	
1419754088034026876	CPU_4	15.05	0	34.40	0	46.23	3.22	1.07	0	0	
1419754088990011928	CPU_4	13.18	0	35.16	0	48.35	3.29	0	0	0	
1419754089823292179	CPU_4	14.43	0	35.05	0	48.45	2.06	0	0	0	
1419754090676615884	CPU_4	11.23	0	37.07	0	47.19	3.37	1.12	0	0	
1419754091597977724	CPU_4	13.95	0	32.55	0	50.00	3.48	0	0	0	
1419754092405231035	CPU_4	12.64	0	33.33	0	52.87	1.14	0	0	0	
1419754093294072866	CPU_4	10.00	0	38.88	0	46.66	3.33	1.11	0	0	
1419754094177619251	CPU_4	12.63	0	36.84	0	47.36	3.15	0	0	0	
1419754095084941874	CPU_4	10.75	0	33.33	0	53.76	2.15	0	0	0	
1419754096009826122	CPU_4	9.27	0	37.11	0	51.54	1.03	1.03	0	0	
1419754096849343692	CPU_4	10.22	0	35.22	0	52.27	2.27	0	0	0	
1419754097746403005	CPU_4	8.60	0	35.48	1.07	53.76	1.07	0	0	0	
1419754098644845356	CPU_4	11.34	0	36.08	0	49.48	2.06	1.03	0	0	
1419754099561001541	CPU_4	6.45	0	38.70	0	52.68	2.15	0	0	0	
1419754100447780794	CPU_4	7.69	0	39.56	0	50.54	2.19	0	0	0	
1419754101329056643	CPU_4	10.75	0	34.40	0	52.68	1.07	1.07	0	0	
1419754102277129255	CPU_4	12.08	0	34.06	0	51.64	2.19	0	0	0	
1419754103248242106	CPU_4	9.27	0	38.14	0	46.39	6.18	0	0	0	
1419754104107804588	CPU_4	8.23	0	34.11	0	52.94	3.52	1.17	0	0	
1419754105079434354	CPU_4	7.14	0	38.09	0	48.80	5.95	0	0	0	
1419754105931942811	CPU_4	8.42	0	37.89	0	51.57	2.10	0	0	0	
1419754106829605122	CPU_4	12.50	0	35.41	0	48.95	2.08	1.04	0	0	
1419754107733141628	CPU_4	9.19	0	36.78	0	51.72	2.29	0	0	0	
1419754108564348467	CPU_4	7.95	0	36.36	0	53.40	2.27	0	0	0	
1419754109479413822	CPU_4	8.79	0	37.36	0	48.35	4.39	1.09	0	0	
1419754110373101059	CPU_4	10.63	0	37.23	0	50.00	2.12	0	0	0	
1419754111281515220	CPU_4	8.79	0	35.16	0	53.84	2.19	0	0	0	
1419754112148027353	CPU_4	15.21	0	30.43	0	51.08	2.17	1.08	0	0	
1419754113022740550	CPU_4	8.79	0	39.56	0	49.45	2.19	0	0	0	
1419754113913234587	CPU_4	12.90	0	33.33	0	52.68	1.07	0	0	0	
1419754114777243683	CPU_4	6.59	0	41.75	0	48.35	2.19	1.09	0	0	
1419754115678904777	CPU_4	12.08	0	31.86	0	53.84	2.19	0	0	0	
1419754116562127288	CPU_4	7.69	0	39.56	0	50.54	2.19	0	0	0	
1419754117448722042	CPU_4	5.88	0	38.82	0	50.58	3.52	1.17	0	0	
1419754118324096196	CPU_4	17.02	0	30.85	0	50.00	2.12	0	0	0	
1419754119196839189	CPU_4	13.95	0	34.88	0	47.67	3.48	0	0	0	
1419754120095882706	CPU_4	9.57	0	35.10	0	52.12	2.12	1.06	0	0	
1419754120998934546	CPU_4	5.37	0	41.93	0	50.53	2.15	0	0	0	
1419754121927028287	CPU_4	13.00	0	33.00	0	52.00	2.00	0	0	0	
1419754122801430694	CPU_4	17.58	0	30.76	0	47.25	3.29	1.09	0	0	
1419754123719154375	CPU_4	12.90	0	34.40	0	50.53	2.15	0	0	0	
1419754124592380951	CPU_4	10.75	0	36.55	0	50.53	2.15	0	0	0	
1419754125508331595	CPU_4	10.41	0	37.50	0	48.95	2.08	1.04	0	0	
1419754126439652121	CPU_4	9.78	0	34.78	0	53.26	2.17	0	0	0	
1419754127335648644	CPU_4	5.37	0	36.55	0	55.91	2.15	0	0	0	
1419754128212375795	CPU_4	8.51	0	37.23	0	51.06	2.12	1.06	0	0	
1419754129084890331	CPU_4	6.74	0	40.44	0	50.56	2.24	0	0	0	
1419754129988800753	CPU_4	8.79	0	37.36	0	51.64	2.19	0	0	0	
1419754130894521171	CPU_4	9.57	0	34.04	0	53.19	2.12	1.06	0	0	
1419754131821391040	CPU_4	5.68	0	38.63	0	54.54	1.13	0	0	0	
1419754132692833161	CPU_4	9.67	0	36.55	0	51.61	2.15	0	0	0	
1419754133615967705	CPU_4	8.42	0	35.78	0	51.57	3.15	1.05	0	0	
1419754134517763716	CPU_4	6.52	0	40.21	0	52.17	1.08	0	0	0	
1419754135429322203	CPU_4	7.69	0	41.75	0	48.35	2.19	0	0	0	
1419754136288821060	CPU_4	14.13	0	31.52	0	50.00	3.26	1.08	0	0	
1419754137169391536	CPU_4	18.27	0	29.03	1.07	49.46	2.15	0	0	0	
1419754138028303936	CPU_4	15.55	0	33.33	0	50.00	1.11	0	0	0	
1419754138942165252	CPU_4	15.11	0	31.39	0	48.83	3.48	1.16	0	0	
1419754139788046307	CPU_4	15.55	0	31.11	0	52.22	1.11	0	0	0	
1419754140662962212	CPU_4	15.78	0	31.57	0	50.52	2.10	0	0	0	
1419754141613085111	CPU_4	19.79	0	29.16	0	46.87	3.12	1.04	0	0	
1419754142459441749	CPU_4	14.94	0	31.03	0	51.72	2.29	0	0	0	
1419754143347445207	CPU_4	17.39	0	30.43	0	50.00	1.08	1.08	0	0	
1419754144257599490	CPU_4	17.70	0	30.20	0	48.95	3.12	0	0	0	
1419754145145001658	CPU_4	12.64	0	35.63	0	50.57	1.14	0	0	0	
1419754145985127185	CPU_4	14.28	0	30.76	0	51.64	2.19	1.09	0	0	
1419754146928019142	CPU_4	15.21	0	30.43	0	52.17	2.17	0	0	0	
1419754147767006588	CPU_4	15.38	0	32.96	0	50.54	1.09	0	0	0	
1419754148716498030	CPU_4	13.54	0	31.25	0	52.08	2.08	1.04	0	0	
1419754149549464907	CPU_4	16.09	0	32.18	0	49.42	2.29	0	0	0	
1419754150439498902	CPU_4	18.68	0	28.57	0	51.64	1.09	0	0	0	
1419754151361049534	CPU_4	15.46	0	30.92	0	50.51	2.06	1.03	0	0	
1419754152293772764	CPU_4	13.79	0	34.48	1.14	47.12	3.44	0	0	0	
1419754153153973661	CPU_4	12.64	0	29.88	0	54.02	3.44	0	0	0	
1419754153993967272	CPU_4	17.64	0	27.05	0	52.94	1.17	1.17	0	0	
1419754154938307101	CPU_4	11.49	0	36.78	0	48.27	3.44	0	0	0	
1419754155825636311	CPU_4	11.95	0	32.60	0	53.26	2.17	0	0	0	
1419754156727504904	CPU_4	14.58	0	30.20	0	53.12	1.04	1.04	0	0	
1419754157657762599	CPU_4	14.58	0	31.25	0	52.08	2.08	0	0	0	
1419754158549264132	CPU_4	12.76	0	34.04	0	51.06	2.12	0	0	0	
1419754159424302704	CPU_4	11.23	0	32.58	0	53.93	1.12	1.12	0	0	
1419754160309747918	CPU_4	17.04	0	28.40	0	52.27	2.27	0	0	0	
1419754161238150534	CPU_4	17.58	0	28.57	0	52.74	1.09	0	0	0	
1419754162123004416	CPU_4	16.66	0	31.25	0	48.95	2.08	1.04	0	0	
1419754162997939613	CPU_4	15.55	0	30.00	0	52.22	2.22	0	0	0	
1419754163884105701	CPU_4	13.48	0	30.33	0	55.05	1.12	0	0	0	
1419754164819072884	CPU_4	15.21	0	32.60	0	47.82	3.26	1.08	0	0	
1419754165776264267	CPU_4	7.05	0	37.64	0	49.41	5.88	0	0	0	
1419754166644362855	CPU_4	11.36	0	35.22	0	45.45	6.81	1.13	0	0	
1419754167596816540	CPU_4	13.79	0	34.48	0	47.12	4.59	0	0	0	
1419754168466967623	CPU_4	10.22	0	39.77	0	46.59	3.40	0	0	0	
1419754169313865134	CPU_4	19.10	0	24.71	0	51.68	3.37	1.12	0	0	
1419754170201205177	CPU_4	16.48	0	30.76	0	51.64	1.09	0	0	0	
1419754171048398521	CPU_4	16.47	0	28.23	0	52.94	2.35	0	0	0	
1419754171913358616	CPU_4	11.49	0	37.93	0	45.97	3.44	1.14	0	0	
1419754172836785993	CPU_4	9.09	0	35.22	0	52.27	3.40	0	0	0	
1419754173769328932	CPU_4	10.11	0	33.70	0	52.80	3.37	0	0	0	
1419754174630498702	CPU_4	12.08	0	34.06	0	51.64	1.09	1.09	0	0	
1419754175571081748	CPU_4	12.64	0	32.18	0	52.87	2.29	0	0	0	
1419754176395192020	CPU_4	12.34	0	34.56	0	50.61	2.46	0	0	0	
1419754177248689350	CPU_4	12.90	0	31.18	0	52.68	2.15	1.07	0	0	
1419754178228518264	CPU_4	15.05	0	32.25	0	50.53	2.15	0	0	0	
1419754179069129706	CPU_4	14.60	0	31.46	0	51.68	2.24	0	0	0	
1419754179912029227	CPU_4	24.73	0	24.73	0	48.38	1.07	1.07	0	0	
1419754180783069516	CPU_4	13.63	0	32.95	0	51.13	2.27	0	0	0	
1419754181692386383	CPU_4	12.79	0	30.23	0	55.81	1.16	0	0	0	
1419754182552941447	CPU_4	18.08	0	28.72	0	50.00	2.12	1.06	0	0	
1419754183498220482	CPU_4	12.08	0	31.86	0	53.84	2.19	0	0	0	
1419754184334801267	CPU_4	16.09	0	31.03	0	50.57	2.29	0	0	0	
1419754185164891692	CPU_4	14.94	0	29.88	0	52.87	1.14	1.14	0	0	
1419754186045553959	CPU_4	16.66	0	31.11	0	50.00	2.22	0	0	0	
1419754186974620656	CPU_4	12.08	0	32.96	0	53.84	1.09	0	0	0	
1419754187862952405	CPU_4	18.36	0	29.59	0	47.95	3.06	1.02	0	0	
1419754188744237879	CPU_4	12.79	0	33.72	0	52.32	1.16	0	0	0	
1419754189654554328	CPU_4	12.90	0	31.18	0	53.76	2.15	0	0	0	
1419754190503977292	CPU_4	10.22	0	35.22	0	52.27	1.13	1.13	0	0	
1419754191360312615	CPU_4	10.84	0	33.73	0	53.01	2.40	0	0	0	
1419754192207819541	CPU_4	11.49	0	33.33	0	54.02	1.14	0	0	0	
1419754193094349795	CPU_4	13.95	0	33.72	0	47.67	3.48	1.16	0	0	
1419754193967565579	CPU_4	11.36	0	35.22	0	51.13	2.27	0	0	0	
1419754194839179866	CPU_4	13.04	0	32.60	0	53.26	1.08	0	0	0	
1419754195722329878	CPU_4	11.76	0	30.58	0	54.11	2.35	1.17	0	0	
1419754196609216672	CPU_4	11.11	0	34.44	0	53.33	1.11	0	0	0	
1419754197467440074	CPU_4	11.49	0	35.63	0	50.57	2.29	0	0	0	
1419754198387556959	CPU_4	7.60	0	36.95	0	52.17	2.17	1.08	0	0	
1419754199318077403	CPU_4	6.59	0	38.46	0	52.74	2.19	0	0	0	
1419754200197357548	CPU_4	7.95	0	38.63	0	52.27	1.13	0	0	0	
1419754201027973513	CPU_4	8.69	0	35.86	0	53.26	1.08	1.08	0	0	
1419754201939849500	CPU_4	9.78	0	33.69	0	54.34	2.17	0	0	0	
1419754202822222013	CPU_4	11.36	0	32.95	0	53.40	2.27	0	0	0	
1419754203723749524	CPU_4	12.22	0	33.33	0	52.22	1.11	1.11	0	0	
1419754204671112179	CPU_4	8.23	0	32.94	0	56.47	2.35	0	0	0	
1419754205532912073	CPU_4	8.88	0	33.33	0	55.55	2.22	0	0	0	
1419754206454211663	CPU_4	11.90	0	30.95	0	52.38	3.57	1.19	0	0	
1419754207327036906	CPU_4	12.76	0	34.04	0	51.06	2.12	0	0	0	
1419754208204229848	CPU_4	9.19	0	36.78	0	52.87	1.14	0	0	0	
1419754209131617507	CPU_4	7.95	0	36.36	0	52.27	2.27	1.13	0	0	
1419754209967555710	CPU_4	11.11	0	33.33	0	54.44	1.11	0	0	0	
1419754210925039051	CPU_4	11.49	0	36.78	0	48.27	3.44	0	0	0	
1419754211783101786	CPU_4	12.90	0	29.03	0	54.83	2.15	1.07	0	0	
1419754212632848333	CPU_4	9.52	0	35.71	1.19	52.38	1.19	0	0	0	
1419754213503823122	CPU_4	7.05	0	40.00	0	49.41	3.52	0	0	0	
1419754214419306101	CPU_4	14.28	0	29.67	0	52.74	2.19	1.09	0	0	
1419754215284470153	CPU_4	11.23	0	33.70	0	53.93	1.12	0	0	0	
1419754216209943109	CPU_4	11.49	0	34.48	0	52.87	1.14	0	0	0	
1419754217015314841	CPU_4	8.98	0	34.83	0	53.93	1.12	1.12	0	0	
1419754217901773636	CPU_4	11.11	0	35.55	0	51.11	2.22	0	0	0	
1419754218786028478	CPU_4	11.23	0	33.70	0	52.80	2.24	0	0	0	
1419754219647720414	CPU_4	14.94	0	31.03	0	51.72	1.14	1.14	0	0	
1419754220600293099	CPU_4	8.60	0	36.55	0	52.68	2.15	0	0	0	
1419754221482777445	CPU_4	11.36	0	32.95	0	53.40	2.27	0	0	0	
1419754222357367434	CPU_4	10.34	0	35.63	1.14	49.42	2.29	1.14	0	0	
1419754223179261336	CPU_4	11.36	0	36.36	0	50.00	2.27	0	0	0	
1419754224049259419	CPU_4	9.09	0	37.50	0	51.13	2.27	0	0	0	
1419754224933082762	CPU_4	10.00	0	35.55	0	51.11	2.22	1.11	0	0	
1419754225822734384	CPU_4	8.04	0	35.63	0	54.02	2.29	0	0	0	
1419754226690899763	CPU_4	10.22	0	35.22	0	53.40	1.13	0	0	0	
1419754227558011477	CPU_4	11.23	0	32.58	0	52.80	2.24	1.12	0	0	
1419754228511276286	CPU_4	8.33	0	39.28	0	48.80	3.57	0	0	0	
1419754229435158245	CPU_4	10.86	0	31.52	0	50.00	6.52	1.08	0	0	
1419754230327442110	CPU_4	11.62	0	31.39	0	54.65	2.32	0	0	0	
1419754231307392274	CPU_4	12.08	0	37.36	0	46.15	4.39	0	0	0	
1419754232233487603	CPU_4	8.69	0	33.69	0	54.34	2.17	1.08	0	0	
1419754233093736834	CPU_4	8.69	0	34.78	0	54.34	2.17	0	0	0	
1419754234018576166	CPU_4	10.86	0	34.78	0	52.17	2.17	0	0	0	
1419754234936524514	CPU_4	12.22	0	32.22	0	52.22	2.22	1.11	0	0	
1419754235849551123	CPU_4	9.78	0	33.69	0	54.34	2.17	0	0	0	
1419754236724431570	CPU_4	6.89	0	37.93	0	54.02	1.14	0	0	0	
1419754237619356846	CPU_4	10.71	0	33.33	0	52.38	2.38	1.19	0	0	
1419754238502354607	CPU_4	12.22	0	32.22	0	53.33	2.22	0	0	0	
1419754239452112757	CPU_4	9.78	0	32.60	0	55.43	2.17	0	0	0	
1419754240358409257	CPU_4	9.09	0	32.95	0	54.54	2.27	1.13	0	0	
1419754241247992045	CPU_4	8.23	0	35.29	0	54.11	2.35	0	0	0	
1419754242134573507	CPU_4	6.66	0	41.11	0	48.88	3.33	0	0	0	
1419754242998405104	CPU_4	12.04	0	31.32	0	53.01	2.40	1.20	0	0	
1419754243870050267	CPU_4	9.09	0	36.36	0	52.27	2.27	0	0	0	
1419754244795814972	CPU_4	10.86	0	34.78	0	52.17	2.17	0	0	0	
1419754245743539668	CPU_4	7.60	0	36.95	0	52.17	2.17	1.08	0	0	
1419754246599337534	CPU_4	11.11	0	33.33	0	54.44	1.11	0	0	0	
1419754247427874045	CPU_4	7.22	0	38.55	0	51.80	2.40	0	0	0	
1419754248318145124	CPU_4	8.04	0	36.78	0	52.87	1.14	1.14	0	0	
1419754249184602798	CPU_4	9.63	0	33.73	0	54.21	2.40	0	0	0	
1419754250061060575	CPU_4	6.81	0	36.36	0	54.54	2.27	0	0	0	
1419754251003779449	CPU_4	8.88	0	36.66	0	52.22	1.11	1.11	0	0	
1419754251809433972	CPU_4	14.13	0	33.69	0	50.00	2.17	0	0	0	
1419754252651465703	CPU_4	8.64	0	37.03	0	53.08	1.23	0	0	0	
1419754253560169030	CPU_4	9.09	0	37.50	0	50.00	2.27	1.13	0	0	
1419754254406816250	CPU_4	9.41	0	36.47	0	51.76	2.35	0	0	0	
1419754255292545922	CPU_4	12.50	0	34.09	0	50.00	3.40	0	0	0	
1419754256163203129	CPU_4	6.52	0	35.86	0	55.43	1.08	1.08	0	0	
1419754257081229310	CPU_4	10.98	0	34.06	0	52.74	2.19	0	0	0	
1419754257948735482	CPU_4	11.62	0	31.39	0	55.81	1.16	0	0	0	
1419754258859070181	CPU_4	12.76	0	32.97	0	51.06	2.12	1.06	0	0	
1419754259780581188	CPU_4	12.90	0	31.18	0	53.76	2.15	0	0	0	
1419754260650185647	CPU_4	9.19	0	36.78	0	52.87	1.14	0	0	0	
1419754261521204769	CPU_4	10.22	0	34.09	0	52.27	2.27	1.13	0	0	
1419754262396658506	CPU_4	8.79	0	37.36	0	51.64	2.19	0	0	0	
1419754263269314583	CPU_4	8.04	0	36.78	0	52.87	2.29	0	0	0	
1419754264153830633	CPU_4	13.63	0	32.95	0	51.13	1.13	1.13	0	0	
1419754265059292718	CPU_4	9.19	0	35.63	0	50.57	4.59	0	0	0	
1419754265948974089	CPU_4	6.59	0	38.46	0	52.74	2.19	0	0	0	
1419754266824794617	CPU_4	13.48	0	33.70	0	50.56	1.12	1.12	0	0	
1419754267732904905	CPU_4	8.88	0	35.55	0	52.22	3.33	0	0	0	
1419754268623585315	CPU_4	8.98	0	37.07	0	51.68	2.24	0	0	0	
1419754269556917503	CPU_4	12.64	0	32.18	0	52.87	1.14	1.14	0	0	
1419754270410020791	CPU_4	10.52	0	36.84	0	50.52	2.10	0	0	0	
1419754271284662156	CPU_4	11.49	0	35.63	0	50.57	2.29	0	0	0	
1419754272203954209	CPU_4	9.89	0	32.96	0	54.94	1.09	1.09	0	0	
1419754273126395421	CPU_4	10.86	0	34.78	0	52.17	2.17	0	0	0	
1419754273964950369	CPU_4	10.11	0	35.95	0	52.80	1.12	0	0	0	
1419754274981073366	CPU_4	7.92	0	38.61	0	50.49	1.98	.99	0	0	
1419754275815969696	CPU_4	13.04	0	33.69	0	51.08	2.17	0	0	0	
1419754276736889787	CPU_4	10.75	0	34.40	0	52.68	2.15	0	0	0	
1419754277716784618	CPU_4	8.60	0	34.40	0	53.76	2.15	1.07	0	0	
1419754278589438070	CPU_4	10.98	0	35.16	0	51.64	2.19	0	0	0	
1419754279476960988	CPU_4	12.08	0	31.86	0	53.84	1.09	1.09	0	0	
1419754280373087927	CPU_4	14.44	0	32.22	0	51.11	2.22	0	0	0	
1419754281286698369	CPU_4	13.04	0	31.52	0	53.26	2.17	0	0	0	
1419754282172157833	CPU_4	14.28	0	31.86	0	51.64	1.09	1.09	0	0	
1419754283072188055	CPU_4	13.33	0	31.11	0	52.22	3.33	0	0	0	
1419754283952479532	CPU_4	11.90	0	32.14	0	53.57	2.38	0	0	0	
1419754284879183693	CPU_4	12.35	0	28.08	0	56.17	2.24	1.12	0	0	
1419754285722864753	CPU_4	10.58	0	37.64	0	49.41	2.35	0	0	0	
1419754286626581384	CPU_4	12.35	0	31.46	0	55.05	1.12	0	0	0	
1419754287516781754	CPU_4	13.68	0	32.63	0	50.52	2.10	1.05	0	0	
1419754288369257752	CPU_4	13.79	0	33.33	0	50.57	2.29	0	0	0	
1419754289229797149	CPU_4	10.46	0	36.04	0	52.32	1.16	0	0	0	
1419754290147979996	CPU_4	10.63	0	35.10	0	51.06	2.12	1.06	0	0	
1419754291024359690	CPU_4	17.58	0	30.76	0	49.45	2.19	0	0	0	
1419754291882461175	CPU_4	10.52	0	34.21	0	47.36	7.89	0	0	0	
1419754292824539926	CPU_4	10.46	0	36.04	0	47.67	4.65	1.16	0	0	
1419754293684688407	CPU_4	12.04	0	34.93	0	48.19	4.81	0	0	0	
1419754294699577740	CPU_4	12.37	0	36.08	0	46.39	5.15	0	0	0	
1419754295514485700	CPU_4	12.50	0	32.95	0	51.13	2.27	1.13	0	0	
1419754296439937697	CPU_4	11.23	0	33.70	0	53.93	1.12	0	0	0	
1419754297282268344	CPU_4	13.04	0	33.69	0	51.08	2.17	0	0	0	
1419754298196738283	CPU_4	14.28	0	30.76	0	51.64	2.19	1.09	0	0	
1419754299111053890	CPU_4	10.84	0	31.32	0	56.62	1.20	0	0	0	
1419754300031280482	CPU_4	12.90	0	34.40	0	50.53	2.15	0	0	0	
1419754300910572211	CPU_4	12.08	0	31.86	0	52.74	2.19	1.09	0	0	
1419754301754040438	CPU_4	18.68	0	29.67	0	50.54	1.09	0	0	0	
1419754302607704476	CPU_4	9.09	0	35.22	1.13	52.27	2.27	0	0	0	
1419754303512928269	CPU_4	15.66	0	31.32	0	49.39	2.40	1.20	0	0	
1419754304330046599	CPU_4	10.22	0	35.22	0	53.40	1.13	0	0	0	
1419754305206303918	CPU_4	15.73	0	30.33	0	51.68	2.24	0	0	0	
1419754306092422922	CPU_4	12.08	0	31.86	0	52.74	2.19	1.09	0	0	
1419754307006749862	CPU_4	16.25	0	31.25	0	50.00	2.50	0	0	0	
1419754307810085890	CPU_4	17.39	0	29.34	0	52.17	1.08	0	0	0	
1419754308713911645	CPU_4	15.55	0	27.77	0	53.33	2.22	1.11	0	0	
1419754309595603077	CPU_4	11.62	0	33.72	0	53.48	1.16	0	0	0	
1419754310499822789	CPU_4	12.08	0	34.06	0	50.54	3.29	0	0	0	
1419754311375339777	CPU_4	14.28	0	27.38	0	54.76	2.38	1.19	0	0	
1419754312289847216	CPU_4	11.36	0	34.09	0	53.40	1.13	0	0	0	
1419754313148120076	CPU_4	13.48	0	32.58	0	51.68	2.24	0	0	0	
1419754314074855154	CPU_4	9.78	0	34.78	0	52.17	2.17	1.08	0	0	
1419754315009036131	CPU_4	10.75	0	34.40	0	52.68	2.15	0	0	0	
1419754315897742171	CPU_4	11.95	0	31.52	0	53.26	2.17	1.08	0	0	
1419754316825625579	CPU_4	17.24	0	28.73	0	51.72	2.29	0	0	0	
1419754317670487054	CPU_4	14.28	0	31.86	0	52.74	1.09	0	0	0	
1419754318559935592	CPU_4	15.05	0	31.18	0	50.53	2.15	1.07	0	0	
1419754319534094769	CPU_4	16.48	0	29.67	0	51.64	2.19	0	0	0	
1419754320384942105	CPU_4	14.28	0	29.67	0	53.84	2.19	0	0	0	
1419754321272662689	CPU_4	9.52	0	38.09	0	48.80	2.38	1.19	0	0	
1419754322109060682	CPU_4	12.08	0	32.96	0	52.74	2.19	0	0	0	
1419754323007536908	CPU_4	16.66	0	28.88	0	52.22	2.22	0	0	0	
1419754323904455263	CPU_4	19.10	0	28.08	0	50.56	1.12	1.12	0	0	
1419754324767031113	CPU_4	13.97	0	31.18	0	50.53	4.30	0	0	0	
1419754325702956462	CPU_4	11.62	0	32.55	0	55.81	0	0	0	0	
1419754326552858049	CPU_4	17.58	0	29.67	0	50.54	1.09	1.09	0	0	
1419754327434932480	CPU_4	10.98	0	35.16	0	51.64	2.19	0	0	0	
1419754328372158617	CPU_4	11.62	0	33.72	0	51.16	3.48	0	0	0	
1419754329338539603	CPU_4	17.20	0	27.95	0	49.46	4.30	1.07	0	0	
1419754330184228409	CPU_4	11.90	0	32.14	0	52.38	3.57	0	0	0	
1419754331044247640	CPU_4	12.50	0	32.95	0	53.40	1.13	0	0	0	
1419754331919922627	CPU_4	16.12	0	30.10	0	50.53	2.15	1.07	0	0	
1419754332808850083	CPU_4	13.63	0	35.22	0	47.72	3.40	0	0	0	
1419754333689652808	CPU_4	13.48	0	33.70	0	51.68	1.12	0	0	0	
1419754334589093948	CPU_4	15.05	0	29.03	0	52.68	2.15	1.07	0	0	
1419754335498741065	CPU_4	12.50	0	35.22	0	48.86	3.40	0	0	0	
1419754336358049548	CPU_4	16.12	0	31.18	0	51.61	1.07	0	0	0	
1419754337217212073	CPU_4	15.90	0	29.54	0	51.13	2.27	1.13	0	0	
1419754338153900961	CPU_4	13.18	0	30.76	0	54.94	1.09	0	0	0	
1419754339022257340	CPU_4	17.44	0	29.06	0	51.16	2.32	0	0	0	
1419754339902036984	CPU_4	17.77	0	24.44	0	54.44	2.22	1.11	0	0	
1419754340795203555	CPU_4	15.55	0	31.11	0	52.22	1.11	0	0	0	
1419754341688214127	CPU_4	21.05	0	26.31	0	50.52	2.10	0	0	0	
1419754342563023533	CPU_4	12.08	0	32.96	0	51.64	2.19	1.09	0	0	
1419754343473260232	CPU_4	17.20	0	31.18	0	50.53	1.07	0	0	0	
1419754344362946311	CPU_4	12.08	0	35.16	0	50.54	2.19	0	0	0	
1419754345274785798	CPU_4	13.33	0	33.33	0	50.00	2.22	1.11	0	0	
1419754346138407271	CPU_4	16.48	0	29.67	0	51.64	2.19	0	0	0	
1419754347004707988	CPU_4	15.55	0	32.22	0	51.11	1.11	0	0	0	
1419754347923809166	CPU_4	11.82	0	32.25	0	52.68	2.15	1.07	0	0	
1419754348767758559	CPU_4	11.36	0	37.50	0	48.86	2.27	0	0	0	
1419754349652413442	CPU_4	19.10	0	26.96	0	52.80	1.12	0	0	0	
1419754350555897865	CPU_4	17.34	0	29.59	0	50.00	2.04	1.02	0	0	
1419754351501829648	CPU_4	8.60	0	37.63	0	51.61	2.15	0	0	0	
1419754352390937979	CPU_4	17.58	0	32.96	1.09	45.05	3.29	0	0	0	
1419754353202032031	CPU_4	14.94	0	31.03	0	51.72	1.14	1.14	0	0	
1419754354061910179	CPU_4	17.20	0	32.25	0	48.38	2.15	0	0	0	
1419754354994890701	CPU_4	10.97	0	39.02	0	42.68	6.09	1.21	0	0	
1419754355979207480	CPU_4	14.00	0	33.00	0	48.00	5.00	0	0	0	
1419754356824403495	CPU_4	13.79	0	34.48	0	48.27	3.44	0	0	0	
1419754357878437488	CPU_4	11.65	0	35.92	0	46.60	4.85	.97	0	0	
1419754358714523816	CPU_4	14.44	0	33.33	0	51.11	1.11	0	0	0	
1419754359569139143	CPU_4	17.58	0	30.76	0	50.54	1.09	0	0	0	
1419754360473039773	CPU_4	13.82	0	31.91	0	51.06	2.12	1.06	0	0	
1419754361358637320	CPU_4	10.46	0	37.20	0	48.83	3.48	0	0	0	
1419754362221924002	CPU_4	10.58	0	37.64	0	48.23	3.52	0	0	0	
1419754363099866984	CPU_4	13.97	0	32.25	0	50.53	2.15	1.07	0	0	
1419754363989509105	CPU_4	13.04	0	35.86	0	50.00	1.08	0	0	0	
1419754364883434092	CPU_4	12.90	0	32.25	0	52.68	2.15	0	0	0	
1419754365764732441	CPU_4	15.95	0	32.97	0	48.93	1.06	1.06	0	0	
1419754366705077112	CPU_4	14.43	0	30.92	0	52.57	2.06	0	0	0	
1419754367577938189	CPU_4	18.88	0	32.22	0	45.55	3.33	0	0	0	
1419754368486020809	CPU_4	8.79	0	36.26	0	51.64	2.19	1.09	0	0	
1419754369358167512	CPU_4	13.04	0	34.78	0	50.00	2.17	0	0	0	
1419754370237765323	CPU_4	15.78	0	32.63	0	50.52	1.05	0	0	0	
1419754371122856080	CPU_4	14.44	0	34.44	0	48.88	1.11	1.11	0	0	
1419754371967402555	CPU_4	13.04	0	34.78	0	50.00	2.17	0	0	0	
1419754372822569673	CPU_4	12.79	0	33.72	0	51.16	2.32	0	0	0	
1419754373689529429	CPU_4	14.13	0	33.69	0	48.91	2.17	1.08	0	0	
1419754374593330893	CPU_4	10.11	0	34.83	0	53.93	1.12	0	0	0	
1419754375486634464	CPU_4	17.89	0	30.52	0	49.47	2.10	0	0	0	
1419754376344674367	CPU_4	14.13	0	32.60	0	51.08	1.08	1.08	0	0	
1419754377242498511	CPU_4	15.38	0	31.86	0	50.54	2.19	0	0	0	
1419754378103044282	CPU_4	20.43	0	29.03	0	49.46	1.07	0	0	0	
1419754378974384988	CPU_4	21.50	0	25.80	0	49.46	2.15	1.07	0	0	
1419754379878514117	CPU_4	12.90	0	35.48	0	50.53	1.07	0	0	0	
1419754380767547323	CPU_4	14.13	0	32.60	0	51.08	2.17	0	0	0	
1419754381697740768	CPU_4	12.37	0	34.02	0	50.51	2.06	1.03	0	0	
1419754382597004701	CPU_4	12.63	0	34.73	0	50.52	2.10	0	0	0	
1419754383479384589	CPU_4	15.05	0	30.10	0	52.68	1.07	1.07	0	0	
1419754384376671484	CPU_4	18.27	0	31.18	0	48.38	2.15	0	0	0	
1419754385303401937	CPU_4	15.21	0	32.60	0	50.00	2.17	0	0	0	
1419754386169330404	CPU_4	14.73	0	31.57	0	51.57	1.05	1.05	0	0	
1419754387041519024	CPU_4	10.86	0	35.86	0	51.08	2.17	0	0	0	
1419754387913792019	CPU_4	9.67	0	39.78	0	48.38	2.15	0	0	0	
1419754388828312166	CPU_4	11.70	0	34.04	0	51.06	2.12	1.06	0	0	
1419754389755609743	CPU_4	16.85	0	33.70	0	47.19	2.24	0	0	0	
1419754390647415317	CPU_4	12.76	0	32.97	0	53.19	1.06	0	0	0	
1419754391496855489	CPU_4	16.16	0	32.32	0	48.48	2.02	1.01	0	0	
1419754392407017105	CPU_4	18.18	0	27.27	0	53.40	1.13	0	0	0	
1419754393290175575	CPU_4	13.48	0	37.07	0	46.06	3.37	0	0	0	
1419754394138545791	CPU_4	13.97	0	33.33	0	49.46	2.15	1.07	0	0	
1419754394997280567	CPU_4	17.02	0	34.04	0	46.80	2.12	0	0	0	
1419754395879458622	CPU_4	17.39	0	26.08	0	54.34	2.17	0	0	0	
1419754396847111814	CPU_4	12.90	0	33.33	0	50.53	2.15	1.07	0	0	
1419754397748557408	CPU_4	13.82	0	35.10	0	48.93	2.12	0	0	0	
1419754398609660595	CPU_4	16.49	0	31.95	0	49.48	2.06	0	0	0	
1419754399469736034	CPU_4	16.66	0	31.11	0	50.00	1.11	1.11	0	0	
1419754400344878481	CPU_4	15.55	0	32.22	0	48.88	3.33	0	0	0	
1419754401216323894	CPU_4	14.13	0	35.86	0	48.91	1.08	0	0	0	
1419754402107718844	CPU_4	14.73	0	31.57	0	50.52	2.10	1.05	0	0	
1419754403051216883	CPU_4	16.09	0	35.63	0	43.67	4.59	0	0	0	
1419754403889797914	CPU_4	13.40	0	34.02	0	50.51	2.06	0	0	0	
1419754404754594009	CPU_4	15.90	0	30.68	0	51.13	1.13	1.13	0	0	
1419754405649001994	CPU_4	12.35	0	33.70	0	50.56	3.37	0	0	0	
1419754406538344533	CPU_4	21.27	0	27.65	0	48.93	2.12	0	0	0	
1419754407478478038	CPU_4	15.46	0	29.89	0	51.54	2.06	1.03	0	0	
1419754408388998278	CPU_4	18.94	0	27.36	0	51.57	2.10	0	0	0	
1419754409273020371	CPU_4	15.55	0	31.11	0	52.22	1.11	0	0	0	
1419754410157802837	CPU_4	14.89	0	34.04	0	47.87	2.12	1.06	0	0	
1419754411054387942	CPU_4	18.08	0	29.78	0	50.00	2.12	0	0	0	
1419754411942337442	CPU_4	14.60	0	29.21	0	53.93	1.12	1.12	0	0	
1419754412843660870	CPU_4	22.10	0	26.31	0	49.47	2.10	0	0	0	
1419754413754387318	CPU_4	14.60	0	32.58	0	50.56	2.24	0	0	0	
1419754414602272869	CPU_4	15.95	0	31.91	0	50.00	1.06	1.06	0	0	
1419754415499803013	CPU_4	16.49	0	30.92	0	50.51	2.06	0	0	0	
1419754416401213191	CPU_4	18.18	0	29.54	0	51.13	1.13	0	0	0	
1419754417312373596	CPU_4	12.08	0	38.46	0	43.95	4.39	1.09	0	0	
1419754418148253258	CPU_4	11.90	0	35.71	0	45.23	7.14	0	0	0	
1419754419127738214	CPU_4	14.28	0	36.26	0	43.95	5.49	0	0	0	
1419754420077746030	CPU_4	18.18	0	29.29	0	48.48	3.03	1.01	0	0	
1419754420904769462	CPU_4	13.33	0	35.55	0	46.66	4.44	0	0	0	
1419754421827807507	CPU_4	10.98	0	34.06	0	53.84	1.09	0	0	0	
1419754422738793579	CPU_4	14.13	0	33.69	0	48.91	2.17	1.08	0	0	
1419754423625274916	CPU_4	15.68	0	34.31	0	48.03	1.96	0	0	0	
1419754424504089812	CPU_4	15.73	0	32.58	0	48.31	3.37	0	0	0	
1419754425334640361	CPU_4	17.97	0	29.21	0	49.43	2.24	1.12	0	0	
1419754426213089175	CPU_4	16.84	0	34.73	0	47.36	1.05	0	0	0	
1419754427129828609	CPU_4	17.70	0	29.16	0	51.04	2.08	0	0	0	
1419754428022917014	CPU_4	11.95	0	32.60	1.08	52.17	1.08	1.08	0	0	
1419754428909283059	CPU_4	16.84	0	31.57	0	49.47	2.10	0	0	0	
1419754429804222043	CPU_4	13.97	0	33.33	0	50.53	2.15	0	0	0	
1419754430752797446	CPU_4	16.84	0	30.52	0	49.47	2.10	1.05	0	0	
1419754431614135966	CPU_4	19.80	0	30.69	0	48.51	.99	0	0	0	
1419754432536961844	CPU_4	19.10	0	31.46	0	46.06	3.37	0	0	0	
1419754433378012452	CPU_4	12.90	0	33.33	0	50.53	2.15	1.07	0	0	
1419754434246643038	CPU_4	21.73	0	28.26	0	47.82	2.17	0	0	0	
1419754435098722079	CPU_4	16.66	0	32.22	0	50.00	1.11	0	0	0	
1419754435996391807	CPU_4	16.66	0	31.25	0	48.95	2.08	1.04	0	0	
1419754436882975311	CPU_4	13.68	0	34.73	0	49.47	2.10	0	0	0	
1419754437754551682	CPU_4	18.68	0	28.57	0	50.54	1.09	1.09	0	0	
1419754438606639598	CPU_4	14.77	0	32.95	0	50.00	2.27	0	0	0	
1419754439517251088	CPU_4	9.67	0	37.63	0	51.61	1.07	0	0	0	
1419754440381190226	CPU_4	21.73	0	27.17	0	47.82	2.17	1.08	0	0	
1419754441309562217	CPU_4	20.22	0	31.46	0	44.94	3.37	0	0	0	
1419754442239138538	CPU_4	39.00	0	51.00	0	9.00	1.00	0	0	0	
1419754443199128164	CPU_4	47.91	0	51.04	0	0	0	1.04	0	0	
1419754444154173469	CPU_4	48.95	0	48.95	0	0	1.04	1.04	0	0	
1419754445104198285	CPU_4	46.23	0	51.61	0	0	1.07	1.07	0	0	
1419754446059437380	CPU_4	38.94	0	61.05	0	0	0	0	0	0	
1419754446999061303	CPU_4	46.87	0	51.04	0	0	1.04	1.04	0	0	
1419754447954142399	CPU_4	52.12	0	47.87	0	0	0	0	0	0	
1419754448894087905	CPU_4	46.80	0	51.06	0	0	1.06	1.06	0	0	
1419754449839094232	CPU_4	48.45	0	49.48	0	0	1.03	1.03	0	0	
1419754450799096108	CPU_4	41.30	0	58.69	0	0	0	0	0	0	
1419754451734110000	CPU_4	45.83	0	52.08	0	0	1.04	1.04	0	0	
1419754452679117953	CPU_4	48.42	0	49.47	0	0	1.05	1.05	0	0	
1419754453619148375	CPU_4	44.68	0	55.31	0	0	0	0	0	0	
1419754454564261202	CPU_4	43.61	0	54.25	0	0	1.06	1.06	0	0	
1419754455499076886	CPU_4	36.17	0	62.76	0	0	0	1.06	0	0	
1419754456464127959	CPU_4	40.00	0	58.94	0	0	1.05	0	0	0	
1419754457414149942	CPU_4	38.14	0	59.79	0	0	1.03	1.03	0	0	
1419754458369122621	CPU_4	43.15	0	55.78	0	0	0	1.05	0	0	
1419754459314257490	CPU_4	48.93	0	50.00	0	0	1.06	0	0	0	
1419754460239155947	CPU_4	48.38	0	49.46	0	0	1.07	1.07	0	0	
1419754461189031555	CPU_4	42.10	0	56.84	0	0	0	1.05	0	0	
1419754462154074003	CPU_4	45.83	0	53.12	0	0	1.04	0	0	0	
1419754463124094273	CPU_4	48.95	0	50.00	0	0	0	1.04	0	0	
1419754464069231891	CPU_4	42.70	0	55.20	0	0	1.04	1.04	0	0	
1419754465004124325	CPU_4	36.55	0	62.36	0	0	1.07	0	0	0	
1419754465949163903	CPU_4	46.80	0	52.12	0	0	0	1.06	0	0	
1419754466919344630	CPU_4	43.29	0	54.63	0	0	1.03	1.03	0	0	
1419754467884071079	CPU_4	44.79	0	54.16	0	0	1.04	0	0	0	
1419754468823138587	CPU_4	49.47	0	49.47	0	0	0	1.05	0	0	
1419754469789219532	CPU_4	39.58	0	58.33	0	0	1.04	1.04	0	0	
1419754470739255223	CPU_4	41.05	0	58.94	0	0	0	0	0	0	
1419754471694163528	CPU_4	44.79	0	53.12	0	0	1.04	1.04	0	0	
1419754472659201309	CPU_4	42.26	0	55.67	0	0	1.03	1.03	0	0	
1419754473604184095	CPU_4	36.84	0	63.15	0	0	0	0	0	0	
1419754474539219862	CPU_4	46.23	0	51.61	0	0	1.07	1.07	0	0	
1419754475479116243	CPU_4	75.53	0	22.34	0	0	1.06	1.06	0	0	
1419754476419058332	CPU_4	91.48	0	8.51	0	0	0	0	0	0	
1419754477374070469	CPU_4	93.68	0	5.26	0	0	1.05	0	0	0	
1419754478314159891	CPU_4	92.55	0	7.44	0	0	0	0	0	0	
1419754479269095321	CPU_4	91.66	0	6.25	0	0	1.04	1.04	0	0	
1419754480304126108	CPU_4	92.55	0	7.44	0	0	0	0	0	0	
1419754481521184102	CPU_4	94.65	0	4.58	0	0	.76	0	0	0	
1419754482479068191	CPU_4	90.62	0	7.29	0	0	1.04	1.04	0	0	
1419754483479200350	CPU_4	90.90	0	9.09	0	0	0	0	0	0	
1419754484429109624	CPU_4	90.52	0	8.42	0	0	1.05	0	0	0	
1419754485389165709	CPU_4	88.65	0	10.30	0	0	0	1.03	0	0	
1419754486324171143	CPU_4	92.55	0	6.38	0	0	1.06	0	0	0	
1419754487274145084	CPU_4	93.61	0	5.31	0	0	1.06	0	0	0	
1419754488219644243	CPU_4	92.55	0	7.44	0	0	0	0	0	0	
1419754489179114079	CPU_4	92.78	0	5.15	0	0	1.03	1.03	0	0	
1419754490129091936	CPU_4	92.55	0	7.44	0	0	0	0	0	0	
1419754491069154900	CPU_4	90.42	0	8.51	0	0	1.06	0	0	0	
1419754492014073394	CPU_4	93.68	0	5.26	0	0	0	1.05	0	0	
1419754492979241967	CPU_4	91.75	0	7.21	0	0	1.03	0	0	0	
1419754493929090992	CPU_4	93.61	0	6.38	0	0	0	0	0	0	
1419754494889132743	CPU_4	91.66	0	7.29	0	0	1.04	0	0	0	
1419754495829137998	CPU_4	91.48	0	7.44	0	0	0	1.06	0	0	
1419754496779093856	CPU_4	91.66	0	7.29	0	0	1.04	0	0	0	
1419754497729538254	CPU_4	91.57	0	7.36	0	0	1.05	0	0	0	
1419754498699241817	CPU_4	91.75	0	7.21	0	0	0	1.03	0	0	
1419754499664131140	CPU_4	92.78	0	6.18	0	0	1.03	0	0	0	
1419754500609192134	CPU_4	91.39	0	8.60	0	0	0	0	0	0	
1419754501554223378	CPU_4	89.47	0	9.47	0	0	1.05	0	0	0	
1419754502514172421	CPU_4	89.58	0	9.37	0	0	0	1.04	0	0	
1419754503444175324	CPU_4	89.24	0	9.67	0	0	1.07	0	0	0	
1419754504389137027	CPU_4	90.42	0	8.51	0	0	1.06	0	0	0	
1419754505329167157	CPU_4	91.48	0	7.44	0	0	0	1.06	0	0	
1419754506269225996	CPU_4	89.47	0	9.47	0	0	1.05	0	0	0	
1419754507209276877	CPU_4	92.47	0	7.52	0	0	0	0	0	0	
1419754508149202257	CPU_4	91.57	0	6.31	0	0	1.05	1.05	0	0	
1419754509099269365	CPU_4	89.36	0	9.57	0	0	1.06	0	0	0	
1419754510014246803	CPU_4	91.30	0	8.69	0	0	0	0	0	0	
1419754510964102244	CPU_4	89.58	0	8.33	0	0	1.04	1.04	0	0	
1419754511909178780	CPU_4	90.42	0	9.57	0	0	0	0	0	0	
1419754512859228595	CPU_4	90.52	0	8.42	0	0	1.05	0	0	0	
1419754513794233154	CPU_4	88.29	0	9.57	0	0	1.06	1.06	0	0	
1419754514719168944	CPU_4	93.47	0	6.52	0	0	0	0	0	0	
1419754515654160420	CPU_4	89.24	0	9.67	0	0	1.07	0	0	0	
1419754516604083486	CPU_4	91.57	0	7.36	0	0	0	1.05	0	0	
1419754517544167408	CPU_4	87.23	0	11.70	0	0	1.06	0	0	0	
1419754518479153716	CPU_4	92.47	0	7.52	0	0	0	0	0	0	
1419754519414246400	CPU_4	90.42	0	7.44	0	0	1.06	1.06	0	0	
1419754520364143549	CPU_4	90.62	0	8.33	0	0	1.04	0	0	0	
1419754521294345244	CPU_4	91.30	0	8.69	0	0	0	0	0	0	
1419754522219159118	CPU_4	91.30	0	7.60	0	0	1.08	0	0	0	
1419754523159236040	CPU_4	92.63	0	6.31	0	0	0	1.05	0	0	
1419754524109249981	CPU_4	91.48	0	7.44	0	0	1.06	0	0	0	
1419754525054202933	CPU_4	89.47	0	9.47	0	0	1.05	0	0	0	
1419754525999201427	CPU_4	91.48	0	7.44	0	0	0	1.06	0	0	
1419754526929214498	CPU_4	91.57	0	7.36	0	0	1.05	0	0	0	
1419754527889184207	CPU_4	92.55	0	7.44	0	0	0	0	0	0	
1419754528834226285	CPU_4	92.63	0	5.26	0	0	1.05	1.05	0	0	
1419754529768253262	CPU_4	90.52	0	8.42	0	0	1.05	0	0	0	
1419754530704186110	CPU_4	93.40	0	6.59	0	0	0	0	0	0	
1419754531644258949	CPU_4	88.65	0	9.27	0	0	1.03	1.03	0	0	
1419754532599195170	CPU_4	91.39	0	8.60	0	0	0	0	0	0	
1419754533529151491	CPU_4	90.32	0	8.60	0	0	1.07	0	0	0	
1419754534469194871	CPU_4	91.57	0	6.31	0	0	1.05	1.05	0	0	
1419754535409170793	CPU_4	92.47	0	7.52	0	0	0	0	0	0	
1419754536359214526	CPU_4	91.66	0	7.29	0	0	1.04	0	0	0	
1419754537284201066	CPU_4	90.21	0	8.69	0	0	0	1.08	0	0	
1419754538234229757	CPU_4	89.47	0	9.47	0	0	1.05	0	0	0	
1419754539184126781	CPU_4	91.57	0	7.36	0	0	1.05	0	0	0	
1419754540119162090	CPU_4	91.48	0	8.51	0	0	0	0	0	0	
1419754541089220693	CPU_4	92.78	0	5.15	0	0	1.03	1.03	0	0	
1419754542034167520	CPU_4	92.55	0	7.44	0	0	0	0	0	0	
1419754542979288056	CPU_4	90.52	0	8.42	0	0	1.05	0	0	0	
1419754544264206185	CPU_4	92.06	0	6.34	0	0	.79	.79	0	0	
1419754545204162524	CPU_4	90.62	0	9.37	0	0	0	0	0	0	
1419754546199175695	CPU_4	87.87	0	10.10	0	0	1.01	1.01	0	0	
1419754547164204268	CPU_4	91.75	0	7.21	0	0	1.03	0	0	0	
1419754548104130399	CPU_4	91.39	0	8.60	0	0	0	0	0	0	
1419754549034234302	CPU_4	89.47	0	8.42	0	0	1.05	1.05	0	0	
1419754549964220539	CPU_4	91.30	0	7.60	0	0	1.08	0	0	0	
1419754550929176237	CPU_4	90.62	0	9.37	0	0	0	0	0	0	
1419754551874184981	CPU_4	86.45	0	11.45	0	0	1.04	1.04	0	0	
1419754552811160660	CPU_4	92.47	0	7.52	0	0	0	0	0	0	
1419754553764172427	CPU_4	91.57	0	7.36	0	0	1.05	0	0	0	
1419754554714178243	CPU_4	92.63	0	5.26	0	0	1.05	1.05	0	0	
1419754555679199900	CPU_4	92.70	0	7.29	0	0	0	0	0	0	
1419754556624177269	CPU_4	92.63	0	6.31	0	0	1.05	0	0	0	
1419754557554126839	CPU_4	90.32	0	7.52	0	0	1.07	1.07	0	0	
1419754558494186761	CPU_4	90.42	0	9.57	0	0	0	0	0	0	
1419754559434124934	CPU_4	90.42	0	8.51	0	0	1.06	0	0	0	
1419754560369192492	CPU_4	90.42	0	8.51	0	0	0	1.06	0	0	
1419754561301360224	CPU_4	91.39	0	7.52	0	0	1.07	0	0	0	
1419754562244181265	CPU_4	90.42	0	8.51	0	0	1.06	0	0	0	
1419754563194168122	CPU_4	90.42	0	8.51	0	0	0	1.06	0	0	
1419754564149159385	CPU_4	89.69	0	9.27	0	0	1.03	0	0	0	
1419754565094142879	CPU_4	90.42	0	8.51	0	0	1.06	0	0	0	
1419754566034122677	CPU_4	90.42	0	8.51	0	0	0	1.06	0	0	
1419754566964101622	CPU_4	90.42	0	8.51	0	0	1.06	0	0	0	
1419754567909109032	CPU_4	92.47	0	7.52	0	0	0	0	0	0	
1419754568859144682	CPU_4	90.62	0	8.33	0	0	1.04	0	0	0	
1419754569799107854	CPU_4	91.48	0	6.38	0	0	1.06	1.06	0	0	
1419754570729146841	CPU_4	91.30	0	8.69	0	0	0	0	0	0	
1419754571689174050	CPU_4	91.75	0	7.21	0	0	1.03	0	0	0	
1419754572634142169	CPU_4	92.55	0	6.38	0	0	0	1.06	0	0	
1419754573579228122	CPU_4	91.48	0	7.44	0	0	1.06	0	0	0	
1419754574524224199	CPU_4	91.48	0	7.44	0	0	1.06	0	0	0	
1419754575444189917	CPU_4	90.42	0	8.51	0	0	0	1.06	0	0	
1419754576364196052	CPU_4	91.20	0	7.69	0	0	1.09	0	0	0	
1419754577299165153	CPU_4	90.42	0	8.51	0	0	1.06	0	0	0	
1419754578239226741	CPU_4	91.39	0	7.52	0	0	0	1.07	0	0	
1419754579184026319	CPU_4	91.48	0	7.44	0	0	1.06	0	0	0	
1419754580134229176	CPU_4	92.63	0	7.36	0	0	0	0	0	0	
1419754581059317258	CPU_4	90.42	0	7.44	0	0	1.06	1.06	0	0	
1419754581994205275	CPU_4	92.47	0	6.45	0	0	1.07	0	0	0	
1419754582929270459	CPU_4	92.55	0	7.44	0	0	0	0	0	0	
1419754583864183101	CPU_4	89.36	0	8.51	0	0	1.06	1.06	0	0	
1419754584825504849	CPU_4	92.63	0	7.36	0	0	0	0	0	0	
1419754585764283982	CPU_4	87.36	0	11.57	0	0	1.05	0	0	0	
1419754586719196787	CPU_4	89.47	0	8.42	0	0	1.05	1.05	0	0	
1419754587659264876	CPU_4	92.55	0	7.44	0	0	0	0	0	0	
1419754588599260048	CPU_4	91.48	0	7.44	0	0	1.06	0	0	0	
1419754589539216720	CPU_4	90.42	0	8.51	0	0	1.06	0	0	0	
1419754590494222608	CPU_4	91.57	0	7.36	0	0	0	1.05	0	0	
1419754591429185125	CPU_4	89.24	0	9.67	0	0	1.07	0	0	0	
1419754592374031745	CPU_4	93.54	0	6.45	0	0	0	0	0	0	
1419754593319224655	CPU_4	91.75	0	6.18	0	0	1.03	1.03	0	0	
1419754594269098638	CPU_4	90.42	0	8.51	0	0	1.06	0	0	0	
1419754595234326085	CPU_4	87.50	0	12.50	0	0	0	0	0	0	
1419754596179153496	CPU_4	88.54	0	9.37	0	0	1.04	1.04	0	0	
1419754597104150286	CPU_4	91.30	0	7.60	0	0	1.08	0	0	0	
1419754598049198447	CPU_4	88.29	0	11.70	0	0	0	0	0	0	
1419754598999217596	CPU_4	89.69	0	8.24	0	0	1.03	1.03	0	0	
1419754599929118750	CPU_4	91.20	0	8.79	0	0	0	0	0	0	
1419754600859266278	CPU_4	89.36	0	9.57	0	0	1.06	0	0	0	
1419754601789251265	CPU_4	90.32	0	7.52	0	0	1.07	1.07	0	0	
1419754602739209998	CPU_4	91.57	0	8.42	0	0	0	0	0	0	
1419754603684251617	CPU_4	89.36	0	9.57	0	0	1.06	0	0	0	
1419754604619233092	CPU_4	90.32	0	8.60	0	0	0	1.07	0	0	
1419754605549207537	CPU_4	91.39	0	7.52	0	0	1.07	0	0	0	
1419754606539256095	CPU_4	92.30	0	6.59	0	0	1.09	0	0	0	
1419754607679281515	CPU_4	91.86	0	6.50	0	0	.81	.81	0	0	
1419754608644170255	CPU_4	91.66	0	8.33	0	0	0	0	0	0	
1419754609634175271	CPU_4	94.89	0	4.08	0	0	1.02	0	0	0	
1419754610569234621	CPU_4	90.42	0	8.51	0	0	0	1.06	0	0	
1419754611499224941	CPU_4	86.17	0	12.76	0	0	1.06	0	0	0	
1419754612444186560	CPU_4	88.17	0	9.67	0	0	1.07	1.07	0	0	
1419754613384179858	CPU_4	90.52	0	9.47	0	0	0	0	0	0	
1419754614329186018	CPU_4	73.40	0	11.70	0	13.82	1.06	0	0	0	
1419754615269183066	CPU_4	86.31	0	11.57	0	0	1.05	1.05	0	0	
1419754616194142106	CPU_4	87.91	0	12.08	0	0	0	0	0	0	
1419754617124210759	CPU_4	88.29	0	10.63	0	0	1.06	0	0	0	
1419754618069147587	CPU_4	87.23	0	10.63	0	0	1.06	1.06	0	0	
1419754619014163289	CPU_4	89.47	0	10.52	0	0	0	0	0	0	
1419754619969119052	CPU_4	89.47	0	9.47	0	0	1.05	0	0	0	
1419754620904074111	CPU_4	89.24	0	9.67	0	0	0	1.07	0	0	
1419754621849177480	CPU_4	90.52	0	8.42	0	0	1.05	0	0	0	
1419754622809144023	CPU_4	91.57	0	7.36	0	0	1.05	0	0	0	
1419754623764163410	CPU_4	87.62	0	11.34	0	0	0	1.03	0	0	
1419754624714263309	CPU_4	89.36	0	9.57	0	0	1.06	0	0	0	
1419754625654107398	CPU_4	88.17	0	10.75	0	0	1.07	0	0	0	
1419754626526624267	CPU_4	23.33	0	15.55	60.00	0	0	1.11	0	0	
