#Timestamp	CPU_ID	user%	nice%	sys%	idle%	iowait%	irq%	softiq%	steal%	guest%	guest_nice%
1428515173904036720	CPU_4	85.24	0	4.91	6.55	0	1.63	1.63	0	0	0
1428515174592527168	CPU_4	100.00	0	0	0	0	0	0	0	0	0
1428515175292597097	CPU_4	100.00	0	0	0	0	0	0	0	0	0
1428515175982755250	CPU_4	98.57	0	0	0	0	1.42	0	0	0	0
1428515176671602905	CPU_4	100.00	0	0	0	0	0	0	0	0	0
1428515177367026549	CPU_4	97.14	0	0	0	0	1.42	1.42	0	0	0
1428515178057799284	CPU_4	100.00	0	0	0	0	0	0	0	0	0
1428515178747020897	CPU_4	100.00	0	0	0	0	0	0	0	0	0
1428515179447547575	CPU_4	98.59	0	0	0	0	1.40	0	0	0	0
1428515180136736729	CPU_4	100.00	0	0	0	0	0	0	0	0	0
1428515180826836632	CPU_4	98.57	0	0	0	0	0	1.42	0	0	0
1428515181524183023	CPU_4	98.57	0	0	0	0	1.42	0	0	0	0
1428515182215095341	CPU_4	100.00	0	0	0	0	0	0	0	0	0
1428515182903384372	CPU_4	98.57	0	0	0	0	1.42	0	0	0	0
1428515183609256124	CPU_4	100.00	0	0	0	0	0	0	0	0	0
1428515184306158015	CPU_4	98.57	0	0	0	0	0	1.42	0	0	0
1428515185058411691	CPU_4	98.66	0	0	0	0	1.33	0	0	0	0
1428515185747567012	CPU_4	100.00	0	0	0	0	0	0	0	0	0
1428515186440126868	CPU_4	98.55	0	0	0	0	1.44	0	0	0	0
1428515187142408959	CPU_4	98.59	0	0	0	0	0	1.40	0	0	0
1428515187832841945	CPU_4	100.00	0	0	0	0	0	0	0	0	0
1428515188525037969	CPU_4	98.55	0	0	0	0	1.44	0	0	0	0
1428515189224082148	CPU_4	100.00	0	0	0	0	0	0	0	0	0
1428515189918093919	CPU_4	100.00	0	0	0	0	0	0	0	0	0
1428515190611662358	CPU_4	97.14	0	0	0	0	1.42	1.42	0	0	0
1428515191310348329	CPU_4	100.00	0	0	0	0	0	0	0	0	0
1428515192004249434	CPU_4	98.57	0	0	0	0	1.42	0	0	0	0
1428515192698563954	CPU_4	100.00	0	0	0	0	0	0	0	0	0
1428515193399679046	CPU_4	100.00	0	0	0	0	0	0	0	0	0
1428515194092344486	CPU_4	97.14	0	0	0	0	1.42	1.42	0	0	0
1428515194806143224	CPU_4	100.00	0	0	0	0	0	0	0	0	0
1428515195497944999	CPU_4	100.00	0	0	0	0	0	0	0	0	0
1428515196192453393	CPU_4	98.55	0	0	0	0	1.44	0	0	0	0
1428515196894655776	CPU_4	100.00	0	0	0	0	0	0	0	0	0
1428515197589317545	CPU_4	97.18	0	0	0	0	1.40	1.40	0	0	0
1428515198282693817	CPU_4	100.00	0	0	0	0	0	0	0	0	0
1428515198985255823	CPU_4	100.00	0	0	0	0	0	0	0	0	0
1428515199680733550	CPU_4	98.57	0	0	0	0	1.42	0	0	0	0
1428515200374316237	CPU_4	100.00	0	0	0	0	0	0	0	0	0
1428515201076554744	CPU_4	98.59	0	0	0	0	0	1.40	0	0	0
1428515201770707431	CPU_4	98.57	0	0	0	0	1.42	0	0	0	0
1428515202464352411	CPU_4	100.00	0	0	0	0	0	0	0	0	0
1428515203165324878	CPU_4	98.59	0	0	0	0	1.40	0	0	0	0
1428515203858220358	CPU_4	100.00	0	0	0	0	0	0	0	0	0
1428515204570497973	CPU_4	98.59	0	0	0	0	0	1.40	0	0	0
1428515205260947416	CPU_4	98.57	0	0	0	0	1.42	0	0	0	0
1428515205956533892	CPU_4	100.00	0	0	0	0	0	0	0	0	0
1428515206660104688	CPU_4	98.59	0	0	0	0	1.40	0	0	0	0
1428515207354455374	CPU_4	100.00	0	0	0	0	0	0	0	0	0
1428515208047736604	CPU_4	98.55	0	0	0	0	0	1.44	0	0	0
1428515208749616529	CPU_4	98.59	0	0	0	0	1.40	0	0	0	0
1428515209443881398	CPU_4	100.00	0	0	0	0	0	0	0	0	0
1428515210140709144	CPU_4	100.00	0	0	0	0	0	0	0	0	0
1428515210841854509	CPU_4	98.57	0	0	0	0	1.42	0	0	0	0
1428515211537361674	CPU_4	98.57	0	0	0	0	0	1.42	0	0	0
1428515212232336548	CPU_4	98.57	0	0	0	0	1.42	0	0	0	0
1428515212932746872	CPU_4	100.00	0	0	0	0	0	0	0	0	0
1428515213627513288	CPU_4	100.00	0	0	0	0	0	0	0	0	0
1428515214332908187	CPU_4	97.22	0	0	0	0	1.38	1.38	0	0	0
1428515215026669063	CPU_4	100.00	0	0	0	0	0	0	0	0	0
1428515215722308019	CPU_4	100.00	0	0	0	0	0	0	0	0	0
1428515216426318004	CPU_4	98.59	0	0	0	0	1.40	0	0	0	0
1428515217121790668	CPU_4	100.00	0	0	0	0	0	0	0	0	0
1428515217816689542	CPU_4	97.14	0	0	0	0	1.42	1.42	0	0	0
1428515218521086318	CPU_4	100.00	0	0	0	0	0	0	0	0	0
1428515219214885193	CPU_4	100.00	0	0	0	0	0	0	0	0	0
1428515219910000650	CPU_4	98.55	0	0	0	0	1.44	0	0	0	0
1428515220615461632	CPU_4	100.00	0	0	0	0	0	0	0	0	0
1428515221310507131	CPU_4	98.57	0	0	0	0	0	1.42	0	0	0
1428515222021736228	CPU_4	97.22	0	1.38	0	0	1.38	0	0	0	0
1428515222713497482	CPU_4	100.00	0	0	0	0	0	0	0	0	0
1428515223405316236	CPU_4	98.57	0	0	0	0	1.42	0	0	0	0
1428515224119369912	CPU_4	100.00	0	0	0	0	0	0	0	0	0
1428515224809879126	CPU_4	98.55	0	0	0	0	0	1.44	0	0	0
1428515225506916038	CPU_4	98.57	0	0	0	0	1.42	0	0	0	0
1428515226208296442	CPU_4	100.00	0	0	0	0	0	0	0	0	0
1428515226900083113	CPU_4	98.55	0	0	0	0	1.44	0	0	0	0
1428515227593554030	CPU_4	100.00	0	0	0	0	0	0	0	0	0
1428515228295517309	CPU_4	98.57	0	0	0	0	0	1.42	0	0	0
1428515228989861975	CPU_4	98.57	0	0	0	0	1.42	0	0	0	0
1428515229698051618	CPU_4	100.00	0	0	0	0	0	0	0	0	0
1428515230389500914	CPU_4	100.00	0	0	0	0	0	0	0	0	0
1428515231084337829	CPU_4	98.57	0	0	0	0	1.42	0	0	0	0
1428515231787730147	CPU_4	98.57	0	0	0	0	0	1.42	0	0	0
1428515232481701188	CPU_4	98.57	0	0	0	0	1.42	0	0	0	0
1428515233174571023	CPU_4	100.00	0	0	0	0	0	0	0	0	0
1428515233877775841	CPU_4	100.00	0	0	0	0	0	0	0	0	0
1428515234569830677	CPU_4	97.14	0	0	0	0	1.42	1.42	0	0	0
1428515235264062426	CPU_4	100.00	0	0	0	0	0	0	0	0	0
1428515235969016783	CPU_4	100.00	0	0	0	0	0	0	0	0	0
1428515236661525285	CPU_4	98.55	0	0	0	0	1.44	0	0	0	0
1428515237362557565	CPU_4	100.00	0	0	0	0	0	0	0	0	0
1428515238064552843	CPU_4	97.18	0	0	0	0	1.40	1.40	0	0	0
1428515238759332632	CPU_4	100.00	0	0	0	0	0	0	0	0	0
1428515239465736737	CPU_4	100.00	0	0	0	0	0	0	0	0	0
1428515240158966612	CPU_4	98.55	0	0	0	0	1.44	0	0	0	0
1428515240854015401	CPU_4	100.00	0	0	0	0	0	0	0	0	0
1428515241557497135	CPU_4	98.59	0	0	0	0	0	1.40	0	0	0
1428515242249743804	CPU_4	98.57	0	0	0	0	1.42	0	0	0	0
1428515242943394220	CPU_4	100.00	0	0	0	0	0	0	0	0	0
1428515243648332785	CPU_4	98.57	0	0	0	0	1.42	0	0	0	0
1428515244339973371	CPU_4	100.00	0	0	0	0	0	0	0	0	0
1428515245035225034	CPU_4	98.57	0	0	0	0	0	1.42	0	0	0
1428515245738423685	CPU_4	98.59	0	0	0	0	1.40	0	0	0	0
1428515246431022436	CPU_4	100.00	0	0	0	0	0	0	0	0	0
1428515247135117211	CPU_4	98.59	0	0	0	0	1.40	0	0	0	0
1428515247831178081	CPU_4	100.00	0	0	0	0	0	0	0	0	0
1428515248524428748	CPU_4	98.57	0	0	0	0	0	1.42	0	0	0
1428515249228502188	CPU_4	98.59	0	0	0	0	1.40	0	0	0	0
1428515249921558689	CPU_4	100.00	0	0	0	0	0	0	0	0	0
1428515250618024392	CPU_4	100.00	0	0	0	0	0	0	0	0	0
1428515251324306995	CPU_4	98.59	0	0	0	0	1.40	0	0	0	0
1428515252017165996	CPU_4	98.55	0	0	0	0	0	1.44	0	0	0
1428515252711175328	CPU_4	98.57	0	0	0	0	1.42	0	0	0	0
1428515253415288268	CPU_4	100.00	0	0	0	0	0	0	0	0	0
1428515254107842852	CPU_4	100.00	0	0	0	0	0	0	0	0	0
1428515254814511414	CPU_4	98.59	0	0	0	0	1.40	0	0	0	0
1428515255508184704	CPU_4	98.55	0	0	0	0	0	1.44	0	0	0
1428515256201997453	CPU_4	100.00	0	0	0	0	0	0	0	0	0
1428515256906605726	CPU_4	98.59	0	0	0	0	1.40	0	0	0	0
1428515257603175761	CPU_4	100.00	0	0	0	0	0	0	0	0	0
1428515258295485012	CPU_4	97.14	0	0	0	0	1.42	1.42	0	0	0
1428515258999321536	CPU_4	100.00	0	0	0	0	0	0	0	0	0
1428515259698561734	CPU_4	100.00	0	0	0	0	0	0	0	0	0
1428515260392107483	CPU_4	98.55	0	0	0	0	1.44	0	0	0	0
1428515261096241923	CPU_4	100.00	0	0	0	0	0	0	0	0	0
1428515261789016507	CPU_4	97.18	0	0	0	0	1.40	1.40	0	0	0
1428515262494893360	CPU_4	100.00	0	0	0	0	0	0	0	0	0
1428515263190963355	CPU_4	100.00	0	0	0	0	0	0	0	0	0
1428515263883384772	CPU_4	98.57	0	0	0	0	1.42	0	0	0	0
1428515264587870253	CPU_4	100.00	0	0	0	0	0	0	0	0	0
1428515265282937874	CPU_4	98.57	0	0	0	0	0	1.42	0	0	0
1428515265976799289	CPU_4	98.55	0	0	0	0	1.44	0	0	0	0
1428515266681739644	CPU_4	100.00	0	0	0	0	0	0	0	0	0
1428515267377808888	CPU_4	98.57	0	0	0	0	1.42	0	0	0	0
1428515268071941511	CPU_4	100.00	0	0	0	0	0	0	0	0	0
1428515268777627864	CPU_4	98.59	0	0	0	0	0	1.40	0	0	0
1428515269473577859	CPU_4	98.57	0	0	0	0	1.42	0	0	0	0
1428515270182106916	CPU_4	100.00	0	0	0	0	0	0	0	0	0
1428515270878933784	CPU_4	98.57	0	0	0	0	1.42	0	0	0	0
1428515271577526108	CPU_4	100.00	0	0	0	0	0	0	0	0	0
1428515272282647837	CPU_4	98.59	0	0	0	0	0	1.40	0	0	0
1428515272978382957	CPU_4	98.57	0	0	0	0	1.42	0	0	0	0
1428515273675411782	CPU_4	100.00	0	0	0	0	0	0	0	0	0
1428515274379990013	CPU_4	100.00	0	0	0	0	0	0	0	0	0
1428515275077855337	CPU_4	98.57	0	0	0	0	1.42	0	0	0	0
1428515275773766956	CPU_4	98.55	0	0	0	0	0	1.44	0	0	0
1428515276475593566	CPU_4	98.59	0	0	0	0	1.40	0	0	0	0
1428515277172961391	CPU_4	100.00	0	0	0	0	0	0	0	0	0
1428515277875511624	CPU_4	100.00	0	0	0	0	0	0	0	0	0
1428515278572723366	CPU_4	97.18	0	0	0	0	1.40	1.40	0	0	0
1428515279271531230	CPU_4	100.00	0	0	0	0	0	0	0	0	0
1428515279975775586	CPU_4	98.59	0	0	0	0	1.40	0	0	0	0
1428515280671806496	CPU_4	100.00	0	0	0	0	0	0	0	0	0
1428515281367265574	CPU_4	100.00	0	0	0	0	0	0	0	0	0
1428515282072037887	CPU_4	97.22	0	0	0	0	1.38	1.38	0	0	0
1428515282769622378	CPU_4	100.00	0	0	0	0	0	0	0	0	0
1428515283471364904	CPU_4	100.00	0	0	0	0	0	0	0	0	0
1428515284170780017	CPU_4	98.57	0	0	0	0	1.42	0	0	0	0
1428515284871203003	CPU_4	100.00	0	0	0	0	0	0	0	0	0
1428515285582279389	CPU_4	97.22	0	0	0	0	1.38	1.38	0	0	0
1428515286276291719	CPU_4	100.00	0	0	0	0	0	0	0	0	0
1428515286974837291	CPU_4	100.00	0	0	0	0	0	0	0	0	0
1428515287682300016	CPU_4	98.59	0	0	0	0	1.40	0	0	0	0
1428515288375624347	CPU_4	100.00	0	0	0	0	0	0	0	0	0
1428515289071082591	CPU_4	97.18	0	0	0	0	1.40	1.40	0	0	0
1428515289781777352	CPU_4	100.00	0	0	0	0	0	0	0	0	0
1428515290476541348	CPU_4	100.00	0	0	0	0	0	0	0	0	0
1428515291185865986	CPU_4	98.61	0	0	0	0	1.38	0	0	0	0
1428515291882226562	CPU_4	100.00	0	0	0	0	0	0	0	0	0
1428515292578173305	CPU_4	98.57	0	0	0	0	0	1.42	0	0	0
1428515293286587070	CPU_4	98.59	0	0	0	0	1.40	0	0	0	0
1428515293981144982	CPU_4	100.00	0	0	0	0	0	0	0	0	0
1428515294678965513	CPU_4	98.57	0	0	0	0	1.42	0	0	0	0
1428515295383371784	CPU_4	98.59	0	0	0	0	0	1.40	0	0	0
1428515296078153946	CPU_4	100.00	0	0	0	0	0	0	0	0	0
1428515296774974479	CPU_4	98.57	0	0	0	0	1.42	0	0	0	0
1428515297480679831	CPU_4	100.00	0	0	0	0	0	0	0	0	0
1428515298175605867	CPU_4	100.00	0	0	0	0	0	0	0	0	0
1428515298881914885	CPU_4	97.22	0	0	0	0	1.38	1.38	0	0	0
1428515299578188044	CPU_4	100.00	0	0	0	0	0	0	0	0	0
1428515300273138413	CPU_4	98.57	0	0	0	0	1.42	0	0	0	0
1428515300979336723	CPU_4	100.00	0	0	0	0	0	0	0	0	0
1428515301678933584	CPU_4	100.00	0	0	0	0	0	0	0	0	0
1428515302372870080	CPU_4	97.14	0	0	0	0	1.42	1.42	0	0	0
1428515303082259426	CPU_4	100.00	0	0	0	0	0	0	0	0	0
1428515303793171061	CPU_4	98.61	0	0	0	0	1.38	0	0	0	0
1428515304557808150	CPU_4	100.00	0	0	0	0	0	0	0	0	0
1428515305269047659	CPU_4	100.00	0	0	0	0	0	0	0	0	0
1428515305965896859	CPU_4	97.14	0	0	0	0	1.42	1.42	0	0	0
1428515306674814372	CPU_4	100.00	0	0	0	0	0	0	0	0	0
1428515307368516743	CPU_4	100.00	0	0	0	0	0	0	0	0	0
1428515308066142191	CPU_4	98.57	0	0	0	0	1.42	0	0	0	0
1428515308774368371	CPU_4	98.57	0	0	0	0	0	1.42	0	0	0
1428515309468174950	CPU_4	98.59	0	0	0	0	1.40	0	0	0	0
1428515310178096087	CPU_4	100.00	0	0	0	0	0	0	0	0	0
1428515310876320575	CPU_4	100.00	0	0	0	0	0	0	0	0	0
1428515311572397942	CPU_4	98.57	0	0	0	0	1.42	0	0	0	0
1428515312278445209	CPU_4	98.59	0	0	0	0	0	1.40	0	0	0
1428515312975572700	CPU_4	98.57	0	0	0	0	1.42	0	0	0	0
1428515313675837351	CPU_4	100.00	0	0	0	0	0	0	0	0	0
1428515314381850702	CPU_4	100.00	0	0	0	0	0	0	0	0	0
1428515315077307570	CPU_4	98.57	0	0	0	0	1.42	0	0	0	0
1428515315778459011	CPU_4	98.57	0	0	0	0	0	1.42	0	0	0
1428515316484628862	CPU_4	100.00	0	0	0	0	0	0	0	0	0
1428515317180043146	CPU_4	98.55	0	0	0	0	1.44	0	0	0	0
1428515317887537786	CPU_4	100.00	0	0	0	0	0	0	0	0	0
1428515318585331191	CPU_4	98.59	0	0	0	0	1.40	0	0	0	0
1428515319281230683	CPU_4	98.57	0	0	0	0	0	1.42	0	0	0
1428515319987408825	CPU_4	100.00	0	0	0	0	0	0	0	0	0
1428515320685512396	CPU_4	98.57	0	0	0	0	1.42	0	0	0	0
1428515321381411513	CPU_4	100.00	0	0	0	0	0	0	0	0	0
1428515322089798526	CPU_4	100.00	0	0	0	0	0	0	0	0	0
1428515322787791931	CPU_4	97.18	0	0	0	0	1.40	1.40	0	0	0
1428515323483197340	CPU_4	100.00	0	0	0	0	0	0	0	0	0
1428515324193869849	CPU_4	98.59	0	0	0	0	1.40	0	0	0	0
1428515324891571712	CPU_4	100.00	0	0	0	0	0	0	0	0	0
1428515325597493979	CPU_4	98.59	0	0	0	0	0	1.40	0	0	0
1428515326295974300	CPU_4	98.57	0	0	0	0	1.42	0	0	0	0
1428515326995265077	CPU_4	100.00	0	0	0	0	0	0	0	0	0
1428515327701210719	CPU_4	98.57	0	0	0	0	1.42	0	0	0	0
1428515328399550040	CPU_4	100.00	0	0	0	0	0	0	0	0	0
1428515329099441316	CPU_4	98.57	0	0	0	0	0	1.42	0	0	0
1428515329805756749	CPU_4	98.59	0	0	0	0	1.40	0	0	0	0
1428515330503852111	CPU_4	100.00	0	0	0	0	0	0	0	0	0
1428515331215218994	CPU_4	100.00	0	0	0	0	0	0	0	0	0
1428515331910974819	CPU_4	98.57	0	0	0	0	1.42	0	0	0	0
1428515332608946515	CPU_4	98.57	0	0	0	0	0	1.42	0	0	0
1428515333319276732	CPU_4	98.61	0	0	0	0	1.38	0	0	0	0
1428515334015570223	CPU_4	100.00	0	0	0	0	0	0	0	0	0
1428515334715572332	CPU_4	100.00	0	0	0	0	0	0	0	0	0
1428515335424263927	CPU_4	98.59	0	0	0	0	1.40	0	0	0	0
1428515336119566252	CPU_4	98.57	0	0	0	0	0	1.42	0	0	0
1428515336824142979	CPU_4	100.00	0	0	0	0	0	0	0	0	0
1428515337524818337	CPU_4	98.59	0	0	0	0	1.40	0	0	0	0
1428515338223794489	CPU_4	100.00	0	0	0	0	0	0	0	0	0
1428515338930423338	CPU_4	98.59	0	0	0	0	1.40	0	0	0	0
1428515339627860992	CPU_4	98.59	0	0	0	0	0	1.40	0	0	0
1428515340329064683	CPU_4	100.00	0	0	0	0	0	0	0	0	0
1428515341045373932	CPU_4	98.61	0	0	0	0	1.38	0	0	0	0
1428515341743950460	CPU_4	100.00	0	0	0	0	0	0	0	0	0
1428515342443416528	CPU_4	98.59	0	0	0	0	0	1.40	0	0	0
1428515343150605125	CPU_4	98.59	0	0	0	0	1.40	0	0	0	0
1428515343849157778	CPU_4	100.00	0	0	0	0	0	0	0	0	0
1428515344555128293	CPU_4	98.59	0	0	0	0	1.40	0	0	0	0
1428515345254374445	CPU_4	100.00	0	0	0	0	0	0	0	0	0
1428515345957197924	CPU_4	98.57	0	0	0	0	0	1.42	0	0	0
1428515346664498312	CPU_4	98.59	0	0	0	0	1.40	0	0	0	0
1428515347363526006	CPU_4	100.00	0	0	0	0	0	0	0	0	0
1428515348059922537	CPU_4	98.55	0	0	0	0	1.44	0	0	0	0
1428515348767201467	CPU_4	100.00	0	0	0	0	0	0	0	0	0
1428515349465380495	CPU_4	98.57	0	0	0	0	0	1.42	0	0	0
1428515350173335841	CPU_4	98.59	0	0	0	0	1.40	0	0	0	0
1428515350875072779	CPU_4	100.00	0	0	0	0	0	0	0	0	0
1428515351572895683	CPU_4	100.00	0	0	0	0	0	0	0	0	0
1428515352279143531	CPU_4	98.59	0	0	0	0	1.40	0	0	0	0
1428515352979098098	CPU_4	98.57	0	0	0	0	0	1.42	0	0	0
1428515353677430126	CPU_4	98.57	0	0	0	0	1.42	0	0	0	0
1428515354383310807	CPU_4	100.00	0	0	0	0	0	0	0	0	0
1428515355084767372	CPU_4	100.00	0	0	0	0	0	0	0	0	0
1428515355788050766	CPU_4	97.18	0	0	0	0	1.40	1.40	0	0	0
1428515356490685245	CPU_4	100.00	0	0	0	0	0	0	0	0	0
1428515357189127397	CPU_4	100.00	0	0	0	0	0	0	0	0	0
1428515357897877408	CPU_4	98.59	0	0	0	0	1.40	0	0	0	0
1428515358595304228	CPU_4	100.00	0	0	0	0	0	0	0	0	0
1428515359293113381	CPU_4	97.18	0	0	0	0	1.40	1.40	0	0	0
1428515360001669100	CPU_4	100.00	0	0	0	0	0	0	0	0	0
1428515360701061501	CPU_4	100.00	0	0	0	0	0	0	0	0	0
1428515361403460230	CPU_4	98.59	0	0	0	0	1.40	0	0	0	0
1428515362111588407	CPU_4	100.00	0	0	0	0	0	0	0	0	0
1428515362809644393	CPU_4	98.57	0	0	0	0	0	1.42	0	0	0
1428515363517351905	CPU_4	98.59	0	0	0	0	1.40	0	0	0	0
1428515364216424139	CPU_4	100.00	0	0	0	0	0	0	0	0	0
1428515364914208417	CPU_4	98.59	0	0	0	0	1.40	0	0	0	0
1428515365622635553	CPU_4	100.00	0	0	0	0	0	0	0	0	0
1428515366322256619	CPU_4	98.57	0	0	0	0	0	1.42	0	0	0
1428515367025410972	CPU_4	98.59	0	0	0	0	1.40	0	0	0	0
1428515367735881895	CPU_4	100.00	0	0	0	0	0	0	0	0	0
1428515368435285046	CPU_4	98.59	0	0	0	0	1.40	0	0	0	0
1428515369143339098	CPU_4	100.00	0	0	0	0	0	0	0	0	0
1428515369842866790	CPU_4	98.57	0	0	0	0	0	1.42	0	0	0
1428515370542452814	CPU_4	98.57	0	0	0	0	1.42	0	0	0	0
1428515371248117704	CPU_4	100.00	0	0	0	0	0	0	0	0	0
1428515371950472807	CPU_4	100.00	0	0	0	0	0	0	0	0	0
1428515372648552668	CPU_4	97.18	0	0	0	0	1.40	1.40	0	0	0
1428515373355883388	CPU_4	100.00	0	0	0	0	0	0	0	0	0
1428515374054880830	CPU_4	98.57	0	0	0	0	1.42	0	0	0	0
1428515374764395338	CPU_4	100.00	0	0	0	0	0	0	0	0	0
1428515375467374816	CPU_4	100.00	0	0	0	0	0	0	0	0	0
1428515376166921465	CPU_4	97.18	0	0	0	0	1.40	1.40	0	0	0
1428515376876426598	CPU_4	100.00	0	0	0	0	0	0	0	0	0
1428515377573283419	CPU_4	98.57	0	0	0	0	1.42	0	0	0	0
1428515378272560110	CPU_4	100.00	0	0	0	0	0	0	0	0	0
1428515378981930618	CPU_4	100.00	0	0	0	0	0	0	0	0	0
1428515379683119473	CPU_4	97.18	0	0	0	0	1.40	1.40	0	0	0
1428515380382600497	CPU_4	100.00	0	0	0	0	0	0	0	0	0
1428515381091758673	CPU_4	100.00	0	0	0	0	0	0	0	0	0
1428515381792495945	CPU_4	98.57	0	0	0	0	1.42	0	0	0	0
1428515382500793080	CPU_4	100.00	0	0	0	0	0	0	0	0	0
1428515383200505437	CPU_4	97.18	0	0	0	0	1.40	1.40	0	0	0
1428515383898336255	CPU_4	100.00	0	0	0	0	0	0	0	0	0
1428515384606734515	CPU_4	100.00	0	0	0	0	0	0	0	0	0
1428515385307617411	CPU_4	98.59	0	0	0	0	1.40	0	0	0	0
1428515386003858566	CPU_4	98.57	0	0	0	0	0	1.42	0	0	0
1428515386712462075	CPU_4	100.00	0	0	0	0	0	0	0	0	0
1428515387416430216	CPU_4	98.59	0	0	0	0	1.40	0	0	0	0
1428515388124382768	CPU_4	100.00	0	0	0	0	0	0	0	0	0
1428515388824204000	CPU_4	98.59	0	0	0	0	1.40	0	0	0	0
1428515389523494857	CPU_4	98.57	0	0	0	0	0	1.42	0	0	0
1428515390229123371	CPU_4	100.00	0	0	0	0	0	0	0	0	0
1428515390928914227	CPU_4	98.57	0	0	0	0	1.42	0	0	0	0
1428515391631296538	CPU_4	100.00	0	0	0	0	0	0	0	0	0
1428515392343107750	CPU_4	98.61	0	0	0	0	1.38	0	0	0	0
1428515393041344317	CPU_4	98.57	0	0	0	0	0	1.42	0	0	0
1428515393754013111	CPU_4	100.00	0	0	0	0	0	0	0	0	0
1428515394453374718	CPU_4	98.59	0	0	0	0	1.40	0	0	0	0
1428515395154194531	CPU_4	100.00	0	0	0	0	0	0	0	0	0
1428515395863884955	CPU_4	100.00	0	0	0	0	0	0	0	0	0
1428515396561000148	CPU_4	97.18	0	0	0	0	1.40	1.40	0	0	0
1428515397263120501	CPU_4	100.00	0	0	0	0	0	0	0	0	0
1428515397972851216	CPU_4	98.59	0	0	0	0	1.40	0	0	0	0
1428515398669067745	CPU_4	100.00	0	0	0	0	0	0	0	0	0
1428515399369814516	CPU_4	98.57	0	0	0	0	0	1.42	0	0	0
1428515400078429941	CPU_4	98.61	0	0	0	0	1.38	0	0	0	0
1428515400776239633	CPU_4	100.00	0	0	0	0	0	0	0	0	0
1428515401485611890	CPU_4	98.59	0	0	0	0	1.40	0	0	0	0
1428515402185840329	CPU_4	100.00	0	0	0	0	0	0	0	0	0
1428515402885108227	CPU_4	98.57	0	0	0	0	0	1.42	0	0	0
1428515403598365728	CPU_4	98.61	0	0	0	0	1.38	0	0	0	0
1428515404298798708	CPU_4	100.00	0	0	0	0	0	0	0	0	0
1428515404997763648	CPU_4	100.00	0	0	0	0	0	0	0	0	0
1428515405707561404	CPU_4	98.59	0	0	0	0	1.40	0	0	0	0
1428515406408920966	CPU_4	98.57	0	0	0	0	0	1.42	0	0	0
1428515407118012140	CPU_4	98.61	0	0	0	0	1.38	0	0	0	0
1428515407818175120	CPU_4	100.00	0	0	0	0	0	0	0	0	0
1428515408519867139	CPU_4	100.00	0	0	0	0	0	0	0	0	0
1428515409229555020	CPU_4	98.59	0	0	0	0	1.40	0	0	0	0
1428515409930555915	CPU_4	98.57	0	0	0	0	0	1.42	0	0	0
1428515410631296311	CPU_4	100.00	0	0	0	0	0	0	0	0	0
1428515411340367484	CPU_4	98.59	0	0	0	0	1.40	0	0	0	0
1428515412042275920	CPU_4	100.00	0	0	0	0	0	0	0	0	0
1428515412751817051	CPU_4	97.22	0	0	0	0	1.38	1.38	0	0	0
1428515413451179990	CPU_4	100.00	0	0	0	0	0	0	0	0	0
1428515414150911304	CPU_4	100.00	0	0	0	0	0	0	0	0	0
1428515414862088932	CPU_4	98.59	0	0	0	0	1.40	0	0	0	0
1428515415559299458	CPU_4	100.00	0	0	0	0	0	0	0	0	0
1428515416259965020	CPU_4	97.18	0	0	0	0	1.40	1.40	0	0	0
1428515416970736358	CPU_4	100.00	0	0	0	0	0	0	0	0	0
1428515417671980419	CPU_4	100.00	0	0	0	0	0	0	0	0	0
1428515418385137210	CPU_4	98.61	0	0	0	0	1.38	0	0	0	0
1428515419086207647	CPU_4	100.00	0	0	0	0	0	0	0	0	0
1428515419784426004	CPU_4	98.59	0	0	0	0	0	1.40	0	0	0
1428515420494738675	CPU_4	98.59	0	0	0	0	1.40	0	0	0	0
1428515421196131153	CPU_4	100.00	0	0	0	0	0	0	0	0	0
1428515421896015841	CPU_4	98.59	0	0	0	0	1.40	0	0	0	0
1428515422607297677	CPU_4	100.00	0	0	0	0	0	0	0	0	0
1428515423313049439	CPU_4	98.59	0	0	0	0	0	1.40	0	0	0
1428515424028813642	CPU_4	98.61	0	0	0	0	1.38	0	0	0	0
1428515424734427571	CPU_4	100.00	0	0	0	0	0	0	0	0	0
1428515425435974923	CPU_4	98.59	0	0	0	0	1.40	0	0	0	0
1428515426144845054	CPU_4	98.59	0	0	0	0	0	1.40	0	0	0
1428515426845944740	CPU_4	100.00	0	0	0	0	0	0	0	0	0
1428515427550553753	CPU_4	98.59	0	0	0	0	1.40	0	0	0	0
1428515428258070095	CPU_4	100.00	0	0	0	0	0	0	0	0	0
1428515428960931653	CPU_4	100.00	0	0	0	0	0	0	0	0	0
1428515429698232154	CPU_4	97.33	0	0	0	0	1.33	1.33	0	0	0
1428515430401241129	CPU_4	100.00	0	0	0	0	0	0	0	0	0
1428515431099657277	CPU_4	98.57	0	0	0	0	1.42	0	0	0	0
1428515431810554238	CPU_4	100.00	0	0	0	0	0	0	0	0	0
1428515432518754287	CPU_4	100.00	0	0	0	0	0	0	0	0	0
1428515433218359767	CPU_4	97.22	0	0	0	0	1.38	1.38	0	0	0
1428515433929451061	CPU_4	100.00	0	0	0	0	0	0	0	0	0
1428515434632587368	CPU_4	98.57	0	0	0	0	1.42	0	0	0	0
1428515435341063833	CPU_4	100.00	0	0	0	0	0	0	0	0	0
1428515436043335641	CPU_4	98.59	0	0	0	0	0	1.40	0	0	0
1428515436745600325	CPU_4	98.57	0	0	0	0	1.42	0	0	0	0
1428515437457967866	CPU_4	100.00	0	0	0	0	0	0	0	0	0
1428515438158033470	CPU_4	100.00	0	0	0	0	0	0	0	0	0
1428515438859496613	CPU_4	98.57	0	0	0	0	1.42	0	0	0	0
1428515439567797120	CPU_4	98.59	0	0	0	0	0	1.40	0	0	0
1428515440269481929	CPU_4	98.59	0	0	0	0	1.40	0	0	0	0
1428515440979595474	CPU_4	100.00	0	0	0	0	0	0	0	0	0
1428515441677759331	CPU_4	100.00	0	0	0	0	0	0	0	0	0
1428515442378312766	CPU_4	98.59	0	0	0	0	1.40	0	0	0	0
1428515443090099976	CPU_4	98.59	0	0	0	0	0	1.40	0	0	0
1428515443789211997	CPU_4	100.00	0	0	0	0	0	0	0	0	0
1428515444490181974	CPU_4	98.57	0	0	0	0	1.42	0	0	0	0
1428515445203812971	CPU_4	100.00	0	0	0	0	0	0	0	0	0
1428515445902176786	CPU_4	98.57	0	0	0	0	1.42	0	0	0	0
1428515446615989241	CPU_4	98.61	0	0	0	0	0	1.38	0	0	0
1428515447318321882	CPU_4	100.00	0	0	0	0	0	0	0	0	0
1428515448019909525	CPU_4	98.57	0	0	0	0	1.42	0	0	0	0
1428515448731529275	CPU_4	100.00	0	0	0	0	0	0	0	0	0
1428515449432083878	CPU_4	98.57	0	0	0	0	1.42	0	0	0	0
1428515450134445560	CPU_4	98.59	0	0	0	0	0	1.40	0	0	0
1428515450844687188	CPU_4	100.00	0	0	0	0	0	0	0	0	0
1428515451545929956	CPU_4	98.57	0	0	0	0	1.42	0	0	0	0
1428515452256547458	CPU_4	100.00	0	0	0	0	0	0	0	0	0
1428515452958326224	CPU_4	98.59	0	0	0	0	0	1.40	0	0	0
1428515453659309534	CPU_4	98.59	0	0	0	0	1.40	0	0	0	0
1428515454368187539	CPU_4	100.00	0	0	0	0	0	0	0	0	0
1428515455070403471	CPU_4	98.57	0	0	0	0	1.42	0	0	0	0
1428515455771050115	CPU_4	100.00	0	0	0	0	0	0	0	0	0
1428515456479912328	CPU_4	98.59	0	0	0	0	0	1.40	0	0	0
1428515457181512261	CPU_4	98.59	0	0	0	0	1.40	0	0	0	0
1428515457897478880	CPU_4	100.00	0	0	0	0	0	0	0	0	0
1428515458597785190	CPU_4	100.00	0	0	0	0	0	0	0	0	0
1428515459299805539	CPU_4	98.57	0	0	0	0	1.42	0	0	0	0
1428515460012102872	CPU_4	98.59	0	0	0	0	0	1.40	0	0	0
1428515460714180971	CPU_4	98.59	0	0	0	0	1.40	0	0	0	0
1428515461418329858	CPU_4	100.00	0	0	0	0	0	0	0	0	0
1428515462129714775	CPU_4	100.00	0	0	0	0	0	0	0	0	0
1428515462830110793	CPU_4	98.57	0	0	0	0	1.42	0	0	0	0
1428515463542561459	CPU_4	98.59	0	0	0	0	0	1.40	0	0	0
1428515464244116100	CPU_4	98.59	0	0	0	0	1.40	0	0	0	0
1428515464943072537	CPU_4	100.00	0	0	0	0	0	0	0	0	0
1428515465660903777	CPU_4	100.00	0	0	0	0	0	0	0	0	0
1428515466362068794	CPU_4	97.18	0	0	0	0	1.40	1.40	0	0	0
1428515467064062476	CPU_4	100.00	0	0	0	0	0	0	0	0	0
1428515467775038685	CPU_4	100.00	0	0	0	0	0	0	0	0	0
1428515468477993199	CPU_4	98.57	0	0	0	0	1.42	0	0	0	0
1428515469190129115	CPU_4	100.00	0	0	0	0	0	0	0	0	0
1428515469890042175	CPU_4	97.18	0	0	0	0	1.40	1.40	0	0	0
1428515470592906814	CPU_4	100.00	0	0	0	0	0	0	0	0	0
1428515471308040975	CPU_4	100.00	0	0	0	0	0	0	0	0	0
1428515472007990410	CPU_4	98.57	0	0	0	0	1.42	0	0	0	0
1428515472710374966	CPU_4	100.00	0	0	0	0	0	0	0	0	0
1428515473422585340	CPU_4	97.22	0	0	0	0	1.38	1.38	0	0	0
1428515474125120771	CPU_4	100.00	0	0	0	0	0	0	0	0	0
1428515474835320981	CPU_4	100.00	0	0	0	0	0	0	0	0	0
1428515475537499120	CPU_4	98.59	0	0	0	0	1.40	0	0	0	0
1428515476236870973	CPU_4	100.00	0	0	0	0	0	0	0	0	0
1428515476948496514	CPU_4	98.61	0	0	0	0	0	1.38	0	0	0
1428515477650934862	CPU_4	98.59	0	0	0	0	1.40	0	0	0	0
1428515478351090755	CPU_4	100.00	0	0	0	0	0	0	0	0	0
1428515479062699962	CPU_4	98.59	0	0	0	0	1.40	0	0	0	0
1428515479765924225	CPU_4	98.59	0	0	0	0	0	1.40	0	0	0
1428515480474587770	CPU_4	100.00	0	0	0	0	0	0	0	0	0
1428515481177720367	CPU_4	98.57	0	0	0	0	1.42	0	0	0	0
1428515481879227966	CPU_4	100.00	0	0	0	0	0	0	0	0	0
1428515482590065132	CPU_4	100.00	0	0	0	0	0	0	0	0	0
1428515483291085565	CPU_4	97.18	0	0	0	0	1.40	1.40	0	0	0
1428515483994729494	CPU_4	100.00	0	0	0	0	0	0	0	0	0
1428515484703193873	CPU_4	98.59	0	0	0	0	1.40	0	0	0	0
1428515485407124884	CPU_4	100.00	0	0	0	0	0	0	0	0	0
1428515486117219719	CPU_4	100.00	0	0	0	0	0	0	0	0	0
1428515486817586569	CPU_4	97.18	0	0	0	0	1.40	1.40	0	0	0
1428515487519461751	CPU_4	100.00	0	0	0	0	0	0	0	0	0
1428515488231435457	CPU_4	98.59	0	0	0	0	1.40	0	0	0	0
1428515488930516143	CPU_4	100.00	0	0	0	0	0	0	0	0	0
1428515489633326656	CPU_4	100.00	0	0	0	0	0	0	0	0	0
1428515490343378907	CPU_4	97.22	0	0	0	0	1.38	1.38	0	0	0
1428515491047277127	CPU_4	100.00	0	0	0	0	0	0	0	0	0
1428515491767780610	CPU_4	100.00	0	0	0	0	0	0	0	0	0
1428515492470512123	CPU_4	98.57	0	0	0	0	1.42	0	0	0	0
1428515493176389715	CPU_4	98.57	0	0	0	0	0	1.42	0	0	0
1428515493883528512	CPU_4	98.61	0	0	0	0	1.38	0	0	0	0
1428515494583334321	CPU_4	100.00	0	0	0	0	0	0	0	0	0
1428515495281249217	CPU_4	100.00	0	0	0	0	0	0	0	0	0
1428515495989811220	CPU_4	98.61	0	0	0	0	1.38	0	0	0	0
1428515496690503986	CPU_4	98.57	0	0	0	0	0	1.42	0	0	0
1428515497398925031	CPU_4	98.59	0	0	0	0	1.40	0	0	0	0
1428515498100927879	CPU_4	100.00	0	0	0	0	0	0	0	0	0
1428515498800791688	CPU_4	100.00	0	0	0	0	0	0	0	0	0
1428515499510365814	CPU_4	98.61	0	0	0	0	1.38	0	0	0	0
1428515500211979912	CPU_4	98.57	0	0	0	0	0	1.42	0	0	0
1428515500913208843	CPU_4	100.00	0	0	0	0	0	0	0	0	0
1428515501624180426	CPU_4	98.59	0	0	0	0	1.40	0	0	0	0
1428515502326339189	CPU_4	100.00	0	0	0	0	0	0	0	0	0
1428515503037250688	CPU_4	97.22	0	0	0	0	1.38	1.38	0	0	0
1428515503745692441	CPU_4	100.00	0	0	0	0	0	0	0	0	0
1428515504446400749	CPU_4	100.00	0	0	0	0	0	0	0	0	0
1428515505159445994	CPU_4	98.61	0	0	0	0	1.38	0	0	0	0
1428515505862090673	CPU_4	100.00	0	0	0	0	0	0	0	0	0
1428515506563453937	CPU_4	97.22	0	0	0	0	1.38	1.38	0	0	0
1428515507273519521	CPU_4	100.00	0	0	0	0	0	0	0	0	0
1428515507978225447	CPU_4	100.00	0	0	0	0	0	0	0	0	0
1428515508692857939	CPU_4	98.61	0	0	0	0	1.38	0	0	0	0
1428515509395808993	CPU_4	100.00	0	0	0	0	0	0	0	0	0
1428515510099048754	CPU_4	98.59	0	0	0	0	0	1.40	0	0	0
1428515510808237880	CPU_4	98.59	0	0	0	0	1.40	0	0	0	0
1428515511511206892	CPU_4	100.00	0	0	0	0	0	0	0	0	0
1428515512218092397	CPU_4	98.59	0	0	0	0	1.40	0	0	0	0
1428515512927614064	CPU_4	100.00	0	0	0	0	0	0	0	0	0
1428515513634811777	CPU_4	98.59	0	0	0	0	0	1.40	0	0	0
1428515514345067527	CPU_4	98.61	0	0	0	0	1.38	0	0	0	0
1428515515045428792	CPU_4	100.00	0	0	0	0	0	0	0	0	0
1428515515748083388	CPU_4	100.00	0	0	0	0	0	0	0	0	0
1428515516459563343	CPU_4	97.22	0	0	0	0	1.38	1.38	0	0	0
1428515517160976149	CPU_4	100.00	0	0	0	0	0	0	0	0	0
1428515517873233395	CPU_4	98.59	0	0	0	0	1.40	0	0	0	0
1428515518581140440	CPU_4	100.00	0	0	0	0	0	0	0	0	0
1428515519281642121	CPU_4	100.00	0	0	0	0	0	0	0	0	0
1428515519993578285	CPU_4	97.26	0	0	0	0	1.36	1.36	0	0	0
1428515520698426293	CPU_4	100.00	0	0	0	0	0	0	0	0	0
1428515521399400099	CPU_4	98.57	0	0	0	0	1.42	0	0	0	0
1428515522114013549	CPU_4	100.00	0	0	0	0	0	0	0	0	0
1428515522815954436	CPU_4	100.00	0	0	0	0	0	0	0	0	0
1428515523540878286	CPU_4	97.26	0	0	0	0	1.36	1.36	0	0	0
1428515524241942592	CPU_4	100.00	0	0	0	0	0	0	0	0	0
1428515524944976895	CPU_4	100.00	0	0	0	0	0	0	0	0	0
1428515525660152760	CPU_4	98.61	0	0	0	0	1.38	0	0	0	0
1428515526361291066	CPU_4	98.57	0	0	0	0	0	1.42	0	0	0
1428515527063967160	CPU_4	98.59	0	0	0	0	1.40	0	0	0	0
1428515527777241363	CPU_4	100.00	0	0	0	0	0	0	0	0	0
1428515528476773671	CPU_4	100.00	0	0	0	0	0	0	0	0	0
1428515529196069821	CPU_4	98.61	0	0	0	0	1.38	0	0	0	0
1428515529898143125	CPU_4	98.59	0	0	0	0	0	1.40	0	0	0
1428515530601783468	CPU_4	98.57	0	0	0	0	1.42	0	0	0	0
1428515531313340589	CPU_4	100.00	0	0	0	0	0	0	0	0	0
1428515532016487058	CPU_4	100.00	0	0	0	0	0	0	0	0	0
1428515532717657196	CPU_4	98.57	0	0	0	0	1.42	0	0	0	0
1428515533431167522	CPU_4	98.61	0	0	0	0	0	1.38	0	0	0
1428515534139391316	CPU_4	100.00	0	0	0	0	0	0	0	0	0
1428515534849687648	CPU_4	98.59	0	0	0	0	1.40	0	0	0	0
1428515535554795863	CPU_4	100.00	0	0	0	0	0	0	0	0	0
1428515536258086831	CPU_4	98.59	0	0	0	0	1.40	0	0	0	0
1428515536968845370	CPU_4	98.59	0	0	0	0	0	1.40	0	0	0
1428515537673415919	CPU_4	100.00	0	0	0	0	0	0	0	0	0
1428515538383086960	CPU_4	98.59	0	0	0	0	1.40	0	0	0	0
1428515539089953047	CPU_4	100.00	0	0	0	0	0	0	0	0	0
1428515539793927597	CPU_4	97.22	0	0	0	0	1.38	1.38	0	0	0
1428515540507198840	CPU_4	100.00	0	0	0	0	0	0	0	0	0
1428515541213037304	CPU_4	100.00	0	0	0	0	0	0	0	0	0
1428515541915885522	CPU_4	98.57	0	0	0	0	1.42	0	0	0	0
1428515542630161014	CPU_4	100.00	0	0	0	0	0	0	0	0	0
1428515543335627770	CPU_4	98.59	0	0	0	0	0	1.40	0	0	0
1428515544054683711	CPU_4	98.61	0	0	0	0	1.38	0	0	0	0
1428515544762623505	CPU_4	100.00	0	0	0	0	0	0	0	0	0
1428515545467473220	CPU_4	98.59	0	0	0	0	1.40	0	0	0	0
1428515546179330632	CPU_4	100.00	0	0	0	0	0	0	0	0	0
1428515546882991265	CPU_4	98.59	0	0	0	0	0	1.40	0	0	0
1428515547587720647	CPU_4	98.59	0	0	0	0	1.40	0	0	0	0
1428515548299313642	CPU_4	100.00	0	0	0	0	0	0	0	0	0
1428515549003254984	CPU_4	98.59	0	0	0	0	1.40	0	0	0	0
1428515549746038928	CPU_4	98.66	0	0	0	0	0	1.33	0	0	0
1428515550452010182	CPU_4	100.00	0	0	0	0	0	0	0	0	0
1428515551155229275	CPU_4	98.59	0	0	0	0	1.40	0	0	0	0
1428515551867969060	CPU_4	100.00	0	0	0	0	0	0	0	0	0
1428515552573280982	CPU_4	98.59	0	0	0	0	1.40	0	0	0	0
1428515553288175097	CPU_4	98.61	0	0	0	0	0	1.38	0	0	0
1428515553992801604	CPU_4	100.00	0	0	0	0	0	0	0	0	0
1428515554705269347	CPU_4	98.59	0	0	0	0	1.40	0	0	0	0
1428515555416672384	CPU_4	100.00	0	0	0	0	0	0	0	0	0
1428515556121548932	CPU_4	100.00	0	0	0	0	0	0	0	0	0
1428515556827204687	CPU_4	97.22	0	0	0	0	1.38	1.38	0	0	0
1428515557539749055	CPU_4	100.00	0	0	0	0	0	0	0	0	0
1428515558245189477	CPU_4	98.57	0	0	0	0	1.42	0	0	0	0
1428515558957865845	CPU_4	100.00	0	0	0	0	0	0	0	0	0
1428515559667325219	CPU_4	98.59	0	0	0	0	0	1.40	0	0	0
1428515560370858477	CPU_4	98.59	0	0	0	0	1.40	0	0	0	0
1428515561084091011	CPU_4	100.00	0	0	0	0	0	0	0	0	0
1428515561788908308	CPU_4	98.59	0	0	0	0	1.40	0	0	0	0
1428515562498318681	CPU_4	100.00	0	0	0	0	0	0	0	0	0
1428515563206343640	CPU_4	98.59	0	0	0	0	0	1.40	0	0	0
1428515563912629519	CPU_4	98.59	0	0	0	0	1.40	0	0	0	0
1428515564624178638	CPU_4	100.00	0	0	0	0	0	0	0	0	0
1428515565331638515	CPU_4	98.59	0	0	0	0	1.40	0	0	0	0
1428515566035716397	CPU_4	100.00	0	0	0	0	0	0	0	0	0
1428515566748449473	CPU_4	98.61	0	0	0	0	0	1.38	0	0	0
1428515567452260313	CPU_4	98.57	0	0	0	0	1.42	0	0	0	0
1428515568168437383	CPU_4	100.00	0	0	0	0	0	0	0	0	0
1428515568870542893	CPU_4	100.00	0	0	0	0	0	0	0	0	0
1428515569580743015	CPU_4	98.59	0	0	0	0	1.40	0	0	0	0
1428515570295134921	CPU_4	98.61	0	0	0	0	0	1.38	0	0	0
1428515570996995598	CPU_4	98.59	0	0	0	0	1.40	0	0	0	0
1428515571705197890	CPU_4	100.00	0	0	0	0	0	0	0	0	0
1428515572418531715	CPU_4	100.00	0	0	0	0	0	0	0	0	0
1428515573120695433	CPU_4	97.18	0	0	0	0	1.40	1.40	0	0	0
1428515573835557671	CPU_4	100.00	0	0	0	0	0	0	0	0	0
1428515574539998594	CPU_4	98.59	0	0	0	0	1.40	0	0	0	0
1428515575250187132	CPU_4	100.00	0	0	0	0	0	0	0	0	0
1428515575961753626	CPU_4	100.00	0	0	0	0	0	0	0	0	0
1428515576666024257	CPU_4	97.22	0	0	0	0	1.38	1.38	0	0	0
1428515577374768089	CPU_4	100.00	0	0	0	0	0	0	0	0	0
1428515578085550293	CPU_4	98.59	0	0	0	0	1.40	0	0	0	0
1428515578790218340	CPU_4	100.00	0	0	0	0	0	0	0	0	0
1428515579504017246	CPU_4	100.00	0	0	0	0	0	0	0	0	0
1428515580206617172	CPU_4	97.18	0	0	0	0	1.40	1.40	0	0	0
1428515580914620463	CPU_4	100.00	0	0	0	0	0	0	0	0	0
1428515581632551738	CPU_4	100.00	0	0	0	0	0	0	0	0	0
1428515582336360911	CPU_4	98.59	0	0	0	0	1.40	0	0	0	0
1428515583049761485	CPU_4	98.61	0	0	0	0	0	1.38	0	0	0
1428515583758576900	CPU_4	98.59	0	0	0	0	1.40	0	0	0	0
1428515584460671784	CPU_4	100.00	0	0	0	0	0	0	0	0	0
1428515585174866815	CPU_4	100.00	0	0	0	0	0	0	0	0	0
1428515585880669776	CPU_4	98.59	0	0	0	0	1.40	0	0	0	0
1428515586585005407	CPU_4	98.57	0	0	0	0	0	1.42	0	0	0
1428515587299269188	CPU_4	98.61	0	0	0	0	1.38	0	0	0	0
1428515588004116150	CPU_4	100.00	0	0	0	0	0	0	0	0	0
1428515588720212886	CPU_4	100.00	0	0	0	0	0	0	0	0	0
1428515589423886559	CPU_4	98.59	0	0	0	0	1.40	0	0	0	0
1428515590128863522	CPU_4	98.59	0	0	0	0	0	1.40	0	0	0
1428515590843822385	CPU_4	98.61	0	0	0	0	1.38	0	0	0	0
1428515591546145851	CPU_4	100.00	0	0	0	0	0	0	0	0	0
1428515592263168377	CPU_4	100.00	0	0	0	0	0	0	0	0	0
1428515592973300998	CPU_4	97.26	0	0	0	0	1.36	1.36	0	0	0
1428515593677617378	CPU_4	100.00	0	0	0	0	0	0	0	0	0
1428515594392740032	CPU_4	100.00	0	0	0	0	0	0	0	0	0
1428515595098759034	CPU_4	98.59	0	0	0	0	1.40	0	0	0	0
1428515595808986863	CPU_4	100.00	0	0	0	0	0	0	0	0	0
1428515596526785554	CPU_4	97.26	0	0	0	0	1.36	1.36	0	0	0
1428515597232486639	CPU_4	100.00	0	0	0	0	0	0	0	0	0
1428515597949809998	CPU_4	100.00	0	0	0	0	0	0	0	0	0
1428515598652543255	CPU_4	98.59	0	0	0	0	1.40	0	0	0	0
1428515599359657047	CPU_4	100.00	0	0	0	0	0	0	0	0	0
1428515600074197035	CPU_4	97.26	0	0	0	0	1.36	1.36	0	0	0
1428515600777838916	CPU_4	100.00	0	0	0	0	0	0	0	0	0
1428515601489612658	CPU_4	100.00	0	0	0	0	0	0	0	0	0
1428515602199706528	CPU_4	98.61	0	0	0	0	1.38	0	0	0	0
1428515602904300366	CPU_4	98.57	0	0	0	0	0	1.42	0	0	0
1428515603619089728	CPU_4	98.61	0	0	0	0	1.38	0	0	0	0
1428515604325093355	CPU_4	100.00	0	0	0	0	0	0	0	0	0
1428515605028376611	CPU_4	100.00	0	0	0	0	0	0	0	0	0
1428515605744588554	CPU_4	98.61	0	0	0	0	1.38	0	0	0	0
1428515606450341223	CPU_4	98.59	0	0	0	0	0	1.40	0	0	0
1428515607163268422	CPU_4	98.61	0	0	0	0	1.38	0	0	0	0
1428515607870714379	CPU_4	100.00	0	0	0	0	0	0	0	0	0
1428515608574643759	CPU_4	100.00	0	0	0	0	0	0	0	0	0
1428515609293520531	CPU_4	98.61	0	0	0	0	1.38	0	0	0	0
1428515609996993120	CPU_4	98.57	0	0	0	0	0	1.42	0	0	0
1428515610703371162	CPU_4	100.00	0	0	0	0	0	0	0	0	0
1428515611419329022	CPU_4	98.61	0	0	0	0	1.38	0	0	0	0
1428515612123531943	CPU_4	100.00	0	0	0	0	0	0	0	0	0
1428515612838535346	CPU_4	97.22	0	0	0	0	1.38	1.38	0	0	0
1428515613544061015	CPU_4	100.00	0	0	0	0	0	0	0	0	0
1428515614248051061	CPU_4	100.00	0	0	0	0	0	0	0	0	0
1428515614965028836	CPU_4	98.61	0	0	0	0	1.38	0	0	0	0
1428515615671180920	CPU_4	100.00	0	0	0	0	0	0	0	0	0
1428515616392815396	CPU_4	97.26	0	0	0	0	1.36	1.36	0	0	0
1428515617097785232	CPU_4	100.00	0	0	0	0	0	0	0	0	0
1428515617807153436	CPU_4	100.00	0	0	0	0	0	0	0	0	0
1428515618524134377	CPU_4	98.61	0	0	0	0	1.38	0	0	0	0
1428515619229481296	CPU_4	100.00	0	0	0	0	0	0	0	0	0
1428515619935043881	CPU_4	97.22	0	0	0	0	1.38	1.38	0	0	0
1428515620650742282	CPU_4	100.00	0	0	0	0	0	0	0	0	0
1428515621359626195	CPU_4	100.00	0	0	0	0	0	0	0	0	0
1428515622076132720	CPU_4	98.61	0	0	0	0	1.38	0	0	0	0
1428515622784492217	CPU_4	98.59	0	0	0	0	0	1.40	0	0	0
1428515623489008429	CPU_4	98.59	0	0	0	0	1.40	0	0	0	0
1428515624203877581	CPU_4	100.00	0	0	0	0	0	0	0	0	0
1428515624911507413	CPU_4	100.00	0	0	0	0	0	0	0	0	0
1428515625632269847	CPU_4	98.63	0	0	0	0	1.36	0	0	0	0
1428515626345838335	CPU_4	98.59	0	0	0	0	0	1.40	0	0	0
1428515627050976546	CPU_4	100.00	0	0	0	0	0	0	0	0	0
1428515627769980775	CPU_4	98.61	0	0	0	0	1.38	0	0	0	0
1428515628475176777	CPU_4	100.00	0	0	0	0	0	0	0	0	0
1428515629182747983	CPU_4	98.59	0	0	0	0	1.40	0	0	0	0
1428515629899022258	CPU_4	98.61	0	0	0	0	0	1.38	0	0	0
1428515630604628842	CPU_4	100.00	0	0	0	0	0	0	0	0	0
1428515631320885826	CPU_4	98.61	0	0	0	0	1.38	0	0	0	0
1428515632028279616	CPU_4	100.00	0	0	0	0	0	0	0	0	0
1428515632732463660	CPU_4	97.18	0	0	0	0	1.40	1.40	0	0	0
1428515633452956845	CPU_4	100.00	0	0	0	0	0	0	0	0	0
1428515634159067304	CPU_4	100.00	0	0	0	0	0	0	0	0	0
1428515634879268739	CPU_4	98.59	0	0	0	0	1.40	0	0	0	0
1428515635583039451	CPU_4	100.00	0	0	0	0	0	0	0	0	0
1428515636292126571	CPU_4	97.22	0	0	0	0	1.38	1.38	0	0	0
1428515637007856680	CPU_4	100.00	0	0	0	0	0	0	0	0	0
1428515637717295591	CPU_4	100.00	0	0	0	0	0	0	0	0	0
1428515638432635492	CPU_4	98.59	0	0	0	0	1.40	0	0	0	0
1428515639143899733	CPU_4	100.00	0	0	0	0	0	0	0	0	0
1428515639850319149	CPU_4	98.59	0	0	0	0	0	1.40	0	0	0
1428515640566960423	CPU_4	98.61	0	0	0	0	1.38	0	0	0	0
1428515641274062379	CPU_4	100.00	0	0	0	0	0	0	0	0	0
1428515641984008956	CPU_4	98.59	0	0	0	0	1.40	0	0	0	0
1428515642700280522	CPU_4	98.61	0	0	0	0	0	1.38	0	0	0
1428515643408045561	CPU_4	100.00	0	0	0	0	0	0	0	0	0
1428515644125929749	CPU_4	98.61	0	0	0	0	1.38	0	0	0	0
1428515644832362206	CPU_4	100.00	0	0	0	0	0	0	0	0	0
1428515645538178581	CPU_4	98.61	0	0	0	0	1.38	0	0	0	0
1428515646255260979	CPU_4	98.59	0	0	0	0	0	1.40	0	0	0
1428515646966362887	CPU_4	100.00	0	0	0	0	0	0	0	0	0
1428515647683521160	CPU_4	98.61	0	0	0	0	1.38	0	0	0	0
1428515648391582614	CPU_4	100.00	0	0	0	0	0	0	0	0	0
1428515649099120528	CPU_4	98.61	0	0	0	0	1.38	0	0	0	0
1428515649817309299	CPU_4	98.61	0	0	0	0	0	1.38	0	0	0
1428515650525076254	CPU_4	100.00	0	0	0	0	0	0	0	0	0
1428515651232213834	CPU_4	98.59	0	0	0	0	1.40	0	0	0	0
1428515651952760601	CPU_4	100.00	0	0	0	0	0	0	0	0	0
1428515652660250806	CPU_4	97.22	0	0	0	0	1.38	1.38	0	0	0
1428515653377489037	CPU_4	100.00	0	0	0	0	0	0	0	0	0
1428515654082989454	CPU_4	100.00	0	0	0	0	0	0	0	0	0
1428515654789809993	CPU_4	98.59	0	0	0	0	1.40	0	0	0	0
1428515655506993807	CPU_4	100.00	0	0	0	0	0	0	0	0	0
1428515656212282099	CPU_4	97.18	0	0	0	0	1.40	1.40	0	0	0
1428515656929087164	CPU_4	100.00	0	0	0	0	0	0	0	0	0
1428515657636148536	CPU_4	100.00	0	0	0	0	0	0	0	0	0
1428515658341709244	CPU_4	98.59	0	0	0	0	1.40	0	0	0	0
1428515659056860144	CPU_4	98.59	0	0	0	0	0	1.40	0	0	0
1428515659764895223	CPU_4	100.00	0	0	0	0	0	0	0	0	0
1428515660479923874	CPU_4	98.61	0	0	0	0	1.38	0	0	0	0
1428515661189355325	CPU_4	100.00	0	0	0	0	0	0	0	0	0
1428515661898187070	CPU_4	98.61	0	0	0	0	1.38	0	0	0	0
1428515662614325135	CPU_4	98.59	0	0	0	0	0	1.40	0	0	0
1428515663318826344	CPU_4	100.00	0	0	0	0	0	0	0	0	0
1428515664031554165	CPU_4	98.59	0	0	0	0	1.40	0	0	0	0
1428515664755034302	CPU_4	100.00	0	0	0	0	0	0	0	0	0
1428515665462441673	CPU_4	98.59	0	0	0	0	1.40	0	0	0	0
1428515666179784194	CPU_4	98.61	0	0	0	0	0	1.38	0	0	0
1428515666889380395	CPU_4	100.00	0	0	0	0	0	0	0	0	0
1428515667605117169	CPU_4	98.59	0	0	0	0	1.40	0	0	0	0
1428515668319803862	CPU_4	100.00	0	0	0	0	0	0	0	0	0
1428515669028127690	CPU_4	97.22	0	0	0	0	1.38	1.38	0	0	0
1428515669776327160	CPU_4	100.00	0	0	0	0	0	0	0	0	0
1428515670484097489	CPU_4	100.00	0	0	0	0	0	0	0	0	0
1428515671190188279	CPU_4	98.59	0	0	0	0	1.40	0	0	0	0
1428515671908737548	CPU_4	100.00	0	0	0	0	0	0	0	0	0
1428515672620894161	CPU_4	98.61	0	0	0	0	0	1.38	0	0	0
1428515673337831808	CPU_4	98.61	0	0	0	0	1.38	0	0	0	0
1428515674045179929	CPU_4	100.00	0	0	0	0	0	0	0	0	0
1428515674752234092	CPU_4	98.59	0	0	0	0	1.40	0	0	0	0
1428515675467429991	CPU_4	100.00	0	0	0	0	0	0	0	0	0
1428515676174308113	CPU_4	98.59	0	0	0	0	0	1.40	0	0	0
1428515676882120816	CPU_4	98.59	0	0	0	0	1.40	0	0	0	0
1428515677597160924	CPU_4	100.00	0	0	0	0	0	0	0	0	0
1428515678304034796	CPU_4	98.59	0	0	0	0	1.40	0	0	0	0
1428515679021854941	CPU_4	98.61	0	0	0	0	0	1.38	0	0	0
1428515679732352265	CPU_4	100.00	0	0	0	0	0	0	0	0	0
1428515680439613927	CPU_4	98.59	0	0	0	0	1.40	0	0	0	0
1428515681155917658	CPU_4	100.00	0	0	0	0	0	0	0	0	0
1428515681864838859	CPU_4	98.59	0	0	0	0	1.40	0	0	0	0
1428515682580572716	CPU_4	98.61	0	0	0	0	0	1.38	0	0	0
1428515683290455165	CPU_4	100.00	0	0	0	0	0	0	0	0	0
1428515684000735281	CPU_4	98.59	0	0	0	0	1.40	0	0	0	0
1428515684716918720	CPU_4	100.00	0	0	0	0	0	0	0	0	0
1428515685425862088	CPU_4	100.00	0	0	0	0	0	0	0	0	0
1428515686138034242	CPU_4	97.22	0	0	0	0	1.38	1.38	0	0	0
1428515686851379102	CPU_4	100.00	0	0	0	0	0	0	0	0	0
1428515687559046889	CPU_4	98.59	0	0	0	0	1.40	0	0	0	0
1428515688275279202	CPU_4	100.00	0	0	0	0	0	0	0	0	0
1428515688985514859	CPU_4	98.59	0	0	0	0	0	1.40	0	0	0
1428515689692589730	CPU_4	98.59	0	0	0	0	1.40	0	0	0	0
1428515690415012325	CPU_4	100.00	0	0	0	0	0	0	0	0	0
1428515691123108111	CPU_4	98.59	0	0	0	0	1.40	0	0	0	0
1428515691839639966	CPU_4	100.00	0	0	0	0	0	0	0	0	0
1428515692549669831	CPU_4	98.59	0	0	0	0	0	1.40	0	0	0
1428515693258078158	CPU_4	98.59	0	0	0	0	1.40	0	0	0	0
1428515693984118747	CPU_4	100.00	0	0	0	0	0	0	0	0	0
1428515694689354370	CPU_4	100.00	0	0	0	0	0	0	0	0	0
1428515695407899305	CPU_4	98.61	0	0	0	0	1.38	0	0	0	0
1428515696116700422	CPU_4	98.59	0	0	0	0	0	1.40	0	0	0
1428515696823554376	CPU_4	98.61	0	0	0	0	1.38	0	0	0	0
1428515697541855186	CPU_4	100.00	0	0	0	0	0	0	0	0	0
1428515698250292846	CPU_4	100.00	0	0	0	0	0	0	0	0	0
1428515698964011705	CPU_4	97.22	0	0	0	0	1.38	1.38	0	0	0
1428515699677904272	CPU_4	100.00	0	0	0	0	0	0	0	0	0
1428515700386598723	CPU_4	98.61	0	0	0	0	1.38	0	0	0	0
1428515701110563690	CPU_4	100.00	0	0	0	0	0	0	0	0	0
1428515701818071101	CPU_4	100.00	0	0	0	0	0	0	0	0	0
1428515702529067839	CPU_4	97.22	0	0	0	0	1.38	1.38	0	0	0
1428515703247379440	CPU_4	100.00	0	0	0	0	0	0	0	0	0
1428515703957210181	CPU_4	100.00	0	0	0	0	0	0	0	0	0
1428515704675843948	CPU_4	98.61	0	0	0	0	1.38	0	0	0	0
1428515705384607232	CPU_4	100.00	0	0	0	0	0	0	0	0	0
1428515706094449138	CPU_4	97.22	0	0	0	0	1.38	1.38	0	0	0
1428515706811799158	CPU_4	100.00	0	0	0	0	0	0	0	0	0
1428515707521771689	CPU_4	100.00	0	0	0	0	0	0	0	0	0
1428515708240449790	CPU_4	98.63	0	0	0	0	1.36	0	0	0	0
1428515708948264283	CPU_4	98.59	0	0	0	0	0	1.40	0	0	0
1428515709659942312	CPU_4	98.59	0	0	0	0	1.40	0	0	0	0
1428515710379393661	CPU_4	100.00	0	0	0	0	0	0	0	0	0
1428515711086309447	CPU_4	100.00	0	0	0	0	0	0	0	0	0
1428515711803187384	CPU_4	98.61	0	0	0	0	1.38	0	0	0	0
1428515712517719533	CPU_4	98.59	0	0	0	0	0	1.40	0	0	0
1428515713224987943	CPU_4	98.61	0	0	0	0	1.38	0	0	0	0
1428515713943546752	CPU_4	100.00	0	0	0	0	0	0	0	0	0
1428515714653771033	CPU_4	100.00	0	0	0	0	0	0	0	0	0
1428515715363963480	CPU_4	98.59	0	0	0	0	1.40	0	0	0	0
1428515716081409582	CPU_4	98.61	0	0	0	0	0	1.38	0	0	0
1428515716789336117	CPU_4	100.00	0	0	0	0	0	0	0	0	0
1428515717508477049	CPU_4	98.61	0	0	0	0	1.38	0	0	0	0
1428515718215061294	CPU_4	100.00	0	0	0	0	0	0	0	0	0
1428515718923560286	CPU_4	97.22	0	0	0	0	1.38	1.38	0	0	0
1428515719643565467	CPU_4	100.00	0	0	0	0	0	0	0	0	0
1428515720353041124	CPU_4	100.00	0	0	0	0	0	0	0	0	0
1428515721073184805	CPU_4	98.63	0	0	0	0	1.36	0	0	0	0
1428515721783984334	CPU_4	100.00	0	0	0	0	0	0	0	0	0
1428515722494933572	CPU_4	97.22	0	0	0	0	1.38	1.38	0	0	0
1428515723210948009	CPU_4	100.00	0	0	0	0	0	0	0	0	0
1428515723922084455	CPU_4	100.00	0	0	0	0	0	0	0	0	0
1428515724636962977	CPU_4	98.61	0	0	0	0	1.38	0	0	0	0
1428515725349508962	CPU_4	98.61	0	0	0	0	0	1.38	0	0	0
1428515726060351616	CPU_4	98.59	0	0	0	0	1.40	0	0	0	0
1428515726782779959	CPU_4	100.00	0	0	0	0	0	0	0	0	0
1428515727494218196	CPU_4	100.00	0	0	0	0	0	0	0	0	0
1428515728203349894	CPU_4	98.59	0	0	0	0	1.40	0	0	0	0
1428515728922215743	CPU_4	98.61	0	0	0	0	0	1.38	0	0	0
1428515729632968606	CPU_4	98.59	0	0	0	0	1.40	0	0	0	0
1428515730351002748	CPU_4	100.00	0	0	0	0	0	0	0	0	0
1428515731061256319	CPU_4	100.00	0	0	0	0	0	0	0	0	0
1428515731770543143	CPU_4	98.61	0	0	0	0	1.38	0	0	0	0
1428515732497990061	CPU_4	98.61	0	0	0	0	0	1.38	0	0	0
1428515733207781799	CPU_4	100.00	0	0	0	0	0	0	0	0	0
1428515733930262517	CPU_4	98.63	0	0	0	0	1.36	0	0	0	0
1428515734641531045	CPU_4	100.00	0	0	0	0	0	0	0	0	0
1428515735348882747	CPU_4	97.22	0	0	0	0	1.38	1.38	0	0	0
1428515736070663007	CPU_4	100.00	0	0	0	0	0	0	0	0	0
1428515736780556162	CPU_4	100.00	0	0	0	0	0	0	0	0	0
1428515737500538842	CPU_4	98.61	0	0	0	0	1.38	0	0	0	0
1428515738215363781	CPU_4	100.00	0	0	0	0	0	0	0	0	0
1428515738926321226	CPU_4	97.22	0	0	0	0	1.38	1.38	0	0	0
1428515739649565484	CPU_4	100.00	0	0	0	0	0	0	0	0	0
1428515740358201974	CPU_4	100.00	0	0	0	0	0	0	0	0	0
1428515741079061320	CPU_4	98.63	0	0	0	0	1.36	0	0	0	0
1428515741789139349	CPU_4	100.00	0	0	0	0	0	0	0	0	0
1428515742497592840	CPU_4	98.59	0	0	0	0	0	1.40	0	0	0
1428515743219763308	CPU_4	98.63	0	0	0	0	1.36	0	0	0	0
1428515743929966962	CPU_4	100.00	0	0	0	0	0	0	0	0	0
1428515744657433046	CPU_4	98.63	0	0	0	0	1.36	0	0	0	0
1428515745365569829	CPU_4	98.59	0	0	0	0	0	1.40	0	0	0
1428515746077575730	CPU_4	100.00	0	0	0	0	0	0	0	0	0
1428515746798155534	CPU_4	98.63	0	0	0	0	1.36	0	0	0	0
1428515747506437858	CPU_4	100.00	0	0	0	0	0	0	0	0	0
1428515748223279751	CPU_4	98.61	0	0	0	0	1.38	0	0	0	0
1428515748938986979	CPU_4	98.61	0	0	0	0	0	1.38	0	0	0
1428515749651815379	CPU_4	100.00	0	0	0	0	0	0	0	0	0
1428515750371276059	CPU_4	98.61	0	0	0	0	1.38	0	0	0	0
1428515751082105629	CPU_4	100.00	0	0	0	0	0	0	0	0	0
1428515751793020240	CPU_4	97.26	0	0	0	0	1.36	1.36	0	0	0
1428515752509864591	CPU_4	100.00	0	0	0	0	0	0	0	0	0
1428515753224229613	CPU_4	100.00	0	0	0	0	0	0	0	0	0
1428515753943347794	CPU_4	98.61	0	0	0	0	1.38	0	0	0	0
1428515754656649901	CPU_4	100.00	0	0	0	0	0	0	0	0	0
1428515755365409432	CPU_4	98.59	0	0	0	0	0	1.40	0	0	0
1428515756088461064	CPU_4	98.63	0	0	0	0	1.36	0	0	0	0
1428515756799324883	CPU_4	100.00	0	0	0	0	0	0	0	0	0
1428515757516647484	CPU_4	98.61	0	0	0	0	1.38	0	0	0	0
1428515758228357051	CPU_4	100.00	0	0	0	0	0	0	0	0	0
1428515758940545993	CPU_4	98.61	0	0	0	0	0	1.38	0	0	0
1428515759659186091	CPU_4	98.61	0	0	0	0	1.38	0	0	0	0
1428515760369454995	CPU_4	100.00	0	0	0	0	0	0	0	0	0
1428515761089876756	CPU_4	98.63	0	0	0	0	1.36	0	0	0	0
1428515761800278451	CPU_4	98.59	0	0	0	0	0	1.40	0	0	0
1428515762508764191	CPU_4	100.00	0	0	0	0	0	0	0	0	0
1428515763229206577	CPU_4	98.61	0	0	0	0	1.38	0	0	0	0
1428515763947634008	CPU_4	100.00	0	0	0	0	0	0	0	0	0
1428515764671435014	CPU_4	98.63	0	0	0	0	1.36	0	0	0	0
1428515765381273085	CPU_4	98.59	0	0	0	0	0	1.40	0	0	0
1428515766093056193	CPU_4	100.00	0	0	0	0	0	0	0	0	0
1428515766813546121	CPU_4	98.61	0	0	0	0	1.38	0	0	0	0
1428515767522196944	CPU_4	100.00	0	0	0	0	0	0	0	0	0
1428515768237937713	CPU_4	100.00	0	0	0	0	0	0	0	0	0
1428515768954252939	CPU_4	97.29	0	0	0	0	1.35	1.35	0	0	0
1428515769665584507	CPU_4	100.00	0	0	0	0	0	0	0	0	0
1428515770385289811	CPU_4	98.61	0	0	0	0	1.38	0	0	0	0
1428515771096257879	CPU_4	100.00	0	0	0	0	0	0	0	0	0
1428515771808903028	CPU_4	98.59	0	0	0	0	0	1.40	0	0	0
1428515772527082584	CPU_4	98.63	0	0	0	0	1.36	0	0	0	0
1428515773238956026	CPU_4	100.00	0	0	0	0	0	0	0	0	0
1428515773972532223	CPU_4	23.28	0	1.36	75.34	0	0	0	0	0	0
