#Timestamp	CPU_ID	user%	nice%	sys%	idle%	iowait%	irq%	softiq%	steal%	guest%	guest_nice%
1428576580081655627	CPU_4	65.07	0	33.33	1.58	0	0	0	0	0	0
1428576580842621866	CPU_4	0	0	0	100.00	0	0	0	0	0	0
1428576581622827744	CPU_4	0	0	0	100.00	0	0	0	0	0	0
1428576582384138775	CPU_4	0	0	0	100.00	0	0	0	0	0	0
1428576583164696528	CPU_4	0	0	0	100.00	0	0	0	0	0	0
1428576583925054351	CPU_4	0	0	0	100.00	0	0	0	0	0	0
1428576584705830353	CPU_4	0	0	0	100.00	0	0	0	0	0	0
1428576585465054845	CPU_4	0	0	0	100.00	0	0	0	0	0	0
1428576586242557685	CPU_4	0	0	0	100.00	0	0	0	0	0	0
1428576587004185382	CPU_4	0	0	0	100.00	0	0	0	0	0	0
1428576587781010765	CPU_4	0	0	0	100.00	0	0	0	0	0	0
1428576588542897377	CPU_4	0	0	0	100.00	0	0	0	0	0	0
1428576589321454674	CPU_4	0	0	0	100.00	0	0	0	0	0	0
1428576590087511489	CPU_4	0	0	0	100.00	0	0	0	0	0	0
1428576590864970371	CPU_4	0	0	0	100.00	0	0	0	0	0	0
1428576591633368641	CPU_4	0	0	0	100.00	0	0	0	0	0	0
1428576592410635899	CPU_4	0	0	0	100.00	0	0	0	0	0	0
1428576593177946795	CPU_4	0	0	0	100.00	0	0	0	0	0	0
1428576593956386550	CPU_4	0	0	0	100.00	0	0	0	0	0	0
1428576594722946156	CPU_4	0	0	0	100.00	0	0	0	0	0	0
1428576595504149241	CPU_4	0	0	0	100.00	0	0	0	0	0	0
1428576596269812681	CPU_4	0	0	0	98.70	0	1.29	0	0	0	0
1428576597049012769	CPU_4	0	0	0	100.00	0	0	0	0	0	0
1428576597820141910	CPU_4	0	0	0	100.00	0	0	0	0	0	0
1428576598600978578	CPU_4	0	0	0	55.71	0	44.28	0	0	0	0
1428576599364999104	CPU_4	0	0	0	100.00	0	0	0	0	0	0
1428576600144751358	CPU_4	0	0	0	100.00	0	0	0	0	0	0
1428576600910078549	CPU_4	0	0	0	100.00	0	0	0	0	0	0
1428576601703107741	CPU_4	1.26	0	0	98.73	0	0	0	0	0	0
1428576602467184225	CPU_4	0	0	0	100.00	0	0	0	0	0	0
1428576603249069851	CPU_4	0	0	0	100.00	0	0	0	0	0	0
1428576604014967332	CPU_4	0	0	0	100.00	0	0	0	0	0	0
1428576604803020240	CPU_4	0	0	0	100.00	0	0	0	0	0	0
1428576605570330178	CPU_4	0	0	0	100.00	0	0	0	0	0	0
1428576606357667045	CPU_4	0	0	0	100.00	0	0	0	0	0	0
1428576607124996650	CPU_4	0	0	0	100.00	0	0	0	0	0	0
1428576607902046698	CPU_4	0	0	0	100.00	0	0	0	0	0	0
1428576608674651837	CPU_4	0	0	0	100.00	0	0	0	0	0	0
1428576609447806183	CPU_4	0	0	0	100.00	0	0	0	0	0	0
1428576610222602776	CPU_4	0	0	0	100.00	0	0	0	0	0	0
1428576611002638279	CPU_4	0	0	0	100.00	0	0	0	0	0	0
1428576611775398875	CPU_4	0	0	0	100.00	0	0	0	0	0	0
1428576612548324722	CPU_4	0	0	0	100.00	0	0	0	0	0	0
1428576613322146317	CPU_4	0	0	0	100.00	0	0	0	0	0	0
1428576614092498708	CPU_4	0	0	0	100.00	0	0	0	0	0	0
1428576614871675670	CPU_4	0	0	0	100.00	0	0	0	0	0	0
1428576615651740423	CPU_4	0	0	0	100.00	0	0	0	0	0	0
1428576616425437309	CPU_4	0	0	0	100.00	0	0	0	0	0	0
1428576617204896813	CPU_4	0	0	0	100.00	0	0	0	0	0	0
1428576617982112569	CPU_4	0	0	0	100.00	0	0	0	0	0	0
1428576618752080670	CPU_4	0	0	0	100.00	0	0	0	0	0	0
1428576619530242800	CPU_4	0	0	0	100.00	0	0	0	0	0	0
1428576620302045189	CPU_4	0	0	0	100.00	0	0	0	0	0	0
1428576621084661479	CPU_4	0	0	0	100.00	0	0	0	0	0	0
1428576621857617034	CPU_4	0	0	0	100.00	0	0	0	0	0	0
1428576622637710577	CPU_4	0	0	0	100.00	0	0	0	0	0	0
1428576623414853251	CPU_4	0	0	0	100.00	0	0	0	0	0	0
1428576624199973537	CPU_4	0	0	0	100.00	0	0	0	0	0	0
1428576624992120981	CPU_4	1.28	0	0	98.71	0	0	0	0	0	0
1428576625767341281	CPU_4	0	0	0	100.00	0	0	0	0	0	0
1428576626544882454	CPU_4	0	0	0	100.00	0	0	0	0	0	0
1428576627322493293	CPU_4	0	0	1.28	98.71	0	0	0	0	0	0
1428576628099872799	CPU_4	0	0	0	100.00	0	0	0	0	0	0
1428576628875358724	CPU_4	0	0	0	100.00	0	0	0	0	0	0
1428576629700883703	CPU_4	0	0	0	100.00	0	0	0	0	0	0
1428576630467334266	CPU_4	0	0	0	100.00	0	0	0	0	0	0
1428576631252143470	CPU_4	0	0	0	100.00	0	0	0	0	0	0
1428576632022836569	CPU_4	0	0	0	100.00	0	0	0	0	0	0
1428576632806731190	CPU_4	0	0	0	100.00	0	0	0	0	0	0
1428576633575155334	CPU_4	0	0	0	100.00	0	0	0	0	0	0
1428576634359748788	CPU_4	0	0	0	100.00	0	0	0	0	0	0
1428576635132580675	CPU_4	0	0	0	100.00	0	0	0	0	0	0
1428576635919099251	CPU_4	0	0	0	100.00	0	0	0	0	0	0
1428576636685715981	CPU_4	0	0	0	100.00	0	0	0	0	0	0
1428576637472792848	CPU_4	0	0	0	100.00	0	0	0	0	0	0
1428576638242182490	CPU_4	0	0	0	100.00	0	0	0	0	0	0
1428576639025252112	CPU_4	0	0	0	100.00	0	0	0	0	0	0
1428576639795822669	CPU_4	0	0	0	100.00	0	0	0	0	0	0
1428576640578403376	CPU_4	0	0	0	100.00	0	0	0	0	0	0
1428576641350171890	CPU_4	0	0	0	100.00	0	0	0	0	0	0
1428576642134044053	CPU_4	0	0	0	100.00	0	0	0	0	0	0
1428576642903059862	CPU_4	0	0	0	100.00	0	0	0	0	0	0
1428576643686581734	CPU_4	0	0	0	100.00	0	0	0	0	0	0
1428576644457144666	CPU_4	0	0	0	100.00	0	0	0	0	0	0
1428576645242737410	CPU_4	0	0	0	100.00	0	0	0	0	0	0
1428576646013347050	CPU_4	0	0	0	100.00	0	0	0	0	0	0
1428576646797694754	CPU_4	0	0	0	100.00	0	0	0	0	0	0
1428576647566459230	CPU_4	0	0	0	100.00	0	0	0	0	0	0
1428576648351708558	CPU_4	0	0	0	100.00	0	0	0	0	0	0
1428576649122948113	CPU_4	0	0	0	100.00	0	0	0	0	0	0
1428576649916327513	CPU_4	0	0	0	100.00	0	0	0	0	0	0
1428576650685849238	CPU_4	0	0	0	100.00	0	0	0	0	0	0
1428576651471408940	CPU_4	0	0	0	100.00	0	0	0	0	0	0
1428576652240947623	CPU_4	0	0	0	100.00	0	0	0	0	0	0
1428576653026937824	CPU_4	0	0	0	100.00	0	0	0	0	0	0
1428576653797705797	CPU_4	0	0	0	100.00	0	0	0	0	0	0
1428576654582628209	CPU_4	0	0	0	100.00	0	0	0	0	0	0
1428576655352663433	CPU_4	0	0	0	100.00	0	0	0	0	0	0
1428576656135002139	CPU_4	0	0	0	100.00	0	0	0	0	0	0
1428576656905837987	CPU_4	0	0	0	100.00	0	0	0	0	0	0
1428576657689595317	CPU_4	0	0	0	100.00	0	0	0	0	0	0
1428576658459997665	CPU_4	0	0	0	100.00	0	0	0	0	0	0
1428576659243119579	CPU_4	0	0	0	100.00	0	0	0	0	0	0
1428576660015985215	CPU_4	0	0	0	100.00	0	0	0	0	0	0
1428576660801683500	CPU_4	0	0	0	100.00	0	0	0	0	0	0
1428576661570357143	CPU_4	0	0	0	100.00	0	0	0	0	0	0
1428576662355070929	CPU_4	0	0	0	100.00	0	0	0	0	0	0
1428576663125676361	CPU_4	0	0	0	100.00	0	0	0	0	0	0
1428576663910485980	CPU_4	0	0	0	100.00	0	0	0	0	0	0
1428576664682784117	CPU_4	0	0	0	100.00	0	0	0	0	0	0
1428576665470776107	CPU_4	0	0	0	100.00	0	0	0	0	0	0
1428576666238238585	CPU_4	0	0	0	100.00	0	0	0	0	0	0
1428576667024854910	CPU_4	0	0	0	100.00	0	0	0	0	0	0
1428576667795785216	CPU_4	0	0	0	100.00	0	0	0	0	0	0
1428576668582278957	CPU_4	0	0	0	100.00	0	0	0	0	0	0
1428576669359925795	CPU_4	0	0	0	100.00	0	0	0	0	0	0
1428576670144362290	CPU_4	0	0	0	100.00	0	0	0	0	0	0
1428576670915386554	CPU_4	0	0	0	100.00	0	0	0	0	0	0
1428576671700722547	CPU_4	0	0	0	100.00	0	0	0	0	0	0
1428576672470618688	CPU_4	0	0	0	100.00	0	0	0	0	0	0
1428576673258259386	CPU_4	0	0	0	100.00	0	0	0	0	0	0
1428576674031475647	CPU_4	0	0	0	100.00	0	0	0	0	0	0
1428576674823459006	CPU_4	0	0	0	100.00	0	0	0	0	0	0
1428576675594135562	CPU_4	0	0	0	100.00	0	0	0	0	0	0
1428576676382196260	CPU_4	0	0	0	100.00	0	0	0	0	0	0
1428576677151940900	CPU_4	0	0	0	100.00	0	0	0	0	0	0
1428576677938319892	CPU_4	0	0	0	100.00	0	0	0	0	0	0
1428576678709347614	CPU_4	0	0	0	100.00	0	0	0	0	0	0
1428576679495141565	CPU_4	0	0	0	100.00	0	0	0	0	0	0
1428576680264769706	CPU_4	0	0	0	100.00	0	0	0	0	0	0
1428576681052344904	CPU_4	0	0	0	100.00	0	0	0	0	0	0
1428576681831788572	CPU_4	0	0	0	100.00	0	0	0	0	0	0
1428576682619447437	CPU_4	0	0	0	100.00	0	0	0	0	0	0
1428576683391582408	CPU_4	0	0	0	100.00	0	0	0	0	0	0
1428576684179364772	CPU_4	0	0	0	100.00	0	0	0	0	0	0
1428576684954937529	CPU_4	0	0	0	100.00	0	0	0	0	0	0
1428576685740595730	CPU_4	0	0	0	100.00	0	0	0	0	0	0
1428576686512825909	CPU_4	0	0	0	100.00	0	0	0	0	0	0
1428576687297840652	CPU_4	0	0	0	100.00	0	0	0	0	0	0
1428576688070615663	CPU_4	0	0	0	100.00	0	0	0	0	0	0
1428576688857950611	CPU_4	0	0	0	100.00	0	0	0	0	0	0
1428576689628229126	CPU_4	0	0	0	100.00	0	0	0	0	0	0
1428576690415201367	CPU_4	0	0	0	100.00	0	0	0	0	0	0
1428576691185699714	CPU_4	0	0	0	100.00	0	0	0	0	0	0
1428576691976765449	CPU_4	0	0	0	100.00	0	0	0	0	0	0
1428576692747761921	CPU_4	0	0	0	100.00	0	0	0	0	0	0
1428576693533583329	CPU_4	0	0	0	100.00	0	0	0	0	0	0
1428576694309003253	CPU_4	0	0	0	100.00	0	0	0	0	0	0
1428576695096165910	CPU_4	0	0	0	100.00	0	0	0	0	0	0
1428576695868102839	CPU_4	0	0	0	100.00	0	0	0	0	0	0
1428576696654532538	CPU_4	0	0	0	100.00	0	0	0	0	0	0
1428576697428380506	CPU_4	0	0	0	100.00	0	0	0	0	0	0
1428576698214864372	CPU_4	0	0	0	100.00	0	0	0	0	0	0
1428576698989479921	CPU_4	0	0	0	100.00	0	0	0	0	0	0
1428576699781636904	CPU_4	0	0	0	100.00	0	0	0	0	0	0
1428576700552860584	CPU_4	0	0	0	100.00	0	0	0	0	0	0
1428576701344178901	CPU_4	0	0	0	100.00	0	0	0	0	0	0
1428576702115502956	CPU_4	0	0	0	100.00	0	0	0	0	0	0
1428576702901931447	CPU_4	0	0	0	100.00	0	0	0	0	0	0
1428576703674407999	CPU_4	0	0	0	100.00	0	0	0	0	0	0
1428576704462701987	CPU_4	0	0	0	100.00	0	0	0	0	0	0
1428576705232666252	CPU_4	0	0	0	100.00	0	0	0	0	0	0
1428576706020431699	CPU_4	0	0	0	100.00	0	0	0	0	0	0
1428576706791677795	CPU_4	0	0	0	100.00	0	0	0	0	0	0
1428576707579485493	CPU_4	0	0	0	100.00	0	0	0	0	0	0
1428576708350963838	CPU_4	0	0	0	100.00	0	0	0	0	0	0
1428576709137483579	CPU_4	0	0	0	100.00	0	0	0	0	0	0
1428576709917415079	CPU_4	0	0	0	100.00	0	0	0	0	0	0
1428576710703158154	CPU_4	0	0	0	100.00	0	0	0	0	0	0
1428576711478087287	CPU_4	0	0	0	100.00	0	0	0	0	0	0
1428576712264441277	CPU_4	0	0	0	100.00	0	0	0	0	0	0
1428576713038914744	CPU_4	0	0	0	100.00	0	0	0	0	0	0
1428576713824636527	CPU_4	0	0	0	100.00	0	0	0	0	0	0
1428576714599026243	CPU_4	0	0	0	100.00	0	0	0	0	0	0
1428576715386457774	CPU_4	0	0	0	100.00	0	0	0	0	0	0
1428576716159893950	CPU_4	0	0	0	100.00	0	0	0	0	0	0
1428576716948078813	CPU_4	0	0	0	100.00	0	0	0	0	0	0
1428576717725992233	CPU_4	0	0	0	100.00	0	0	0	0	0	0
1428576718516998883	CPU_4	0	0	0	100.00	0	0	0	0	0	0
1428576719290090810	CPU_4	0	0	0	100.00	0	0	0	0	0	0
1428576720085393246	CPU_4	0	0	0	100.00	0	0	0	0	0	0
1428576720856333800	CPU_4	0	0	0	100.00	0	0	0	0	0	0
1428576721652489610	CPU_4	0	0	0	100.00	0	0	0	0	0	0
1428576722426617827	CPU_4	0	0	0	100.00	0	0	0	0	0	0
1428576723214759481	CPU_4	0	0	0	100.00	0	0	0	0	0	0
1428576723988050366	CPU_4	0	0	0	100.00	0	0	0	0	0	0
1428576724775682354	CPU_4	0	0	0	100.00	0	0	0	0	0	0
1428576725554047856	CPU_4	0	0	0	100.00	0	0	0	0	0	0
1428576726342118594	CPU_4	0	0	0	100.00	0	0	0	0	0	0
1428576727115815311	CPU_4	0	0	0	100.00	0	0	0	0	0	0
1428576727903533300	CPU_4	0	0	0	100.00	0	0	0	0	0	0
1428576728679100431	CPU_4	0	0	0	100.00	0	0	0	0	0	0
1428576729473233243	CPU_4	0	0	0	100.00	0	0	0	0	0	0
1428576730245020796	CPU_4	0	0	0	100.00	0	0	0	0	0	0
1428576731034054616	CPU_4	0	0	0	100.00	0	0	0	0	0	0
1428576731806594459	CPU_4	0	0	0	100.00	0	0	0	0	0	0
1428576732595969904	CPU_4	0	0	0	100.00	0	0	0	0	0	0
1428576733367502999	CPU_4	0	0	0	100.00	0	0	0	0	0	0
1428576734157671025	CPU_4	0	0	0	100.00	0	0	0	0	0	0
1428576734931255575	CPU_4	0	0	0	100.00	0	0	0	0	0	0
1428576735724766597	CPU_4	0	0	0	100.00	0	0	0	0	0	0
1428576736497988731	CPU_4	0	0	0	100.00	0	0	0	0	0	0
1428576737284460804	CPU_4	0	0	0	100.00	0	0	0	0	0	0
1428576738059379311	CPU_4	0	0	0	100.00	0	0	0	0	0	0
1428576738848090423	CPU_4	0	0	0	100.00	0	0	0	0	0	0
1428576739625918508	CPU_4	0	0	0	100.00	0	0	0	0	0	0
1428576740414036288	CPU_4	0	0	0	100.00	0	0	0	0	0	0
1428576741206603227	CPU_4	0	0	0	100.00	0	0	0	0	0	0
1428576741990822178	CPU_4	0	0	0	100.00	0	0	0	0	0	0
1428576742769832887	CPU_4	0	0	0	100.00	0	0	0	0	0	0
1428576743556394710	CPU_4	0	0	0	100.00	0	0	0	0	0	0
1428576744367841372	CPU_4	0	0	0	100.00	0	0	0	0	0	0
1428576745226799049	CPU_4	8.13	0	0	91.86	0	0	0	0	0	0
1428576746017416575	CPU_4	0	0	0	100.00	0	0	0	0	0	0
1428576746792714331	CPU_4	0	0	0	100.00	0	0	0	0	0	0
1428576747584052272	CPU_4	1.26	0	0	98.73	0	0	0	0	0	0
1428576748360220859	CPU_4	0	0	0	100.00	0	0	0	0	0	0
1428576749149114971	CPU_4	0	0	0	100.00	0	0	0	0	0	0
1428576749927670888	CPU_4	0	0	0	100.00	0	0	0	0	0	0
1428576750717274873	CPU_4	0	0	0	100.00	0	0	0	0	0	0
1428576751496610665	CPU_4	0	0	0	100.00	0	0	0	0	0	0
1428576752288246355	CPU_4	0	0	0	100.00	0	0	0	0	0	0
1428576753064687526	CPU_4	0	0	0	100.00	0	0	0	0	0	0
1428576753861944958	CPU_4	0	0	0	100.00	0	0	0	0	0	0
1428576754638093546	CPU_4	0	0	0	100.00	0	0	0	0	0	0
1428576755428116197	CPU_4	0	0	0	100.00	0	0	0	0	0	0
1428576756204330285	CPU_4	0	0	0	100.00	0	0	0	0	0	0
1428576756996930890	CPU_4	0	0	0	100.00	0	0	0	0	0	0
1428576757773366894	CPU_4	0	0	0	100.00	0	0	0	0	0	0
1428576758564706502	CPU_4	0	0	0	100.00	0	0	0	0	0	0
1428576759341922421	CPU_4	0	0	0	100.00	0	0	0	0	0	0
1428576760132103155	CPU_4	0	0	0	100.00	0	0	0	0	0	0
1428576760908934533	CPU_4	0	0	0	100.00	0	0	0	0	0	0
1428576761699010476	CPU_4	0	0	0	100.00	0	0	0	0	0	0
1428576762475590730	CPU_4	0	0	0	100.00	0	0	0	0	0	0
1428576763266741837	CPU_4	0	0	0	100.00	0	0	0	0	0	0
1428576764050147997	CPU_4	0	0	0	100.00	0	0	0	0	0	0
1428576764834874406	CPU_4	0	0	0	100.00	0	0	0	0	0	0
1428576765637990579	CPU_4	0	0	0	100.00	0	0	0	0	0	0
1428576766417279079	CPU_4	0	0	0	100.00	0	0	0	0	0	0
1428576767216085259	CPU_4	0	0	0	100.00	0	0	0	0	0	0
1428576767993090928	CPU_4	0	0	0	100.00	0	0	0	0	0	0
1428576768785937658	CPU_4	0	0	0	100.00	0	0	0	0	0	0
1428576769567255155	CPU_4	0	0	0	100.00	0	0	0	0	0	0
1428576770360001885	CPU_4	0	0	0	100.00	0	0	0	0	0	0
1428576771137137054	CPU_4	0	0	0	100.00	0	0	0	0	0	0
1428576771929983367	CPU_4	0	0	0	100.00	0	0	0	0	0	0
1428576772709954282	CPU_4	0	0	0	100.00	0	0	0	0	0	0
1428576773503411469	CPU_4	0	0	0	100.00	0	0	0	0	0	0
1428576774282099636	CPU_4	0	0	0	100.00	0	0	0	0	0	0
1428576775079078235	CPU_4	0	0	0	100.00	0	0	0	0	0	0
1428576775856412654	CPU_4	0	0	0	100.00	0	0	0	0	0	0
1428576776650877590	CPU_4	0	0	0	100.00	0	0	0	0	0	0
1428576777426919510	CPU_4	0	0	0	100.00	0	0	0	0	0	0
1428576778220029323	CPU_4	0	0	0	100.00	0	0	0	0	0	0
1428576778994817579	CPU_4	0	0	0	100.00	0	0	0	0	0	0
1428576779787861058	CPU_4	0	0	0	100.00	0	0	0	0	0	0
1428576780563368688	CPU_4	0	0	0	100.00	0	0	0	0	0	0
1428576781355609043	CPU_4	0	0	0	100.00	0	0	0	0	0	0
1428576782132859962	CPU_4	0	0	0	100.00	0	0	0	0	0	0
1428576782925208775	CPU_4	0	0	0	100.00	0	0	0	0	0	0
1428576783709295518	CPU_4	0	0	0	100.00	0	0	0	0	0	0
1428576784500919082	CPU_4	0	0	0	100.00	0	0	0	0	0	0
1428576785282093912	CPU_4	0	0	1.26	98.73	0	0	0	0	0	0
1428576786075784432	CPU_4	0	0	0	100.00	0	0	0	0	0	0
1428576786856441512	CPU_4	0	0	0	100.00	0	0	0	0	0	0
1428576787651685572	CPU_4	0	0	0	100.00	0	0	0	0	0	0
1428576788430436905	CPU_4	0	0	0	100.00	0	0	0	0	0	0
1428576789227049170	CPU_4	0	0	0	100.00	0	0	0	0	0	0
1428576790012763035	CPU_4	0	0	0	100.00	0	0	0	0	0	0
1428576790807092970	CPU_4	0	0	0	100.00	0	0	0	0	0	0
1428576791583345682	CPU_4	0	0	0	100.00	0	0	0	0	0	0
1428576792377449035	CPU_4	0	0	0	100.00	0	0	0	0	0	0
1428576793163857398	CPU_4	0	0	0	100.00	0	0	0	0	0	0
1428576793949487596	CPU_4	0	0	0	100.00	0	0	0	0	0	0
1428576794757255637	CPU_4	0	0	0	100.00	0	0	0	0	0	0
1428576795534049431	CPU_4	0	0	0	100.00	0	0	0	0	0	0
1428576796334057525	CPU_4	0	0	0	100.00	0	0	0	0	0	0
1428576797110831653	CPU_4	0	0	0	100.00	0	0	0	0	0	0
1428576797902278217	CPU_4	0	0	0	100.00	0	0	0	0	0	0
1428576798681543341	CPU_4	0	0	0	100.00	0	0	0	0	0	0
1428576799471266199	CPU_4	0	0	0	100.00	0	0	0	0	0	0
1428576800249446575	CPU_4	0	0	0	100.00	0	0	0	0	0	0
1428576801041384180	CPU_4	0	0	0	100.00	0	0	0	0	0	0
1428576801825135881	CPU_4	0	0	0	100.00	0	0	0	0	0	0
1428576802614577240	CPU_4	0	0	0	100.00	0	0	0	0	0	0
1428576803391884741	CPU_4	0	0	0	100.00	0	0	0	0	0	0
1428576804184224679	CPU_4	0	0	0	100.00	0	0	0	0	0	0
1428576804961487347	CPU_4	0	0	0	100.00	0	0	0	0	0	0
1428576805756825364	CPU_4	0	0	0	100.00	0	0	0	0	0	0
1428576806535950071	CPU_4	0	0	0	100.00	0	0	0	0	0	0
1428576807329544591	CPU_4	0	0	0	100.00	0	0	0	0	0	0
1428576808107969216	CPU_4	0	0	0	100.00	0	0	0	0	0	0
1428576808903157066	CPU_4	0	0	0	100.00	0	0	0	0	0	0
1428576809683530730	CPU_4	0	0	0	100.00	0	0	0	0	0	0
1428576810477369040	CPU_4	0	0	0	100.00	0	0	0	0	0	0
1428576811258113787	CPU_4	0	0	0	100.00	0	0	0	0	0	0
1428576812049281101	CPU_4	0	0	0	100.00	0	0	0	0	0	0
1428576812829284015	CPU_4	0	0	0	98.73	0	0	1.26	0	0	0
1428576813623963241	CPU_4	0	0	0	100.00	0	0	0	0	0	0
1428576814406047027	CPU_4	0	0	0	100.00	0	0	0	0	0	0
1428576815202702500	CPU_4	0	0	0	100.00	0	0	0	0	0	0
1428576815982088707	CPU_4	0	0	0	100.00	0	0	0	0	0	0
1428576816776719266	CPU_4	0	0	0	100.00	0	0	0	0	0	0
1428576817557511554	CPU_4	0	0	0	100.00	0	0	0	0	0	0
1428576818351223115	CPU_4	0	0	0	100.00	0	0	0	0	0	0
1428576819131027445	CPU_4	0	0	0	100.00	0	0	0	0	0	0
1428576819924791839	CPU_4	0	0	0	100.00	0	0	0	0	0	0
1428576820707929374	CPU_4	0	0	0	100.00	0	0	0	0	0	0
1428576821497374315	CPU_4	0	0	0	100.00	0	0	0	0	0	0
1428576822296679326	CPU_4	0	0	0	100.00	0	0	0	0	0	0
1428576823077482155	CPU_4	0	0	0	100.00	0	0	0	0	0	0
1428576823875519335	CPU_4	0	0	0	100.00	0	0	0	0	0	0
1428576824653929876	CPU_4	0	0	0	100.00	0	0	0	0	0	0
1428576825447273645	CPU_4	0	0	0	100.00	0	0	0	0	0	0
1428576826227257975	CPU_4	0	0	0	100.00	0	0	0	0	0	0
1428576827021242327	CPU_4	0	0	0	100.00	0	0	0	0	0	0
1428576827802935822	CPU_4	0	0	0	100.00	0	0	0	0	0	0
1428576828595678467	CPU_4	0	0	0	100.00	0	0	0	0	0	0
1428576829375521172	CPU_4	0	0	0	100.00	0	0	0	0	0	0
1428576830171402521	CPU_4	0	0	0	100.00	0	0	0	0	0	0
1428576830952049850	CPU_4	0	0	0	100.00	0	0	0	0	0	0
1428576831750101904	CPU_4	0	0	0	47.05	0	0	52.94	0	0	0
1428576832529415777	CPU_4	0	0	0	100.00	0	0	0	0	0	0
1428576833324201128	CPU_4	0	0	0	100.00	0	0	0	0	0	0
1428576834102102794	CPU_4	0	0	0	100.00	0	0	0	0	0	0
1428576834899592516	CPU_4	0	0	0	100.00	0	0	0	0	0	0
1428576835680950094	CPU_4	0	0	0	100.00	0	0	0	0	0	0
1428576836477083942	CPU_4	0	0	0	100.00	0	0	0	0	0	0
1428576837260384017	CPU_4	0	0	0	100.00	0	0	0	0	0	0
1428576838054838451	CPU_4	0	0	0	100.00	0	0	0	0	0	0
1428576838837690986	CPU_4	0	0	0	100.00	0	0	0	0	0	0
1428576839634730208	CPU_4	0	0	0	100.00	0	0	0	0	0	0
1428576840419765572	CPU_4	0	0	0	100.00	0	0	0	0	0	0
1428576841215333046	CPU_4	0	0	0	100.00	0	0	0	0	0	0
1428576841997277081	CPU_4	0	0	0	100.00	0	0	0	0	0	0
1428576842796068134	CPU_4	0	0	0	100.00	0	0	0	0	0	0
1428576843582786121	CPU_4	0	0	0	100.00	0	0	0	0	0	0
1428576844373243144	CPU_4	0	0	0	100.00	0	0	0	0	0	0
1428576845181893057	CPU_4	0	0	0	100.00	0	0	0	0	0	0
1428576845965838840	CPU_4	0	0	0	100.00	0	0	0	0	0	0
1428576846772029798	CPU_4	0	0	0	100.00	0	0	0	0	0	0
1428576847552389753	CPU_4	0	0	0	100.00	0	0	0	0	0	0
1428576848347632310	CPU_4	0	0	0	100.00	0	0	0	0	0	0
1428576849131497009	CPU_4	0	0	0	100.00	0	0	0	0	0	0
1428576849927288608	CPU_4	0	0	0	100.00	0	0	0	0	0	0
1428576850710767807	CPU_4	0	0	0	100.00	0	0	0	0	0	0
1428576851510148734	CPU_4	0	0	0	100.00	0	0	0	0	0	0
1428576852294231474	CPU_4	0	0	0	100.00	0	0	0	0	0	0
1428576853090814530	CPU_4	0	0	0	100.00	0	0	0	0	0	0
1428576853877059642	CPU_4	0	0	0	100.00	0	0	0	0	0	0
1428576854675234404	CPU_4	0	0	0	100.00	0	0	0	0	0	0
1428576855460369476	CPU_4	0	0	0	100.00	0	0	0	0	0	0
1428576856259181195	CPU_4	0	0	0	100.00	0	0	0	0	0	0
1428576857043515852	CPU_4	0	0	0	100.00	0	0	0	0	0	0
1428576857841877530	CPU_4	0	0	0	100.00	0	0	0	0	0	0
1428576858626743602	CPU_4	0	0	0	100.00	0	0	0	0	0	0
1428576859423984990	CPU_4	0	0	0	100.00	0	0	0	0	0	0
1428576860212626848	CPU_4	0	0	0	100.00	0	0	0	0	0	0
1428576861011291026	CPU_4	0	0	0	100.00	0	0	0	0	0	0
1428576861825502222	CPU_4	0	0	0	98.76	0	1.23	0	0	0	0
1428576862608293589	CPU_4	0	0	0	100.00	0	0	0	0	0	0
1428576863404646478	CPU_4	0	0	0	100.00	0	0	0	0	0	0
1428576864194379752	CPU_4	0	0	0	100.00	0	0	0	0	0	0
1428576865025535257	CPU_4	7.22	0	1.20	90.36	0	1.20	0	0	0	0
1428576865812333577	CPU_4	0	0	0	100.00	0	0	0	0	0	0
1428576866610355505	CPU_4	0	0	0	100.00	0	0	0	0	0	0
1428576867392250998	CPU_4	0	0	0	45.08	0	54.91	0	0	0	0
1428576868188440595	CPU_4	0	0	0	100.00	0	0	0	0	0	0
1428576868970234172	CPU_4	0	0	0	100.00	0	0	0	0	0	0
1428576869806440337	CPU_4	0	0	0	100.00	0	0	0	0	0	0
1428576870587882497	CPU_4	0	0	0	100.00	0	0	0	0	0	0
1428576871384996385	CPU_4	0	0	0	100.00	0	0	0	0	0	0
1428576872165751421	CPU_4	0	0	0	100.00	0	0	0	0	0	0
1428576872963099225	CPU_4	0	0	0	100.00	0	0	0	0	0	0
1428576873752279082	CPU_4	0	0	0	100.00	0	0	0	0	0	0
1428576874543392979	CPU_4	0	0	0	100.00	0	0	0	0	0	0
1428576875348561146	CPU_4	0	0	0	100.00	0	0	0	0	0	0
1428576876130446973	CPU_4	0	0	0	100.00	0	0	0	0	0	0
1428576876994121014	CPU_4	5.81	0	22.09	72.09	0	0	0	0	0	0
1428576877785930451	CPU_4	0	0	0	100.00	0	0	0	0	0	0
1428576878587188041	CPU_4	0	0	0	100.00	0	0	0	0	0	0
1428576879373931068	CPU_4	0	0	0	100.00	0	0	0	0	0	0
1428576880175128825	CPU_4	0	0	0	100.00	0	0	0	0	0	0
1428576880962484560	CPU_4	0	0	0	100.00	0	0	0	0	0	0
1428576881763009400	CPU_4	0	0	0	100.00	0	0	0	0	0	0
1428576882551102301	CPU_4	0	0	0	100.00	0	0	0	0	0	0
1428576883350367893	CPU_4	0	0	0	100.00	0	0	0	0	0	0
1428576884138079669	CPU_4	0	0	0	100.00	0	0	0	0	0	0
1428576884938594885	CPU_4	0	0	0	100.00	0	0	0	0	0	0
1428576885737713353	CPU_4	0	0	0	100.00	0	0	0	0	0	0
1428576886531793661	CPU_4	0	0	0	100.00	0	0	0	0	0	0
1428576887331588295	CPU_4	0	0	1.26	98.73	0	0	0	0	0	0
1428576888118217030	CPU_4	0	0	0	100.00	0	0	0	0	0	0
1428576888920540868	CPU_4	0	0	0	100.00	0	0	0	0	0	0
1428576889707110104	CPU_4	0	0	0	100.00	0	0	0	0	0	0
1428576890510332524	CPU_4	0	0	0	100.00	0	0	0	0	0	0
1428576891294736805	CPU_4	0	0	0	100.00	0	0	0	0	0	0
1428576892095703936	CPU_4	0	0	0	100.00	0	0	0	0	0	0
1428576892886333375	CPU_4	0	0	0	100.00	0	0	0	0	0	0
1428576893687818672	CPU_4	0	0	0	100.00	0	0	0	0	0	0
1428576894475053615	CPU_4	0	0	0	100.00	0	0	0	0	0	0
1428576895283180778	CPU_4	0	0	0	100.00	0	0	0	0	0	0
1428576896074001591	CPU_4	0	0	0	100.00	0	0	0	0	0	0
1428576896880731339	CPU_4	0	0	0	100.00	0	0	0	0	0	0
1428576897679170099	CPU_4	0	0	0	100.00	0	0	0	0	0	0
1428576898475366029	CPU_4	0	0	0	100.00	0	0	0	0	0	0
1428576899279577697	CPU_4	0	0	0	100.00	0	0	0	0	0	0
1428576900070130844	CPU_4	0	0	0	100.00	0	0	0	0	0	0
1428576900869659894	CPU_4	0	0	0	100.00	0	0	0	0	0	0
1428576901664819284	CPU_4	0	0	0	100.00	0	0	0	0	0	0
1428576902466304664	CPU_4	0	0	0	100.00	0	0	0	0	0	0
1428576903259473682	CPU_4	0	0	0	100.00	0	0	0	0	0	0
1428576904060592230	CPU_4	0	0	0	100.00	0	0	0	0	0	0
1428576904847695881	CPU_4	0	0	0	100.00	0	0	0	0	0	0
1428576905650801092	CPU_4	0	0	0	100.00	0	0	0	0	0	0
1428576906439212867	CPU_4	0	0	0	100.00	0	0	0	0	0	0
1428576907240235164	CPU_4	0	0	0	100.00	0	0	0	0	0	0
1428576908030480478	CPU_4	0	0	0	100.00	0	0	0	0	0	0
1428576908831813400	CPU_4	0	0	0	100.00	0	0	0	0	0	0
1428576909640514103	CPU_4	0	0	0	100.00	0	0	0	0	0	0
1428576910432025581	CPU_4	0	0	0	100.00	0	0	0	0	0	0
1428576911233916628	CPU_4	0	0	0	100.00	0	0	0	0	0	0
1428576912024840690	CPU_4	0	0	0	100.00	0	0	0	0	0	0
1428576912825610155	CPU_4	0	0	0	100.00	0	0	0	0	0	0
1428576913614082346	CPU_4	0	0	0	100.00	0	0	0	0	0	0
1428576914415378393	CPU_4	0	0	0	100.00	0	0	0	0	0	0
1428576915203201084	CPU_4	0	0	0	100.00	0	0	0	0	0	0
1428576916009729707	CPU_4	0	0	0	100.00	0	0	0	0	0	0
1428576916797707774	CPU_4	0	0	0	100.00	0	0	0	0	0	0
1428576917600340319	CPU_4	0	0	0	100.00	0	0	0	0	0	0
1428576918386699304	CPU_4	0	0	0	100.00	0	0	0	0	0	0
1428576919192360678	CPU_4	0	0	0	100.00	0	0	0	0	0	0
1428576919982668783	CPU_4	0	0	0	100.00	0	0	0	0	0	0
1428576920785590203	CPU_4	0	0	0	100.00	0	0	0	0	0	0
1428576921574710517	CPU_4	0	0	0	100.00	0	0	0	0	0	0
1428576922375932731	CPU_4	0	0	0	100.00	0	0	0	0	0	0
1428576923189507510	CPU_4	0	0	0	100.00	0	0	0	0	0	0
1428576923980434031	CPU_4	0	0	0	100.00	0	0	0	0	0	0
1428576924781671161	CPU_4	0	0	0	100.00	0	0	0	0	0	0
1428576925571450974	CPU_4	0	0	0	100.00	0	0	0	0	0	0
1428576926372860021	CPU_4	0	0	0	100.00	0	0	0	0	0	0
1428576927176677106	CPU_4	0	0	0	100.00	0	0	0	0	0	0
1428576927981858939	CPU_4	0	0	0	100.00	0	0	0	0	0	0
1428576928771143336	CPU_4	0	0	0	100.00	0	0	0	0	0	0
1428576929577301209	CPU_4	0	0	0	100.00	0	0	0	0	0	0
1428576930374033888	CPU_4	0	0	0	100.00	0	0	0	0	0	0
1428576931181684925	CPU_4	0	0	0	100.00	0	0	0	0	0	0
1428576931974045985	CPU_4	0	0	0	100.00	0	0	0	0	0	0
1428576932778159444	CPU_4	0	0	0	100.00	0	0	0	0	0	0
1428576933575134664	CPU_4	0	0	0	100.00	0	0	0	0	0	0
1428576934371208718	CPU_4	0	0	0	100.00	0	0	0	0	0	0
1428576935176158968	CPU_4	0	0	0	100.00	0	0	0	0	0	0
1428576935966008198	CPU_4	0	0	0	100.00	0	0	0	0	0	0
1428576936771448530	CPU_4	0	0	0	100.00	0	0	0	0	0	0
1428576937561470301	CPU_4	0	0	0	100.00	0	0	0	0	0	0
1428576938364528220	CPU_4	0	0	0	100.00	0	0	0	0	0	0
1428576939154674575	CPU_4	0	0	0	100.00	0	0	0	0	0	0
1428576939961419197	CPU_4	0	0	0	100.00	0	0	0	0	0	0
1428576940752144217	CPU_4	0	0	0	100.00	0	0	0	0	0	0
1428576941556011009	CPU_4	0	0	0	100.00	0	0	0	0	0	0
1428576942343977575	CPU_4	0	0	0	100.00	0	0	0	0	0	0
1428576943148942408	CPU_4	0	0	0	100.00	0	0	0	0	0	0
1428576943938315597	CPU_4	0	0	0	100.00	0	0	0	0	0	0
1428576944742587264	CPU_4	0	0	0	100.00	0	0	0	0	0	0
1428576945532879576	CPU_4	0	0	0	100.00	0	0	0	0	0	0
1428576946332812999	CPU_4	0	0	0	100.00	0	0	0	0	0	0
1428576947137478708	CPU_4	0	0	0	100.00	0	0	0	0	0	0
1428576947928591352	CPU_4	0	0	0	100.00	0	0	0	0	0	0
1428576948731854812	CPU_4	0	0	0	100.00	0	0	0	0	0	0
1428576949521458709	CPU_4	0	0	0	100.00	0	0	0	0	0	0
1428576950333967030	CPU_4	0	0	0	100.00	0	0	0	0	0	0
1428576951124545425	CPU_4	0	0	0	100.00	0	0	0	0	0	0
1428576951929203758	CPU_4	0	0	0	100.00	0	0	0	0	0	0
1428576952720469611	CPU_4	0	0	0	100.00	0	0	0	0	0	0
1428576953522578031	CPU_4	0	0	0	100.00	0	0	0	0	0	0
1428576954315048173	CPU_4	0	0	0	100.00	0	0	0	0	0	0
1428576955119169382	CPU_4	0	0	0	100.00	0	0	0	0	0	0
1428576955911098983	CPU_4	0	0	0	100.00	0	0	0	0	0	0
1428576956715070817	CPU_4	0	0	0	100.00	0	0	0	0	0	0
1428576957513940867	CPU_4	0	0	0	100.00	0	0	0	0	0	0
1428576958311251085	CPU_4	0	0	0	100.00	0	0	0	0	0	0
1428576959116149668	CPU_4	0	0	0	100.00	0	0	0	0	0	0
1428576959907034562	CPU_4	0	0	0	100.00	0	0	0	0	0	0
1428576960718014052	CPU_4	0	0	0	100.00	0	0	0	0	0	0
1428576961506440075	CPU_4	0	0	0	100.00	0	0	0	0	0	0
1428576962318048898	CPU_4	0	0	0	100.00	0	0	0	0	0	0
1428576963110703623	CPU_4	0	0	0	100.00	0	0	0	0	0	0
1428576963917078911	CPU_4	0	0	0	100.00	0	0	0	0	0	0
1428576964708593930	CPU_4	0	0	0	100.00	0	0	0	0	0	0
1428576965519764545	CPU_4	0	0	0	100.00	0	0	0	0	0	0
1428576966311731187	CPU_4	0	0	0	100.00	0	0	0	0	0	0
1428576967119749515	CPU_4	0	0	0	100.00	0	0	0	0	0	0
1428576967934934582	CPU_4	0	0	0	100.00	0	0	0	0	0	0
1428576968726975558	CPU_4	0	0	0	100.00	0	0	0	0	0	0
1428576969530355643	CPU_4	0	0	0	100.00	0	0	0	0	0	0
1428576970322422993	CPU_4	0	0	0	100.00	0	0	0	0	0	0
1428576971130291821	CPU_4	0	0	0	100.00	0	0	0	0	0	0
1428576971920097342	CPU_4	0	0	0	100.00	0	0	0	0	0	0
1428576972725352465	CPU_4	0	0	0	100.00	0	0	0	0	0	0
1428576973515598735	CPU_4	0	0	0	100.00	0	0	0	0	0	0
1428576974320120901	CPU_4	0	0	0	100.00	0	0	0	0	0	0
1428576975112669001	CPU_4	0	0	0	100.00	0	0	0	0	0	0
1428576975919049664	CPU_4	0	0	0	100.00	0	0	0	0	0	0
1428576976715523050	CPU_4	0	0	0	100.00	0	0	0	0	0	0
1428576977520164966	CPU_4	0	0	0	100.00	0	0	0	0	0	0
1428576978314168189	CPU_4	0	0	0	100.00	0	0	0	0	0	0
1428576979116094567	CPU_4	0	0	0	100.00	0	0	0	0	0	0
1428576979921793314	CPU_4	0	0	0	100.00	0	0	0	0	0	0
1428576980714423205	CPU_4	0	0	0	100.00	0	0	0	0	0	0
1428576981517134832	CPU_4	0	0	0	100.00	0	0	0	0	0	0
1428576982310359473	CPU_4	0	0	0	100.00	0	0	0	0	0	0
1428576983117202260	CPU_4	0	0	0	100.00	0	0	0	0	0	0
1428576983919155846	CPU_4	0	0	0	100.00	0	0	0	0	0	0
1428576984737808325	CPU_4	0	0	0	100.00	0	0	0	0	0	0
1428576985533456670	CPU_4	0	0	0	100.00	0	0	0	0	0	0
1428576986342992745	CPU_4	0	0	0	100.00	0	0	0	0	0	0
1428576987136510801	CPU_4	0	0	0	100.00	0	0	0	0	0	0
1428576987942734673	CPU_4	0	0	0	100.00	0	0	0	0	0	0
1428576988756145742	CPU_4	0	0	0	100.00	0	0	0	0	0	0
1428576989546758428	CPU_4	0	0	0	100.00	0	0	0	0	0	0
1428576990351778218	CPU_4	0	0	0	100.00	0	0	0	0	0	0
1428576991141826696	CPU_4	0	0	0	100.00	0	0	0	0	0	0
1428576991948559608	CPU_4	0	0	0	100.00	0	0	0	0	0	0
1428576992740171709	CPU_4	0	0	0	100.00	0	0	0	0	0	0
1428576993544915499	CPU_4	0	0	0	100.00	0	0	0	0	0	0
1428576994337235307	CPU_4	0	0	0	100.00	0	0	0	0	0	0
1428576995141300932	CPU_4	0	0	0	100.00	0	0	0	0	0	0
1428576995934232656	CPU_4	0	0	0	100.00	0	0	0	0	0	0
1428576996739294529	CPU_4	0	0	0	100.00	0	0	0	0	0	0
1428576997532021128	CPU_4	0	0	0	100.00	0	0	0	0	0	0
1428576998337799875	CPU_4	0	0	0	100.00	0	0	0	0	0	0
1428576999148936780	CPU_4	0	0	0	100.00	0	0	0	0	0	0
1428576999943188294	CPU_4	0	0	0	100.00	0	0	0	0	0	0
1428577000749445665	CPU_4	0	0	0	100.00	0	0	0	0	0	0
1428577001539437601	CPU_4	0	0	0	100.00	0	0	0	0	0	0
1428577002346883471	CPU_4	0	0	0	100.00	0	0	0	0	0	0
1428577003137308781	CPU_4	0	0	0	100.00	0	0	0	0	0	0
1428577003943484902	CPU_4	0	0	0	100.00	0	0	0	0	0	0
1428577004735779502	CPU_4	0	0	0	100.00	0	0	0	0	0	0
1428577005541946790	CPU_4	0	0	0	100.00	0	0	0	0	0	0
1428577006333902556	CPU_4	0	0	0	100.00	0	0	0	0	0	0
1428577007138585596	CPU_4	0	0	0	100.00	0	0	0	0	0	0
1428577007934294649	CPU_4	0	0	0	100.00	0	0	0	0	0	0
1428577008742704975	CPU_4	0	0	0	100.00	0	0	0	0	0	0
1428577009540686775	CPU_4	0	0	0	100.00	0	0	0	0	0	0
1428577010345191023	CPU_4	0	0	0	100.00	0	0	0	0	0	0
1428577011155416930	CPU_4	0	0	0	100.00	0	0	0	0	0	0
1428577011950469317	CPU_4	0	0	0	100.00	0	0	0	0	0	0
1428577012756311438	CPU_4	0	0	0	100.00	0	0	0	0	0	0
1428577013548326580	CPU_4	0	0	0	100.00	0	0	0	0	0	0
1428577014355460324	CPU_4	0	0	0	100.00	0	0	0	0	0	0
1428577015148596464	CPU_4	0	0	0	100.00	0	0	0	0	0	0
1428577015956071416	CPU_4	0	0	0	100.00	0	0	0	0	0	0
1428577016750044305	CPU_4	0	0	0	100.00	0	0	0	0	0	0
1428577017556496008	CPU_4	0	0	0	100.00	0	0	0	0	0	0
1428577018353531267	CPU_4	0	0	0	100.00	0	0	0	0	0	0
1428577019159941721	CPU_4	0	0	0	100.00	0	0	0	0	0	0
1428577019974826912	CPU_4	0	0	0	100.00	0	0	0	0	0	0
1428577020770603548	CPU_4	0	0	0	100.00	0	0	0	0	0	0
1428577021577976584	CPU_4	0	0	0	100.00	0	0	0	0	0	0
1428577022372057347	CPU_4	0	0	0	100.00	0	0	0	0	0	0
1428577023178089426	CPU_4	0	0	0	100.00	0	0	0	0	0	0
1428577023971835273	CPU_4	0	0	0	100.00	0	0	0	0	0	0
1428577024779572516	CPU_4	0	0	0	100.00	0	0	0	0	0	0
1428577025573597780	CPU_4	0	0	0	100.00	0	0	0	0	0	0
1428577026381244356	CPU_4	0	0	0	100.00	0	0	0	0	0	0
1428577027172910998	CPU_4	0	0	0	100.00	0	0	0	0	0	0
1428577027981917823	CPU_4	0	0	0	100.00	0	0	0	0	0	0
1428577028782925992	CPU_4	0	0	0	100.00	0	0	0	0	0	0
1428577029593336482	CPU_4	0	0	0	100.00	0	0	0	0	0	0
1428577030407505590	CPU_4	0	0	0	100.00	0	0	0	0	0	0
1428577031200876563	CPU_4	0	0	0	100.00	0	0	0	0	0	0
1428577032008906347	CPU_4	0	0	0	100.00	0	0	0	0	0	0
1428577032801010780	CPU_4	0	0	0	100.00	0	0	0	0	0	0
1428577033606855026	CPU_4	0	0	0	100.00	0	0	0	0	0	0
1428577034401168705	CPU_4	0	0	0	100.00	0	0	0	0	0	0
1428577035206655993	CPU_4	0	0	0	100.00	0	0	0	0	0	0
1428577036001248963	CPU_4	0	0	0	100.00	0	0	0	0	0	0
1428577036808237749	CPU_4	0	0	0	100.00	0	0	0	0	0	0
1428577037603468052	CPU_4	0	0	0	100.00	0	0	0	0	0	0
1428577038411676711	CPU_4	0	0	0	100.00	0	0	0	0	0	0
1428577039227141692	CPU_4	0	0	0	100.00	0	0	0	0	0	0
1428577040023060328	CPU_4	0	0	0	100.00	0	0	0	0	0	0
1428577040833543983	CPU_4	0	0	0	100.00	0	0	0	0	0	0
1428577041630291159	CPU_4	0	0	0	100.00	0	0	0	0	0	0
1428577042437946610	CPU_4	0	0	0	100.00	0	0	0	0	0	0
1428577043229985334	CPU_4	0	0	0	100.00	0	0	0	0	0	0
1428577044039482074	CPU_4	0	0	0	100.00	0	0	0	0	0	0
1428577044831990297	CPU_4	0	0	0	100.00	0	0	0	0	0	0
1428577045637855251	CPU_4	0	0	0	100.00	0	0	0	0	0	0
1428577046431841806	CPU_4	0	0	0	100.00	0	0	0	0	0	0
1428577047255040693	CPU_4	0	0	0	100.00	0	0	0	0	0	0
1428577048055336071	CPU_4	0	0	0	100.00	0	0	0	0	0	0
1428577048862326607	CPU_4	0	0	0	100.00	0	0	0	0	0	0
1428577049671254264	CPU_4	0	0	0	100.00	0	0	0	0	0	0
1428577050465525901	CPU_4	0	0	0	100.00	0	0	0	0	0	0
1428577051270544356	CPU_4	0	0	0	100.00	0	0	0	0	0	0
1428577052063907620	CPU_4	0	0	0	100.00	0	0	0	0	0	0
1428577052873192235	CPU_4	0	0	0	100.00	0	0	0	0	0	0
1428577053670922284	CPU_4	0	0	0	100.00	0	0	0	0	0	0
1428577054477874736	CPU_4	0	0	0	100.00	0	0	0	0	0	0
1428577055270541959	CPU_4	0	0	0	100.00	0	0	0	0	0	0
1428577056078443368	CPU_4	0	0	0	100.00	0	0	0	0	0	0
1428577056873253837	CPU_4	0	0	0	100.00	0	0	0	0	0	0
1428577057679428665	CPU_4	0	0	0	100.00	0	0	0	0	0	0
1428577058492612983	CPU_4	0	0	0	100.00	0	0	0	0	0	0
1428577059287640202	CPU_4	0	0	0	100.00	0	0	0	0	0	0
1428577060101046187	CPU_4	0	0	0	100.00	0	0	0	0	0	0
1428577060895074366	CPU_4	0	0	0	100.00	0	0	0	0	0	0
1428577061704359356	CPU_4	0	0	0	100.00	0	0	0	0	0	0
1428577062497984785	CPU_4	0	0	0	100.00	0	0	0	0	0	0
1428577063306502818	CPU_4	0	0	0	100.00	0	0	0	0	0	0
1428577064101640954	CPU_4	0	0	0	100.00	0	0	0	0	0	0
1428577064912935274	CPU_4	0	0	0	100.00	0	0	0	0	0	0
1428577065712539445	CPU_4	0	0	0	100.00	0	0	0	0	0	0
1428577066522195976	CPU_4	0	0	0	100.00	0	0	0	0	0	0
1428577067345610945	CPU_4	0	0	0	100.00	0	0	0	0	0	0
1428577068141345330	CPU_4	0	0	0	100.00	0	0	0	0	0	0
1428577068950506404	CPU_4	0	0	0	100.00	0	0	0	0	0	0
1428577069745542206	CPU_4	0	0	0	100.00	0	0	0	0	0	0
1428577070561832227	CPU_4	0	0	0	100.00	0	0	0	0	0	0
1428577071355258199	CPU_4	0	0	0	100.00	0	0	0	0	0	0
1428577072165315812	CPU_4	0	0	0	100.00	0	0	0	0	0	0
1428577072962886111	CPU_4	0	0	0	100.00	0	0	0	0	0	0
1428577073770517395	CPU_4	0	0	0	100.00	0	0	0	0	0	0
1428577074566157904	CPU_4	0	0	0	100.00	0	0	0	0	0	0
1428577075375218728	CPU_4	0	0	0	100.00	0	0	0	0	0	0
1428577076189070044	CPU_4	0	0	0	100.00	0	0	0	0	0	0
1428577076985416178	CPU_4	0	0	0	100.00	0	0	0	0	0	0
1428577077796264415	CPU_4	0	0	0	100.00	0	0	0	0	0	0
1428577078591646800	CPU_4	0	0	0	100.00	0	0	0	0	0	0
1428577079402636787	CPU_4	0	0	0	100.00	0	0	0	0	0	0
1428577080196609091	CPU_4	0	0	0	100.00	0	0	0	0	0	0
1428577081009438409	CPU_4	0	0	0	100.00	0	0	0	0	0	0
1428577081809539370	CPU_4	0	0	0	100.00	0	0	0	0	0	0
1428577082620526774	CPU_4	0	0	0	100.00	0	0	0	0	0	0
1428577083415593826	CPU_4	0	0	0	100.00	0	0	0	0	0	0
1428577084227741061	CPU_4	0	0	0	100.00	0	0	0	0	0	0
1428577085035181720	CPU_4	0	0	0	100.00	0	0	0	0	0	0
1428577085829864689	CPU_4	0	0	0	100.00	0	0	0	0	0	0
1428577086639511761	CPU_4	0	0	0	100.00	0	0	0	0	0	0
1428577087433306232	CPU_4	0	0	0	100.00	0	0	0	0	0	0
1428577088243407261	CPU_4	0	0	0	100.00	0	0	0	0	0	0
1428577089039094771	CPU_4	0	0	0	100.00	0	0	0	0	0	0
1428577089855620875	CPU_4	0	0	0	100.00	0	0	0	0	0	0
1428577090654774795	CPU_4	0	0	0	100.00	0	0	0	0	0	0
1428577091465900282	CPU_4	0	0	0	100.00	0	0	0	0	0	0
1428577092264961453	CPU_4	0	0	0	100.00	0	0	0	0	0	0
1428577093067962993	CPU_4	0	0	0	100.00	0	0	0	0	0	0
1428577093876078526	CPU_4	0	0	0	100.00	0	0	0	0	0	0
1428577094671538118	CPU_4	0	0	0	100.00	0	0	0	0	0	0
1428577095481832648	CPU_4	0	0	0	100.00	0	0	0	0	0	0
1428577096276706200	CPU_4	0	0	0	100.00	0	0	0	0	0	0
1428577097085537023	CPU_4	0	0	0	100.00	0	0	0	0	0	0
1428577097879442826	CPU_4	0	0	0	100.00	0	0	0	0	0	0
1428577098690280855	CPU_4	0	0	0	100.00	0	0	0	0	0	0
1428577099485152907	CPU_4	0	0	0	100.00	0	0	0	0	0	0
1428577100295450144	CPU_4	0	0	0	100.00	0	0	0	0	0	0
1428577101106706172	CPU_4	0	0	0	100.00	0	0	0	0	0	0
1428577101911577168	CPU_4	0	0	0	100.00	0	0	0	0	0	0
1428577102718493744	CPU_4	0	0	0	100.00	0	0	0	0	0	0
1428577103513297379	CPU_4	0	0	0	100.00	0	0	0	0	0	0
1428577104339560301	CPU_4	0	0	0	100.00	0	0	0	0	0	0
1428577105206344957	CPU_4	6.97	0	0	93.02	0	0	0	0	0	0
1428577106017120152	CPU_4	0	0	0	100.00	0	0	0	0	0	0
1428577106817268571	CPU_4	0	0	0	100.00	0	0	0	0	0	0
1428577107625673644	CPU_4	0	0	0	100.00	0	0	0	0	0	0
1428577108432712012	CPU_4	0	0	0	100.00	0	0	0	0	0	0
1428577109225777941	CPU_4	0	0	0	100.00	0	0	0	0	0	0
1428577110035131263	CPU_4	0	0	0	100.00	0	0	0	0	0	0
1428577110826912194	CPU_4	0	0	0	100.00	0	0	0	0	0	0
1428577111636588265	CPU_4	0	0	0	100.00	0	0	0	0	0	0
1428577112428981737	CPU_4	0	0	0	100.00	0	0	0	0	0	0
1428577113239998223	CPU_4	0	0	0	100.00	0	0	0	0	0	0
1428577114035928232	CPU_4	0	0	0	100.00	0	0	0	0	0	0
1428577114844322263	CPU_4	0	0	0	100.00	0	0	0	0	0	0
1428577115645225348	CPU_4	0	0	0	100.00	0	0	0	0	0	0
1428577116446235015	CPU_4	0	0	0	100.00	0	0	0	0	0	0
1428577117256239669	CPU_4	0	0	0	100.00	0	0	0	0	0	0
1428577118052042844	CPU_4	0	0	0	100.00	0	0	0	0	0	0
1428577118858969545	CPU_4	0	0	0	100.00	0	0	0	0	0	0
1428577119658514048	CPU_4	0	0	0	100.00	0	0	0	0	0	0
1428577120466968454	CPU_4	0	0	0	100.00	0	0	0	0	0	0
1428577121263042212	CPU_4	0	0	0	100.00	0	0	0	0	0	0
1428577122072494867	CPU_4	0	0	0	100.00	0	0	0	0	0	0
1428577122869307957	CPU_4	0	0	0	100.00	0	0	0	0	0	0
1428577123680494526	CPU_4	0	0	0	100.00	0	0	0	0	0	0
1428577124485111522	CPU_4	0	0	0	100.00	0	0	0	0	0	0
1428577125291100682	CPU_4	0	0	0	100.00	0	0	0	0	0	0
1428577126102522542	CPU_4	0	0	0	100.00	0	0	0	0	0	0
1428577126897595093	CPU_4	0	0	0	100.00	0	0	0	0	0	0
1428577127712705739	CPU_4	0	0	0	100.00	0	0	0	0	0	0
1428577128507718082	CPU_4	0	0	0	100.00	0	0	0	0	0	0
1428577129321174523	CPU_4	0	0	0	100.00	0	0	0	0	0	0
1428577130121908773	CPU_4	0	0	0	100.00	0	0	0	0	0	0
1428577130937261920	CPU_4	0	0	0	100.00	0	0	0	0	0	0
1428577131739227460	CPU_4	0	0	0	100.00	0	0	0	0	0	0
1428577132551231236	CPU_4	0	0	0	100.00	0	0	0	0	0	0
1428577133365399218	CPU_4	0	0	0	100.00	0	0	0	0	0	0
1428577134161863016	CPU_4	0	0	0	100.00	0	0	0	0	0	0
1428577134971257754	CPU_4	0	0	0	100.00	0	0	0	0	0	0
1428577135769861383	CPU_4	0	0	0	100.00	0	0	0	0	0	0
1428577136580794077	CPU_4	0	0	0	100.00	0	0	0	0	0	0
1428577137378373291	CPU_4	0	0	0	100.00	0	0	0	0	0	0
1428577138192207689	CPU_4	0	0	0	100.00	0	0	0	0	0	0
1428577138989052029	CPU_4	0	0	0	100.00	0	0	0	0	0	0
1428577139800673430	CPU_4	0	0	0	100.00	0	0	0	0	0	0
1428577140622555817	CPU_4	0	0	0	100.00	0	0	0	0	0	0
1428577141420165155	CPU_4	0	0	0	100.00	0	0	0	0	0	0
1428577142231929723	CPU_4	0	0	0	100.00	0	0	0	0	0	0
1428577143028565438	CPU_4	0	0	0	100.00	0	0	0	0	0	0
1428577143852176113	CPU_4	0	0	0	100.00	0	0	0	0	0	0
1428577144651709532	CPU_4	0	0	0	100.00	0	0	0	0	0	0
1428577145461490478	CPU_4	0	0	0	100.00	0	0	0	0	0	0
1428577146257791818	CPU_4	0	0	0	100.00	0	0	0	0	0	0
1428577147069269761	CPU_4	0	0	0	100.00	0	0	0	0	0	0
1428577147872821924	CPU_4	0	0	0	100.00	0	0	0	0	0	0
1428577148683543618	CPU_4	0	0	0	100.00	0	0	0	0	0	0
1428577149493110522	CPU_4	0	0	0	100.00	0	0	0	0	0	0
1428577150291184485	CPU_4	0	0	0	100.00	0	0	0	0	0	0
1428577151101790054	CPU_4	0	0	0	100.00	0	0	0	0	0	0
1428577151896596813	CPU_4	0	0	0	100.00	0	0	0	0	0	0
1428577152707507423	CPU_4	0	0	0	100.00	0	0	0	0	0	0
1428577153505537969	CPU_4	0	0	0	100.00	0	0	0	0	0	0
1428577154317181162	CPU_4	0	0	0	100.00	0	0	0	0	0	0
1428577155115202916	CPU_4	0	0	0	100.00	0	0	0	0	0	0
1428577155925394278	CPU_4	0	0	0	100.00	0	0	0	0	0	0
1428577156748400495	CPU_4	0	0	0	100.00	0	0	0	0	0	0
1428577157543157046	CPU_4	0	0	0	100.00	0	0	0	0	0	0
1428577158361203562	CPU_4	0	0	0	100.00	0	0	0	0	0	0
1428577159161212272	CPU_4	0	0	0	100.00	0	0	0	0	0	0
1428577159971413258	CPU_4	0	0	0	100.00	0	0	0	0	0	0
1428577160770692969	CPU_4	0	0	0	100.00	0	0	0	0	0	0
1428577161580137831	CPU_4	0	0	0	100.00	0	0	0	0	0	0
1428577162375768797	CPU_4	0	0	0	100.00	0	0	0	0	0	0
1428577163187825614	CPU_4	0	0	0	100.00	0	0	0	0	0	0
1428577163984185245	CPU_4	0	0	0	100.00	0	0	0	0	0	0
1428577164797306144	CPU_4	0	0	0	100.00	0	0	0	0	0	0
1428577165619767945	CPU_4	0	0	0	100.00	0	0	0	0	0	0
1428577166417539158	CPU_4	0	0	0	100.00	0	0	0	0	0	0
1428577167227671686	CPU_4	0	0	0	100.00	0	0	0	0	0	0
1428577168023963734	CPU_4	0	0	0	100.00	0	0	0	0	0	0
1428577168835204552	CPU_4	0	0	0	100.00	0	0	0	0	0	0
1428577169631565016	CPU_4	0	0	0	100.00	0	0	0	0	0	0
1428577170443125667	CPU_4	0	0	0	100.00	0	0	0	0	0	0
1428577171241797212	CPU_4	0	0	0	100.00	0	0	0	0	0	0
1428577172050865199	CPU_4	0	0	0	100.00	0	0	0	0	0	0
1428577172848166162	CPU_4	0	0	0	100.00	0	0	0	0	0	0
1428577173664572139	CPU_4	0	0	0	100.00	0	0	0	0	0	0
1428577174484800569	CPU_4	0	0	0	100.00	0	0	0	0	0	0
1428577175281955407	CPU_4	0	0	0	100.00	0	0	0	0	0	0
1428577176094435390	CPU_4	0	0	0	100.00	0	0	0	0	0	0
1428577176890343688	CPU_4	0	0	0	100.00	0	0	0	0	0	0
1428577177702154005	CPU_4	0	0	0	100.00	0	0	0	0	0	0
1428577178501076174	CPU_4	0	0	0	100.00	0	0	0	0	0	0
1428577179315945236	CPU_4	0	0	0	100.00	0	0	0	0	0	0
1428577180114313239	CPU_4	0	0	2.50	97.50	0	0	0	0	0	0
