#Timestamp	CPU_ID	user%	nice%	sys%	idle%	iowait%	irq%	softiq%	steal%	guest%	guest_nice%
1428574772751416006	CPU_4	19.67	0	11.47	68.85	0	0	0	0	0	0
1428574773454671782	CPU_4	0	0	0	100.00	0	0	0	0	0	0
1428574774168886041	CPU_4	0	0	0	100.00	0	0	0	0	0	0
1428574774873923189	CPU_4	0	0	0	100.00	0	0	0	0	0	0
1428574775581517708	CPU_4	0	0	0	100.00	0	0	0	0	0	0
1428574776297971588	CPU_4	0	0	0	100.00	0	0	0	0	0	0
1428574777004721525	CPU_4	0	0	0	100.00	0	0	0	0	0	0
1428574777722676862	CPU_4	0	0	0	100.00	0	0	0	0	0	0
1428574778433001668	CPU_4	0	0	0	100.00	0	0	0	0	0	0
1428574779137164942	CPU_4	0	0	0	100.00	0	0	0	0	0	0
1428574779855981194	CPU_4	0	0	0	100.00	0	0	0	0	0	0
1428574780563115505	CPU_4	0	0	0	100.00	0	0	0	0	0	0
1428574781270099483	CPU_4	0	0	0	100.00	0	0	0	0	0	0
1428574781986447322	CPU_4	0	0	0	100.00	0	0	0	0	0	0
1428574782695493713	CPU_4	0	0	0	100.00	0	0	0	0	0	0
1428574783412185052	CPU_4	0	0	0	100.00	0	0	0	0	0	0
1428574784120472486	CPU_4	0	0	0	100.00	0	0	0	0	0	0
1428574784829132295	CPU_4	0	0	0	100.00	0	0	0	0	0	0
1428574785550597209	CPU_4	0	0	0	100.00	0	0	0	0	0	0
1428574786259660226	CPU_4	0	0	0	100.00	0	0	0	0	0	0
1428574786987637005	CPU_4	0	0	0	100.00	0	0	0	0	0	0
1428574787697511979	CPU_4	0	0	0	100.00	0	0	0	0	0	0
1428574788405464955	CPU_4	0	0	0	100.00	0	0	0	0	0	0
1428574789125788413	CPU_4	0	0	0	100.00	0	0	0	0	0	0
1428574789837132967	CPU_4	0	0	0	100.00	0	0	0	0	0	0
1428574790545956359	CPU_4	0	0	0	100.00	0	0	0	0	0	0
1428574791267259399	CPU_4	0	0	0	100.00	0	0	0	0	0	0
1428574791976703789	CPU_4	0	0	0	100.00	0	0	0	0	0	0
1428574792697143455	CPU_4	0	0	0	100.00	0	0	0	0	0	0
1428574793422953238	CPU_4	0	0	0	100.00	0	0	0	0	0	0
1428574794131843796	CPU_4	0	0	0	100.00	0	0	0	0	0	0
1428574794853462210	CPU_4	0	0	0	100.00	0	0	0	0	0	0
1428574795565493013	CPU_4	0	0	0	100.00	0	0	0	0	0	0
1428574796285017930	CPU_4	0	0	0	100.00	0	0	0	0	0	0
1428574796994642695	CPU_4	0	0	0	100.00	0	0	0	0	0	0
1428574797705522625	CPU_4	0	0	0	100.00	0	0	0	0	0	0
1428574798427608622	CPU_4	0	0	0	100.00	0	0	0	0	0	0
1428574799136080180	CPU_4	0	0	0	100.00	0	0	0	0	0	0
1428574799857473845	CPU_4	0	0	0	100.00	0	0	0	0	0	0
1428574800565340112	CPU_4	0	0	0	100.00	0	0	0	0	0	0
1428574801276629167	CPU_4	0	0	0	100.00	0	0	0	0	0	0
1428574801996419500	CPU_4	0	0	0	100.00	0	0	0	0	0	0
1428574802707752512	CPU_4	0	0	0	100.00	0	0	0	0	0	0
1428574803426846097	CPU_4	0	0	0	100.00	0	0	0	0	0	0
1428574804142229103	CPU_4	0	0	0	100.00	0	0	0	0	0	0
1428574804852164243	CPU_4	0	0	0	100.00	0	0	0	0	0	0
1428574805570246620	CPU_4	0	0	0	100.00	0	0	0	0	0	0
1428574806279162386	CPU_4	0	0	0	100.00	0	0	0	0	0	0
1428574806989108484	CPU_4	0	0	0	100.00	0	0	0	0	0	0
1428574807710884814	CPU_4	0	0	0	100.00	0	0	0	0	0	0
1428574808419642913	CPU_4	0	0	0	100.00	0	0	0	0	0	0
1428574809146758902	CPU_4	0	0	0	100.00	0	0	0	0	0	0
1428574809857896248	CPU_4	0	0	0	100.00	0	0	0	0	0	0
1428574810562737603	CPU_4	0	0	0	100.00	0	0	0	0	0	0
1428574811282595103	CPU_4	0	0	0	100.00	0	0	0	0	0	0
1428574811991737452	CPU_4	0	0	0	100.00	0	0	0	0	0	0
1428574812712401825	CPU_4	0	0	0	100.00	0	0	0	0	0	0
1428574813419970718	CPU_4	0	0	0	100.00	0	0	0	0	0	0
1428574814129156483	CPU_4	0	0	0	100.00	0	0	0	0	0	0
1428574814848452817	CPU_4	0	0	0	100.00	0	0	0	0	0	0
1428574815556998166	CPU_4	0	0	0	100.00	0	0	0	0	0	0
1428574816271842548	CPU_4	0	0	0	100.00	0	0	0	0	0	0
1428574816986902346	CPU_4	0	0	0	100.00	0	0	0	0	0	0
1428574817693911907	CPU_4	0	0	0	100.00	0	0	0	0	0	0
1428574818414250947	CPU_4	0	0	0	100.00	0	0	0	0	0	0
1428574819121173757	CPU_4	0	0	0	100.00	0	0	0	0	0	0
1428574819830574606	CPU_4	0	0	0	100.00	0	0	0	0	0	0
1428574820548161400	CPU_4	0	0	0	100.00	0	0	0	0	0	0
1428574821258799913	CPU_4	0	0	0	100.00	0	0	0	0	0	0
1428574821977558330	CPU_4	0	0	0	100.00	0	0	0	0	0	0
1428574822686319722	CPU_4	0	0	0	100.00	0	0	0	0	0	0
1428574823396393777	CPU_4	0	0	0	100.00	0	0	0	0	0	0
1428574824122185975	CPU_4	0	0	0	100.00	0	0	0	0	0	0
1428574824834963027	CPU_4	1.40	0	0	98.59	0	0	0	0	0	0
1428574825555746024	CPU_4	0	0	0	100.00	0	0	0	0	0	0
1428574826264945581	CPU_4	0	0	0	100.00	0	0	0	0	0	0
1428574826978523506	CPU_4	0	0	0	100.00	0	0	0	0	0	0
1428574827698148047	CPU_4	0	0	0	100.00	0	0	0	0	0	0
1428574828408938976	CPU_4	0	0	0	100.00	0	0	0	0	0	0
1428574829134136967	CPU_4	0	0	0	100.00	0	0	0	0	0	0
1428574829845278854	CPU_4	0	0	0	100.00	0	0	0	0	0	0
1428574830553778995	CPU_4	0	0	0	100.00	0	0	0	0	0	0
1428574831273906869	CPU_4	0	0	0	100.00	0	0	0	0	0	0
1428574831985976254	CPU_4	0	0	0	100.00	0	0	0	0	0	0
1428574832700611303	CPU_4	0	0	0	100.00	0	0	0	0	0	0
1428574833419037637	CPU_4	0	0	0	100.00	0	0	0	0	0	0
1428574834129964358	CPU_4	0	0	0	100.00	0	0	0	0	0	0
1428574834849224982	CPU_4	0	0	0	100.00	0	0	0	0	0	0
1428574835560692119	CPU_4	0	0	0	100.00	0	0	0	0	0	0
1428574836270366050	CPU_4	0	0	0	100.00	0	0	0	0	0	0
1428574836994488500	CPU_4	0	0	0	100.00	0	0	0	0	0	0
1428574837704834347	CPU_4	0	0	0	100.00	0	0	0	0	0	0
1428574838427004425	CPU_4	0	0	0	100.00	0	0	0	0	0	0
1428574839137423313	CPU_4	0	0	0	100.00	0	0	0	0	0	0
1428574839849519115	CPU_4	0	0	0	100.00	0	0	0	0	0	0
1428574840570117363	CPU_4	0	0	0	100.00	0	0	0	0	0	0
1428574841281022125	CPU_4	0	0	0	100.00	0	0	0	0	0	0
1428574842005482408	CPU_4	0	0	0	100.00	0	0	0	0	0	0
1428574842715223130	CPU_4	0	0	0	100.00	0	0	0	0	0	0
1428574843427343015	CPU_4	0	0	0	100.00	0	0	0	0	0	0
1428574844149954093	CPU_4	0	0	0	100.00	0	0	0	0	0	0
1428574844860368106	CPU_4	0	0	0	100.00	0	0	0	0	0	0
1428574845585470180	CPU_4	0	0	0	100.00	0	0	0	0	0	0
1428574846296967107	CPU_4	0	0	0	100.00	0	0	0	0	0	0
1428574847009882033	CPU_4	0	0	0	100.00	0	0	0	0	0	0
1428574847733246943	CPU_4	0	0	0	100.00	0	0	0	0	0	0
1428574848445495578	CPU_4	0	0	0	100.00	0	0	0	0	0	0
1428574849171995899	CPU_4	0	0	0	100.00	0	0	0	0	0	0
1428574849884317992	CPU_4	0	0	0	100.00	0	0	0	0	0	0
1428574850595631587	CPU_4	0	0	0	100.00	0	0	0	0	0	0
1428574851317970873	CPU_4	0	0	0	100.00	0	0	0	0	0	0
1428574852033113295	CPU_4	0	0	0	100.00	0	0	0	0	0	0
1428574852744034099	CPU_4	0	0	0	100.00	0	0	0	0	0	0
1428574853466893926	CPU_4	0	0	0	100.00	0	0	0	0	0	0
1428574854179391477	CPU_4	0	0	0	100.00	0	0	0	0	0	0
1428574854901096264	CPU_4	0	0	0	100.00	0	0	0	0	0	0
1428574855615088062	CPU_4	0	0	0	100.00	0	0	0	0	0	0
1428574856325912366	CPU_4	0	0	0	100.00	0	0	0	0	0	0
1428574857051594022	CPU_4	0	0	0	100.00	0	0	0	0	0	0
1428574857764945113	CPU_4	0	0	0	100.00	0	0	0	0	0	0
1428574858489664812	CPU_4	0	0	0	100.00	0	0	0	0	0	0
1428574859207430314	CPU_4	0	0	0	100.00	0	0	0	0	0	0
1428574859919189491	CPU_4	0	0	0	100.00	0	0	0	0	0	0
1428574860642338817	CPU_4	0	0	0	100.00	0	0	0	0	0	0
1428574861355263534	CPU_4	0	0	0	100.00	0	0	0	0	0	0
1428574862077712986	CPU_4	0	0	0	100.00	0	0	0	0	0	0
1428574862787813374	CPU_4	0	0	0	100.00	0	0	0	0	0	0
1428574863499712801	CPU_4	0	0	0	100.00	0	0	0	0	0	0
1428574864222918710	CPU_4	0	0	0	100.00	0	0	0	0	0	0
1428574864932630473	CPU_4	0	0	0	100.00	0	0	0	0	0	0
1428574865655059801	CPU_4	0	0	0	100.00	0	0	0	0	0	0
1428574866367938601	CPU_4	0	0	0	100.00	0	0	0	0	0	0
1428574867082915689	CPU_4	0	0	0	100.00	0	0	0	0	0	0
1428574867802837062	CPU_4	0	0	0	100.00	0	0	0	0	0	0
1428574868515577237	CPU_4	0	0	0	100.00	0	0	0	0	0	0
1428574869237416274	CPU_4	0	0	0	100.00	0	0	0	0	0	0
1428574869948471535	CPU_4	0	0	0	100.00	0	0	0	0	0	0
1428574870659106755	CPU_4	0	0	0	100.00	0	0	0	0	0	0
1428574871383485329	CPU_4	0	0	0	100.00	0	0	0	0	0	0
1428574872096074005	CPU_4	0	0	0	100.00	0	0	0	0	0	0
1428574872807113224	CPU_4	0	0	0	100.00	0	0	0	0	0	0
1428574873526917347	CPU_4	0	0	0	100.00	0	0	0	0	0	0
1428574874238761690	CPU_4	0	0	0	100.00	0	0	0	0	0	0
1428574874959193145	CPU_4	0	0	0	100.00	0	0	0	0	0	0
1428574875671703779	CPU_4	0	0	0	100.00	0	0	0	0	0	0
1428574876382251624	CPU_4	0	0	0	100.00	0	0	0	0	0	0
1428574877107378113	CPU_4	0	0	0	100.00	0	0	0	0	0	0
1428574877818520541	CPU_4	0	0	0	100.00	0	0	0	0	0	0
1428574878542840740	CPU_4	0	0	0	100.00	0	0	0	0	0	0
1428574879254231208	CPU_4	0	0	0	100.00	0	0	0	0	0	0
1428574879965214719	CPU_4	0	0	0	100.00	0	0	0	0	0	0
1428574880687007005	CPU_4	0	0	0	100.00	0	0	0	0	0	0
1428574881400058013	CPU_4	0	0	0	100.00	0	0	0	0	0	0
1428574882124533337	CPU_4	0	0	0	100.00	0	0	0	0	0	0
1428574882834409725	CPU_4	0	0	0	100.00	0	0	0	0	0	0
1428574883547627107	CPU_4	0	0	0	100.00	0	0	0	0	0	0
1428574884270368558	CPU_4	0	0	0	100.00	0	0	0	0	0	0
1428574884980547362	CPU_4	0	0	0	100.00	0	0	0	0	0	0
1428574885703389896	CPU_4	0	0	0	100.00	0	0	0	0	0	0
1428574886415883030	CPU_4	0	0	0	100.00	0	0	0	0	0	0
1428574887134173113	CPU_4	0	0	0	100.00	0	0	0	0	0	0
1428574887855652066	CPU_4	0	0	0	100.00	0	0	0	0	0	0
1428574888569233906	CPU_4	0	0	0	100.00	0	0	0	0	0	0
1428574889291103400	CPU_4	0	0	0	100.00	0	0	0	0	0	0
1428574890002998451	CPU_4	0	0	0	100.00	0	0	0	0	0	0
1428574890715633709	CPU_4	0	0	0	100.00	0	0	0	0	0	0
1428574891439396367	CPU_4	0	0	0	100.00	0	0	0	0	0	0
1428574892153142207	CPU_4	0	0	0	100.00	0	0	0	0	0	0
1428574892880798484	CPU_4	0	0	0	100.00	0	0	0	0	0	0
1428574893601854771	CPU_4	0	0	0	100.00	0	0	0	0	0	0
1428574894315099320	CPU_4	0	0	0	100.00	0	0	0	0	0	0
1428574895042740722	CPU_4	0	0	0	100.00	0	0	0	0	0	0
1428574895755128897	CPU_4	0	0	0	100.00	0	0	0	0	0	0
1428574896486965250	CPU_4	0	0	0	100.00	0	0	0	0	0	0
1428574897200071508	CPU_4	0	0	0	100.00	0	0	0	0	0	0
1428574897913460348	CPU_4	0	0	0	100.00	0	0	0	0	0	0
1428574898639319628	CPU_4	0	0	0	100.00	0	0	0	0	0	0
1428574899352606010	CPU_4	0	0	0	100.00	0	0	0	0	0	0
1428574900085918570	CPU_4	0	0	0	100.00	0	0	0	0	0	0
1428574900797299954	CPU_4	0	0	0	100.00	0	0	0	0	0	0
1428574901512302209	CPU_4	0	0	0	100.00	0	0	0	0	0	0
1428574902236450116	CPU_4	0	0	0	100.00	0	0	0	0	0	0
1428574902951713161	CPU_4	0	0	0	100.00	0	0	0	0	0	0
1428574903677790524	CPU_4	0	0	0	100.00	0	0	0	0	0	0
1428574904394654400	CPU_4	0	0	0	100.00	0	0	0	0	0	0
1428574905108385031	CPU_4	0	0	0	100.00	0	0	0	0	0	0
1428574905831434148	CPU_4	0	0	0	100.00	0	0	0	0	0	0
1428574906545751653	CPU_4	0	0	0	100.00	0	0	0	0	0	0
1428574907266796731	CPU_4	0	0	0	100.00	0	0	0	0	0	0
1428574907988394809	CPU_4	0	0	0	100.00	0	0	0	0	0	0
1428574908699424569	CPU_4	0	0	0	100.00	0	0	0	0	0	0
1428574909421901186	CPU_4	0	0	0	100.00	0	0	0	0	0	0
1428574910136619524	CPU_4	0	0	0	100.00	0	0	0	0	0	0
1428574910845992078	CPU_4	0	0	0	100.00	0	0	0	0	0	0
1428574911570240610	CPU_4	0	0	0	100.00	0	0	0	0	0	0
1428574912282425243	CPU_4	0	0	0	100.00	0	0	0	0	0	0
1428574913011735017	CPU_4	0	0	0	100.00	0	0	0	0	0	0
1428574913722113111	CPU_4	0	0	0	100.00	0	0	0	0	0	0
1428574914436504533	CPU_4	0	0	0	100.00	0	0	0	0	0	0
1428574915160216607	CPU_4	0	0	0	100.00	0	0	0	0	0	0
1428574915878255731	CPU_4	0	0	0	100.00	0	0	0	0	0	0
1428574916599958600	CPU_4	0	0	0	100.00	0	0	0	0	0	0
1428574917312929398	CPU_4	0	0	0	100.00	0	0	0	0	0	0
1428574918032280187	CPU_4	0	0	0	100.00	0	0	0	0	0	0
1428574918755348971	CPU_4	0	0	0	100.00	0	0	0	0	0	0
1428574919466633688	CPU_4	0	0	0	100.00	0	0	0	0	0	0
1428574920191114011	CPU_4	0	0	0	100.00	0	0	0	0	0	0
1428574920905417224	CPU_4	0	0	0	100.00	0	0	0	0	0	0
1428574921623342098	CPU_4	0	0	0	100.00	0	0	0	0	0	0
1428574922346111799	CPU_4	0	0	0	100.00	0	0	0	0	0	0
1428574923060716428	CPU_4	0	0	0	100.00	0	0	0	0	0	0
1428574923783874544	CPU_4	0	0	0	100.00	0	0	0	0	0	0
1428574924497646383	CPU_4	0	0	0	100.00	0	0	0	0	0	0
1428574925210658806	CPU_4	0	0	0	100.00	0	0	0	0	0	0
1428574925935928253	CPU_4	0	0	0	100.00	0	0	0	0	0	0
1428574926648083510	CPU_4	0	0	0	100.00	0	0	0	0	0	0
1428574927372943457	CPU_4	0	0	0	100.00	0	0	0	0	0	0
1428574928087305837	CPU_4	0	0	0	100.00	0	0	0	0	0	0
1428574928801060384	CPU_4	0	0	0	100.00	0	0	0	0	0	0
1428574929524867416	CPU_4	0	0	0	100.00	0	0	0	0	0	0
1428574930240333627	CPU_4	0	0	0	100.00	0	0	0	0	0	0
1428574930964248325	CPU_4	0	0	0	100.00	0	0	0	0	0	0
1428574931677388498	CPU_4	0	0	0	100.00	0	0	0	0	0	0
1428574932390886254	CPU_4	0	0	0	100.00	0	0	0	0	0	0
1428574933117481948	CPU_4	0	0	0	100.00	0	0	0	0	0	0
1428574933835941196	CPU_4	0	0	0	100.00	0	0	0	0	0	0
1428574934558852521	CPU_4	0	0	0	100.00	0	0	0	0	0	0
1428574935272771859	CPU_4	0	0	0	100.00	0	0	0	0	0	0
1428574935991610315	CPU_4	0	0	0	100.00	0	0	0	0	0	0
1428574936717126885	CPU_4	0	0	0	100.00	0	0	0	0	0	0
1428574937431715973	CPU_4	0	0	0	100.00	0	0	0	0	0	0
1428574938158261375	CPU_4	0	0	0	100.00	0	0	0	0	0	0
1428574938873319461	CPU_4	0	0	0	100.00	0	0	0	0	0	0
1428574939586762550	CPU_4	0	0	0	100.00	0	0	0	0	0	0
1428574940312068288	CPU_4	0	0	0	100.00	0	0	0	0	0	0
1428574941027295291	CPU_4	0	0	0	100.00	0	0	0	0	0	0
1428574941757175896	CPU_4	0	0	0	100.00	0	0	0	0	0	0
1428574942470374819	CPU_4	0	0	0	100.00	0	0	0	0	0	0
1428574943186314029	CPU_4	0	0	0	100.00	0	0	0	0	0	0
1428574943919580879	CPU_4	0	0	0	100.00	0	0	0	0	0	0
1428574944643390452	CPU_4	1.42	0	0	98.57	0	0	0	0	0	0
1428574945367437108	CPU_4	0	0	0	100.00	0	0	0	0	0	0
1428574946090018225	CPU_4	0	0	0	100.00	0	0	0	0	0	0
1428574946804801312	CPU_4	0	0	0	100.00	0	0	0	0	0	0
1428574947530758090	CPU_4	0	0	0	100.00	0	0	0	0	0	0
1428574948246438633	CPU_4	0	0	0	100.00	0	0	0	0	0	0
1428574948972127787	CPU_4	0	0	0	100.00	0	0	0	0	0	0
1428574949722328236	CPU_4	0	0	0	100.00	0	0	0	0	0	0
1428574950439816069	CPU_4	0	0	0	100.00	0	0	0	0	0	0
1428574951166506554	CPU_4	0	0	0	100.00	0	0	0	0	0	0
1428574951882703430	CPU_4	0	0	0	100.00	0	0	0	0	0	0
1428574952610557122	CPU_4	0	0	0	100.00	0	0	0	0	0	0
1428574953325673124	CPU_4	0	0	0	100.00	0	0	0	0	0	0
1428574954042612624	CPU_4	0	0	0	100.00	0	0	0	0	0	0
1428574954777278389	CPU_4	0	0	0	100.00	0	0	0	0	0	0
1428574955493119766	CPU_4	0	0	0	100.00	0	0	0	0	0	0
1428574956219087293	CPU_4	0	0	0	100.00	0	0	0	0	0	0
1428574956935242753	CPU_4	0	0	0	100.00	0	0	0	0	0	0
1428574957658168618	CPU_4	0	0	0	100.00	0	0	0	0	0	0
1428574958378209655	CPU_4	0	0	0	100.00	0	0	0	0	0	0
1428574959096843777	CPU_4	0	0	0	100.00	0	0	0	0	0	0
1428574959821971723	CPU_4	0	0	0	100.00	0	0	0	0	0	0
1428574960538814431	CPU_4	0	0	0	100.00	0	0	0	0	0	0
1428574961266903164	CPU_4	0	0	0	100.00	0	0	0	0	0	0
1428574961988340573	CPU_4	0	0	0	100.00	0	0	0	0	0	0
1428574962704788865	CPU_4	0	0	0	100.00	0	0	0	0	0	0
1428574963431805516	CPU_4	0	0	0	100.00	0	0	0	0	0	0
1428574964148077475	CPU_4	0	0	0	100.00	0	0	0	0	0	0
1428574964879199537	CPU_4	0	0	0	100.00	0	0	0	0	0	0
1428574965601499195	CPU_4	0	0	0	100.00	0	0	0	0	0	0
1428574966319034068	CPU_4	0	0	0	100.00	0	0	0	0	0	0
1428574967044290722	CPU_4	0	0	0	100.00	0	0	0	0	0	0
1428574967762108137	CPU_4	0	0	0	100.00	0	0	0	0	0	0
1428574968497004318	CPU_4	0	0	0	100.00	0	0	0	0	0	0
1428574969215425773	CPU_4	0	0	0	100.00	0	0	0	0	0	0
1428574969931432732	CPU_4	0	0	0	100.00	0	0	0	0	0	0
1428574970663592500	CPU_4	0	0	0	100.00	0	0	0	0	0	0
1428574971379592043	CPU_4	0	0	0	100.00	0	0	0	0	0	0
1428574972110999354	CPU_4	0	0	0	100.00	0	0	0	0	0	0
1428574972825452273	CPU_4	0	0	0	100.00	0	0	0	0	0	0
1428574973542915272	CPU_4	0	0	0	100.00	0	0	0	0	0	0
1428574974271000213	CPU_4	0	0	0	100.00	0	0	0	0	0	0
1428574974990577583	CPU_4	0	0	0	100.00	0	0	0	0	0	0
1428574975718509524	CPU_4	0	0	0	100.00	0	0	0	0	0	0
1428574976437624270	CPU_4	0	0	0	100.00	0	0	0	0	0	0
1428574977153884312	CPU_4	0	0	0	100.00	0	0	0	0	0	0
1428574977882212919	CPU_4	0	0	0	100.00	0	0	0	0	0	0
1428574978597701087	CPU_4	0	0	0	100.00	0	0	0	0	0	0
1428574979325912486	CPU_4	0	0	0	100.00	0	0	0	0	0	0
1428574980043084401	CPU_4	0	0	0	100.00	0	0	0	0	0	0
1428574980761189856	CPU_4	0	0	0	100.00	0	0	0	0	0	0
1428574981488095966	CPU_4	0	0	0	100.00	0	0	0	0	0	0
1428574982207338128	CPU_4	0	0	0	100.00	0	0	0	0	0	0
1428574982934414695	CPU_4	0	0	0	100.00	0	0	0	0	0	0
1428574983654763272	CPU_4	0	0	0	100.00	0	0	0	0	0	0
1428574984371149397	CPU_4	0	0	0	100.00	0	0	0	0	0	0
1428574985099393337	CPU_4	0	0	0	100.00	0	0	0	0	0	0
1428574985817039544	CPU_4	0	0	0	100.00	0	0	0	0	0	0
1428574986541442156	CPU_4	0	0	0	100.00	0	0	0	0	0	0
1428574987259134988	CPU_4	0	0	0	100.00	0	0	0	0	0	0
1428574987976780277	CPU_4	0	0	0	100.00	0	0	0	0	0	0
1428574988707934004	CPU_4	0	0	0	100.00	0	0	0	0	0	0
1428574989422888381	CPU_4	0	0	0	100.00	0	0	0	0	0	0
1428574990154291275	CPU_4	0	0	0	100.00	0	0	0	0	0	0
1428574990872386189	CPU_4	0	0	0	100.00	0	0	0	0	0	0
1428574991586121734	CPU_4	0	0	0	100.00	0	0	0	0	0	0
1428574992314192216	CPU_4	0	0	0	100.00	0	0	0	0	0	0
1428574993030300049	CPU_4	0	0	0	100.00	0	0	0	0	0	0
1428574993760513570	CPU_4	0	0	0	100.00	0	0	0	0	0	0
1428574994475333738	CPU_4	0	0	0	100.00	0	0	0	0	0	0
1428574995196890689	CPU_4	0	0	0	100.00	0	0	0	0	0	0
1428574995922759924	CPU_4	0	0	0	100.00	0	0	0	0	0	0
1428574996644007541	CPU_4	0	0	0	100.00	0	0	0	0	0	0
1428574997370546775	CPU_4	0	0	0	100.00	0	0	0	0	0	0
1428574998089518771	CPU_4	0	0	0	100.00	0	0	0	0	0	0
1428574998822601078	CPU_4	0	0	0	100.00	0	0	0	0	0	0
1428574999543523654	CPU_4	0	0	0	100.00	0	0	0	0	0	0
1428575000259635987	CPU_4	0	0	0	100.00	0	0	0	0	0	0
1428575000987635677	CPU_4	0	0	0	100.00	0	0	0	0	0	0
1428575001710693042	CPU_4	0	0	0	100.00	0	0	0	0	0	0
1428575002446561095	CPU_4	0	0	0	100.00	0	0	0	0	0	0
1428575003162763053	CPU_4	0	0	0	100.00	0	0	0	0	0	0
1428575003881877215	CPU_4	0	0	0	100.00	0	0	0	0	0	0
1428575004610036530	CPU_4	0	0	0	100.00	0	0	0	0	0	0
1428575005331728188	CPU_4	0	0	0	100.00	0	0	0	0	0	0
1428575006056262550	CPU_4	0	0	0	100.00	0	0	0	0	0	0
1428575006779215872	CPU_4	0	0	0	100.00	0	0	0	0	0	0
1428575007496097496	CPU_4	0	0	0	100.00	0	0	0	0	0	0
1428575008229101803	CPU_4	0	0	0	100.00	0	0	0	0	0	0
1428575008943806180	CPU_4	0	0	0	100.00	0	0	0	0	0	0
1428575009672537869	CPU_4	0	0	0	100.00	0	0	0	0	0	0
1428575010391259073	CPU_4	0	0	0	100.00	0	0	0	0	0	0
1428575011108171029	CPU_4	0	0	0	100.00	0	0	0	0	0	0
1428575011839334131	CPU_4	0	0	0	100.00	0	0	0	0	0	0
1428575012559180583	CPU_4	0	0	0	100.00	0	0	0	0	0	0
1428575013288368938	CPU_4	0	0	0	100.00	0	0	0	0	0	0
1428575014006187477	CPU_4	0	0	0	100.00	0	0	0	0	0	0
1428575014724723806	CPU_4	0	0	0	100.00	0	0	0	0	0	0
1428575015453456119	CPU_4	0	0	0	100.00	0	0	0	0	0	0
1428575016176129442	CPU_4	0	0	0	100.00	0	0	0	0	0	0
1428575016904282465	CPU_4	0	0	0	100.00	0	0	0	0	0	0
1428575017622672628	CPU_4	0	0	0	100.00	0	0	0	0	0	0
1428575018341686289	CPU_4	0	0	0	100.00	0	0	0	0	0	0
1428575019069799770	CPU_4	0	0	0	100.00	0	0	0	0	0	0
1428575019791286887	CPU_4	0	0	0	100.00	0	0	0	0	0	0
1428575020519272118	CPU_4	0	0	0	100.00	0	0	0	0	0	0
1428575021239804569	CPU_4	0	0	0	100.00	0	0	0	0	0	0
1428575021979482991	CPU_4	0	0	0	100.00	0	0	0	0	0	0
1428575022696652947	CPU_4	0	0	0	100.00	0	0	0	0	0	0
1428575023415386692	CPU_4	0	0	0	100.00	0	0	0	0	0	0
1428575024146020127	CPU_4	0	0	0	100.00	0	0	0	0	0	0
1428575024865487163	CPU_4	0	0	0	100.00	0	0	0	0	0	0
1428575025595047724	CPU_4	0	0	0	100.00	0	0	0	0	0	0
1428575026317998756	CPU_4	0	0	0	100.00	0	0	0	0	0	0
1428575027036150669	CPU_4	0	0	0	100.00	0	0	0	0	0	0
1428575027767889144	CPU_4	0	0	0	100.00	0	0	0	0	0	0
1428575028484364184	CPU_4	0	0	0	100.00	0	0	0	0	0	0
1428575029212716581	CPU_4	0	0	0	100.00	0	0	0	0	0	0
1428575029932583158	CPU_4	0	0	0	100.00	0	0	0	0	0	0
1428575030654529065	CPU_4	0	0	0	100.00	0	0	0	0	0	0
1428575031383059128	CPU_4	0	0	0	100.00	0	0	0	0	0	0
1428575032100544167	CPU_4	0	0	0	100.00	0	0	0	0	0	0
1428575032833249849	CPU_4	0	0	0	100.00	0	0	0	0	0	0
1428575033553395550	CPU_4	0	0	0	100.00	0	0	0	0	0	0
1428575034273321127	CPU_4	0	0	0	100.00	0	0	0	0	0	0
1428575035001724940	CPU_4	0	0	0	100.00	0	0	0	0	0	0
1428575035720747643	CPU_4	0	0	0	100.00	0	0	0	0	0	0
1428575036450583580	CPU_4	0	0	0	100.00	0	0	0	0	0	0
1428575037170582489	CPU_4	0	0	0	100.00	0	0	0	0	0	0
1428575037893283853	CPU_4	0	0	0	100.00	0	0	0	0	0	0
1428575038623129373	CPU_4	0	0	0	100.00	0	0	0	0	0	0
1428575039341179494	CPU_4	0	0	0	100.00	0	0	0	0	0	0
1428575040070110181	CPU_4	0	0	0	100.00	0	0	0	0	0	0
1428575040789386925	CPU_4	0	0	0	100.00	0	0	0	0	0	0
1428575041519807152	CPU_4	0	0	0	100.00	0	0	0	0	0	0
1428575042242891807	CPU_4	0	0	0	100.00	0	0	0	0	0	0
1428575042965918962	CPU_4	0	0	0	100.00	0	0	0	0	0	0
1428575043698378228	CPU_4	0	0	0	100.00	0	0	0	0	0	0
1428575044419514594	CPU_4	0	0	0	100.00	0	0	0	0	0	0
1428575045149857488	CPU_4	0	0	0	100.00	0	0	0	0	0	0
1428575045870352688	CPU_4	0	0	0	100.00	0	0	0	0	0	0
1428575046588902724	CPU_4	0	0	0	100.00	0	0	0	0	0	0
1428575047320211908	CPU_4	0	0	0	100.00	0	0	0	0	0	0
1428575048036789531	CPU_4	0	0	0	100.00	0	0	0	0	0	0
1428575048767595174	CPU_4	0	0	0	100.00	0	0	0	0	0	0
1428575049485784794	CPU_4	0	0	0	100.00	0	0	0	0	0	0
1428575050206295911	CPU_4	0	0	0	100.00	0	0	0	0	0	0
1428575050933998851	CPU_4	0	0	0	100.00	0	0	0	0	0	0
1428575051653994093	CPU_4	0	0	0	100.00	0	0	0	0	0	0
1428575052385144069	CPU_4	0	0	0	100.00	0	0	0	0	0	0
1428575053106172726	CPU_4	0	0	0	100.00	0	0	0	0	0	0
1428575053823260973	CPU_4	0	0	0	100.00	0	0	0	0	0	0
1428575054554015658	CPU_4	0	0	0	100.00	0	0	0	0	0	0
1428575055271327904	CPU_4	0	0	0	100.00	0	0	0	0	0	0
1428575056001218590	CPU_4	0	0	0	100.00	0	0	0	0	0	0
1428575056717675630	CPU_4	0	0	0	100.00	0	0	0	0	0	0
1428575057439408369	CPU_4	0	0	0	100.00	0	0	0	0	0	0
1428575058168949514	CPU_4	0	0	0	100.00	0	0	0	0	0	0
1428575058892092502	CPU_4	0	0	0	100.00	0	0	0	0	0	0
1428575059618545943	CPU_4	0	0	0	100.00	0	0	0	0	0	0
1428575060340758973	CPU_4	0	0	0	100.00	0	0	0	0	0	0
1428575061064612793	CPU_4	0	0	0	100.00	0	0	0	0	0	0
1428575061795782810	CPU_4	0	0	0	100.00	0	0	0	0	0	0
1428575062514172471	CPU_4	0	0	0	100.00	0	0	0	0	0	0
1428575063244681073	CPU_4	0	0	0	100.00	0	0	0	0	0	0
1428575063973566218	CPU_4	0	0	0	100.00	0	0	0	0	0	0
1428575064708152730	CPU_4	0	0	0	100.00	0	0	0	0	0	0
1428575065427344682	CPU_4	0	0	0	100.00	0	0	0	0	0	0
1428575066147684423	CPU_4	0	0	0	100.00	0	0	0	0	0	0
1428575066878035067	CPU_4	0	0	0	100.00	0	0	0	0	0	0
1428575067602608385	CPU_4	0	0	0	100.00	0	0	0	0	0	0
1428575068332118821	CPU_4	0	0	0	100.00	0	0	0	0	0	0
1428575069055327892	CPU_4	0	0	0	100.00	0	0	0	0	0	0
1428575069812259078	CPU_4	0	0	0	100.00	0	0	0	0	0	0
1428575070540895765	CPU_4	0	0	0	100.00	0	0	0	0	0	0
1428575071257229221	CPU_4	0	0	0	100.00	0	0	0	0	0	0
1428575071988594488	CPU_4	0	0	0	100.00	0	0	0	0	0	0
1428575072709817561	CPU_4	0	0	0	100.00	0	0	0	0	0	0
1428575073444514364	CPU_4	0	0	0	100.00	0	0	0	0	0	0
1428575074161849360	CPU_4	0	0	0	100.00	0	0	0	0	0	0
1428575074883092683	CPU_4	0	0	0	100.00	0	0	0	0	0	0
1428575075611801496	CPU_4	0	0	0	100.00	0	0	0	0	0	0
1428575076337721520	CPU_4	0	0	0	100.00	0	0	0	0	0	0
1428575077065093376	CPU_4	0	0	0	100.00	0	0	0	0	0	0
1428575077785763117	CPU_4	0	0	0	100.00	0	0	0	0	0	0
1428575078505673984	CPU_4	0	0	0	100.00	0	0	0	0	0	0
1428575079237147708	CPU_4	0	0	0	100.00	0	0	0	0	0	0
1428575079955596702	CPU_4	0	0	0	100.00	0	0	0	0	0	0
1428575080688209133	CPU_4	0	0	0	100.00	0	0	0	0	0	0
1428575081410891746	CPU_4	0	0	0	100.00	0	0	0	0	0	0
1428575082130783196	CPU_4	0	0	0	100.00	0	0	0	0	0	0
1428575082859708008	CPU_4	0	0	0	100.00	0	0	0	0	0	0
1428575083579682666	CPU_4	0	0	0	100.00	0	0	0	0	0	0
1428575084310726766	CPU_4	0	0	0	100.00	0	0	0	0	0	0
1428575085034485294	CPU_4	0	0	0	100.00	0	0	0	0	0	0
1428575085757519823	CPU_4	0	0	0	100.00	0	0	0	0	0	0
1428575086487176258	CPU_4	0	0	0	100.00	0	0	0	0	0	0
1428575087206221209	CPU_4	0	0	0	100.00	0	0	0	0	0	0
1428575087937288934	CPU_4	0	0	0	100.00	0	0	0	0	0	0
1428575088654786763	CPU_4	0	0	0	100.00	0	0	0	0	0	0
1428575089389067483	CPU_4	0	0	0	100.00	0	0	0	0	0	0
1428575090111622262	CPU_4	0	0	0	100.00	0	0	0	0	0	0
1428575090831219712	CPU_4	0	0	0	100.00	0	0	0	0	0	0
1428575091560487690	CPU_4	0	0	0	100.00	0	0	0	0	0	0
1428575092281893304	CPU_4	0	0	0	100.00	0	0	0	0	0	0
1428575093011911947	CPU_4	2.77	0	9.72	87.50	0	0	0	0	0	0
1428575093732226647	CPU_4	0	0	0	100.00	0	0	0	0	0	0
1428575094452239765	CPU_4	0	0	0	100.00	0	0	0	0	0	0
1428575095183455112	CPU_4	0	0	0	100.00	0	0	0	0	0	0
1428575095903519479	CPU_4	0	0	0	100.00	0	0	0	0	0	0
1428575096634224370	CPU_4	0	0	0	100.00	0	0	0	0	0	0
1428575097351362658	CPU_4	0	0	0	100.00	0	0	0	0	0	0
1428575098072300523	CPU_4	0	0	0	100.00	0	0	0	0	0	0
1428575098801239584	CPU_4	0	0	0	100.00	0	0	0	0	0	0
1428575099525216361	CPU_4	0	0	0	100.00	0	0	0	0	0	0
1428575100253514923	CPU_4	0	0	0	100.00	0	0	0	0	0	0
1428575100975917702	CPU_4	0	0	0	100.00	0	0	0	0	0	0
1428575101702152809	CPU_4	0	0	0	100.00	0	0	0	0	0	0
1428575102433966407	CPU_4	0	0	0	100.00	0	0	0	0	0	0
1428575103152555400	CPU_4	0	0	0	100.00	0	0	0	0	0	0
1428575103884853915	CPU_4	0	0	0	100.00	0	0	0	0	0	0
1428575104604435365	CPU_4	0	0	0	100.00	0	0	0	0	0	0
1428575105339623458	CPU_4	0	0	0	100.00	0	0	0	0	0	0
1428575106057631285	CPU_4	0	0	0	100.00	0	0	0	0	0	0
1428575106779456399	CPU_4	0	0	0	100.00	0	0	0	0	0	0
1428575107509387791	CPU_4	0	0	0	100.00	0	0	0	0	0	0
1428575108231858237	CPU_4	0	0	0	100.00	0	0	0	0	0	0
1428575108961486422	CPU_4	0	0	0	100.00	0	0	0	0	0	0
1428575109682172912	CPU_4	0	0	0	100.00	0	0	0	0	0	0
1428575110405658897	CPU_4	0	0	0	100.00	0	0	0	0	0	0
1428575111138473244	CPU_4	0	0	0	100.00	0	0	0	0	0	0
1428575111856560654	CPU_4	0	0	0	100.00	0	0	0	0	0	0
1428575112589179918	CPU_4	0	0	0	100.00	0	0	0	0	0	0
1428575113309103784	CPU_4	0	0	0	100.00	0	0	0	0	0	0
1428575114032997977	CPU_4	0	0	0	100.00	0	0	0	0	0	0
1428575114761543872	CPU_4	0	0	0	100.00	0	0	0	0	0	0
1428575115483447651	CPU_4	0	0	0	100.00	0	0	0	0	0	0
1428575116226245399	CPU_4	0	0	0	98.66	0	1.33	0	0	0	0
1428575116949262844	CPU_4	0	0	0	100.00	0	0	0	0	0	0
1428575117682191065	CPU_4	0	0	0	100.00	0	0	0	0	0	0
1428575118407044007	CPU_4	0	0	0	100.00	0	0	0	0	0	0
1428575119127693955	CPU_4	0	0	0	100.00	0	0	0	0	0	0
1428575119860618718	CPU_4	0	0	0	100.00	0	0	0	0	0	0
1428575120579178877	CPU_4	0	0	0	65.74	0	34.25	0	0	0	0
1428575121324531080	CPU_4	0	0	0	100.00	0	0	0	0	0	0
1428575122044509195	CPU_4	0	0	0	100.00	0	0	0	0	0	0
1428575122766043059	CPU_4	0	0	0	100.00	0	0	0	0	0	0
1428575123494939869	CPU_4	0	0	0	100.00	0	0	0	0	0	0
1428575124216262191	CPU_4	0	0	0	100.00	0	0	0	0	0	0
1428575124948041539	CPU_4	0	0	0	100.00	0	0	0	0	0	0
1428575125682230800	CPU_4	0	0	0	100.00	0	0	0	0	0	0
1428575126406476409	CPU_4	0	0	0	100.00	0	0	0	0	0	0
1428575127140629628	CPU_4	0	0	0	100.00	0	0	0	0	0	0
1428575127861314951	CPU_4	0	0	0	100.00	0	0	0	0	0	0
1428575128594395338	CPU_4	0	0	0	100.00	0	0	0	0	0	0
1428575129312577540	CPU_4	0	0	0	100.00	0	0	0	0	0	0
1428575130052370333	CPU_4	0	0	0	100.00	0	0	0	0	0	0
1428575130772571990	CPU_4	0	0	0	100.00	0	0	0	0	0	0
1428575131501990425	CPU_4	0	0	0	100.00	0	0	0	0	0	0
1428575132234705437	CPU_4	0	0	0	100.00	0	0	0	0	0	0
1428575132955492343	CPU_4	0	0	0	100.00	0	0	0	0	0	0
1428575133686929650	CPU_4	0	0	0	100.00	0	0	0	0	0	0
1428575134408438304	CPU_4	0	0	0	100.00	0	0	0	0	0	0
1428575135131022416	CPU_4	0	0	0	100.00	0	0	0	0	0	0
1428575135864126011	CPU_4	0	0	0	100.00	0	0	0	0	0	0
1428575136589944159	CPU_4	0	0	0	100.00	0	0	0	0	0	0
1428575137322921922	CPU_4	0	0	0	100.00	0	0	0	0	0	0
1428575138047545572	CPU_4	0	0	0	100.00	0	0	0	0	0	0
1428575138780201502	CPU_4	0	0	0	100.00	0	0	0	0	0	0
1428575139506196149	CPU_4	0	0	0	100.00	0	0	0	0	0	0
1428575140227665428	CPU_4	0	0	0	100.00	0	0	0	0	0	0
1428575140961053190	CPU_4	0	0	0	100.00	0	0	0	0	0	0
1428575141681831429	CPU_4	0	0	0	100.00	0	0	0	0	0	0
1428575142414844316	CPU_4	0	0	0	100.00	0	0	0	0	0	0
1428575143138029343	CPU_4	0	0	0	100.00	0	0	0	0	0	0
1428575143860600371	CPU_4	0	0	0	100.00	0	0	0	0	0	0
1428575144594270923	CPU_4	0	0	0	100.00	0	0	0	0	0	0
1428575145315209870	CPU_4	0	0	0	100.00	0	0	0	0	0	0
1428575146049022756	CPU_4	0	0	0	100.00	0	0	0	0	0	0
1428575146771151743	CPU_4	0	0	0	100.00	0	0	0	0	0	0
1428575147492303689	CPU_4	0	0	0	100.00	0	0	0	0	0	0
1428575148223464829	CPU_4	0	0	0	100.00	0	0	0	0	0	0
1428575148946192565	CPU_4	0	0	0	100.00	0	0	0	0	0	0
1428575149679677535	CPU_4	0	0	0	100.00	0	0	0	0	0	0
1428575150400147607	CPU_4	0	0	0	100.00	0	0	0	0	0	0
1428575151132800578	CPU_4	0	0	0	100.00	0	0	0	0	0	0
1428575151860806556	CPU_4	0	0	0	100.00	0	0	0	0	0	0
1428575152584137290	CPU_4	0	0	0	100.00	0	0	0	0	0	0
1428575153316114095	CPU_4	0	0	0	100.00	0	0	0	0	0	0
1428575154038223707	CPU_4	0	0	0	100.00	0	0	0	0	0	0
1428575154771952676	CPU_4	0	0	0	100.00	0	0	0	0	0	0
1428575155496341243	CPU_4	0	0	0	100.00	0	0	0	0	0	0
1428575156216976940	CPU_4	0	0	0	100.00	0	0	0	0	0	0
1428575156949328827	CPU_4	0	0	0	100.00	0	0	0	0	0	0
1428575157675733474	CPU_4	0	0	0	100.00	0	0	0	0	0	0
1428575158408196820	CPU_4	0	0	0	100.00	0	0	0	0	0	0
1428575159130063140	CPU_4	0	0	0	100.00	0	0	0	0	0	0
1428575159852553418	CPU_4	0	0	0	100.00	0	0	0	0	0	0
1428575160587151552	CPU_4	0	0	0	100.00	0	0	0	0	0	0
1428575161308828706	CPU_4	0	0	0	100.00	0	0	0	0	0	0
1428575162044461047	CPU_4	0	0	0	100.00	0	0	0	0	0	0
1428575162766581658	CPU_4	0	0	0	100.00	0	0	0	0	0	0
1428575163495894383	CPU_4	0	0	0	100.00	0	0	0	0	0	0
1428575164222522363	CPU_4	0	0	0	100.00	0	0	0	0	0	0
1428575164947395012	CPU_4	0	0	0	100.00	0	0	0	0	0	0
1428575165679954774	CPU_4	0	0	0	100.00	0	0	0	0	0	0
1428575166402852176	CPU_4	0	0	0	100.00	0	0	0	0	0	0
1428575167135708646	CPU_4	0	0	0	100.00	0	0	0	0	0	0
1428575167861322627	CPU_4	0	0	0	100.00	0	0	0	0	0	0
1428575168582352615	CPU_4	0	0	0	100.00	0	0	0	0	0	0
1428575169315938542	CPU_4	0	0	0	100.00	0	0	0	0	0	0
1428575170039501151	CPU_4	0	0	0	100.00	0	0	0	0	0	0
1428575170773930118	CPU_4	0	0	0	100.00	0	0	0	0	0	0
1428575171493769649	CPU_4	0	0	0	100.00	0	0	0	0	0	0
1428575172218243882	CPU_4	0	0	0	100.00	0	0	0	0	0	0
1428575172951954600	CPU_4	0	0	0	100.00	0	0	0	0	0	0
1428575173676923416	CPU_4	0	0	0	100.00	0	0	0	0	0	0
1428575174407953305	CPU_4	0	0	0	100.00	0	0	0	0	0	0
1428575175132206413	CPU_4	0	0	0	100.00	0	0	0	0	0	0
1428575175872050080	CPU_4	0	0	0	100.00	0	0	0	0	0	0
1428575176598335476	CPU_4	0	0	0	100.00	0	0	0	0	0	0
1428575177318972298	CPU_4	0	0	0	100.00	0	0	0	0	0	0
1428575178054052556	CPU_4	0	0	0	100.00	0	0	0	0	0	0
1428575178776991916	CPU_4	0	0	0	100.00	0	0	0	0	0	0
1428575179511671674	CPU_4	0	0	0	100.00	0	0	0	0	0	0
1428575180232834328	CPU_4	0	0	0	100.00	0	0	0	0	0	0
1428575180956610645	CPU_4	0	0	0	100.00	0	0	0	0	0	0
1428575181693921733	CPU_4	0	0	0	100.00	0	0	0	0	0	0
1428575182417664091	CPU_4	0	0	0	100.00	0	0	0	0	0	0
1428575183152517475	CPU_4	0	0	0	100.00	0	0	0	0	0	0
1428575183887259608	CPU_4	0	0	0	100.00	0	0	0	0	0	0
1428575184632812058	CPU_4	2.70	0	0	97.29	0	0	0	0	0	0
1428575185358131789	CPU_4	0	0	0	100.00	0	0	0	0	0	0
1428575186082079689	CPU_4	0	0	0	100.00	0	0	0	0	0	0
1428575186814417867	CPU_4	0	0	0	100.00	0	0	0	0	0	0
1428575187537220852	CPU_4	0	0	0	100.00	0	0	0	0	0	0
1428575188272724484	CPU_4	0	0	0	100.00	0	0	0	0	0	0
1428575188995456802	CPU_4	0	0	0	100.00	0	0	0	0	0	0
1428575189770334916	CPU_4	0	0	0	100.00	0	0	0	0	0	0
1428575190490328697	CPU_4	0	0	0	100.00	0	0	0	0	0	0
1428575191214934095	CPU_4	0	0	0	100.00	0	0	0	0	0	0
1428575191947344940	CPU_4	0	0	0	100.00	0	0	0	0	0	0
1428575192674457377	CPU_4	0	0	0	100.00	0	0	0	0	0	0
1428575193405525932	CPU_4	0	0	0	100.00	0	0	0	0	0	0
1428575194131104579	CPU_4	0	0	0	100.00	0	0	0	0	0	0
1428575194852662482	CPU_4	0	0	0	100.00	0	0	0	0	0	0
1428575195587554781	CPU_4	0	0	0	100.00	0	0	0	0	0	0
1428575196308532810	CPU_4	0	0	0	100.00	0	0	0	0	0	0
1428575197043529443	CPU_4	0	0	0	100.00	0	0	0	0	0	0
1428575197766436219	CPU_4	0	0	0	100.00	0	0	0	0	0	0
1428575198495958235	CPU_4	0	0	0	100.00	0	0	0	0	0	0
1428575199221646006	CPU_4	0	0	0	100.00	0	0	0	0	0	0
1428575199945564197	CPU_4	0	0	0	100.00	0	0	0	0	0	0
1428575200679721914	CPU_4	0	0	0	100.00	0	0	0	0	0	0
1428575201403223523	CPU_4	0	0	0	100.00	0	0	0	0	0	0
1428575202135276285	CPU_4	0	0	0	100.00	0	0	0	0	0	0
1428575202859941516	CPU_4	0	0	0	100.00	0	0	0	0	0	0
1428575203583059750	CPU_4	0	0	0	100.00	0	0	0	0	0	0
1428575204317290508	CPU_4	0	0	0	100.00	0	0	0	0	0	0
1428575205041715699	CPU_4	0	0	0	100.00	0	0	0	0	0	0
1428575205777617038	CPU_4	0	0	0	100.00	0	0	0	0	0	0
1428575206500615022	CPU_4	0	0	0	100.00	0	0	0	0	0	0
1428575207232898200	CPU_4	0	0	0	100.00	0	0	0	0	0	0
1428575207959773720	CPU_4	0	0	0	100.00	0	0	0	0	0	0
1428575208684240576	CPU_4	0	0	0	100.00	0	0	0	0	0	0
1428575209417733419	CPU_4	0	0	0	100.00	0	0	0	0	0	0
1428575210144842647	CPU_4	0	0	0	100.00	0	0	0	0	0	0
1428575210878970822	CPU_4	0	0	0	100.00	0	0	0	0	0	0
1428575211605924841	CPU_4	0	0	0	100.00	0	0	0	0	0	0
1428575212329427908	CPU_4	0	0	0	100.00	0	0	0	0	0	0
1428575213064260707	CPU_4	0	0	0	100.00	0	0	0	0	0	0
1428575213789176146	CPU_4	0	0	0	100.00	0	0	0	0	0	0
1428575214522637405	CPU_4	0	0	0	100.00	0	0	0	0	0	0
1428575215249420342	CPU_4	0	0	0	100.00	0	0	0	0	0	0
1428575215996855330	CPU_4	0	0	0	100.00	0	0	0	0	0	0
1428575216723952974	CPU_4	0	0	0	100.00	0	0	0	0	0	0
1428575217449188537	CPU_4	0	0	0	100.00	0	0	0	0	0	0
1428575218184302419	CPU_4	0	0	0	100.00	0	0	0	0	0	0
1428575218910118357	CPU_4	0	0	0	100.00	0	0	0	0	0	0
1428575219645530280	CPU_4	0	0	0	100.00	0	0	0	0	0	0
1428575220374187797	CPU_4	0	0	0	100.00	0	0	0	0	0	0
1428575221095957782	CPU_4	0	0	0	100.00	0	0	0	0	0	0
1428575221831869163	CPU_4	0	0	0	100.00	0	0	0	0	0	0
1428575222556824393	CPU_4	0	0	0	100.00	0	0	0	0	0	0
1428575223294505521	CPU_4	0	0	0	100.00	0	0	0	0	0	0
1428575224016181506	CPU_4	0	0	0	100.00	0	0	0	0	0	0
1428575224756852171	CPU_4	0	0	0	100.00	0	0	0	0	0	0
1428575225484920689	CPU_4	0	0	0	100.00	0	0	0	0	0	0
1428575226211105750	CPU_4	0	0	0	100.00	0	0	0	0	0	0
1428575226945531508	CPU_4	0	0	0	100.00	0	0	0	0	0	0
1428575227672174111	CPU_4	0	0	0	100.00	0	0	0	0	0	0
1428575228407304659	CPU_4	0	0	0	100.00	0	0	0	0	0	0
1428575229133778887	CPU_4	0	0	0	100.00	0	0	0	0	0	0
1428575229862688195	CPU_4	0	0	0	100.00	0	0	0	0	0	0
1428575230596616912	CPU_4	0	0	0	100.00	0	0	0	0	0	0
1428575231321933516	CPU_4	0	0	0	100.00	0	0	0	0	0	0
1428575232058211021	CPU_4	0	0	0	100.00	0	0	0	0	0	0
1428575232784340500	CPU_4	0	0	0	100.00	0	0	0	0	0	0
1428575233520042797	CPU_4	0	0	0	100.00	0	0	0	0	0	0
1428575234245260443	CPU_4	0	0	0	100.00	0	0	0	0	0	0
1428575234971614130	CPU_4	0	0	0	100.00	0	0	0	0	0	0
1428575235709927881	CPU_4	0	0	0	100.00	0	0	0	0	0	0
1428575236433201947	CPU_4	0	0	0	100.00	0	0	0	0	0	0
1428575237168907703	CPU_4	0	0	0	100.00	0	0	0	0	0	0
1428575237894895098	CPU_4	0	0	0	100.00	0	0	0	0	0	0
1428575238619502995	CPU_4	0	0	0	100.00	0	0	0	0	0	0
1428575239358384329	CPU_4	0	0	0	100.00	0	0	0	0	0	0
1428575240080310064	CPU_4	0	0	0	100.00	0	0	0	0	0	0
1428575240819379689	CPU_4	0	0	0	100.00	0	0	0	0	0	0
1428575241546219333	CPU_4	0	0	0	100.00	0	0	0	0	0	0
1428575242281998880	CPU_4	0	0	0	100.00	0	0	0	0	0	0
1428575243004437697	CPU_4	0	0	0	100.00	0	0	0	0	0	0
1428575243731137882	CPU_4	0	0	0	100.00	0	0	0	0	0	0
1428575244465891931	CPU_4	0	0	0	100.00	0	0	0	0	0	0
1428575245190647703	CPU_4	0	0	0	100.00	0	0	0	0	0	0
1428575245918867428	CPU_4	0	0	0	100.00	0	0	0	0	0	0
1428575246640755495	CPU_4	0	0	0	100.00	0	0	0	0	0	0
1428575247361670523	CPU_4	0	0	0	100.00	0	0	0	0	0	0
1428575248093274326	CPU_4	0	0	0	100.00	0	0	0	0	0	0
1428575248815370019	CPU_4	0	0	0	100.00	0	0	0	0	0	0
1428575249548717486	CPU_4	0	0	0	100.00	0	0	0	0	0	0
1428575250270947595	CPU_4	0	0	0	100.00	0	0	0	0	0	0
1428575251009959387	CPU_4	0	0	0	100.00	0	0	0	0	0	0
1428575251734269117	CPU_4	0	0	0	100.00	0	0	0	0	0	0
1428575252458493098	CPU_4	0	0	0	100.00	0	0	0	0	0	0
1428575253191645566	CPU_4	0	0	0	100.00	0	0	0	0	0	0
1428575253914426424	CPU_4	0	0	0	100.00	0	0	0	0	0	0
1428575254648093390	CPU_4	0	0	0	100.00	0	0	0	0	0	0
1428575255373141953	CPU_4	0	0	0	100.00	0	0	0	0	0	0
1428575256095972227	CPU_4	0	0	0	100.00	0	0	0	0	0	0
1428575256831485441	CPU_4	0	0	0	100.00	0	0	0	0	0	0
1428575257556161879	CPU_4	0	0	0	100.00	0	0	0	0	0	0
1428575258291623010	CPU_4	0	0	0	100.00	0	0	0	0	0	0
1428575259014450576	CPU_4	0	0	0	100.00	0	0	0	0	0	0
1428575259759556108	CPU_4	0	0	0	100.00	0	0	0	0	0	0
1428575260482400299	CPU_4	0	0	0	100.00	0	0	0	0	0	0
1428575261206412238	CPU_4	0	0	0	100.00	0	0	0	0	0	0
1428575261940047288	CPU_4	0	0	0	100.00	0	0	0	0	0	0
1428575262668438429	CPU_4	0	0	0	100.00	0	0	0	0	0	0
1428575263403591726	CPU_4	0	0	0	100.00	0	0	0	0	0	0
1428575264126989583	CPU_4	0	0	0	100.00	0	0	0	0	0	0
1428575264853301060	CPU_4	0	0	0	100.00	0	0	0	0	0	0
1428575265589342065	CPU_4	0	0	0	100.00	0	0	0	0	0	0
1428575266314450294	CPU_4	0	0	0	100.00	0	0	0	0	0	0
1428575267050421923	CPU_4	0	0	0	100.00	0	0	0	0	0	0
1428575267779455646	CPU_4	0	0	0	100.00	0	0	0	0	0	0
1428575268514678818	CPU_4	0	0	0	100.00	0	0	0	0	0	0
1428575269240744671	CPU_4	0	0	0	100.00	0	0	0	0	0	0
1428575269969152228	CPU_4	0	0	0	100.00	0	0	0	0	0	0
1428575270702593194	CPU_4	0	0	0	100.00	0	0	0	0	0	0
1428575271428861505	CPU_4	0	0	0	100.00	0	0	0	0	0	0
1428575272163540845	CPU_4	0	0	0	100.00	0	0	0	0	0	0
1428575272893908524	CPU_4	0	0	0	100.00	0	0	0	0	0	0
1428575273624691411	CPU_4	0	0	0	100.00	0	0	0	0	0	0
1428575274355466631	CPU_4	0	0	0	100.00	0	0	0	0	0	0
1428575275080047153	CPU_4	0	0	0	100.00	0	0	0	0	0	0
1428575275817992362	CPU_4	0	0	0	100.00	0	0	0	0	0	0
1428575276540485970	CPU_4	0	0	0	100.00	0	0	0	0	0	0
1428575277277207556	CPU_4	0	0	0	100.00	0	0	0	0	0	0
1428575278002210785	CPU_4	0	0	0	100.00	0	0	0	0	0	0
1428575278729369302	CPU_4	0	0	0	100.00	0	0	0	0	0	0
1428575279465447098	CPU_4	0	0	0	100.00	0	0	0	0	0	0
1428575280187838081	CPU_4	0	0	0	100.00	0	0	0	0	0	0
1428575280923495168	CPU_4	0	0	0	100.00	0	0	0	0	0	0
1428575281654150014	CPU_4	0	0	0	100.00	0	0	0	0	0	0
1428575282391551140	CPU_4	0	0	0	100.00	0	0	0	0	0	0
1428575283115223163	CPU_4	0	0	0	100.00	0	0	0	0	0	0
1428575283840574100	CPU_4	0	0	0	100.00	0	0	0	0	0	0
1428575284575887480	CPU_4	0	0	0	100.00	0	0	0	0	0	0
1428575285300171959	CPU_4	0	0	0	100.00	0	0	0	0	0	0
1428575286034464591	CPU_4	0	0	0	100.00	0	0	0	0	0	0
1428575286765817852	CPU_4	0	0	0	100.00	0	0	0	0	0	0
1428575287491222413	CPU_4	0	0	0	100.00	0	0	0	0	0	0
1428575288225384420	CPU_4	0	0	0	100.00	0	0	0	0	0	0
1428575288953810768	CPU_4	0	0	0	100.00	0	0	0	0	0	0
1428575289690475187	CPU_4	0	0	0	100.00	0	0	0	0	0	0
1428575290417052955	CPU_4	0	0	0	100.00	0	0	0	0	0	0
1428575291151872961	CPU_4	0	0	0	100.00	0	0	0	0	0	0
1428575291878174979	CPU_4	0	0	0	100.00	0	0	0	0	0	0
1428575292600326212	CPU_4	0	0	0	100.00	0	0	0	0	0	0
1428575293337918588	CPU_4	0	0	0	100.00	0	0	0	0	0	0
1428575294062636151	CPU_4	0	0	0	100.00	0	0	0	0	0	0
1428575294801054817	CPU_4	0	0	0	100.00	0	0	0	0	0	0
1428575295522397509	CPU_4	0	0	0	100.00	0	0	0	0	0	0
1428575296258479805	CPU_4	0	0	0	100.00	0	0	0	0	0	0
1428575296989059691	CPU_4	0	0	0	100.00	0	0	0	0	0	0
1428575297713355962	CPU_4	0	0	0	100.00	0	0	0	0	0	0
1428575298449512632	CPU_4	0	0	0	100.00	0	0	0	0	0	0
1428575299177336898	CPU_4	0	0	0	100.00	0	0	0	0	0	0
1428575299913021694	CPU_4	0	0	0	100.00	0	0	0	0	0	0
1428575300637839256	CPU_4	0	0	0	100.00	0	0	0	0	0	0
1428575301365451772	CPU_4	0	0	0	100.00	0	0	0	0	0	0
1428575302099619653	CPU_4	0	0	0	100.00	0	0	0	0	0	0
1428575302826089962	CPU_4	0	0	0	100.00	0	0	0	0	0	0
1428575303564461504	CPU_4	0	0	0	100.00	0	0	0	0	0	0
1428575304295855764	CPU_4	0	0	0	100.00	0	0	0	0	0	0
1428575305097064834	CPU_4	1.26	0	0	98.73	0	0	0	0	0	0
1428575305821257397	CPU_4	0	0	0	100.00	0	0	0	0	0	0
1428575306547567207	CPU_4	0	0	0	100.00	0	0	0	0	0	0
1428575307282368337	CPU_4	0	0	0	100.00	0	0	0	0	0	0
1428575308009499437	CPU_4	0	0	0	100.00	0	0	0	0	0	0
1428575308746300147	CPU_4	0	0	0	100.00	0	0	0	0	0	0
1428575309470804251	CPU_4	0	0	0	100.00	0	0	0	0	0	0
1428575310204634341	CPU_4	0	0	0	100.00	0	0	0	0	0	0
1428575310934055021	CPU_4	0	0	0	100.00	0	0	0	0	0	0
1428575311661327579	CPU_4	0	0	0	100.00	0	0	0	0	0	0
1428575312395937959	CPU_4	0	0	0	100.00	0	0	0	0	0	0
1428575313121091103	CPU_4	0	0	0	100.00	0	0	0	0	0	0
1428575313859604478	CPU_4	0	0	0	100.00	0	0	0	0	0	0
1428575314584753456	CPU_4	0	0	0	100.00	0	0	0	0	0	0
1428575315327446115	CPU_4	0	0	0	100.00	0	0	0	0	0	0
1428575316051572636	CPU_4	0	0	0	100.00	0	0	0	0	0	0
1428575316777610362	CPU_4	0	0	0	100.00	0	0	0	0	0	0
1428575317514384989	CPU_4	0	0	0	100.00	0	0	0	0	0	0
1428575318239431050	CPU_4	0	0	0	100.00	0	0	0	0	0	0
1428575318978056674	CPU_4	0	0	0	100.00	0	0	0	0	0	0
1428575319707241854	CPU_4	0	0	0	100.00	0	0	0	0	0	0
1428575320432892290	CPU_4	0	0	0	100.00	0	0	0	0	0	0
1428575321167545711	CPU_4	0	0	0	100.00	0	0	0	0	0	0
1428575321895159310	CPU_4	0	0	0	100.00	0	0	0	0	0	0
1428575322635123098	CPU_4	0	0	0	100.00	0	0	0	0	0	0
1428575323361414241	CPU_4	0	0	0	100.00	0	0	0	0	0	0
1428575324097917951	CPU_4	0	0	0	100.00	0	0	0	0	0	0
1428575324822633971	CPU_4	0	0	0	100.00	0	0	0	0	0	0
1428575325549730362	CPU_4	0	0	0	100.00	0	0	0	0	0	0
1428575326286557114	CPU_4	0	0	0	100.00	0	0	0	0	0	0
1428575327014012338	CPU_4	0	0	0	100.00	0	0	0	0	0	0
1428575327754867708	CPU_4	0	0	0	100.00	0	0	0	0	0	0
1428575328480726185	CPU_4	0	0	0	100.00	0	0	0	0	0	0
1428575329225491799	CPU_4	0	0	0	100.00	0	0	0	0	0	0
1428575329952408732	CPU_4	0	0	0	100.00	0	0	0	0	0	0
1428575330680678788	CPU_4	0	0	0	100.00	0	0	0	0	0	0
1428575331416685915	CPU_4	0	0	0	100.00	0	0	0	0	0	0
1428575332143220516	CPU_4	0	0	0	100.00	0	0	0	0	0	0
1428575332880480266	CPU_4	0	0	0	100.00	0	0	0	0	0	0
1428575333607782365	CPU_4	0	0	0	100.00	0	0	0	0	0	0
1428575334337783044	CPU_4	0	0	0	100.00	0	0	0	0	0	0
1428575335073411005	CPU_4	0	0	0	100.00	0	0	0	0	0	0
1428575335802203019	CPU_4	0	0	0	100.00	0	0	0	0	0	0
1428575336539351728	CPU_4	0	0	0	100.00	0	0	0	0	0	0
1428575337266844076	CPU_4	0	0	0	100.00	0	0	0	0	0	0
1428575338002045038	CPU_4	0	0	0	100.00	0	0	0	0	0	0
1428575338727791848	CPU_4	0	0	0	100.00	0	0	0	0	0	0
1428575339455827446	CPU_4	0	0	0	100.00	0	0	0	0	0	0
1428575340192898488	CPU_4	0	0	0	100.00	0	0	0	0	0	0
1428575340922556458	CPU_4	0	0	0	100.00	0	0	0	0	0	0
1428575341664272410	CPU_4	0	0	0	100.00	0	0	0	0	0	0
1428575342394372713	CPU_4	0	0	0	100.00	0	0	0	0	0	0
1428575343131512422	CPU_4	0	0	0	100.00	0	0	0	0	0	0
1428575343861709933	CPU_4	0	0	0	100.00	0	0	0	0	0	0
1428575344586029245	CPU_4	0	0	0	100.00	0	0	0	0	0	0
1428575345323942911	CPU_4	0	0	0	100.00	0	0	0	0	0	0
1428575346054785587	CPU_4	0	0	0	100.00	0	0	0	0	0	0
1428575346791288714	CPU_4	0	0	0	100.00	0	0	0	0	0	0
1428575347517050898	CPU_4	0	0	0	100.00	0	0	0	0	0	0
1428575348256763686	CPU_4	0	0	0	100.00	0	0	0	0	0	0
1428575348987581905	CPU_4	0	0	0	100.00	0	0	0	0	0	0
1428575349716897500	CPU_4	0	0	0	100.00	0	0	0	0	0	0
1428575350454248667	CPU_4	0	0	0	100.00	0	0	0	0	0	0
1428575351179277811	CPU_4	0	0	0	100.00	0	0	0	0	0	0
1428575351918551183	CPU_4	0	0	0	100.00	0	0	0	0	0	0
1428575352645452574	CPU_4	0	0	0	100.00	0	0	0	0	0	0
1428575353372563256	CPU_4	0	0	0	100.00	0	0	0	0	0	0
1428575354109213965	CPU_4	0	0	0	100.00	0	0	0	0	0	0
1428575354836020606	CPU_4	0	0	0	100.00	0	0	0	0	0	0
1428575355574811896	CPU_4	0	0	0	100.00	0	0	0	0	0	0
1428575356300650663	CPU_4	0	0	0	100.00	0	0	0	0	0	0
1428575357041639157	CPU_4	0	0	0	100.00	0	0	0	0	0	0
1428575357767055134	CPU_4	0	0	0	100.00	0	0	0	0	0	0
1428575358496008438	CPU_4	0	0	0	100.00	0	0	0	0	0	0
1428575359233413646	CPU_4	0	0	0	100.00	0	0	0	0	0	0
1428575359961400285	CPU_4	0	0	0	100.00	0	0	0	0	0	0
1428575360696769579	CPU_4	0	0	0	100.00	0	0	0	0	0	0
1428575361424266594	CPU_4	0	0	0	100.00	0	0	0	0	0	0
1428575362163349841	CPU_4	0	0	0	100.00	0	0	0	0	0	0
1428575362889989566	CPU_4	0	0	0	100.00	0	0	0	0	0	0
1428575363617114623	CPU_4	0	0	0	100.00	0	0	0	0	0	0
1428575364353348999	CPU_4	0	0	0	100.00	0	0	0	0	0	0
1428575365081756262	CPU_4	0	0	0	100.00	0	0	0	0	0	0
1428575365829924495	CPU_4	0	0	0	100.00	0	0	0	0	0	0
1428575366557916384	CPU_4	0	0	0	100.00	0	0	0	0	0	0
1428575367295493175	CPU_4	0	0	0	100.00	0	0	0	0	0	0
1428575368026179893	CPU_4	0	0	0	100.00	0	0	0	0	0	0
1428575368754015699	CPU_4	0	0	0	100.00	0	0	0	0	0	0
1428575369494288444	CPU_4	0	0	0	100.00	0	0	0	0	0	0
1428575370221991375	CPU_4	0	0	0	100.00	0	0	0	0	0	0
1428575370959719165	CPU_4	0	0	0	100.00	0	0	0	0	0	0
1428575371687357680	CPU_4	0	0	0	100.00	0	0	0	0	0	0
1428575372416357692	CPU_4	1.36	0	0	98.63	0	0	0	0	0	0
