#Timestamp	CPU_ID	user%	nice%	sys%	idle%	iowait%	irq%	softiq%	steal%	guest%	guest_nice%
1428543469428437223	CPU_0	85.45	0	12.72	0	0	1.81	0	0	0	0
1428543470043496032	CPU_0	96.77	0	0	0	0	1.61	1.61	0	0	0
1428543470660050799	CPU_0	98.38	0	0	0	0	1.61	0	0	0	0
1428543471274888776	CPU_0	96.77	0	1.61	0	0	1.61	0	0	0	0
1428543471897838912	CPU_0	96.77	0	0	0	0	1.61	1.61	0	0	0
1428543472514700887	CPU_0	98.38	0	0	0	0	1.61	0	0	0	0
1428543473131524570	CPU_0	96.77	0	1.61	0	0	1.61	0	0	0	0
1428543473747537712	CPU_0	96.77	0	0	0	0	1.61	1.61	0	0	0
1428543474364623811	CPU_0	98.36	0	0	0	0	1.63	0	0	0	0
1428543474988297113	CPU_0	98.38	0	0	0	0	1.61	0	0	0	0
1428543475605459879	CPU_0	96.77	0	1.61	0	0	0	1.61	0	0	0
1428543476222837895	CPU_0	98.36	0	0	0	0	1.63	0	0	0	0
1428543476837954830	CPU_0	96.72	0	1.63	0	0	1.63	0	0	0	0
1428543477459648842	CPU_0	95.23	0	1.58	0	0	1.58	1.58	0	0	0
1428543478077988065	CPU_0	96.77	0	1.61	0	0	1.61	0	0	0	0
1428543478694687998	CPU_0	98.36	0	0	0	0	1.63	0	0	0	0
1428543479310756015	CPU_0	96.77	0	0	0	0	1.61	1.61	0	0	0
1428543479927191448	CPU_0	96.77	0	1.61	0	0	1.61	0	0	0	0
1428543480550574417	CPU_0	98.38	0	0	0	0	1.61	0	0	0	0
1428543481168158391	CPU_0	95.16	0	1.61	0	0	1.61	1.61	0	0	0
1428543481784820865	CPU_0	98.38	0	0	0	0	1.61	0	0	0	0
1428543482401572756	CPU_0	96.77	0	0	0	0	1.61	1.61	0	0	0
1428543483019249563	CPU_0	98.38	0	0	0	0	1.61	0	0	0	0
1428543483642760074	CPU_0	98.36	0	1.63	0	0	0	0	0	0	0
1428543484259788756	CPU_0	95.16	0	1.61	0	0	1.61	1.61	0	0	0
1428543484877493688	CPU_0	96.77	0	1.61	0	0	1.61	0	0	0	0
1428543485495473411	CPU_0	98.38	0	0	0	0	1.61	0	0	0	0
1428543486119600629	CPU_0	96.77	0	0	0	0	1.61	1.61	0	0	0
1428543486736846186	CPU_0	96.82	0	1.58	0	0	1.58	0	0	0	0
1428543487354889243	CPU_0	98.36	0	0	0	0	1.63	0	0	0	0
1428543487973079174	CPU_0	95.08	0	1.63	0	0	1.63	1.63	0	0	0
1428543488591840730	CPU_0	98.38	0	0	0	0	1.61	0	0	0	0
1428543489216171698	CPU_0	95.23	0	1.58	0	0	1.58	1.58	0	0	0
1428543489834095963	CPU_0	96.77	0	1.61	0	0	1.61	0	0	0	0
1428543490452347727	CPU_0	96.77	0	1.61	0	0	1.61	0	0	0	0
1428543491071051158	CPU_0	96.77	0	0	0	0	1.61	1.61	0	0	0
1428543491695556334	CPU_0	98.38	0	0	0	0	1.61	0	0	0	0
1428543492314052515	CPU_0	96.77	0	1.61	0	0	1.61	0	0	0	0
1428543492931604197	CPU_0	96.77	0	0	0	0	1.61	1.61	0	0	0
1428543493550688127	CPU_0	98.38	0	0	0	0	1.61	0	0	0	0
1428543494168860350	CPU_0	98.36	0	1.63	0	0	0	0	0	0	0
1428543494794014817	CPU_0	96.82	0	0	0	0	1.58	1.58	0	0	0
1428543495412178123	CPU_0	96.77	0	1.61	0	0	1.61	0	0	0	0
1428543496031742053	CPU_0	98.36	0	0	0	0	1.63	0	0	0	0
1428543496650319567	CPU_0	96.77	0	0	0	0	1.61	1.61	0	0	0
1428543497276462158	CPU_0	98.38	0	0	0	0	1.61	0	0	0	0
1428543497895481379	CPU_0	96.82	0	1.58	0	0	1.58	0	0	0	0
1428543498515679975	CPU_0	95.16	0	1.61	0	0	1.61	1.61	0	0	0
1428543499134415406	CPU_0	96.77	0	1.61	0	0	1.61	0	0	0	0
1428543499753323670	CPU_0	96.72	0	1.63	0	0	1.63	0	0	0	0
1428543500377598970	CPU_0	96.87	0	0	0	0	1.56	1.56	0	0	0
1428543500997842899	CPU_0	98.36	0	0	0	0	1.63	0	0	0	0
1428543501617162829	CPU_0	96.77	0	0	0	0	1.61	1.61	0	0	0
1428543502236428384	CPU_0	96.77	0	1.61	0	0	1.61	0	0	0	0
1428543502861432434	CPU_0	96.82	0	1.58	0	0	1.58	0	0	0	0
1428543503511651671	CPU_0	95.38	0	0	0	0	3.07	1.53	0	0	0
1428543504130493809	CPU_0	95.16	0	1.61	0	0	3.22	0	0	0	0
1428543504749783073	CPU_0	91.93	0	3.22	0	0	3.22	1.61	0	0	0
1428543505378877411	CPU_0	95.16	0	3.22	0	0	1.61	0	0	0	0
1428543505998062465	CPU_0	98.38	0	0	0	0	1.61	0	0	0	0
1428543506618013978	CPU_0	95.23	0	1.58	0	0	1.58	1.58	0	0	0
1428543507237600657	CPU_0	98.36	0	0	0	0	1.63	0	0	0	0
1428543507856614046	CPU_0	100.00	0	0	0	0	0	0	0	0	0
1428543508482602970	CPU_0	96.77	0	0	0	0	1.61	1.61	0	0	0
1428543509102505732	CPU_0	98.38	0	0	0	0	1.61	0	0	0	0
1428543509722362286	CPU_0	96.77	0	1.61	0	0	1.61	0	0	0	0
1428543510341953341	CPU_0	95.23	0	1.58	0	0	1.58	1.58	0	0	0
1428543510967448556	CPU_0	98.38	0	0	0	0	1.61	0	0	0	0
1428543511588097152	CPU_0	98.36	0	0	0	0	1.63	0	0	0	0
1428543512207347914	CPU_0	95.31	0	1.56	0	0	1.56	1.56	0	0	0
1428543512827241677	CPU_0	98.36	0	0	0	0	1.63	0	0	0	0
1428543513447905563	CPU_0	95.23	0	1.58	0	0	1.58	1.58	0	0	0
1428543514075098236	CPU_0	98.41	0	0	0	0	1.58	0	0	0	0
1428543514694772123	CPU_0	98.36	0	0	0	0	1.63	0	0	0	0
1428543515314619636	CPU_0	96.82	0	0	0	0	1.58	1.58	0	0	0
1428543515933988273	CPU_0	100.00	0	0	0	0	0	0	0	0	0
1428543516561057988	CPU_0	98.38	0	0	0	0	1.61	0	0	0	0
1428543517180654750	CPU_0	95.23	0	1.58	0	0	1.58	1.58	0	0	0
1428543517800480887	CPU_0	98.38	0	0	0	0	1.61	0	0	0	0
1428543518419926483	CPU_0	96.72	0	1.63	0	0	1.63	0	0	0	0
1428543519040254953	CPU_0	96.82	0	0	0	0	1.58	1.58	0	0	0
1428543519666267960	CPU_0	98.38	0	0	0	0	1.61	0	0	0	0
1428543520286079889	CPU_0	96.77	0	1.61	0	0	1.61	0	0	0	0
1428543520905627401	CPU_0	96.77	0	0	0	0	1.61	1.61	0	0	0
1428543521525845621	CPU_0	98.38	0	0	0	0	1.61	0	0	0	0
1428543522151829878	CPU_0	98.41	0	0	0	0	1.58	0	0	0	0
1428543522771626307	CPU_0	96.72	0	0	0	0	1.63	1.63	0	0	0
1428543523391066736	CPU_0	96.77	0	1.61	0	0	1.61	0	0	0	0
1428543524011163997	CPU_0	96.82	0	0	0	0	1.58	1.58	0	0	0
1428543524631252384	CPU_0	98.38	0	0	0	0	1.61	0	0	0	0
1428543525257207724	CPU_0	98.38	0	0	0	0	1.61	0	0	0	0
1428543525876837320	CPU_0	95.23	0	1.58	0	0	1.58	1.58	0	0	0
1428543526496754915	CPU_0	95.16	0	3.22	0	0	1.61	0	0	0	0
1428543527116945343	CPU_0	98.36	0	0	0	0	1.63	0	0	0	0
1428543527743230641	CPU_0	95.23	0	1.58	0	0	1.58	1.58	0	0	0
1428543528362620403	CPU_0	96.77	0	1.61	0	0	1.61	0	0	0	0
1428543528983100623	CPU_0	96.77	0	1.61	0	0	1.61	0	0	0	0
1428543529604035008	CPU_0	95.23	0	1.58	0	0	1.58	1.58	0	0	0
1428543530225516477	CPU_0	100.00	0	0	0	0	0	0	0	0	0
1428543530850217235	CPU_0	98.38	0	0	0	0	1.61	0	0	0	0
1428543531470107079	CPU_0	96.77	0	0	0	0	1.61	1.61	0	0	0
1428543532090632466	CPU_0	96.77	0	1.61	0	0	1.61	0	0	0	0
1428543532710550185	CPU_0	98.38	0	0	0	0	1.61	0	0	0	0
1428543533336577650	CPU_0	95.23	0	1.58	0	0	1.58	1.58	0	0	0
1428543533956082745	CPU_0	98.38	0	0	0	0	1.61	0	0	0	0
1428543534576837839	CPU_0	98.36	0	0	0	0	1.63	0	0	0	0
1428543535196572434	CPU_0	95.23	0	1.58	0	0	1.58	1.58	0	0	0
1428543535826430604	CPU_0	96.77	0	1.61	0	0	1.61	0	0	0	0
1428543536446742282	CPU_0	95.23	0	1.58	0	0	1.58	1.58	0	0	0
1428543537067223334	CPU_0	98.38	0	0	0	0	1.61	0	0	0	0
1428543537687139554	CPU_0	96.77	0	1.61	0	0	1.61	0	0	0	0
1428543538307210857	CPU_0	96.77	0	0	0	0	1.61	1.61	0	0	0
1428543538933713738	CPU_0	96.82	0	1.58	0	0	1.58	0	0	0	0
1428543539554813623	CPU_0	98.38	0	0	0	0	1.61	0	0	0	0
1428543540174949051	CPU_0	96.77	0	0	0	0	1.61	1.61	0	0	0
1428543540794924604	CPU_0	96.77	0	1.61	0	0	1.61	0	0	0	0
1428543541421761942	CPU_0	96.77	0	1.61	0	0	1.61	0	0	0	0
1428543542041726620	CPU_0	96.77	0	1.61	0	0	0	1.61	0	0	0
1428543542662376881	CPU_0	96.77	0	1.61	0	0	1.61	0	0	0	0
1428543543282235559	CPU_0	96.77	0	1.61	0	0	1.61	0	0	0	0
1428543543902296278	CPU_0	96.82	0	0	0	0	1.58	1.58	0	0	0
1428543544529400991	CPU_0	98.38	0	0	0	0	1.61	0	0	0	0
1428543545150733876	CPU_0	96.77	0	1.61	0	0	1.61	0	0	0	0
1428543545771374720	CPU_0	96.82	0	0	0	0	1.58	1.58	0	0	0
1428543546392383063	CPU_0	93.44	0	4.91	0	0	1.63	0	0	0	0
1428543547018514902	CPU_0	93.65	0	3.17	0	0	1.58	1.58	0	0	0
1428543547639149829	CPU_0	98.38	0	0	0	0	1.61	0	0	0	0
1428543548259043674	CPU_0	95.16	0	3.22	0	0	1.61	0	0	0	0
1428543548879200476	CPU_0	96.77	0	0	0	0	1.61	1.61	0	0	0
1428543549499223820	CPU_0	98.38	0	0	0	0	1.61	0	0	0	0
1428543550125751826	CPU_0	96.82	0	1.58	0	0	1.58	0	0	0	0
1428543550745493920	CPU_0	96.82	0	0	0	0	1.58	1.58	0	0	0
1428543551365340139	CPU_0	98.36	0	0	0	0	1.63	0	0	0	0
1428543551985322692	CPU_0	95.16	0	3.22	0	0	1.61	0	0	0	0
1428543552612072030	CPU_0	95.23	0	1.58	0	0	1.58	1.58	0	0	0
1428543553231940249	CPU_0	98.36	0	0	0	0	1.63	0	0	0	0
1428543553851741052	CPU_0	96.82	0	1.58	0	0	1.58	0	0	0	0
1428543554471991854	CPU_0	96.77	0	1.61	0	0	0	1.61	0	0	0
1428543555098715484	CPU_0	98.36	0	0	0	0	1.63	0	0	0	0
1428543555721468326	CPU_0	96.82	0	1.58	0	0	1.58	0	0	0	0
1428543556341321878	CPU_0	96.82	0	0	0	0	1.58	1.58	0	0	0
1428543556961572305	CPU_0	98.36	0	0	0	0	1.63	0	0	0	0
1428543557582697648	CPU_0	96.82	0	0	0	0	1.58	1.58	0	0	0
1428543558209232820	CPU_0	98.41	0	0	0	0	1.58	0	0	0	0
1428543558829083914	CPU_0	96.77	0	1.61	0	0	1.61	0	0	0	0
1428543559448556800	CPU_0	96.72	0	0	0	0	1.63	1.63	0	0	0
1428543560068761935	CPU_0	96.82	0	1.58	0	0	1.58	0	0	0	0
1428543560695414315	CPU_0	96.77	0	1.61	0	0	1.61	0	0	0	0
1428543561316566116	CPU_0	98.38	0	0	0	0	0	1.61	0	0	0
1428543561936807709	CPU_0	98.38	0	0	0	0	1.61	0	0	0	0
1428543562557547844	CPU_0	98.38	0	0	0	0	1.61	0	0	0	0
1428543563177722896	CPU_0	96.77	0	0	0	0	1.61	1.61	0	0	0
1428543563805374525	CPU_0	96.82	0	1.58	0	0	1.58	0	0	0	0
1428543564424847494	CPU_0	98.38	0	0	0	0	1.61	0	0	0	0
1428543565045046504	CPU_0	96.77	0	0	0	0	1.61	1.61	0	0	0
1428543565665384014	CPU_0	96.77	0	1.61	0	0	1.61	0	0	0	0
1428543566292417977	CPU_0	96.82	0	1.58	0	0	1.58	0	0	0	0
1428543566912377487	CPU_0	95.16	0	1.61	0	0	1.61	1.61	0	0	0
1428543567532863372	CPU_0	98.36	0	0	0	0	1.63	0	0	0	0
1428543568153194340	CPU_0	93.65	0	3.17	0	0	1.58	1.58	0	0	0
1428543568773865474	CPU_0	98.41	0	0	0	0	1.58	0	0	0	0
1428543569399714480	CPU_0	98.36	0	0	0	0	1.63	0	0	0	0
1428543570020200698	CPU_0	96.82	0	0	0	0	1.58	1.58	0	0	0
1428543570641253998	CPU_0	100.00	0	0	0	0	0	0	0	0	0
1428543571261710008	CPU_0	98.38	0	0	0	0	1.61	0	0	0	0
1428543571888714054	CPU_0	96.82	0	0	0	0	1.58	1.58	0	0	0
1428543572509206855	CPU_0	96.77	0	1.61	0	0	1.61	0	0	0	0
1428543573130164156	CPU_0	96.77	0	1.61	0	0	1.61	0	0	0	0
1428543573750452874	CPU_0	95.23	0	1.58	0	0	1.58	1.58	0	0	0
1428543574371536050	CPU_0	98.36	0	0	0	0	1.63	0	0	0	0
1428543574996727764	CPU_0	98.41	0	0	0	0	1.58	0	0	0	0
1428543575617806064	CPU_0	96.77	0	0	0	0	1.61	1.61	0	0	0
1428543576238730990	CPU_0	96.82	0	1.58	0	0	1.58	0	0	0	0
1428543576859234791	CPU_0	98.36	0	0	0	0	1.63	0	0	0	0
1428543577486951461	CPU_0	96.82	0	0	0	0	1.58	1.58	0	0	0
1428543578108684094	CPU_0	96.77	0	1.61	0	0	1.61	0	0	0	0
1428543578729394895	CPU_0	93.65	0	3.17	0	0	1.58	1.58	0	0	0
1428543579350074988	CPU_0	98.38	0	0	0	0	1.61	0	0	0	0
1428543579976943950	CPU_0	96.77	0	1.61	0	0	1.61	0	0	0	0
1428543580597372126	CPU_0	98.38	0	0	0	0	0	1.61	0	0	0
1428543581219006259	CPU_0	96.82	0	1.58	0	0	1.58	0	0	0	0
1428543581839792560	CPU_0	98.36	0	0	0	0	1.63	0	0	0	0
1428543582460736402	CPU_0	96.77	0	0	0	0	1.61	1.61	0	0	0
1428543583087710698	CPU_0	96.82	0	1.58	0	0	1.58	0	0	0	0
1428543583709879747	CPU_0	98.38	0	0	0	0	1.61	0	0	0	0
1428543584330597673	CPU_0	95.23	0	1.58	0	0	1.58	1.58	0	0	0
1428543584951850348	CPU_0	98.38	0	0	0	0	1.61	0	0	0	0
1428543585578951476	CPU_0	98.38	0	0	0	0	1.61	0	0	0	0
1428543586201178067	CPU_0	95.23	0	1.58	0	0	1.58	1.58	0	0	0
1428543586821680410	CPU_0	98.36	0	0	0	0	1.63	0	0	0	0
1428543587443105501	CPU_0	100.00	0	0	0	0	0	0	0	0	0
1428543588063496177	CPU_0	96.77	0	0	0	0	1.61	1.61	0	0	0
1428543588691700971	CPU_0	95.23	0	3.17	0	0	1.58	0	0	0	0
1428543589312307147	CPU_0	93.65	0	3.17	0	0	1.58	1.58	0	0	0
1428543589933913196	CPU_0	98.38	0	0	0	0	1.61	0	0	0	0
1428543590554949413	CPU_0	96.77	0	1.61	0	0	1.61	0	0	0	0
1428543591183600957	CPU_0	96.77	0	0	0	0	1.61	1.61	0	0	0
1428543591804560882	CPU_0	96.82	0	1.58	0	0	1.58	0	0	0	0
1428543592426223098	CPU_0	98.38	0	0	0	0	1.61	0	0	0	0
1428543593047534398	CPU_0	96.77	0	0	0	0	1.61	1.61	0	0	0
1428543593677937232	CPU_0	96.82	0	1.58	0	0	1.58	0	0	0	0
1428543594298670782	CPU_0	98.38	0	0	0	0	1.61	0	0	0	0
1428543594920140332	CPU_0	96.82	0	0	0	0	1.58	1.58	0	0	0
1428543595540896965	CPU_0	96.77	0	1.61	0	0	1.61	0	0	0	0
1428543596162995931	CPU_0	100.00	0	0	0	0	0	0	0	0	0
1428543596790028309	CPU_0	96.82	0	0	0	0	1.58	1.58	0	0	0
1428543597411142484	CPU_0	96.77	0	1.61	0	0	1.61	0	0	0	0
1428543598031893826	CPU_0	98.38	0	0	0	0	1.61	0	0	0	0
1428543598654117958	CPU_0	95.23	0	1.58	0	0	1.58	1.58	0	0	0
1428543599281493002	CPU_0	98.38	0	0	0	0	1.61	0	0	0	0
1428543599902670552	CPU_0	96.82	0	0	0	0	1.58	1.58	0	0	0
1428543600523772602	CPU_0	96.82	0	1.58	0	0	1.58	0	0	0	0
1428543601145971359	CPU_0	98.36	0	0	0	0	1.63	0	0	0	0
1428543601766761409	CPU_0	95.16	0	1.61	0	0	1.61	1.61	0	0	0
1428543602394456453	CPU_0	96.82	0	1.58	0	0	1.58	0	0	0	0
1428543603015313419	CPU_0	98.38	0	0	0	0	1.61	0	0	0	0
1428543603637104802	CPU_0	95.16	0	1.61	0	0	1.61	1.61	0	0	0
1428543604257884101	CPU_0	96.77	0	1.61	0	0	1.61	0	0	0	0
1428543604885993728	CPU_0	100.00	0	0	0	0	0	0	0	0	0
1428543605506598570	CPU_0	96.82	0	0	0	0	1.58	1.58	0	0	0
1428543606128509452	CPU_0	98.36	0	0	0	0	1.63	0	0	0	0
1428543606750269043	CPU_0	98.41	0	0	0	0	1.58	0	0	0	0
1428543607380054585	CPU_0	95.31	0	1.56	0	0	1.56	1.56	0	0	0
1428543608001438426	CPU_0	98.38	0	0	0	0	1.61	0	0	0	0
1428543608624246432	CPU_0	98.36	0	0	0	0	1.63	0	0	0	0
1428543609246239939	CPU_0	95.23	0	1.58	0	0	1.58	1.58	0	0	0
1428543609867921071	CPU_0	98.38	0	0	0	0	1.61	0	0	0	0
1428543610495901323	CPU_0	93.65	0	3.17	0	0	1.58	1.58	0	0	0
1428543611117259122	CPU_0	96.82	0	1.58	0	0	1.58	0	0	0	0
1428543611739001004	CPU_0	98.38	0	0	0	0	1.61	0	0	0	0
1428543612360753095	CPU_0	96.77	0	0	0	0	1.61	1.61	0	0	0
1428543612988688513	CPU_0	96.77	0	1.61	0	0	1.61	0	0	0	0
1428543613610135562	CPU_0	98.38	0	0	0	0	1.61	0	0	0	0
1428543614232341277	CPU_0	96.82	0	1.58	0	0	0	1.58	0	0	0
1428543614853753784	CPU_0	98.38	0	0	0	0	1.61	0	0	0	0
1428543615475189583	CPU_0	96.77	0	1.61	0	0	1.61	0	0	0	0
1428543616102986877	CPU_0	96.77	0	0	0	0	1.61	1.61	0	0	0
1428543616725285508	CPU_0	98.38	0	0	0	0	1.61	0	0	0	0
1428543617346821848	CPU_0	96.82	0	1.58	0	0	1.58	0	0	0	0
1428543617968115647	CPU_0	96.82	0	0	0	0	1.58	1.58	0	0	0
1428543618596262024	CPU_0	98.38	0	0	0	0	1.61	0	0	0	0
1428543619219197446	CPU_0	96.82	0	1.58	0	0	1.58	0	0	0	0
1428543619840735120	CPU_0	96.77	0	0	0	0	1.61	1.61	0	0	0
1428543620462247669	CPU_0	98.36	0	0	0	0	1.63	0	0	0	0
1428543621089930587	CPU_0	98.41	0	0	0	0	1.58	0	0	0	0
1428543621712867051	CPU_0	96.77	0	1.61	0	0	0	1.61	0	0	0
1428543622334198475	CPU_0	96.77	0	1.61	0	0	1.61	0	0	0	0
1428543622956355356	CPU_0	95.23	0	1.58	0	0	1.58	1.58	0	0	0
1428543623577901363	CPU_0	93.54	0	3.22	0	0	3.22	0	0	0	0
1428543624207338405	CPU_0	95.23	0	1.58	0	0	3.17	0	0	0	0
1428543624830035910	CPU_0	93.65	0	1.58	0	0	3.17	1.58	0	0	0
1428543625452772958	CPU_0	98.36	0	0	0	0	1.63	0	0	0	0
1428543626075154631	CPU_0	95.23	0	1.58	0	0	1.58	1.58	0	0	0
1428543626704908339	CPU_0	95.31	0	3.12	0	0	1.56	0	0	0	0
1428543627327313886	CPU_0	98.36	0	0	0	0	1.63	0	0	0	0
1428543627950246350	CPU_0	96.82	0	0	0	0	1.58	1.58	0	0	0
1428543628572639106	CPU_0	96.72	0	1.63	0	0	1.63	0	0	0	0
1428543629201589398	CPU_0	96.82	0	1.58	0	0	1.58	0	0	0	0
1428543629824215029	CPU_0	95.31	0	1.56	0	0	1.56	1.56	0	0	0
1428543630446591076	CPU_0	98.36	0	0	0	0	1.63	0	0	0	0
1428543631069392748	CPU_0	98.38	0	0	0	0	1.61	0	0	0	0
1428543631692013004	CPU_0	96.77	0	1.61	0	0	0	1.61	0	0	0
1428543632320699296	CPU_0	96.82	0	1.58	0	0	1.58	0	0	0	0
1428543632942184261	CPU_0	98.38	0	0	0	0	1.61	0	0	0	0
1428543633564625517	CPU_0	95.23	0	1.58	0	0	1.58	1.58	0	0	0
1428543634186961689	CPU_0	98.36	0	0	0	0	1.63	0	0	0	0
1428543634815716689	CPU_0	95.31	0	1.56	0	0	1.56	1.56	0	0	0
1428543635437736362	CPU_0	98.38	0	0	0	0	1.61	0	0	0	0
1428543636059479660	CPU_0	98.38	0	0	0	0	1.61	0	0	0	0
1428543636681509874	CPU_0	95.23	0	1.58	0	0	1.58	1.58	0	0	0
1428543637308799376	CPU_0	98.38	0	0	0	0	1.61	0	0	0	0
1428543637933468963	CPU_0	98.38	0	0	0	0	1.61	0	0	0	0
1428543638555449219	CPU_0	95.23	0	1.58	0	0	1.58	1.58	0	0	0
1428543639177406266	CPU_0	98.38	0	0	0	0	1.61	0	0	0	0
1428543639799712563	CPU_0	95.23	0	3.17	0	0	1.58	0	0	0	0
1428543640428781480	CPU_0	96.82	0	0	0	0	1.58	1.58	0	0	0
1428543641051278152	CPU_0	98.36	0	1.63	0	0	0	0	0	0	0
1428543641673570866	CPU_0	98.38	0	0	0	0	1.61	0	0	0	0
1428543642295870621	CPU_0	96.82	0	0	0	0	1.58	1.58	0	0	0
1428543642924124913	CPU_0	96.82	0	1.58	0	0	1.58	0	0	0	0
1428543643546294211	CPU_0	96.77	0	0	0	0	1.61	1.61	0	0	0
1428543644167725467	CPU_0	98.38	0	0	0	0	1.61	0	0	0	0
1428543644790265472	CPU_0	96.77	0	1.61	0	0	1.61	0	0	0	0
1428543645412030145	CPU_0	95.23	0	1.58	0	0	1.58	1.58	0	0	0
1428543646040386770	CPU_0	98.41	0	0	0	0	1.58	0	0	0	0
1428543646661727859	CPU_0	96.72	0	1.63	0	0	1.63	0	0	0	0
1428543647284347323	CPU_0	96.82	0	0	0	0	1.58	1.58	0	0	0
1428543647905817204	CPU_0	98.38	0	0	0	0	1.61	0	0	0	0
1428543648534781245	CPU_0	95.23	0	3.17	0	0	1.58	0	0	0	0
1428543649155909710	CPU_0	95.23	0	1.58	0	0	1.58	1.58	0	0	0
1428543649778135632	CPU_0	100.00	0	0	0	0	0	0	0	0	0
1428543650399332180	CPU_0	96.82	0	1.58	0	0	1.58	0	0	0	0
1428543651028799637	CPU_0	96.87	0	0	0	0	1.56	1.56	0	0	0
1428543651650987601	CPU_0	98.36	0	0	0	0	1.63	0	0	0	0
1428543652274553480	CPU_0	95.23	0	3.17	0	0	1.58	0	0	0	0
1428543652896170944	CPU_0	95.16	0	1.61	0	0	1.61	1.61	0	0	0
1428543653518272824	CPU_0	95.16	0	3.22	0	0	1.61	0	0	0	0
1428543654146802115	CPU_0	95.31	0	1.56	0	0	1.56	1.56	0	0	0
1428543654769738620	CPU_0	98.38	0	0	0	0	1.61	0	0	0	0
1428543655391639167	CPU_0	96.72	0	1.63	0	0	1.63	0	0	0	0
1428543656016416253	CPU_0	96.82	0	0	0	0	1.58	1.58	0	0	0
1428543656646091210	CPU_0	96.87	0	1.56	0	0	1.56	0	0	0	0
1428543657269553464	CPU_0	98.36	0	0	0	0	1.63	0	0	0	0
1428543657892476510	CPU_0	96.82	0	1.58	0	0	0	1.58	0	0	0
1428543658514897973	CPU_0	98.38	0	0	0	0	1.61	0	0	0	0
1428543659148523802	CPU_0	96.82	0	1.58	0	0	1.58	0	0	0	0
1428543659771614639	CPU_0	96.82	0	0	0	0	1.58	1.58	0	0	0
1428543660393695728	CPU_0	98.36	0	0	0	0	1.63	0	0	0	0
1428543661015820983	CPU_0	96.82	0	1.58	0	0	1.58	0	0	0	0
1428543661638090779	CPU_0	95.16	0	1.61	0	0	1.61	1.61	0	0	0
1428543662268033778	CPU_0	96.82	0	1.58	0	0	1.58	0	0	0	0
1428543662890454532	CPU_0	98.38	0	0	0	0	1.61	0	0	0	0
1428543663513111453	CPU_0	96.82	0	0	0	0	1.58	1.58	0	0	0
1428543664135555541	CPU_0	95.16	0	3.22	0	0	1.61	0	0	0	0
1428543664765460873	CPU_0	96.87	0	0	0	0	1.56	1.56	0	0	0
1428543665387746753	CPU_0	96.77	0	1.61	0	0	1.61	0	0	0	0
1428543666010369674	CPU_0	98.38	0	0	0	0	1.61	0	0	0	0
1428543666632538387	CPU_0	98.36	0	0	0	0	0	1.63	0	0	0
1428543667257224681	CPU_0	95.23	0	3.17	0	0	1.58	0	0	0	0
1428543667884616890	CPU_0	98.38	0	0	0	0	1.61	0	0	0	0
1428543668507085477	CPU_0	96.82	0	0	0	0	1.58	1.58	0	0	0
1428543669129218357	CPU_0	98.38	0	0	0	0	1.61	0	0	0	0
1428543669751752195	CPU_0	98.38	0	0	0	0	1.61	0	0	0	0
1428543670380799860	CPU_0	96.87	0	0	0	0	1.56	1.56	0	0	0
1428543671003299989	CPU_0	98.36	0	0	0	0	1.63	0	0	0	0
1428543671625389577	CPU_0	96.82	0	1.58	0	0	1.58	0	0	0	0
1428543672249366455	CPU_0	96.82	0	0	0	0	1.58	1.58	0	0	0
1428543672878432371	CPU_0	98.38	0	0	0	0	1.61	0	0	0	0
1428543673501689041	CPU_0	95.16	0	3.22	0	0	1.61	0	0	0	0
1428543674123893087	CPU_0	95.31	0	1.56	0	0	1.56	1.56	0	0	0
1428543674746893424	CPU_0	98.36	0	0	0	0	1.63	0	0	0	0
1428543675369536345	CPU_0	96.82	0	0	0	0	1.58	1.58	0	0	0
1428543675998334427	CPU_0	98.38	0	1.61	0	0	0	0	0	0	0
1428543676620826598	CPU_0	96.77	0	1.61	0	0	1.61	0	0	0	0
1428543677244135851	CPU_0	96.82	0	0	0	0	1.58	1.58	0	0	0
1428543677866213522	CPU_0	96.77	0	1.61	0	0	1.61	0	0	0	0
1428543678495422479	CPU_0	96.77	0	1.61	0	0	1.61	0	0	0	0
1428543679117430650	CPU_0	95.23	0	1.58	0	0	1.58	1.58	0	0	0
1428543679740435529	CPU_0	98.38	0	0	0	0	1.61	0	0	0	0
1428543680362429866	CPU_0	98.38	0	0	0	0	1.61	0	0	0	0
1428543680992153114	CPU_0	96.82	0	0	0	0	1.58	1.58	0	0	0
1428543681614487951	CPU_0	98.38	0	0	0	0	1.61	0	0	0	0
1428543682238071329	CPU_0	96.82	0	1.58	0	0	1.58	0	0	0	0
1428543682860099917	CPU_0	96.82	0	0	0	0	1.58	1.58	0	0	0
1428543683482786796	CPU_0	96.77	0	1.61	0	0	1.61	0	0	0	0
1428543684111982502	CPU_0	96.82	0	0	0	0	1.58	1.58	0	0	0
1428543684734566048	CPU_0	98.38	0	0	0	0	1.61	0	0	0	0
1428543685357594884	CPU_0	96.77	0	1.61	0	0	1.61	0	0	0	0
1428543685980994887	CPU_0	96.82	0	0	0	0	1.58	1.58	0	0	0
1428543686610552427	CPU_0	98.41	0	1.58	0	0	0	0	0	0	0
1428543687233127055	CPU_0	98.36	0	0	0	0	1.63	0	0	0	0
1428543687856195892	CPU_0	96.82	0	0	0	0	1.58	1.58	0	0	0
1428543688479889353	CPU_0	96.77	0	1.61	0	0	1.61	0	0	0	0
1428543689109018101	CPU_0	98.41	0	0	0	0	1.58	0	0	0	0
1428543689732451104	CPU_0	95.16	0	1.61	0	0	1.61	1.61	0	0	0
1428543690355413607	CPU_0	98.38	0	0	0	0	1.61	0	0	0	0
1428543690978712777	CPU_0	96.82	0	1.58	0	0	1.58	0	0	0	0
1428543691601952071	CPU_0	95.23	0	1.58	0	0	1.58	1.58	0	0	0
1428543692231965360	CPU_0	96.77	0	1.61	0	0	1.61	0	0	0	0
1428543692855559696	CPU_0	96.82	0	1.58	0	0	1.58	0	0	0	0
1428543693479320823	CPU_0	95.23	0	1.58	0	0	1.58	1.58	0	0	0
1428543694102070702	CPU_0	98.36	0	0	0	0	1.63	0	0	0	0
1428543694732438907	CPU_0	93.75	0	3.12	0	0	1.56	1.56	0	0	0
1428543695355577868	CPU_0	96.82	0	1.58	0	0	1.58	0	0	0	0
1428543695978906787	CPU_0	100.00	0	0	0	0	0	0	0	0	0
1428543696601952790	CPU_0	96.77	0	0	0	0	1.61	1.61	0	0	0
1428543697231979329	CPU_0	98.41	0	0	0	0	1.58	0	0	0	0
1428543697855861164	CPU_0	96.77	0	1.61	0	0	1.61	0	0	0	0
1428543698479849750	CPU_0	95.23	0	1.58	0	0	1.58	1.58	0	0	0
1428543699102632128	CPU_0	96.77	0	1.61	0	0	1.61	0	0	0	0
1428543699726724005	CPU_0	98.41	0	0	0	0	1.58	0	0	0	0
1428543700356675918	CPU_0	96.82	0	0	0	0	1.58	1.58	0	0	0
1428543700980681754	CPU_0	98.38	0	0	0	0	1.61	0	0	0	0
1428543701603949756	CPU_0	96.82	0	1.58	0	0	1.58	0	0	0	0
1428543702227309342	CPU_0	95.16	0	1.61	0	0	1.61	1.61	0	0	0
1428543702857304255	CPU_0	96.82	0	1.58	0	0	1.58	0	0	0	0
1428543703480417550	CPU_0	96.82	0	0	0	0	1.58	1.58	0	0	0
1428543704103209469	CPU_0	100.00	0	0	0	0	0	0	0	0	0
1428543704727305388	CPU_0	98.38	0	0	0	0	1.61	0	0	0	0
1428543705358204175	CPU_0	96.87	0	0	0	0	1.56	1.56	0	0	0
1428543705982126885	CPU_0	96.82	0	1.58	0	0	1.58	0	0	0	0
1428543706605828012	CPU_0	98.36	0	0	0	0	1.63	0	0	0	0
1428543707229263806	CPU_0	96.82	0	0	0	0	1.58	1.58	0	0	0
1428543707853032308	CPU_0	98.41	0	0	0	0	1.58	0	0	0	0
1428543708483126596	CPU_0	96.77	0	1.61	0	0	1.61	0	0	0	0
1428543709106205557	CPU_0	96.82	0	0	0	0	1.58	1.58	0	0	0
1428543709729984850	CPU_0	96.77	0	1.61	0	0	1.61	0	0	0	0
1428543710354084810	CPU_0	96.82	0	1.58	0	0	1.58	0	0	0	0
1428543710984685348	CPU_0	96.82	0	0	0	0	1.58	1.58	0	0	0
1428543711607818725	CPU_0	98.38	0	0	0	0	1.61	0	0	0	0
1428543712231809352	CPU_0	98.38	0	0	0	0	1.61	0	0	0	0
1428543712855828270	CPU_0	96.82	0	1.58	0	0	0	1.58	0	0	0
1428543713486342849	CPU_0	95.23	0	1.58	0	0	3.17	0	0	0	0
1428543714109679726	CPU_0	96.82	0	0	0	0	1.58	1.58	0	0	0
1428543714733661394	CPU_0	96.77	0	1.61	0	0	1.61	0	0	0	0
1428543715357457396	CPU_0	98.36	0	1.63	0	0	0	0	0	0	0
1428543715982248480	CPU_0	95.23	0	1.58	0	0	1.58	1.58	0	0	0
1428543716610929936	CPU_0	96.82	0	1.58	0	0	1.58	0	0	0	0
1428543717234834937	CPU_0	96.82	0	1.58	0	0	1.58	0	0	0	0
1428543717859943729	CPU_0	96.77	0	0	0	0	1.61	1.61	0	0	0
1428543718483324398	CPU_0	98.38	0	0	0	0	1.61	0	0	0	0
1428543719113538394	CPU_0	96.87	0	1.56	0	0	1.56	0	0	0	0
1428543719737240395	CPU_0	95.16	0	1.61	0	0	1.61	1.61	0	0	0
1428543720361897729	CPU_0	98.38	0	0	0	0	1.61	0	0	0	0
1428543720985912772	CPU_0	96.82	0	1.58	0	0	1.58	0	0	0	0
1428543721616645476	CPU_0	95.31	0	1.56	0	0	1.56	1.56	0	0	0
1428543722240475102	CPU_0	98.36	0	0	0	0	1.63	0	0	0	0
1428543722864916145	CPU_0	96.82	0	1.58	0	0	0	1.58	0	0	0
1428543723488478230	CPU_0	95.23	0	1.58	0	0	3.17	0	0	0	0
1428543724118181809	CPU_0	100.00	0	0	0	0	0	0	0	0	0
1428543724745307433	CPU_0	95.23	0	1.58	0	0	1.58	1.58	0	0	0
1428543725369344559	CPU_0	96.77	0	1.61	0	0	1.61	0	0	0	0
1428543725993036227	CPU_0	96.77	0	1.61	0	0	1.61	0	0	0	0
1428543726616678353	CPU_0	93.65	0	3.17	0	0	1.58	1.58	0	0	0
1428543727247080182	CPU_0	98.41	0	0	0	0	1.58	0	0	0	0
1428543727871133933	CPU_0	98.38	0	0	0	0	1.61	0	0	0	0
1428543728495164934	CPU_0	95.23	0	1.58	0	0	1.58	1.58	0	0	0
1428543729118355852	CPU_0	96.77	0	1.61	0	0	1.61	0	0	0	0
1428543729748770598	CPU_0	98.41	0	0	0	0	1.58	0	0	0	0
1428543730372666224	CPU_0	95.23	0	1.58	0	0	1.58	1.58	0	0	0
1428543730996133600	CPU_0	98.38	0	0	0	0	1.61	0	0	0	0
1428543731619449727	CPU_0	98.38	0	0	0	0	1.61	0	0	0	0
1428543732251307054	CPU_0	96.87	0	1.56	0	0	0	1.56	0	0	0
1428543732875566138	CPU_0	98.38	0	0	0	0	1.61	0	0	0	0
1428543733499041431	CPU_0	95.16	0	1.61	0	0	1.61	1.61	0	0	0
1428543734122178182	CPU_0	98.38	0	0	0	0	1.61	0	0	0	0
1428543734746393516	CPU_0	98.38	0	0	0	0	1.61	0	0	0	0
1428543735376668928	CPU_0	95.31	0	1.56	0	0	1.56	1.56	0	0	0
1428543736000672929	CPU_0	98.41	0	0	0	0	1.58	0	0	0	0
1428543736625384762	CPU_0	96.77	0	1.61	0	0	1.61	0	0	0	0
1428543737249585888	CPU_0	96.82	0	0	0	0	1.58	1.58	0	0	0
1428543737880765966	CPU_0	96.82	0	1.58	0	0	1.58	0	0	0	0
1428543738504825091	CPU_0	96.77	0	1.61	0	0	1.61	0	0	0	0
1428543739129056133	CPU_0	93.65	0	3.17	0	0	1.58	1.58	0	0	0
1428543739753125717	CPU_0	98.36	0	0	0	0	1.63	0	0	0	0
1428543740384314670	CPU_0	98.43	0	0	0	0	1.56	0	0	0	0
1428543741008566878	CPU_0	98.38	0	0	0	0	0	1.61	0	0	0
1428543741632507379	CPU_0	98.38	0	0	0	0	1.61	0	0	0	0
1428543742256405796	CPU_0	96.82	0	1.58	0	0	1.58	0	0	0	0
1428543742881404338	CPU_0	96.77	0	0	0	0	1.61	1.61	0	0	0
1428543743511563833	CPU_0	92.18	0	3.12	0	0	4.68	0	0	0	0
1428543744135945166	CPU_0	95.16	0	1.61	0	0	1.61	1.61	0	0	0
1428543744760301625	CPU_0	93.54	0	3.22	0	0	3.22	0	0	0	0
1428543745386855706	CPU_0	93.65	0	3.17	0	0	1.58	1.58	0	0	0
1428543746017884075	CPU_0	98.41	0	0	0	0	1.58	0	0	0	0
1428543746642238492	CPU_0	98.38	0	0	0	0	1.61	0	0	0	0
1428543747266497659	CPU_0	95.23	0	1.58	0	0	1.58	1.58	0	0	0
1428543747892003075	CPU_0	98.38	0	0	0	0	1.61	0	0	0	0
1428543748523314485	CPU_0	98.41	0	0	0	0	1.58	0	0	0	0
1428543749147645152	CPU_0	96.82	0	0	0	0	1.58	1.58	0	0	0
1428543749771267902	CPU_0	98.38	0	0	0	0	1.61	0	0	0	0
1428543750396105318	CPU_0	96.82	0	0	0	0	1.58	1.58	0	0	0
1428543751025945522	CPU_0	96.82	0	1.58	0	0	1.58	0	0	0	0
1428543751652883020	CPU_0	98.38	0	0	0	0	1.61	0	0	0	0
1428543752277171478	CPU_0	96.82	0	0	0	0	1.58	1.58	0	0	0
1428543752902040394	CPU_0	96.82	0	1.58	0	0	1.58	0	0	0	0
1428543753526630518	CPU_0	96.77	0	1.61	0	0	1.61	0	0	0	0
1428543754158088345	CPU_0	96.82	0	0	0	0	1.58	1.58	0	0	0
1428543754782251595	CPU_0	98.38	0	0	0	0	1.61	0	0	0	0
1428543755407336553	CPU_0	96.82	0	1.58	0	0	1.58	0	0	0	0
1428543756031088511	CPU_0	95.23	0	1.58	0	0	1.58	1.58	0	0	0
1428543756661454964	CPU_0	98.38	0	0	0	0	1.61	0	0	0	0
1428543757285475006	CPU_0	96.82	0	1.58	0	0	1.58	0	0	0	0
1428543757910236547	CPU_0	95.23	0	1.58	0	0	1.58	1.58	0	0	0
1428543758534663963	CPU_0	98.38	0	0	0	0	1.61	0	0	0	0
1428543759164600041	CPU_0	95.31	0	1.56	0	0	1.56	1.56	0	0	0
1428543759788949582	CPU_0	98.38	0	0	0	0	1.61	0	0	0	0
1428543760413734790	CPU_0	98.36	0	0	0	0	1.63	0	0	0	0
1428543761037658498	CPU_0	96.82	0	0	0	0	1.58	1.58	0	0	0
1428543761661686664	CPU_0	98.41	0	1.58	0	0	0	0	0	0	0
1428543762292137492	CPU_0	98.38	0	0	0	0	1.61	0	0	0	0
1428543762916539491	CPU_0	96.82	0	0	0	0	1.58	1.58	0	0	0
1428543763540622741	CPU_0	93.65	0	3.17	0	0	3.17	0	0	0	0
1428543764164934949	CPU_0	98.38	0	0	0	0	1.61	0	0	0	0
1428543764795707526	CPU_0	96.82	0	1.58	0	0	0	1.58	0	0	0
1428543765420961483	CPU_0	96.77	0	0	0	0	3.22	0	0	0	0
1428543766044801108	CPU_0	100.00	0	0	0	0	0	0	0	0	0
1428543766668688024	CPU_0	95.23	0	1.58	0	0	1.58	1.58	0	0	0
1428543767298717977	CPU_0	98.38	0	0	0	0	1.61	0	0	0	0
1428543767923845642	CPU_0	96.87	0	1.56	0	0	1.56	0	0	0	0
1428543768548278808	CPU_0	95.16	0	1.61	0	0	1.61	1.61	0	0	0
1428543769172207266	CPU_0	98.38	0	0	0	0	1.61	0	0	0	0
1428543769798253222	CPU_0	96.87	0	0	0	0	1.56	1.56	0	0	0
1428543770427775134	CPU_0	96.82	0	1.58	0	0	1.58	0	0	0	0
1428543771052081341	CPU_0	98.36	0	0	0	0	1.63	0	0	0	0
1428543771676305924	CPU_0	95.31	0	1.56	0	0	1.56	1.56	0	0	0
1428543772299990382	CPU_0	96.77	0	1.61	0	0	1.61	0	0	0	0
1428543772931166375	CPU_0	98.41	0	0	0	0	1.58	0	0	0	0
1428543773555691874	CPU_0	95.16	0	1.61	0	0	1.61	1.61	0	0	0
1428543774179700373	CPU_0	96.77	0	1.61	0	0	1.61	0	0	0	0
1428543774804207497	CPU_0	98.41	0	1.58	0	0	0	0	0	0	0
1428543775435364574	CPU_0	95.23	0	1.58	0	0	1.58	1.58	0	0	0
1428543776060361030	CPU_0	96.77	0	1.61	0	0	1.61	0	0	0	0
1428543776684408988	CPU_0	98.41	0	0	0	0	1.58	0	0	0	0
1428543777309213820	CPU_0	96.77	0	0	0	0	1.61	1.61	0	0	0
1428543777940347146	CPU_0	96.82	0	1.58	0	0	1.58	0	0	0	0
1428543778565538853	CPU_0	93.65	0	3.17	0	0	1.58	1.58	0	0	0
1428543779189458477	CPU_0	96.77	0	1.61	0	0	1.61	0	0	0	0
1428543779814533475	CPU_0	98.41	0	0	0	0	1.58	0	0	0	0
1428543780439388307	CPU_0	95.23	0	1.58	0	0	1.58	1.58	0	0	0
1428543781070740300	CPU_0	98.41	0	0	0	0	1.58	0	0	0	0
1428543781694658216	CPU_0	96.77	0	1.61	0	0	1.61	0	0	0	0
1428543782319562381	CPU_0	95.23	0	1.58	0	0	1.58	1.58	0	0	0
1428543782944914045	CPU_0	98.38	0	0	0	0	1.61	0	0	0	0
1428543783576788079	CPU_0	96.77	0	1.61	0	0	1.61	0	0	0	0
1428543784201504744	CPU_0	95.31	0	1.56	0	0	1.56	1.56	0	0	0
1428543784827289075	CPU_0	98.38	0	0	0	0	1.61	0	0	0	0
1428543785453120114	CPU_0	95.23	0	1.58	0	0	1.58	1.58	0	0	0
1428543786085277898	CPU_0	98.41	0	0	0	0	1.58	0	0	0	0
1428543786709877896	CPU_0	98.38	0	0	0	0	1.61	0	0	0	0
1428543787335141477	CPU_0	95.31	0	1.56	0	0	1.56	1.56	0	0	0
1428543787960106142	CPU_0	98.38	0	0	0	0	1.61	0	0	0	0
1428543788587475805	CPU_0	96.77	0	1.61	0	0	1.61	0	0	0	0
1428543789216342258	CPU_0	96.87	0	0	0	0	1.56	1.56	0	0	0
1428543789841585005	CPU_0	98.36	0	0	0	0	1.63	0	0	0	0
1428543790466891586	CPU_0	98.41	0	1.58	0	0	0	0	0	0	0
1428543791091758793	CPU_0	96.77	0	0	0	0	1.61	1.61	0	0	0
1428543791723286243	CPU_0	98.41	0	0	0	0	1.58	0	0	0	0
1428543792348763574	CPU_0	96.82	0	1.58	0	0	1.58	0	0	0	0
1428543792974671779	CPU_0	96.82	0	0	0	0	1.58	1.58	0	0	0
1428543793599659444	CPU_0	98.38	0	0	0	0	1.61	0	0	0	0
1428543794231438561	CPU_0	96.82	0	0	0	0	1.58	1.58	0	0	0
1428543794856408850	CPU_0	98.41	0	0	0	0	1.58	0	0	0	0
1428543795482107931	CPU_0	98.38	0	0	0	0	1.61	0	0	0	0
1428543796106425304	CPU_0	95.23	0	1.58	0	0	1.58	1.58	0	0	0
1428543796737993005	CPU_0	98.41	0	0	0	0	1.58	0	0	0	0
1428543797362734461	CPU_0	98.38	0	0	0	0	1.61	0	0	0	0
1428543797988402706	CPU_0	96.82	0	0	0	0	1.58	1.58	0	0	0
1428543798614012108	CPU_0	95.23	0	3.17	0	0	1.58	0	0	0	0
1428543799239270378	CPU_0	96.82	0	1.58	0	0	1.58	0	0	0	0
1428543799870297350	CPU_0	93.65	0	3.17	0	0	1.58	1.58	0	0	0
1428543800496428370	CPU_0	98.38	0	0	0	0	1.61	0	0	0	0
1428543801121763141	CPU_0	95.23	0	1.58	0	0	1.58	1.58	0	0	0
1428543801746852245	CPU_0	98.38	0	0	0	0	1.61	0	0	0	0
1428543802378423509	CPU_0	96.82	0	1.58	0	0	1.58	0	0	0	0
1428543803004497653	CPU_0	96.87	0	0	0	0	1.56	1.56	0	0	0
1428543803628742884	CPU_0	96.77	0	1.61	0	0	1.61	0	0	0	0
1428543804253439531	CPU_0	98.36	0	1.63	0	0	0	0	0	0	0
1428543804884532253	CPU_0	96.87	0	0	0	0	1.56	1.56	0	0	0
1428543805510376565	CPU_0	96.77	0	1.61	0	0	1.61	0	0	0	0
1428543806134517004	CPU_0	96.82	0	1.58	0	0	1.58	0	0	0	0
1428543806759189900	CPU_0	96.77	0	0	0	0	1.61	1.61	0	0	0
1428543807389483332	CPU_0	96.82	0	1.58	0	0	1.58	0	0	0	0
1428543808015317227	CPU_0	98.38	0	0	0	0	1.61	0	0	0	0
1428543808639677791	CPU_0	95.31	0	1.56	0	0	1.56	1.56	0	0	0
1428543809264119271	CPU_0	98.38	0	0	0	0	1.61	0	0	0	0
1428543809888915376	CPU_0	98.38	0	0	0	0	1.61	0	0	0	0
1428543810520498556	CPU_0	95.31	0	1.56	0	0	1.56	1.56	0	0	0
1428543811144978245	CPU_0	98.38	0	0	0	0	1.61	0	0	0	0
1428543811769684808	CPU_0	96.82	0	0	0	0	1.58	1.58	0	0	0
1428543812394673871	CPU_0	96.77	0	1.61	0	0	1.61	0	0	0	0
1428543813026351843	CPU_0	96.82	0	1.58	0	0	1.58	0	0	0	0
1428543813650905448	CPU_0	96.82	0	0	0	0	1.58	1.58	0	0	0
1428543814275893845	CPU_0	96.77	0	1.61	0	0	1.61	0	0	0	0
1428543814901099657	CPU_0	96.82	0	1.58	0	0	1.58	0	0	0	0
1428543815532939171	CPU_0	96.82	0	0	0	0	1.58	1.58	0	0	0
1428543816158007192	CPU_0	96.77	0	1.61	0	0	1.61	0	0	0	0
1428543816783449171	CPU_0	98.38	0	1.61	0	0	0	0	0	0	0
1428543817408891317	CPU_0	96.82	0	0	0	0	1.58	1.58	0	0	0
1428543818040902830	CPU_0	98.41	0	0	0	0	1.58	0	0	0	0
1428543818668489307	CPU_0	93.65	0	1.58	0	0	3.17	1.58	0	0	0
1428543819293322120	CPU_0	96.82	0	1.58	0	0	1.58	0	0	0	0
1428543819918022684	CPU_0	98.38	0	0	0	0	1.61	0	0	0	0
1428543820544287912	CPU_0	96.82	0	1.58	0	0	0	1.58	0	0	0
1428543821175673843	CPU_0	98.41	0	0	0	0	1.58	0	0	0	0
1428543821801032197	CPU_0	98.38	0	0	0	0	1.61	0	0	0	0
1428543822426582093	CPU_0	95.23	0	1.58	0	0	1.58	1.58	0	0	0
1428543823051319323	CPU_0	96.77	0	1.61	0	0	1.61	0	0	0	0
1428543823683151086	CPU_0	96.82	0	1.58	0	0	1.58	0	0	0	0
1428543824307660859	CPU_0	95.23	0	1.58	0	0	1.58	1.58	0	0	0
1428543824933344380	CPU_0	98.41	0	0	0	0	1.58	0	0	0	0
1428543825558440651	CPU_0	98.38	0	0	0	0	1.61	0	0	0	0
1428543826190141248	CPU_0	95.31	0	1.56	0	0	1.56	1.56	0	0	0
1428543826815387019	CPU_0	98.38	0	0	0	0	1.61	0	0	0	0
1428543827441151915	CPU_0	96.82	0	0	0	0	1.58	1.58	0	0	0
1428543828066411436	CPU_0	98.41	0	0	0	0	1.58	0	0	0	0
1428543828693482206	CPU_0	96.77	0	1.61	0	0	1.61	0	0	0	0
1428543829323936429	CPU_0	96.87	0	0	0	0	1.56	1.56	0	0	0
1428543829949671783	CPU_0	98.38	0	0	0	0	1.61	0	0	0	0
1428543830575300179	CPU_0	98.38	0	0	0	0	1.61	0	0	0	0
1428543831200458701	CPU_0	95.23	0	1.58	0	0	1.58	1.58	0	0	0
1428543831832729422	CPU_0	98.38	0	0	0	0	1.61	0	0	0	0
1428543832458785609	CPU_0	96.82	0	1.58	0	0	1.58	0	0	0	0
1428543833084868588	CPU_0	98.41	0	0	0	0	0	1.58	0	0	0
1428543833710037901	CPU_0	98.38	0	0	0	0	1.61	0	0	0	0
1428543834342039498	CPU_0	96.82	0	1.58	0	0	1.58	0	0	0	0
1428543834968034477	CPU_0	96.82	0	0	0	0	1.58	1.58	0	0	0
1428543835593582748	CPU_0	96.77	0	1.61	0	0	1.61	0	0	0	0
1428543836218954103	CPU_0	98.41	0	0	0	0	1.58	0	0	0	0
1428543836851320491	CPU_0	96.87	0	0	0	0	1.56	1.56	0	0	0
1428543837478010885	CPU_0	96.77	0	1.61	0	0	1.61	0	0	0	0
1428543838104008531	CPU_0	96.82	0	0	0	0	1.58	1.58	0	0	0
1428543838729880719	CPU_0	96.82	0	1.58	0	0	1.58	0	0	0	0
1428543839362241232	CPU_0	96.82	0	1.58	0	0	1.58	0	0	0	0
1428543839991523415	CPU_0	95.23	0	1.58	0	0	1.58	1.58	0	0	0
1428543840617646435	CPU_0	96.82	0	1.58	0	0	1.58	0	0	0	0
1428543841242830332	CPU_0	96.77	0	1.61	0	0	1.61	0	0	0	0
1428543841868861978	CPU_0	93.65	0	3.17	0	0	1.58	1.58	0	0	0
1428543842501750865	CPU_0	95.23	0	3.17	0	0	1.58	0	0	0	0
1428543843127787261	CPU_0	98.38	0	0	0	0	1.61	0	0	0	0
1428543843753838782	CPU_0	95.31	0	1.56	0	0	1.56	1.56	0	0	0
1428543844380157511	CPU_0	98.36	0	0	0	0	1.63	0	0	0	0
1428543845014117272	CPU_0	98.41	0	1.58	0	0	0	0	0	0	0
1428543845640252209	CPU_0	95.23	0	1.58	0	0	1.58	1.58	0	0	0
1428543846266806979	CPU_0	96.77	0	1.61	0	0	1.61	0	0	0	0
1428543846893400249	CPU_0	96.82	0	0	0	0	1.58	1.58	0	0	0
1428543847527040052	CPU_0	95.31	0	3.12	0	0	1.56	0	0	0	0
1428543848153755989	CPU_0	98.38	0	0	0	0	1.61	0	0	0	0
1428543848780347509	CPU_0	93.75	0	3.12	0	0	1.56	1.56	0	0	0
1428543849406872821	CPU_0	98.38	0	0	0	0	1.61	0	0	0	0
1428543850039855834	CPU_0	98.41	0	0	0	0	1.58	0	0	0	0
1428543850666846187	CPU_0	95.23	0	1.58	0	0	1.58	1.58	0	0	0
1428543851292832208	CPU_0	96.82	0	1.58	0	0	1.58	0	0	0	0
1428543851920072102	CPU_0	96.82	0	1.58	0	0	1.58	0	0	0	0
1428543852547474121	CPU_0	95.23	0	1.58	0	0	1.58	1.58	0	0	0
1428543853179877551	CPU_0	96.82	0	1.58	0	0	1.58	0	0	0	0
1428543853805652281	CPU_0	95.23	0	1.58	0	0	1.58	1.58	0	0	0
1428543854431989676	CPU_0	98.38	0	0	0	0	1.61	0	0	0	0
1428543855059051404	CPU_0	98.41	0	0	0	0	1.58	0	0	0	0
1428543855691809750	CPU_0	96.82	0	0	0	0	1.58	1.58	0	0	0
1428543856318284146	CPU_0	98.38	0	0	0	0	1.61	0	0	0	0
1428543856944556250	CPU_0	96.82	0	1.58	0	0	1.58	0	0	0	0
1428543857571807144	CPU_0	98.38	0	0	0	0	0	1.61	0	0	0
1428543858205404240	CPU_0	98.41	0	0	0	0	1.58	0	0	0	0
1428543858831864843	CPU_0	96.82	0	1.58	0	0	1.58	0	0	0	0
1428543859458834572	CPU_0	96.87	0	0	0	0	1.56	1.56	0	0	0
1428543860086497299	CPU_0	98.38	0	0	0	0	1.61	0	0	0	0
1428543860719734603	CPU_0	98.41	0	0	0	0	1.58	0	0	0	0
1428543861346069624	CPU_0	96.82	0	0	0	0	1.58	1.58	0	0	0
1428543861972560686	CPU_0	96.77	0	1.61	0	0	1.61	0	0	0	0
1428543862599716872	CPU_0	98.41	0	0	0	0	1.58	0	0	0	0
1428543863236293464	CPU_0	90.62	0	6.25	0	0	1.56	1.56	0	0	0
1428543863862997484	CPU_0	91.93	0	3.22	0	0	4.83	0	0	0	0
1428543864490786170	CPU_0	92.18	0	3.12	0	0	3.12	1.56	0	0	0
1428543865119315521	CPU_0	95.16	0	3.22	0	0	1.61	0	0	0	0
1428543865747119165	CPU_0	96.82	0	1.58	0	0	1.58	0	0	0	0
1428543866380214095	CPU_0	96.82	0	0	0	0	1.58	1.58	0	0	0
1428543867008316530	CPU_0	96.82	0	1.58	0	0	1.58	0	0	0	0
1428543867636815298	CPU_0	95.23	0	1.58	0	0	1.58	1.58	0	0	0
1428543868264740609	CPU_0	98.41	0	0	0	0	1.58	0	0	0	0
1428543868898031621	CPU_0	96.82	0	1.58	0	0	1.58	0	0	0	0
1428543869525883349	CPU_0	95.31	0	1.56	0	0	1.56	1.56	0	0	0
1428543870153163910	CPU_0	98.38	0	0	0	0	1.61	0	0	0	0
1428543870780590971	CPU_0	98.38	0	0	0	0	1.61	0	0	0	0
1428543871414182858	CPU_0	95.38	0	1.53	0	0	1.53	1.53	0	0	0
1428543872041743753	CPU_0	96.77	0	1.61	0	0	1.61	0	0	0	0
1428543872668563481	CPU_0	100.00	0	0	0	0	0	0	0	0	0
1428543873295278544	CPU_0	93.75	0	3.12	0	0	1.56	1.56	0	0	0
1428543873928186515	CPU_0	96.82	0	0	0	0	3.17	0	0	0	0
1428543874556406159	CPU_0	98.41	0	1.58	0	0	0	0	0	0	0
1428543875183523679	CPU_0	95.23	0	1.58	0	0	1.58	1.58	0	0	0
1428543875810848407	CPU_0	98.38	0	0	0	0	1.61	0	0	0	0
1428543876447263540	CPU_0	96.87	0	0	0	0	1.56	1.56	0	0	0
1428543877074982518	CPU_0	96.82	0	1.58	0	0	1.58	0	0	0	0
1428543877701809914	CPU_0	98.38	0	0	0	0	1.61	0	0	0	0
1428543878328902809	CPU_0	95.31	0	1.56	0	0	1.56	1.56	0	0	0
1428543878955499204	CPU_0	96.82	0	1.58	0	0	1.58	0	0	0	0
1428543879589604341	CPU_0	98.41	0	0	0	0	1.58	0	0	0	0
1428543880216822028	CPU_0	96.82	0	0	0	0	1.58	1.58	0	0	0
1428543880844242964	CPU_0	98.38	0	0	0	0	1.61	0	0	0	0
1428543881471843900	CPU_0	98.38	0	0	0	0	1.61	0	0	0	0
1428543882106035412	CPU_0	95.38	0	1.53	0	0	1.53	1.53	0	0	0
1428543882733125557	CPU_0	98.36	0	0	0	0	1.63	0	0	0	0
1428543883360537327	CPU_0	100.00	0	0	0	0	0	0	0	0	0
1428543883987913014	CPU_0	92.06	0	3.17	0	0	3.17	1.58	0	0	0
1428543884621901692	CPU_0	98.41	0	1.58	0	0	0	0	0	0	0
1428543885249084254	CPU_0	96.87	0	0	0	0	1.56	1.56	0	0	0
1428543885875558775	CPU_0	98.38	0	0	0	0	1.61	0	0	0	0
1428543886502881087	CPU_0	96.77	0	1.61	0	0	1.61	0	0	0	0
1428543887136629057	CPU_0	95.31	0	1.56	0	0	1.56	1.56	0	0	0
1428543887762972495	CPU_0	98.41	0	0	0	0	1.58	0	0	0	0
1428543888389829099	CPU_0	98.38	0	0	0	0	1.61	0	0	0	0
1428543889016824453	CPU_0	95.23	0	1.58	0	0	1.58	1.58	0	0	0
1428543889653194587	CPU_0	98.41	0	0	0	0	1.58	0	0	0	0
1428543890279867108	CPU_0	98.41	0	0	0	0	1.58	0	0	0	0
1428543890906554004	CPU_0	96.82	0	0	0	0	1.58	1.58	0	0	0
1428543891533587441	CPU_0	98.38	0	0	0	0	1.61	0	0	0	0
1428543892160344670	CPU_0	98.41	0	0	0	0	1.58	0	0	0	0
1428543892793702099	CPU_0	96.87	0	0	0	0	1.56	1.56	0	0	0
1428543893420728203	CPU_0	96.82	0	1.58	0	0	1.58	0	0	0	0
1428543894047759224	CPU_0	95.23	0	1.58	0	0	1.58	1.58	0	0	0
1428543894675275535	CPU_0	98.41	0	0	0	0	1.58	0	0	0	0
1428543895308504590	CPU_0	100.00	0	0	0	0	0	0	0	0	0
1428543895935276319	CPU_0	95.31	0	1.56	0	0	1.56	1.56	0	0	0
1428543896563108339	CPU_0	98.38	0	0	0	0	1.61	0	0	0	0
1428543897190849442	CPU_0	96.82	0	1.58	0	0	1.58	0	0	0	0
1428543897824664496	CPU_0	96.87	0	0	0	0	1.56	1.56	0	0	0
1428543898451584308	CPU_0	98.38	0	0	0	0	1.61	0	0	0	0
1428543899080043202	CPU_0	96.82	0	1.58	0	0	1.58	0	0	0	0
1428543899707039306	CPU_0	95.23	0	1.58	0	0	1.58	1.58	0	0	0
1428543900340921693	CPU_0	98.41	0	0	0	0	1.58	0	0	0	0
1428543900967881548	CPU_0	96.82	0	1.58	0	0	1.58	0	0	0	0
1428543901596354275	CPU_0	95.23	0	1.58	0	0	1.58	1.58	0	0	0
1428543902223003213	CPU_0	98.38	0	0	0	0	1.61	0	0	0	0
1428543902857815599	CPU_0	96.87	0	0	0	0	1.56	1.56	0	0	0
1428543903484594162	CPU_0	98.41	0	0	0	0	1.58	0	0	0	0
1428543904112793681	CPU_0	98.38	0	0	0	0	1.61	0	0	0	0
1428543904739528827	CPU_0	95.31	0	1.56	0	0	1.56	1.56	0	0	0
1428543905366221681	CPU_0	93.54	0	4.83	0	0	1.61	0	0	0	0
1428543905999698153	CPU_0	96.82	0	1.58	0	0	1.58	0	0	0	0
1428543906627526464	CPU_0	93.75	0	3.12	0	0	1.56	1.56	0	0	0
1428543907254858443	CPU_0	100.00	0	0	0	0	0	0	0	0	0
1428543907882018339	CPU_0	96.77	0	0	0	0	3.22	0	0	0	0
1428543908515202143	CPU_0	95.31	0	1.56	0	0	1.56	1.56	0	0	0
1428543909143106788	CPU_0	98.38	0	0	0	0	1.61	0	0	0	0
1428543909770199226	CPU_0	95.31	0	1.56	0	0	1.56	1.56	0	0	0
1428543910397821412	CPU_0	98.41	0	0	0	0	1.58	0	0	0	0
1428543911032131758	CPU_0	98.41	0	0	0	0	1.58	0	0	0	0
1428543911660308486	CPU_0	98.38	0	0	0	0	0	1.61	0	0	0
1428543912287263173	CPU_0	96.82	0	1.58	0	0	1.58	0	0	0	0
1428543912915487693	CPU_0	98.41	0	0	0	0	1.58	0	0	0	0
1428543913550582162	CPU_0	95.23	0	1.58	0	0	1.58	1.58	0	0	0
1428543914178470890	CPU_0	98.41	0	0	0	0	1.58	0	0	0	0
1428543914806031286	CPU_0	96.82	0	1.58	0	0	1.58	0	0	0	0
1428543915434169263	CPU_0	95.23	0	1.58	0	0	1.58	1.58	0	0	0
1428543916068316984	CPU_0	98.41	0	0	0	0	1.58	0	0	0	0
1428543916696413045	CPU_0	98.41	0	0	0	0	1.58	0	0	0	0
1428543917323520441	CPU_0	95.23	0	1.58	0	0	1.58	1.58	0	0	0
1428543917951264045	CPU_0	98.38	0	0	0	0	1.61	0	0	0	0
1428543918586036431	CPU_0	98.43	0	0	0	0	1.56	0	0	0	0
1428543919216553031	CPU_0	95.23	0	1.58	0	0	1.58	1.58	0	0	0
1428543919844018219	CPU_0	98.41	0	0	0	0	1.58	0	0	0	0
1428543920471490614	CPU_0	96.82	0	0	0	0	1.58	1.58	0	0	0
1428543921099926342	CPU_0	96.82	0	1.58	0	0	1.58	0	0	0	0
1428543921734262687	CPU_0	96.82	0	1.58	0	0	1.58	0	0	0	0
1428543922361904083	CPU_0	95.23	0	1.58	0	0	1.58	1.58	0	0	0
1428543922989622478	CPU_0	98.41	0	0	0	0	1.58	0	0	0	0
1428543923617864581	CPU_0	96.77	0	1.61	0	0	1.61	0	0	0	0
1428543924252261718	CPU_0	96.87	0	0	0	0	1.56	1.56	0	0	0
1428543924880000113	CPU_0	96.82	0	1.58	0	0	1.58	0	0	0	0
1428543925507298259	CPU_0	98.38	0	0	0	0	1.61	0	0	0	0
1428543926135687862	CPU_0	93.65	0	3.17	0	0	1.58	1.58	0	0	0
1428543926769703833	CPU_0	95.23	0	3.17	0	0	1.58	0	0	0	0
1428543927397153395	CPU_0	95.23	0	1.58	0	0	1.58	1.58	0	0	0
1428543928025086374	CPU_0	96.87	0	1.56	0	0	1.56	0	0	0	0
1428543928653026269	CPU_0	98.36	0	0	0	0	1.63	0	0	0	0
1428543929287760364	CPU_0	95.31	0	1.56	0	0	1.56	1.56	0	0	0
1428543929915756759	CPU_0	96.82	0	1.58	0	0	1.58	0	0	0	0
1428543930543181363	CPU_0	98.41	0	0	0	0	1.58	0	0	0	0
1428543931171451174	CPU_0	98.38	0	0	0	0	0	1.61	0	0	0
1428543931805507812	CPU_0	98.41	0	0	0	0	1.58	0	0	0	0
1428543932433349041	CPU_0	96.82	0	1.58	0	0	1.58	0	0	0	0
1428543933061494727	CPU_0	96.87	0	0	0	0	1.56	1.56	0	0	0
1428543933689605122	CPU_0	98.38	0	0	0	0	1.61	0	0	0	0
1428543934323585718	CPU_0	95.23	0	3.17	0	0	1.58	0	0	0	0
1428543934954216985	CPU_0	96.87	0	0	0	0	1.56	1.56	0	0	0
1428543935582748505	CPU_0	98.38	0	0	0	0	1.61	0	0	0	0
1428543936210490567	CPU_0	96.87	0	0	0	0	1.56	1.56	0	0	0
1428543936837817921	CPU_0	98.38	0	0	0	0	1.61	0	0	0	0
1428543937472410183	CPU_0	96.87	0	1.56	0	0	1.56	0	0	0	0
1428543938100858120	CPU_0	96.82	0	0	0	0	1.58	1.58	0	0	0
1428543938728914057	CPU_0	96.82	0	1.58	0	0	1.58	0	0	0	0
1428543939356668577	CPU_0	98.38	0	0	0	0	1.61	0	0	0	0
1428543939991336881	CPU_0	95.31	0	1.56	0	0	1.56	1.56	0	0	0
1428543940619846567	CPU_0	98.38	0	0	0	0	1.61	0	0	0	0
1428543941247756421	CPU_0	98.41	0	1.58	0	0	0	0	0	0	0
1428543941875452275	CPU_0	96.82	0	0	0	0	1.58	1.58	0	0	0
1428543942510064912	CPU_0	98.41	0	0	0	0	1.58	0	0	0	0
1428543943138872556	CPU_0	96.82	0	1.58	0	0	1.58	0	0	0	0
1428543943766412911	CPU_0	96.82	0	0	0	0	1.58	1.58	0	0	0
1428543944393822098	CPU_0	98.38	0	0	0	0	1.61	0	0	0	0
1428543945028890068	CPU_0	95.31	0	1.56	0	0	1.56	1.56	0	0	0
1428543945658753461	CPU_0	96.82	0	1.58	0	0	1.58	0	0	0	0
1428543946287335689	CPU_0	98.41	0	0	0	0	1.58	0	0	0	0
1428543946915960917	CPU_0	95.23	0	1.58	0	0	1.58	1.58	0	0	0
1428543947551106179	CPU_0	95.31	0	3.12	0	0	1.56	0	0	0	0
1428543948180604781	CPU_0	98.41	0	0	0	0	1.58	0	0	0	0
1428543948809982841	CPU_0	96.82	0	0	0	0	1.58	1.58	0	0	0
1428543949438663069	CPU_0	96.77	0	1.61	0	0	1.61	0	0	0	0
1428543950073153707	CPU_0	96.87	0	1.56	0	0	1.56	0	0	0	0
1428543950702352226	CPU_0	96.82	0	0	0	0	1.58	1.58	0	0	0
1428543951331272662	CPU_0	96.82	0	1.58	0	0	1.58	0	0	0	0
1428543951959780098	CPU_0	98.38	0	0	0	0	1.61	0	0	0	0
1428543952590497907	CPU_0	95.31	0	1.56	0	0	1.56	1.56	0	0	0
1428543953224174879	CPU_0	98.41	0	0	0	0	1.58	0	0	0	0
1428543953852855107	CPU_0	95.23	0	1.58	0	0	1.58	1.58	0	0	0
1428543954481159961	CPU_0	98.41	0	0	0	0	1.58	0	0	0	0
1428543955109954147	CPU_0	98.38	0	1.61	0	0	0	0	0	0	0
1428543955745000242	CPU_0	95.31	0	1.56	0	0	1.56	1.56	0	0	0
1428543956373205054	CPU_0	98.38	0	0	0	0	1.61	0	0	0	0
1428543957001922824	CPU_0	96.82	0	1.58	0	0	1.58	0	0	0	0
1428543957630980260	CPU_0	96.82	0	0	0	0	1.58	1.58	0	0	0
1428543958266135563	CPU_0	96.87	0	1.56	0	0	1.56	0	0	0	0
1428543958894206250	CPU_0	95.23	0	1.58	0	0	1.58	1.58	0	0	0
1428543959522454479	CPU_0	98.41	0	0	0	0	1.58	0	0	0	0
1428543960151065749	CPU_0	96.77	0	1.61	0	0	1.61	0	0	0	0
1428543960786173261	CPU_0	96.87	0	0	0	0	1.56	1.56	0	0	0
1428543961415226947	CPU_0	96.82	0	1.58	0	0	1.58	0	0	0	0
1428543962044460841	CPU_0	96.82	0	1.58	0	0	1.58	0	0	0	0
1428543962673322111	CPU_0	96.82	0	0	0	0	1.58	1.58	0	0	0
1428543963308998622	CPU_0	96.87	0	1.56	0	0	1.56	0	0	0	0
1428543963937029268	CPU_0	96.77	0	1.61	0	0	1.61	0	0	0	0
1428543964566021912	CPU_0	96.82	0	0	0	0	1.58	1.58	0	0	0
1428543965195280723	CPU_0	96.82	0	1.58	0	0	1.58	0	0	0	0
1428543965830528443	CPU_0	96.87	0	1.56	0	0	1.56	0	0	0	0
1428543966459419671	CPU_0	96.82	0	0	0	0	1.58	1.58	0	0	0
1428543967088199233	CPU_0	98.38	0	0	0	0	1.61	0	0	0	0
1428543967717824752	CPU_0	96.82	0	1.58	0	0	0	1.58	0	0	0
1428543968352647347	CPU_0	96.82	0	1.58	0	0	1.58	0	0	0	0
1428543968980961409	CPU_0	96.82	0	1.58	0	0	1.58	0	0	0	0
1428543969609817346	CPU_0	95.31	0	1.56	0	0	1.56	1.56	0	0	0
1428543970238149866	CPU_0	95.16	0	1.61	0	0	3.22	0	0	0	0
1428543970868544384	CPU_0	98.41	0	1.58	0	0	0	0	0	0	0
1428543971501916940	CPU_0	96.87	0	0	0	0	1.56	1.56	0	0	0
1428543972131145835	CPU_0	98.38	0	0	0	0	1.61	0	0	0	0
1428543972758986314	CPU_0	98.41	0	0	0	0	1.58	0	0	0	0
1428543973387500418	CPU_0	95.23	0	1.58	0	0	1.58	1.58	0	0	0
1428543974021838889	CPU_0	96.82	0	1.58	0	0	1.58	0	0	0	0
1428543974651958199	CPU_0	96.82	0	0	0	0	1.58	1.58	0	0	0
1428543975280736927	CPU_0	96.82	0	1.58	0	0	1.58	0	0	0	0
1428543975910130155	CPU_0	96.82	0	1.58	0	0	1.58	0	0	0	0
1428543976545782375	CPU_0	95.31	0	1.56	0	0	1.56	1.56	0	0	0
1428543977175619144	CPU_0	96.87	0	1.56	0	0	1.56	0	0	0	0
1428543977805357246	CPU_0	96.77	0	1.61	0	0	1.61	0	0	0	0
1428543978434793057	CPU_0	96.87	0	0	0	0	1.56	1.56	0	0	0
1428543979070258069	CPU_0	96.82	0	1.58	0	0	1.58	0	0	0	0
1428543979700400712	CPU_0	98.38	0	0	0	0	1.61	0	0	0	0
1428543980329331315	CPU_0	96.87	0	0	0	0	1.56	1.56	0	0	0
1428543980958673460	CPU_0	98.38	0	0	0	0	1.61	0	0	0	0
1428543981594478471	CPU_0	98.43	0	1.56	0	0	0	0	0	0	0
1428543982223887699	CPU_0	96.77	0	0	0	0	1.61	1.61	0	0	0
1428543982852072428	CPU_0	96.82	0	1.58	0	0	1.58	0	0	0	0
1428543983481376197	CPU_0	93.75	0	1.56	0	0	3.12	1.56	0	0	0
1428543984116529918	CPU_0	92.06	0	3.17	0	0	4.76	0	0	0	0
1428543984746433062	CPU_0	95.23	0	1.58	0	0	3.17	0	0	0	0
1428543985375597623	CPU_0	95.31	0	1.56	0	0	1.56	1.56	0	0	0
1428543986004946726	CPU_0	98.38	0	0	0	0	1.61	0	0	0	0
1428543986639382489	CPU_0	96.82	0	0	0	0	1.58	1.58	0	0	0
1428543987268863759	CPU_0	98.41	0	1.58	0	0	0	0	0	0	0
1428543987898002737	CPU_0	92.06	0	4.76	0	0	3.17	0	0	0	0
1428543988526570091	CPU_0	96.82	0	0	0	0	1.58	1.58	0	0	0
1428543989161079562	CPU_0	93.65	0	4.76	0	0	1.58	0	0	0	0
1428543989792429788	CPU_0	95.23	0	3.17	0	0	1.58	0	0	0	0
1428543990420694559	CPU_0	93.75	0	3.12	0	0	1.56	1.56	0	0	0
1428543991048970538	CPU_0	98.38	0	0	0	0	1.61	0	0	0	0
1428543991677984433	CPU_0	96.82	0	0	0	0	1.58	1.58	0	0	0
1428543992312740571	CPU_0	96.87	0	1.56	0	0	1.56	0	0	0	0
1428543992941150467	CPU_0	98.38	0	0	0	0	1.61	0	0	0	0
1428543993569727737	CPU_0	95.31	0	1.56	0	0	1.56	1.56	0	0	0
1428543994199690048	CPU_0	96.77	0	1.61	0	0	1.61	0	0	0	0
1428543994834585269	CPU_0	96.87	0	1.56	0	0	1.56	0	0	0	0
1428543995463495039	CPU_0	95.23	0	1.58	0	0	1.58	1.58	0	0	0
1428543996091673644	CPU_0	98.41	0	0	0	0	1.58	0	0	0	0
1428543996721206622	CPU_0	98.41	0	0	0	0	1.58	0	0	0	0
1428543997357283800	CPU_0	95.31	0	1.56	0	0	1.56	1.56	0	0	0
1428543997985858445	CPU_0	100.00	0	0	0	0	0	0	0	0	0
1428543998617331879	CPU_0	95.31	0	1.56	0	0	1.56	1.56	0	0	0
1428543999247722356	CPU_0	95.23	0	3.17	0	0	1.58	0	0	0	0
1428543999880183664	CPU_0	98.41	0	0	0	0	1.58	0	0	0	0
1428544000505878105	CPU_0	96.82	0	0	0	0	1.58	1.58	0	0	0
1428544001132409711	CPU_0	98.38	0	0	0	0	1.61	0	0	0	0
1428544001759572317	CPU_0	98.41	0	0	0	0	1.58	0	0	0	0
1428544002393415581	CPU_0	95.31	0	1.56	0	0	1.56	1.56	0	0	0
1428544003020278021	CPU_0	98.38	0	0	0	0	1.61	0	0	0	0
1428544003647887251	CPU_0	96.82	0	1.58	0	0	1.58	0	0	0	0
1428544004275831939	CPU_0	96.82	0	0	0	0	1.58	1.58	0	0	0
1428544004913571157	CPU_0	98.41	0	0	0	0	1.58	0	0	0	0
1428544005541889553	CPU_0	96.87	0	0	0	0	1.56	1.56	0	0	0
1428544006169909200	CPU_0	98.41	0	0	0	0	1.58	0	0	0	0
1428544006798153304	CPU_0	98.38	0	0	0	0	1.61	0	0	0	0
1428544007426887783	CPU_0	96.82	0	1.58	0	0	0	1.58	0	0	0
1428544008061589463	CPU_0	98.43	0	0	0	0	1.56	0	0	0	0
1428544008691251108	CPU_0	98.38	0	0	0	0	1.61	0	0	0	0
1428544009319280338	CPU_0	96.82	0	0	0	0	1.58	1.58	0	0	0
1428544009948757983	CPU_0	96.82	0	1.58	0	0	1.58	0	0	0	0
1428544010583829079	CPU_0	95.23	0	3.17	0	0	1.58	0	0	0	0
1428544011213504557	CPU_0	96.82	0	0	0	0	1.58	1.58	0	0	0
1428544011841659037	CPU_0	96.82	0	1.58	0	0	1.58	0	0	0	0
1428544012470751807	CPU_0	98.43	0	0	0	0	1.56	0	0	0	0
1428544013105732029	CPU_0	96.87	0	0	0	0	1.56	1.56	0	0	0
1428544013735203965	CPU_0	96.77	0	1.61	0	0	1.61	0	0	0	0
1428544014363192737	CPU_0	95.23	0	1.58	0	0	1.58	1.58	0	0	0
1428544014991342342	CPU_0	98.41	0	0	0	0	1.58	0	0	0	0
1428544015626020897	CPU_0	96.82	0	1.58	0	0	1.58	0	0	0	0
1428544016255738333	CPU_0	96.82	0	0	0	0	1.58	1.58	0	0	0
1428544016884187521	CPU_0	96.87	0	1.56	0	0	1.56	0	0	0	0
1428544017512712875	CPU_0	100.00	0	0	0	0	0	0	0	0	0
1428544018148445388	CPU_0	95.31	0	1.56	0	0	1.56	1.56	0	0	0
1428544018777631991	CPU_0	96.82	0	1.58	0	0	1.58	0	0	0	0
1428544019406973928	CPU_0	98.38	0	0	0	0	1.61	0	0	0	0
1428544020035252408	CPU_0	93.75	0	3.12	0	0	1.56	1.56	0	0	0
1428544020669986172	CPU_0	98.41	0	0	0	0	1.58	0	0	0	0
1428544021299553941	CPU_0	95.23	0	1.58	0	0	1.58	1.58	0	0	0
1428544021928401712	CPU_0	96.82	0	1.58	0	0	1.58	0	0	0	0
1428544022556069110	CPU_0	98.38	0	0	0	0	1.61	0	0	0	0
1428544023194639410	CPU_0	95.38	0	1.53	0	0	1.53	1.53	0	0	0
1428544023822826348	CPU_0	98.41	0	0	0	0	1.58	0	0	0	0
1428544024450682912	CPU_0	98.38	0	0	0	0	1.61	0	0	0	0
1428544025078335643	CPU_0	95.23	0	1.58	0	0	1.58	1.58	0	0	0
1428544025707962788	CPU_0	96.82	0	1.58	0	0	1.58	0	0	0	0
1428544026343079093	CPU_0	96.87	0	1.56	0	0	1.56	0	0	0	0
1428544026971675322	CPU_0	96.82	0	0	0	0	1.58	1.58	0	0	0
1428544027599769469	CPU_0	98.38	0	0	0	0	1.61	0	0	0	0
1428544028229398906	CPU_0	96.87	0	1.56	0	0	1.56	0	0	0	0
1428544028863192962	CPU_0	96.82	0	0	0	0	1.58	1.58	0	0	0
1428544029491824275	CPU_0	98.38	0	0	0	0	1.61	0	0	0	0
1428544030119138965	CPU_0	93.75	0	3.12	0	0	1.56	1.56	0	0	0
1428544030748036319	CPU_0	98.38	0	0	0	0	1.61	0	0	0	0
1428544031382932916	CPU_0	96.82	0	1.58	0	0	1.58	0	0	0	0
1428544032011444229	CPU_0	93.75	0	3.12	0	0	1.56	1.56	0	0	0
1428544032639836334	CPU_0	100.00	0	0	0	0	0	0	0	0	0
1428544033268904563	CPU_0	98.41	0	0	0	0	1.58	0	0	0	0
1428544033904338951	CPU_0	95.31	0	1.56	0	0	1.56	1.56	0	0	0
1428544034532948555	CPU_0	98.38	0	0	0	0	1.61	0	0	0	0
1428544035162137576	CPU_0	96.82	0	0	0	0	1.58	1.58	0	0	0
1428544035791653346	CPU_0	96.87	0	1.56	0	0	1.56	0	0	0	0
1428544036427083526	CPU_0	98.41	0	0	0	0	1.58	0	0	0	0
1428544037055788047	CPU_0	96.82	0	0	0	0	1.58	1.58	0	0	0
1428544037684613193	CPU_0	96.87	0	1.56	0	0	1.56	0	0	0	0
1428544038314248505	CPU_0	98.38	0	0	0	0	1.61	0	0	0	0
1428544038949235227	CPU_0	95.31	0	1.56	0	0	1.56	1.56	0	0	0
1428544039578010790	CPU_0	95.16	0	3.22	0	0	1.61	0	0	0	0
1428544040206593812	CPU_0	98.41	0	0	0	0	1.58	0	0	0	0
1428544040836249040	CPU_0	96.87	0	0	0	0	1.56	1.56	0	0	0
1428544041470645596	CPU_0	98.38	0	0	0	0	1.61	0	0	0	0
1428544042102816863	CPU_0	100.00	0	0	0	0	0	0	0	0	0
1428544042731584801	CPU_0	95.31	0	1.56	0	0	1.56	1.56	0	0	0
1428544043360814697	CPU_0	98.38	0	0	0	0	1.61	0	0	0	0
1428544043990093426	CPU_0	96.82	0	0	0	0	1.58	1.58	0	0	0
1428544044625923064	CPU_0	95.31	0	3.12	0	0	1.56	0	0	0	0
1428544045255508917	CPU_0	98.38	0	0	0	0	1.61	0	0	0	0
1428544045885129146	CPU_0	95.31	0	1.56	0	0	1.56	1.56	0	0	0
1428544046513931834	CPU_0	98.41	0	0	0	0	1.58	0	0	0	0
1428544047149379097	CPU_0	96.87	0	1.56	0	0	1.56	0	0	0	0
1428544047778873201	CPU_0	96.77	0	0	0	0	1.61	1.61	0	0	0
1428544048407230181	CPU_0	98.41	0	0	0	0	1.58	0	0	0	0
1428544049036075619	CPU_0	98.41	0	0	0	0	1.58	0	0	0	0
1428544049671223925	CPU_0	96.87	0	0	0	0	1.56	1.56	0	0	0
1428544050300932820	CPU_0	96.82	0	1.58	0	0	1.58	0	0	0	0
1428544050930297007	CPU_0	98.38	0	0	0	0	1.61	0	0	0	0
1428544051559203862	CPU_0	98.41	0	0	0	0	0	1.58	0	0	0
1428544052194724500	CPU_0	96.87	0	0	0	0	3.12	0	0	0	0
1428544052823959104	CPU_0	95.23	0	3.17	0	0	0	1.58	0	0	0
1428544053452612376	CPU_0	96.82	0	1.58	0	0	1.58	0	0	0	0
1428544054081366189	CPU_0	98.38	0	0	0	0	1.61	0	0	0	0
1428544054716784994	CPU_0	95.31	0	1.56	0	0	1.56	1.56	0	0	0
1428544055345956807	CPU_0	98.41	0	0	0	0	1.58	0	0	0	0
1428544055974890203	CPU_0	98.41	0	0	0	0	1.58	0	0	0	0
1428544056604310141	CPU_0	96.82	0	0	0	0	1.58	1.58	0	0	0
1428544057240085154	CPU_0	98.41	0	0	0	0	1.58	0	0	0	0
1428544057869115842	CPU_0	98.41	0	0	0	0	1.58	0	0	0	0
1428544058498439904	CPU_0	96.82	0	0	0	0	1.58	1.58	0	0	0
1428544059127510426	CPU_0	95.23	0	3.17	0	0	1.58	0	0	0	0
1428544059763465438	CPU_0	98.41	0	0	0	0	1.58	0	0	0	0
1428544060395207831	CPU_0	95.31	0	1.56	0	0	1.56	1.56	0	0	0
1428544061024394144	CPU_0	96.82	0	1.58	0	0	1.58	0	0	0	0
1428544061653049833	CPU_0	96.82	0	0	0	0	1.58	1.58	0	0	0
1428544062283367227	CPU_0	96.82	0	1.58	0	0	1.58	0	0	0	0
1428544062918149783	CPU_0	100.00	0	0	0	0	0	0	0	0	0
1428544063546741514	CPU_0	95.31	0	1.56	0	0	1.56	1.56	0	0	0
1428544064175697202	CPU_0	95.23	0	1.58	0	0	3.17	0	0	0	0
1428544064805040098	CPU_0	100.00	0	0	0	0	0	0	0	0	0
1428544065440444112	CPU_0	95.31	0	1.56	0	0	1.56	1.56	0	0	0
1428544066070228465	CPU_0	96.82	0	1.58	0	0	1.58	0	0	0	0
1428544066700120527	CPU_0	96.82	0	1.58	0	0	1.58	0	0	0	0
1428544067330935713	CPU_0	96.87	0	0	0	0	1.56	1.56	0	0	0
1428544067966683268	CPU_0	98.41	0	0	0	0	1.58	0	0	0	0
1428544068596022164	CPU_0	96.82	0	0	0	0	1.58	1.58	0	0	0
1428544069224754394	CPU_0	55.55	0	3.17	39.68	0	1.58	0	0	0	0
1428544069852850709	CPU_0	0	0	0	100.00	0	0	0	0	0	0
