#Timestamp	CPU_ID	user%	nice%	sys%	idle%	iowait%	irq%	softiq%	steal%	guest%	guest_nice%
1428509150160560064	CPU_4	85.24	0	9.83	1.63	0	1.63	1.63	0	0	0
1428509150855382674	CPU_4	98.57	0	0	0	0	1.42	0	0	0	0
1428509151566763663	CPU_4	97.18	0	0	0	0	1.40	1.40	0	0	0
1428509152265841056	CPU_4	100.00	0	0	0	0	0	0	0	0	0
1428509152965236865	CPU_4	98.57	0	0	0	0	1.42	0	0	0	0
1428509153677033353	CPU_4	97.18	0	0	0	0	1.40	1.40	0	0	0
1428509154379456364	CPU_4	100.00	0	0	0	0	0	0	0	0	0
1428509155079372588	CPU_4	98.57	0	0	0	0	1.42	0	0	0	0
1428509155795316485	CPU_4	97.22	0	0	0	0	1.38	1.38	0	0	0
1428509156496699790	CPU_4	98.57	0	0	0	0	1.42	0	0	0	0
1428509157213889392	CPU_4	98.61	0	0	0	0	0	1.38	0	0	0
1428509157914499324	CPU_4	98.55	0	0	0	0	1.44	0	0	0	0
1428509158617227334	CPU_4	98.59	0	0	0	0	1.40	0	0	0	0
1428509159330073114	CPU_4	98.59	0	0	0	0	0	1.40	0	0	0
1428509160032085585	CPU_4	98.57	0	0	0	0	1.42	0	0	0	0
1428509160739395710	CPU_4	97.22	0	0	0	0	1.38	1.38	0	0	0
1428509161453390862	CPU_4	98.59	0	0	0	0	1.40	0	0	0	0
1428509162154686877	CPU_4	100.00	0	0	0	0	0	0	0	0	0
1428509162866280452	CPU_4	97.22	0	0	0	0	1.38	1.38	0	0	0
1428509163573978619	CPU_4	98.59	0	0	0	0	1.40	0	0	0	0
1428509164274955510	CPU_4	97.14	0	0	0	0	1.42	1.42	0	0	0
1428509164990471867	CPU_4	100.00	0	0	0	0	0	0	0	0	0
1428509165697761619	CPU_4	98.57	0	0	0	0	1.42	0	0	0	0
1428509166399454259	CPU_4	97.22	0	0	0	0	1.38	1.38	0	0	0
1428509167113426412	CPU_4	100.00	0	0	0	0	0	0	0	0	0
1428509167817164048	CPU_4	98.57	0	0	0	0	1.42	0	0	0	0
1428509168528864748	CPU_4	97.26	0	0	0	0	1.36	1.36	0	0	0
1428509169233269091	CPU_4	98.57	0	0	0	0	1.42	0	0	0	0
1428509169937478684	CPU_4	98.57	0	0	0	0	0	1.42	0	0	0
1428509170649865758	CPU_4	98.59	0	0	0	0	1.40	0	0	0	0
1428509171357364011	CPU_4	98.59	0	0	0	0	1.40	0	0	0	0
1428509172061478146	CPU_4	97.18	0	0	0	0	1.40	1.40	0	0	0
1428509172777118797	CPU_4	100.00	0	0	0	0	0	0	0	0	0
1428509173481682182	CPU_4	97.22	0	0	0	0	1.38	1.38	0	0	0
1428509174196872584	CPU_4	98.59	0	0	0	0	1.40	0	0	0	0
1428509174901365386	CPU_4	100.00	0	0	0	0	0	0	0	0	0
1428509175615693415	CPU_4	97.22	0	0	0	0	1.38	1.38	0	0	0
1428509176332710647	CPU_4	98.59	0	0	0	0	1.40	0	0	0	0
1428509177038884821	CPU_4	97.22	0	0	0	0	1.38	1.38	0	0	0
1428509177761919247	CPU_4	100.00	0	0	0	0	0	0	0	0	0
1428509178467412215	CPU_4	98.57	0	0	0	0	1.42	0	0	0	0
1428509179172989598	CPU_4	97.22	0	0	0	0	1.38	1.38	0	0	0
1428509179885493299	CPU_4	98.59	0	0	0	0	1.40	0	0	0	0
1428509180590007561	CPU_4	100.00	0	0	0	0	0	0	0	0	0
1428509181296469651	CPU_4	97.18	0	0	0	0	1.40	1.40	0	0	0
1428509182008208396	CPU_4	98.59	0	0	0	0	1.40	0	0	0	0
1428509182714089280	CPU_4	98.59	0	0	0	0	0	1.40	0	0	0
1428509183427763355	CPU_4	98.57	0	0	0	0	1.42	0	0	0	0
1428509184138247978	CPU_4	98.61	0	0	0	0	1.38	0	0	0	0
1428509184848243561	CPU_4	97.22	0	0	0	0	1.38	1.38	0	0	0
1428509185645314945	CPU_4	100.00	0	0	0	0	0	0	0	0	0
1428509186350828497	CPU_4	97.18	0	0	0	0	1.40	1.40	0	0	0
1428509187068873271	CPU_4	98.61	0	0	0	0	1.38	0	0	0	0
1428509187777343108	CPU_4	98.59	0	0	0	0	1.40	0	0	0	0
1428509188482469370	CPU_4	98.57	0	0	0	0	0	1.42	0	0	0
1428509189196939944	CPU_4	98.59	0	0	0	0	1.40	0	0	0	0
1428509189900210710	CPU_4	97.22	0	0	0	0	1.38	1.38	0	0	0
1428509190618143276	CPU_4	98.59	0	0	0	0	1.40	0	0	0	0
1428509191324648410	CPU_4	100.00	0	0	0	0	0	0	0	0	0
1428509192028192843	CPU_4	97.18	0	0	0	0	1.40	1.40	0	0	0
1428509192745565286	CPU_4	98.61	0	0	0	0	1.38	0	0	0	0
1428509193450580591	CPU_4	98.57	0	0	0	0	0	1.42	0	0	0
1428509194154948356	CPU_4	98.59	0	0	0	0	1.40	0	0	0	0
1428509194873810087	CPU_4	98.61	0	0	0	0	1.38	0	0	0	0
1428509195580159931	CPU_4	97.18	0	0	0	0	1.40	1.40	0	0	0
1428509196296538627	CPU_4	100.00	0	0	0	0	0	0	0	0	0
1428509197000291186	CPU_4	97.18	0	0	0	0	1.40	1.40	0	0	0
1428509197709032524	CPU_4	98.59	0	0	0	0	1.40	0	0	0	0
1428509198425596470	CPU_4	98.61	0	0	0	0	1.38	0	0	0	0
1428509199128478448	CPU_4	98.57	0	0	0	0	0	1.42	0	0	0
1428509199845323769	CPU_4	98.59	0	0	0	0	1.40	0	0	0	0
1428509200556714560	CPU_4	97.22	0	0	0	0	1.38	1.38	0	0	0
1428509201261601325	CPU_4	98.59	0	0	0	0	1.40	0	0	0	0
1428509201976955733	CPU_4	100.00	0	0	0	0	0	0	0	0	0
1428509202684002577	CPU_4	97.22	0	0	0	0	1.38	1.38	0	0	0
1428509203389586299	CPU_4	98.57	0	0	0	0	1.42	0	0	0	0
1428509204106994661	CPU_4	97.22	0	0	0	0	1.38	1.38	0	0	0
1428509204813273007	CPU_4	100.00	0	0	0	0	0	0	0	0	0
1428509205530872744	CPU_4	98.59	0	0	0	0	1.40	0	0	0	0
1428509206235889927	CPU_4	97.18	0	0	0	0	1.40	1.40	0	0	0
1428509206945716223	CPU_4	100.00	0	0	0	0	0	0	0	0	0
1428509207665749080	CPU_4	98.61	0	0	0	0	1.38	0	0	0	0
1428509208371666636	CPU_4	97.22	0	0	0	0	1.38	1.38	0	0	0
1428509209083277929	CPU_4	98.57	0	0	0	0	1.42	0	0	0	0
1428509209802116122	CPU_4	98.61	0	0	0	0	0	1.38	0	0	0
1428509210507160681	CPU_4	98.57	0	0	0	0	1.42	0	0	0	0
1428509211224738669	CPU_4	98.63	0	0	0	0	1.36	0	0	0	0
1428509211933473928	CPU_4	97.18	0	0	0	0	1.40	1.40	0	0	0
1428509212644144474	CPU_4	100.00	0	0	0	0	0	0	0	0	0
1428509213362017420	CPU_4	97.22	0	0	0	0	1.38	1.38	0	0	0
1428509214070291555	CPU_4	98.61	0	0	0	0	1.38	0	0	0	0
1428509214787854086	CPU_4	98.59	0	0	0	0	1.40	0	0	0	0
1428509215494198017	CPU_4	98.59	0	0	0	0	0	1.40	0	0	0
1428509216200079366	CPU_4	98.57	0	0	0	0	1.42	0	0	0	0
1428509216918556437	CPU_4	97.26	0	0	0	0	1.36	1.36	0	0	0
1428509217626438240	CPU_4	100.00	0	0	0	0	0	0	0	0	0
1428509218349352635	CPU_4	98.59	0	0	0	0	1.40	0	0	0	0
1428509219060285056	CPU_4	97.26	0	0	0	0	1.36	1.36	0	0	0
1428509219773347057	CPU_4	98.57	0	0	0	0	1.42	0	0	0	0
1428509220489159593	CPU_4	98.61	0	0	0	0	0	1.38	0	0	0
1428509221195956857	CPU_4	98.59	0	0	0	0	1.40	0	0	0	0
1428509221904869868	CPU_4	98.59	0	0	0	0	1.40	0	0	0	0
1428509222620220780	CPU_4	97.22	0	0	0	0	1.38	1.38	0	0	0
1428509223327837835	CPU_4	100.00	0	0	0	0	0	0	0	0	0
1428509224045295993	CPU_4	98.61	0	0	0	0	1.38	0	0	0	0
1428509224749764348	CPU_4	97.22	0	0	0	0	1.38	1.38	0	0	0
1428509225461149020	CPU_4	100.00	0	0	0	0	0	0	0	0	0
1428509226178381095	CPU_4	97.22	0	0	0	0	1.38	1.38	0	0	0
1428509226889782059	CPU_4	98.59	0	0	0	0	1.40	0	0	0	0
1428509227609388421	CPU_4	98.61	0	0	0	0	1.38	0	0	0	0
1428509228319126764	CPU_4	98.59	0	0	0	0	0	1.40	0	0	0
1428509229025798948	CPU_4	98.57	0	0	0	0	1.42	0	0	0	0
1428509229744781978	CPU_4	97.26	0	0	0	0	1.36	1.36	0	0	0
1428509230454768696	CPU_4	98.59	0	0	0	0	1.40	0	0	0	0
1428509231161818296	CPU_4	100.00	0	0	0	0	0	0	0	0	0
1428509231878930290	CPU_4	97.22	0	0	0	0	1.38	1.38	0	0	0
1428509232587457262	CPU_4	98.59	0	0	0	0	1.40	0	0	0	0
1428509233306559251	CPU_4	97.22	0	0	0	0	1.38	1.38	0	0	0
1428509234015899888	CPU_4	100.00	0	0	0	0	0	0	0	0	0
1428509234722159157	CPU_4	98.57	0	0	0	0	1.42	0	0	0	0
1428509235441470480	CPU_4	97.26	0	0	0	0	1.36	1.36	0	0	0
1428509236149388620	CPU_4	100.00	0	0	0	0	0	0	0	0	0
1428509236866312615	CPU_4	97.22	0	0	0	0	1.38	1.38	0	0	0
1428509237573336175	CPU_4	98.59	0	0	0	0	1.40	0	0	0	0
1428509238282181855	CPU_4	98.57	0	0	0	0	1.42	0	0	0	0
1428509238998518769	CPU_4	98.61	0	0	0	0	0	1.38	0	0	0
1428509239706429993	CPU_4	98.57	0	0	0	0	1.42	0	0	0	0
1428509240416439088	CPU_4	98.61	0	0	0	0	1.38	0	0	0	0
1428509241134802331	CPU_4	97.22	0	0	0	0	1.38	1.38	0	0	0
1428509241843515721	CPU_4	100.00	0	0	0	0	0	0	0	0	0
1428509242561900673	CPU_4	97.22	0	0	0	0	1.38	1.38	0	0	0
1428509243269466440	CPU_4	98.59	0	0	0	0	1.40	0	0	0	0
1428509243977047000	CPU_4	100.00	0	0	0	0	0	0	0	0	0
1428509244697905279	CPU_4	97.26	0	0	0	0	1.36	1.36	0	0	0
1428509245407419127	CPU_4	98.59	0	0	0	0	1.40	0	0	0	0
1428509246146025824	CPU_4	97.29	0	0	0	0	1.35	1.35	0	0	0
1428509246854978756	CPU_4	100.00	0	0	0	0	0	0	0	0	0
1428509247563924647	CPU_4	98.59	0	0	0	0	1.40	0	0	0	0
1428509248281680934	CPU_4	97.26	0	0	0	0	1.36	1.36	0	0	0
1428509248989630619	CPU_4	98.57	0	0	0	0	1.42	0	0	0	0
1428509249711009440	CPU_4	98.61	0	0	0	0	0	1.38	0	0	0
1428509250420262831	CPU_4	98.59	0	0	0	0	1.40	0	0	0	0
1428509251129430596	CPU_4	98.59	0	0	0	0	1.40	0	0	0	0
1428509251850270252	CPU_4	97.26	0	0	0	0	1.36	1.36	0	0	0
1428509252559514143	CPU_4	100.00	0	0	0	0	0	0	0	0	0
1428509253280029467	CPU_4	97.22	0	0	0	0	1.38	1.38	0	0	0
1428509253992380935	CPU_4	98.61	0	0	0	0	1.38	0	0	0	0
1428509254700765703	CPU_4	100.00	0	0	0	0	0	0	0	0	0
1428509255422594566	CPU_4	97.22	0	0	0	0	1.38	1.38	0	0	0
1428509256135884323	CPU_4	98.61	0	0	0	0	1.38	0	0	0	0
1428509256845869880	CPU_4	97.18	0	0	0	0	1.40	1.40	0	0	0
1428509257564763958	CPU_4	100.00	0	0	0	0	0	0	0	0	0
1428509258273445977	CPU_4	98.57	0	0	0	0	1.42	0	0	0	0
1428509258994555884	CPU_4	97.26	0	0	0	0	1.36	1.36	0	0	0
1428509259705646147	CPU_4	98.59	0	0	0	0	1.40	0	0	0	0
1428509260415858329	CPU_4	98.59	0	0	0	0	0	1.40	0	0	0
1428509261133439744	CPU_4	98.61	0	0	0	0	1.38	0	0	0	0
1428509261845646505	CPU_4	98.59	0	0	0	0	1.40	0	0	0	0
1428509262565208750	CPU_4	97.22	0	0	0	0	1.38	1.38	0	0	0
1428509263272554605	CPU_4	100.00	0	0	0	0	0	0	0	0	0
1428509263985274241	CPU_4	98.59	0	0	0	0	1.40	0	0	0	0
1428509264705179527	CPU_4	97.26	0	0	0	0	1.36	1.36	0	0	0
1428509265417009539	CPU_4	100.00	0	0	0	0	0	0	0	0	0
1428509266134587706	CPU_4	97.26	0	0	0	0	1.36	1.36	0	0	0
1428509266844690848	CPU_4	98.59	0	0	0	0	1.40	0	0	0	0
1428509267555012364	CPU_4	98.59	0	0	0	0	1.40	0	0	0	0
1428509268272257823	CPU_4	98.59	0	0	0	0	0	1.40	0	0	0
1428509268989462533	CPU_4	97.18	0	1.40	0	0	1.40	0	0	0	0
1428509269708338531	CPU_4	97.26	0	0	0	0	1.36	1.36	0	0	0
1428509270427354861	CPU_4	98.59	0	0	0	0	1.40	0	0	0	0
1428509271134718093	CPU_4	100.00	0	0	0	0	0	0	0	0	0
1428509271855143088	CPU_4	97.22	0	0	0	0	1.38	1.38	0	0	0
1428509272564991107	CPU_4	98.59	0	0	0	0	1.40	0	0	0	0
1428509273270201886	CPU_4	97.18	0	0	0	0	1.40	1.40	0	0	0
1428509273988225261	CPU_4	100.00	0	0	0	0	0	0	0	0	0
1428509274694641996	CPU_4	98.59	0	0	0	0	1.40	0	0	0	0
1428509275410089294	CPU_4	97.22	0	0	0	0	1.38	1.38	0	0	0
1428509276116666113	CPU_4	100.00	0	0	0	0	0	0	0	0	0
1428509276823445139	CPU_4	97.18	0	0	0	0	1.40	1.40	0	0	0
1428509277543350178	CPU_4	98.61	0	0	0	0	1.38	0	0	0	0
1428509278249031915	CPU_4	98.59	0	0	0	0	1.40	0	0	0	0
1428509278975378481	CPU_4	98.61	0	0	0	0	0	1.38	0	0	0
1428509279689753366	CPU_4	98.59	0	0	0	0	1.40	0	0	0	0
1428509280397341016	CPU_4	97.22	0	0	0	0	1.38	1.38	0	0	0
1428509281115823850	CPU_4	98.61	0	0	0	0	1.38	0	0	0	0
1428509281822742419	CPU_4	100.00	0	0	0	0	0	0	0	0	0
1428509282530410444	CPU_4	97.22	0	0	0	0	1.38	1.38	0	0	0
1428509283248984904	CPU_4	98.61	0	0	0	0	1.38	0	0	0	0
1428509283960039172	CPU_4	97.18	0	0	0	0	1.40	1.40	0	0	0
1428509284679998462	CPU_4	100.00	0	0	0	0	0	0	0	0	0
1428509285385705617	CPU_4	98.57	0	0	0	0	1.42	0	0	0	0
1428509286097955550	CPU_4	97.22	0	0	0	0	1.38	1.38	0	0	0
1428509286816422427	CPU_4	100.00	0	0	0	0	0	0	0	0	0
1428509287523584204	CPU_4	98.59	0	0	0	0	1.40	0	0	0	0
1428509288241339375	CPU_4	97.22	0	0	0	0	1.38	1.38	0	0	0
1428509288950144357	CPU_4	98.59	0	0	0	0	1.40	0	0	0	0
1428509289659476506	CPU_4	98.59	0	0	0	0	0	1.40	0	0	0
1428509290377620009	CPU_4	98.59	0	0	0	0	1.40	0	0	0	0
1428509291086406742	CPU_4	98.59	0	0	0	0	1.40	0	0	0	0
1428509291807360114	CPU_4	97.26	0	0	0	0	1.36	1.36	0	0	0
1428509292519606465	CPU_4	100.00	0	0	0	0	0	0	0	0	0
1428509293227698158	CPU_4	97.18	0	0	0	0	1.40	1.40	0	0	0
1428509293948524865	CPU_4	98.63	0	0	0	0	1.36	0	0	0	0
1428509294655486686	CPU_4	98.57	0	0	0	0	1.42	0	0	0	0
1428509295366669623	CPU_4	98.59	0	0	0	0	0	1.40	0	0	0
1428509296085610334	CPU_4	98.61	0	0	0	0	1.38	0	0	0	0
1428509296796469355	CPU_4	97.22	0	0	0	0	1.38	1.38	0	0	0
1428509297516350481	CPU_4	98.59	0	0	0	0	1.40	0	0	0	0
1428509298225318840	CPU_4	100.00	0	0	0	0	0	0	0	0	0
1428509298935299697	CPU_4	97.18	0	0	0	0	1.40	1.40	0	0	0
1428509299652817203	CPU_4	98.61	0	0	0	0	1.38	0	0	0	0
1428509300362206062	CPU_4	97.18	0	0	0	0	1.40	1.40	0	0	0
1428509301086245346	CPU_4	100.00	0	0	0	0	0	0	0	0	0
1428509301793299918	CPU_4	98.57	0	0	0	0	1.42	0	0	0	0
1428509302504052482	CPU_4	97.26	0	0	0	0	1.36	1.36	0	0	0
1428509303222565654	CPU_4	98.59	0	0	0	0	1.40	0	0	0	0
1428509303946051440	CPU_4	98.61	0	0	0	0	0	1.38	0	0	0
1428509304669929516	CPU_4	98.61	0	0	0	0	1.38	0	0	0	0
1428509305380785456	CPU_4	98.61	0	0	0	0	1.38	0	0	0	0
1428509306094126348	CPU_4	97.22	0	0	0	0	1.38	1.38	0	0	0
1428509306811226274	CPU_4	100.00	0	0	0	0	0	0	0	0	0
1428509307522086922	CPU_4	97.22	0	0	0	0	1.38	1.38	0	0	0
1428509308235536065	CPU_4	98.59	0	0	0	0	1.40	0	0	0	0
1428509308953364364	CPU_4	98.61	0	0	0	0	1.38	0	0	0	0
1428509309661921351	CPU_4	98.59	0	0	0	0	0	1.40	0	0	0
1428509310382019813	CPU_4	98.61	0	0	0	0	1.38	0	0	0	0
1428509311092142588	CPU_4	97.18	0	0	0	0	1.40	1.40	0	0	0
1428509311803054362	CPU_4	100.00	0	0	0	0	0	0	0	0	0
1428509312523588406	CPU_4	98.61	0	0	0	0	1.38	0	0	0	0
1428509313233417808	CPU_4	97.22	0	0	0	0	1.38	1.38	0	0	0
1428509313955591015	CPU_4	98.59	0	0	0	0	1.40	0	0	0	0
1428509314664102045	CPU_4	98.59	0	0	0	0	0	1.40	0	0	0
1428509315372065326	CPU_4	98.59	0	0	0	0	1.40	0	0	0	0
1428509316092981620	CPU_4	98.61	0	0	0	0	1.38	0	0	0	0
1428509316800024862	CPU_4	97.18	0	0	0	0	1.40	1.40	0	0	0
1428509317523206110	CPU_4	100.00	0	0	0	0	0	0	0	0	0
1428509318232637013	CPU_4	97.18	0	0	0	0	1.40	1.40	0	0	0
1428509318941400835	CPU_4	98.59	0	0	0	0	1.40	0	0	0	0
1428509319664952707	CPU_4	98.61	0	0	0	0	1.38	0	0	0	0
1428509320375019901	CPU_4	98.59	0	0	0	0	0	1.40	0	0	0
1428509321101239767	CPU_4	98.63	0	0	0	0	1.36	0	0	0	0
1428509321808917176	CPU_4	98.59	0	0	0	0	1.40	0	0	0	0
1428509322524433608	CPU_4	98.59	0	0	0	0	0	1.40	0	0	0
1428509323244391030	CPU_4	98.61	0	0	0	0	1.38	0	0	0	0
1428509323953243811	CPU_4	97.22	0	0	0	0	1.38	1.38	0	0	0
1428509324665777042	CPU_4	98.57	0	0	0	0	1.42	0	0	0	0
1428509325382820722	CPU_4	100.00	0	0	0	0	0	0	0	0	0
1428509326097096908	CPU_4	97.22	0	0	0	0	1.38	1.38	0	0	0
1428509326815238918	CPU_4	98.61	0	0	0	0	1.38	0	0	0	0
1428509327528432232	CPU_4	97.22	0	0	0	0	1.38	1.38	0	0	0
1428509328238808635	CPU_4	100.00	0	0	0	0	0	0	0	0	0
1428509328956437480	CPU_4	98.61	0	0	0	0	1.38	0	0	0	0
1428509329667871215	CPU_4	97.22	0	0	0	0	1.38	1.38	0	0	0
1428509330387644848	CPU_4	100.00	0	0	0	0	0	0	0	0	0
1428509331100800329	CPU_4	97.22	0	0	0	0	1.38	1.38	0	0	0
1428509331810029860	CPU_4	98.59	0	0	0	0	1.40	0	0	0	0
1428509332533439985	CPU_4	98.61	0	0	0	0	1.38	0	0	0	0
1428509333243517265	CPU_4	98.59	0	0	0	0	0	1.40	0	0	0
1428509333961352361	CPU_4	98.59	0	0	0	0	1.40	0	0	0	0
1428509334671658016	CPU_4	97.22	0	0	0	0	1.38	1.38	0	0	0
1428509335381681463	CPU_4	98.59	0	0	0	0	1.40	0	0	0	0
1428509336101213305	CPU_4	100.00	0	0	0	0	0	0	0	0	0
1428509336811898251	CPU_4	97.22	0	0	0	0	1.38	1.38	0	0	0
1428509337543435192	CPU_4	98.63	0	0	0	0	1.36	0	0	0	0
1428509338253475181	CPU_4	97.22	0	0	0	0	1.38	1.38	0	0	0
1428509338961760383	CPU_4	100.00	0	0	0	0	0	0	0	0	0
1428509339682589599	CPU_4	98.59	0	0	0	0	1.40	0	0	0	0
1428509340393468586	CPU_4	97.26	0	0	0	0	1.36	1.36	0	0	0
1428509341107934775	CPU_4	98.57	0	0	0	0	1.42	0	0	0	0
1428509341823896710	CPU_4	98.61	0	0	0	0	0	1.38	0	0	0
1428509342537372609	CPU_4	98.59	0	0	0	0	1.40	0	0	0	0
1428509343257831284	CPU_4	98.61	0	0	0	0	1.38	0	0	0	0
1428509343967307275	CPU_4	97.22	0	0	0	0	1.38	1.38	0	0	0
1428509344677933681	CPU_4	100.00	0	0	0	0	0	0	0	0	0
1428509345398467565	CPU_4	97.26	0	0	0	0	1.36	1.36	0	0	0
1428509346108841180	CPU_4	98.59	0	0	0	0	1.40	0	0	0	0
1428509346829829188	CPU_4	100.00	0	0	0	0	0	0	0	0	0
1428509347544393377	CPU_4	97.22	0	0	0	0	1.38	1.38	0	0	0
1428509348256987113	CPU_4	98.59	0	0	0	0	1.40	0	0	0	0
1428509348975872168	CPU_4	98.61	0	0	0	0	1.38	0	0	0	0
1428509349688477612	CPU_4	98.61	0	0	0	0	0	1.38	0	0	0
1428509350409109996	CPU_4	98.59	0	0	0	0	1.40	0	0	0	0
1428509351119490404	CPU_4	97.22	0	0	0	0	1.38	1.38	0	0	0
1428509351830277977	CPU_4	98.59	0	0	0	0	1.40	0	0	0	0
1428509352554677896	CPU_4	100.00	0	0	0	0	0	0	0	0	0
1428509353274951615	CPU_4	97.22	0	0	0	0	1.38	1.38	0	0	0
1428509353993943587	CPU_4	98.61	0	0	0	0	1.38	0	0	0	0
1428509354705166327	CPU_4	97.22	0	0	0	0	1.38	1.38	0	0	0
1428509355418057063	CPU_4	100.00	0	0	0	0	0	0	0	0	0
1428509356138460991	CPU_4	98.61	0	0	0	0	1.38	0	0	0	0
1428509356850333271	CPU_4	97.22	0	0	0	0	1.38	1.38	0	0	0
1428509357571556239	CPU_4	98.61	0	0	0	0	1.38	0	0	0	0
1428509358291410960	CPU_4	98.61	0	0	0	0	0	1.38	0	0	0
1428509359000318747	CPU_4	98.57	0	0	0	0	1.42	0	0	0	0
1428509359722994962	CPU_4	98.63	0	0	0	0	1.36	0	0	0	0
1428509360435278117	CPU_4	97.22	0	0	0	0	1.38	1.38	0	0	0
1428509361156232211	CPU_4	100.00	0	0	0	0	0	0	0	0	0
1428509361872153900	CPU_4	97.26	0	0	0	0	1.36	1.36	0	0	0
1428509362584579889	CPU_4	98.59	0	0	0	0	1.40	0	0	0	0
1428509363313510424	CPU_4	98.63	0	0	0	0	1.36	0	0	0	0
1428509364024004917	CPU_4	98.59	0	0	0	0	0	1.40	0	0	0
1428509364738453860	CPU_4	98.59	0	0	0	0	1.40	0	0	0	0
1428509365456322795	CPU_4	97.26	0	0	0	0	1.36	1.36	0	0	0
1428509366169251700	CPU_4	98.59	0	0	0	0	1.40	0	0	0	0
1428509366890481086	CPU_4	100.00	0	0	0	0	0	0	0	0	0
1428509367604962821	CPU_4	97.22	0	0	0	0	1.38	1.38	0	0	0
1428509368325005293	CPU_4	98.61	0	0	0	0	1.38	0	0	0	0
1428509369044530559	CPU_4	97.26	0	0	0	0	1.36	1.36	0	0	0
1428509369757314964	CPU_4	100.00	0	0	0	0	0	0	0	0	0
1428509370479215892	CPU_4	98.61	0	0	0	0	1.38	0	0	0	0
1428509371189800594	CPU_4	97.22	0	0	0	0	1.38	1.38	0	0	0
1428509371900914462	CPU_4	98.59	0	0	0	0	1.40	0	0	0	0
1428509372624047345	CPU_4	98.61	0	0	0	0	0	1.38	0	0	0
1428509373348094726	CPU_4	98.61	0	0	0	0	1.38	0	0	0	0
1428509374068405616	CPU_4	98.63	0	0	0	0	1.36	0	0	0	0
1428509374781277606	CPU_4	97.18	0	0	0	0	1.40	1.40	0	0	0
1428509375493450431	CPU_4	100.00	0	0	0	0	0	0	0	0	0
1428509376218846976	CPU_4	97.22	0	0	0	0	1.38	1.38	0	0	0
1428509376929844929	CPU_4	98.61	0	0	0	0	1.38	0	0	0	0
1428509377652875563	CPU_4	98.61	0	0	0	0	1.38	0	0	0	0
1428509378371261083	CPU_4	98.61	0	0	0	0	0	1.38	0	0	0
1428509379083243117	CPU_4	98.57	0	0	0	0	1.42	0	0	0	0
1428509379805703919	CPU_4	97.29	0	0	0	0	1.35	1.35	0	0	0
1428509380517375038	CPU_4	98.57	0	0	0	0	1.42	0	0	0	0
1428509381241540587	CPU_4	100.00	0	0	0	0	0	0	0	0	0
1428509381951651584	CPU_4	97.22	0	0	0	0	1.38	1.38	0	0	0
1428509382666985028	CPU_4	98.59	0	0	0	0	1.40	0	0	0	0
1428509383395519818	CPU_4	97.29	0	0	0	0	1.35	1.35	0	0	0
1428509384107802019	CPU_4	100.00	0	0	0	0	0	0	0	0	0
1428509384829385824	CPU_4	98.61	0	0	0	0	1.38	0	0	0	0
1428509385540689820	CPU_4	97.22	0	0	0	0	1.38	1.38	0	0	0
1428509386260938628	CPU_4	100.00	0	0	0	0	0	0	0	0	0
1428509386981722644	CPU_4	97.26	0	0	0	0	1.36	1.36	0	0	0
1428509387695166052	CPU_4	98.61	0	0	0	0	1.38	0	0	0	0
1428509388423161760	CPU_4	98.61	0	0	0	0	1.38	0	0	0	0
1428509389136290460	CPU_4	98.59	0	0	0	0	0	1.40	0	0	0
1428509389848439330	CPU_4	98.59	0	0	0	0	1.40	0	0	0	0
1428509390570265177	CPU_4	97.26	0	0	0	0	1.36	1.36	0	0	0
1428509391283376878	CPU_4	98.61	0	0	0	0	1.38	0	0	0	0
1428509392007193430	CPU_4	100.00	0	0	0	0	0	0	0	0	0
1428509392720750963	CPU_4	97.22	0	0	0	0	1.38	1.38	0	0	0
1428509393440573690	CPU_4	98.61	0	0	0	0	1.38	0	0	0	0
1428509394167517402	CPU_4	97.26	0	0	0	0	1.36	1.36	0	0	0
1428509394879747730	CPU_4	100.00	0	0	0	0	0	0	0	0	0
1428509395605955444	CPU_4	98.61	0	0	0	0	1.38	0	0	0	0
1428509396320152393	CPU_4	97.22	0	0	0	0	1.38	1.38	0	0	0
1428509397031568307	CPU_4	98.59	0	0	0	0	1.40	0	0	0	0
1428509397754874278	CPU_4	98.61	0	0	0	0	0	1.38	0	0	0
1428509398475915087	CPU_4	98.61	0	0	0	0	1.38	0	0	0	0
1428509399198475601	CPU_4	98.63	0	0	0	0	1.36	0	0	0	0
1428509399909063809	CPU_4	97.18	0	0	0	0	1.40	1.40	0	0	0
1428509400621390346	CPU_4	100.00	0	0	0	0	0	0	0	0	0
1428509401345875648	CPU_4	97.26	0	0	0	0	1.36	1.36	0	0	0
1428509402056297273	CPU_4	98.61	0	0	0	0	1.38	0	0	0	0
1428509402779590036	CPU_4	98.59	0	0	0	0	1.40	0	0	0	0
1428509403503157382	CPU_4	97.26	0	0	0	0	1.36	1.36	0	0	0
1428509404218040165	CPU_4	100.00	0	0	0	0	0	0	0	0	0
1428509404939317600	CPU_4	97.26	0	0	0	0	1.36	1.36	0	0	0
1428509405654294715	CPU_4	98.61	0	0	0	0	1.38	0	0	0	0
1428509406372582532	CPU_4	98.57	0	0	0	0	1.42	0	0	0	0
1428509407092251721	CPU_4	98.63	0	0	0	0	0	1.36	0	0	0
1428509407804689509	CPU_4	98.59	0	0	0	0	1.40	0	0	0	0
1428509408532471638	CPU_4	97.26	0	0	0	0	1.36	1.36	0	0	0
1428509409247205005	CPU_4	98.61	0	0	0	0	1.38	0	0	0	0
1428509409963243702	CPU_4	100.00	0	0	0	0	0	0	0	0	0
1428509410682921267	CPU_4	97.26	0	0	0	0	1.36	1.36	0	0	0
1428509411395783513	CPU_4	98.59	0	0	0	0	1.40	0	0	0	0
1428509412120002734	CPU_4	97.26	0	0	0	0	1.36	1.36	0	0	0
1428509412831846608	CPU_4	100.00	0	0	0	0	0	0	0	0	0
1428509413553142920	CPU_4	98.59	0	0	0	0	1.40	0	0	0	0
1428509414275638937	CPU_4	97.29	0	0	0	0	1.35	1.35	0	0	0
1428509414987179270	CPU_4	98.57	0	0	0	0	1.42	0	0	0	0
1428509415713011280	CPU_4	98.63	0	0	0	0	0	1.36	0	0	0
1428509416425990027	CPU_4	98.59	0	0	0	0	1.40	0	0	0	0
1428509417144813678	CPU_4	98.61	0	0	0	0	1.38	0	0	0	0
1428509417862527456	CPU_4	97.22	0	0	0	0	1.38	1.38	0	0	0
1428509418579398570	CPU_4	100.00	0	0	0	0	0	0	0	0	0
1428509419305831579	CPU_4	97.26	0	0	0	0	1.36	1.36	0	0	0
1428509420019889116	CPU_4	98.59	0	0	0	0	1.40	0	0	0	0
1428509420731878282	CPU_4	98.61	0	0	0	0	1.38	0	0	0	0
1428509421454668050	CPU_4	98.61	0	0	0	0	0	1.38	0	0	0
1428509422167227424	CPU_4	98.59	0	0	0	0	1.40	0	0	0	0
1428509422889003361	CPU_4	97.26	0	0	0	0	1.36	1.36	0	0	0
1428509423612931502	CPU_4	98.61	0	0	0	0	1.38	0	0	0	0
1428509424361503254	CPU_4	100.00	0	0	0	0	0	0	0	0	0
1428509425081744403	CPU_4	97.26	0	0	0	0	1.36	1.36	0	0	0
1428509425794050278	CPU_4	98.59	0	0	0	0	1.40	0	0	0	0
1428509426517115630	CPU_4	97.26	0	0	0	0	1.36	1.36	0	0	0
1428509427231109501	CPU_4	100.00	0	0	0	0	0	0	0	0	0
1428509427955664641	CPU_4	98.61	0	0	0	0	1.38	0	0	0	0
1428509428677913620	CPU_4	97.29	0	0	0	0	1.35	1.35	0	0	0
1428509429395014735	CPU_4	98.59	0	0	0	0	1.40	0	0	0	0
1428509430119120376	CPU_4	98.63	0	0	0	0	0	1.36	0	0	0
1428509430832679916	CPU_4	98.57	0	0	0	0	1.42	0	0	0	0
1428509431554723479	CPU_4	98.63	0	0	0	0	1.36	0	0	0	0
1428509432275063004	CPU_4	97.26	0	0	0	0	1.36	1.36	0	0	0
1428509432988027754	CPU_4	100.00	0	0	0	0	0	0	0	0	0
1428509433714883640	CPU_4	97.26	0	0	0	0	1.36	1.36	0	0	0
1428509434427910098	CPU_4	98.59	0	0	0	0	1.40	0	0	0	0
1428509435148537706	CPU_4	98.61	0	0	0	0	1.38	0	0	0	0
1428509435868463191	CPU_4	98.63	0	0	0	0	0	1.36	0	0	0
1428509436581054151	CPU_4	98.59	0	0	0	0	1.40	0	0	0	0
1428509437304621545	CPU_4	97.26	0	0	0	0	1.36	1.36	0	0	0
1428509438018589252	CPU_4	100.00	0	0	0	0	0	0	0	0	0
1428509438749080464	CPU_4	98.63	0	0	0	0	1.36	0	0	0	0
1428509439465736665	CPU_4	97.26	0	0	0	0	1.36	1.36	0	0	0
1428509440179639997	CPU_4	98.59	0	0	0	0	1.40	0	0	0	0
1428509440903999015	CPU_4	98.61	0	0	0	0	0	1.38	0	0	0
1428509441615799310	CPU_4	98.59	0	0	0	0	1.40	0	0	0	0
1428509442332524304	CPU_4	98.61	0	0	0	0	1.38	0	0	0	0
1428509443054563327	CPU_4	97.26	0	0	0	0	1.36	1.36	0	0	0
1428509443777432557	CPU_4	100.00	0	0	0	0	0	0	0	0	0
1428509444500095162	CPU_4	97.26	0	0	0	0	1.36	1.36	0	0	0
1428509445214397453	CPU_4	98.59	0	0	0	0	1.40	0	0	0	0
1428509445933413066	CPU_4	98.61	0	0	0	0	1.38	0	0	0	0
1428509446655734215	CPU_4	98.61	0	0	0	0	0	1.38	0	0	0
1428509447372116501	CPU_4	98.59	0	0	0	0	1.40	0	0	0	0
1428509448095866063	CPU_4	97.29	0	0	0	0	1.35	1.35	0	0	0
1428509448815345051	CPU_4	98.59	0	0	0	0	1.40	0	0	0	0
1428509449538067532	CPU_4	100.00	0	0	0	0	0	0	0	0	0
1428509450261225929	CPU_4	97.26	0	0	0	0	1.36	1.36	0	0	0
1428509450975998261	CPU_4	98.59	0	0	0	0	1.40	0	0	0	0
1428509451702978775	CPU_4	97.26	0	0	0	0	1.36	1.36	0	0	0
1428509452416947068	CPU_4	100.00	0	0	0	0	0	0	0	0	0
1428509453140058257	CPU_4	98.61	0	0	0	0	1.38	0	0	0	0
1428509453865895315	CPU_4	97.29	0	0	0	0	1.35	1.35	0	0	0
1428509454582190603	CPU_4	98.59	0	0	0	0	1.40	0	0	0	0
1428509455308090120	CPU_4	97.26	0	0	0	0	1.36	1.36	0	0	0
1428509456023105244	CPU_4	100.00	0	0	0	0	0	0	0	0	0
1428509456750734966	CPU_4	98.63	0	0	0	0	1.36	0	0	0	0
1428509457464544135	CPU_4	97.26	0	0	0	0	1.36	1.36	0	0	0
1428509458177357806	CPU_4	100.00	0	0	0	0	0	0	0	0	0
1428509458906043359	CPU_4	97.26	0	0	0	0	1.36	1.36	0	0	0
1428509459620826776	CPU_4	98.61	0	0	0	0	1.38	0	0	0	0
1428509460349736328	CPU_4	98.61	0	0	0	0	1.38	0	0	0	0
1428509461072910061	CPU_4	98.63	0	0	0	0	0	1.36	0	0	0
1428509461788080852	CPU_4	98.59	0	0	0	0	1.40	0	0	0	0
1428509462514149745	CPU_4	97.29	0	0	0	0	1.35	1.35	0	0	0
1428509463225512462	CPU_4	98.57	0	0	0	0	1.42	0	0	0	0
1428509463955226430	CPU_4	100.00	0	0	0	0	0	0	0	0	0
1428509464675093795	CPU_4	97.26	0	0	0	0	1.36	1.36	0	0	0
1428509465395325909	CPU_4	98.61	0	0	0	0	1.38	0	0	0	0
1428509466120355221	CPU_4	97.26	0	0	0	0	1.36	1.36	0	0	0
1428509466835366722	CPU_4	100.00	0	0	0	0	0	0	0	0	0
1428509467562225989	CPU_4	98.61	0	0	0	0	1.38	0	0	0	0
1428509468280032359	CPU_4	97.26	0	0	0	0	1.36	1.36	0	0	0
1428509468999234893	CPU_4	98.61	0	0	0	0	1.38	0	0	0	0
1428509469726844325	CPU_4	98.61	0	0	0	0	0	1.38	0	0	0
1428509470445311486	CPU_4	98.61	0	0	0	0	1.38	0	0	0	0
1428509471170869590	CPU_4	97.26	0	0	0	0	1.36	1.36	0	0	0
1428509471886085633	CPU_4	98.61	0	0	0	0	1.38	0	0	0	0
1428509472600271595	CPU_4	100.00	0	0	0	0	0	0	0	0	0
1428509473326690697	CPU_4	97.26	0	0	0	0	1.36	1.36	0	0	0
1428509474042859947	CPU_4	98.61	0	0	0	0	1.38	0	0	0	0
1428509474763569145	CPU_4	98.61	0	0	0	0	1.38	0	0	0	0
1428509475485167300	CPU_4	98.61	0	0	0	0	0	1.38	0	0	0
1428509476197186726	CPU_4	98.59	0	0	0	0	1.40	0	0	0	0
1428509476923228121	CPU_4	97.29	0	0	0	0	1.35	1.35	0	0	0
1428509477637579292	CPU_4	100.00	0	0	0	0	0	0	0	0	0
1428509478358380907	CPU_4	97.22	0	0	0	0	1.38	1.38	0	0	0
1428509479084179220	CPU_4	98.64	0	0	0	0	1.35	0	0	0	0
1428509479799503806	CPU_4	98.59	0	0	0	0	1.40	0	0	0	0
1428509480525831159	CPU_4	98.61	0	0	0	0	0	1.38	0	0	0
1428509481244290322	CPU_4	98.61	0	0	0	0	1.38	0	0	0	0
1428509481970019968	CPU_4	97.26	0	0	0	0	1.36	1.36	0	0	0
1428509482689429629	CPU_4	98.61	0	0	0	0	1.38	0	0	0	0
1428509483405468547	CPU_4	100.00	0	0	0	0	0	0	0	0	0
1428509484136879932	CPU_4	97.26	0	0	0	0	1.36	1.36	0	0	0
1428509484852795976	CPU_4	98.61	0	0	0	0	1.38	0	0	0	0
1428509485581128826	CPU_4	97.26	0	0	0	0	1.36	1.36	0	0	0
1428509486298206534	CPU_4	100.00	0	0	0	0	0	0	0	0	0
1428509487012167707	CPU_4	98.59	0	0	0	0	1.40	0	0	0	0
1428509487741985221	CPU_4	97.29	0	0	0	0	1.35	1.35	0	0	0
1428509488459073971	CPU_4	98.61	0	0	0	0	1.38	0	0	0	0
1428509489195728553	CPU_4	98.63	0	0	0	0	0	1.36	0	0	0
1428509489910766725	CPU_4	98.61	0	0	0	0	1.38	0	0	0	0
1428509490627274935	CPU_4	98.59	0	0	0	0	1.40	0	0	0	0
1428509491353458790	CPU_4	97.29	0	0	0	0	1.35	1.35	0	0	0
1428509492069832084	CPU_4	100.00	0	0	0	0	0	0	0	0	0
1428509492800402889	CPU_4	97.26	0	0	0	0	1.36	1.36	0	0	0
1428509493517641139	CPU_4	98.63	0	0	0	0	1.36	0	0	0	0
1428509494239283130	CPU_4	98.61	0	0	0	0	1.38	0	0	0	0
1428509494967011900	CPU_4	98.61	0	0	0	0	0	1.38	0	0	0
1428509495680381993	CPU_4	98.59	0	0	0	0	1.40	0	0	0	0
1428509496408092471	CPU_4	97.29	0	0	0	0	1.35	1.35	0	0	0
1428509497124287599	CPU_4	98.59	0	0	0	0	1.40	0	0	0	0
1428509497839793729	CPU_4	100.00	0	0	0	0	0	0	0	0	0
1428509498566559876	CPU_4	97.26	0	0	0	0	1.36	1.36	0	0	0
1428509499350284856	CPU_4	98.73	0	0	0	0	1.26	0	0	0	0
1428509500075409632	CPU_4	97.26	0	0	0	0	1.36	1.36	0	0	0
1428509500791690928	CPU_4	100.00	0	0	0	0	0	0	0	0	0
1428509501508440514	CPU_4	98.61	0	0	0	0	1.38	0	0	0	0
1428509502246040722	CPU_4	97.33	0	0	0	0	1.33	1.33	0	0	0
1428509502962965933	CPU_4	98.59	0	0	0	0	1.40	0	0	0	0
1428509503688799999	CPU_4	98.63	0	0	0	0	0	1.36	0	0	0
1428509504463307833	CPU_4	98.68	0	0	0	0	1.31	0	0	0	0
1428509505187284273	CPU_4	97.29	0	0	0	0	1.35	1.35	0	0	0
1428509505903460267	CPU_4	98.61	0	0	0	0	1.38	0	0	0	0
1428509506620479719	CPU_4	100.00	0	0	0	0	0	0	0	0	0
1428509507361660158	CPU_4	97.33	0	0	0	0	1.33	1.33	0	0	0
1428509508076609197	CPU_4	98.59	0	0	0	0	1.40	0	0	0	0
1428509508800921382	CPU_4	97.26	0	0	0	0	1.36	1.36	0	0	0
1428509509571062632	CPU_4	98.70	0	0	0	0	1.29	0	0	0	0
1428509510295047277	CPU_4	100.00	0	0	0	0	0	0	0	0	0
1428509511010017441	CPU_4	97.22	0	0	0	0	1.38	1.38	0	0	0
1428509511727104018	CPU_4	98.59	0	0	0	0	1.40	0	0	0	0
1428509512470831868	CPU_4	97.33	0	0	0	0	1.33	1.33	0	0	0
1428509513185923199	CPU_4	100.00	0	0	0	0	0	0	0	0	0
1428509513947048012	CPU_4	98.64	0	0	0	0	1.35	0	0	0	0
1428509514661024845	CPU_4	97.29	0	0	0	0	1.35	1.35	0	0	0
1428509515380243959	CPU_4	98.59	0	0	0	0	1.40	0	0	0	0
1428509516101216485	CPU_4	98.63	0	0	0	0	0	1.36	0	0	0
1428509516814290613	CPU_4	98.59	0	0	0	0	1.40	0	0	0	0
1428509517555839552	CPU_4	98.64	0	0	0	0	1.35	0	0	0	0
1428509518269419345	CPU_4	97.22	0	0	0	0	1.38	1.38	0	0	0
1428509519005326630	CPU_4	100.00	0	0	0	0	0	0	0	0	0
1428509519719632464	CPU_4	97.26	0	0	0	0	1.36	1.36	0	0	0
1428509520435661002	CPU_4	98.59	0	0	0	0	1.40	0	0	0	0
1428509521162920723	CPU_4	97.26	0	0	0	0	1.36	1.36	0	0	0
1428509521880720132	CPU_4	100.00	0	0	0	0	0	0	0	0	0
1428509522625830480	CPU_4	98.63	0	0	0	0	1.36	0	0	0	0
1428509523342675017	CPU_4	97.26	0	0	0	0	1.36	1.36	0	0	0
1428509524059877302	CPU_4	98.61	0	0	0	0	1.38	0	0	0	0
1428509524786855524	CPU_4	98.61	0	0	0	0	0	1.38	0	0	0
1428509525501746732	CPU_4	98.61	0	0	0	0	1.38	0	0	0	0
1428509526228169039	CPU_4	98.61	0	0	0	0	1.38	0	0	0	0
1428509526949540607	CPU_4	97.26	0	0	0	0	1.36	1.36	0	0	0
1428509527692309795	CPU_4	100.00	0	0	0	0	0	0	0	0	0
1428509528417383355	CPU_4	97.26	0	0	0	0	1.36	1.36	0	0	0
1428509529135049890	CPU_4	98.63	0	0	0	0	1.36	0	0	0	0
1428509529862176320	CPU_4	98.61	0	0	0	0	1.38	0	0	0	0
1428509530582724141	CPU_4	98.61	0	0	0	0	0	1.38	0	0	0
1428509531297883015	CPU_4	98.59	0	0	0	0	1.40	0	0	0	0
1428509532025340903	CPU_4	97.29	0	0	0	0	1.35	1.35	0	0	0
1428509532742415356	CPU_4	100.00	0	0	0	0	0	0	0	0	0
1428509533470227202	CPU_4	98.61	0	0	0	0	1.38	0	0	0	0
1428509534186262325	CPU_4	97.22	0	0	0	0	1.38	1.38	0	0	0
1428509534903075570	CPU_4	98.61	0	0	0	0	1.38	0	0	0	0
1428509535631665665	CPU_4	97.26	0	0	0	0	1.36	1.36	0	0	0
1428509536347058330	CPU_4	100.00	0	0	0	0	0	0	0	0	0
1428509537074899927	CPU_4	98.63	0	0	0	0	1.36	0	0	0	0
1428509537792473004	CPU_4	97.22	0	0	0	0	1.38	1.38	0	0	0
1428509538510940621	CPU_4	100.00	0	0	0	0	0	0	0	0	0
1428509539237346221	CPU_4	97.26	0	0	0	0	1.36	1.36	0	0	0
1428509540010785217	CPU_4	98.70	0	0	0	0	1.29	0	0	0	0
1428509540740578059	CPU_4	98.64	0	0	0	0	1.35	0	0	0	0
1428509541457271014	CPU_4	97.22	0	0	0	0	1.38	1.38	0	0	0
1428509542187459689	CPU_4	100.00	0	0	0	0	0	0	0	0	0
1428509542903554353	CPU_4	97.26	0	0	0	0	1.36	1.36	0	0	0
1428509543629052664	CPU_4	98.61	0	0	0	0	1.38	0	0	0	0
1428509544362501540	CPU_4	98.63	0	0	0	0	1.36	0	0	0	0
1428509545213870614	CPU_4	98.82	0	0	0	0	0	1.17	0	0	0
1428509545942205376	CPU_4	98.61	0	0	0	0	1.38	0	0	0	0
1428509546666339107	CPU_4	97.29	0	0	0	0	1.35	1.35	0	0	0
1428509547392147334	CPU_4	98.61	0	0	0	0	1.38	0	0	0	0
1428509548111120992	CPU_4	98.61	0	0	0	0	0	1.38	0	0	0
1428509548832958978	CPU_4	98.59	0	0	0	0	1.40	0	0	0	0
1428509549603526564	CPU_4	98.68	0	0	0	0	1.31	0	0	0	0
1428509550318946272	CPU_4	97.29	0	0	0	0	1.35	1.35	0	0	0
1428509551047023411	CPU_4	100.00	0	0	0	0	0	0	0	0	0
1428509551765362363	CPU_4	97.22	0	0	0	0	1.38	1.38	0	0	0
1428509552493265460	CPU_4	98.63	0	0	0	0	1.36	0	0	0	0
1428509553210932831	CPU_4	98.61	0	0	0	0	1.38	0	0	0	0
1428509553944133500	CPU_4	98.63	0	0	0	0	0	1.36	0	0	0
1428509554681178577	CPU_4	98.63	0	0	0	0	1.36	0	0	0	0
1428509555399120239	CPU_4	97.26	0	0	0	0	1.36	1.36	0	0	0
1428509556124344218	CPU_4	98.61	0	0	0	0	1.38	0	0	0	0
1428509556842262213	CPU_4	100.00	0	0	0	0	0	0	0	0	0
1428509557559813292	CPU_4	97.26	0	0	0	0	1.36	1.36	0	0	0
1428509558290622758	CPU_4	98.63	0	0	0	0	1.36	0	0	0	0
1428509559034620904	CPU_4	97.33	0	0	0	0	1.33	1.33	0	0	0
1428509559765769162	CPU_4	100.00	0	0	0	0	0	0	0	0	0
1428509560483397199	CPU_4	97.22	0	0	0	0	1.38	1.38	0	0	0
1428509561212995169	CPU_4	98.63	0	0	0	0	1.36	0	0	0	0
1428509561927985212	CPU_4	98.59	0	0	0	0	1.40	0	0	0	0
1428509562649203034	CPU_4	98.63	0	0	0	0	0	1.36	0	0	0
1428509563375805927	CPU_4	98.61	0	0	0	0	1.38	0	0	0	0
1428509564094512671	CPU_4	97.26	0	0	0	0	1.36	1.36	0	0	0
1428509564820406274	CPU_4	98.61	0	0	0	0	1.38	0	0	0	0
1428509565537495979	CPU_4	100.00	0	0	0	0	0	0	0	0	0
1428509566255625475	CPU_4	97.22	0	0	0	0	1.38	1.38	0	0	0
1428509566985471611	CPU_4	98.63	0	0	0	0	1.36	0	0	0	0
1428509567700929279	CPU_4	97.22	0	0	0	0	1.38	1.38	0	0	0
1428509568428780128	CPU_4	100.00	0	0	0	0	0	0	0	0	0
1428509569146443791	CPU_4	98.59	0	0	0	0	1.40	0	0	0	0
1428509569862854040	CPU_4	97.22	0	0	0	0	1.38	1.38	0	0	0
1428509570591410721	CPU_4	98.63	0	0	0	0	1.36	0	0	0	0
1428509571310910380	CPU_4	98.61	0	0	0	0	0	1.38	0	0	0
1428509572039044354	CPU_4	98.61	0	0	0	0	1.38	0	0	0	0
1428509572757354474	CPU_4	98.61	0	0	0	0	1.38	0	0	0	0
1428509573473582600	CPU_4	97.26	0	0	0	0	1.36	1.36	0	0	0
1428509574203176320	CPU_4	100.00	0	0	0	0	0	0	0	0	0
1428509574920577443	CPU_4	97.26	0	0	0	0	1.36	1.36	0	0	0
1428509575688432370	CPU_4	98.68	0	0	0	0	1.31	0	0	0	0
1428509576402997458	CPU_4	98.61	0	0	0	0	1.38	0	0	0	0
1428509577132877720	CPU_4	98.63	0	0	0	0	0	1.36	0	0	0
1428509577851183882	CPU_4	98.59	0	0	0	0	1.40	0	0	0	0
1428509578567968506	CPU_4	97.26	0	0	0	0	1.36	1.36	0	0	0
1428509579297163645	CPU_4	98.61	0	0	0	0	1.38	0	0	0	0
1428509580019518424	CPU_4	100.00	0	0	0	0	0	0	0	0	0
1428509580754446633	CPU_4	97.29	0	0	0	0	1.35	1.35	0	0	0
1428509581471191341	CPU_4	98.61	0	0	0	0	1.38	0	0	0	0
1428509582190235085	CPU_4	97.22	0	0	0	0	1.38	1.38	0	0	0
1428509582919608266	CPU_4	100.00	0	0	0	0	0	0	0	0	0
1428509583640268715	CPU_4	98.61	0	0	0	0	1.38	0	0	0	0
1428509584367744899	CPU_4	97.29	0	0	0	0	1.35	1.35	0	0	0
1428509585086244687	CPU_4	98.59	0	0	0	0	1.40	0	0	0	0
1428509585808913341	CPU_4	98.63	0	0	0	0	0	1.36	0	0	0
1428509586537885688	CPU_4	98.61	0	0	0	0	1.38	0	0	0	0
1428509587255325937	CPU_4	98.61	0	0	0	0	1.38	0	0	0	0
1428509587982864663	CPU_4	97.26	0	0	0	0	1.36	1.36	0	0	0
1428509588704247236	CPU_4	100.00	0	0	0	0	0	0	0	0	0
1428509589430022425	CPU_4	97.22	0	0	0	0	1.38	1.38	0	0	0
1428509590151192291	CPU_4	98.63	0	0	0	0	1.36	0	0	0	0
1428509590875322733	CPU_4	97.26	0	0	0	0	1.36	1.36	0	0	0
1428509591603952207	CPU_4	100.00	0	0	0	0	0	0	0	0	0
1428509592324669157	CPU_4	98.61	0	0	0	0	1.38	0	0	0	0
1428509593053163965	CPU_4	97.26	0	0	0	0	1.36	1.36	0	0	0
1428509593772733251	CPU_4	98.61	0	0	0	0	1.38	0	0	0	0
1428509594489854126	CPU_4	98.61	0	0	0	0	0	1.38	0	0	0
1428509595222015592	CPU_4	98.63	0	0	0	0	1.36	0	0	0	0
1428509595943127250	CPU_4	98.61	0	0	0	0	1.38	0	0	0	0
1428509596674281177	CPU_4	97.29	0	0	0	0	1.35	1.35	0	0	0
1428509597393060965	CPU_4	100.00	0	0	0	0	0	0	0	0	0
1428509598114859747	CPU_4	97.26	0	0	0	0	1.36	1.36	0	0	0
1428509598842628473	CPU_4	98.63	0	0	0	0	1.36	0	0	0	0
1428509599560845680	CPU_4	98.61	0	0	0	0	1.38	0	0	0	0
1428509600290067445	CPU_4	98.63	0	0	0	0	0	1.36	0	0	0
1428509601017042215	CPU_4	98.61	0	0	0	0	1.38	0	0	0	0
1428509601736662793	CPU_4	97.26	0	0	0	0	1.36	1.36	0	0	0
1428509602466020183	CPU_4	98.63	0	0	0	0	1.36	0	0	0	0
1428509603184007098	CPU_4	100.00	0	0	0	0	0	0	0	0	0
1428509603914910360	CPU_4	97.29	0	0	0	0	1.35	1.35	0	0	0
1428509604632213444	CPU_4	98.59	0	0	0	0	1.40	0	0	0	0
1428509605357571093	CPU_4	98.61	0	0	0	0	0	1.38	0	0	0
1428509606089672436	CPU_4	98.64	0	0	0	0	1.35	0	0	0	0
1428509606810326679	CPU_4	98.61	0	0	0	0	1.38	0	0	0	0
1428509607539302070	CPU_4	97.26	0	0	0	0	1.36	1.36	0	0	0
1428509608257948901	CPU_4	100.00	0	0	0	0	0	0	0	0	0
1428509608986773626	CPU_4	97.26	0	0	0	0	1.36	1.36	0	0	0
1428509609702674171	CPU_4	98.61	0	0	0	0	1.38	0	0	0	0
1428509610422178875	CPU_4	98.61	0	0	0	0	1.38	0	0	0	0
1428509611155653174	CPU_4	98.63	0	0	0	0	0	1.36	0	0	0
1428509611874817670	CPU_4	98.61	0	0	0	0	1.38	0	0	0	0
1428509612602406523	CPU_4	97.26	0	0	0	0	1.36	1.36	0	0	0
1428509613321213979	CPU_4	98.61	0	0	0	0	1.38	0	0	0	0
1428509614041415432	CPU_4	100.00	0	0	0	0	0	0	0	0	0
1428509614771930821	CPU_4	97.29	0	0	0	0	1.35	1.35	0	0	0
1428509615490787735	CPU_4	98.61	0	0	0	0	1.38	0	0	0	0
1428509616221873622	CPU_4	97.26	0	0	0	0	1.36	1.36	0	0	0
1428509616943387948	CPU_4	100.00	0	0	0	0	0	0	0	0	0
1428509617662754236	CPU_4	98.61	0	0	0	0	1.38	0	0	0	0
1428509618393104334	CPU_4	97.29	0	0	0	0	1.35	1.35	0	0	0
1428509619111135625	CPU_4	98.61	0	0	0	0	1.38	0	0	0	0
1428509619840905724	CPU_4	98.63	0	0	0	0	0	1.36	0	0	0
1428509620558337433	CPU_4	98.59	0	0	0	0	1.40	0	0	0	0
1428509621289534279	CPU_4	98.63	0	0	0	0	1.36	0	0	0	0
1428509622012353935	CPU_4	97.26	0	0	0	0	1.36	1.36	0	0	0
1428509622733112263	CPU_4	100.00	0	0	0	0	0	0	0	0	0
1428509623463954568	CPU_4	97.29	0	0	0	0	1.35	1.35	0	0	0
1428509624183004441	CPU_4	98.61	0	0	0	0	1.38	0	0	0	0
1428509624916298116	CPU_4	98.63	0	0	0	0	1.36	0	0	0	0
1428509625639111939	CPU_4	98.63	0	0	0	0	0	1.36	0	0	0
1428509626363897257	CPU_4	98.61	0	0	0	0	1.38	0	0	0	0
1428509627094154981	CPU_4	97.29	0	0	0	0	1.35	1.35	0	0	0
1428509627814938225	CPU_4	98.59	0	0	0	0	1.40	0	0	0	0
1428509628545302740	CPU_4	98.63	0	0	0	0	0	1.36	0	0	0
1428509629266253526	CPU_4	98.61	0	0	0	0	1.38	0	0	0	0
1428509629984141318	CPU_4	98.61	0	0	0	0	1.38	0	0	0	0
1428509630714654042	CPU_4	97.29	0	0	0	0	1.35	1.35	0	0	0
1428509631438909529	CPU_4	100.00	0	0	0	0	0	0	0	0	0
1428509632171221331	CPU_4	97.29	0	0	0	0	1.35	1.35	0	0	0
1428509632892531575	CPU_4	98.61	0	0	0	0	1.38	0	0	0	0
1428509633612985737	CPU_4	98.61	0	0	0	0	1.38	0	0	0	0
1428509634344032334	CPU_4	98.63	0	0	0	0	0	1.36	0	0	0
1428509635064994995	CPU_4	98.61	0	0	0	0	1.38	0	0	0	0
1428509635794777471	CPU_4	97.26	0	0	0	0	1.36	1.36	0	0	0
1428509636513415887	CPU_4	98.61	0	0	0	0	1.38	0	0	0	0
1428509637249970847	CPU_4	98.63	0	0	0	0	1.36	0	0	0	0
1428509637972110298	CPU_4	98.63	0	0	0	0	0	1.36	0	0	0
1428509638691130547	CPU_4	98.59	0	0	0	0	1.40	0	0	0	0
1428509639421520480	CPU_4	97.29	0	0	0	0	1.35	1.35	0	0	0
1428509640140586645	CPU_4	98.61	0	0	0	0	1.38	0	0	0	0
1428509640872748407	CPU_4	100.00	0	0	0	0	0	0	0	0	0
1428509641596080855	CPU_4	97.26	0	0	0	0	1.36	1.36	0	0	0
1428509642319947552	CPU_4	98.63	0	0	0	0	1.36	0	0	0	0
1428509643050164277	CPU_4	97.26	0	0	0	0	1.36	1.36	0	0	0
1428509643772887519	CPU_4	100.00	0	0	0	0	0	0	0	0	0
1428509644501929621	CPU_4	98.63	0	0	0	0	1.36	0	0	0	0
1428509645221310828	CPU_4	97.26	0	0	0	0	1.36	1.36	0	0	0
1428509645942598156	CPU_4	98.61	0	0	0	0	1.38	0	0	0	0
1428509646675052251	CPU_4	98.63	0	0	0	0	0	1.36	0	0	0
1428509647396662662	CPU_4	98.61	0	0	0	0	1.38	0	0	0	0
1428509648126042598	CPU_4	97.29	0	0	0	0	1.35	1.35	0	0	0
1428509648846893968	CPU_4	100.00	0	0	0	0	0	0	0	0	0
1428509649571859080	CPU_4	98.61	0	0	0	0	1.38	0	0	0	0
1428509650297078483	CPU_4	97.29	0	0	0	0	1.35	1.35	0	0	0
1428509651017681022	CPU_4	98.59	0	0	0	0	1.40	0	0	0	0
1428509651748997953	CPU_4	98.64	0	0	0	0	0	1.35	0	0	0
1428509652472479777	CPU_4	98.61	0	0	0	0	1.38	0	0	0	0
1428509653202048420	CPU_4	98.63	0	0	0	0	1.36	0	0	0	0
1428509653921171129	CPU_4	97.22	0	0	0	0	1.38	1.38	0	0	0
1428509654642965123	CPU_4	100.00	0	0	0	0	0	0	0	0	0
1428509655374615471	CPU_4	97.29	0	0	0	0	1.35	1.35	0	0	0
1428509656094119178	CPU_4	98.63	0	0	0	0	1.36	0	0	0	0
1428509656825126277	CPU_4	98.61	0	0	0	0	1.38	0	0	0	0
1428509657547314271	CPU_4	98.61	0	0	0	0	0	1.38	0	0	0
1428509658268005226	CPU_4	98.61	0	0	0	0	1.38	0	0	0	0
1428509658999588991	CPU_4	97.29	0	0	0	0	1.35	1.35	0	0	0
1428509659718338576	CPU_4	98.61	0	0	0	0	1.38	0	0	0	0
1428509660450408006	CPU_4	98.63	0	0	0	0	1.36	0	0	0	0
1428509661170906379	CPU_4	98.61	0	0	0	0	0	1.38	0	0	0
1428509661890553420	CPU_4	98.59	0	0	0	0	1.40	0	0	0	0
1428509662620061606	CPU_4	97.29	0	0	0	0	1.35	1.35	0	0	0
1428509663341936268	CPU_4	98.61	0	0	0	0	1.38	0	0	0	0
1428509664081342682	CPU_4	100.00	0	0	0	0	0	0	0	0	0
1428509664810937702	CPU_4	97.29	0	0	0	0	1.35	1.35	0	0	0
1428509665531566324	CPU_4	98.61	0	0	0	0	1.38	0	0	0	0
1428509666262590924	CPU_4	97.26	0	0	0	0	1.36	1.36	0	0	0
1428509666987623996	CPU_4	100.00	0	0	0	0	0	0	0	0	0
1428509667719391677	CPU_4	98.63	0	0	0	0	1.36	0	0	0	0
1428509668440852173	CPU_4	97.26	0	0	0	0	1.36	1.36	0	0	0
1428509669176734013	CPU_4	98.63	0	0	0	0	1.36	0	0	0	0
1428509669900183088	CPU_4	98.63	0	0	0	0	0	1.36	0	0	0
1428509670620759211	CPU_4	98.59	0	0	0	0	1.40	0	0	0	0
1428509671353073392	CPU_4	97.29	0	0	0	0	1.35	1.35	0	0	0
1428509672074093431	CPU_4	98.63	0	0	0	0	1.36	0	0	0	0
1428509672803789742	CPU_4	100.00	0	0	0	0	0	0	0	0	0
1428509673527023277	CPU_4	97.22	0	0	0	0	1.38	1.38	0	0	0
1428509674248069982	CPU_4	98.61	0	0	0	0	1.38	0	0	0	0
1428509674981870202	CPU_4	97.29	0	0	0	0	1.35	1.35	0	0	0
1428509675702499492	CPU_4	100.00	0	0	0	0	0	0	0	0	0
1428509676436878377	CPU_4	98.63	0	0	0	0	1.36	0	0	0	0
1428509677157262376	CPU_4	97.26	0	0	0	0	1.36	1.36	0	0	0
1428509677879113955	CPU_4	98.61	0	0	0	0	1.38	0	0	0	0
1428509678612448093	CPU_4	98.63	0	0	0	0	0	1.36	0	0	0
1428509679329960682	CPU_4	98.61	0	0	0	0	1.38	0	0	0	0
1428509680062094113	CPU_4	98.63	0	0	0	0	1.36	0	0	0	0
1428509680782776987	CPU_4	97.22	0	0	0	0	1.38	1.38	0	0	0
1428509681519552242	CPU_4	100.00	0	0	0	0	0	0	0	0	0
1428509682237559455	CPU_4	97.22	0	0	0	0	1.38	1.38	0	0	0
1428509682960470449	CPU_4	98.63	0	0	0	0	1.36	0	0	0	0
1428509683691131260	CPU_4	100.00	0	0	0	0	0	0	0	0	0
1428509684412682257	CPU_4	97.26	0	0	0	0	1.36	1.36	0	0	0
1428509685141565904	CPU_4	98.63	0	0	0	0	1.36	0	0	0	0
1428509685862912152	CPU_4	97.22	0	0	0	0	1.38	1.38	0	0	0
1428509686588359224	CPU_4	100.00	0	0	0	0	0	0	0	0	0
1428509687319452242	CPU_4	98.63	0	0	0	0	1.36	0	0	0	0
1428509688042985943	CPU_4	97.26	0	0	0	0	1.36	1.36	0	0	0
1428509688774850252	CPU_4	98.63	0	0	0	0	1.36	0	0	0	0
1428509689498463369	CPU_4	97.26	0	0	0	0	1.36	1.36	0	0	0
1428509690227005102	CPU_4	100.00	0	0	0	0	0	0	0	0	0
1428509690955042585	CPU_4	98.63	0	0	0	0	1.36	0	0	0	0
1428509691682669986	CPU_4	97.26	0	0	0	0	1.36	1.36	0	0	0
1428509692414590669	CPU_4	98.63	0	0	0	0	1.36	0	0	0	0
1428509693136516375	CPU_4	98.61	0	0	0	0	0	1.38	0	0	0
1428509693866229479	CPU_4	98.63	0	0	0	0	1.36	0	0	0	0
1428509694590877470	CPU_4	98.63	0	0	0	0	1.36	0	0	0	0
1428509695311063430	CPU_4	98.61	0	0	0	0	0	1.38	0	0	0
1428509696042690406	CPU_4	98.61	0	0	0	0	1.38	0	0	0	0
1428509696766090275	CPU_4	97.29	0	0	0	0	1.35	1.35	0	0	0
1428509697498119250	CPU_4	98.61	0	0	0	0	1.38	0	0	0	0
1428509698219752581	CPU_4	100.00	0	0	0	0	0	0	0	0	0
1428509698944030490	CPU_4	97.26	0	0	0	0	1.36	1.36	0	0	0
1428509699676610547	CPU_4	98.63	0	0	0	0	1.36	0	0	0	0
1428509700399442584	CPU_4	97.26	0	0	0	0	1.36	1.36	0	0	0
1428509701131935642	CPU_4	100.00	0	0	0	0	0	0	0	0	0
1428509701858818754	CPU_4	97.26	0	0	0	0	1.36	1.36	0	0	0
1428509702598190255	CPU_4	98.66	0	0	0	0	1.33	0	0	0	0
1428509703318542714	CPU_4	98.59	0	0	0	0	1.40	0	0	0	0
1428509704041031294	CPU_4	98.63	0	0	0	0	0	1.36	0	0	0
1428509704775714056	CPU_4	98.63	0	0	0	0	1.36	0	0	0	0
1428509705499750174	CPU_4	97.26	0	0	0	0	1.36	1.36	0	0	0
1428509706229790529	CPU_4	98.63	0	0	0	0	1.36	0	0	0	0
1428509706957680764	CPU_4	100.00	0	0	0	0	0	0	0	0	0
1428509707681300842	CPU_4	94.52	0	2.73	0	0	1.36	1.36	0	0	0
1428509708413501734	CPU_4	98.63	0	0	0	0	1.36	0	0	0	0
1428509709133125904	CPU_4	97.26	0	0	0	0	1.36	1.36	0	0	0
1428509709866089253	CPU_4	100.00	0	0	0	0	0	0	0	0	0
1428509710587749002	CPU_4	98.61	0	0	0	0	1.38	0	0	0	0
1428509711317850607	CPU_4	97.29	0	0	0	0	1.35	1.35	0	0	0
1428509712048507003	CPU_4	98.63	0	0	0	0	1.36	0	0	0	0
1428509712768574006	CPU_4	98.61	0	0	0	0	0	1.38	0	0	0
1428509713501246105	CPU_4	98.63	0	0	0	0	1.36	0	0	0	0
1428509714222475856	CPU_4	98.61	0	0	0	0	1.38	0	0	0	0
1428509714956725077	CPU_4	97.29	0	0	0	0	1.35	1.35	0	0	0
1428509715678921950	CPU_4	100.00	0	0	0	0	0	0	0	0	0
1428509716401477239	CPU_4	97.22	0	0	0	0	1.38	1.38	0	0	0
1428509717143753568	CPU_4	98.64	0	0	0	0	1.35	0	0	0	0
1428509717864215612	CPU_4	97.26	0	0	0	0	1.36	1.36	0	0	0
1428509718599144957	CPU_4	98.64	0	0	0	0	1.35	0	0	0	0
1428509719320344291	CPU_4	100.00	0	0	0	0	0	0	0	0	0
1428509720056711800	CPU_4	97.29	0	0	0	0	1.35	1.35	0	0	0
1428509720779517839	CPU_4	98.61	0	0	0	0	1.38	0	0	0	0
1428509721503318542	CPU_4	98.61	0	0	0	0	0	1.38	0	0	0
1428509722235760977	CPU_4	98.64	0	0	0	0	1.35	0	0	0	0
1428509722961706800	CPU_4	98.61	0	0	0	0	1.38	0	0	0	0
1428509723691929823	CPU_4	97.29	0	0	0	0	1.35	1.35	0	0	0
1428509724414084447	CPU_4	100.00	0	0	0	0	0	0	0	0	0
1428509725140378562	CPU_4	97.26	0	0	0	0	1.36	1.36	0	0	0
1428509725876198947	CPU_4	98.64	0	0	0	0	1.35	0	0	0	0
1428509726615867158	CPU_4	98.64	0	0	0	0	1.35	0	0	0	0
1428509727352305459	CPU_4	97.29	0	0	0	0	1.35	1.35	0	0	0
1428509728076721328	CPU_4	100.00	0	0	0	0	0	0	0	0	0
1428509728819020825	CPU_4	97.33	0	0	0	0	1.33	1.33	0	0	0
1428509729542954737	CPU_4	98.61	0	0	0	0	1.38	0	0	0	0
1428509730266777024	CPU_4	98.63	0	0	0	0	1.36	0	0	0	0
1428509731003085117	CPU_4	98.63	0	0	0	0	0	1.36	0	0	0
1428509731725563741	CPU_4	98.63	0	0	0	0	1.36	0	0	0	0
1428509732461656002	CPU_4	97.29	0	0	0	0	1.35	1.35	0	0	0
1428509733184334750	CPU_4	100.00	0	0	0	0	0	0	0	0	0
1428509733907262373	CPU_4	98.61	0	0	0	0	1.38	0	0	0	0
1428509734642608510	CPU_4	97.33	0	0	0	0	1.33	1.33	0	0	0
1428509735364714760	CPU_4	98.61	0	0	0	0	1.38	0	0	0	0
1428509736100243105	CPU_4	98.63	0	0	0	0	0	1.36	0	0	0
1428509736821972648	CPU_4	98.61	0	0	0	0	1.38	0	0	0	0
1428509737567527888	CPU_4	98.66	0	0	0	0	1.33	0	0	0	0
1428509738289220847	CPU_4	97.26	0	0	0	0	1.36	1.36	0	0	0
1428509739015886921	CPU_4	100.00	0	0	0	0	0	0	0	0	0
1428509739748481064	CPU_4	97.29	0	0	0	0	1.35	1.35	0	0	0
1428509740472226978	CPU_4	98.61	0	0	0	0	1.38	0	0	0	0
1428509741207565240	CPU_4	97.29	0	0	0	0	1.35	1.35	0	0	0
1428509741930599655	CPU_4	100.00	0	0	0	0	0	0	0	0	0
1428509742656646814	CPU_4	98.61	0	0	0	0	1.38	0	0	0	0
1428509743390990954	CPU_4	97.33	0	0	0	0	1.33	1.33	0	0	0
1428509744115432116	CPU_4	98.61	0	0	0	0	1.38	0	0	0	0
1428509744849696506	CPU_4	98.63	0	0	0	0	0	1.36	0	0	0
1428509745572917296	CPU_4	98.61	0	0	0	0	1.38	0	0	0	0
1428509746311451677	CPU_4	98.64	0	0	0	0	1.35	0	0	0	0
1428509747037466836	CPU_4	97.26	0	0	0	0	1.36	1.36	0	0	0
1428509747761219708	CPU_4	100.00	0	0	0	0	0	0	0	0	0
1428509748495538640	CPU_4	97.29	0	0	0	0	1.35	1.35	0	0	0
1428509749221167634	CPU_4	98.63	0	0	0	0	1.36	0	0	0	0
1428509749955269900	CPU_4	61.64	0	1.36	35.61	0	1.36	0	0	0	0
