#Timestamp	CPU_ID	user%	nice%	sys%	idle%	iowait%	irq%	softiq%	steal%	guest%	guest_nice%
1428539856304729321	CPU_0	94.73	0	3.50	1.75	0	0	0	0	0	0
1428539856917420355	CPU_0	96.77	0	0	0	0	1.61	1.61	0	0	0
1428539857531767639	CPU_0	100.00	0	0	0	0	0	0	0	0	0
1428539858144894423	CPU_0	98.36	0	0	0	0	1.63	0	0	0	0
1428539858765935164	CPU_0	98.38	0	0	0	0	1.61	0	0	0	0
1428539859380094115	CPU_0	98.38	0	1.61	0	0	0	0	0	0	0
1428539859994596481	CPU_0	96.77	0	0	0	0	1.61	1.61	0	0	0
1428539860607959348	CPU_0	100.00	0	0	0	0	0	0	0	0	0
1428539861221380840	CPU_0	98.36	0	0	0	0	1.63	0	0	0	0
1428539861841821331	CPU_0	96.77	0	1.61	0	0	1.61	0	0	0	0
1428539862455445864	CPU_0	100.00	0	0	0	0	0	0	0	0	0
1428539863069442730	CPU_0	96.82	0	0	0	0	1.58	1.58	0	0	0
1428539863683815388	CPU_0	100.00	0	0	0	0	0	0	0	0	0
1428539864298208254	CPU_0	96.72	0	1.63	0	0	1.63	0	0	0	0
1428539864918387453	CPU_0	100.00	0	0	0	0	0	0	0	0	0
1428539865533569277	CPU_0	98.41	0	0	0	0	1.58	0	0	0	0
1428539866148318310	CPU_0	96.72	0	0	0	0	1.63	1.63	0	0	0
1428539866762823051	CPU_0	100.00	0	0	0	0	0	0	0	0	0
1428539867384048832	CPU_0	98.41	0	0	0	0	1.58	0	0	0	0
1428539868000037781	CPU_0	100.00	0	0	0	0	0	0	0	0	0
1428539868615693438	CPU_0	95.23	0	3.17	0	0	1.58	0	0	0	0
1428539869231104137	CPU_0	98.36	0	0	0	0	0	1.63	0	0	0
1428539869847262294	CPU_0	98.38	0	0	0	0	1.61	0	0	0	0
1428539870469629950	CPU_0	100.00	0	0	0	0	0	0	0	0	0
1428539871084985981	CPU_0	96.72	0	1.63	0	0	1.63	0	0	0	0
1428539871700707180	CPU_0	98.38	0	0	0	0	1.61	0	0	0	0
1428539872316382878	CPU_0	96.77	0	1.61	0	0	0	1.61	0	0	0
1428539872932031451	CPU_0	98.38	0	0	0	0	1.61	0	0	0	0
1428539873553803523	CPU_0	98.38	0	1.61	0	0	0	0	0	0	0
1428539874169412888	CPU_0	98.36	0	0	0	0	1.63	0	0	0	0
1428539874785215377	CPU_0	100.00	0	0	0	0	0	0	0	0	0
1428539875401932949	CPU_0	98.38	0	0	0	0	1.61	0	0	0	0
1428539876023793730	CPU_0	96.82	0	0	0	0	1.58	1.58	0	0	0
1428539876639798802	CPU_0	100.00	0	0	0	0	0	0	0	0	0
1428539877254906208	CPU_0	98.36	0	0	0	0	1.63	0	0	0	0
1428539877871867697	CPU_0	98.38	0	1.61	0	0	0	0	0	0	0
1428539878487241102	CPU_0	98.38	0	0	0	0	1.61	0	0	0	0
1428539879109578799	CPU_0	98.38	0	0	0	0	0	1.61	0	0	0
1428539879725307121	CPU_0	96.77	0	1.61	0	0	1.61	0	0	0	0
1428539880342296151	CPU_0	96.72	0	1.63	0	0	1.63	0	0	0	0
1428539880958374972	CPU_0	100.00	0	0	0	0	0	0	0	0	0
1428539881584794585	CPU_0	96.82	0	0	0	0	1.58	1.58	0	0	0
1428539882201027073	CPU_0	98.38	0	1.61	0	0	0	0	0	0	0
1428539882818020936	CPU_0	96.72	0	1.63	0	0	1.63	0	0	0	0
1428539883434378841	CPU_0	98.38	0	0	0	0	1.61	0	0	0	0
1428539884051511370	CPU_0	98.38	0	1.61	0	0	0	0	0	0	0
1428539884674762149	CPU_0	98.41	0	0	0	0	1.58	0	0	0	0
1428539885292310637	CPU_0	98.36	0	0	0	0	0	1.63	0	0	0
1428539885910057749	CPU_0	98.41	0	0	0	0	1.58	0	0	0	0
1428539886527236320	CPU_0	100.00	0	0	0	0	0	0	0	0	0
1428539887144145891	CPU_0	95.16	0	3.22	0	0	1.61	0	0	0	0
1428539887767311252	CPU_0	96.82	0	0	0	0	1.58	1.58	0	0	0
1428539888385510989	CPU_0	96.77	0	1.61	0	0	1.61	0	0	0	0
1428539889002231018	CPU_0	100.00	0	0	0	0	0	0	0	0	0
1428539889618961547	CPU_0	96.82	0	1.58	0	0	1.58	0	0	0	0
1428539890242393575	CPU_0	98.36	0	1.63	0	0	0	0	0	0	0
1428539890860303103	CPU_0	95.23	0	1.58	0	0	1.58	1.58	0	0	0
1428539891477587548	CPU_0	100.00	0	0	0	0	0	0	0	0	0
1428539892094798035	CPU_0	96.82	0	1.58	0	0	1.58	0	0	0	0
1428539892711791438	CPU_0	100.00	0	0	0	0	0	0	0	0	0
1428539893335987299	CPU_0	98.41	0	0	0	0	1.58	0	0	0	0
1428539893952851202	CPU_0	96.77	0	0	0	0	1.61	1.61	0	0	0
1428539894570674938	CPU_0	100.00	0	0	0	0	0	0	0	0	0
1428539895187468299	CPU_0	96.72	0	1.63	0	0	1.63	0	0	0	0
1428539895811377409	CPU_0	98.41	0	0	0	0	1.58	0	0	0	0
1428539896429594770	CPU_0	95.16	0	3.22	0	0	1.61	0	0	0	0
1428539897046893298	CPU_0	98.38	0	0	0	0	0	1.61	0	0	0
1428539897664096325	CPU_0	98.38	0	0	0	0	1.61	0	0	0	0
1428539898281537019	CPU_0	100.00	0	0	0	0	0	0	0	0	0
1428539898905755337	CPU_0	96.82	0	1.58	0	0	1.58	0	0	0	0
1428539899524128114	CPU_0	98.41	0	0	0	0	1.58	0	0	0	0
1428539900142028849	CPU_0	98.36	0	0	0	0	0	1.63	0	0	0
1428539900759762960	CPU_0	98.38	0	0	0	0	1.61	0	0	0	0
1428539901383973527	CPU_0	100.00	0	0	0	0	0	0	0	0	0
1428539902001777012	CPU_0	98.36	0	0	0	0	1.63	0	0	0	0
1428539902619241539	CPU_0	96.82	0	1.58	0	0	1.58	0	0	0	0
1428539903236674899	CPU_0	96.72	0	1.63	0	0	0	1.63	0	0	0
1428539903855009258	CPU_0	95.23	0	1.58	0	0	3.17	0	0	0	0
1428539904479196909	CPU_0	96.77	0	1.61	0	0	1.61	0	0	0	0
1428539905096979977	CPU_0	98.36	0	0	0	0	1.63	0	0	0	0
1428539905715548503	CPU_0	96.82	0	1.58	0	0	0	1.58	0	0	0
1428539906333507029	CPU_0	98.38	0	0	0	0	1.61	0	0	0	0
1428539906957447554	CPU_0	98.38	0	0	0	0	1.61	0	0	0	0
1428539907575981288	CPU_0	100.00	0	0	0	0	0	0	0	0	0
1428539908194507022	CPU_0	96.82	0	1.58	0	0	1.58	0	0	0	0
1428539908811952506	CPU_0	98.36	0	0	0	0	0	1.63	0	0	0
1428539909430618240	CPU_0	96.77	0	1.61	0	0	1.61	0	0	0	0
1428539910055142181	CPU_0	100.00	0	0	0	0	0	0	0	0	0
1428539910672871540	CPU_0	96.77	0	1.61	0	0	1.61	0	0	0	0
1428539911290583565	CPU_0	98.38	0	0	0	0	1.61	0	0	0	0
1428539911908703507	CPU_0	96.77	0	1.61	0	0	0	1.61	0	0	0
1428539912533832281	CPU_0	98.41	0	0	0	0	1.58	0	0	0	0
1428539913151409140	CPU_0	98.36	0	1.63	0	0	0	0	0	0	0
1428539913768489790	CPU_0	98.36	0	0	0	0	1.63	0	0	0	0
1428539914386464939	CPU_0	100.00	0	0	0	0	0	0	0	0	0
1428539915003812464	CPU_0	95.23	0	1.58	0	0	1.58	1.58	0	0	0
1428539915628748530	CPU_0	98.38	0	0	0	0	1.61	0	0	0	0
1428539916246829512	CPU_0	98.36	0	1.63	0	0	0	0	0	0	0
1428539916865574120	CPU_0	98.38	0	0	0	0	1.61	0	0	0	0
1428539917483044436	CPU_0	100.00	0	0	0	0	0	0	0	0	0
1428539918106729460	CPU_0	96.87	0	0	0	0	1.56	1.56	0	0	0
1428539918727103150	CPU_0	96.77	0	1.61	0	0	1.61	0	0	0	0
1428539919344917882	CPU_0	100.00	0	0	0	0	0	0	0	0	0
1428539919963256740	CPU_0	98.38	0	0	0	0	1.61	0	0	0	0
1428539920581314638	CPU_0	100.00	0	0	0	0	0	0	0	0	0
1428539921205363036	CPU_0	96.82	0	0	0	0	1.58	1.58	0	0	0
1428539921823577227	CPU_0	100.00	0	0	0	0	0	0	0	0	0
1428539922442540583	CPU_0	98.36	0	0	0	0	1.63	0	0	0	0
1428539923060720982	CPU_0	98.38	0	0	0	0	1.61	0	0	0	0
1428539923679511630	CPU_0	100.00	0	0	0	0	0	0	0	0	0
1428539924302669069	CPU_0	96.82	0	0	0	0	1.58	1.58	0	0	0
1428539924921479926	CPU_0	98.38	0	1.61	0	0	0	0	0	0	0
1428539925540238907	CPU_0	98.38	0	0	0	0	1.61	0	0	0	0
1428539926158341763	CPU_0	98.36	0	1.63	0	0	0	0	0	0	0
1428539926782908577	CPU_0	96.82	0	1.58	0	0	1.58	0	0	0	0
1428539927401801266	CPU_0	96.82	0	0	0	0	1.58	1.58	0	0	0
1428539928020376331	CPU_0	100.00	0	0	0	0	0	0	0	0	0
1428539928638544103	CPU_0	98.38	0	0	0	0	1.61	0	0	0	0
1428539929259302167	CPU_0	100.00	0	0	0	0	0	0	0	0	0
1428539929882527147	CPU_0	98.36	0	0	0	0	1.63	0	0	0	0
1428539930501210461	CPU_0	96.82	0	0	0	0	1.58	1.58	0	0	0
1428539931119487858	CPU_0	100.00	0	0	0	0	0	0	0	0	0
1428539931738933880	CPU_0	98.38	0	0	0	0	1.61	0	0	0	0
1428539932364801359	CPU_0	98.38	0	1.61	0	0	0	0	0	0	0
1428539932984158298	CPU_0	98.41	0	0	0	0	1.58	0	0	0	0
1428539933602766903	CPU_0	96.72	0	1.63	0	0	0	1.63	0	0	0
1428539934221580466	CPU_0	98.38	0	0	0	0	1.61	0	0	0	0
1428539934845973195	CPU_0	98.38	0	0	0	0	1.61	0	0	0	0
1428539935467848425	CPU_0	100.00	0	0	0	0	0	0	0	0	0
1428539936086199530	CPU_0	96.77	0	1.61	0	0	1.61	0	0	0	0
1428539936704669634	CPU_0	96.82	0	1.58	0	0	0	1.58	0	0	0
1428539937323314155	CPU_0	96.77	0	1.61	0	0	1.61	0	0	0	0
1428539937949068467	CPU_0	98.38	0	0	0	0	1.61	0	0	0	0
1428539938567339113	CPU_0	100.00	0	0	0	0	0	0	0	0	0
1428539939185334051	CPU_0	98.38	0	0	0	0	1.61	0	0	0	0
1428539939803580238	CPU_0	98.38	0	0	0	0	0	1.61	0	0	0
1428539940428862550	CPU_0	96.82	0	1.58	0	0	1.58	0	0	0	0
1428539941049681404	CPU_0	100.00	0	0	0	0	0	0	0	0	0
1428539941668385799	CPU_0	96.82	0	1.58	0	0	1.58	0	0	0	0
1428539942286837736	CPU_0	100.00	0	0	0	0	0	0	0	0	0
1428539942906304673	CPU_0	96.77	0	0	0	0	1.61	1.61	0	0	0
1428539943531247651	CPU_0	98.41	0	0	0	0	1.58	0	0	0	0
1428539944149984046	CPU_0	100.00	0	0	0	0	0	0	0	0	0
1428539944768587441	CPU_0	98.41	0	0	0	0	1.58	0	0	0	0
1428539945388106544	CPU_0	98.36	0	1.63	0	0	0	0	0	0	0
1428539946008038730	CPU_0	96.82	0	0	0	0	1.58	1.58	0	0	0
1428539946631300958	CPU_0	96.82	0	1.58	0	0	1.58	0	0	0	0
1428539947250155644	CPU_0	100.00	0	0	0	0	0	0	0	0	0
1428539947869199039	CPU_0	98.38	0	0	0	0	1.61	0	0	0	0
1428539948488825308	CPU_0	96.77	0	1.61	0	0	0	1.61	0	0	0
1428539949113729618	CPU_0	96.82	0	1.58	0	0	1.58	0	0	0	0
1428539949732182263	CPU_0	100.00	0	0	0	0	0	0	0	0	0
1428539950350900657	CPU_0	98.38	0	0	0	0	1.61	0	0	0	0
1428539950969522676	CPU_0	96.77	0	1.61	0	0	1.61	0	0	0	0
1428539951589986736	CPU_0	98.38	0	0	0	0	0	1.61	0	0	0
1428539952212576880	CPU_0	96.82	0	1.58	0	0	1.58	0	0	0	0
1428539952831373982	CPU_0	100.00	0	0	0	0	0	0	0	0	0
1428539953450073542	CPU_0	98.36	0	0	0	0	1.63	0	0	0	0
1428539954068333727	CPU_0	98.38	0	0	0	0	1.61	0	0	0	0
1428539954692582704	CPU_0	96.82	0	1.58	0	0	0	1.58	0	0	0
1428539955311214139	CPU_0	96.77	0	1.61	0	0	1.61	0	0	0	0
1428539955930059657	CPU_0	95.23	0	3.17	0	0	1.58	0	0	0	0
1428539956548600842	CPU_0	100.00	0	0	0	0	0	0	0	0	0
1428539957168721276	CPU_0	96.77	0	1.61	0	0	1.61	0	0	0	0
1428539957791529002	CPU_0	98.38	0	0	0	0	0	1.61	0	0	0
1428539958410549145	CPU_0	98.38	0	0	0	0	1.61	0	0	0	0
1428539959029960996	CPU_0	96.77	0	1.61	0	0	1.61	0	0	0	0
1428539959648356681	CPU_0	100.00	0	0	0	0	0	0	0	0	0
1428539960273218114	CPU_0	96.82	0	1.58	0	0	1.58	0	0	0	0
1428539960892115590	CPU_0	98.38	0	0	0	0	0	1.61	0	0	0
1428539961511510358	CPU_0	98.38	0	0	0	0	1.61	0	0	0	0
1428539962129950542	CPU_0	100.00	0	0	0	0	0	0	0	0	0
1428539962750616142	CPU_0	96.72	0	1.63	0	0	1.63	0	0	0	0
1428539963375030492	CPU_0	98.41	0	0	0	0	1.58	0	0	0	0
1428539963995242884	CPU_0	96.77	0	1.61	0	0	0	1.61	0	0	0
1428539964615192067	CPU_0	98.41	0	0	0	0	1.58	0	0	0	0
1428539965234123417	CPU_0	100.00	0	0	0	0	0	0	0	0	0
1428539965859551017	CPU_0	98.41	0	0	0	0	1.58	0	0	0	0
1428539966479120033	CPU_0	98.38	0	1.61	0	0	0	0	0	0	0
1428539967098097675	CPU_0	96.77	0	0	0	0	1.61	1.61	0	0	0
1428539967716901983	CPU_0	98.38	0	0	0	0	1.61	0	0	0	0
1428539968343089540	CPU_0	100.00	0	0	0	0	0	0	0	0	0
1428539968964911848	CPU_0	96.82	0	1.58	0	0	1.58	0	0	0	0
1428539969583943114	CPU_0	98.36	0	1.63	0	0	0	0	0	0	0
1428539970203073380	CPU_0	96.82	0	0	0	0	1.58	1.58	0	0	0
1428539970821888354	CPU_0	100.00	0	0	0	0	0	0	0	0	0
1428539971447843953	CPU_0	98.41	0	0	0	0	1.58	0	0	0	0
1428539972067019760	CPU_0	98.36	0	0	0	0	1.63	0	0	0	0
1428539972685833026	CPU_0	100.00	0	0	0	0	0	0	0	0	0
1428539973304862458	CPU_0	95.23	0	1.58	0	0	1.58	1.58	0	0	0
1428539973930037557	CPU_0	100.00	0	0	0	0	0	0	0	0	0
1428539974551079280	CPU_0	98.38	0	0	0	0	1.61	0	0	0	0
1428539975170118379	CPU_0	98.41	0	0	0	0	1.58	0	0	0	0
1428539975788964311	CPU_0	100.00	0	0	0	0	0	0	0	0	0
1428539976407956492	CPU_0	95.23	0	1.58	0	0	1.58	1.58	0	0	0
1428539977033709132	CPU_0	98.41	0	1.58	0	0	0	0	0	0	0
1428539977653002313	CPU_0	98.36	0	0	0	0	1.63	0	0	0	0
1428539978272053120	CPU_0	100.00	0	0	0	0	0	0	0	0	0
1428539978891506468	CPU_0	98.41	0	0	0	0	1.58	0	0	0	0
1428539979521138773	CPU_0	98.38	0	0	0	0	0	1.61	0	0	0
1428539980140404038	CPU_0	95.23	0	3.17	0	0	1.58	0	0	0	0
1428539980760144135	CPU_0	98.38	0	0	0	0	1.61	0	0	0	0
1428539981379114566	CPU_0	98.38	0	1.61	0	0	0	0	0	0	0
1428539981998978872	CPU_0	98.38	0	0	0	0	1.61	0	0	0	0
1428539982624694094	CPU_0	98.38	0	0	0	0	0	1.61	0	0	0
1428539983244155316	CPU_0	96.82	0	1.58	0	0	1.58	0	0	0	0
1428539983864482038	CPU_0	98.38	0	0	0	0	1.61	0	0	0	0
1428539984484815677	CPU_0	98.36	0	1.63	0	0	0	0	0	0	0
1428539985110683940	CPU_0	98.41	0	0	0	0	1.58	0	0	0	0
1428539985730298621	CPU_0	98.38	0	0	0	0	0	1.61	0	0	0
1428539986350084926	CPU_0	98.41	0	0	0	0	1.58	0	0	0	0
1428539986970160939	CPU_0	98.36	0	0	0	0	1.63	0	0	0	0
1428539987590219911	CPU_0	100.00	0	0	0	0	0	0	0	0	0
1428539988215992423	CPU_0	96.82	0	0	0	0	1.58	1.58	0	0	0
1428539988835745353	CPU_0	100.00	0	0	0	0	0	0	0	0	0
1428539989455618241	CPU_0	96.82	0	1.58	0	0	1.58	0	0	0	0
1428539990075246338	CPU_0	100.00	0	0	0	0	0	0	0	0	0
1428539990700879725	CPU_0	98.41	0	0	0	0	1.58	0	0	0	0
1428539991321221738	CPU_0	95.23	0	1.58	0	0	1.58	1.58	0	0	0
1428539991941202209	CPU_0	100.00	0	0	0	0	0	0	0	0	0
1428539992561599304	CPU_0	96.77	0	1.61	0	0	1.61	0	0	0	0
1428539993181165525	CPU_0	98.38	0	1.61	0	0	0	0	0	0	0
1428539993807128537	CPU_0	98.41	0	0	0	0	1.58	0	0	0	0
1428539994427193758	CPU_0	96.77	0	0	0	0	1.61	1.61	0	0	0
1428539995048864645	CPU_0	100.00	0	0	0	0	0	0	0	0	0
1428539995668782365	CPU_0	98.38	0	0	0	0	1.61	0	0	0	0
1428539996295673585	CPU_0	100.00	0	0	0	0	0	0	0	0	0
1428539996915415680	CPU_0	98.38	0	0	0	0	1.61	0	0	0	0
1428539997536721066	CPU_0	96.82	0	1.58	0	0	0	1.58	0	0	0
1428539998156179328	CPU_0	98.38	0	0	0	0	1.61	0	0	0	0
1428539998777810048	CPU_0	96.72	0	3.27	0	0	0	0	0	0	0
1428539999402369267	CPU_0	98.38	0	0	0	0	1.61	0	0	0	0
1428540000023824570	CPU_0	96.82	0	1.58	0	0	1.58	0	0	0	0
1428540000643705207	CPU_0	98.38	0	0	0	0	0	1.61	0	0	0
1428540001263890843	CPU_0	96.82	0	1.58	0	0	1.58	0	0	0	0
1428540001890223187	CPU_0	100.00	0	0	0	0	0	0	0	0	0
1428540002511732406	CPU_0	98.38	0	0	0	0	1.61	0	0	0	0
1428540003131286625	CPU_0	96.77	0	1.61	0	0	1.61	0	0	0	0
1428540003751547094	CPU_0	98.38	0	0	0	0	0	1.61	0	0	0
1428540004377177355	CPU_0	98.41	0	0	0	0	1.58	0	0	0	0
1428540004998356032	CPU_0	100.00	0	0	0	0	0	0	0	0	0
1428540005618365542	CPU_0	98.36	0	0	0	0	1.63	0	0	0	0
1428540006238491219	CPU_0	100.00	0	0	0	0	0	0	0	0	0
1428540006858529522	CPU_0	95.23	0	1.58	0	0	1.58	1.58	0	0	0
1428540007486149448	CPU_0	96.82	0	1.58	0	0	1.58	0	0	0	0
1428540008106393999	CPU_0	98.38	0	1.61	0	0	0	0	0	0	0
1428540008727015718	CPU_0	98.38	0	0	0	0	1.61	0	0	0	0
1428540009347294228	CPU_0	98.36	0	1.63	0	0	0	0	0	0	0
1428540009975078237	CPU_0	96.87	0	0	0	0	1.56	1.56	0	0	0
1428540010596099538	CPU_0	100.00	0	0	0	0	0	0	0	0	0
1428540011217443215	CPU_0	98.36	0	0	0	0	1.63	0	0	0	0
1428540011838562516	CPU_0	96.82	0	1.58	0	0	1.58	0	0	0	0
1428540012459583192	CPU_0	100.00	0	0	0	0	0	0	0	0	0
1428540013087736950	CPU_0	96.82	0	0	0	0	1.58	1.58	0	0	0
1428540013709174501	CPU_0	100.00	0	0	0	0	0	0	0	0	0
1428540014329703677	CPU_0	98.38	0	0	0	0	1.61	0	0	0	0
1428540014950670019	CPU_0	96.77	0	3.22	0	0	0	0	0	0	0
1428540015577958819	CPU_0	98.38	0	0	0	0	1.61	0	0	0	0
1428540016198600328	CPU_0	96.82	0	0	0	0	1.58	1.58	0	0	0
1428540016819570920	CPU_0	100.00	0	0	0	0	0	0	0	0	0
1428540017440177512	CPU_0	98.41	0	0	0	0	1.58	0	0	0	0
1428540018067836020	CPU_0	100.00	0	0	0	0	0	0	0	0	0
1428540018691399820	CPU_0	98.41	0	0	0	0	1.58	0	0	0	0
1428540019312014954	CPU_0	98.38	0	0	0	0	0	1.61	0	0	0
1428540019932698004	CPU_0	98.38	0	0	0	0	1.61	0	0	0	0
1428540020554353678	CPU_0	96.82	0	1.58	0	0	1.58	0	0	0	0
1428540021181548519	CPU_0	100.00	0	0	0	0	0	0	0	0	0
1428540021802381652	CPU_0	98.41	0	0	0	0	1.58	0	0	0	0
1428540022423665285	CPU_0	96.77	0	1.61	0	0	0	1.61	0	0	0
1428540023045613334	CPU_0	98.41	0	0	0	0	1.58	0	0	0	0
1428540023672610341	CPU_0	96.72	0	1.63	0	0	1.63	0	0	0	0
1428540024293371807	CPU_0	95.23	0	1.58	0	0	3.17	0	0	0	0
1428540024914317732	CPU_0	95.23	0	1.58	0	0	1.58	1.58	0	0	0
1428540025536252364	CPU_0	98.36	0	1.63	0	0	0	0	0	0	0
1428540026157092205	CPU_0	98.38	0	0	0	0	1.61	0	0	0	0
1428540026785548669	CPU_0	96.87	0	1.56	0	0	1.56	0	0	0	0
1428540027406620010	CPU_0	100.00	0	0	0	0	0	0	0	0	0
1428540028028214642	CPU_0	95.23	0	1.58	0	0	1.58	1.58	0	0	0
1428540028648988524	CPU_0	98.41	0	0	0	0	1.58	0	0	0	0
1428540029276745322	CPU_0	100.00	0	0	0	0	0	0	0	0	0
1428540029897542995	CPU_0	98.41	0	0	0	0	1.58	0	0	0	0
1428540030519194544	CPU_0	98.38	0	1.61	0	0	0	0	0	0	0
1428540031139434675	CPU_0	95.23	0	1.58	0	0	1.58	1.58	0	0	0
1428540031762552056	CPU_0	100.00	0	0	0	0	0	0	0	0	0
1428540032388011229	CPU_0	98.38	0	0	0	0	1.61	0	0	0	0
1428540033009135485	CPU_0	98.41	0	0	0	0	1.58	0	0	0	0
1428540033630599992	CPU_0	100.00	0	0	0	0	0	0	0	0	0
1428540034251265789	CPU_0	96.82	0	0	0	0	1.58	1.58	0	0	0
1428540034878677378	CPU_0	100.00	0	0	0	0	0	0	0	0	0
1428540035499624759	CPU_0	98.38	0	0	0	0	1.61	0	0	0	0
1428540036120278473	CPU_0	98.38	0	1.61	0	0	0	0	0	0	0
1428540036740799271	CPU_0	98.38	0	0	0	0	1.61	0	0	0	0
1428540037367422401	CPU_0	95.23	0	1.58	0	0	1.58	1.58	0	0	0
1428540037987578823	CPU_0	100.00	0	0	0	0	0	0	0	0	0
1428540038608974495	CPU_0	96.82	0	1.58	0	0	1.58	0	0	0	0
1428540039229374501	CPU_0	100.00	0	0	0	0	0	0	0	0	0
1428540039850178006	CPU_0	98.38	0	0	0	0	1.61	0	0	0	0
1428540040477348844	CPU_0	98.41	0	0	0	0	0	1.58	0	0	0
1428540041098774141	CPU_0	98.38	0	0	0	0	1.61	0	0	0	0
1428540041719822104	CPU_0	96.77	0	1.61	0	0	1.61	0	0	0	0
1428540042340997734	CPU_0	100.00	0	0	0	0	0	0	0	0	0
1428540042968789738	CPU_0	98.43	0	0	0	0	1.56	0	0	0	0
1428540043591242701	CPU_0	98.38	0	0	0	0	0	1.61	0	0	0
1428540044212377539	CPU_0	98.38	0	0	0	0	1.61	0	0	0	0
1428540044833674335	CPU_0	100.00	0	0	0	0	0	0	0	0	0
1428540045454831089	CPU_0	98.41	0	0	0	0	1.58	0	0	0	0
1428540046083061301	CPU_0	96.82	0	1.58	0	0	1.58	0	0	0	0
1428540046704011597	CPU_0	98.38	0	0	0	0	0	1.61	0	0	0
1428540047326300851	CPU_0	96.82	0	1.58	0	0	1.58	0	0	0	0
1428540047947128980	CPU_0	98.36	0	1.63	0	0	0	0	0	0	0
1428540048575931442	CPU_0	98.41	0	0	0	0	1.58	0	0	0	0
1428540049197354654	CPU_0	98.38	0	1.61	0	0	0	0	0	0	0
1428540049818925991	CPU_0	96.87	0	0	0	0	1.56	1.56	0	0	0
1428540050439513161	CPU_0	98.38	0	0	0	0	1.61	0	0	0	0
1428540051067737331	CPU_0	100.00	0	0	0	0	0	0	0	0	0
1428540051688592418	CPU_0	98.38	0	0	0	0	1.61	0	0	0	0
1428540052309669546	CPU_0	100.00	0	0	0	0	0	0	0	0	0
1428540052930616174	CPU_0	96.82	0	0	0	0	1.58	1.58	0	0	0
1428540053552407178	CPU_0	100.00	0	0	0	0	0	0	0	0	0
1428540054180077721	CPU_0	98.41	0	0	0	0	1.58	0	0	0	0
1428540054801882849	CPU_0	98.38	0	0	0	0	1.61	0	0	0	0
1428540055422779436	CPU_0	100.00	0	0	0	0	0	0	0	0	0
1428540056044519814	CPU_0	93.75	0	3.12	0	0	1.56	1.56	0	0	0
1428540056672229899	CPU_0	100.00	0	0	0	0	0	0	0	0	0
1428540057293555110	CPU_0	98.38	0	0	0	0	1.61	0	0	0	0
1428540057914874362	CPU_0	100.00	0	0	0	0	0	0	0	0	0
1428540058537188198	CPU_0	98.38	0	0	0	0	1.61	0	0	0	0
1428540059159855950	CPU_0	95.31	0	1.56	0	0	1.56	1.56	0	0	0
1428540059786084660	CPU_0	98.36	0	1.63	0	0	0	0	0	0	0
1428540060407010121	CPU_0	98.38	0	0	0	0	1.61	0	0	0	0
1428540061028382206	CPU_0	100.00	0	0	0	0	0	0	0	0	0
1428540061649573458	CPU_0	96.82	0	1.58	0	0	1.58	0	0	0	0
1428540062277606751	CPU_0	96.82	0	0	0	0	1.58	1.58	0	0	0
1428540062899104919	CPU_0	100.00	0	0	0	0	0	0	0	0	0
1428540063520367838	CPU_0	96.77	0	1.61	0	0	1.61	0	0	0	0
1428540064141973923	CPU_0	100.00	0	0	0	0	0	0	0	0	0
1428540064769327424	CPU_0	96.87	0	0	0	0	1.56	1.56	0	0	0
1428540065390350133	CPU_0	100.00	0	0	0	0	0	0	0	0	0
1428540066011165843	CPU_0	98.38	0	0	0	0	1.61	0	0	0	0
1428540066632968136	CPU_0	98.38	0	0	0	0	1.61	0	0	0	0
1428540067254241429	CPU_0	100.00	0	0	0	0	0	0	0	0	0
1428540067881299471	CPU_0	95.31	0	1.56	0	0	1.56	1.56	0	0	0
1428540068502115597	CPU_0	98.38	0	0	0	0	1.61	0	0	0	0
1428540069123878556	CPU_0	98.38	0	1.61	0	0	0	0	0	0	0
1428540069744841057	CPU_0	98.38	0	0	0	0	1.61	0	0	0	0
1428540070371717182	CPU_0	100.00	0	0	0	0	0	0	0	0	0
1428540070992820141	CPU_0	95.31	0	1.56	0	0	1.56	1.56	0	0	0
1428540071614605266	CPU_0	100.00	0	0	0	0	0	0	0	0	0
1428540072236081600	CPU_0	98.38	0	0	0	0	1.61	0	0	0	0
1428540072859579725	CPU_0	98.38	0	0	0	0	1.61	0	0	0	0
1428540073485189641	CPU_0	100.00	0	0	0	0	0	0	0	0	0
1428540074106974391	CPU_0	96.82	0	0	0	0	1.58	1.58	0	0	0
1428540074728908891	CPU_0	100.00	0	0	0	0	0	0	0	0	0
1428540075350960183	CPU_0	98.38	0	0	0	0	1.61	0	0	0	0
1428540075978997515	CPU_0	98.41	0	1.58	0	0	0	0	0	0	0
1428540076601917015	CPU_0	98.36	0	0	0	0	1.63	0	0	0	0
1428540077223558056	CPU_0	95.23	0	1.58	0	0	1.58	1.58	0	0	0
1428540077845079431	CPU_0	100.00	0	0	0	0	0	0	0	0	0
1428540078472958679	CPU_0	96.87	0	1.56	0	0	1.56	0	0	0	0
1428540079095074804	CPU_0	100.00	0	0	0	0	0	0	0	0	0
1428540079717062970	CPU_0	98.38	0	0	0	0	1.61	0	0	0	0
1428540080339259135	CPU_0	98.41	0	0	0	0	0	1.58	0	0	0
1428540080961483509	CPU_0	96.77	0	1.61	0	0	1.61	0	0	0	0
1428540081590287341	CPU_0	98.41	0	0	0	0	1.58	0	0	0	0
1428540082212364006	CPU_0	98.38	0	1.61	0	0	0	0	0	0	0
1428540082833817797	CPU_0	98.38	0	0	0	0	1.61	0	0	0	0
1428540083455707295	CPU_0	98.38	0	0	0	0	0	1.61	0	0	0
1428540084084480335	CPU_0	96.87	0	1.56	0	0	1.56	0	0	0	0
1428540084706281625	CPU_0	100.00	0	0	0	0	0	0	0	0	0
1428540085327447248	CPU_0	95.16	0	3.22	0	0	1.61	0	0	0	0
1428540085949105497	CPU_0	98.38	0	0	0	0	1.61	0	0	0	0
1428540086577661244	CPU_0	96.82	0	1.58	0	0	0	1.58	0	0	0
1428540087199623867	CPU_0	98.41	0	0	0	0	1.58	0	0	0	0
1428540087821638865	CPU_0	100.00	0	0	0	0	0	0	0	0	0
1428540088443066780	CPU_0	98.38	0	0	0	0	1.61	0	0	0	0
1428540089065317486	CPU_0	100.00	0	0	0	0	0	0	0	0	0
1428540089693709108	CPU_0	96.82	0	0	0	0	1.58	1.58	0	0	0
1428540090316002564	CPU_0	96.82	0	1.58	0	0	1.58	0	0	0	0
1428540090939011686	CPU_0	100.00	0	0	0	0	0	0	0	0	0
1428540091561065642	CPU_0	95.16	0	3.22	0	0	1.61	0	0	0	0
1428540092190378138	CPU_0	100.00	0	0	0	0	0	0	0	0	0
1428540092812491636	CPU_0	96.77	0	0	0	0	1.61	1.61	0	0	0
1428540093434506966	CPU_0	98.41	0	0	0	0	1.58	0	0	0	0
1428540094055813588	CPU_0	100.00	0	0	0	0	0	0	0	0	0
1428540094685030251	CPU_0	96.82	0	1.58	0	0	1.58	0	0	0	0
1428540095309825456	CPU_0	100.00	0	0	0	0	0	0	0	0	0
1428540095932017411	CPU_0	96.77	0	0	0	0	1.61	1.61	0	0	0
1428540096553735908	CPU_0	100.00	0	0	0	0	0	0	0	0	0
1428540097176155862	CPU_0	96.82	0	1.58	0	0	1.58	0	0	0	0
1428540097804285067	CPU_0	98.41	0	0	0	0	1.58	0	0	0	0
1428540098425674980	CPU_0	100.00	0	0	0	0	0	0	0	0	0
1428540099047465643	CPU_0	96.82	0	0	0	0	1.58	1.58	0	0	0
1428540099670065472	CPU_0	98.38	0	1.61	0	0	0	0	0	0	0
1428540100298059509	CPU_0	98.38	0	0	0	0	1.61	0	0	0	0
1428540100920100922	CPU_0	98.41	0	1.58	0	0	0	0	0	0	0
1428540101541397210	CPU_0	98.38	0	0	0	0	1.61	0	0	0	0
1428540102163847956	CPU_0	96.82	0	0	0	0	1.58	1.58	0	0	0
1428540102785155160	CPU_0	98.38	0	1.61	0	0	0	0	0	0	0
1428540103413026071	CPU_0	98.38	0	0	0	0	1.61	0	0	0	0
1428540104034345025	CPU_0	100.00	0	0	0	0	0	0	0	0	0
1428540104656589979	CPU_0	96.82	0	1.58	0	0	1.58	0	0	0	0
1428540105278060141	CPU_0	96.77	0	0	0	0	1.61	1.61	0	0	0
1428540105905945761	CPU_0	100.00	0	0	0	0	0	0	0	0	0
1428540106528445006	CPU_0	98.36	0	0	0	0	1.63	0	0	0	0
1428540107150954376	CPU_0	98.38	0	1.61	0	0	0	0	0	0	0
1428540107772083205	CPU_0	96.82	0	1.58	0	0	1.58	0	0	0	0
1428540108400096949	CPU_0	98.41	0	0	0	0	0	1.58	0	0	0
1428540109021393485	CPU_0	98.38	0	0	0	0	1.61	0	0	0	0
1428540109643964105	CPU_0	98.38	0	0	0	0	1.61	0	0	0	0
1428540110264630933	CPU_0	98.38	0	1.61	0	0	0	0	0	0	0
1428540110885711720	CPU_0	98.41	0	0	0	0	1.58	0	0	0	0
1428540111513783547	CPU_0	98.41	0	0	0	0	0	1.58	0	0	0
1428540112135939499	CPU_0	98.38	0	0	0	0	1.61	0	0	0	0
1428540112757221869	CPU_0	100.00	0	0	0	0	0	0	0	0	0
1428540113379243405	CPU_0	98.41	0	0	0	0	1.58	0	0	0	0
1428540114007325481	CPU_0	98.38	0	1.61	0	0	0	0	0	0	0
1428540114630290392	CPU_0	96.82	0	0	0	0	1.58	1.58	0	0	0
1428540115251821803	CPU_0	98.38	0	0	0	0	1.61	0	0	0	0
1428540115873490213	CPU_0	100.00	0	0	0	0	0	0	0	0	0
1428540116501268414	CPU_0	96.87	0	1.56	0	0	1.56	0	0	0	0
1428540117126328741	CPU_0	100.00	0	0	0	0	0	0	0	0	0
1428540117747888860	CPU_0	96.82	0	0	0	0	1.58	1.58	0	0	0
1428540118370078020	CPU_0	98.41	0	0	0	0	1.58	0	0	0	0
1428540118991988513	CPU_0	100.00	0	0	0	0	0	0	0	0	0
1428540119621592839	CPU_0	98.41	0	0	0	0	1.58	0	0	0	0
1428540120243038707	CPU_0	100.00	0	0	0	0	0	0	0	0	0
1428540120865413617	CPU_0	96.82	0	0	0	0	1.58	1.58	0	0	0
1428540121487465110	CPU_0	100.00	0	0	0	0	0	0	0	0	0
1428540122116794560	CPU_0	98.38	0	0	0	0	1.61	0	0	0	0
1428540122739192969	CPU_0	98.41	0	0	0	0	1.58	0	0	0	0
1428540123361192087	CPU_0	100.00	0	0	0	0	0	0	0	0	0
1428540123983482413	CPU_0	96.82	0	0	0	0	1.58	1.58	0	0	0
1428540124606367989	CPU_0	98.41	0	1.58	0	0	0	0	0	0	0
1428540125234476772	CPU_0	98.41	0	0	0	0	1.58	0	0	0	0
1428540125856520140	CPU_0	100.00	0	0	0	0	0	0	0	0	0
1428540126478181507	CPU_0	98.38	0	0	0	0	1.61	0	0	0	0
1428540127099872458	CPU_0	96.82	0	0	0	0	1.58	1.58	0	0	0
1428540127729098990	CPU_0	100.00	0	0	0	0	0	0	0	0	0
1428540128350688191	CPU_0	98.38	0	0	0	0	1.61	0	0	0	0
1428540128972743099	CPU_0	98.36	0	1.63	0	0	0	0	0	0	0
1428540129594959133	CPU_0	96.87	0	0	0	0	1.56	1.56	0	0	0
1428540130223876290	CPU_0	96.82	0	1.58	0	0	1.58	0	0	0	0
1428540130845671323	CPU_0	100.00	0	0	0	0	0	0	0	0	0
1428540131467220898	CPU_0	98.38	0	0	0	0	1.61	0	0	0	0
1428540132089447473	CPU_0	100.00	0	0	0	0	0	0	0	0	0
1428540132712075798	CPU_0	96.82	0	0	0	0	1.58	1.58	0	0	0
1428540133340455580	CPU_0	98.41	0	0	0	0	1.58	0	0	0	0
1428540133962372821	CPU_0	100.00	0	0	0	0	0	0	0	0	0
1428540134585037312	CPU_0	98.38	0	0	0	0	1.61	0	0	0	0
1428540135207626761	CPU_0	100.00	0	0	0	0	0	0	0	0	0
1428540135836131668	CPU_0	96.87	0	0	0	0	1.56	1.56	0	0	0
1428540136458695325	CPU_0	96.77	0	1.61	0	0	1.61	0	0	0	0
1428540137080975316	CPU_0	100.00	0	0	0	0	0	0	0	0	0
1428540137704029348	CPU_0	98.41	0	0	0	0	1.58	0	0	0	0
1428540138332589879	CPU_0	100.00	0	0	0	0	0	0	0	0	0
1428540138955304078	CPU_0	96.82	0	0	0	0	1.58	1.58	0	0	0
1428540139577967402	CPU_0	100.00	0	0	0	0	0	0	0	0	0
1428540140201092434	CPU_0	98.41	0	0	0	0	1.58	0	0	0	0
1428540140823885132	CPU_0	100.00	0	0	0	0	0	0	0	0	0
1428540141452586246	CPU_0	98.38	0	0	0	0	1.61	0	0	0	0
1428540142074908861	CPU_0	95.31	0	1.56	0	0	1.56	1.56	0	0	0
1428540142697746642	CPU_0	100.00	0	0	0	0	0	0	0	0	0
1428540143319485257	CPU_0	96.77	0	1.61	0	0	1.61	0	0	0	0
1428540143948193829	CPU_0	98.38	0	0	0	0	1.61	0	0	0	0
1428540144571119610	CPU_0	95.23	0	1.58	0	0	3.17	0	0	0	0
1428540145194368850	CPU_0	96.82	0	0	0	0	1.58	1.58	0	0	0
1428540145816210673	CPU_0	100.00	0	0	0	0	0	0	0	0	0
1428540146449209785	CPU_0	96.82	0	1.58	0	0	1.58	0	0	0	0
1428540147071511066	CPU_0	100.00	0	0	0	0	0	0	0	0	0
1428540147695992638	CPU_0	96.77	0	0	0	0	1.61	1.61	0	0	0
1428540148318490252	CPU_0	98.41	0	0	0	0	1.58	0	0	0	0
1428540148940529408	CPU_0	98.38	0	1.61	0	0	0	0	0	0	0
1428540149570034438	CPU_0	98.41	0	0	0	0	1.58	0	0	0	0
1428540150192875343	CPU_0	96.77	0	3.22	0	0	0	0	0	0	0
1428540150815650248	CPU_0	96.82	0	0	0	0	1.58	1.58	0	0	0
1428540151437563445	CPU_0	100.00	0	0	0	0	0	0	0	0	0
1428540152066668391	CPU_0	98.41	0	0	0	0	1.58	0	0	0	0
1428540152689631213	CPU_0	96.82	0	1.58	0	0	1.58	0	0	0	0
1428540153311936576	CPU_0	100.00	0	0	0	0	0	0	0	0	0
1428540153934877564	CPU_0	95.31	0	1.56	0	0	1.56	1.56	0	0	0
1428540154560644385	CPU_0	100.00	0	0	0	0	0	0	0	0	0
1428540155189330122	CPU_0	98.43	0	0	0	0	1.56	0	0	0	0
1428540155813080485	CPU_0	100.00	0	0	0	0	0	0	0	0	0
1428540156435981097	CPU_0	98.38	0	0	0	0	1.61	0	0	0	0
1428540157059036502	CPU_0	96.82	0	0	0	0	1.58	1.58	0	0	0
1428540157688495030	CPU_0	100.00	0	0	0	0	0	0	0	0	0
1428540158311282476	CPU_0	98.41	0	0	0	0	1.58	0	0	0	0
1428540158934315547	CPU_0	100.00	0	0	0	0	0	0	0	0	0
1428540159557224076	CPU_0	96.77	0	1.61	0	0	1.61	0	0	0	0
1428540160186717978	CPU_0	98.41	0	0	0	0	0	1.58	0	0	0
1428540160809787424	CPU_0	96.82	0	1.58	0	0	1.58	0	0	0	0
1428540161432609203	CPU_0	98.41	0	0	0	0	1.58	0	0	0	0
1428540162055589440	CPU_0	100.00	0	0	0	0	0	0	0	0	0
1428540162685365217	CPU_0	98.41	0	0	0	0	1.58	0	0	0	0
1428540163311628745	CPU_0	98.41	0	0	0	0	0	1.58	0	0	0
1428540163934951982	CPU_0	98.41	0	0	0	0	1.58	0	0	0	0
1428540164557926301	CPU_0	98.38	0	0	0	0	1.61	0	0	0	0
1428540165182312371	CPU_0	100.00	0	0	0	0	0	0	0	0	0
1428540165811590440	CPU_0	98.41	0	0	0	0	1.58	0	0	0	0
1428540166435116551	CPU_0	98.38	0	0	0	0	0	1.61	0	0	0
1428540167057788621	CPU_0	98.41	0	0	0	0	1.58	0	0	0	0
1428540167681785981	CPU_0	96.77	0	1.61	0	0	1.61	0	0	0	0
1428540168310971008	CPU_0	100.00	0	0	0	0	0	0	0	0	0
1428540168934399077	CPU_0	98.38	0	0	0	0	1.61	0	0	0	0
1428540169557703146	CPU_0	96.82	0	0	0	0	1.58	1.58	0	0	0
1428540170181761549	CPU_0	98.38	0	1.61	0	0	0	0	0	0	0
1428540170813234616	CPU_0	98.41	0	0	0	0	1.58	0	0	0	0
1428540171437593602	CPU_0	100.00	0	0	0	0	0	0	0	0	0
1428540172061263379	CPU_0	96.82	0	1.58	0	0	1.58	0	0	0	0
1428540172685359989	CPU_0	95.23	0	1.58	0	0	1.58	1.58	0	0	0
1428540173308681349	CPU_0	100.00	0	0	0	0	0	0	0	0	0
1428540173938233042	CPU_0	96.82	0	1.58	0	0	1.58	0	0	0	0
1428540174561622152	CPU_0	100.00	0	0	0	0	0	0	0	0	0
1428540175186060762	CPU_0	98.38	0	0	0	0	1.61	0	0	0	0
1428540175808781955	CPU_0	98.38	0	0	0	0	0	1.61	0	0	0
1428540176439140897	CPU_0	96.87	0	1.56	0	0	1.56	0	0	0	0
1428540177062292548	CPU_0	98.38	0	0	0	0	1.61	0	0	0	0
1428540177686054199	CPU_0	98.38	0	1.61	0	0	0	0	0	0	0
1428540178309297851	CPU_0	98.41	0	0	0	0	1.58	0	0	0	0
1428540178939083417	CPU_0	98.41	0	0	0	0	0	1.58	0	0	0
1428540179562327652	CPU_0	98.41	0	0	0	0	1.58	0	0	0	0
1428540180186354427	CPU_0	100.00	0	0	0	0	0	0	0	0	0
1428540180808867745	CPU_0	98.41	0	0	0	0	1.58	0	0	0	0
1428540181432302396	CPU_0	98.38	0	0	0	0	1.61	0	0	0	0
1428540182061549504	CPU_0	96.82	0	1.58	0	0	0	1.58	0	0	0
1428540182685575612	CPU_0	98.41	0	0	0	0	1.58	0	0	0	0
1428540183308980096	CPU_0	98.36	0	1.63	0	0	0	0	0	0	0
1428540183932166830	CPU_0	98.41	0	0	0	0	1.58	0	0	0	0
1428540184561972896	CPU_0	95.23	0	1.58	0	0	1.58	1.58	0	0	0
1428540185185832004	CPU_0	100.00	0	0	0	0	0	0	0	0	0
1428540185808802696	CPU_0	96.82	0	1.58	0	0	1.58	0	0	0	0
1428540186433043304	CPU_0	98.38	0	0	0	0	1.61	0	0	0	0
1428540187063268078	CPU_0	100.00	0	0	0	0	0	0	0	0	0
1428540187687330228	CPU_0	96.82	0	0	0	0	1.58	1.58	0	0	0
1428540188310824502	CPU_0	100.00	0	0	0	0	0	0	0	0	0
1428540188934344735	CPU_0	98.41	0	0	0	0	1.58	0	0	0	0
1428540189558255926	CPU_0	100.00	0	0	0	0	0	0	0	0	0
1428540190187479992	CPU_0	96.87	0	1.56	0	0	1.56	0	0	0	0
1428540190811111433	CPU_0	96.82	0	0	0	0	1.58	1.58	0	0	0
1428540191434475415	CPU_0	100.00	0	0	0	0	0	0	0	0	0
1428540192057910856	CPU_0	98.41	0	0	0	0	1.58	0	0	0	0
1428540192687911462	CPU_0	98.38	0	1.61	0	0	0	0	0	0	0
1428540193311305445	CPU_0	96.82	0	1.58	0	0	1.58	0	0	0	0
1428540193934489260	CPU_0	96.82	0	1.58	0	0	0	1.58	0	0	0
1428540194557863034	CPU_0	98.38	0	0	0	0	1.61	0	0	0	0
1428540195187068390	CPU_0	98.41	0	0	0	0	1.58	0	0	0	0
1428540195811010414	CPU_0	100.00	0	0	0	0	0	0	0	0	0
1428540196434028687	CPU_0	96.82	0	1.58	0	0	1.58	0	0	0	0
1428540197057141377	CPU_0	96.82	0	0	0	0	1.58	1.58	0	0	0
1428540197680045151	CPU_0	100.00	0	0	0	0	0	0	0	0	0
1428540198310313798	CPU_0	98.41	0	0	0	0	1.58	0	0	0	0
1428540198934218613	CPU_0	100.00	0	0	0	0	0	0	0	0	0
1428540199557579136	CPU_0	98.38	0	0	0	0	1.61	0	0	0	0
1428540200181442950	CPU_0	96.82	0	1.58	0	0	0	1.58	0	0	0
1428540200811988389	CPU_0	98.41	0	0	0	0	1.58	0	0	0	0
1428540201435829870	CPU_0	98.41	0	0	0	0	1.58	0	0	0	0
1428540202059226101	CPU_0	100.00	0	0	0	0	0	0	0	0	0
1428540202683217290	CPU_0	98.41	0	0	0	0	1.58	0	0	0	0
1428540203314400020	CPU_0	95.31	0	1.56	0	0	1.56	1.56	0	0	0
1428540203938395584	CPU_0	100.00	0	0	0	0	0	0	0	0	0
1428540204562601397	CPU_0	98.38	0	0	0	0	1.61	0	0	0	0
1428540205186729336	CPU_0	100.00	0	0	0	0	0	0	0	0	0
1428540205813073941	CPU_0	96.82	0	1.58	0	0	1.58	0	0	0	0
1428540206441758504	CPU_0	98.41	0	0	0	0	0	1.58	0	0	0
1428540207065826318	CPU_0	98.41	0	0	0	0	1.58	0	0	0	0
1428540207690212381	CPU_0	98.38	0	0	0	0	1.61	0	0	0	0
1428540208314162320	CPU_0	100.00	0	0	0	0	0	0	0	0	0
1428540208944958423	CPU_0	98.43	0	0	0	0	1.56	0	0	0	0
1428540209568000445	CPU_0	98.38	0	0	0	0	0	1.61	0	0	0
1428540210191752008	CPU_0	98.38	0	0	0	0	1.61	0	0	0	0
1428540210816109446	CPU_0	98.41	0	0	0	0	1.58	0	0	0	0
1428540211446425550	CPU_0	100.00	0	0	0	0	0	0	0	0	0
1428540212069807321	CPU_0	98.41	0	0	0	0	1.58	0	0	0	0
1428540212693316221	CPU_0	96.82	0	0	0	0	1.58	1.58	0	0	0
1428540213317519423	CPU_0	98.36	0	1.63	0	0	0	0	0	0	0
1428540213947231672	CPU_0	98.41	0	0	0	0	1.58	0	0	0	0
1428540214570666007	CPU_0	100.00	0	0	0	0	0	0	0	0	0
1428540215193921217	CPU_0	93.75	0	3.12	0	0	1.56	1.56	0	0	0
1428540215818303718	CPU_0	100.00	0	0	0	0	0	0	0	0	0
1428540216442515719	CPU_0	98.41	0	0	0	0	1.58	0	0	0	0
1428540217072711134	CPU_0	98.38	0	0	0	0	1.61	0	0	0	0
1428540217696060427	CPU_0	100.00	0	0	0	0	0	0	0	0	0
1428540218321297803	CPU_0	96.87	0	0	0	0	1.56	1.56	0	0	0
1428540218945707304	CPU_0	100.00	0	0	0	0	0	0	0	0	0
1428540219576345969	CPU_0	98.41	0	0	0	0	1.58	0	0	0	0
1428540220200286886	CPU_0	100.00	0	0	0	0	0	0	0	0	0
1428540220824575637	CPU_0	98.38	0	0	0	0	1.61	0	0	0	0
1428540221448284513	CPU_0	95.23	0	1.58	0	0	1.58	1.58	0	0	0
1428540222078732094	CPU_0	100.00	0	0	0	0	0	0	0	0	0
1428540222702893053	CPU_0	98.41	0	0	0	0	1.58	0	0	0	0
1428540223327388428	CPU_0	98.38	0	0	0	0	1.61	0	0	0	0
1428540223951544053	CPU_0	100.00	0	0	0	0	0	0	0	0	0
1428540224576287553	CPU_0	96.82	0	0	0	0	1.58	1.58	0	0	0
1428540225204594885	CPU_0	100.00	0	0	0	0	0	0	0	0	0
1428540225828416094	CPU_0	98.41	0	0	0	0	1.58	0	0	0	0
1428540226452349719	CPU_0	100.00	0	0	0	0	0	0	0	0	0
1428540227076277344	CPU_0	98.41	0	0	0	0	1.58	0	0	0	0
1428540227706391008	CPU_0	96.87	0	0	0	0	1.56	1.56	0	0	0
1428540228330561550	CPU_0	100.00	0	0	0	0	0	0	0	0	0
1428540228954775966	CPU_0	98.41	0	0	0	0	1.58	0	0	0	0
1428540229578025258	CPU_0	98.36	0	1.63	0	0	0	0	0	0	0
1428540230208245880	CPU_0	98.43	0	0	0	0	1.56	0	0	0	0
1428540230832254130	CPU_0	98.38	0	0	0	0	0	1.61	0	0	0
1428540231455772755	CPU_0	98.41	0	0	0	0	1.58	0	0	0	0
1428540232079144754	CPU_0	98.41	0	0	0	0	1.58	0	0	0	0
1428540232708544627	CPU_0	100.00	0	0	0	0	0	0	0	0	0
1428540233335212833	CPU_0	98.41	0	0	0	0	1.58	0	0	0	0
1428540233958697333	CPU_0	98.38	0	0	0	0	0	1.61	0	0	0
1428540234583150749	CPU_0	98.41	0	0	0	0	1.58	0	0	0	0
1428540235206704248	CPU_0	100.00	0	0	0	0	0	0	0	0	0
1428540235837967703	CPU_0	98.41	0	0	0	0	1.58	0	0	0	0
1428540236460810744	CPU_0	98.41	0	0	0	0	1.58	0	0	0	0
1428540237084995951	CPU_0	96.77	0	1.61	0	0	0	1.61	0	0	0
1428540237708704908	CPU_0	96.82	0	1.58	0	0	1.58	0	0	0	0
1428540238339670904	CPU_0	98.41	0	0	0	0	1.58	0	0	0	0
1428540238963352487	CPU_0	98.38	0	1.61	0	0	0	0	0	0	0
1428540239586784694	CPU_0	98.41	0	0	0	0	1.58	0	0	0	0
1428540240210055360	CPU_0	98.38	0	0	0	0	0	1.61	0	0	0
1428540240840237147	CPU_0	98.41	0	0	0	0	1.58	0	0	0	0
1428540241464069896	CPU_0	98.38	0	0	0	0	1.61	0	0	0	0
1428540242088170144	CPU_0	100.00	0	0	0	0	0	0	0	0	0
1428540242711893226	CPU_0	98.41	0	0	0	0	1.58	0	0	0	0
1428540243336905599	CPU_0	96.82	0	1.58	0	0	0	1.58	0	0	0
1428540243967472720	CPU_0	98.41	0	0	0	0	1.58	0	0	0	0
1428540244591875301	CPU_0	98.38	0	0	0	0	1.61	0	0	0	0
1428540245215785674	CPU_0	100.00	0	0	0	0	0	0	0	0	0
1428540245840601964	CPU_0	98.41	0	0	0	0	1.58	0	0	0	0
1428540246471294167	CPU_0	98.41	0	0	0	0	0	1.58	0	0	0
1428540247095528415	CPU_0	98.41	0	0	0	0	1.58	0	0	0	0
1428540247719789163	CPU_0	98.38	0	0	0	0	1.61	0	0	0	0
1428540248344677993	CPU_0	100.00	0	0	0	0	0	0	0	0	0
1428540248975662238	CPU_0	98.43	0	0	0	0	1.56	0	0	0	0
1428540249599749986	CPU_0	98.38	0	0	0	0	0	1.61	0	0	0
1428540250224126567	CPU_0	98.41	0	0	0	0	1.58	0	0	0	0
1428540250849650230	CPU_0	96.77	0	1.61	0	0	1.61	0	0	0	0
1428540251476537518	CPU_0	100.00	0	0	0	0	0	0	0	0	0
1428540252105548139	CPU_0	95.31	0	1.56	0	0	1.56	1.56	0	0	0
1428540252730357511	CPU_0	100.00	0	0	0	0	0	0	0	0	0
1428540253355679799	CPU_0	98.41	0	0	0	0	1.58	0	0	0	0
1428540253979786588	CPU_0	100.00	0	0	0	0	0	0	0	0	0
1428540254610482541	CPU_0	98.41	0	0	0	0	1.58	0	0	0	0
1428540255235039287	CPU_0	95.23	0	1.58	0	0	1.58	1.58	0	0	0
1428540255859630909	CPU_0	100.00	0	0	0	0	0	0	0	0	0
1428540256484174489	CPU_0	98.41	0	0	0	0	1.58	0	0	0	0
1428540257114919817	CPU_0	100.00	0	0	0	0	0	0	0	0	0
1428540257738925480	CPU_0	98.41	0	0	0	0	1.58	0	0	0	0
1428540258363083685	CPU_0	96.77	0	1.61	0	0	0	1.61	0	0	0
1428540258987571515	CPU_0	96.82	0	1.58	0	0	1.58	0	0	0	0
1428540259617497342	CPU_0	98.41	0	0	0	0	1.58	0	0	0	0
1428540260241344381	CPU_0	100.00	0	0	0	0	0	0	0	0	0
1428540260865791002	CPU_0	98.41	0	0	0	0	1.58	0	0	0	0
1428540261489873707	CPU_0	98.38	0	0	0	0	0	1.61	0	0	0
1428540262113860453	CPU_0	98.38	0	0	0	0	1.61	0	0	0	0
1428540262744858405	CPU_0	96.87	0	1.56	0	0	1.56	0	0	0	0
1428540263369543442	CPU_0	98.38	0	0	0	0	1.61	0	0	0	0
1428540263993595813	CPU_0	98.38	0	0	0	0	1.61	0	0	0	0
1428540264618013393	CPU_0	95.23	0	1.58	0	0	1.58	1.58	0	0	0
1428540265248984761	CPU_0	98.41	0	0	0	0	1.58	0	0	0	0
1428540265874118590	CPU_0	100.00	0	0	0	0	0	0	0	0	0
1428540266499192668	CPU_0	98.41	0	0	0	0	1.58	0	0	0	0
1428540267123689039	CPU_0	96.77	0	0	0	0	1.61	1.61	0	0	0
1428540267754914490	CPU_0	98.43	0	1.56	0	0	0	0	0	0	0
1428540268380221068	CPU_0	98.41	0	0	0	0	1.58	0	0	0	0
1428540269004876939	CPU_0	100.00	0	0	0	0	0	0	0	0	0
1428540269629117767	CPU_0	98.38	0	0	0	0	1.61	0	0	0	0
1428540270255630929	CPU_0	96.87	0	0	0	0	1.56	1.56	0	0	0
1428540270885115755	CPU_0	98.41	0	1.58	0	0	0	0	0	0	0
1428540271509673167	CPU_0	98.41	0	0	0	0	1.58	0	0	0	0
1428540272133886329	CPU_0	100.00	0	0	0	0	0	0	0	0	0
1428540272758038157	CPU_0	98.38	0	0	0	0	1.61	0	0	0	0
1428540273389738982	CPU_0	96.87	0	0	0	0	1.56	1.56	0	0	0
1428540274014871769	CPU_0	100.00	0	0	0	0	0	0	0	0	0
1428540274639397930	CPU_0	96.82	0	1.58	0	0	1.58	0	0	0	0
1428540275263255967	CPU_0	100.00	0	0	0	0	0	0	0	0	0
1428540275894901542	CPU_0	96.87	0	1.56	0	0	1.56	0	0	0	0
1428540276519773453	CPU_0	96.82	0	0	0	0	1.58	1.58	0	0	0
1428540277144745447	CPU_0	100.00	0	0	0	0	0	0	0	0	0
1428540277769135858	CPU_0	98.41	0	0	0	0	1.58	0	0	0	0
1428540278400467975	CPU_0	100.00	0	0	0	0	0	0	0	0	0
1428540279024922178	CPU_0	98.41	0	0	0	0	1.58	0	0	0	0
1428540279650240963	CPU_0	96.82	0	1.58	0	0	0	1.58	0	0	0
1428540280274103249	CPU_0	96.82	0	1.58	0	0	1.58	0	0	0	0
1428540280900000118	CPU_0	98.38	0	0	0	0	1.61	0	0	0	0
1428540281530340026	CPU_0	100.00	0	0	0	0	0	0	0	0	0
1428540282155692687	CPU_0	98.41	0	0	0	0	1.58	0	0	0	0
1428540282780521264	CPU_0	95.31	0	1.56	0	0	1.56	1.56	0	0	0
1428540283406419465	CPU_0	100.00	0	0	0	0	0	0	0	0	0
1428540284038398581	CPU_0	96.82	0	1.58	0	0	1.58	0	0	0	0
1428540284663518616	CPU_0	100.00	0	0	0	0	0	0	0	0	0
1428540285288848693	CPU_0	98.41	0	0	0	0	1.58	0	0	0	0
1428540285914949728	CPU_0	98.38	0	0	0	0	0	1.61	0	0	0
1428540286546199593	CPU_0	96.87	0	1.56	0	0	1.56	0	0	0	0
1428540287171731378	CPU_0	98.38	0	0	0	0	1.61	0	0	0	0
1428540287796689746	CPU_0	100.00	0	0	0	0	0	0	0	0	0
1428540288422579739	CPU_0	98.41	0	0	0	0	1.58	0	0	0	0
1428540289054953354	CPU_0	96.82	0	1.58	0	0	0	1.58	0	0	0
1428540289680141472	CPU_0	98.41	0	0	0	0	1.58	0	0	0	0
1428540290304698923	CPU_0	100.00	0	0	0	0	0	0	0	0	0
1428540290930095041	CPU_0	96.82	0	1.58	0	0	1.58	0	0	0	0
1428540291555330409	CPU_0	98.41	0	0	0	0	1.58	0	0	0	0
1428540292186651482	CPU_0	96.82	0	1.58	0	0	0	1.58	0	0	0
1428540292810853933	CPU_0	98.41	0	0	0	0	1.58	0	0	0	0
1428540293435770926	CPU_0	100.00	0	0	0	0	0	0	0	0	0
1428540294060440794	CPU_0	98.41	0	0	0	0	1.58	0	0	0	0
1428540294691380117	CPU_0	98.41	0	1.58	0	0	0	0	0	0	0
1428540295316241735	CPU_0	96.82	0	0	0	0	1.58	1.58	0	0	0
1428540295941210227	CPU_0	98.38	0	0	0	0	1.61	0	0	0	0
1428540296566522011	CPU_0	100.00	0	0	0	0	0	0	0	0	0
1428540297197589875	CPU_0	96.87	0	1.56	0	0	1.56	0	0	0	0
1428540297822868659	CPU_0	100.00	0	0	0	0	0	0	0	0	0
1428540298447713068	CPU_0	95.23	0	1.58	0	0	1.58	1.58	0	0	0
1428540299072929226	CPU_0	100.00	0	0	0	0	0	0	0	0	0
1428540299703824799	CPU_0	96.82	0	1.58	0	0	1.58	0	0	0	0
1428540300331870123	CPU_0	98.41	0	0	0	0	1.58	0	0	0	0
1428540300956783740	CPU_0	100.00	0	0	0	0	0	0	0	0	0
1428540301581539940	CPU_0	95.31	0	1.56	0	0	1.56	1.56	0	0	0
1428540302206712015	CPU_0	100.00	0	0	0	0	0	0	0	0	0
1428540302838246921	CPU_0	98.41	0	0	0	0	1.58	0	0	0	0
1428540303463155121	CPU_0	98.41	0	0	0	0	1.58	0	0	0	0
1428540304087554362	CPU_0	98.38	0	0	0	0	0	1.61	0	0	0
1428540304712790854	CPU_0	98.41	0	0	0	0	1.58	0	0	0	0
1428540305344384217	CPU_0	98.41	0	1.58	0	0	0	0	0	0	0
1428540305969763333	CPU_0	98.41	0	0	0	0	1.58	0	0	0	0
1428540306594268450	CPU_0	96.82	0	1.58	0	0	1.58	0	0	0	0
1428540307219825649	CPU_0	98.38	0	0	0	0	0	1.61	0	0	0
1428540307850934888	CPU_0	96.87	0	1.56	0	0	1.56	0	0	0	0
1428540308475915879	CPU_0	100.00	0	0	0	0	0	0	0	0	0
1428540309100315786	CPU_0	98.41	0	0	0	0	1.58	0	0	0	0
1428540309725584444	CPU_0	98.41	0	0	0	0	1.58	0	0	0	0
1428540310353101142	CPU_0	98.38	0	0	0	0	0	1.61	0	0	0
1428540310980905632	CPU_0	98.43	0	0	0	0	1.56	0	0	0	0
1428540311605854706	CPU_0	98.38	0	0	0	0	1.61	0	0	0	0
1428540312229909655	CPU_0	100.00	0	0	0	0	0	0	0	0	0
1428540312854576896	CPU_0	98.41	0	0	0	0	1.58	0	0	0	0
1428540313485722175	CPU_0	98.38	0	0	0	0	0	1.61	0	0	0
1428540314110831541	CPU_0	98.41	0	0	0	0	1.58	0	0	0	0
1428540314736915155	CPU_0	98.38	0	1.61	0	0	0	0	0	0	0
1428540315361590646	CPU_0	98.41	0	0	0	0	1.58	0	0	0	0
1428540315993284008	CPU_0	96.82	0	1.58	0	0	1.58	0	0	0	0
1428540316618074499	CPU_0	96.82	0	1.58	0	0	0	1.58	0	0	0
1428540317243740113	CPU_0	98.38	0	0	0	0	1.61	0	0	0	0
1428540317868864312	CPU_0	100.00	0	0	0	0	0	0	0	0	0
1428540318500097924	CPU_0	96.87	0	1.56	0	0	1.56	0	0	0	0
1428540319124380706	CPU_0	98.41	0	0	0	0	1.58	0	0	0	0
1428540319749774154	CPU_0	98.38	0	0	0	0	0	1.61	0	0	0
1428540320375031269	CPU_0	98.41	0	0	0	0	1.58	0	0	0	0
1428540321000826925	CPU_0	100.00	0	0	0	0	0	0	0	0	0
1428540321631809995	CPU_0	98.43	0	0	0	0	1.56	0	0	0	0
1428540322257399068	CPU_0	100.00	0	0	0	0	0	0	0	0	0
1428540322882941515	CPU_0	93.75	0	3.12	0	0	1.56	1.56	0	0	0
1428540323508286296	CPU_0	98.38	0	0	0	0	1.61	0	0	0	0
1428540324140243908	CPU_0	100.00	0	0	0	0	0	0	0	0	0
1428540324765638855	CPU_0	96.87	0	1.56	0	0	1.56	0	0	0	0
1428540325391063928	CPU_0	100.00	0	0	0	0	0	0	0	0	0
1428540326016484250	CPU_0	96.87	0	0	0	0	1.56	1.56	0	0	0
1428540326647924778	CPU_0	98.41	0	1.58	0	0	0	0	0	0	0
1428540327273853808	CPU_0	98.41	0	0	0	0	1.58	0	0	0	0
1428540327899535839	CPU_0	98.38	0	0	0	0	1.61	0	0	0	0
1428540328525072327	CPU_0	98.38	0	1.61	0	0	0	0	0	0	0
1428540329156821147	CPU_0	95.31	0	1.56	0	0	1.56	1.56	0	0	0
1428540329782511260	CPU_0	100.00	0	0	0	0	0	0	0	0	0
1428540330408592623	CPU_0	96.82	0	1.58	0	0	1.58	0	0	0	0
1428540331035064653	CPU_0	100.00	0	0	0	0	0	0	0	0	0
1428540331662052516	CPU_0	96.77	0	1.61	0	0	1.61	0	0	0	0
1428540332292986294	CPU_0	96.87	0	0	0	0	1.56	1.56	0	0	0
1428540332919174073	CPU_0	98.41	0	1.58	0	0	0	0	0	0	0
1428540333545078936	CPU_0	98.38	0	0	0	0	1.61	0	0	0	0
1428540334170643758	CPU_0	100.00	0	0	0	0	0	0	0	0	0
1428540334802734243	CPU_0	98.43	0	0	0	0	1.56	0	0	0	0
1428540335428585981	CPU_0	98.38	0	0	0	0	0	1.61	0	0	0
1428540336054004219	CPU_0	98.41	0	0	0	0	1.58	0	0	0	0
1428540336679407623	CPU_0	98.41	0	0	0	0	1.58	0	0	0	0
1428540337311547150	CPU_0	98.41	0	1.58	0	0	0	0	0	0	0
1428540337937904429	CPU_0	96.82	0	0	0	0	1.58	1.58	0	0	0
1428540338563086750	CPU_0	98.38	0	1.61	0	0	0	0	0	0	0
1428540339189384820	CPU_0	98.41	0	0	0	0	1.58	0	0	0	0
1428540339821448555	CPU_0	95.23	0	3.17	0	0	1.58	0	0	0	0
1428540340447479917	CPU_0	100.00	0	0	0	0	0	0	0	0	0
1428540341072612030	CPU_0	95.31	0	1.56	0	0	1.56	1.56	0	0	0
1428540341698259892	CPU_0	100.00	0	0	0	0	0	0	0	0	0
1428540342330063960	CPU_0	98.41	0	0	0	0	1.58	0	0	0	0
1428540342959053196	CPU_0	98.41	0	0	0	0	1.58	0	0	0	0
1428540343584956224	CPU_0	100.00	0	0	0	0	0	0	0	0	0
1428540344210652878	CPU_0	95.31	0	1.56	0	0	1.56	1.56	0	0	0
1428540344836242073	CPU_0	100.00	0	0	0	0	0	0	0	0	0
1428540345468684724	CPU_0	98.41	0	0	0	0	1.58	0	0	0	0
1428540346094195794	CPU_0	96.87	0	1.56	0	0	1.56	0	0	0	0
1428540346720980656	CPU_0	100.00	0	0	0	0	0	0	0	0	0
1428540347347225225	CPU_0	96.82	0	0	0	0	1.58	1.58	0	0	0
1428540347980101042	CPU_0	100.00	0	0	0	0	0	0	0	0	0
1428540348605424404	CPU_0	98.38	0	0	0	0	1.61	0	0	0	0
1428540349231300390	CPU_0	98.41	0	0	0	0	1.58	0	0	0	0
1428540349856704752	CPU_0	100.00	0	0	0	0	0	0	0	0	0
1428540350489363277	CPU_0	95.31	0	1.56	0	0	1.56	1.56	0	0	0
1428540351115624429	CPU_0	98.41	0	1.58	0	0	0	0	0	0	0
1428540351741335124	CPU_0	98.36	0	0	0	0	1.63	0	0	0	0
1428540352367638318	CPU_0	96.87	0	1.56	0	0	1.56	0	0	0	0
1428540353000147593	CPU_0	100.00	0	0	0	0	0	0	0	0	0
1428540353625891621	CPU_0	96.82	0	0	0	0	1.58	1.58	0	0	0
1428540354251324898	CPU_0	100.00	0	0	0	0	0	0	0	0	0
1428540354876852759	CPU_0	98.41	0	0	0	0	1.58	0	0	0	0
1428540355503686120	CPU_0	100.00	0	0	0	0	0	0	0	0	0
1428540356135432186	CPU_0	98.43	0	0	0	0	1.56	0	0	0	0
1428540356761602422	CPU_0	95.31	0	1.56	0	0	1.56	1.56	0	0	0
1428540357387285824	CPU_0	100.00	0	0	0	0	0	0	0	0	0
1428540358013342601	CPU_0	98.38	0	0	0	0	1.61	0	0	0	0
1428540358645935583	CPU_0	100.00	0	0	0	0	0	0	0	0	0
1428540359272223652	CPU_0	98.41	0	0	0	0	1.58	0	0	0	0
1428540359899522095	CPU_0	98.41	0	0	0	0	0	1.58	0	0	0
1428540360526154580	CPU_0	98.41	0	0	0	0	1.58	0	0	0	0
1428540361158814395	CPU_0	96.82	0	1.58	0	0	1.58	0	0	0	0
1428540361786028005	CPU_0	100.00	0	0	0	0	0	0	0	0	0
1428540362412949864	CPU_0	98.41	0	0	0	0	1.58	0	0	0	0
1428540363040169099	CPU_0	98.41	0	0	0	0	0	1.58	0	0	0
1428540363672973081	CPU_0	95.23	0	3.17	0	0	1.58	0	0	0	0
1428540364300919315	CPU_0	98.41	0	0	0	0	1.58	0	0	0	0
1428540364927585549	CPU_0	100.00	0	0	0	0	0	0	0	0	0
1428540365554427783	CPU_0	96.87	0	0	0	0	1.56	1.56	0	0	0
1428540366190396139	CPU_0	98.38	0	1.61	0	0	0	0	0	0	0
1428540366817696206	CPU_0	98.43	0	0	0	0	1.56	0	0	0	0
1428540367445297606	CPU_0	98.38	0	0	0	0	1.61	0	0	0	0
1428540368071814132	CPU_0	98.41	0	1.58	0	0	0	0	0	0	0
1428540368698662033	CPU_0	96.82	0	0	0	0	1.58	1.58	0	0	0
1428540369332271930	CPU_0	100.00	0	0	0	0	0	0	0	0	0
1428540369959354164	CPU_0	98.43	0	0	0	0	1.56	0	0	0	0
1428540370585893981	CPU_0	100.00	0	0	0	0	0	0	0	0	0
1428540371212139132	CPU_0	98.41	0	0	0	0	1.58	0	0	0	0
1428540371845642404	CPU_0	96.87	0	0	0	0	1.56	1.56	0	0	0
1428540372472629763	CPU_0	100.00	0	0	0	0	0	0	0	0	0
1428540373099605371	CPU_0	96.87	0	1.56	0	0	1.56	0	0	0	0
1428540373726162646	CPU_0	100.00	0	0	0	0	0	0	0	0	0
1428540374359818543	CPU_0	98.43	0	0	0	0	1.56	0	0	0	0
1428540374986782402	CPU_0	96.82	0	0	0	0	1.58	1.58	0	0	0
1428540375613860218	CPU_0	98.41	0	1.58	0	0	0	0	0	0	0
1428540376240142118	CPU_0	98.41	0	0	0	0	1.58	0	0	0	0
1428540376873336599	CPU_0	100.00	0	0	0	0	0	0	0	0	0
1428540377500666165	CPU_0	98.43	0	0	0	0	1.56	0	0	0	0
1428540378127444481	CPU_0	96.82	0	0	0	0	1.58	1.58	0	0	0
1428540378754592797	CPU_0	100.00	0	0	0	0	0	0	0	0	0
1428540379384029446	CPU_0	98.41	0	0	0	0	1.58	0	0	0	0
1428540380016396134	CPU_0	98.41	0	1.58	0	0	0	0	0	0	0
1428540380643201159	CPU_0	98.41	0	0	0	0	1.58	0	0	0	0
1428540381269663141	CPU_0	96.82	0	0	0	0	1.58	1.58	0	0	0
1428540381897027124	CPU_0	100.00	0	0	0	0	0	0	0	0	0
1428540382530534395	CPU_0	95.31	0	3.12	0	0	1.56	0	0	0	0
1428540383157375003	CPU_0	98.38	0	0	0	0	1.61	0	0	0	0
1428540383783481069	CPU_0	93.75	0	3.12	0	0	1.56	1.56	0	0	0
1428540384410302551	CPU_0	98.41	0	0	0	0	1.58	0	0	0	0
1428540385043753614	CPU_0	96.72	0	1.63	0	0	1.63	0	0	0	0
1428540385670565346	CPU_0	98.43	0	0	0	0	1.56	0	0	0	0
1428540386296359620	CPU_0	98.38	0	1.61	0	0	0	0	0	0	0
1428540386922859311	CPU_0	96.82	0	0	0	0	1.58	1.58	0	0	0
1428540387556495331	CPU_0	95.31	0	3.12	0	0	1.56	0	0	0	0
1428540388182947438	CPU_0	100.00	0	0	0	0	0	0	0	0	0
1428540388809805212	CPU_0	98.41	0	0	0	0	1.58	0	0	0	0
1428540389436996485	CPU_0	98.38	0	0	0	0	0	1.61	0	0	0
1428540390069904298	CPU_0	98.43	0	0	0	0	1.56	0	0	0	0
1428540390696331071	CPU_0	100.00	0	0	0	0	0	0	0	0	0
1428540391322735345	CPU_0	98.38	0	0	0	0	1.61	0	0	0	0
1428540391949940034	CPU_0	96.87	0	1.56	0	0	1.56	0	0	0	0
1428540392576573766	CPU_0	98.41	0	0	0	0	0	1.58	0	0	0
1428540393208857453	CPU_0	96.82	0	1.58	0	0	1.58	0	0	0	0
1428540393835438018	CPU_0	100.00	0	0	0	0	0	0	0	0	0
1428540394461982666	CPU_0	96.82	0	1.58	0	0	1.58	0	0	0	0
1428540395089423314	CPU_0	98.41	0	0	0	0	1.58	0	0	0	0
1428540395723037875	CPU_0	96.82	0	1.58	0	0	0	1.58	0	0	0
1428540396349721690	CPU_0	98.41	0	0	0	0	1.58	0	0	0	0
1428540396977273004	CPU_0	98.41	0	1.58	0	0	0	0	0	0	0
1428540397603813651	CPU_0	98.38	0	0	0	0	1.61	0	0	0	0
1428540398236765921	CPU_0	98.41	0	1.58	0	0	0	0	0	0	0
1428540398862119194	CPU_0	96.87	0	0	0	0	1.56	1.56	0	0	0
1428540399489240967	CPU_0	98.41	0	0	0	0	1.58	0	0	0	0
1428540400115754239	CPU_0	100.00	0	0	0	0	0	0	0	0	0
1428540400748168884	CPU_0	96.82	0	1.58	0	0	1.58	0	0	0	0
1428540401374882240	CPU_0	100.00	0	0	0	0	0	0	0	0	0
1428540402002223678	CPU_0	96.82	0	0	0	0	1.58	1.58	0	0	0
1428540402628877617	CPU_0	98.41	0	0	0	0	1.58	0	0	0	0
1428540403260534220	CPU_0	98.41	0	1.58	0	0	0	0	0	0	0
1428540403887922617	CPU_0	98.38	0	0	0	0	1.61	0	0	0	0
1428540404514497139	CPU_0	100.00	0	0	0	0	0	0	0	0	0
1428540405141033536	CPU_0	95.31	0	1.56	0	0	1.56	1.56	0	0	0
1428540405767557475	CPU_0	100.00	0	0	0	0	0	0	0	0	0
1428540406400514160	CPU_0	93.65	0	3.17	0	0	3.17	0	0	0	0
1428540407028510057	CPU_0	98.38	0	0	0	0	1.61	0	0	0	0
1428540407655638370	CPU_0	89.06	0	6.25	0	0	3.12	1.56	0	0	0
1428540408283121599	CPU_0	100.00	0	0	0	0	0	0	0	0	0
1428540408916562993	CPU_0	95.23	0	3.17	0	0	1.58	0	0	0	0
1428540409544528889	CPU_0	98.41	0	0	0	0	1.58	0	0	0	0
1428540410170913285	CPU_0	98.41	0	1.58	0	0	0	0	0	0	0
1428540410798136515	CPU_0	96.82	0	0	0	0	1.58	1.58	0	0	0
1428540411431952033	CPU_0	98.41	0	0	0	0	1.58	0	0	0	0
1428540412059961345	CPU_0	100.00	0	0	0	0	0	0	0	0	0
1428540412686667449	CPU_0	96.87	0	1.56	0	0	1.56	0	0	0	0
1428540413313110596	CPU_0	96.82	0	0	0	0	1.58	1.58	0	0	0
1428540413946574030	CPU_0	100.00	0	0	0	0	0	0	0	0	0
1428540414574073134	CPU_0	98.43	0	0	0	0	1.56	0	0	0	0
1428540415201109905	CPU_0	98.36	0	1.63	0	0	0	0	0	0	0
1428540415827150259	CPU_0	98.41	0	0	0	0	1.58	0	0	0	0
1428540416460678402	CPU_0	96.87	0	1.56	0	0	0	1.56	0	0	0
1428540417088200381	CPU_0	96.82	0	1.58	0	0	1.58	0	0	0	0
1428540417715563193	CPU_0	98.41	0	0	0	0	1.58	0	0	0	0
1428540418342295963	CPU_0	98.36	0	1.63	0	0	0	0	0	0	0
1428540418971722566	CPU_0	98.41	0	0	0	0	1.58	0	0	0	0
1428540419603248251	CPU_0	95.31	0	1.56	0	0	1.56	1.56	0	0	0
1428540420229981938	CPU_0	100.00	0	0	0	0	0	0	0	0	0
1428540420856146292	CPU_0	98.38	0	0	0	0	1.61	0	0	0	0
1428540421483829811	CPU_0	98.41	0	0	0	0	1.58	0	0	0	0
1428540422116269621	CPU_0	98.41	0	1.58	0	0	0	0	0	0	0
1428540422743068266	CPU_0	96.82	0	0	0	0	1.58	1.58	0	0	0
1428540423369318328	CPU_0	96.82	0	3.17	0	0	0	0	0	0	0
1428540423996526472	CPU_0	98.41	0	0	0	0	1.58	0	0	0	0
1428540424629756365	CPU_0	100.00	0	0	0	0	0	0	0	0	0
1428540425257124551	CPU_0	98.41	0	0	0	0	1.58	0	0	0	0
1428540425883782904	CPU_0	96.82	0	0	0	0	1.58	1.58	0	0	0
1428540426511771256	CPU_0	98.41	0	1.58	0	0	0	0	0	0	0
1428540427145923273	CPU_0	98.41	0	0	0	0	1.58	0	0	0	0
1428540427773956625	CPU_0	98.41	0	1.58	0	0	0	0	0	0	0
1428540428401269436	CPU_0	98.41	0	0	0	0	1.58	0	0	0	0
1428540429030060246	CPU_0	95.31	0	1.56	0	0	1.56	1.56	0	0	0
1428540429664802970	CPU_0	98.41	0	1.58	0	0	0	0	0	0	0
1428540430292734656	CPU_0	96.77	0	1.61	0	0	1.61	0	0	0	0
1428540430919712342	CPU_0	100.00	0	0	0	0	0	0	0	0	0
1428540431548271568	CPU_0	95.23	0	1.58	0	0	1.58	1.58	0	0	0
1428540432182009293	CPU_0	100.00	0	0	0	0	0	0	0	0	0
1428540432813008435	CPU_0	98.41	0	0	0	0	1.58	0	0	0	0
1428540433441237036	CPU_0	98.41	0	0	0	0	1.58	0	0	0	0
1428540434069963096	CPU_0	100.00	0	0	0	0	0	0	0	0	0
1428540434697865448	CPU_0	96.87	0	0	0	0	1.56	1.56	0	0	0
1428540435331645505	CPU_0	98.41	0	1.58	0	0	0	0	0	0	0
1428540435959516773	CPU_0	98.43	0	0	0	0	1.56	0	0	0	0
1428540436588097708	CPU_0	100.00	0	0	0	0	0	0	0	0	0
1428540437215848268	CPU_0	98.41	0	0	0	0	1.58	0	0	0	0
1428540437850012325	CPU_0	93.84	0	3.07	0	0	1.53	1.53	0	0	0
1428540438477235135	CPU_0	100.00	0	0	0	0	0	0	0	0	0
1428540439105223486	CPU_0	98.41	0	0	0	0	1.58	0	0	0	0
1428540439733004212	CPU_0	100.00	0	0	0	0	0	0	0	0	0
1428540440366915644	CPU_0	96.87	0	1.56	0	0	1.56	0	0	0	0
1428540440995035786	CPU_0	98.41	0	0	0	0	0	1.58	0	0	0
1428540441623171095	CPU_0	96.82	0	1.58	0	0	1.58	0	0	0	0
1428540442251205821	CPU_0	98.43	0	0	0	0	1.56	0	0	0	0
1428540442885345419	CPU_0	100.00	0	0	0	0	0	0	0	0	0
1428540443514532936	CPU_0	96.87	0	1.56	0	0	1.56	0	0	0	0
1428540444142245245	CPU_0	98.38	0	0	0	0	0	1.61	0	0	0
1428540444770489096	CPU_0	98.41	0	0	0	0	1.58	0	0	0	0
1428540445404353694	CPU_0	98.43	0	0	0	0	1.56	0	0	0	0
1428540446032693086	CPU_0	98.38	0	1.61	0	0	0	0	0	0	0
1428540446659840478	CPU_0	98.41	0	0	0	0	1.58	0	0	0	0
1428540447288670745	CPU_0	98.38	0	0	0	0	0	1.61	0	0	0
1428540447922289718	CPU_0	98.43	0	0	0	0	1.56	0	0	0	0
1428540448554230233	CPU_0	98.41	0	0	0	0	1.58	0	0	0	0
1428540449182087750	CPU_0	100.00	0	0	0	0	0	0	0	0	0
1428540449810649933	CPU_0	98.43	0	0	0	0	1.56	0	0	0	0
1428540450438466616	CPU_0	96.82	0	0	0	0	1.58	1.58	0	0	0
1428540451074627879	CPU_0	100.00	0	0	0	0	0	0	0	0	0
1428540451702669562	CPU_0	96.82	0	1.58	0	0	1.58	0	0	0	0
1428540452331420329	CPU_0	100.00	0	0	0	0	0	0	0	0	0
1428540452959592137	CPU_0	96.87	0	0	0	0	1.56	1.56	0	0	0
1428540453595632941	CPU_0	96.87	0	1.56	0	0	1.56	0	0	0	0
1428540454219272084	CPU_0	100.00	0	0	0	0	0	0	0	0	0
1428540454844018394	CPU_0	98.41	0	0	0	0	1.58	0	0	0	0
1428540455469535994	CPU_0	100.00	0	0	0	0	0	0	0	0	0
1428540456102117842	CPU_0	52.38	0	1.58	44.44	0	1.58	0	0	0	0
