#Timestamp	CPU_ID	user%	nice%	sys%	idle%	iowait%	irq%	softiq%	steal%	guest%	guest_nice%
1428605490880582704	CPU_0	10.52	0	8.77	78.94	0	1.75	0	0	0	0
1428605491494969685	CPU_0	3.22	0	3.22	93.54	0	0	0	0	0	0
1428605492110559705	CPU_0	0	0	0	100.00	0	0	0	0	0	0
1428605492725205184	CPU_0	0	0	0	90.90	0	9.09	0	0	0	0
1428605493347613818	CPU_0	0	0	0	98.33	1.66	0	0	0	0	0
1428605493963745295	CPU_0	0	0	1.56	93.75	0	0	4.68	0	0	0
1428605494579747106	CPU_0	0	0	0	100.00	0	0	0	0	0	0
1428605495196013333	CPU_0	0	0	1.63	98.36	0	0	0	0	0	0
1428605495813259642	CPU_0	0	0	0	100.00	0	0	0	0	0	0
1428605496437046565	CPU_0	0	0	1.61	98.38	0	0	0	0	0	0
1428605497053703375	CPU_0	0	0	0	100.00	0	0	0	0	0	0
1428605497670926642	CPU_0	0	0	1.63	98.36	0	0	0	0	0	0
1428605498287797161	CPU_0	0	0	1.63	98.36	0	0	0	0	0	0
1428605498911994541	CPU_0	0	0	1.63	98.36	0	0	0	0	0	0
1428605499528893434	CPU_0	0	0	0	100.00	0	0	0	0	0	0
1428605500147186950	CPU_0	0	0	0	100.00	0	0	0	0	0	0
1428605500764486551	CPU_0	0	0	0	98.36	0	1.63	0	0	0	0
1428605501382818817	CPU_0	0	0	1.63	98.36	0	0	0	0	0	0
1428605502006149074	CPU_0	0	0	0	96.82	0	3.17	0	0	0	0
1428605502624749256	CPU_0	0	0	1.63	98.36	0	0	0	0	0	0
1428605503242416690	CPU_0	0	0	1.63	98.36	0	0	0	0	0	0
1428605503860595831	CPU_0	0	0	1.63	98.36	0	0	0	0	0	0
1428605504488365331	CPU_0	0	0	0	100.00	0	0	0	0	0	0
1428605505107360846	CPU_0	1.61	0	1.61	95.16	0	1.61	0	0	0	0
1428605505725323863	CPU_0	0	0	0	100.00	0	0	0	0	0	0
1428605506343754504	CPU_0	0	0	0	98.38	0	1.61	0	0	0	0
1428605506962281145	CPU_0	1.66	0	3.33	90.00	0	5.00	0	0	0	0
1428605507587157275	CPU_0	0	0	0	98.27	0	1.72	0	0	0	0
1428605508206294665	CPU_0	13.79	0	1.72	82.75	0	1.72	0	0	0	0
1428605508826270137	CPU_0	1.63	0	3.27	91.80	0	3.27	0	0	0	0
1428605509444865945	CPU_0	0	0	1.63	96.72	0	1.63	0	0	0	0
1428605510072921028	CPU_0	0	0	0	98.38	0	0	1.61	0	0	0
1428605510691828293	CPU_0	0	0	1.61	96.77	0	1.61	0	0	0	0
1428605511310244893	CPU_0	1.63	0	0	98.36	0	0	0	0	0	0
1428605511929288034	CPU_0	0	0	0	98.36	0	1.63	0	0	0	0
1428605512547957008	CPU_0	0	0	1.63	98.36	0	0	0	0	0	0
1428605513172629264	CPU_0	0	0	0	98.36	0	1.63	0	0	0	0
1428605513790954864	CPU_0	0	0	0	100.00	0	0	0	0	0	0
1428605514410138213	CPU_0	0	0	1.61	96.77	0	1.61	0	0	0	0
1428605515028839979	CPU_0	0	0	0	89.55	0	0	10.44	0	0	0
1428605515653763193	CPU_0	0	0	1.63	96.72	0	1.63	0	0	0	0
1428605516275297579	CPU_0	0	0	0	100.00	0	0	0	0	0	0
1428605516894617678	CPU_0	0	0	1.63	98.36	0	0	0	0	0	0
1428605517513512528	CPU_0	0	0	1.61	96.77	0	1.61	0	0	0	0
1428605518132541544	CPU_0	0	0	0	100.00	0	0	0	0	0	0
1428605518758715797	CPU_0	0	0	0	96.82	1.58	1.58	0	0	0	0
1428605519378309729	CPU_0	0	0	1.63	96.72	0	1.63	0	0	0	0
1428605519998280785	CPU_0	0	0	0	100.00	0	0	0	0	0	0
1428605520617708634	CPU_0	0	0	0	100.00	0	0	0	0	0	0
1428605521246800466	CPU_0	0	0	6.45	91.93	0	1.61	0	0	0	0
1428605521866283898	CPU_0	0	0	0	98.36	0	1.63	0	0	0	0
1428605522486414579	CPU_0	0	0	0	100.00	0	0	0	0	0	0
1428605523105626429	CPU_0	0	0	1.61	96.77	0	1.61	0	0	0	0
1428605523725028903	CPU_0	0	0	0	100.00	0	0	0	0	0	0
1428605524350489241	CPU_0	0	0	0	98.38	0	1.61	0	0	0	0
1428605524970964214	CPU_0	0	0	3.22	96.77	0	0	0	0	0	0
1428605525590276563	CPU_0	0	0	0	98.38	0	1.61	0	0	0	0
1428605526209955745	CPU_0	0	0	0	93.75	0	6.25	0	0	0	0
1428605526834989918	CPU_0	0	0	3.17	96.82	0	0	0	0	0	0
1428605527454972600	CPU_0	0	0	0	100.00	0	0	0	0	0	0
1428605528074289199	CPU_0	0	0	0	100.00	0	0	0	0	0	0
1428605528693506091	CPU_0	0	0	1.63	98.36	0	0	0	0	0	0
1428605529312402775	CPU_0	0	0	0	100.00	0	0	0	0	0	0
1428605529939410444	CPU_0	0	0	1.63	98.36	0	0	0	0	0	0
1428605530559554668	CPU_0	0	0	1.61	98.38	0	0	0	0	0	0
1428605531178799684	CPU_0	0	0	0	100.00	0	0	0	0	0	0
1428605531797671493	CPU_0	0	0	1.63	98.36	0	0	0	0	0	0
1428605532424031206	CPU_0	0	0	1.61	98.38	0	0	0	0	0	0
1428605533043827847	CPU_0	0	0	0	98.36	0	1.63	0	0	0	0
1428605533663195113	CPU_0	0	0	0	100.00	0	0	0	0	0	0
1428605534282944338	CPU_0	0	0	1.61	96.77	0	1.61	0	0	0	0
1428605534902981103	CPU_0	0	0	0	100.00	0	0	0	0	0	0
1428605535529831857	CPU_0	0	0	0	98.38	0	1.61	0	0	0	0
1428605536149406415	CPU_0	0	0	3.22	96.77	0	0	0	0	0	0
1428605536768474641	CPU_0	0	0	0	95.23	0	4.76	0	0	0	0
1428605537388413365	CPU_0	0	0	0	100.00	0	0	0	0	0	0
1428605538015241619	CPU_0	0	0	3.17	96.82	0	0	0	0	0	0
1428605538635126052	CPU_0	0	0	0	98.36	1.63	0	0	0	0	0
1428605539254442444	CPU_0	0	0	1.66	98.33	0	0	0	0	0	0
1428605539873785669	CPU_0	0	0	0	98.36	0	1.63	0	0	0	0
1428605540493872477	CPU_0	0	0	3.22	96.77	0	0	0	0	0	0
1428605541119816066	CPU_0	0	0	0	98.36	0	1.63	0	0	0	0
1428605541739181125	CPU_0	0	0	0	100.00	0	0	0	0	0	0
1428605542358714475	CPU_0	0	0	1.61	96.77	0	1.61	0	0	0	0
1428605542979062741	CPU_0	0	0	0	100.00	0	0	0	0	0	0
1428605543605190580	CPU_0	1.63	0	1.63	91.80	0	4.91	0	0	0	0
1428605544224748389	CPU_0	0	0	1.69	96.61	0	1.69	0	0	0	0
1428605544844776238	CPU_0	13.11	0	1.63	81.96	0	1.63	1.63	0	0	0
1428605545465001088	CPU_0	0	0	0	98.33	0	1.66	0	0	0	0
1428605546084595396	CPU_0	0	0	1.61	98.38	0	0	0	0	0	0
1428605546710550528	CPU_0	0	0	0	98.36	0	1.63	0	0	0	0
1428605547330243128	CPU_0	1.63	0	0	98.36	0	0	0	0	0	0
1428605547950595019	CPU_0	0	0	0	98.36	0	1.63	0	0	0	0
1428605548569622621	CPU_0	0	0	0	96.77	0	3.22	0	0	0	0
1428605549195441836	CPU_0	9.83	0	1.63	88.52	0	0	0	0	0	0
1428605549814524396	CPU_0	0	0	0	100.00	0	0	0	0	0	0
1428605550435417536	CPU_0	0	0	0	100.00	0	0	0	0	0	0
1428605551054992262	CPU_0	0	0	3.22	96.77	0	0	0	0	0	0
1428605551674608571	CPU_0	0	0	0	98.36	0	1.63	0	0	0	0
1428605552300550953	CPU_0	0	0	0	98.38	0	0	1.61	0	0	0
1428605552919946846	CPU_0	0	0	0	100.00	0	0	0	0	0	0
1428605553540095029	CPU_0	0	0	0	98.36	0	1.63	0	0	0	0
1428605554159876838	CPU_0	0	0	0	100.00	0	0	0	0	0	0
1428605554786248386	CPU_0	0	0	1.58	96.82	0	1.58	0	0	0	0
1428605555406117862	CPU_0	0	0	1.63	98.36	0	0	0	0	0	0
1428605556026431837	CPU_0	0	0	0	98.38	0	1.61	0	0	0	0
1428605556646801395	CPU_0	0	0	1.61	95.16	0	1.61	1.61	0	0	0
1428605557273034360	CPU_0	0	0	1.63	98.36	0	0	0	0	0	0
1428605557895974664	CPU_0	0	0	0	100.00	0	0	0	0	0	0
1428605558517104805	CPU_0	0	0	0	98.36	0	1.63	0	0	0	0
1428605559137170947	CPU_0	0	0	1.61	96.77	0	0	1.61	0	0	0
1428605559757742672	CPU_0	0	0	1.61	96.77	0	1.61	0	0	0	0
1428605560384402678	CPU_0	0	0	0	100.00	0	0	0	0	0	0
1428605561005351777	CPU_0	0	0	1.61	96.77	0	1.61	0	0	0	0
1428605561625112379	CPU_0	0	0	0	98.33	0	1.66	0	0	0	0
1428605562245463729	CPU_0	0	0	0	100.00	0	0	0	0	0	0
1428605562871793861	CPU_0	0	0	1.61	98.38	0	0	0	0	0	0
1428605563493382251	CPU_0	0	0	0	93.65	0	6.34	0	0	0	0
1428605564113720060	CPU_0	0	0	0	100.00	0	0	0	0	0	0
1428605564734403577	CPU_0	0	0	1.63	98.36	0	0	0	0	0	0
1428605565354513303	CPU_0	0	0	1.63	98.36	0	0	0	0	0	0
1428605565982277766	CPU_0	0	0	0	100.00	0	0	0	0	0	0
1428605566602776741	CPU_0	0	0	1.61	96.77	0	0	1.61	0	0	0
1428605567223855216	CPU_0	0	0	0	100.00	0	0	0	0	0	0
1428605567845049482	CPU_0	0	0	0	100.00	0	0	0	0	0	0
1428605568472825487	CPU_0	0	0	1.61	96.77	0	1.61	0	0	0	0
1428605569093435879	CPU_0	0	0	0	92.42	0	0	7.57	0	0	0
1428605569714475229	CPU_0	0	0	0	98.36	0	1.63	0	0	0	0
1428605570335297787	CPU_0	0	0	1.63	98.36	0	0	0	0	0	0
1428605570955882429	CPU_0	0	0	0	100.00	0	0	0	0	0	0
1428605571582620395	CPU_0	0	0	1.61	96.77	0	1.61	0	0	0	0
1428605572202706538	CPU_0	0	0	0	100.00	0	0	0	0	0	0
1428605572822638723	CPU_0	0	0	0	98.38	0	1.61	0	0	0	0
1428605573443222991	CPU_0	0	0	1.66	98.33	0	0	0	0	0	0
1428605574070833871	CPU_0	0	0	1.58	96.82	0	1.58	0	0	0	0
1428605574691825680	CPU_0	0	0	0	100.00	0	0	0	0	0	0
1428605575312140031	CPU_0	0	0	1.63	96.72	0	1.63	0	0	0	0
1428605575933496215	CPU_0	0	0	1.61	98.38	0	0	0	0	0	0
1428605576560282972	CPU_0	1.61	0	1.61	96.77	0	0	0	0	0	0
1428605577183945734	CPU_0	0	0	0	98.36	0	1.63	0	0	0	0
1428605577804446086	CPU_0	0	0	1.63	98.36	0	0	0	0	0	0
1428605578424796604	CPU_0	0	0	0	98.36	0	1.63	0	0	0	0
1428605579046398829	CPU_0	0	0	4.76	95.23	0	0	0	0	0	0
1428605579672971795	CPU_0	0	0	3.12	95.31	0	1.56	0	0	0	0
1428605580293146938	CPU_0	0	0	0	98.36	0	1.63	0	0	0	0
1428605580913574540	CPU_0	0	0	0	100.00	0	0	0	0	0	0
1428605581534463558	CPU_0	0	0	3.27	96.72	0	0	0	0	0	0
1428605582161723106	CPU_0	0	0	0	98.38	0	1.61	0	0	0	0
1428605582782673124	CPU_0	0	0	0	100.00	0	0	0	0	0	0
1428605583403200934	CPU_0	0	0	1.61	96.77	0	1.61	0	0	0	0
1428605584024780617	CPU_0	0	0	1.63	98.36	0	0	0	0	0	0
1428605584645755718	CPU_0	0	0	0	98.38	0	1.61	0	0	0	0
1428605585273132517	CPU_0	0	0	1.58	96.82	0	1.58	0	0	0	0
1428605585893699452	CPU_0	0	0	0	100.00	0	0	0	0	0	0
1428605586515370635	CPU_0	0	0	0	100.00	0	0	0	0	0	0
1428605587136086820	CPU_0	0	0	1.61	96.77	0	1.61	0	0	0	0
1428605587763072203	CPU_0	0	0	0	100.00	0	0	0	0	0	0
1428605588383852763	CPU_0	0	0	0	93.84	0	6.15	0	0	0	0
1428605589004887489	CPU_0	0	0	3.22	95.16	1.61	0	0	0	0	0
1428605589625451758	CPU_0	0	0	0	100.00	0	0	0	0	0	0
1428605590245964402	CPU_0	1.63	0	0	98.36	0	0	0	0	0	0
1428605590872493286	CPU_0	0	0	1.61	98.38	0	0	0	0	0	0
1428605591493086180	CPU_0	0	0	1.66	98.33	0	0	0	0	0	0
1428605592113723532	CPU_0	0	0	0	100.00	0	0	0	0	0	0
1428605592733898302	CPU_0	0	0	1.63	98.36	0	0	0	0	0	0
1428605593360631852	CPU_0	0	0	0	98.38	0	0	1.61	0	0	0
1428605593981334038	CPU_0	0	0	1.63	96.72	0	1.63	0	0	0	0
1428605594603030180	CPU_0	0	0	0	98.38	0	1.61	0	0	0	0
1428605595223586783	CPU_0	0	0	0	100.00	0	0	0	0	0	0
1428605595854326076	CPU_0	0	0	0	100.00	0	0	0	0	0	0
1428605596475460261	CPU_0	0	0	1.58	96.82	0	1.58	0	0	0	0
1428605597097278778	CPU_0	0	0	1.63	98.36	0	0	0	0	0	0
1428605597718070964	CPU_0	0	0	0	98.36	0	1.63	0	0	0	0
1428605598339762732	CPU_0	0	0	4.68	95.31	0	0	0	0	0	0
1428605598967479822	CPU_0	0	0	0	98.38	0	1.61	0	0	0	0
1428605599590405421	CPU_0	0	0	1.63	98.36	0	0	0	0	0	0
1428605600211782648	CPU_0	0	0	1.61	96.77	0	1.61	0	0	0	0
1428605600833217208	CPU_0	0	0	0	92.42	0	6.06	1.51	0	0	0
1428605601460960507	CPU_0	1.61	0	1.61	96.77	0	0	0	0	0	0
1428605602083491106	CPU_0	0	0	1.61	98.38	0	0	0	0	0	0
1428605602704988625	CPU_0	0	0	1.63	98.36	0	0	0	0	0	0
1428605603325974352	CPU_0	0	0	0	100.00	0	0	0	0	0	0
1428605603947172038	CPU_0	0	0	3.22	96.77	0	0	0	0	0	0
1428605604575496294	CPU_0	0	0	0	100.00	0	0	0	0	0	0
1428605605196702730	CPU_0	0	0	0	100.00	0	0	0	0	0	0
1428605605817542250	CPU_0	0	0	1.58	96.82	0	0	1.58	0	0	0
1428605606438777143	CPU_0	0	0	1.63	98.36	0	0	0	0	0	0
1428605607067484733	CPU_0	0	0	0	98.38	0	1.61	0	0	0	0
1428605607689313334	CPU_0	0	0	1.66	98.33	0	0	0	0	0	0
1428605608310579020	CPU_0	0	0	0	98.36	0	1.63	0	0	0	0
1428605608931630165	CPU_0	0	0	0	100.00	0	0	0	0	0	0
1428605609563218041	CPU_0	0	0	1.51	90.90	0	7.57	0	0	0	0
1428605610185129351	CPU_0	0	0	0	100.00	0	0	0	0	0	0
1428605610806769119	CPU_0	0	0	0	98.38	0	0	1.61	0	0	0
1428605611428379888	CPU_0	0	0	1.63	98.36	0	0	0	0	0	0
1428605612051184197	CPU_0	0	0	0	100.00	0	0	0	0	0	0
1428605612679152871	CPU_0	0	0	0	100.00	0	0	0	0	0	0
1428605613300495890	CPU_0	0	0	1.63	98.36	0	0	0	0	0	0
1428605613922705408	CPU_0	0	0	0	100.00	0	0	0	0	0	0
1428605614545840841	CPU_0	0	0	1.61	98.38	0	0	0	0	0	0
1428605615174288057	CPU_0	0	0	1.61	98.38	0	0	0	0	0	0
1428605615796300075	CPU_0	0	0	0	93.75	0	4.68	1.56	0	0	0
1428605616417773386	CPU_0	0	0	0	100.00	0	0	0	0	0	0
1428605617040115362	CPU_0	0	0	1.61	98.38	0	0	0	0	0	0
1428605617662777338	CPU_0	0	0	1.63	98.36	0	0	0	0	0	0
1428605618289080474	CPU_0	0	0	1.61	98.38	0	0	0	0	0	0
1428605618910251494	CPU_0	0	0	1.61	96.77	1.61	0	0	0	0	0
1428605619532761471	CPU_0	1.63	0	0	98.36	0	0	0	0	0	0
1428605620154620656	CPU_0	0	0	1.61	96.77	0	1.61	0	0	0	0
1428605620782701581	CPU_0	0	0	0	98.41	0	0	1.58	0	0	0
1428605621404203934	CPU_0	0	0	0	98.36	0	1.63	0	0	0	0
1428605622026360411	CPU_0	0	0	1.63	98.36	0	0	0	0	0	0
1428605622648787596	CPU_0	0	0	0	100.00	0	0	0	0	0	0
1428605623277173812	CPU_0	0	0	1.58	96.82	0	1.58	0	0	0	0
1428605623898600457	CPU_0	0	0	0	98.36	0	1.63	0	0	0	0
1428605624520285518	CPU_0	0	0	1.63	98.36	0	0	0	0	0	0
1428605625142454329	CPU_0	0	0	0	100.00	0	0	0	0	0	0
1428605625764444306	CPU_0	0	0	0	96.82	0	1.58	1.58	0	0	0
1428605626392162649	CPU_0	0	0	1.61	98.38	0	0	0	0	0	0
1428605627013510419	CPU_0	0	0	1.61	96.77	0	1.61	0	0	0	0
1428605627636325396	CPU_0	0	0	0	100.00	0	0	0	0	0	0
1428605628257797083	CPU_0	0	0	1.56	95.31	0	0	3.12	0	0	0
1428605628886521590	CPU_0	0	0	1.61	96.77	0	1.61	0	0	0	0
1428605629507690611	CPU_0	0	0	0	100.00	0	0	0	0	0	0
1428605630130898087	CPU_0	0	0	1.61	96.77	0	1.61	0	0	0	0
1428605630752657690	CPU_0	0	0	1.63	98.36	0	0	0	0	0	0
1428605631381932572	CPU_0	1.61	0	0	96.77	0	1.61	0	0	0	0
1428605632004514341	CPU_0	0	0	1.56	93.75	0	4.68	0	0	0	0
1428605632626974943	CPU_0	0	0	0	100.00	0	0	0	0	0	0
1428605633249428004	CPU_0	0	0	0	100.00	0	0	0	0	0	0
1428605633871098691	CPU_0	0	0	3.27	96.72	0	0	0	0	0	0
1428605634499493033	CPU_0	0	0	1.61	98.38	0	0	0	0	0	0
1428605635121808427	CPU_0	0	0	0	100.00	0	0	0	0	0	0
1428605635743974822	CPU_0	0	0	0	98.36	0	1.63	0	0	0	0
1428605636365480634	CPU_0	0	0	2.94	89.70	0	7.35	0	0	0	0
1428605636993843727	CPU_0	0	0	1.61	98.38	0	0	0	0	0	0
1428605637616151413	CPU_0	0	0	3.03	89.39	0	0	7.57	0	0	0
1428605638238294933	CPU_0	0	0	0	100.00	0	0	0	0	0	0
1428605638860256453	CPU_0	0	0	1.63	98.36	0	0	0	0	0	0
1428605639482949514	CPU_0	0	0	0	100.00	0	0	0	0	0	0
1428605640109850192	CPU_0	0	0	0	100.00	0	0	0	0	0	0
1428605640731982087	CPU_0	0	0	1.63	98.36	0	0	0	0	0	0
1428605641353576442	CPU_0	0	0	1.66	98.33	0	0	0	0	0	0
1428605641975378754	CPU_0	0	0	1.61	98.38	0	0	0	0	0	0
1428605642604353179	CPU_0	0	0	1.61	98.38	0	0	0	0	0	0
1428605643226204783	CPU_0	0	0	0	100.00	0	0	0	0	0	0
1428605643848155179	CPU_0	0	0	0	98.36	0	1.63	0	0	0	0
1428605644470461324	CPU_0	0	0	1.61	98.38	0	0	0	0	0	0
1428605645099327583	CPU_0	0	0	0	100.00	0	0	0	0	0	0
1428605645721620603	CPU_0	0	0	0	98.36	0	1.63	0	0	0	0
1428605646344299206	CPU_0	0	0	0	100.00	0	0	0	0	0	0
1428605646966169477	CPU_0	0	0	0	98.38	0	1.61	0	0	0	0
1428605647588660330	CPU_0	0	0	1.63	98.36	0	0	0	0	0	0
1428605648217378714	CPU_0	0	0	0	91.04	0	8.95	0	0	0	0
1428605648839180860	CPU_0	0	0	0	100.00	0	0	0	0	0	0
1428605649461695214	CPU_0	1.63	0	1.63	96.72	0	0	0	0	0	0
1428605650084502900	CPU_0	0	0	1.61	98.38	0	0	0	0	0	0
1428605650713786284	CPU_0	0	0	0	100.00	0	0	0	0	0	0
1428605651336099554	CPU_0	0	0	1.63	98.36	0	0	0	0	0	0
1428605651958134409	CPU_0	0	0	0	100.00	0	0	0	0	0	0
1428605652580551762	CPU_0	0	0	0	100.00	0	0	0	0	0	0
1428605653209113064	CPU_0	0	0	1.61	98.38	0	0	0	0	0	0
1428605653831524751	CPU_0	0	0	0	100.00	0	0	0	0	0	0
1428605654453481023	CPU_0	0	0	0	100.00	0	0	0	0	0	0
1428605655075492752	CPU_0	0	0	1.63	98.36	0	0	0	0	0	0
1428605655698061023	CPU_0	0	0	1.61	98.38	0	0	0	0	0	0
1428605656326561866	CPU_0	0	0	1.58	96.82	0	1.58	0	0	0	0
1428605656948706846	CPU_0	0	0	1.63	98.36	0	0	0	0	0	0
1428605657570931076	CPU_0	0	0	1.47	89.70	0	8.82	0	0	0	0
1428605658194007095	CPU_0	0	0	0	100.00	0	0	0	0	0	0
1428605658822536314	CPU_0	0	0	1.58	96.82	1.58	0	0	0	0	0
1428605659445194793	CPU_0	0	0	1.66	98.33	0	0	0	0	0	0
1428605660067150357	CPU_0	0	0	0	100.00	0	0	0	0	0	0
1428605660690294293	CPU_0	0	0	1.63	98.36	0	0	0	0	0	0
1428605661318310930	CPU_0	0	0	1.61	98.38	0	0	0	0	0	0
1428605661941526658	CPU_0	0	0	0	100.00	0	0	0	0	0	0
1428605662564056304	CPU_0	0	0	1.61	96.77	0	0	1.61	0	0	0
1428605663187400698	CPU_0	1.69	0	0	98.30	0	0	0	0	0	0
1428605663810090178	CPU_0	0	0	1.66	93.33	0	5.00	0	0	0	0
1428605664439515104	CPU_0	0	0	0	98.30	0	1.69	0	0	0	0
1428605665062112083	CPU_0	13.33	0	1.66	83.33	0	1.66	0	0	0	0
1428605665685596019	CPU_0	0	0	1.63	98.36	0	0	0	0	0	0
1428605666307570875	CPU_0	0	0	1.61	96.77	0	1.61	0	0	0	0
1428605666936370677	CPU_0	0	0	0	98.36	0	1.63	0	0	0	0
1428605667558696157	CPU_0	1.63	0	0	98.36	0	0	0	0	0	0
1428605668181716970	CPU_0	0	0	1.51	92.42	0	1.51	4.54	0	0	0
1428605668803774950	CPU_0	0	0	0	96.77	0	3.22	0	0	0	0
1428605669435524289	CPU_0	6.66	0	1.66	91.66	0	0	0	0	0	0
1428605670058055478	CPU_0	0	0	0	100.00	0	0	0	0	0	0
1428605670681378790	CPU_0	0	0	0	100.00	0	0	0	0	0	0
1428605671304112853	CPU_0	0	0	0	100.00	0	0	0	0	0	0
1428605671926521541	CPU_0	0	0	1.61	96.77	0	1.61	0	0	0	0
1428605672555414802	CPU_0	0	0	0	100.00	0	0	0	0	0	0
1428605673178692156	CPU_0	1.63	0	0	98.36	0	0	0	0	0	0
1428605673801455386	CPU_0	0	0	1.58	95.23	1.58	1.58	0	0	0	0
1428605674424368115	CPU_0	0	0	0	100.00	0	0	0	0	0	0
1428605675053268918	CPU_0	0	0	3.12	95.31	0	1.56	0	0	0	0
1428605675677004438	CPU_0	0	0	1.51	92.42	0	6.06	0	0	0	0
1428605676299923418	CPU_0	0	0	1.63	98.36	0	0	0	0	0	0
1428605676922067649	CPU_0	0	0	0	100.00	0	0	0	0	0	0
1428605677546980167	CPU_0	0	0	3.22	96.77	0	0	0	0	0	0
1428605678176238053	CPU_0	0	0	1.61	98.38	0	0	0	0	0	0
1428605678799155991	CPU_0	0	0	0	100.00	0	0	0	0	0	0
1428605679422273637	CPU_0	0	0	3.22	96.77	0	0	0	0	0	0
1428605680045341242	CPU_0	0	0	1.63	98.36	0	0	0	0	0	0
1428605680675847417	CPU_0	0	0	0	98.38	0	0	1.61	0	0	0
1428605681298891522	CPU_0	0	0	1.61	98.38	0	0	0	0	0	0
1428605681922060585	CPU_0	0	0	1.51	90.90	0	7.57	0	0	0	0
1428605682544693483	CPU_0	0	0	0	100.00	0	0	0	0	0	0
1428605683175314908	CPU_0	0	0	1.61	98.38	0	0	0	0	0	0
1428605683798136555	CPU_0	0	0	0	100.00	0	0	0	0	0	0
1428605684421601826	CPU_0	0	0	0	100.00	0	0	0	0	0	0
1428605685043957766	CPU_0	0	0	1.63	98.36	0	0	0	0	0	0
1428605685669964991	CPU_0	0	0	0	100.00	0	0	0	0	0	0
1428605686297186339	CPU_0	0	0	0	100.00	0	0	0	0	0	0
1428605686920347694	CPU_0	0	0	1.61	98.38	0	0	0	0	0	0
1428605687542974426	CPU_0	0	0	0	96.77	0	3.22	0	0	0	0
1428605688166727738	CPU_0	0	0	0	98.38	0	0	1.61	0	0	0
1428605688795999458	CPU_0	0	0	1.63	98.36	0	0	0	0	0	0
1428605689419056980	CPU_0	0	0	0	100.00	0	0	0	0	0	0
1428605690041710836	CPU_0	0	0	0	100.00	0	0	0	0	0	0
1428605690665757773	CPU_0	0	0	1.61	98.38	0	0	0	0	0	0
1428605691295313326	CPU_0	0	0	1.58	96.82	0	1.58	0	0	0	0
1428605691918295557	CPU_0	0	0	0	98.36	0	1.63	0	0	0	0
1428605692541453079	CPU_0	0	0	1.61	98.38	0	0	0	0	0	0
1428605693165211392	CPU_0	0	0	0	89.70	0	0	10.29	0	0	0
1428605693790104912	CPU_0	0	0	1.61	96.77	0	1.61	0	0	0	0
1428605694418284175	CPU_0	0	0	4.68	95.31	0	0	0	0	0	0
1428605695041583239	CPU_0	0	0	0	93.84	0	6.15	0	0	0	0
1428605695665527677	CPU_0	0	0	0	100.00	0	0	0	0	0	0
1428605696288390742	CPU_0	0	0	1.61	98.38	0	0	0	0	0	0
1428605696918098003	CPU_0	0	0	1.63	98.36	0	0	0	0	0	0
1428605697540696360	CPU_0	0	0	0	100.00	0	0	0	0	0	0
1428605698163993757	CPU_0	0	0	3.22	96.77	0	0	0	0	0	0
1428605698786859572	CPU_0	0	0	0	100.00	0	0	0	0	0	0
1428605699416465334	CPU_0	0	0	0	100.00	0	0	0	0	0	0
1428605700039292482	CPU_0	0	0	1.61	96.77	0	1.61	0	0	0	0
1428605700662729129	CPU_0	0	0	1.61	98.38	0	0	0	0	0	0
1428605701285727069	CPU_0	1.61	0	0	96.77	0	1.61	0	0	0	0
1428605701908908259	CPU_0	0	0	0	98.33	0	1.66	0	0	0	0
1428605702537641272	CPU_0	0	0	0	100.00	0	0	0	0	0	0
1428605703160915378	CPU_0	0	0	1.51	90.90	0	7.57	0	0	0	0
1428605703783586194	CPU_0	0	0	1.63	96.72	1.63	0	0	0	0	0
1428605704406994050	CPU_0	0	0	0	100.00	0	0	0	0	0	0
1428605705036401187	CPU_0	0	0	0	100.00	0	0	0	0	0	0
1428605705660250584	CPU_0	0	0	1.63	98.36	0	0	0	0	0	0
1428605706282856150	CPU_0	0	0	0	100.00	0	0	0	0	0	0
1428605706905666799	CPU_0	0	0	0	100.00	0	0	0	0	0	0
1428605707535149937	CPU_0	0	0	3.22	96.77	0	0	0	0	0	0
1428605708158077335	CPU_0	0	0	0	100.00	0	0	0	0	0	0
1428605708780218194	CPU_0	0	0	0	100.00	0	0	0	0	0	0
1428605709402466261	CPU_0	0	0	1.58	96.82	0	1.58	0	0	0	0
1428605710025274785	CPU_0	0	0	0	89.55	0	10.44	0	0	0	0
1428605710655086797	CPU_0	0	0	1.61	98.38	0	0	0	0	0	0
1428605711278303862	CPU_0	0	0	1.61	98.38	0	0	0	0	0	0
1428605711901032678	CPU_0	0	0	0	100.00	0	0	0	0	0	0
1428605712524068119	CPU_0	0	0	0	100.00	0	0	0	0	0	0
1428605713153191299	CPU_0	0	0	1.61	98.38	0	0	0	0	0	0
1428605713776782822	CPU_0	0	0	1.63	98.36	0	0	0	0	0	0
1428605714399535555	CPU_0	0	0	1.61	98.38	0	0	0	0	0	0
1428605715021914414	CPU_0	0	0	0	100.00	0	0	0	0	0	0
1428605715651335260	CPU_0	0	0	0	100.00	0	0	0	0	0	0
1428605716275103866	CPU_0	0	0	0	100.00	0	0	0	0	0	0
1428605716897712683	CPU_0	0	0	1.61	98.38	0	0	0	0	0	0
1428605717520870707	CPU_0	0	0	1.63	98.36	0	0	0	0	0	0
1428605718143538690	CPU_0	0	0	0	100.00	0	0	0	0	0	0
1428605718774365118	CPU_0	0	0	1.61	98.38	0	0	0	0	0	0
1428605719396738060	CPU_0	0	0	0	100.00	0	0	0	0	0	0
1428605720019989793	CPU_0	0	0	0	100.00	0	0	0	0	0	0
1428605720642746193	CPU_0	0	0	1.61	96.77	0	1.61	0	0	0	0
1428605721273457163	CPU_0	1.61	0	0	98.38	0	0	0	0	0	0
1428605721896738479	CPU_0	0	0	0	98.38	0	1.61	0	0	0	0
1428605722520516502	CPU_0	0	0	1.47	88.23	0	10.29	0	0	0	0
1428605723143013194	CPU_0	0	0	0	100.00	0	0	0	0	0	0
1428605723773865539	CPU_0	0	0	0	100.00	0	0	0	0	0	0
1428605724396691898	CPU_0	0	0	1.63	98.36	0	0	0	0	0	0
1428605725020214630	CPU_0	0	0	0	100.00	0	0	0	0	0	0
1428605725643439071	CPU_0	0	0	0	100.00	0	0	0	0	0	0
1428605726268290843	CPU_0	0	0	0	100.00	0	0	0	0	0	0
1428605726898226690	CPU_0	0	0	1.61	98.38	0	0	0	0	0	0
1428605727522457421	CPU_0	0	0	0	98.38	0	0	1.61	0	0	0
1428605728145986653	CPU_0	0	0	1.63	98.36	0	0	0	0	0	0
1428605728770588843	CPU_0	0	0	1.61	98.38	0	0	0	0	0	0
1428605729401025397	CPU_0	0	0	0	100.00	0	0	0	0	0	0
1428605730024598546	CPU_0	0	0	1.51	90.90	0	0	7.57	0	0	0
1428605730647982071	CPU_0	0	0	0	100.00	0	0	0	0	0	0
1428605731272296177	CPU_0	0	0	1.61	98.38	0	0	0	0	0	0
1428605731902461149	CPU_0	1.63	0	1.63	96.72	0	0	0	0	0	0
1428605732526192673	CPU_0	0	0	0	98.36	0	1.63	0	0	0	0
1428605733149551615	CPU_0	0	0	3.17	96.82	0	0	0	0	0	0
1428605733773942013	CPU_0	0	0	1.61	96.77	0	1.61	0	0	0	0
1428605734398601161	CPU_0	0	0	0	100.00	0	0	0	0	0	0
1428605735027069344	CPU_0	0	0	0	100.00	0	0	0	0	0	0
1428605735650439452	CPU_0	0	0	1.58	96.82	0	1.58	0	0	0	0
1428605736274919434	CPU_0	0	0	0	100.00	0	0	0	0	0	0
1428605736898146792	CPU_0	0	0	0	98.38	0	1.61	0	0	0	0
1428605737528400431	CPU_0	0	0	1.63	98.36	0	0	0	0	0	0
1428605738152538163	CPU_0	0	0	0	98.36	0	1.63	0	0	0	0
1428605738777054728	CPU_0	0	0	1.58	95.23	1.58	1.58	0	0	0	0
1428605739400897419	CPU_0	0	0	1.63	98.36	0	0	0	0	0	0
1428605740031015350	CPU_0	0	0	0	98.38	0	1.61	0	0	0	0
1428605740654870000	CPU_0	0	0	0	91.04	0	8.95	0	0	0	0
1428605741279568398	CPU_0	0	0	1.61	98.38	0	0	0	0	0	0
1428605741903895005	CPU_0	0	0	0	100.00	0	0	0	0	0	0
1428605742534353019	CPU_0	0	0	1.61	98.38	0	0	0	0	0	0
1428605743158331043	CPU_0	0	0	1.63	98.36	0	0	0	0	0	0
1428605743783303858	CPU_0	0	0	1.63	98.36	0	0	0	0	0	0
1428605744407529632	CPU_0	0	0	0	100.00	0	0	0	0	0	0
1428605745031794115	CPU_0	0	0	1.61	98.38	0	0	0	0	0	0
1428605745662198212	CPU_0	0	0	0	100.00	0	0	0	0	0	0
1428605746287064527	CPU_0	0	0	0	100.00	0	0	0	0	0	0
1428605746911322718	CPU_0	0	0	1.61	98.38	0	0	0	0	0	0
1428605747534951743	CPU_0	0	0	0	100.00	0	0	0	0	0	0
1428605748165232008	CPU_0	0	0	1.61	98.38	0	0	0	0	0	0
1428605748790160489	CPU_0	0	0	0	100.00	0	0	0	0	0	0
1428605749413907931	CPU_0	0	0	0	98.36	0	1.63	0	0	0	0
1428605750037793207	CPU_0	0	0	0	93.84	0	6.15	0	0	0	0
1428605750667875096	CPU_0	0	0	0	100.00	0	0	0	0	0	0
1428605751292241621	CPU_0	0	0	0	100.00	0	0	0	0	0	0
1428605751916226521	CPU_0	0	0	0	100.00	0	0	0	0	0	0
1428605752540107838	CPU_0	0	0	3.17	96.82	0	0	0	0	0	0
1428605753164927654	CPU_0	0	0	1.63	98.36	0	0	0	0	0	0
1428605753794711836	CPU_0	0	0	0	100.00	0	0	0	0	0	0
1428605754418484529	CPU_0	0	0	0	100.00	0	0	0	0	0	0
1428605755042631929	CPU_0	0	0	1.61	98.38	0	0	0	0	0	0
1428605755666752787	CPU_0	0	0	0	100.00	0	0	0	0	0	0
1428605756297860676	CPU_0	0	0	0	98.38	0	1.61	0	0	0	0
1428605756921958826	CPU_0	0	0	1.58	96.82	0	0	1.58	0	0	0
1428605757546343559	CPU_0	0	0	0	98.36	0	1.63	0	0	0	0
1428605758170817376	CPU_0	1.61	0	0	98.38	0	0	0	0	0	0
1428605758803022721	CPU_0	0	0	1.58	96.82	0	1.58	0	0	0	0
1428605759427660371	CPU_0	0	0	1.63	96.72	0	1.63	0	0	0	0
1428605760052141062	CPU_0	0	0	1.61	98.38	0	0	0	0	0	0
1428605760676488921	CPU_0	0	0	1.61	98.38	0	0	0	0	0	0
1428605761307289810	CPU_0	0	0	0	98.36	0	1.63	0	0	0	0
1428605761931398586	CPU_0	0	0	1.58	96.82	0	0	1.58	0	0	0
1428605762555236946	CPU_0	0	0	1.63	98.36	0	0	0	0	0	0
1428605763179332347	CPU_0	0	0	1.58	96.82	0	1.58	0	0	0	0
1428605763804266829	CPU_0	0	0	1.63	98.36	0	0	0	0	0	0
1428605764435142927	CPU_0	0	0	0	98.38	0	1.61	0	0	0	0
1428605765060005744	CPU_0	0	0	1.56	95.31	0	3.12	0	0	0	0
1428605765684478227	CPU_0	0	0	0	100.00	0	0	0	0	0	0
1428605766310162209	CPU_0	0	0	1.63	98.36	0	0	0	0	0	0
1428605766941479598	CPU_0	0	0	0	98.41	0	0	1.58	0	0	0
1428605767566420040	CPU_0	0	0	0	100.00	0	0	0	0	0	0
1428605768191059815	CPU_0	0	0	1.61	96.77	0	1.61	0	0	0	0
1428605768816680339	CPU_0	0	0	1.51	92.42	0	6.06	0	0	0	0
1428605769447833895	CPU_0	1.61	0	0	98.38	0	0	0	0	0	0
1428605770072700253	CPU_0	0	0	0	100.00	0	0	0	0	0	0
1428605770697594861	CPU_0	0	0	0	100.00	0	0	0	0	0	0
1428605771323245635	CPU_0	0	0	3.22	96.77	0	0	0	0	0	0
1428605771949978199	CPU_0	0	0	3.12	95.31	0	0	1.56	0	0	0
1428605772579724216	CPU_0	0	0	0	100.00	0	0	0	0	0	0
1428605773204400533	CPU_0	0	0	0	100.00	0	0	0	0	0	0
1428605773830515223	CPU_0	0	0	3.12	93.75	1.56	1.56	0	0	0	0
1428605774455966789	CPU_0	0	0	0	100.00	0	0	0	0	0	0
1428605775087844928	CPU_0	0	0	1.61	98.38	0	0	0	0	0	0
1428605775712660787	CPU_0	0	0	1.61	96.77	0	1.61	0	0	0	0
1428605776337792478	CPU_0	0	0	0	88.40	0	0	11.59	0	0	0
1428605776962004922	CPU_0	0	0	1.42	87.14	0	11.42	0	0	0	0
1428605777593236853	CPU_0	0	0	1.61	98.38	0	0	0	0	0	0
1428605778217155964	CPU_0	0	0	1.63	98.36	0	0	0	0	0	0
1428605778842610489	CPU_0	0	0	0	100.00	0	0	0	0	0	0
1428605779467062223	CPU_0	0	0	1.63	98.36	0	0	0	0	0	0
1428605780097150407	CPU_0	0	0	1.61	98.38	0	0	0	0	0	0
1428605780721299268	CPU_0	0	0	0	100.00	0	0	0	0	0	0
1428605781346165418	CPU_0	0	0	0	100.00	0	0	0	0	0	0
1428605781970057529	CPU_0	0	0	0	100.00	0	0	0	0	0	0
1428605782593983307	CPU_0	0	0	0	100.00	0	0	0	0	0	0
1428605783224497907	CPU_0	0	0	3.27	96.72	0	0	0	0	0	0
1428605783849233891	CPU_0	0	0	1.75	98.24	0	0	0	0	0	0
1428605784473802501	CPU_0	0	0	0	96.66	0	3.33	0	0	0	0
1428605785098467070	CPU_0	13.43	0	1.49	74.62	0	10.44	0	0	0	0
1428605785734321619	CPU_0	8.19	0	4.91	86.88	0	0	0	0	0	0
1428605786359166479	CPU_0	0	0	1.63	98.36	0	0	0	0	0	0
1428605786982169258	CPU_0	0	0	0	100.00	0	0	0	0	0	0
1428605787606747035	CPU_0	0	0	0	100.00	0	0	0	0	0	0
1428605788236808886	CPU_0	0	0	3.17	96.82	0	0	0	0	0	0
1428605788861611662	CPU_0	0	0	1.63	98.36	0	0	0	0	0	0
1428605789484902192	CPU_0	9.83	0	1.63	88.52	0	0	0	0	0	0
1428605790109766385	CPU_0	0	0	0	100.00	0	0	0	0	0	0
1428605790736580825	CPU_0	0	0	4.68	95.31	0	0	0	0	0	0
1428605791367016092	CPU_0	0	0	0	100.00	0	0	0	0	0	0
1428605791991058203	CPU_0	0	0	0	100.00	0	0	0	0	0	0
1428605792615615564	CPU_0	0	0	1.61	98.38	0	0	0	0	0	0
1428605793240049675	CPU_0	0	0	1.63	98.36	0	0	0	0	0	0
1428605793872302439	CPU_0	0	0	1.56	95.31	0	3.12	0	0	0	0
1428605794496659467	CPU_0	0	0	0	100.00	0	0	0	0	0	0
1428605795121311578	CPU_0	0	0	3.27	96.72	0	0	0	0	0	0
1428605795747010936	CPU_0	0	0	0	100.00	0	0	0	0	0	0
1428605796378311411	CPU_0	0	0	1.58	96.82	0	1.58	0	0	0	0
1428605797002038023	CPU_0	0	0	0	100.00	0	0	0	0	0	0
1428605797626385010	CPU_0	0	0	0	98.36	0	1.63	0	0	0	0
1428605798249957122	CPU_0	0	0	1.58	95.23	0	3.17	0	0	0	0
1428605798881342763	CPU_0	0	0	0	98.38	1.61	0	0	0	0	0
1428605799505665542	CPU_0	1.61	0	0	98.38	0	0	0	0	0	0
1428605800130342236	CPU_0	0	0	3.22	96.77	0	0	0	0	0	0
1428605800754562264	CPU_0	0	0	0	100.00	0	0	0	0	0	0
1428605801380226957	CPU_0	0	0	0	100.00	0	0	0	0	0	0
1428605802010480600	CPU_0	0	0	0	98.38	0	1.61	0	0	0	0
1428605802635651836	CPU_0	0	0	0	100.00	0	0	0	0	0	0
1428605803259931031	CPU_0	0	0	0	98.38	0	1.61	0	0	0	0
1428605803885495515	CPU_0	0	0	1.61	96.77	0	1.61	0	0	0	0
1428605804516957282	CPU_0	0	0	0	100.00	0	0	0	0	0	0
1428605805142271975	CPU_0	0	0	0	100.00	0	0	0	0	0	0
1428605805767507377	CPU_0	0	0	3.12	95.31	0	1.56	0	0	0	0
1428605806394551735	CPU_0	0	0	0	100.00	0	0	0	0	0	0
1428605807026522417	CPU_0	0	0	0	89.85	0	10.14	0	0	0	0
1428605807652502527	CPU_0	0	0	1.61	98.38	0	0	0	0	0	0
1428605808277401263	CPU_0	0	0	1.63	98.36	0	0	0	0	0	0
1428605808903866080	CPU_0	0	0	0	100.00	0	0	0	0	0	0
1428605809535224097	CPU_0	0	0	0	100.00	0	0	0	0	0	0
1428605810163172286	CPU_0	0	0	3.17	96.82	0	0	0	0	0	0
1428605810787675065	CPU_0	0	0	0	100.00	0	0	0	0	0	0
1428605811414032882	CPU_0	0	0	1.61	98.38	0	0	0	0	0	0
1428605812038417870	CPU_0	0	0	0	98.38	0	0	1.61	0	0	0
1428605812670207303	CPU_0	0	0	0	100.00	0	0	0	0	0	0
1428605813294980498	CPU_0	0	0	1.61	98.38	0	0	0	0	0	0
1428605813920992566	CPU_0	0	0	1.63	98.36	0	0	0	0	0	0
1428605814546209427	CPU_0	0	0	0	100.00	0	0	0	0	0	0
1428605815177643694	CPU_0	0	0	1.58	98.41	0	0	0	0	0	0
1428605815802045265	CPU_0	0	0	1.63	98.36	0	0	0	0	0	0
1428605816427289293	CPU_0	0	0	0	98.38	0	1.61	0	0	0	0
1428605817052279029	CPU_0	0	0	1.61	98.38	0	0	0	0	0	0
1428605817683381548	CPU_0	1.61	0	0	98.38	0	0	0	0	0	0
1428605818309066283	CPU_0	0	0	1.61	96.77	0	1.61	0	0	0	0
1428605818934001812	CPU_0	0	0	1.56	95.31	0	3.12	0	0	0	0
1428605819558442216	CPU_0	0	0	1.38	84.72	0	0	13.88	0	0	0
1428605820183050829	CPU_0	0	0	1.66	98.33	0	0	0	0	0	0
1428605820814438721	CPU_0	0	0	1.61	98.38	0	0	0	0	0	0
1428605821439502542	CPU_0	1.61	0	1.61	96.77	0	0	0	0	0	0
1428605822064886278	CPU_0	0	0	0	100.00	0	0	0	0	0	0
1428605822690349222	CPU_0	0	0	0	98.38	0	1.61	0	0	0	0
1428605823322477364	CPU_0	0	0	1.61	98.38	0	0	0	0	0	0
1428605823947190602	CPU_0	0	0	0	98.36	0	1.63	0	0	0	0
1428605824571504340	CPU_0	0	0	0	100.00	0	0	0	0	0	0
1428605825196764619	CPU_0	0	0	1.61	98.38	0	0	0	0	0	0
1428605825828186678	CPU_0	0	0	0	98.38	0	1.61	0	0	0	0
1428605826452945124	CPU_0	0	0	1.61	98.38	0	0	0	0	0	0
1428605827077574612	CPU_0	0	0	0	98.38	0	1.61	0	0	0	0
1428605827702754975	CPU_0	0	0	0	100.00	0	0	0	0	0	0
1428605828335337241	CPU_0	0	0	1.44	88.40	0	10.14	0	0	0	0
1428605828960190229	CPU_0	0	0	0	100.00	0	0	0	0	0	0
1428605829584227259	CPU_0	0	0	0	100.00	0	0	0	0	0	0
1428605830209386038	CPU_0	0	0	0	100.00	0	0	0	0	0	0
1428605830833779111	CPU_0	0	0	3.17	96.82	0	0	0	0	0	0
1428605831465120546	CPU_0	0	0	1.58	98.41	0	0	0	0	0	0
1428605832089183577	CPU_0	0	0	1.63	98.36	0	0	0	0	0	0
1428605832714459897	CPU_0	0	0	0	100.00	0	0	0	0	0	0
1428605833339361802	CPU_0	0	0	0	100.00	0	0	0	0	0	0
1428605833971110945	CPU_0	0	0	1.61	98.38	0	0	0	0	0	0
1428605834595506684	CPU_0	0	0	1.61	98.38	0	0	0	0	0	0
1428605835220613380	CPU_0	1.63	0	0	98.36	0	0	0	0	0	0
1428605835846110076	CPU_0	0	0	1.61	98.38	0	0	0	0	0	0
1428605836477827219	CPU_0	0	0	1.61	98.38	0	0	0	0	0	0
1428605837102412458	CPU_0	0	0	0	100.00	0	0	0	0	0	0
1428605837727433571	CPU_0	0	0	1.63	98.36	0	0	0	0	0	0
1428605838353967182	CPU_0	0	0	0	98.38	0	1.61	0	0	0	0
1428605838985760158	CPU_0	0	0	0	100.00	0	0	0	0	0	0
1428605839614190266	CPU_0	0	0	0	100.00	0	0	0	0	0	0
1428605840239217129	CPU_0	0	0	1.58	96.82	0	1.58	0	0	0	0
1428605840864969241	CPU_0	0	0	0	100.00	0	0	0	0	0	0
1428605841490483729	CPU_0	0	0	0	98.36	0	1.63	0	0	0	0
1428605842122053206	CPU_0	0	0	0	100.00	0	0	0	0	0	0
1428605842747200694	CPU_0	0	0	0	98.38	0	1.61	0	0	0	0
1428605843373247098	CPU_0	0	0	1.61	98.38	0	0	0	0	0	0
1428605843998500794	CPU_0	0	0	1.56	93.75	0	4.68	0	0	0	0
1428605844630783854	CPU_0	0	0	0	100.00	0	0	0	0	0	0
1428605845256512633	CPU_0	0	0	1.61	98.38	0	0	0	0	0	0
1428605845882336912	CPU_0	0	0	0	100.00	0	0	0	0	0	0
1428605846507350984	CPU_0	0	0	1.63	98.36	0	0	0	0	0	0
1428605847138690296	CPU_0	1.61	0	0	98.38	0	0	0	0	0	0
1428605847764365033	CPU_0	0	0	1.61	98.38	0	0	0	0	0	0
1428605848390442354	CPU_0	0	0	1.58	96.82	0	1.58	0	0	0	0
1428605849016090925	CPU_0	0	0	0	100.00	0	0	0	0	0	0
1428605849647768986	CPU_0	0	0	3.17	96.82	0	0	0	0	0	0
1428605850276823218	CPU_0	0	0	1.58	96.82	0	1.58	0	0	0	0
1428605850902786456	CPU_0	0	0	0	100.00	0	0	0	0	0	0
1428605851529157276	CPU_0	0	0	0	98.38	0	1.61	0	0	0	0
1428605852154399681	CPU_0	4.91	0	0	95.08	0	0	0	0	0	0
1428605852786904325	CPU_0	0	0	1.58	96.82	0	1.58	0	0	0	0
1428605853413286478	CPU_0	0	0	0	100.00	0	0	0	0	0	0
1428605854039639715	CPU_0	0	0	0	96.77	1.61	1.61	0	0	0	0
1428605854666106202	CPU_0	0	0	0	100.00	0	0	0	0	0	0
1428605855298733679	CPU_0	0	0	0	100.00	0	0	0	0	0	0
1428605855924804083	CPU_0	0	0	0	98.38	0	1.61	0	0	0	0
1428605856550837946	CPU_0	0	0	3.22	96.77	0	0	0	0	0	0
1428605857176351518	CPU_0	0	0	0	98.38	0	1.61	0	0	0	0
1428605857808549454	CPU_0	0	0	0	100.00	0	0	0	0	0	0
1428605858435024316	CPU_0	0	0	1.58	96.82	0	1.58	0	0	0	0
1428605859060965054	CPU_0	0	0	1.63	98.36	0	0	0	0	0	0
1428605859686562459	CPU_0	1.58	0	1.58	96.82	0	0	0	0	0	0
1428605860321209725	CPU_0	0	0	0	98.38	0	1.61	0	0	0	0
1428605860947489254	CPU_0	0	0	0	100.00	0	0	0	0	0	0
1428605861573889200	CPU_0	0	0	0	98.38	0	1.61	0	0	0	0
1428605862199718688	CPU_0	0	0	1.61	98.38	0	0	0	0	0	0
1428605862825596218	CPU_0	0	0	1.49	91.04	0	7.46	0	0	0	0
1428605863458128862	CPU_0	0	0	0	100.00	0	0	0	0	0	0
1428605864084253684	CPU_0	0	0	1.61	98.38	0	0	0	0	0	0
1428605864710069631	CPU_0	0	0	1.61	98.38	0	0	0	0	0	0
1428605865336564744	CPU_0	0	0	0	100.00	0	0	0	0	0	0
1428605865969802762	CPU_0	0	0	0	100.00	0	0	0	0	0	0
1428605866595774917	CPU_0	0	0	1.63	98.36	0	0	0	0	0	0
1428605867221529448	CPU_0	0	0	0	100.00	0	0	0	0	0	0
1428605867847323395	CPU_0	0	0	0	100.00	0	0	0	0	0	0
1428605868480027331	CPU_0	0	0	3.17	96.82	0	0	0	0	0	0
1428605869105905611	CPU_0	0	0	1.61	98.38	0	0	0	0	0	0
1428605869731522809	CPU_0	0	0	0	98.38	0	1.61	0	0	0	0
1428605870358473421	CPU_0	0	0	1.63	98.36	0	0	0	0	0	0
1428605870991698148	CPU_0	0	0	0	100.00	0	0	0	0	0	0
1428605871618115136	CPU_0	0	0	0	95.31	0	1.56	3.12	0	0	0
1428605872244489624	CPU_0	0	0	0	100.00	0	0	0	0	0	0
1428605872870507155	CPU_0	0	0	1.61	96.77	0	1.61	0	0	0	0
1428605873498210558	CPU_0	0	0	0	98.38	0	1.61	0	0	0	0
1428605874128926414	CPU_0	0	0	3.22	96.77	0	0	0	0	0	0
1428605874754757445	CPU_0	0	0	0	98.38	0	1.61	0	0	0	0
1428605875381036392	CPU_0	0	0	0	100.00	0	0	0	0	0	0
1428605876007284839	CPU_0	0	0	1.61	98.38	0	0	0	0	0	0
1428605876640902982	CPU_0	0	0	0	100.00	0	0	0	0	0	0
1428605877267069888	CPU_0	0	0	0	98.38	0	1.61	0	0	0	0
1428605877893819793	CPU_0	0	0	1.61	98.38	0	0	0	0	0	0
1428605878520372365	CPU_0	0	0	0	98.38	0	1.61	0	0	0	0
1428605879153498217	CPU_0	0	0	0	98.38	0	0	1.61	0	0	0
1428605879780425830	CPU_0	0	0	1.58	96.82	0	1.58	0	0	0	0
1428605880407803817	CPU_0	0	0	0	100.00	0	0	0	0	0	0
1428605881034156473	CPU_0	0	0	0	100.00	0	0	0	0	0	0
1428605881668002241	CPU_0	1.58	0	3.17	93.65	0	1.58	0	0	0	0
1428605882294467438	CPU_0	0	0	0	98.38	0	1.61	0	0	0	0
1428605882922023884	CPU_0	0	0	1.61	98.38	0	0	0	0	0	0
1428605883548496539	CPU_0	0	0	1.61	98.38	0	0	0	0	0	0
1428605884181185560	CPU_0	0	0	0	96.82	1.58	1.58	0	0	0	0
1428605884808218423	CPU_0	0	0	1.58	96.82	0	1.58	0	0	0	0
1428605885435875118	CPU_0	0	0	1.61	98.38	0	0	0	0	0	0
1428605886063240148	CPU_0	0	0	0	100.00	0	0	0	0	0	0
1428605886691838800	CPU_0	0	0	0	100.00	0	0	0	0	0	0
1428605887323908446	CPU_0	0	0	3.03	93.93	0	1.51	1.51	0	0	0
1428605887951746517	CPU_0	0	0	1.58	96.82	0	1.58	0	0	0	0
1428605888579488337	CPU_0	0	0	0	98.38	0	0	1.61	0	0	0
1428605889206482117	CPU_0	0	0	1.63	98.36	0	0	0	0	0	0
1428605889840136220	CPU_0	0	0	1.58	98.41	0	0	0	0	0	0
1428605890467780874	CPU_0	0	0	0	98.38	0	1.61	0	0	0	0
1428605891094826363	CPU_0	0	0	1.61	98.38	0	0	0	0	0	0
1428605891722147684	CPU_0	0	0	0	96.82	0	3.17	0	0	0	0
1428605892355971036	CPU_0	0	0	0	100.00	0	0	0	0	0	0
1428605892984229731	CPU_0	0	0	1.61	98.38	0	0	0	0	0	0
1428605893611366720	CPU_0	0	0	0	100.00	0	0	0	0	0	0
1428605894238551542	CPU_0	0	0	0	100.00	0	0	0	0	0	0
1428605894872393352	CPU_0	0	0	1.56	96.87	0	1.56	0	0	0	0
1428605895500678464	CPU_0	0	0	0	95.31	0	4.68	0	0	0	0
1428605896127341995	CPU_0	0	0	0	100.00	0	0	0	0	0	0
1428605896755088858	CPU_0	0	0	1.58	98.41	0	0	0	0	0	0
1428605897388578461	CPU_0	0	0	0	100.00	0	0	0	0	0	0
1428605898016746240	CPU_0	0	0	0	98.36	0	0	1.63	0	0	0
1428605898643283439	CPU_0	1.56	0	1.56	96.87	0	0	0	0	0	0
1428605899271177718	CPU_0	0	0	0	100.00	0	0	0	0	0	0
1428605899908463023	CPU_0	0	0	0	96.87	0	3.12	0	0	0	0
1428605900536433844	CPU_0	0	0	1.61	98.38	0	0	0	0	0	0
1428605901162639377	CPU_0	0	0	0	100.00	0	0	0	0	0	0
1428605901790070074	CPU_0	0	0	0	100.00	0	0	0	0	0	0
1428605902416995230	CPU_0	0	0	1.61	98.38	0	0	0	0	0	0
1428605903052006081	CPU_0	0	0	1.58	96.82	0	0	1.58	0	0	0
1428605903679143862	CPU_0	1.63	0	1.63	93.44	0	3.27	0	0	0	0
1428605904307254558	CPU_0	0	0	1.72	94.82	0	3.44	0	0	0	0
1428605904935274504	CPU_0	11.47	0	1.63	83.60	0	3.27	0	0	0	0
1428605905569560023	CPU_0	0	0	0	100.00	0	0	0	0	0	0
1428605906196949221	CPU_0	0	0	1.58	96.82	0	1.58	0	0	0	0
1428605906824305543	CPU_0	0	0	0	96.82	0	0	3.17	0	0	0
1428605907452186115	CPU_0	1.56	0	3.12	93.75	0	1.56	0	0	0	0
1428605908086453301	CPU_0	0	0	1.58	96.82	1.58	0	0	0	0	0
1428605908713378708	CPU_0	0	0	0	98.38	0	1.61	0	0	0	0
1428605909341467654	CPU_0	10.00	0	1.66	88.33	0	0	0	0	0	0
1428605909969444142	CPU_0	0	0	1.58	96.82	0	1.58	0	0	0	0
1428605910603151496	CPU_0	0	0	0	100.00	0	0	0	0	0	0
1428605911230788443	CPU_0	0	0	0	98.38	0	1.61	0	0	0	0
1428605911858253641	CPU_0	0	0	1.61	98.38	0	0	0	0	0	0
1428605912486126671	CPU_0	0	0	1.58	96.82	0	1.58	0	0	0	0
1428605913118917902	CPU_0	0	0	0	100.00	0	0	0	0	0	0
1428605913746193183	CPU_0	0	0	0	98.38	0	1.61	0	0	0	0
1428605914373664215	CPU_0	0	0	1.63	98.36	0	0	0	0	0	0
1428605915001620245	CPU_0	0	0	0	92.42	0	7.57	0	0	0	0
1428605915629390234	CPU_0	0	0	1.58	98.41	0	0	0	0	0	0
1428605916262112548	CPU_0	0	0	1.58	96.82	0	0	1.58	0	0	0
1428605916889555621	CPU_0	0	0	0	100.00	0	0	0	0	0	0
1428605917517697110	CPU_0	0	0	1.61	98.38	0	0	0	0	0	0
1428605918145810390	CPU_0	0	0	0	100.00	0	0	0	0	0	0
1428605918780718493	CPU_0	0	0	0	100.00	0	0	0	0	0	0
1428605919409313647	CPU_0	0	0	1.63	98.36	0	0	0	0	0	0
1428605920038061093	CPU_0	0	0	1.58	98.41	0	0	0	0	0	0
1428605920666256249	CPU_0	0	0	1.63	98.36	0	0	0	0	0	0
1428605921300523811	CPU_0	0	0	0	98.41	0	0	1.58	0	0	0
1428605921928005718	CPU_0	0	0	1.58	98.41	0	0	0	0	0	0
1428605922556397039	CPU_0	0	0	0	98.36	0	1.63	0	0	0	0
1428605923184126654	CPU_0	0	0	0	100.00	0	0	0	0	0	0
1428605923818534799	CPU_0	0	0	1.58	96.82	0	1.58	0	0	0	0
1428605924446204248	CPU_0	0	0	0	100.00	0	0	0	0	0	0
1428605925074704611	CPU_0	0	0	3.12	95.31	0	1.56	0	0	0	0
1428605925702801434	CPU_0	0	0	1.61	98.38	0	0	0	0	0	0
1428605926337177246	CPU_0	0	0	0	93.84	0	6.15	0	0	0	0
1428605926966394400	CPU_0	0	0	1.56	96.87	0	0	1.56	0	0	0
1428605927594627389	CPU_0	0	0	0	100.00	0	0	0	0	0	0
1428605928222947253	CPU_0	0	0	0	100.00	0	0	0	0	0	0
1428605928857610482	CPU_0	0	0	0	100.00	0	0	0	0	0	0
1428605929486081387	CPU_0	0	0	3.17	96.82	0	0	0	0	0	0
1428605930114380960	CPU_0	0	0	0	100.00	0	0	0	0	0	0
1428605930742186658	CPU_0	0	0	1.61	98.38	0	0	0	0	0	0
1428605931372445853	CPU_0	0	0	0	100.00	0	0	0	0	0	0
1428605932004939710	CPU_0	0	0	0	87.32	0	8.45	4.22	0	0	0
1428605932632469992	CPU_0	0	0	1.61	98.38	0	0	0	0	0	0
1428605933259710775	CPU_0	0	0	0	100.00	0	0	0	0	0	0
1428605933887469891	CPU_0	0	0	0	100.00	0	0	0	0	0	0
1428605934522731660	CPU_0	0	0	0	100.00	0	0	0	0	0	0
1428605935150909109	CPU_0	0	0	1.61	98.38	0	0	0	0	0	0
1428605935779187223	CPU_0	0	0	0	100.00	0	0	0	0	0	0
1428605936406532923	CPU_0	0	0	1.61	98.38	0	0	0	0	0	0
1428605937041297943	CPU_0	0	0	0	100.00	0	0	0	0	0	0
1428605937668538435	CPU_0	0	0	0	100.00	0	0	0	0	0	0
1428605938295865385	CPU_0	0	0	0	100.00	0	0	0	0	0	0
1428605938923487042	CPU_0	0	0	0	100.00	0	0	0	0	0	0
1428605939558433646	CPU_0	0	0	0	98.41	1.58	0	0	0	0	0
1428605940186275804	CPU_0	0	0	1.63	98.36	0	0	0	0	0	0
1428605940813434921	CPU_0	0	0	1.44	89.85	0	8.69	0	0	0	0
1428605941440795079	CPU_0	1.63	0	0	98.36	0	0	0	0	0	0
1428605942075999557	CPU_0	0	0	3.12	96.87	0	0	0	0	0	0
1428605942703192174	CPU_0	0	0	0	100.00	0	0	0	0	0	0
1428605943330559999	CPU_0	0	0	0	100.00	0	0	0	0	0	0
1428605943957294367	CPU_0	0	0	1.61	98.38	0	0	0	0	0	0
1428605944593162053	CPU_0	0	0	0	100.00	0	0	0	0	0	0
1428605945220929878	CPU_0	0	0	1.61	98.38	0	0	0	0	0	0
1428605945848137245	CPU_0	0	0	3.17	96.82	0	0	0	0	0	0
1428605946475700653	CPU_0	0	0	0	100.00	0	0	0	0	0	0
1428605947104038477	CPU_0	0	0	0	100.00	0	0	0	0	0	0
1428605947738525207	CPU_0	0	0	1.56	96.87	0	0	1.56	0	0	0
1428605948366669240	CPU_0	0	0	1.63	98.36	0	0	0	0	0	0
1428605948995153272	CPU_0	0	0	0	100.00	0	0	0	0	0	0
1428605949622435098	CPU_0	0	0	1.61	96.77	0	1.61	0	0	0	0
1428605950257144911	CPU_0	0	0	0	100.00	0	0	0	0	0	0
1428605950885471276	CPU_0	0	0	0	100.00	0	0	0	0	0	0
1428605951514582307	CPU_0	0	0	1.58	96.82	0	1.58	0	0	0	0
1428605952141846883	CPU_0	0	0	0	98.38	0	1.61	0	0	0	0
1428605952776509572	CPU_0	0	0	0	98.41	0	0	1.58	0	0	0
1428605953404538938	CPU_0	0	0	1.61	98.38	0	0	0	0	0	0
1428605954032817096	CPU_0	0	0	0	98.38	0	1.61	0	0	0	0
1428605954660668463	CPU_0	0	0	0	100.00	0	0	0	0	0	0
1428605955295854859	CPU_0	1.58	0	1.58	96.82	0	0	0	0	0	0
1428605955923505101	CPU_0	0	0	0	98.38	0	1.61	0	0	0	0
1428605956553455048	CPU_0	0	0	1.61	98.38	0	0	0	0	0	0
1428605957181761622	CPU_0	0	0	1.53	93.84	0	4.61	0	0	0	0
1428605957816805560	CPU_0	0	0	0	91.17	0	0	8.82	0	0	0
1428605958445256885	CPU_0	0	0	0	100.00	0	0	0	0	0	0
1428605959074866832	CPU_0	0	0	1.58	96.82	1.58	0	0	0	0	0
1428605959702964949	CPU_0	0	0	0	100.00	0	0	0	0	0	0
1428605960337720513	CPU_0	0	0	0	100.00	0	0	0	0	0	0
1428605960965285089	CPU_0	0	0	1.61	98.38	0	0	0	0	0	0
1428605961594988286	CPU_0	0	0	1.56	95.31	0	3.12	0	0	0	0
1428605962222702237	CPU_0	0	0	0	100.00	0	0	0	0	0	0
1428605962857845926	CPU_0	0	0	0	100.00	0	0	0	0	0	0
1428605963489629661	CPU_0	0	0	0	100.00	0	0	0	0	0	0
1428605964119078568	CPU_0	0	0	0	100.00	0	0	0	0	0	0
1428605964747582101	CPU_0	0	0	1.61	96.77	0	1.61	0	0	0	0
1428605965376077426	CPU_0	0	0	3.12	96.87	0	0	0	0	0	0
1428605966011322822	CPU_0	0	0	0	98.41	0	1.58	0	0	0	0
1428605966641014895	CPU_0	0	0	3.17	95.23	0	1.58	0	0	0	0
1428605967270082094	CPU_0	0	0	0	100.00	0	0	0	0	0	0
1428605967898876419	CPU_0	0	0	0	100.00	0	0	0	0	0	0
1428605968534951064	CPU_0	0	0	1.51	93.93	0	4.54	0	0	0	0
1428605969163363765	CPU_0	0	0	0	100.00	0	0	0	0	0	0
1428605969792277672	CPU_0	0	0	1.61	98.38	0	0	0	0	0	0
1428605970420656998	CPU_0	0	0	0	100.00	0	0	0	0	0	0
1428605971056003436	CPU_0	0	0	0	100.00	0	0	0	0	0	0
1428605971684540011	CPU_0	0	0	0	100.00	0	0	0	0	0	0
1428605972312338463	CPU_0	3.22	0	1.61	95.16	0	0	0	0	0	0
1428605972941036371	CPU_0	0	0	1.49	91.04	0	7.46	0	0	0	0
1428605973577094475	CPU_0	0	0	0	100.00	0	0	0	0	0	0
1428605974205638842	CPU_0	0	0	1.63	98.36	0	0	0	0	0	0
1428605974834575625	CPU_0	0	0	0	100.00	0	0	0	0	0	0
1428605975462943784	CPU_0	0	0	0	100.00	0	0	0	0	0	0
1428605976099189180	CPU_0	0	0	3.12	96.87	0	0	0	0	0	0
1428605976727868547	CPU_0	0	0	0	100.00	0	0	0	0	0	0
1428605977356177998	CPU_0	0	0	0	100.00	0	0	0	0	0	0
1428605977984661407	CPU_0	0	0	1.63	98.36	0	0	0	0	0	0
1428605978619995180	CPU_0	0	0	0	100.00	0	0	0	0	0	0
1428605979248033631	CPU_0	0	0	1.63	98.36	0	0	0	0	0	0
1428605979876296124	CPU_0	0	0	1.58	96.82	0	1.58	0	0	0	0
1428605980504479867	CPU_0	0	0	0	100.00	0	0	0	0	0	0
1428605981134096691	CPU_0	0	0	0	98.38	0	1.61	0	0	0	0
1428605981767525217	CPU_0	0	0	0	100.00	0	0	0	0	0	0
1428605982395539794	CPU_0	0	0	1.58	96.82	0	1.58	0	0	0	0
1428605983024943202	CPU_0	0	0	0	100.00	0	0	0	0	0	0
1428605983654505109	CPU_0	0	0	0	100.00	0	0	0	0	0	0
1428605984290219715	CPU_0	0	0	3.07	93.84	1.53	1.53	0	0	0	0
1428605984918199750	CPU_0	0	0	0	100.00	0	0	0	0	0	0
1428605985548259241	CPU_0	1.53	0	0	93.84	0	4.61	0	0	0	0
1428605986177138233	CPU_0	0	0	0	100.00	0	0	0	0	0	0
1428605986812713547	CPU_0	0	0	0	100.00	0	0	0	0	0	0
1428605987440990624	CPU_0	0	0	1.61	98.38	0	0	0	0	0	0
1428605988070098491	CPU_0	0	0	0	100.00	0	0	0	0	0	0
1428605988698222151	CPU_0	0	0	0	98.38	0	0	1.61	0	0	0
1428605989333361509	CPU_0	0	0	0	100.00	0	0	0	0	0	0
1428605989961364211	CPU_0	0	0	3.12	95.31	0	1.56	0	0	0	0
1428605990591016160	CPU_0	0	0	1.61	98.38	0	0	0	0	0	0
1428605991218319531	CPU_0	0	0	0	98.38	0	1.61	0	0	0	0
1428605991853473930	CPU_0	0	0	1.53	95.38	0	3.07	0	0	0	0
1428605992481188174	CPU_0	0	0	0	100.00	0	0	0	0	0	0
1428605993111116624	CPU_0	0	0	0	100.00	0	0	0	0	0	0
1428605993738734535	CPU_0	0	0	1.58	96.82	0	0	1.58	0	0	0
1428605994373474351	CPU_0	0	0	1.61	98.38	0	0	0	0	0	0
1428605995000828014	CPU_0	0	0	0	100.00	0	0	0	0	0	0
1428605995629753506	CPU_0	0	0	0	98.38	0	1.61	0	0	0	0
1428605996256944669	CPU_0	0	0	0	92.42	0	0	7.57	0	0	0
1428605996892323651	CPU_0	0	0	0	98.41	0	1.58	0	0	0	0
1428605997519837438	CPU_0	0	0	1.53	92.30	0	6.15	0	0	0	0
1428605998149431972	CPU_0	0	0	0	100.00	0	0	0	0	0	0
1428605998776770301	CPU_0	0	0	0	100.00	0	0	0	0	0	0
1428605999412316533	CPU_0	0	0	3.17	96.82	0	0	0	0	0	0
1428606000043208106	CPU_0	0	0	0	100.00	0	0	0	0	0	0
1428606000672990014	CPU_0	0	0	0	100.00	0	0	0	0	0	0
1428606001300643343	CPU_0	1.58	0	3.17	95.23	0	0	0	0	0	0
1428606001929380878	CPU_0	0	0	1.61	98.38	0	0	0	0	0	0
1428606002563114322	CPU_0	0	0	0	100.00	0	0	0	0	0	0
1428606003192872356	CPU_0	0	0	3.27	96.72	0	0	0	0	0	0
1428606003820626518	CPU_0	0	0	1.58	96.82	0	1.58	0	0	0	0
1428606004449629011	CPU_0	0	0	0	98.38	1.61	0	0	0	0	0
1428606005085854742	CPU_0	0	0	1.61	98.38	0	0	0	0	0	0
1428606005714651236	CPU_0	0	0	0	98.38	0	1.61	0	0	0	0
1428606006342118399	CPU_0	0	0	0	98.38	0	1.61	0	0	0	0
1428606006971072517	CPU_0	0	0	1.61	98.38	0	0	0	0	0	0
1428606007606477167	CPU_0	0	0	0	100.00	0	0	0	0	0	0
1428606008235021203	CPU_0	0	0	0	98.38	0	1.61	0	0	0	0
1428606008862849699	CPU_0	0	0	1.61	96.77	0	1.61	0	0	0	0
1428606009491271735	CPU_0	0	0	0	100.00	0	0	0	0	0	0
1428606010126685010	CPU_0	0	0	1.58	96.82	0	1.58	0	0	0	0
1428606010755255587	CPU_0	0	0	1.61	98.38	0	0	0	0	0	0
1428606011383066667	CPU_0	0	0	0	98.38	0	1.61	0	0	0	0
1428606012012667868	CPU_0	0	0	0	100.00	0	0	0	0	0	0
1428606012648095934	CPU_0	0	0	1.58	96.82	0	1.58	0	0	0	0
1428606013276936762	CPU_0	0	0	0	100.00	0	0	0	0	0	0
1428606013904611300	CPU_0	0	0	1.58	96.82	0	1.58	0	0	0	0
1428606014533671460	CPU_0	0	0	1.61	98.38	0	0	0	0	0	0
1428606015168556736	CPU_0	1.56	0	1.56	95.31	0	1.56	0	0	0	0
1428606015799581769	CPU_0	0	0	0	100.00	0	0	0	0	0	0
1428606016428556888	CPU_0	0	0	1.61	96.77	0	1.61	0	0	0	0
1428606017058235631	CPU_0	0	0	0	100.00	0	0	0	0	0	0
1428606017694067447	CPU_0	0	0	0	98.38	0	1.61	0	0	0	0
1428606018326818019	CPU_0	0	0	1.58	98.41	0	0	0	0	0	0
1428606018955620763	CPU_0	0	0	0	98.38	0	1.61	0	0	0	0
1428606019584761341	CPU_0	0	0	1.63	96.72	0	1.63	0	0	0	0
1428606020214552001	CPU_0	0	0	0	98.38	0	1.61	0	0	0	0
1428606020850353692	CPU_0	0	0	0	100.00	0	0	0	0	0	0
1428606021478889896	CPU_0	0	0	0	100.00	0	0	0	0	0	0
1428606022108922680	CPU_0	0	0	1.51	92.42	0	6.06	0	0	0	0
1428606022737660509	CPU_0	0	0	1.61	98.38	0	0	0	0	0	0
1428606023372917368	CPU_0	0	0	1.66	96.66	0	0	1.66	0	0	0
1428606024001827488	CPU_0	0	0	1.69	98.30	0	0	0	0	0	0
1428606024632424522	CPU_0	9.23	0	3.07	75.38	0	12.30	0	0	0	0
1428606025270262960	CPU_0	4.76	0	0	95.23	0	0	0	0	0	0
1428606025905788069	CPU_0	0	0	1.61	98.38	0	0	0	0	0	0
1428606026534724106	CPU_0	0	0	0	100.00	0	0	0	0	0	0
1428606027164405391	CPU_0	0	0	1.58	96.82	0	0	1.58	0	0	0
1428606027793256553	CPU_0	0	0	0	100.00	0	0	0	0	0	0
1428606028428445579	CPU_0	0	0	0	100.00	0	0	0	0	0	0
1428606029056949117	CPU_0	0	0	0	100.00	0	0	0	0	0	0
1428606029687559859	CPU_0	11.47	0	3.27	85.24	0	0	0	0	0	0
1428606030316226980	CPU_0	0	0	0	98.38	0	1.61	0	0	0	0
1428606030951999339	CPU_0	0	0	1.58	98.41	0	0	0	0	0	0
1428606031581633458	CPU_0	0	0	0	100.00	0	0	0	0	0	0
1428606032211955576	CPU_0	0	0	0	96.87	0	1.56	1.56	0	0	0
1428606032841343904	CPU_0	0	0	1.61	98.38	0	0	0	0	0	0
1428606033477804096	CPU_0	0	0	1.49	92.53	0	5.97	0	0	0	0
1428606034107491590	CPU_0	0	0	0	100.00	0	0	0	0	0	0
1428606034737974708	CPU_0	0	0	0	98.33	0	0	1.66	0	0	0
1428606035367421244	CPU_0	0	0	0	100.00	0	0	0	0	0	0
1428606036002710104	CPU_0	0	0	1.58	98.41	0	0	0	0	0	0
1428606036632296016	CPU_0	0	0	0	100.00	0	0	0	0	0	0
1428606037261702511	CPU_0	0	0	0	100.00	0	0	0	0	0	0
1428606037890218507	CPU_0	0	0	0	98.38	0	1.61	0	0	0	0
1428606038526684407	CPU_0	0	0	1.63	98.36	0	0	0	0	0	0
1428606039156375027	CPU_0	0	0	1.61	96.77	0	1.61	0	0	0	0
1428606039785566272	CPU_0	0	0	0	98.38	0	1.61	0	0	0	0
1428606040414291810	CPU_0	0	0	0	95.31	0	4.68	0	0	0	0
1428606041046576842	CPU_0	0	0	0	100.00	0	0	0	0	0	0
1428606041679451332	CPU_0	0	0	1.58	98.41	0	0	0	0	0	0
1428606042309037243	CPU_0	0	0	0	100.00	0	0	0	0	0	0
1428606042937947573	CPU_0	0	0	1.58	96.82	0	0	1.58	0	0	0
1428606043567617818	CPU_0	0	0	1.69	96.61	0	1.69	0	0	0	0
1428606044203691719	CPU_0	0	0	1.56	95.31	1.56	1.56	0	0	0	0
1428606044832747798	CPU_0	0	0	1.53	93.84	0	0	4.61	0	0	0
1428606045461683003	CPU_0	0	0	1.58	96.82	0	1.58	0	0	0	0
1428606046091583498	CPU_0	0	0	0	95.31	0	4.68	0	0	0	0
1428606046727904982	CPU_0	0	0	1.61	98.38	0	0	0	0	0	0
1428606047356573479	CPU_0	0	0	0	100.00	0	0	0	0	0	0
1428606047986316182	CPU_0	0	0	0	100.00	0	0	0	0	0	0
1428606048615962719	CPU_0	0	0	1.61	98.38	0	0	0	0	0	0
1428606049252508161	CPU_0	0	0	0	100.00	0	0	0	0	0	0
1428606049881437200	CPU_0	0	0	0	100.00	0	0	0	0	0	0
1428606050510507030	CPU_0	1.61	0	0	96.77	0	1.61	0	0	0	0
1428606051141086649	CPU_0	0	0	0	100.00	0	0	0	0	0	0
1428606051776584593	CPU_0	0	0	0	98.41	0	1.58	0	0	0	0
1428606052406105922	CPU_0	0	0	1.61	98.38	0	0	0	0	0	0
1428606053035202835	CPU_0	0	0	0	96.82	0	3.17	0	0	0	0
1428606053665590538	CPU_0	0	0	0	100.00	0	0	0	0	0	0
1428606054300362817	CPU_0	0	0	1.58	98.41	0	0	0	0	0	0
1428606054929904438	CPU_0	0	0	0	100.00	0	0	0	0	0	0
1428606055559007309	CPU_0	0	0	0	93.75	0	6.25	0	0	0	0
1428606056188292723	CPU_0	0	0	3.12	96.87	0	0	0	0	0	0
1428606056823285918	CPU_0	0	0	0	100.00	0	0	0	0	0	0
1428606057452994247	CPU_0	0	0	0	100.00	0	0	0	0	0	0
1428606058082471660	CPU_0	0	0	1.58	96.82	0	0	1.58	0	0	0
1428606058713931320	CPU_0	0	0	1.61	98.38	0	0	0	0	0	0
1428606059350447971	CPU_0	0	0	1.58	98.41	0	0	0	0	0	0
1428606059980391592	CPU_0	0	0	0	100.00	0	0	0	0	0	0
1428606060608743048	CPU_0	0	0	1.61	96.77	0	1.61	0	0	0	0
1428606061239555376	CPU_0	1.58	0	1.58	96.82	0	0	0	0	0	0
1428606061870881495	CPU_0	0	0	0	98.38	0	1.61	0	0	0	0
1428606062504805275	CPU_0	0	0	0	100.00	0	0	0	0	0	0
1428606063134120189	CPU_0	1.51	0	1.51	92.42	0	4.54	0	0	0	0
1428606063765316308	CPU_0	0	0	1.61	98.38	0	0	0	0	0	0
1428606064396015053	CPU_0	0	0	0	100.00	0	0	0	0	0	0
1428606065031418081	CPU_0	0	0	1.56	96.87	0	0	1.56	0	0	0
1428606065661504619	CPU_0	0	0	0	100.00	0	0	0	0	0	0
1428606066291439240	CPU_0	0	0	0	100.00	0	0	0	0	0	0
1428606066920765529	CPU_0	0	0	1.61	98.38	0	0	0	0	0	0
1428606067556520265	CPU_0	0	0	0	93.93	0	1.51	4.54	0	0	0
1428606068186526094	CPU_0	0	0	1.61	98.38	0	0	0	0	0	0
1428606068815620842	CPU_0	0	0	0	98.38	0	1.61	0	0	0	0
1428606069445168297	CPU_0	0	0	1.63	98.36	0	0	0	0	0	0
1428606070080919242	CPU_0	0	0	1.56	96.87	0	1.56	0	0	0	0
1428606070711141738	CPU_0	0	0	0	100.00	0	0	0	0	0	0
1428606071340797319	CPU_0	0	0	0	96.82	0	3.17	0	0	0	0
1428606071970974898	CPU_0	0	0	0	100.00	0	0	0	0	0	0
1428606072606983843	CPU_0	0	0	0	100.00	0	0	0	0	0	0
1428606073237361464	CPU_0	0	0	1.61	98.38	0	0	0	0	0	0
1428606073866375254	CPU_0	0	0	0	98.38	0	1.61	0	0	0	0
1428606074495867959	CPU_0	0	0	0	100.00	0	0	0	0	0	0
1428606075132113195	CPU_0	0	0	0	98.41	0	1.58	0	0	0	0
1428606075762426483	CPU_0	0	0	0	100.00	0	0	0	0	0	0
1428606076391340482	CPU_0	0	0	1.58	96.82	0	1.58	0	0	0	0
1428606077020908354	CPU_0	0	0	0	100.00	0	0	0	0	0	0
1428606077657373382	CPU_0	0	0	0	98.41	0	1.58	0	0	0	0
1428606078288088836	CPU_0	0	0	0	96.82	0	3.17	0	0	0	0
1428606078917317001	CPU_0	0	0	0	100.00	0	0	0	0	0	0
1428606079547051123	CPU_0	0	0	1.61	96.77	1.61	0	0	0	0	0
1428606080184834857	CPU_0	0	0	1.58	98.41	0	0	0	0	0	0
1428606080815344562	CPU_0	0	0	1.61	98.38	0	0	0	0	0	0
1428606081445212351	CPU_0	0	0	0	98.38	0	1.61	0	0	0	0
1428606082075266306	CPU_0	0	0	0	98.41	0	1.58	0	0	0	0
1428606082711585167	CPU_0	0	0	0	100.00	0	0	0	0	0	0
1428606083341122582	CPU_0	0	0	0	89.70	0	0	10.29	0	0	0
1428606083971029579	CPU_0	0	0	0	100.00	0	0	0	0	0	0
1428606084600309036	CPU_0	0	0	1.61	96.77	0	1.61	0	0	0	0
1428606085240160392	CPU_0	0	0	0	100.00	0	0	0	0	0	0
1428606085869767932	CPU_0	0	0	1.56	96.87	0	1.56	0	0	0	0
1428606086499497721	CPU_0	0	0	1.58	96.82	0	1.58	0	0	0	0
1428606087128502262	CPU_0	0	0	0	100.00	0	0	0	0	0	0
1428606087760005007	CPU_0	0	0	1.61	98.38	0	0	0	0	0	0
1428606088394376706	CPU_0	0	0	0	98.41	0	1.58	0	0	0	0
1428606089024134954	CPU_0	0	0	0	100.00	0	0	0	0	0	0
1428606089654110576	CPU_0	0	0	1.58	96.82	0	1.58	0	0	0	0
1428606090284576531	CPU_0	0	0	1.61	98.38	0	0	0	0	0	0
1428606090933815372	CPU_0	0	0	1.53	95.38	0	3.07	0	0	0	0
