#Timestamp	CPU_ID	user%	nice%	sys%	idle%	iowait%	irq%	softiq%	steal%	guest%	guest_nice%
1428584409878948170	CPU_4	11.47	0	6.55	81.96	0	0	0	0	0	0
1428584410573444807	CPU_4	0	0	0	100.00	0	0	0	0	0	0
1428584411278301018	CPU_4	0	0	0	100.00	0	0	0	0	0	0
1428584411971400490	CPU_4	0	0	0	100.00	0	0	0	0	0	0
1428584412666825252	CPU_4	0	0	0	100.00	0	0	0	0	0	0
1428584413369538215	CPU_4	0	0	0	100.00	0	0	0	0	0	0
1428584414065187435	CPU_4	0	0	0	100.00	0	0	0	0	0	0
1428584414760815362	CPU_4	0	0	0	100.00	0	0	0	0	0	0
1428584415465595907	CPU_4	0	0	0	100.00	0	0	0	0	0	0
1428584416161112126	CPU_4	0	0	0	100.00	0	0	0	0	0	0
1428584416861100675	CPU_4	0	0	0	100.00	0	0	0	0	0	0
1428584417563477138	CPU_4	0	0	0	100.00	0	0	0	0	0	0
1428584418260292981	CPU_4	0	0	0	100.00	0	0	0	0	0	0
1428584418966891149	CPU_4	0	0	0	100.00	0	0	0	0	0	0
1428584419663482700	CPU_4	0	0	0	100.00	0	0	0	0	0	0
1428584420360124669	CPU_4	0	0	0	100.00	0	0	0	0	0	0
1428584421068778876	CPU_4	0	0	0	100.00	0	0	0	0	0	0
1428584421767562300	CPU_4	0	0	0	100.00	0	0	0	0	0	0
1428584422465114893	CPU_4	0	0	0	100.00	0	0	0	0	0	0
1428584423173415141	CPU_4	0	0	0	100.00	0	0	0	0	0	0
1428584423879409517	CPU_4	0	0	0	100.00	0	0	0	0	0	0
1428584424590812388	CPU_4	0	0	0	100.00	0	0	0	0	0	0
1428584425286525691	CPU_4	0	0	0	100.00	0	0	0	0	0	0
1428584425986851947	CPU_4	0	0	0	100.00	0	0	0	0	0	0
1428584426696345903	CPU_4	0	0	0	100.00	0	0	0	0	0	0
1428584427394079745	CPU_4	0	0	0	100.00	0	0	0	0	0	0
1428584428092568086	CPU_4	0	0	0	100.00	0	0	0	0	0	0
1428584428800907834	CPU_4	0	0	0	100.00	0	0	0	0	0	0
1428584429499137259	CPU_4	0	0	0	100.00	0	0	0	0	0	0
1428584430201269722	CPU_4	0	0	0	100.00	0	0	0	0	0	0
1428584430905760224	CPU_4	0	0	0	100.00	0	0	0	0	0	0
1428584431602219566	CPU_4	0	0	0	100.00	0	0	0	0	0	0
1428584432310895398	CPU_4	0	0	0	100.00	0	0	0	0	0	0
1428584433009951280	CPU_4	0	0	0	100.00	0	0	0	0	0	0
1428584433707538705	CPU_4	0	0	0	100.00	0	0	0	0	0	0
1428584434416067620	CPU_4	0	0	0	100.00	0	0	0	0	0	0
1428584435116643333	CPU_4	0	0	0	100.00	0	0	0	0	0	0
1428584435812663176	CPU_4	0	0	0	100.00	0	0	0	0	0	0
1428584436529594458	CPU_4	2.81	0	5.63	91.54	0	0	0	0	0	0
1428584437226136551	CPU_4	0	0	0	100.00	0	0	0	0	0	0
1428584437934853257	CPU_4	0	0	0	100.00	0	0	0	0	0	0
1428584438632534556	CPU_4	0	0	0	100.00	0	0	0	0	0	0
1428584439330028314	CPU_4	0	0	0	100.00	0	0	0	0	0	0
1428584440035068815	CPU_4	0	0	0	100.00	0	0	0	0	0	0
1428584440733798572	CPU_4	0	0	0	100.00	0	0	0	0	0	0
1428584441432050830	CPU_4	0	0	0	100.00	0	0	0	0	0	0
1428584442137954038	CPU_4	0	0	0	100.00	0	0	0	0	0	0
1428584442834845422	CPU_4	0	0	0	100.00	0	0	0	0	0	0
1428584443542154212	CPU_4	0	0	0	100.00	0	0	0	0	0	0
1428584444239979928	CPU_4	0	0	0	98.59	0	1.40	0	0	0	0
1428584444940335558	CPU_4	0	0	0	100.00	0	0	0	0	0	0
1428584445649924971	CPU_4	0	0	0	100.00	0	0	0	0	0	0
1428584446347284771	CPU_4	0	0	0	100.00	0	0	0	0	0	0
1428584447046122277	CPU_4	0	0	0	100.00	0	0	0	0	0	0
1428584447753550234	CPU_4	0	0	0	100.00	0	0	0	0	0	0
1428584448451280200	CPU_4	0	0	0	100.00	0	0	0	0	0	0
1428584449150829331	CPU_4	0	0	0	100.00	0	0	0	0	0	0
1428584449859096536	CPU_4	0	0	0	100.00	0	0	0	0	0	0
1428584450556922627	CPU_4	0	0	0	98.59	0	1.40	0	0	0	0
1428584451264480583	CPU_4	0	0	0	100.00	0	0	0	0	0	0
1428584451965628504	CPU_4	0	0	0	100.00	0	0	0	0	0	0
1428584452662606012	CPU_4	0	0	0	100.00	0	0	0	0	0	0
1428584453371124217	CPU_4	0	0	0	100.00	0	0	0	0	0	0
1428584454073333679	CPU_4	0	0	0	100.00	0	0	0	0	0	0
1428584454771391060	CPU_4	0	0	0	100.00	0	0	0	0	0	0
1428584455480156890	CPU_4	0	0	0	100.00	0	0	0	0	0	0
1428584456182366768	CPU_4	0	0	0	100.00	0	0	0	0	0	0
1428584456895769052	CPU_4	0	0	0	100.00	0	0	0	0	0	0
1428584457600302511	CPU_4	0	0	0	100.00	0	0	0	0	0	0
1428584458299216225	CPU_4	0	0	0	100.00	0	0	0	0	0	0
1428584459011330468	CPU_4	0	0	0	100.00	0	0	0	0	0	0
1428584459711146557	CPU_4	0	0	0	100.00	0	0	0	0	0	0
1428584460411308436	CPU_4	0	0	0	100.00	0	0	0	0	0	0
1428584461120532932	CPU_4	0	0	0	100.00	0	0	0	0	0	0
1428584461820933728	CPU_4	0	0	0	100.00	0	0	0	0	0	0
1428584462531410556	CPU_4	0	0	0	100.00	0	0	0	0	0	0
1428584463235632765	CPU_4	0	0	0	100.00	0	0	0	0	0	0
1428584463935360603	CPU_4	0	0	0	100.00	0	0	0	0	0	0
1428584464646609638	CPU_4	0	0	0	100.00	0	0	0	0	0	0
1428584465343052355	CPU_4	0	0	0	100.00	0	0	0	0	0	0
1428584466044084066	CPU_4	0	0	0	100.00	0	0	0	0	0	0
1428584466752645688	CPU_4	0	0	0	100.00	0	0	0	0	0	0
1428584467451061152	CPU_4	0	0	0	100.00	0	0	0	0	0	0
1428584468151371572	CPU_4	0	0	0	100.00	0	0	0	0	0	0
1428584468862605316	CPU_4	0	0	0	100.00	0	0	0	0	0	0
1428584469561889987	CPU_4	0	0	0	100.00	0	0	0	0	0	0
1428584470272213607	CPU_4	0	0	0	100.00	0	0	0	0	0	0
1428584470973017069	CPU_4	0	0	0	98.59	0	1.40	0	0	0	0
1428584471671970532	CPU_4	0	0	0	100.00	0	0	0	0	0	0
1428584472381126111	CPU_4	0	0	0	100.00	0	0	0	0	0	0
1428584473083166196	CPU_4	0	0	0	100.00	0	0	0	0	0	0
1428584473780194870	CPU_4	0	0	0	100.00	0	0	0	0	0	0
1428584474494352068	CPU_4	0	0	0	100.00	0	0	0	0	0	0
1428584475194004281	CPU_4	0	0	0	100.00	0	0	0	0	0	0
1428584475901457694	CPU_4	0	0	0	100.00	0	0	0	0	0	0
1428584476601806865	CPU_4	0	0	0	100.00	0	0	0	0	0	0
1428584477303057492	CPU_4	0	0	0	100.00	0	0	0	0	0	0
1428584478011545238	CPU_4	0	0	0	100.00	0	0	0	0	0	0
1428584478712235658	CPU_4	0	0	0	100.00	0	0	0	0	0	0
1428584479411613495	CPU_4	0	0	0	100.00	0	0	0	0	0	0
1428584480122842405	CPU_4	0	0	0	100.00	0	0	0	0	0	0
1428584480821833618	CPU_4	0	0	0	100.00	0	0	0	0	0	0
1428584481536433566	CPU_4	0	0	0	100.00	0	0	0	0	0	0
1428584482234911779	CPU_4	0	0	0	100.00	0	0	0	0	0	0
1428584482935992198	CPU_4	0	0	0	100.00	0	0	0	0	0	0
1428584483646896650	CPU_4	0	0	0	100.00	0	0	0	0	0	0
1428584484346971278	CPU_4	0	0	0	98.59	0	1.40	0	0	0	0
1428584485051319819	CPU_4	0	0	0	100.00	0	0	0	0	0	0
1428584485762018771	CPU_4	0	0	0	100.00	0	0	0	0	0	0
1428584486459347651	CPU_4	0	0	0	100.00	0	0	0	0	0	0
1428584487172206934	CPU_4	0	0	0	100.00	0	0	0	0	0	0
1428584487878144390	CPU_4	0	0	0	100.00	0	0	0	0	0	0
1428584488578524810	CPU_4	0	0	0	100.00	0	0	0	0	0	0
1428584489288978969	CPU_4	0	0	0	100.00	0	0	0	0	0	0
1428584489990674013	CPU_4	0	0	0	100.00	0	0	0	0	0	0
1428584490689854642	CPU_4	0	0	0	100.00	0	0	0	0	0	0
1428584491401072342	CPU_4	0	0	0	100.00	0	0	0	0	0	0
1428584492102011803	CPU_4	0	0	0	100.00	0	0	0	0	0	0
1428584492801365931	CPU_4	0	0	0	100.00	0	0	0	0	0	0
1428584493512519965	CPU_4	0	0	0	100.00	0	0	0	0	0	0
1428584494213770925	CPU_4	0	0	0	100.00	0	0	0	0	0	0
1428584494923364711	CPU_4	0	0	0	100.00	0	0	0	0	0	0
1428584495628920667	CPU_4	0	0	0	100.00	0	0	0	0	0	0
1428584496331154251	CPU_4	0	0	0	100.00	0	0	0	0	0	0
1428584497041283535	CPU_4	0	0	0	100.00	0	0	0	0	0	0
1428584497743129161	CPU_4	0	0	0	98.59	0	1.40	0	0	0	0
1428584498446211036	CPU_4	0	0	0	100.00	0	0	0	0	0	0
1428584499154238823	CPU_4	0	0	0	100.00	0	0	0	0	0	0
1428584499857158406	CPU_4	0	0	0	100.00	0	0	0	0	0	0
1428584500569234939	CPU_4	0	0	0	100.00	0	0	0	0	0	0
1428584501272124189	CPU_4	0	0	0	100.00	0	0	0	0	0	0
1428584501973557523	CPU_4	0	0	0	100.00	0	0	0	0	0	0
1428584502686220472	CPU_4	0	0	0	100.00	0	0	0	0	0	0
1428584503386948015	CPU_4	0	0	0	100.00	0	0	0	0	0	0
1428584504090351681	CPU_4	0	0	0	100.00	0	0	0	0	0	0
1428584504800190466	CPU_4	0	0	0	100.00	0	0	0	0	0	0
1428584505501181717	CPU_4	0	0	0	100.00	0	0	0	0	0	0
1428584506216020247	CPU_4	0	0	0	100.00	0	0	0	0	0	0
1428584506917976372	CPU_4	0	0	0	100.00	0	0	0	0	0	0
1428584507621082788	CPU_4	0	0	0	100.00	0	0	0	0	0	0
1428584508331642447	CPU_4	0	0	0	100.00	0	0	0	0	0	0
1428584509033701197	CPU_4	0	0	0	100.00	0	0	0	0	0	0
1428584509742831732	CPU_4	0	0	0	100.00	0	0	0	0	0	0
1428584510448570687	CPU_4	0	0	0	100.00	0	0	0	0	0	0
1428584511152711602	CPU_4	0	0	0	98.59	0	1.40	0	0	0	0
1428584511864471759	CPU_4	0	0	0	100.00	0	0	0	0	0	0
1428584512565133261	CPU_4	0	0	0	100.00	0	0	0	0	0	0
1428584513268484509	CPU_4	0	0	0	100.00	0	0	0	0	0	0
1428584513980766874	CPU_4	0	0	0	100.00	0	0	0	0	0	0
1428584514681777542	CPU_4	0	0	0	100.00	0	0	0	0	0	0
1428584515387271622	CPU_4	0	0	0	100.00	0	0	0	0	0	0
1428584516097526322	CPU_4	0	0	0	100.00	0	0	0	0	0	0
1428584516798860989	CPU_4	0	0	0	100.00	0	0	0	0	0	0
1428584517509561939	CPU_4	0	0	0	100.00	0	0	0	0	0	0
1428584518212760979	CPU_4	0	0	0	100.00	0	0	0	0	0	0
1428584518912103273	CPU_4	0	0	0	100.00	0	0	0	0	0	0
1428584519625470596	CPU_4	0	0	0	100.00	0	0	0	0	0	0
1428584520328337594	CPU_4	0	0	0	100.00	0	0	0	0	0	0
1428584521034235215	CPU_4	0	0	0	100.00	0	0	0	0	0	0
1428584521746511038	CPU_4	0	0	0	100.00	0	0	0	0	0	0
1428584522449255120	CPU_4	0	0	0	100.00	0	0	0	0	0	0
1428584523159807028	CPU_4	0	0	0	100.00	0	0	0	0	0	0
1428584523862072278	CPU_4	0	0	0	100.00	0	0	0	0	0	0
1428584524564850276	CPU_4	0	0	0	98.59	0	1.40	0	0	0	0
1428584525276143183	CPU_4	0	0	0	100.00	0	0	0	0	0	0
1428584525977187475	CPU_4	0	0	0	100.00	0	0	0	0	0	0
1428584526691279130	CPU_4	0	0	0	100.00	0	0	0	0	0	0
1428584527397920375	CPU_4	0	0	0	100.00	0	0	0	0	0	0
1428584528101440039	CPU_4	0	0	0	100.00	0	0	0	0	0	0
1428584528812749654	CPU_4	0	0	0	100.00	0	0	0	0	0	0
1428584529515013320	CPU_4	0	0	0	100.00	0	0	0	0	0	0
1428584530217843943	CPU_4	0	0	0	100.00	0	0	0	0	0	0
1428584530930051058	CPU_4	0	0	0	49.30	0	50.69	0	0	0	0
1428584531640066882	CPU_4	0	0	0	100.00	0	0	0	0	0	0
1428584532356795992	CPU_4	0	0	0	100.00	0	0	0	0	0	0
1428584533059300866	CPU_4	0	0	0	100.00	0	0	0	0	0	0
1428584533764390529	CPU_4	0	0	0	100.00	0	0	0	0	0	0
1428584534474252770	CPU_4	0	0	0	100.00	0	0	0	0	0	0
1428584535178228559	CPU_4	0	0	0	100.00	0	0	0	0	0	0
1428584535880696099	CPU_4	0	0	0	100.00	0	0	0	0	0	0
1428584536592437380	CPU_4	0	0	0	100.00	0	0	0	0	0	0
1428584537296392960	CPU_4	0	0	0	100.00	0	0	0	0	0	0
1428584538007817658	CPU_4	0	0	0	100.00	0	0	0	0	0	0
1428584538709622323	CPU_4	0	0	0	100.00	0	0	0	0	0	0
1428584539414300903	CPU_4	0	0	0	100.00	0	0	0	0	0	0
1428584540126989558	CPU_4	0	0	0	100.00	0	0	0	0	0	0
1428584540827995349	CPU_4	0	0	0	100.00	0	0	0	0	0	0
1428584541530943930	CPU_4	0	0	0	100.00	0	0	0	0	0	0
1428584542244391084	CPU_4	0	0	0	100.00	0	0	0	0	0	0
1428584542945120209	CPU_4	0	0	0	100.00	0	0	0	0	0	0
1428584543668428979	CPU_4	0	0	0	100.00	0	0	0	0	0	0
1428584544377318471	CPU_4	0	0	0	100.00	0	0	0	0	0	0
1428584545157178686	CPU_4	0	0	0	100.00	0	0	0	0	0	0
1428584545864292721	CPU_4	0	0	0	100.00	0	0	0	0	0	0
1428584546567115552	CPU_4	0	0	0	100.00	0	0	0	0	0	0
1428584547281205789	CPU_4	0	0	0	100.00	0	0	0	0	0	0
1428584547984782286	CPU_4	0	0	0	100.00	0	0	0	0	0	0
1428584548687930908	CPU_4	0	0	0	100.00	0	0	0	0	0	0
1428584549403355393	CPU_4	0	0	0	100.00	0	0	0	0	0	0
1428584550109539679	CPU_4	0	0	0	100.00	0	0	0	0	0	0
1428584550830650617	CPU_4	0	0	0	100.00	0	0	0	0	0	0
1428584551534564071	CPU_4	0	0	0	100.00	0	0	0	0	0	0
1428584552238704401	CPU_4	0	0	0	100.00	0	0	0	0	0	0
1428584552952249679	CPU_4	0	0	0	100.00	0	0	0	0	0	0
1428584553658911256	CPU_4	0	0	0	100.00	0	0	0	0	0	0
1428584554362668711	CPU_4	0	0	0	100.00	0	0	0	0	0	0
1428584555072967700	CPU_4	0	0	0	100.00	0	0	0	0	0	0
1428584555777305363	CPU_4	0	0	0	100.00	0	0	0	0	0	0
1428584556490171225	CPU_4	0	0	0	100.00	0	0	0	0	0	0
1428584557193313305	CPU_4	0	0	0	100.00	0	0	0	0	0	0
1428584557897410467	CPU_4	0	0	0	100.00	0	0	0	0	0	0
1428584558610680954	CPU_4	0	0	0	100.00	0	0	0	0	0	0
1428584559313491284	CPU_4	0	0	0	100.00	0	0	0	0	0	0
1428584560017455072	CPU_4	0	0	0	100.00	0	0	0	0	0	0
1428584560731697016	CPU_4	0	0	0	100.00	0	0	0	0	0	0
1428584561435067304	CPU_4	0	0	0	100.00	0	0	0	0	0	0
1428584562148720082	CPU_4	0	0	0	100.00	0	0	0	0	0	0
1428584562852853702	CPU_4	0	0	0	100.00	0	0	0	0	0	0
1428584563557924696	CPU_4	0	0	0	100.00	0	0	0	0	0	0
1428584564269753601	CPU_4	0	0	0	100.00	0	0	0	0	0	0
1428584564973428638	CPU_4	0	0	0	100.00	0	0	0	0	0	0
1428584565686939250	CPU_4	0	0	0	100.00	0	0	0	0	0	0
1428584566392375160	CPU_4	0	0	0	100.00	0	0	0	0	0	0
1428584567096168322	CPU_4	0	0	0	100.00	0	0	0	0	0	0
1428584567810696641	CPU_4	0	0	0	100.00	0	0	0	0	0	0
1428584568512276013	CPU_4	0	0	0	100.00	0	0	0	0	0	0
1428584569217254216	CPU_4	0	0	0	100.00	0	0	0	0	0	0
1428584569929556536	CPU_4	0	0	0	100.00	0	0	0	0	0	0
1428584570631121742	CPU_4	0	0	0	100.00	0	0	0	0	0	0
1428584571345694102	CPU_4	0	0	0	100.00	0	0	0	0	0	0
1428584572053235594	CPU_4	0	0	0	100.00	0	0	0	0	0	0
1428584572756389881	CPU_4	0	0	0	100.00	0	0	0	0	0	0
1428584573473439905	CPU_4	0	0	0	100.00	0	0	0	0	0	0
1428584574178350066	CPU_4	0	0	0	100.00	0	0	0	0	0	0
1428584574879998022	CPU_4	0	0	0	100.00	0	0	0	0	0	0
1428584575593723549	CPU_4	0	0	0	100.00	0	0	0	0	0	0
1428584576299116876	CPU_4	0	0	0	100.00	0	0	0	0	0	0
1428584577014482109	CPU_4	0	0	0	100.00	0	0	0	0	0	0
1428584577721008310	CPU_4	0	0	0	100.00	0	0	0	0	0	0
1428584578424992680	CPU_4	0	0	0	100.00	0	0	0	0	0	0
1428584579139342206	CPU_4	0	0	0	100.00	0	0	0	0	0	0
1428584579842065702	CPU_4	0	0	0	100.00	0	0	0	0	0	0
1428584580546721196	CPU_4	0	0	0	100.00	0	0	0	0	0	0
1428584581261308972	CPU_4	0	0	0	100.00	0	0	0	0	0	0
1428584581963947676	CPU_4	0	0	0	100.00	0	0	0	0	0	0
1428584582678892035	CPU_4	0	0	0	100.00	0	0	0	0	0	0
1428584583383577987	CPU_4	0	0	0	100.00	0	0	0	0	0	0
1428584584085807608	CPU_4	0	0	0	100.00	0	0	0	0	0	0
1428584584801580050	CPU_4	0	0	0	100.00	0	0	0	0	0	0
1428584585507535667	CPU_4	0	0	0	100.00	0	0	0	0	0	0
1428584586211522412	CPU_4	0	0	0	100.00	0	0	0	0	0	0
1428584586925700688	CPU_4	0	0	0	100.00	0	0	0	0	0	0
1428584587631242680	CPU_4	0	0	0	100.00	0	0	0	0	0	0
1428584588346335331	CPU_4	0	0	0	100.00	0	0	0	0	0	0
1428584589051063657	CPU_4	0	0	0	100.00	0	0	0	0	0	0
1428584589759685689	CPU_4	0	0	0	100.00	0	0	0	0	0	0
1428584590476724004	CPU_4	0	0	0	100.00	0	0	0	0	0	0
1428584591179741790	CPU_4	0	0	0	100.00	0	0	0	0	0	0
1428584591895411898	CPU_4	0	0	0	100.00	0	0	0	0	0	0
1428584592604292762	CPU_4	0	0	0	100.00	0	0	0	0	0	0
1428584593308442298	CPU_4	0	0	0	100.00	0	0	0	0	0	0
1428584594022777615	CPU_4	0	0	0	100.00	0	0	0	0	0	0
1428584594729069315	CPU_4	0	0	0	100.00	0	0	0	0	0	0
1428584595432292226	CPU_4	0	0	0	100.00	0	0	0	0	0	0
1428584596146966168	CPU_4	0	0	0	100.00	0	0	0	0	0	0
1428584596853371451	CPU_4	0	0	0	100.00	0	0	0	0	0	0
1428584597568773518	CPU_4	0	0	0	100.00	0	0	0	0	0	0
1428584598275012884	CPU_4	0	0	0	100.00	0	0	0	0	0	0
1428584598980151502	CPU_4	0	0	0	100.00	0	0	0	0	0	0
1428584599694781443	CPU_4	0	0	0	100.00	0	0	0	0	0	0
1428584600400388560	CPU_4	0	0	0	100.00	0	0	0	0	0	0
1428584601115068585	CPU_4	0	0	0	100.00	0	0	0	0	0	0
1428584601826593072	CPU_4	0	0	0	100.00	0	0	0	0	0	0
1428584602529751066	CPU_4	0	0	0	100.00	0	0	0	0	0	0
1428584603244981298	CPU_4	0	0	0	100.00	0	0	0	0	0	0
1428584603951315498	CPU_4	0	0	0	100.00	0	0	0	0	0	0
1428584604654727742	CPU_4	0	0	0	100.00	0	0	0	0	0	0
1428584605372858388	CPU_4	0	0	0	100.00	0	0	0	0	0	0
1428584606078153880	CPU_4	0	0	0	100.00	0	0	0	0	0	0
1428584606792000531	CPU_4	0	0	0	100.00	0	0	0	0	0	0
1428584607498124438	CPU_4	0	0	0	100.00	0	0	0	0	0	0
1428584608203109889	CPU_4	0	0	0	100.00	0	0	0	0	0	0
1428584608916907539	CPU_4	0	0	0	100.00	0	0	0	0	0	0
1428584609623191614	CPU_4	0	0	0	100.00	0	0	0	0	0	0
1428584610332209935	CPU_4	0	0	0	100.00	0	0	0	0	0	0
1428584611048278500	CPU_4	0	0	0	100.00	0	0	0	0	0	0
1428584611752758367	CPU_4	0	0	0	100.00	0	0	0	0	0	0
1428584612468420183	CPU_4	0	0	0	100.00	0	0	0	0	0	0
1428584613174178507	CPU_4	0	0	0	100.00	0	0	0	0	0	0
1428584613889829530	CPU_4	0	0	0	100.00	0	0	0	0	0	0
1428584614604423555	CPU_4	0	0	0	100.00	0	0	0	0	0	0
1428584615310369087	CPU_4	0	0	0	100.00	0	0	0	0	0	0
1428584616026049569	CPU_4	0	0	0	100.00	0	0	0	0	0	0
1428584616731883101	CPU_4	0	0	0	100.00	0	0	0	0	0	0
1428584617437358718	CPU_4	0	0	0	100.00	0	0	0	0	0	0
1428584618149620119	CPU_4	0	0	0	100.00	0	0	0	0	0	0
1428584618856020526	CPU_4	0	0	0	100.00	0	0	0	0	0	0
1428584619562223475	CPU_4	0	0	0	100.00	0	0	0	0	0	0
1428584620283206409	CPU_4	0	0	0	100.00	0	0	0	0	0	0
1428584620987237777	CPU_4	0	0	0	100.00	0	0	0	0	0	0
1428584621702402967	CPU_4	0	0	0	100.00	0	0	0	0	0	0
1428584622410254081	CPU_4	0	0	0	100.00	0	0	0	0	0	0
1428584623114205948	CPU_4	0	0	0	100.00	0	0	0	0	0	0
1428584623831350970	CPU_4	0	0	0	100.00	0	0	0	0	0	0
1428584624537663460	CPU_4	0	0	0	100.00	0	0	0	0	0	0
1428584625251884442	CPU_4	0	0	0	100.00	0	0	0	0	0	0
1428584625966035258	CPU_4	0	0	0	100.00	0	0	0	0	0	0
1428584626672307248	CPU_4	0	0	0	100.00	0	0	0	0	0	0
1428584627387792854	CPU_4	0	0	0	100.00	0	0	0	0	0	0
1428584628093384511	CPU_4	0	0	0	100.00	0	0	0	0	0	0
1428584628800986000	CPU_4	0	0	0	100.00	0	0	0	0	0	0
1428584629518346396	CPU_4	0	0	0	100.00	0	0	0	0	0	0
1428584630223401387	CPU_4	0	0	0	100.00	0	0	0	0	0	0
1428584630940011950	CPU_4	0	0	0	100.00	0	0	0	0	0	0
1428584631649321229	CPU_4	0	0	0	100.00	0	0	0	0	0	0
1428584632353563970	CPU_4	0	0	0	100.00	0	0	0	0	0	0
1428584633069242993	CPU_4	0	0	0	100.00	0	0	0	0	0	0
1428584633776006648	CPU_4	0	0	0	100.00	0	0	0	0	0	0
1428584634480614431	CPU_4	0	0	0	100.00	0	0	0	0	0	0
1428584635194271122	CPU_4	0	0	0	100.00	0	0	0	0	0	0
1428584635901733277	CPU_4	0	0	0	100.00	0	0	0	0	0	0
1428584636616523592	CPU_4	0	0	0	100.00	0	0	0	0	0	0
1428584637323352247	CPU_4	0	0	0	100.00	0	0	0	0	0	0
1428584638029727528	CPU_4	0	0	0	100.00	0	0	0	0	0	0
1428584638746104550	CPU_4	0	0	0	100.00	0	0	0	0	0	0
1428584639452567664	CPU_4	0	0	0	100.00	0	0	0	0	0	0
1428584640168511852	CPU_4	0	0	0	100.00	0	0	0	0	0	0
1428584640876563173	CPU_4	0	0	0	100.00	0	0	0	0	0	0
1428584641586221576	CPU_4	0	0	0	100.00	0	0	0	0	0	0
1428584642302456097	CPU_4	0	0	0	100.00	0	0	0	0	0	0
1428584643008796086	CPU_4	0	0	0	100.00	0	0	0	0	0	0
1428584643721443236	CPU_4	0	0	0	100.00	0	0	0	0	0	0
1428584644433258553	CPU_4	0	0	0	100.00	0	0	0	0	0	0
1428584645139188542	CPU_4	0	0	0	100.00	0	0	0	0	0	0
1428584645855351605	CPU_4	0	0	0	100.00	0	0	0	0	0	0
1428584646561498678	CPU_4	0	0	0	100.00	0	0	0	0	0	0
1428584647267362292	CPU_4	0	0	0	100.00	0	0	0	0	0	0
1428584647985878228	CPU_4	0	0	0	100.00	0	0	0	0	0	0
1428584648690157677	CPU_4	0	0	0	100.00	0	0	0	0	0	0
1428584649406875489	CPU_4	0	0	0	100.00	0	0	0	0	0	0
1428584650112972061	CPU_4	0	0	0	100.00	0	0	0	0	0	0
1428584650818264426	CPU_4	0	0	0	100.00	0	0	0	0	0	0
1428584651533890281	CPU_4	0	0	0	100.00	0	0	0	0	0	0
1428584652239898811	CPU_4	0	0	0	100.00	0	0	0	0	0	0
1428584652946625383	CPU_4	0	0	0	100.00	0	0	0	0	0	0
1428584653668187523	CPU_4	0	0	0	100.00	0	0	0	0	0	0
1428584654375286761	CPU_4	0	0	0	100.00	0	0	0	0	0	0
1428584655091348740	CPU_4	0	0	0	100.00	0	0	0	0	0	0
1428584655797165813	CPU_4	0	0	0	100.00	0	0	0	0	0	0
1428584656503720426	CPU_4	0	0	0	100.00	0	0	0	0	0	0
1428584657223902943	CPU_4	0	0	0	100.00	0	0	0	0	0	0
1428584657929104474	CPU_4	0	0	0	100.00	0	0	0	0	0	0
1428584658645617536	CPU_4	0	0	0	100.00	0	0	0	0	0	0
1428584659353918314	CPU_4	0	0	0	100.00	0	0	0	0	0	0
1428584660057621013	CPU_4	0	0	0	100.00	0	0	0	0	0	0
1428584660774372908	CPU_4	0	0	0	100.00	0	0	0	0	0	0
1428584661481145770	CPU_4	0	0	0	100.00	0	0	0	0	0	0
1428584662192386254	CPU_4	0	0	0	100.00	0	0	0	0	0	0
1428584662904461486	CPU_4	0	0	0	100.00	0	0	0	0	0	0
1428584663619765507	CPU_4	0	0	0	100.00	0	0	0	0	0	0
1428584664345281810	CPU_4	0	0	0	100.00	0	0	0	0	0	0
1428584665128749724	CPU_4	2.56	0	0	97.43	0	0	0	0	0	0
1428584665846022493	CPU_4	0	0	0	100.00	0	0	0	0	0	0
1428584666552500981	CPU_4	0	0	0	100.00	0	0	0	0	0	0
1428584667260365801	CPU_4	0	0	0	100.00	0	0	0	0	0	0
1428584667975716947	CPU_4	0	0	0	100.00	0	0	0	0	0	0
1428584668682371893	CPU_4	0	0	0	100.00	0	0	0	0	0	0
1428584669402379659	CPU_4	0	0	0	100.00	0	0	0	0	0	0
1428584670107101481	CPU_4	0	0	0	100.00	0	0	0	0	0	0
1428584670813869802	CPU_4	0	0	0	100.00	0	0	0	0	0	0
1428584671530453363	CPU_4	0	0	0	100.00	0	0	0	0	0	0
1428584672234636936	CPU_4	0	0	0	100.00	0	0	0	0	0	0
1428584672942020381	CPU_4	0	0	0	100.00	0	0	0	0	0	0
1428584673662085564	CPU_4	0	0	0	100.00	0	0	0	0	0	0
1428584674371230340	CPU_4	0	0	0	100.00	0	0	0	0	0	0
1428584675085905111	CPU_4	0	0	0	100.00	0	0	0	0	0	0
1428584675793902514	CPU_4	0	0	0	100.00	0	0	0	0	0	0
1428584676501414667	CPU_4	0	0	0	100.00	0	0	0	0	0	0
1428584677216650979	CPU_4	0	0	0	100.00	0	0	0	0	0	0
1428584677924719465	CPU_4	0	0	0	100.00	0	0	0	0	0	0
1428584678642407358	CPU_4	0	0	0	100.00	0	0	0	0	0	0
1428584679348787761	CPU_4	0	0	0	100.00	0	0	0	0	0	0
1428584680055665165	CPU_4	0	0	0	100.00	0	0	0	0	0	0
1428584680773051350	CPU_4	0	0	0	100.00	0	0	0	0	0	0
1428584681480214961	CPU_4	0	0	0	100.00	0	0	0	0	0	0
1428584682189232154	CPU_4	0	0	0	100.00	0	0	0	0	0	0
1428584682907915754	CPU_4	0	0	0	100.00	0	0	0	0	0	0
1428584683617103572	CPU_4	0	0	0	100.00	0	0	0	0	0	0
1428584684333161716	CPU_4	0	0	0	100.00	0	0	0	0	0	0
1428584685041906159	CPU_4	0	0	0	100.00	0	0	0	0	0	0
1428584685753100725	CPU_4	0	0	0	100.00	0	0	0	0	0	0
1428584686468902119	CPU_4	0	0	0	100.00	0	0	0	0	0	0
1428584687176447813	CPU_4	0	0	0	100.00	0	0	0	0	0	0
1428584687894452747	CPU_4	0	0	0	100.00	0	0	0	0	0	0
1428584688599535485	CPU_4	0	0	0	100.00	0	0	0	0	0	0
1428584689306948721	CPU_4	0	0	0	100.00	0	0	0	0	0	0
1428584690025120821	CPU_4	0	0	0	100.00	0	0	0	0	0	0
1428584690733960264	CPU_4	0	0	0	100.00	0	0	0	0	0	0
1428584691453164280	CPU_4	0	0	0	100.00	0	0	0	0	0	0
1428584692161006056	CPU_4	0	0	0	100.00	0	0	0	0	0	0
1428584692868346459	CPU_4	0	0	0	100.00	0	0	0	0	0	0
1428584693586759433	CPU_4	0	0	0	100.00	0	0	0	0	0	0
1428584694294033961	CPU_4	0	0	0	100.00	0	0	0	0	0	0
1428584695004139735	CPU_4	0	0	0	100.00	0	0	0	0	0	0
1428584695720168212	CPU_4	0	0	0	100.00	0	0	0	0	0	0
1428584696428455364	CPU_4	0	0	0	100.00	0	0	0	0	0	0
1428584697145376673	CPU_4	0	0	0	100.00	0	0	0	0	0	0
1428584697858307361	CPU_4	0	0	0	100.00	0	0	0	0	0	0
1428584698567950344	CPU_4	0	0	0	100.00	0	0	0	0	0	0
1428584699284691612	CPU_4	0	0	0	100.00	0	0	0	0	0	0
1428584699993393638	CPU_4	0	0	0	100.00	0	0	0	0	0	0
1428584700707466658	CPU_4	0	0	0	100.00	0	0	0	0	0	0
1428584701415759892	CPU_4	0	0	0	100.00	0	0	0	0	0	0
1428584702122868961	CPU_4	0	0	0	100.00	0	0	0	0	0	0
1428584702837292731	CPU_4	0	0	0	100.00	0	0	0	0	0	0
1428584703545863382	CPU_4	0	0	0	100.00	0	0	0	0	0	0
1428584704255071823	CPU_4	0	0	0	100.00	0	0	0	0	0	0
1428584704972453632	CPU_4	0	0	0	100.00	0	0	0	0	0	0
1428584705679227992	CPU_4	0	0	0	100.00	0	0	0	0	0	0
1428584706396109010	CPU_4	0	0	0	100.00	0	0	0	0	0	0
1428584707104133327	CPU_4	0	0	0	100.00	0	0	0	0	0	0
1428584707810276355	CPU_4	0	0	0	100.00	0	0	0	0	0	0
1428584708528751121	CPU_4	0	0	0	100.00	0	0	0	0	0	0
1428584709235801856	CPU_4	0	0	0	100.00	0	0	0	0	0	0
1428584709952091248	CPU_4	0	0	0	100.00	0	0	0	0	0	0
1428584710660149566	CPU_4	0	0	0	100.00	0	0	0	0	0	0
1428584711369654215	CPU_4	0	0	0	100.00	0	0	0	0	0	0
1428584712087632064	CPU_4	0	0	0	100.00	0	0	0	0	0	0
1428584712795423382	CPU_4	0	0	0	100.00	0	0	0	0	0	0
1428584713517329436	CPU_4	0	0	0	100.00	0	0	0	0	0	0
1428584714225826377	CPU_4	0	0	0	100.00	0	0	0	0	0	0
1428584714933455278	CPU_4	0	0	0	100.00	0	0	0	0	0	0
1428584715654416916	CPU_4	0	0	0	100.00	0	0	0	0	0	0
1428584716362289025	CPU_4	0	0	0	100.00	0	0	0	0	0	0
1428584717070390009	CPU_4	0	0	0	100.00	0	0	0	0	0	0
1428584717789603148	CPU_4	0	0	0	100.00	0	0	0	0	0	0
1428584718501177004	CPU_4	0	0	0	100.00	0	0	0	0	0	0
1428584719221767683	CPU_4	0	0	0	100.00	0	0	0	0	0	0
1428584719930344250	CPU_4	0	0	0	100.00	0	0	0	0	0	0
1428584720639320732	CPU_4	0	0	0	100.00	0	0	0	0	0	0
1428584721358438247	CPU_4	0	0	0	100.00	0	0	0	0	0	0
1428584722066672772	CPU_4	0	0	0	100.00	0	0	0	0	0	0
1428584722785278245	CPU_4	0	0	0	100.00	0	0	0	0	0	0
1428584723494681227	CPU_4	0	0	0	100.00	0	0	0	0	0	0
1428584724201482837	CPU_4	0	0	0	100.00	0	0	0	0	0	0
1428584724922056308	CPU_4	0	0	0	100.00	0	0	0	0	0	0
1428584725631978581	CPU_4	0	0	0	100.00	0	0	0	0	0	0
1428584726351551761	CPU_4	0	0	0	100.00	0	0	0	0	0	0
1428584727060223911	CPU_4	0	0	0	100.00	0	0	0	0	0	0
1428584727771789557	CPU_4	0	0	0	100.00	0	0	0	0	0	0
1428584728491388654	CPU_4	0	0	0	100.00	0	0	0	0	0	0
1428584729197447306	CPU_4	0	0	0	100.00	0	0	0	0	0	0
1428584729917742985	CPU_4	0	0	0	100.00	0	0	0	0	0	0
1428584730631621213	CPU_4	0	0	0	100.00	0	0	0	0	0	0
1428584731340149153	CPU_4	0	0	0	100.00	0	0	0	0	0	0
1428584732059778750	CPU_4	0	0	0	100.00	0	0	0	0	0	0
1428584732768334774	CPU_4	0	0	0	100.00	0	0	0	0	0	0
1428584733480473711	CPU_4	0	0	0	100.00	0	0	0	0	0	0
1428584734196607395	CPU_4	0	0	0	100.00	0	0	0	0	0	0
1428584734905372127	CPU_4	0	0	0	100.00	0	0	0	0	0	0
1428584735625524723	CPU_4	0	0	0	100.00	0	0	0	0	0	0
1428584736331636999	CPU_4	0	0	0	100.00	0	0	0	0	0	0
1428584737041371897	CPU_4	0	0	0	100.00	0	0	0	0	0	0
1428584737759672203	CPU_4	0	0	0	100.00	0	0	0	0	0	0
1428584738466710687	CPU_4	0	0	0	100.00	0	0	0	0	0	0
1428584739185235576	CPU_4	0	0	0	100.00	0	0	0	0	0	0
1428584739895444848	CPU_4	0	0	0	100.00	0	0	0	0	0	0
1428584740607308327	CPU_4	0	0	0	100.00	0	0	0	0	0	0
1428584741323245135	CPU_4	0	0	0	100.00	0	0	0	0	0	0
1428584742034089615	CPU_4	0	0	0	100.00	0	0	0	0	0	0
1428584742746112635	CPU_4	0	0	0	100.00	0	0	0	0	0	0
1428584743460676403	CPU_4	0	0	0	100.00	0	0	0	0	0	0
1428584744170745550	CPU_4	0	0	0	100.00	0	0	0	0	0	0
1428584744888937605	CPU_4	0	0	0	100.00	0	0	0	0	0	0
1428584745604633455	CPU_4	0	0	0	100.00	0	0	0	0	0	0
1428584746311845188	CPU_4	0	0	0	100.00	0	0	0	0	0	0
1428584747032042325	CPU_4	0	0	0	100.00	0	0	0	0	0	0
1428584747740269057	CPU_4	0	0	0	100.00	0	0	0	0	0	0
1428584748456834823	CPU_4	0	0	0	100.00	0	0	0	0	0	0
1428584749166939595	CPU_4	0	0	0	100.00	0	0	0	0	0	0
1428584749877932407	CPU_4	0	0	0	100.00	0	0	0	0	0	0
1428584750596666212	CPU_4	0	0	0	100.00	0	0	0	0	0	0
1428584751306692484	CPU_4	0	0	0	100.00	0	0	0	0	0	0
1428584752027144162	CPU_4	0	0	0	100.00	0	0	0	0	0	0
1428584752738830266	CPU_4	0	0	0	100.00	0	0	0	0	0	0
1428584753445847123	CPU_4	0	0	0	100.00	0	0	0	0	0	0
1428584754166134927	CPU_4	0	0	0	100.00	0	0	0	0	0	0
1428584754876120907	CPU_4	0	0	0	100.00	0	0	0	0	0	0
1428584755597351917	CPU_4	0	0	0	100.00	0	0	0	0	0	0
1428584756307767272	CPU_4	0	0	0	100.00	0	0	0	0	0	0
1428584757018724084	CPU_4	0	0	0	100.00	0	0	0	0	0	0
1428584757742516134	CPU_4	0	0	0	100.00	0	0	0	0	0	0
1428584758450331491	CPU_4	0	0	0	100.00	0	0	0	0	0	0
1428584759160852220	CPU_4	0	0	0	100.00	0	0	0	0	0	0
1428584759881346564	CPU_4	0	0	0	100.00	0	0	0	0	0	0
1428584760589805254	CPU_4	0	0	0	100.00	0	0	0	0	0	0
1428584761309950557	CPU_4	0	0	0	100.00	0	0	0	0	0	0
1428584762021642910	CPU_4	0	0	0	100.00	0	0	0	0	0	0
1428584762730312349	CPU_4	0	0	0	100.00	0	0	0	0	0	0
1428584763449837444	CPU_4	0	0	0	100.00	0	0	0	0	0	0
1428584764160789923	CPU_4	0	0	0	100.00	0	0	0	0	0	0
1428584764882028516	CPU_4	0	0	0	100.00	0	0	0	0	0	0
1428584765591454454	CPU_4	0	0	0	100.00	0	0	0	0	0	0
1428584766304133848	CPU_4	0	0	0	100.00	0	0	0	0	0	0
1428584767025136233	CPU_4	0	0	0	100.00	0	0	0	0	0	0
1428584767734622004	CPU_4	0	0	0	100.00	0	0	0	0	0	0
1428584768454696016	CPU_4	0	0	0	100.00	0	0	0	0	0	0
1428584769165319494	CPU_4	0	0	0	100.00	0	0	0	0	0	0
1428584769878051429	CPU_4	0	0	0	100.00	0	0	0	0	0	0
1428584770597011941	CPU_4	0	0	0	100.00	0	0	0	0	0	0
1428584771306943004	CPU_4	0	0	0	100.00	0	0	0	0	0	0
1428584772028465930	CPU_4	0	0	0	100.00	0	0	0	0	0	0
1428584772737628285	CPU_4	0	0	0	100.00	0	0	0	0	0	0
1428584773447360389	CPU_4	0	0	0	100.00	0	0	0	0	0	0
1428584774168112816	CPU_4	0	0	0	100.00	0	0	0	0	0	0
1428584774875890422	CPU_4	0	0	0	100.00	0	0	0	0	0	0
1428584775586528525	CPU_4	0	0	0	100.00	0	0	0	0	0	0
1428584776305418995	CPU_4	0	0	0	100.00	0	0	0	0	0	0
1428584777016683181	CPU_4	0	0	0	100.00	0	0	0	0	0	0
1428584777735229527	CPU_4	0	0	0	100.00	0	0	0	0	0	0
1428584778445222672	CPU_4	0	0	0	100.00	0	0	0	0	0	0
1428584779156321816	CPU_4	0	0	0	100.00	0	0	0	0	0	0
1428584779874110829	CPU_4	0	0	0	100.00	0	0	0	0	0	0
1428584780585027557	CPU_4	0	0	0	100.00	0	0	0	0	0	0
1428584781303827193	CPU_4	0	0	0	100.00	0	0	0	0	0	0
1428584782015502087	CPU_4	0	0	0	100.00	0	0	0	0	0	0
1428584782724682483	CPU_4	0	0	0	100.00	0	0	0	0	0	0
1428584783444540494	CPU_4	0	0	0	100.00	0	0	0	0	0	0
1428584784162464714	CPU_4	0	0	0	100.00	0	0	0	0	0	0
1428584784885469347	CPU_4	1.36	0	0	98.63	0	0	0	0	0	0
1428584785597861240	CPU_4	0	0	0	100.00	0	0	0	0	0	0
1428584786308706925	CPU_4	0	0	0	100.00	0	0	0	0	0	0
1428584787034734430	CPU_4	0	0	0	100.00	0	0	0	0	0	0
1428584787746328532	CPU_4	0	0	0	100.00	0	0	0	0	0	0
1428584788467355082	CPU_4	0	0	0	100.00	0	0	0	0	0	0
1428584789178384851	CPU_4	0	0	0	100.00	0	0	0	0	0	0
1428584789887429455	CPU_4	0	0	0	100.00	0	0	0	0	0	0
1428584790610182046	CPU_4	0	0	0	100.00	0	0	0	0	0	0
1428584791321981606	CPU_4	0	0	0	100.00	0	0	0	0	0	0
1428584792050398899	CPU_4	0	0	0	100.00	0	0	0	0	0	0
1428584792760892543	CPU_4	0	0	0	100.00	0	0	0	0	0	0
1428584793470693063	CPU_4	0	0	0	100.00	0	0	0	0	0	0
1428584794191606114	CPU_4	0	0	0	100.00	0	0	0	0	0	0
1428584794899457427	CPU_4	0	0	0	100.00	0	0	0	0	0	0
1428584795618573771	CPU_4	0	0	0	100.00	0	0	0	0	0	0
1428584796332946078	CPU_4	0	0	0	100.00	0	0	0	0	0	0
1428584797042231557	CPU_4	0	0	0	100.00	0	0	0	0	0	0
1428584797765553563	CPU_4	0	0	0	100.00	0	0	0	0	0	0
1428584798476235207	CPU_4	0	0	0	100.00	0	0	0	0	0	0
1428584799187057101	CPU_4	0	0	0	100.00	0	0	0	0	0	0
1428584799906262611	CPU_4	0	0	0	100.00	0	0	0	0	0	0
1428584800617335254	CPU_4	0	0	0	100.00	0	0	0	0	0	0
1428584801341670176	CPU_4	0	0	0	100.00	0	0	0	0	0	0
1428584802054206776	CPU_4	0	0	0	100.00	0	0	0	0	0	0
1428584802768521875	CPU_4	0	0	0	100.00	0	0	0	0	0	0
1428584803488073593	CPU_4	0	0	0	100.00	0	0	0	0	0	0
1428584804200673693	CPU_4	0	0	0	100.00	0	0	0	0	0	0
1428584804919082412	CPU_4	0	0	0	100.00	0	0	0	0	0	0
1428584805634087218	CPU_4	0	0	0	100.00	0	0	0	0	0	0
1428584806345024944	CPU_4	0	0	0	100.00	0	0	0	0	0	0
1428584807064384621	CPU_4	0	0	0	100.00	0	0	0	0	0	0
1428584807775828263	CPU_4	0	0	0	100.00	0	0	0	0	0	0
1428584808497004813	CPU_4	0	0	0	100.00	0	0	0	0	0	0
1428584809208478539	CPU_4	0	0	0	100.00	0	0	0	0	0	0
1428584809918053016	CPU_4	0	0	0	100.00	0	0	0	0	0	0
1428584810639372024	CPU_4	0	0	0	100.00	0	0	0	0	0	0
1428584811350515042	CPU_4	0	0	0	100.00	0	0	0	0	0	0
1428584812070483717	CPU_4	0	0	0	100.00	0	0	0	0	0	0
1428584812782665484	CPU_4	0	0	0	100.00	0	0	0	0	0	0
1428584813493346335	CPU_4	0	0	0	100.00	0	0	0	0	0	0
1428584814217400007	CPU_4	0	0	0	100.00	0	0	0	0	0	0
1428584814925965402	CPU_4	0	0	0	100.00	0	0	0	0	0	0
1428584815652249988	CPU_4	0	0	0	100.00	0	0	0	0	0	0
1428584816363061922	CPU_4	0	0	0	100.00	0	0	0	0	0	0
1428584817072820774	CPU_4	0	0	0	100.00	0	0	0	0	0	0
1428584817795370781	CPU_4	0	0	0	100.00	0	0	0	0	0	0
1428584818509394962	CPU_4	0	0	0	100.00	0	0	0	0	0	0
1428584819224205725	CPU_4	0	0	0	100.00	0	0	0	0	0	0
1428584819941881820	CPU_4	0	0	0	100.00	0	0	0	0	0	0
1428584820654102502	CPU_4	0	0	0	100.00	0	0	0	0	0	0
1428584821376829008	CPU_4	0	0	0	100.00	0	0	0	0	0	0
1428584822087486151	CPU_4	0	0	0	100.00	0	0	0	0	0	0
1428584822802064456	CPU_4	0	0	0	100.00	0	0	0	0	0	0
1428584823522704464	CPU_4	0	0	0	100.00	0	0	0	0	0	0
1428584824236820895	CPU_4	0	0	0	100.00	0	0	0	0	0	0
1428584824955247696	CPU_4	0	0	0	100.00	0	0	0	0	0	0
1428584825669621710	CPU_4	0	0	0	100.00	0	0	0	0	0	0
1428584826381091018	CPU_4	0	0	0	100.00	0	0	0	0	0	0
1428584827099883611	CPU_4	0	0	0	100.00	0	0	0	0	0	0
1428584827812240502	CPU_4	0	0	0	100.00	0	0	0	0	0	0
1428584828532580968	CPU_4	0	0	0	100.00	0	0	0	0	0	0
1428584829247405648	CPU_4	0	0	0	100.00	0	0	0	0	0	0
1428584829956879541	CPU_4	0	0	0	100.00	0	0	0	0	0	0
1428584830680870170	CPU_4	0	0	0	100.00	0	0	0	0	0	0
1428584831391626979	CPU_4	0	0	0	100.00	0	0	0	0	0	0
1428584832111374196	CPU_4	0	0	0	100.00	0	0	0	0	0	0
1428584832823338211	CPU_4	0	0	0	100.00	0	0	0	0	0	0
1428584833534489853	CPU_4	0	0	0	100.00	0	0	0	0	0	0
1428584834261200771	CPU_4	0	0	0	100.00	0	0	0	0	0	0
1428584834970071706	CPU_4	0	0	0	100.00	0	0	0	0	0	0
1428584835700157621	CPU_4	0	0	0	100.00	0	0	0	0	0	0
1428584836410955429	CPU_4	0	0	0	100.00	0	0	0	0	0	0
1428584837120169489	CPU_4	0	0	0	100.00	0	0	0	0	0	0
1428584837841544787	CPU_4	0	0	0	100.00	0	0	0	0	0	0
1428584838553378720	CPU_4	0	0	0	100.00	0	0	0	0	0	0
1428584839279774179	CPU_4	0	0	0	100.00	0	0	0	0	0	0
1428584839989218697	CPU_4	0	0	0	100.00	0	0	0	0	0	0
1428584840701767171	CPU_4	0	0	0	100.00	0	0	0	0	0	0
1428584841424084676	CPU_4	0	0	0	100.00	0	0	0	0	0	0
1428584842135346233	CPU_4	0	0	0	100.00	0	0	0	0	0	0
1428584842857665489	CPU_4	0	0	0	100.00	0	0	0	0	0	0
1428584843573912083	CPU_4	0	0	0	100.00	0	0	0	0	0	0
1428584844288803887	CPU_4	0	0	0	100.00	0	0	0	0	0	0
1428584845007489229	CPU_4	0	0	0	100.00	0	0	0	0	0	0
1428584845720618618	CPU_4	0	0	0	100.00	0	0	0	0	0	0
1428584846431774759	CPU_4	0	0	0	100.00	0	0	0	0	0	0
1428584847153273473	CPU_4	0	0	0	100.00	0	0	0	0	0	0
1428584847864889697	CPU_4	0	0	0	100.00	0	0	0	0	0	0
1428584848587474451	CPU_4	0	0	0	100.00	0	0	0	0	0	0
1428584849301750381	CPU_4	0	0	0	100.00	0	0	0	0	0	0
1428584850012423439	CPU_4	0	0	0	100.00	0	0	0	0	0	0
1428584850735959526	CPU_4	0	0	0	100.00	0	0	0	0	0	0
1428584851448525665	CPU_4	0	0	0	100.00	0	0	0	0	0	0
1428584852170310420	CPU_4	0	0	0	100.00	0	0	0	0	0	0
1428584852884519683	CPU_4	0	0	0	100.00	0	0	0	0	0	0
1428584853598294029	CPU_4	0	0	0	100.00	0	0	0	0	0	0
1428584854323418156	CPU_4	0	0	0	100.00	0	0	0	0	0	0
1428584855035088963	CPU_4	0	0	0	100.00	0	0	0	0	0	0
1428584855758363258	CPU_4	0	0	0	100.00	0	0	0	0	0	0
1428584856469983356	CPU_4	0	0	0	100.00	0	0	0	0	0	0
1428584857181570330	CPU_4	0	0	0	100.00	0	0	0	0	0	0
1428584857903384751	CPU_4	0	0	0	100.00	0	0	0	0	0	0
1428584858617242805	CPU_4	0	0	0	100.00	0	0	0	0	0	0
1428584859340724975	CPU_4	0	0	0	100.00	0	0	0	0	0	0
1428584860052226532	CPU_4	0	0	0	100.00	0	0	0	0	0	0
1428584860765533670	CPU_4	0	0	0	100.00	0	0	0	0	0	0
1428584861488296757	CPU_4	0	0	0	100.00	0	0	0	0	0	0
1428584862201429645	CPU_4	0	0	0	100.00	0	0	0	0	0	0
1428584862924388857	CPU_4	0	0	0	100.00	0	0	0	0	0	0
1428584863636835788	CPU_4	0	0	0	100.00	0	0	0	0	0	0
1428584864351648258	CPU_4	0	0	0	100.00	0	0	0	0	0	0
1428584865071571681	CPU_4	0	0	0	100.00	0	0	0	0	0	0
1428584865787706482	CPU_4	0	0	0	100.00	0	0	0	0	0	0
1428584866509311321	CPU_4	0	0	0	100.00	0	0	0	0	0	0
1428584867221178418	CPU_4	0	0	0	100.00	0	0	0	0	0	0
1428584867934477847	CPU_4	0	0	0	100.00	0	0	0	0	0	0
1428584868656609018	CPU_4	0	0	0	100.00	0	0	0	0	0	0
1428584869370243572	CPU_4	0	0	0	100.00	0	0	0	0	0	0
1428584870090311995	CPU_4	0	0	0	100.00	0	0	0	0	0	0
1428584870805776839	CPU_4	0	0	0	100.00	0	0	0	0	0	0
1428584871518874810	CPU_4	0	0	0	100.00	0	0	0	0	0	0
1428584872242776645	CPU_4	0	0	0	100.00	0	0	0	0	0	0
1428584872955065867	CPU_4	0	0	0	100.00	0	0	0	0	0	0
1428584873677019538	CPU_4	0	0	0	100.00	0	0	0	0	0	0
1428584874390167926	CPU_4	0	0	0	100.00	0	0	0	0	0	0
1428584875101392190	CPU_4	0	0	0	100.00	0	0	0	0	0	0
1428584875827367398	CPU_4	0	0	0	100.00	0	0	0	0	0	0
1428584876540090620	CPU_4	0	0	0	100.00	0	0	0	0	0	0
1428584877265697411	CPU_4	0	0	0	100.00	0	0	0	0	0	0
1428584877977658633	CPU_4	0	0	0	100.00	0	0	0	0	0	0
1428584878690610563	CPU_4	0	0	0	100.00	0	0	0	0	0	0
1428584879414033982	CPU_4	1.38	0	6.94	91.66	0	0	0	0	0	0
1428584880124017039	CPU_4	0	0	0	100.00	0	0	0	0	0	0
1428584880846419000	CPU_4	0	0	0	100.00	0	0	0	0	0	0
1428584881562046302	CPU_4	0	0	0	100.00	0	0	0	0	0	0
1428584882278244561	CPU_4	0	0	0	100.00	0	0	0	0	0	0
1428584882997987858	CPU_4	0	0	0	100.00	0	0	0	0	0	0
1428584883712403994	CPU_4	0	0	0	100.00	0	0	0	0	0	0
1428584884432750041	CPU_4	0	0	0	100.00	0	0	0	0	0	0
1428584885143485055	CPU_4	0	0	0	100.00	0	0	0	0	0	0
1428584885855209944	CPU_4	0	0	0	100.00	0	0	0	0	0	0
1428584886579370070	CPU_4	0	0	0	100.00	0	0	0	0	0	0
1428584887293778664	CPU_4	0	0	0	100.00	0	0	0	0	0	0
1428584888004226054	CPU_4	0	0	0	100.00	0	0	0	0	0	0
1428584888725571099	CPU_4	0	0	0	100.00	0	0	0	0	0	0
1428584889438101987	CPU_4	0	0	0	100.00	0	0	0	0	0	0
1428584890159384532	CPU_4	0	0	0	100.00	0	0	0	0	0	0
1428584890871867628	CPU_4	0	0	0	100.00	0	0	0	0	0	0
1428584891586806221	CPU_4	0	0	0	100.00	0	0	0	0	0	0
1428584892311870971	CPU_4	0	0	0	100.00	0	0	0	0	0	0
1428584893021896778	CPU_4	0	0	0	100.00	0	0	0	0	0	0
1428584893743951572	CPU_4	0	0	0	100.00	0	0	0	0	0	0
1428584894456970584	CPU_4	0	0	0	100.00	0	0	0	0	0	0
1428584895167023432	CPU_4	0	0	0	100.00	0	0	0	0	0	0
1428584895890602100	CPU_4	0	0	0	100.00	0	0	0	0	0	0
1428584896604200569	CPU_4	0	0	0	100.00	0	0	0	0	0	0
1428584897329225736	CPU_4	0	0	0	100.00	0	0	0	0	0	0
1428584898040511541	CPU_4	0	0	0	100.00	0	0	0	0	0	0
1428584898755607509	CPU_4	0	0	0	100.00	0	0	0	0	0	0
1428584899478295011	CPU_4	0	0	0	100.00	0	0	0	0	0	0
1428584900190673439	CPU_4	0	0	0	100.00	0	0	0	0	0	0
1428584900913265900	CPU_4	0	0	0	100.00	0	0	0	0	0	0
1428584901627044119	CPU_4	0	0	0	100.00	0	0	0	0	0	0
1428584902343327835	CPU_4	0	0	0	100.00	0	0	0	0	0	0
1428584903064675338	CPU_4	0	0	0	100.00	0	0	0	0	0	0
1428584903792873835	CPU_4	0	0	0	100.00	0	0	0	0	0	0
1428584904556214880	CPU_4	0	0	0	100.00	0	0	0	0	0	0
1428584905273571345	CPU_4	0	0	0	100.00	0	0	0	0	0	0
1428584905991662602	CPU_4	0	0	0	100.00	0	0	0	0	0	0
1428584906710716607	CPU_4	0	0	0	100.00	0	0	0	0	0	0
1428584907426166991	CPU_4	0	0	0	100.00	0	0	0	0	0	0
1428584908149369242	CPU_4	0	0	0	100.00	0	0	0	0	0	0
1428584908861995961	CPU_4	0	0	0	100.00	0	0	0	0	0	0
1428584909576743012	CPU_4	0	0	0	100.00	0	0	0	0	0	0
1428584910301320179	CPU_4	0	0	0	100.00	0	0	0	0	0	0
1428584911012877691	CPU_4	0	0	0	100.00	0	0	0	0	0	0
1428584911736842150	CPU_4	0	0	0	100.00	0	0	0	0	0	0
1428584912453994698	CPU_4	0	0	0	100.00	0	0	0	0	0	0
1428584913171199497	CPU_4	0	0	0	100.00	0	0	0	0	0	0
1428584913892726957	CPU_4	0	0	0	100.00	0	0	0	0	0	0
1428584914608852548	CPU_4	0	0	0	100.00	0	0	0	0	0	0
1428584915334037380	CPU_4	0	0	0	100.00	0	0	0	0	0	0
1428584916049703722	CPU_4	0	0	0	100.00	0	0	0	0	0	0
1428584916762957566	CPU_4	0	0	0	100.00	0	0	0	0	0	0
1428584917486994857	CPU_4	0	0	0	100.00	0	0	0	0	0	0
1428584918200448242	CPU_4	0	0	0	100.00	0	0	0	0	0	0
1428584918922530286	CPU_4	0	0	0	100.00	0	0	0	0	0	0
1428584919637639919	CPU_4	0	0	0	100.00	0	0	0	0	0	0
1428584920357484715	CPU_4	0	0	0	100.00	0	0	0	0	0	0
1428584921076135678	CPU_4	0	0	0	100.00	0	0	0	0	0	0
1428584921787895064	CPU_4	0	0	0	100.00	0	0	0	0	0	0
1428584922512488272	CPU_4	0	0	0	100.00	0	0	0	0	0	0
1428584923225970073	CPU_4	0	0	0	100.00	0	0	0	0	0	0
1428584923941050957	CPU_4	0	0	0	100.00	0	0	0	0	0	0
1428584924662415667	CPU_4	0	0	0	100.00	0	0	0	0	0	0
1428584925377028217	CPU_4	0	0	0	100.00	0	0	0	0	0	0
1428584926100576676	CPU_4	0	0	0	100.00	0	0	0	0	0	0
1428584926813958560	CPU_4	0	0	0	100.00	0	0	0	0	0	0
1428584927528760819	CPU_4	0	0	0	100.00	0	0	0	0	0	0
1428584928254203650	CPU_4	0	0	0	100.00	0	0	0	0	0	0
1428584928968248742	CPU_4	0	0	0	100.00	0	0	0	0	0	0
1428584929691540534	CPU_4	0	0	0	100.00	0	0	0	0	0	0
1428584930408250999	CPU_4	0	0	0	100.00	0	0	0	0	0	0
1428584931123998714	CPU_4	0	0	0	100.00	0	0	0	0	0	0
1428584931844595759	CPU_4	0	0	0	100.00	0	0	0	0	0	0
1428584932558409851	CPU_4	0	0	0	100.00	0	0	0	0	0	0
1428584933284963681	CPU_4	0	0	0	100.00	0	0	0	0	0	0
1428584934001999520	CPU_4	0	0	0	100.00	0	0	0	0	0	0
1428584934715356821	CPU_4	0	0	0	100.00	0	0	0	0	0	0
1428584935438780571	CPU_4	0	0	0	100.00	0	0	0	0	0	0
1428584936152601496	CPU_4	0	0	0	100.00	0	0	0	0	0	0
1428584936876514829	CPU_4	0	0	0	100.00	0	0	0	0	0	0
1428584937590135796	CPU_4	0	0	0	100.00	0	0	0	0	0	0
1428584938305332804	CPU_4	0	0	0	100.00	0	0	0	0	0	0
1428584939030816384	CPU_4	0	0	0	100.00	0	0	0	0	0	0
1428584939742913145	CPU_4	0	0	0	100.00	0	0	0	0	0	0
1428584940469305141	CPU_4	0	0	0	100.00	0	0	0	0	0	0
1428584941184589690	CPU_4	0	0	0	100.00	0	0	0	0	0	0
1428584941907501481	CPU_4	0	0	0	100.00	0	0	0	0	0	0
1428584942625140778	CPU_4	0	0	0	100.00	0	0	0	0	0	0
1428584943342229325	CPU_4	0	0	0	100.00	0	0	0	0	0	0
1428584944067487489	CPU_4	0	0	0	100.00	0	0	0	0	0	0
1428584944780026540	CPU_4	0	0	0	100.00	0	0	0	0	0	0
1428584945497485837	CPU_4	0	0	0	100.00	0	0	0	0	0	0
1428584946219967670	CPU_4	0	0	0	100.00	0	0	0	0	0	0
1428584946935542844	CPU_4	0	0	0	100.00	0	0	0	0	0	0
1428584947657919760	CPU_4	0	0	0	100.00	0	0	0	0	0	0
1428584948375183348	CPU_4	0	0	0	100.00	0	0	0	0	0	0
1428584949096736141	CPU_4	0	0	0	100.00	0	0	0	0	0	0
1428584949816558393	CPU_4	0	0	0	100.00	0	0	0	0	0	0
1428584950531024192	CPU_4	0	0	0	100.00	0	0	0	0	0	0
1428584951256605481	CPU_4	0	0	0	100.00	0	0	0	0	0	0
1428584951971814071	CPU_4	0	0	0	100.00	0	0	0	0	0	0
1428584952697987317	CPU_4	0	0	0	100.00	0	0	0	0	0	0
1428584953414581781	CPU_4	0	0	0	100.00	0	0	0	0	0	0
1428584954133383576	CPU_4	0	0	0	100.00	0	0	0	0	0	0
1428584954859265530	CPU_4	0	0	0	100.00	0	0	0	0	0	0
1428584955572864788	CPU_4	0	0	0	100.00	0	0	0	0	0	0
1428584956297136619	CPU_4	0	0	0	100.00	0	0	0	0	0	0
1428584957018215412	CPU_4	0	0	0	100.00	0	0	0	0	0	0
1428584957733000669	CPU_4	0	0	0	100.00	0	0	0	0	0	0
1428584958460271247	CPU_4	0	0	0	100.00	0	0	0	0	0	0
1428584959174010213	CPU_4	0	0	0	100.00	0	0	0	0	0	0
1428584959900798458	CPU_4	0	0	0	100.00	0	0	0	0	0	0
1428584960617650421	CPU_4	0	0	0	100.00	0	0	0	0	0	0
1428584961334557426	CPU_4	0	0	0	100.00	0	0	0	0	0	0
1428584962060101880	CPU_4	0	0	0	100.00	0	0	0	0	0	0
1428584962776592177	CPU_4	0	0	0	100.00	0	0	0	0	0	0
1428584963493327182	CPU_4	0	0	0	100.00	0	0	0	0	0	0
1428584964216154930	CPU_4	0	0	0	100.00	0	0	0	0	0	0
1428584964931818936	CPU_4	0	0	0	100.00	0	0	0	0	0	0
1428584965659298097	CPU_4	0	0	0	100.00	0	0	0	0	0	0
1428584966372716355	CPU_4	0	0	0	100.00	0	0	0	0	0	0
1428584967093268606	CPU_4	0	0	0	100.00	0	0	0	0	0	0
1428584967815014855	CPU_4	0	0	0	100.00	0	0	0	0	0	0
1428584968529900820	CPU_4	0	0	0	100.00	0	0	0	0	0	0
1428584969254427900	CPU_4	0	0	0	100.00	0	0	0	0	0	0
1428584969971608321	CPU_4	0	0	0	100.00	0	0	0	0	0	0
1428584970688231450	CPU_4	0	0	0	100.00	0	0	0	0	0	0
1428584971409706491	CPU_4	0	0	0	100.00	0	0	0	0	0	0
1428584972123339957	CPU_4	0	0	0	100.00	0	0	0	0	0	0
1428584972849061036	CPU_4	0	0	0	100.00	0	0	0	0	0	0
1428584973566596956	CPU_4	0	0	0	100.00	0	0	0	0	0	0
1428584974311216433	CPU_4	0	0	0	100.00	0	0	0	0	0	0
1428584975027317521	CPU_4	0	0	0	100.00	0	0	0	0	0	0
1428584975742489027	CPU_4	0	0	0	100.00	0	0	0	0	0	0
1428584976470859603	CPU_4	0	0	0	100.00	0	0	0	0	0	0
1428584977183956152	CPU_4	0	0	0	100.00	0	0	0	0	0	0
1428584977912276770	CPU_4	0	0	0	100.00	0	0	0	0	0	0
1428584978628140983	CPU_4	0	0	0	100.00	0	0	0	0	0	0
1428584979342995031	CPU_4	0	0	0	100.00	0	0	0	0	0	0
1428584980070816982	CPU_4	0	0	0	100.00	0	0	0	0	0	0
1428584980785198405	CPU_4	0	0	0	100.00	0	0	0	0	0	0
1428584981509761151	CPU_4	0	0	0	100.00	0	0	0	0	0	0
1428584982222396534	CPU_4	0	0	0	100.00	0	0	0	0	0	0
1428584982938004039	CPU_4	0	0	0	100.00	0	0	0	0	0	0
1428584983663256118	CPU_4	0	0	0	100.00	0	0	0	0	0	0
1428584984379217122	CPU_4	0	0	0	100.00	0	0	0	0	0	0
1428584985106179157	CPU_4	0	0	0	100.00	0	0	0	0	0	0
1428584985821055996	CPU_4	0	0	0	100.00	0	0	0	0	0	0
1428584986538022291	CPU_4	0	0	0	100.00	0	0	0	0	0	0
1428584987261014414	CPU_4	0	0	0	100.00	0	0	0	0	0	0
1428584987977597001	CPU_4	0	0	0	100.00	0	0	0	0	0	0
1428584988703350620	CPU_4	0	0	0	100.00	0	0	0	0	0	0
1428584989418428209	CPU_4	0	0	0	100.00	0	0	0	0	0	0
1428584990134992004	CPU_4	0	0	0	100.00	0	0	0	0	0	0
1428584990860598249	CPU_4	0	0	0	100.00	0	0	0	0	0	0
1428584991577075711	CPU_4	0	0	0	100.00	0	0	0	0	0	0
1428584992303917829	CPU_4	0	0	0	100.00	0	0	0	0	0	0
1428584993018235043	CPU_4	0	0	0	100.00	0	0	0	0	0	0
1428584993734431006	CPU_4	0	0	0	100.00	0	0	0	0	0	0
1428584994461987540	CPU_4	0	0	0	100.00	0	0	0	0	0	0
1428584995175824629	CPU_4	0	0	0	100.00	0	0	0	0	0	0
1428584995899683542	CPU_4	0	0	0	100.00	0	0	0	0	0	0
1428584996619241542	CPU_4	0	0	0	100.00	0	0	0	0	0	0
1428584997334562297	CPU_4	0	0	0	100.00	0	0	0	0	0	0
1428584998059608667	CPU_4	0	0	0	100.00	0	0	0	0	0	0
1428584998774829505	CPU_4	0	0	0	100.00	0	0	0	0	0	0
1428584999500625416	CPU_4	0	0	0	100.00	0	0	0	0	0	0
1428585000217403002	CPU_4	0	0	0	100.00	0	0	0	0	0	0
1428585000930417842	CPU_4	0	0	0	100.00	0	0	0	0	0	0
1428585001662127330	CPU_4	0	0	0	100.00	0	0	0	0	0	0
1428585002373008839	CPU_4	0	0	0	100.00	0	0	0	0	0	0
1428585003092324214	CPU_4	0	0	0	100.00	0	0	0	0	0	0
1428585003803967472	CPU_4	0	0	0	100.00	0	0	0	0	0	0
1428585004517543769	CPU_4	0	0	0	100.00	0	0	0	0	0	0
1428585005240025100	CPU_4	0	0	0	100.00	0	0	0	0	0	0
1428585005950226734	CPU_4	0	0	0	100.00	0	0	0	0	0	0
1428585006673938980	CPU_4	0	0	0	100.00	0	0	0	0	0	0
1428585007386677361	CPU_4	0	0	0	100.00	0	0	0	0	0	0
1428585008097496286	CPU_4	0	0	0	100.00	0	0	0	0	0	0
1428585008819616575	CPU_4	0	0	0	100.00	0	0	0	0	0	0
1428585009532431540	CPU_4	0	0	0	100.00	0	0	0	0	0	0
