#Timestamp	CPU_ID	user%	nice%	sys%	idle%	iowait%	irq%	softiq%	steal%	guest%	guest_nice%
1428582000792824431	CPU_4	8.19	0	6.55	85.24	0	0	0	0	0	0
1428582001480507165	CPU_4	0	0	0	100.00	0	0	0	0	0	0
1428582002178347013	CPU_4	0	0	0	100.00	0	0	0	0	0	0
1428582002872194031	CPU_4	0	0	0	100.00	0	0	0	0	0	0
1428582003562988928	CPU_4	0	0	0	100.00	0	0	0	0	0	0
1428582004256819322	CPU_4	0	0	0	100.00	0	0	0	0	0	0
1428582004945626888	CPU_4	0	0	0	100.00	0	0	0	0	0	0
1428582005635484911	CPU_4	0	0	0	100.00	0	0	0	0	0	0
1428582006333945382	CPU_4	0	0	0	100.00	0	0	0	0	0	0
1428582007021330158	CPU_4	0	0	0	100.00	0	0	0	0	0	0
1428582007709277266	CPU_4	0	0	0	100.00	0	0	0	0	0	0
1428582008407919821	CPU_4	0	0	0	100.00	0	0	0	0	0	0
1428582009097930302	CPU_4	0	0	0	100.00	0	0	0	0	0	0
1428582009786049743	CPU_4	0	0	0	100.00	0	0	0	0	0	0
1428582010485830088	CPU_4	0	0	0	100.00	0	0	0	0	0	0
1428582011176799484	CPU_4	0	0	0	100.00	0	0	0	0	0	0
1428582011866622049	CPU_4	0	0	0	100.00	0	0	0	0	0	0
1428582012566980309	CPU_4	0	0	0	100.00	0	0	0	0	0	0
1428582013255843166	CPU_4	0	0	0	100.00	0	0	0	0	0	0
1428582013949128435	CPU_4	0	0	0	100.00	0	0	0	0	0	0
1428582014652817859	CPU_4	0	0	0	100.00	0	0	0	0	0	0
1428582015343314672	CPU_4	0	0	0	100.00	0	0	0	0	0	0
1428582016045944263	CPU_4	0	0	0	100.00	0	0	0	0	0	0
1428582016739040199	CPU_4	0	0	0	100.00	0	0	0	0	0	0
1428582017430245053	CPU_4	0	0	0	100.00	0	0	0	0	0	0
1428582018131474354	CPU_4	0	0	0	100.00	0	0	0	0	0	0
1428582018826122037	CPU_4	0	0	0	100.00	0	0	0	0	0	0
1428582019515768143	CPU_4	0	0	0	100.00	0	0	0	0	0	0
1428582020217575943	CPU_4	0	0	0	100.00	0	0	0	0	0	0
1428582020907666757	CPU_4	0	0	0	100.00	0	0	0	0	0	0
1428582021602205565	CPU_4	0	0	0	100.00	0	0	0	0	0	0
1428582022304494323	CPU_4	0	0	0	100.00	0	0	0	0	0	0
1428582022994724970	CPU_4	0	0	0	100.00	0	0	0	0	0	0
1428582023706286009	CPU_4	0	0	0	100.00	0	0	0	0	0	0
1428582024408906683	CPU_4	0	0	0	100.00	0	0	0	0	0	0
1428582025172284123	CPU_4	1.29	0	0	98.70	0	0	0	0	0	0
1428582025874341631	CPU_4	0	0	0	100.00	0	0	0	0	0	0
1428582026567414441	CPU_4	0	0	0	100.00	0	0	0	0	0	0
1428582027261427625	CPU_4	0	0	0	100.00	0	0	0	0	0	0
1428582027962588342	CPU_4	0	0	0	100.00	0	0	0	0	0	0
1428582028657486816	CPU_4	0	0	0	100.00	0	0	0	0	0	0
1428582029369214480	CPU_4	0	0	0	100.00	0	0	0	0	0	0
1428582030060904874	CPU_4	0	0	0	100.00	0	0	0	0	0	0
1428582030758470804	CPU_4	0	0	0	100.00	0	0	0	0	0	0
1428582031460821186	CPU_4	0	0	0	100.00	0	0	0	0	0	0
1428582032153300830	CPU_4	0	0	0	100.00	0	0	0	0	0	0
1428582032848752303	CPU_4	0	0	0	100.00	0	0	0	0	0	0
1428582033549433646	CPU_4	0	0	0	100.00	0	0	0	0	0	0
1428582034245920534	CPU_4	0	0	0	100.00	0	0	0	0	0	0
1428582034940116801	CPU_4	0	0	0	100.00	0	0	0	0	0	0
1428582035654548753	CPU_4	0	0	0	100.00	0	0	0	0	0	0
1428582036348818686	CPU_4	0	0	0	100.00	0	0	0	0	0	0
1428582037045679074	CPU_4	0	0	0	100.00	0	0	0	0	0	0
1428582037744013794	CPU_4	0	0	0	100.00	0	0	0	0	0	0
1428582038438881601	CPU_4	0	0	0	100.00	0	0	0	0	0	0
1428582039143199814	CPU_4	0	0	0	100.00	0	0	0	0	0	0
1428582039837522455	CPU_4	0	0	0	100.00	0	0	0	0	0	0
1428582040530701014	CPU_4	0	0	0	100.00	0	0	0	0	0	0
1428582041234757393	CPU_4	0	0	0	100.00	0	0	0	0	0	0
1428582041929544534	CPU_4	0	0	0	100.00	0	0	0	0	0	0
1428582042626231089	CPU_4	0	0	0	100.00	0	0	0	0	0	0
1428582043327508971	CPU_4	0	0	0	100.00	0	0	0	0	0	0
1428582044023388985	CPU_4	0	0	0	100.00	0	0	0	0	0	0
1428582044717950792	CPU_4	0	0	0	100.00	0	0	0	0	0	0
1428582045421968089	CPU_4	0	0	0	100.00	0	0	0	0	0	0
1428582046115981813	CPU_4	0	0	0	100.00	0	0	0	0	0	0
1428582046819405276	CPU_4	0	0	0	100.00	0	0	0	0	0	0
1428582047514379000	CPU_4	0	0	0	100.00	0	0	0	0	0	0
1428582048210236138	CPU_4	0	0	0	100.00	0	0	0	0	0	0
1428582048914257268	CPU_4	0	0	0	100.00	0	0	0	0	0	0
1428582049607451909	CPU_4	0	0	0	100.00	0	0	0	0	0	0
1428582050301738508	CPU_4	0	0	0	100.00	0	0	0	0	0	0
1428582051009558550	CPU_4	0	0	0	100.00	0	0	0	0	0	0
1428582051701822776	CPU_4	0	0	0	100.00	0	0	0	0	0	0
1428582052397942330	CPU_4	0	0	0	100.00	0	0	0	0	0	0
1428582053100900711	CPU_4	0	0	0	100.00	0	0	0	0	0	0
1428582053796160225	CPU_4	0	0	0	100.00	0	0	0	0	0	0
1428582054506238347	CPU_4	0	0	0	100.00	0	0	0	0	0	0
1428582055199536822	CPU_4	0	0	0	100.00	0	0	0	0	0	0
1428582055894790794	CPU_4	0	0	0	100.00	0	0	0	0	0	0
1428582056599520172	CPU_4	0	0	0	100.00	0	0	0	0	0	0
1428582057290979649	CPU_4	0	0	0	100.00	0	0	0	0	0	0
1428582057989016534	CPU_4	0	0	0	100.00	0	0	0	0	0	0
1428582058697956366	CPU_4	0	0	0	100.00	0	0	0	0	0	0
1428582059393081880	CPU_4	0	0	0	100.00	0	0	0	0	0	0
1428582060087036145	CPU_4	0	0	0	100.00	0	0	0	0	0	0
1428582060792881230	CPU_4	0	0	0	100.00	0	0	0	0	0	0
1428582061486149996	CPU_4	0	0	0	100.00	0	0	0	0	0	0
1428582062191014165	CPU_4	0	0	0	100.00	0	0	0	0	0	0
1428582062891151798	CPU_4	0	0	0	100.00	0	0	0	0	0	0
1428582063584416397	CPU_4	0	0	0	100.00	0	0	0	0	0	0
1428582064287801068	CPU_4	0	0	0	100.00	0	0	0	0	0	0
1428582064986025578	CPU_4	0	0	0	100.00	0	0	0	0	0	0
1428582065678245262	CPU_4	0	0	0	100.00	0	0	0	0	0	0
1428582066384364388	CPU_4	0	0	0	100.00	0	0	0	0	0	0
1428582067076021072	CPU_4	0	0	0	100.00	0	0	0	0	0	0
1428582067772439170	CPU_4	0	0	0	100.00	0	0	0	0	0	0
1428582068478135668	CPU_4	0	0	0	100.00	0	0	0	0	0	0
1428582069170949809	CPU_4	0	0	0	100.00	0	0	0	0	0	0
1428582069866583572	CPU_4	0	0	0	100.00	0	0	0	0	0	0
1428582070570189409	CPU_4	0	0	0	100.00	0	0	0	0	0	0
1428582071261014219	CPU_4	0	0	0	100.00	0	0	0	0	0	0
1428582071966418887	CPU_4	0	0	0	100.00	0	0	0	0	0	0
1428582072661449025	CPU_4	0	0	0	100.00	0	0	0	0	0	0
1428582073354866082	CPU_4	0	0	0	100.00	0	0	0	0	0	0
1428582074059047459	CPU_4	0	0	0	100.00	0	0	0	0	0	0
1428582074757774093	CPU_4	0	0	0	100.00	0	0	0	0	0	0
1428582075451706232	CPU_4	0	0	0	100.00	0	0	0	0	0	0
1428582076157072650	CPU_4	0	0	0	100.00	0	0	0	0	0	0
1428582076853358745	CPU_4	0	0	0	100.00	0	0	0	0	0	0
1428582077552064587	CPU_4	0	0	0	100.00	0	0	0	0	0	0
1428582078254115801	CPU_4	0	0	0	100.00	0	0	0	0	0	0
1428582078951606269	CPU_4	0	0	0	100.00	0	0	0	0	0	0
1428582079655928646	CPU_4	0	0	0	100.00	0	0	0	0	0	0
1428582080352195616	CPU_4	0	0	0	100.00	0	0	0	0	0	0
1428582081046400171	CPU_4	0	0	0	100.00	0	0	0	0	0	0
1428582081753736462	CPU_4	0	0	0	100.00	0	0	0	0	0	0
1428582082448901807	CPU_4	0	0	0	100.00	0	0	0	0	0	0
1428582083141916239	CPU_4	0	0	0	100.00	0	0	0	0	0	0
1428582083846578699	CPU_4	0	0	0	100.00	0	0	0	0	0	0
1428582084544282667	CPU_4	0	0	0	100.00	0	0	0	0	0	0
1428582085237747598	CPU_4	0	0	0	100.00	0	0	0	0	0	0
1428582085944700971	CPU_4	0	0	0	100.00	0	0	0	0	0	0
1428582086640031233	CPU_4	0	0	0	100.00	0	0	0	0	0	0
1428582087343496028	CPU_4	0	0	0	100.00	0	0	0	0	0	0
1428582088039104915	CPU_4	0	0	0	100.00	0	0	0	0	0	0
1428582088738584713	CPU_4	0	0	0	100.00	0	0	0	0	0	0
1428582089444501422	CPU_4	0	0	0	100.00	0	0	0	0	0	0
1428582090141385098	CPU_4	0	0	0	100.00	0	0	0	0	0	0
1428582090836799735	CPU_4	0	0	0	100.00	0	0	0	0	0	0
1428582091543189359	CPU_4	0	0	0	100.00	0	0	0	0	0	0
1428582092237915413	CPU_4	0	0	0	100.00	0	0	0	0	0	0
1428582092943139455	CPU_4	0	0	0	100.00	0	0	0	0	0	0
1428582093644369794	CPU_4	0	0	0	100.00	0	0	0	0	0	0
1428582094340485054	CPU_4	0	0	0	100.00	0	0	0	0	0	0
1428582095043977306	CPU_4	0	0	0	100.00	0	0	0	0	0	0
1428582095740935066	CPU_4	0	0	0	100.00	0	0	0	0	0	0
1428582096436324453	CPU_4	0	0	0	100.00	0	0	0	0	0	0
1428582097140541746	CPU_4	0	0	0	100.00	0	0	0	0	0	0
1428582097835310049	CPU_4	0	0	0	100.00	0	0	0	0	0	0
1428582098533419974	CPU_4	0	0	0	100.00	0	0	0	0	0	0
1428582099236204602	CPU_4	0	0	0	100.00	0	0	0	0	0	0
1428582099932758904	CPU_4	0	0	0	100.00	0	0	0	0	0	0
1428582100634608574	CPU_4	0	0	0	100.00	0	0	0	0	0	0
1428582101334115039	CPU_4	0	0	0	100.00	0	0	0	0	0	0
1428582102030457715	CPU_4	0	0	0	100.00	0	0	0	0	0	0
1428582102737590588	CPU_4	0	0	0	100.00	0	0	0	0	0	0
1428582103431424017	CPU_4	0	0	0	100.00	0	0	0	0	0	0
1428582104129534817	CPU_4	0	0	0	100.00	0	0	0	0	0	0
1428582104841485559	CPU_4	0	0	0	100.00	0	0	0	0	0	0
1428582105536842737	CPU_4	0	0	0	100.00	0	0	0	0	0	0
1428582106232986080	CPU_4	0	0	0	100.00	0	0	0	0	0	0
1428582106942471283	CPU_4	0	0	0	100.00	0	0	0	0	0	0
1428582107635532671	CPU_4	0	0	0	100.00	0	0	0	0	0	0
1428582108342621461	CPU_4	0	0	0	100.00	0	0	0	0	0	0
1428582109042748299	CPU_4	0	0	0	100.00	0	0	0	0	0	0
1428582109739012684	CPU_4	0	0	0	100.00	0	0	0	0	0	0
1428582110443185976	CPU_4	0	0	0	100.00	0	0	0	0	0	0
1428582111139234611	CPU_4	0	0	0	100.00	0	0	0	0	0	0
1428582111834647871	CPU_4	0	0	0	100.00	0	0	0	0	0	0
1428582112542493951	CPU_4	0	0	0	100.00	0	0	0	0	0	0
1428582113234548298	CPU_4	0	0	0	100.00	0	0	0	0	0	0
1428582113931717015	CPU_4	0	0	0	100.00	0	0	0	0	0	0
1428582114637652347	CPU_4	0	0	0	100.00	0	0	0	0	0	0
1428582115332323899	CPU_4	0	0	0	100.00	0	0	0	0	0	0
1428582116037300191	CPU_4	0	0	0	100.00	0	0	0	0	0	0
1428582116738882735	CPU_4	0	0	0	100.00	0	0	0	0	0	0
1428582117431700665	CPU_4	0	0	0	100.00	0	0	0	0	0	0
1428582118139148703	CPU_4	0	0	0	100.00	0	0	0	0	0	0
1428582118834716005	CPU_4	0	0	0	100.00	0	0	0	0	0	0
1428582119530362514	CPU_4	0	0	0	100.00	0	0	0	0	0	0
1428582120237818886	CPU_4	0	0	0	100.00	0	0	0	0	0	0
1428582120936367225	CPU_4	0	0	0	100.00	0	0	0	0	0	0
1428582121643206931	CPU_4	0	0	0	100.00	0	0	0	0	0	0
1428582122349636428	CPU_4	0	0	0	100.00	0	0	0	0	0	0
1428582123047242185	CPU_4	0	0	0	100.00	0	0	0	0	0	0
1428582123754642473	CPU_4	0	0	0	100.00	0	0	0	0	0	0
1428582124450741607	CPU_4	0	0	0	100.00	0	0	0	0	0	0
1428582125150957653	CPU_4	0	0	0	100.00	0	0	0	0	0	0
1428582125855158444	CPU_4	0	0	0	100.00	0	0	0	0	0	0
1428582126553301118	CPU_4	0	0	0	100.00	0	0	0	0	0	0
1428582127250995708	CPU_4	0	0	0	100.00	0	0	0	0	0	0
1428582127956495914	CPU_4	0	0	0	100.00	0	0	0	0	0	0
1428582128653709047	CPU_4	0	0	0	100.00	0	0	0	0	0	0
1428582129355455174	CPU_4	0	0	0	100.00	0	0	0	0	0	0
1428582130056833260	CPU_4	0	0	0	100.00	0	0	0	0	0	0
1428582130754719766	CPU_4	0	0	0	100.00	0	0	0	0	0	0
1428582131459514682	CPU_4	0	0	0	100.00	0	0	0	0	0	0
1428582132158065729	CPU_4	0	0	0	100.00	0	0	0	0	0	0
1428582132855025611	CPU_4	0	0	0	100.00	0	0	0	0	0	0
1428582133559831318	CPU_4	0	0	0	100.00	0	0	0	0	0	0
1428582134255918952	CPU_4	0	0	0	100.00	0	0	0	0	0	0
1428582134954637082	CPU_4	0	0	0	100.00	0	0	0	0	0	0
1428582135659569330	CPU_4	0	0	0	100.00	0	0	0	0	0	0
1428582136356738004	CPU_4	0	0	0	100.00	0	0	0	0	0	0
1428582137068334911	CPU_4	0	0	0	100.00	0	0	0	0	0	0
1428582137763871587	CPU_4	0	0	0	100.00	0	0	0	0	0	0
1428582138459779595	CPU_4	0	0	0	100.00	0	0	0	0	0	0
1428582139168552839	CPU_4	0	0	0	100.00	0	0	0	0	0	0
1428582139862786182	CPU_4	0	0	0	100.00	0	0	0	0	0	0
1428582140562378478	CPU_4	0	0	0	100.00	0	0	0	0	0	0
1428582141269443182	CPU_4	0	0	0	100.00	0	0	0	0	0	0
1428582141964518941	CPU_4	0	0	0	100.00	0	0	0	0	0	0
1428582142662091363	CPU_4	0	0	0	100.00	0	0	0	0	0	0
1428582143371767689	CPU_4	0	0	0	100.00	0	0	0	0	0	0
1428582144070778944	CPU_4	0	0	0	100.00	0	0	0	0	0	0
1428582144781759226	CPU_4	0	0	0	100.00	0	0	0	0	0	0
1428582145478513775	CPU_4	0	0	0	100.00	0	0	0	0	0	0
1428582146176050323	CPU_4	0	0	0	100.00	0	0	0	0	0	0
1428582146884024358	CPU_4	0	0	0	100.00	0	0	0	0	0	0
1428582147583524487	CPU_4	0	0	0	100.00	0	0	0	0	0	0
1428582148277735747	CPU_4	0	0	0	100.00	0	0	0	0	0	0
1428582148986656865	CPU_4	0	0	0	100.00	0	0	0	0	0	0
1428582149711546881	CPU_4	0	0	0	100.00	0	0	0	0	0	0
1428582150417036545	CPU_4	0	0	0	100.00	0	0	0	0	0	0
1428582151113686552	CPU_4	0	0	0	100.00	0	0	0	0	0	0
1428582151811572973	CPU_4	0	0	0	100.00	0	0	0	0	0	0
1428582152515427139	CPU_4	0	0	0	100.00	0	0	0	0	0	0
1428582153213251269	CPU_4	0	0	0	100.00	0	0	0	0	0	0
1428582153911236274	CPU_4	0	0	0	100.00	0	0	0	0	0	0
1428582154617843019	CPU_4	0	0	0	100.00	0	0	0	0	0	0
1428582155314931442	CPU_4	0	0	0	100.00	0	0	0	0	0	0
1428582156027063139	CPU_4	0	0	0	100.00	0	0	0	0	0	0
1428582156724657228	CPU_4	0	0	0	100.00	0	0	0	0	0	0
1428582157423344482	CPU_4	0	0	0	100.00	0	0	0	0	0	0
1428582158131472642	CPU_4	0	0	0	100.00	0	0	0	0	0	0
1428582158827147482	CPU_4	0	0	0	100.00	0	0	0	0	0	0
1428582159522960823	CPU_4	0	0	0	100.00	0	0	0	0	0	0
1428582160233053189	CPU_4	0	0	0	100.00	0	0	0	0	0	0
1428582160928695238	CPU_4	0	0	0	100.00	0	0	0	0	0	0
1428582161627270492	CPU_4	0	0	0	100.00	0	0	0	0	0	0
1428582162332746780	CPU_4	0	0	0	100.00	0	0	0	0	0	0
1428582163030869409	CPU_4	0	0	0	100.00	0	0	0	0	0	0
1428582163742446106	CPU_4	0	0	0	100.00	0	0	0	0	0	0
1428582164438290947	CPU_4	0	0	0	100.00	0	0	0	0	0	0
1428582165136098868	CPU_4	0	0	0	100.00	0	0	0	0	0	0
1428582165843555070	CPU_4	0	0	0	100.00	0	0	0	0	0	0
1428582166537860245	CPU_4	0	0	0	100.00	0	0	0	0	0	0
1428582167238572996	CPU_4	0	0	0	100.00	0	0	0	0	0	0
1428582167946170656	CPU_4	0	0	0	100.00	0	0	0	0	0	0
1428582168645556200	CPU_4	0	0	0	100.00	0	0	0	0	0	0
1428582169343155538	CPU_4	0	0	0	100.00	0	0	0	0	0	0
1428582170051671655	CPU_4	0	0	0	100.00	0	0	0	0	0	0
1428582170748205828	CPU_4	0	0	0	100.00	0	0	0	0	0	0
1428582171456826820	CPU_4	0	0	0	100.00	0	0	0	0	0	0
1428582172154707657	CPU_4	0	0	0	100.00	0	0	0	0	0	0
1428582172851037288	CPU_4	0	0	0	100.00	0	0	0	0	0	0
1428582173558474490	CPU_4	0	0	0	100.00	0	0	0	0	0	0
1428582174257867158	CPU_4	0	0	0	100.00	0	0	0	0	0	0
1428582174954484664	CPU_4	0	0	0	100.00	0	0	0	0	0	0
1428582175662729739	CPU_4	0	0	0	100.00	0	0	0	0	0	0
1428582176359908327	CPU_4	0	0	0	100.00	0	0	0	0	0	0
1428582177078563266	CPU_4	0	0	0	100.00	0	0	0	0	0	0
1428582177778067726	CPU_4	0	0	0	100.00	0	0	0	0	0	0
1428582178476272688	CPU_4	0	0	0	100.00	0	0	0	0	0	0
1428582179181433058	CPU_4	0	0	0	100.00	0	0	0	0	0	0
1428582179879796311	CPU_4	0	0	0	100.00	0	0	0	0	0	0
1428582180576339358	CPU_4	0	0	0	100.00	0	0	0	0	0	0
1428582181282938019	CPU_4	0	0	0	100.00	0	0	0	0	0	0
1428582181980196023	CPU_4	0	0	0	100.00	0	0	0	0	0	0
1428582182682469313	CPU_4	0	0	0	100.00	0	0	0	0	0	0
1428582183386162768	CPU_4	0	0	0	100.00	0	0	0	0	0	0
1428582184084085022	CPU_4	0	0	0	100.00	0	0	0	0	0	0
1428582184791356264	CPU_4	0	0	0	100.00	0	0	0	0	0	0
1428582185487911436	CPU_4	0	0	0	100.00	0	0	0	0	0	0
1428582186185566189	CPU_4	0	0	0	100.00	0	0	0	0	0	0
1428582186894407805	CPU_4	0	0	0	100.00	0	0	0	0	0	0
1428582187589212978	CPU_4	0	0	0	100.00	0	0	0	0	0	0
1428582188288141397	CPU_4	0	0	0	100.00	0	0	0	0	0	0
1428582188997045429	CPU_4	0	0	0	100.00	0	0	0	0	0	0
1428582189697437971	CPU_4	0	0	0	100.00	0	0	0	0	0	0
1428582190406460503	CPU_4	0	0	0	100.00	0	0	0	0	0	0
1428582191109475834	CPU_4	0	0	0	100.00	0	0	0	0	0	0
1428582191803886466	CPU_4	0	0	0	100.00	0	0	0	0	0	0
1428582192510920583	CPU_4	0	0	0	100.00	0	0	0	0	0	0
1428582193213130623	CPU_4	0	0	0	100.00	0	0	0	0	0	0
1428582193911176834	CPU_4	0	0	0	100.00	0	0	0	0	0	0
1428582194619195575	CPU_4	0	0	0	100.00	0	0	0	0	0	0
1428582195317472661	CPU_4	0	0	0	100.00	0	0	0	0	0	0
1428582196018006994	CPU_4	0	0	0	100.00	0	0	0	0	0	0
1428582196725568361	CPU_4	0	0	0	100.00	0	0	0	0	0	0
1428582197420977824	CPU_4	0	0	0	100.00	0	0	0	0	0	0
1428582198129925189	CPU_4	0	0	0	100.00	0	0	0	0	0	0
1428582198826917318	CPU_4	0	0	0	100.00	0	0	0	0	0	0
1428582199522898573	CPU_4	0	0	0	100.00	0	0	0	0	0	0
1428582200230518647	CPU_4	0	0	0	100.00	0	0	0	0	0	0
1428582200928888816	CPU_4	0	0	0	100.00	0	0	0	0	0	0
1428582201625241237	CPU_4	0	0	0	100.00	0	0	0	0	0	0
1428582202333540644	CPU_4	0	0	0	100.00	0	0	0	0	0	0
1428582203031330146	CPU_4	0	0	0	100.00	0	0	0	0	0	0
1428582203740901469	CPU_4	0	0	0	100.00	0	0	0	0	0	0
1428582204437623180	CPU_4	0	0	0	100.00	0	0	0	0	0	0
1428582205138587804	CPU_4	0	0	0	100.00	0	0	0	0	0	0
1428582205842887716	CPU_4	0	0	0	100.00	0	0	0	0	0	0
1428582206542311258	CPU_4	0	0	0	100.00	0	0	0	0	0	0
1428582207240509551	CPU_4	0	0	0	100.00	0	0	0	0	0	0
1428582207946757793	CPU_4	0	0	0	100.00	0	0	0	0	0	0
1428582208645230670	CPU_4	0	0	0	100.00	0	0	0	0	0	0
1428582209348078583	CPU_4	0	0	0	100.00	0	0	0	0	0	0
1428582210047695291	CPU_4	0	0	0	100.00	0	0	0	0	0	0
1428582210747793165	CPU_4	0	0	0	100.00	0	0	0	0	0	0
1428582211454996407	CPU_4	0	0	0	100.00	0	0	0	0	0	0
1428582212152663117	CPU_4	0	0	0	100.00	0	0	0	0	0	0
1428582212851033243	CPU_4	0	0	0	100.00	0	0	0	0	0	0
1428582213560299065	CPU_4	0	0	0	100.00	0	0	0	0	0	0
1428582214259279649	CPU_4	1.42	0	4.28	94.28	0	0	0	0	0	0
1428582214956353401	CPU_4	0	0	0	100.00	0	0	0	0	0	0
1428582215663094060	CPU_4	0	0	0	100.00	0	0	0	0	0	0
1428582216357997940	CPU_4	0	0	0	100.00	0	0	0	0	0	0
1428582217065860721	CPU_4	0	0	0	100.00	0	0	0	0	0	0
1428582217764775555	CPU_4	0	0	0	100.00	0	0	0	0	0	0
1428582218460341517	CPU_4	0	0	0	100.00	0	0	0	0	0	0
1428582219169366464	CPU_4	0	0	0	100.00	0	0	0	0	0	0
1428582219868053798	CPU_4	0	0	0	100.00	0	0	0	0	0	0
1428582220563499719	CPU_4	0	0	0	100.00	0	0	0	0	0	0
1428582221271119209	CPU_4	0	0	0	100.00	0	0	0	0	0	0
1428582221969988167	CPU_4	0	0	0	100.00	0	0	0	0	0	0
1428582222672335122	CPU_4	0	0	0	100.00	0	0	0	0	0	0
1428582223374963909	CPU_4	0	0	0	100.00	0	0	0	0	0	0
1428582224072306203	CPU_4	0	0	0	100.00	0	0	0	0	0	0
1428582224790461556	CPU_4	0	0	0	100.00	0	0	0	0	0	0
1428582225488054557	CPU_4	0	0	0	100.00	0	0	0	0	0	0
1428582226186302724	CPU_4	0	0	0	100.00	0	0	0	0	0	0
1428582226892495257	CPU_4	0	0	0	100.00	0	0	0	0	0	0
1428582227591240632	CPU_4	0	0	0	100.00	0	0	0	0	0	0
1428582228287058177	CPU_4	0	0	0	100.00	0	0	0	0	0	0
1428582228995168166	CPU_4	0	0	0	100.00	0	0	0	0	0	0
1428582229693965666	CPU_4	0	0	0	100.00	0	0	0	0	0	0
1428582230401777072	CPU_4	0	0	0	100.00	0	0	0	0	0	0
1428582231101301446	CPU_4	0	0	0	100.00	0	0	0	0	0	0
1428582231801024361	CPU_4	0	0	0	100.00	0	0	0	0	0	0
1428582232507118602	CPU_4	0	0	0	100.00	0	0	0	0	0	0
1428582233208391599	CPU_4	0	0	0	100.00	0	0	0	0	0	0
1428582233906530141	CPU_4	0	0	0	100.00	0	0	0	0	0	0
1428582234612569841	CPU_4	0	0	0	100.00	0	0	0	0	0	0
1428582235314777919	CPU_4	0	0	0	100.00	0	0	0	0	0	0
1428582236023576907	CPU_4	0	0	0	100.00	0	0	0	0	0	0
1428582236721625491	CPU_4	0	0	0	100.00	0	0	0	0	0	0
1428582237420574365	CPU_4	0	0	0	100.00	0	0	0	0	0	0
1428582238128266854	CPU_4	0	0	0	100.00	0	0	0	0	0	0
1428582238826821062	CPU_4	0	0	0	100.00	0	0	0	0	0	0
1428582239525044978	CPU_4	0	0	0	100.00	0	0	0	0	0	0
1428582240234355882	CPU_4	0	0	0	100.00	0	0	0	0	0	0
1428582240930482843	CPU_4	0	0	0	100.00	0	0	0	0	0	0
1428582241643209743	CPU_4	0	0	0	100.00	0	0	0	0	0	0
1428582242347442777	CPU_4	0	0	0	100.00	0	0	0	0	0	0
1428582243044475445	CPU_4	0	0	0	100.00	0	0	0	0	0	0
1428582243755921929	CPU_4	0	0	0	100.00	0	0	0	0	0	0
1428582244455871343	CPU_4	0	0	0	100.00	0	0	0	0	0	0
1428582245153260719	CPU_4	0	0	0	100.00	0	0	0	0	0	0
1428582245866211160	CPU_4	0	0	0	100.00	0	0	0	0	0	0
1428582246566203366	CPU_4	0	0	0	100.00	0	0	0	0	0	0
1428582247272335814	CPU_4	0	0	0	100.00	0	0	0	0	0	0
1428582247975935391	CPU_4	0	0	0	100.00	0	0	0	0	0	0
1428582248676025805	CPU_4	0	0	0	100.00	0	0	0	0	0	0
1428582249383477627	CPU_4	0	0	0	100.00	0	0	0	0	0	0
1428582250083276374	CPU_4	0	0	0	100.00	0	0	0	0	0	0
1428582250785433369	CPU_4	0	0	0	100.00	0	0	0	0	0	0
1428582251491903525	CPU_4	0	0	0	100.00	0	0	0	0	0	0
1428582252190735274	CPU_4	0	0	0	100.00	0	0	0	0	0	0
1428582252891504187	CPU_4	0	0	0	100.00	0	0	0	0	0	0
1428582253597325552	CPU_4	0	0	0	100.00	0	0	0	0	0	0
1428582254297870673	CPU_4	0	0	0	100.00	0	0	0	0	0	0
1428582255006326369	CPU_4	0	0	0	100.00	0	0	0	0	0	0
1428582255707780906	CPU_4	0	0	0	100.00	0	0	0	0	0	0
1428582256407317445	CPU_4	0	0	0	100.00	0	0	0	0	0	0
1428582257117375555	CPU_4	0	0	0	100.00	0	0	0	0	0	0
1428582257815914262	CPU_4	0	0	0	100.00	0	0	0	0	0	0
1428582258516297883	CPU_4	0	0	0	100.00	0	0	0	0	0	0
1428582259227320242	CPU_4	0	0	0	100.00	0	0	0	0	0	0
1428582259925287324	CPU_4	0	0	0	100.00	0	0	0	0	0	0
1428582260634195103	CPU_4	0	0	0	100.00	0	0	0	0	0	0
1428582261337922720	CPU_4	0	0	0	100.00	0	0	0	0	0	0
1428582262035335511	CPU_4	0	0	0	100.00	0	0	0	0	0	0
1428582262746689286	CPU_4	0	0	0	100.00	0	0	0	0	0	0
1428582263447282782	CPU_4	0	0	0	100.00	0	0	0	0	0	0
1428582264151857898	CPU_4	0	0	0	100.00	0	0	0	0	0	0
1428582264867697126	CPU_4	0	0	0	100.00	0	0	0	0	0	0
1428582265568462039	CPU_4	0	0	0	100.00	0	0	0	0	0	0
1428582266276470442	CPU_4	0	0	0	100.00	0	0	0	0	0	0
1428582266977786229	CPU_4	0	0	0	100.00	0	0	0	0	0	0
1428582267680433930	CPU_4	0	0	0	100.00	0	0	0	0	0	0
1428582268389437249	CPU_4	0	0	0	100.00	0	0	0	0	0	0
1428582269118091463	CPU_4	0	0	0	100.00	0	0	0	0	0	0
1428582269828116739	CPU_4	0	0	0	100.00	0	0	0	0	0	0
1428582270533320979	CPU_4	0	0	0	100.00	0	0	0	0	0	0
1428582271232479685	CPU_4	0	0	0	100.00	0	0	0	0	0	0
1428582271945982582	CPU_4	0	0	0	100.00	0	0	0	0	0	0
1428582272647066576	CPU_4	0	0	0	100.00	0	0	0	0	0	0
1428582273345464699	CPU_4	0	0	0	100.00	0	0	0	0	0	0
1428582274055216934	CPU_4	0	0	0	100.00	0	0	0	0	0	0
1428582274760415340	CPU_4	0	0	0	100.00	0	0	0	0	0	0
1428582275464617706	CPU_4	0	0	0	100.00	0	0	0	0	0	0
1428582276168694489	CPU_4	0	0	0	100.00	0	0	0	0	0	0
1428582276869582692	CPU_4	0	0	0	100.00	0	0	0	0	0	0
1428582277577157262	CPU_4	0	0	0	100.00	0	0	0	0	0	0
1428582278278195632	CPU_4	0	0	0	100.00	0	0	0	0	0	0
1428582278978585002	CPU_4	0	0	0	100.00	0	0	0	0	0	0
1428582279688554819	CPU_4	0	0	0	100.00	0	0	0	0	0	0
1428582280389241981	CPU_4	0	0	0	100.00	0	0	0	0	0	0
1428582281093142513	CPU_4	0	0	0	100.00	0	0	0	0	0	0
1428582281801998874	CPU_4	0	0	0	100.00	0	0	0	0	0	0
1428582282502498368	CPU_4	0	0	0	100.00	0	0	0	0	0	0
1428582283214027600	CPU_4	0	0	0	100.00	0	0	0	0	0	0
1428582283913905054	CPU_4	0	0	0	100.00	0	0	0	0	0	0
1428582284613759175	CPU_4	0	0	0	100.00	0	0	0	0	0	0
1428582285325629115	CPU_4	0	0	0	100.00	0	0	0	0	0	0
1428582286023546529	CPU_4	0	0	0	100.00	0	0	0	0	0	0
1428582286725086189	CPU_4	0	0	0	100.00	0	0	0	0	0	0
1428582287434763089	CPU_4	0	0	0	100.00	0	0	0	0	0	0
1428582288132848753	CPU_4	0	0	0	100.00	0	0	0	0	0	0
1428582288843200611	CPU_4	0	0	0	100.00	0	0	0	0	0	0
1428582289544690021	CPU_4	0	0	0	100.00	0	0	0	0	0	0
1428582290242724977	CPU_4	0	0	0	100.00	0	0	0	0	0	0
1428582290953927917	CPU_4	0	0	0	100.00	0	0	0	0	0	0
1428582291656546367	CPU_4	0	0	0	100.00	0	0	0	0	0	0
1428582292357351403	CPU_4	0	0	0	100.00	0	0	0	0	0	0
1428582293067428178	CPU_4	0	0	0	100.00	0	0	0	0	0	0
1428582293767727964	CPU_4	0	0	0	100.00	0	0	0	0	0	0
1428582294476474823	CPU_4	0	0	0	100.00	0	0	0	0	0	0
1428582295177573317	CPU_4	0	0	0	100.00	0	0	0	0	0	0
1428582295878571685	CPU_4	0	0	0	100.00	0	0	0	0	0	0
1428582296587894294	CPU_4	0	0	0	100.00	0	0	0	0	0	0
1428582297289180579	CPU_4	0	0	0	100.00	0	0	0	0	0	0
1428582297994542817	CPU_4	0	0	0	100.00	0	0	0	0	0	0
1428582298703359718	CPU_4	0	0	0	100.00	0	0	0	0	0	0
1428582299405707252	CPU_4	0	0	0	100.00	0	0	0	0	0	0
1428582300116069317	CPU_4	0	0	0	100.00	0	0	0	0	0	0
1428582300816774853	CPU_4	0	0	0	100.00	0	0	0	0	0	0
1428582301517376263	CPU_4	0	0	0	100.00	0	0	0	0	0	0
1428582302228177120	CPU_4	0	0	0	100.00	0	0	0	0	0	0
1428582302927559990	CPU_4	0	0	0	100.00	0	0	0	0	0	0
1428582303631987395	CPU_4	0	0	0	100.00	0	0	0	0	0	0
1428582304341870753	CPU_4	0	0	0	100.00	0	0	0	0	0	0
1428582305041011331	CPU_4	0	0	0	100.00	0	0	0	0	0	0
1428582305751290897	CPU_4	0	0	0	100.00	0	0	0	0	0	0
1428582306453692055	CPU_4	0	0	0	100.00	0	0	0	0	0	0
1428582307151940134	CPU_4	0	0	0	100.00	0	0	0	0	0	0
1428582307863299157	CPU_4	0	0	0	100.00	0	0	0	0	0	0
1428582308565115940	CPU_4	0	0	0	100.00	0	0	0	0	0	0
1428582309266725849	CPU_4	0	0	0	100.00	0	0	0	0	0	0
1428582309978582954	CPU_4	0	0	0	100.00	0	0	0	0	0	0
1428582310680626321	CPU_4	0	0	0	100.00	0	0	0	0	0	0
1428582311390602511	CPU_4	0	0	0	100.00	0	0	0	0	0	0
1428582312092326461	CPU_4	0	0	0	100.00	0	0	0	0	0	0
1428582312792657454	CPU_4	0	0	0	100.00	0	0	0	0	0	0
1428582313502243854	CPU_4	0	0	0	100.00	0	0	0	0	0	0
1428582314203087096	CPU_4	0	0	0	100.00	0	0	0	0	0	0
1428582314905767170	CPU_4	0	0	0	100.00	0	0	0	0	0	0
1428582315616414068	CPU_4	0	0	0	100.00	0	0	0	0	0	0
1428582316317264144	CPU_4	0	0	0	100.00	0	0	0	0	0	0
1428582317028407874	CPU_4	0	0	0	100.00	0	0	0	0	0	0
1428582317728813742	CPU_4	0	0	0	100.00	0	0	0	0	0	0
1428582318430025109	CPU_4	0	0	0	100.00	0	0	0	0	0	0
1428582319142583255	CPU_4	0	0	0	100.00	0	0	0	0	0	0
1428582319843027039	CPU_4	0	0	0	100.00	0	0	0	0	0	0
1428582320544348073	CPU_4	0	0	0	100.00	0	0	0	0	0	0
1428582321254047471	CPU_4	0	0	0	100.00	0	0	0	0	0	0
1428582321955313963	CPU_4	0	0	0	100.00	0	0	0	0	0	0
1428582322665416486	CPU_4	0	0	0	100.00	0	0	0	0	0	0
1428582323369116975	CPU_4	0	0	0	100.00	0	0	0	0	0	0
1428582324069826217	CPU_4	0	0	0	100.00	0	0	0	0	0	0
1428582324781067322	CPU_4	0	0	0	100.00	0	0	0	0	0	0
1428582325483006313	CPU_4	0	0	0	100.00	0	0	0	0	0	0
1428582326185363928	CPU_4	0	0	0	100.00	0	0	0	0	0	0
1428582326895760659	CPU_4	0	0	0	100.00	0	0	0	0	0	0
1428582327597770191	CPU_4	0	0	0	100.00	0	0	0	0	0	0
1428582328310399669	CPU_4	0	0	0	100.00	0	0	0	0	0	0
1428582329011295453	CPU_4	0	0	0	100.00	0	0	0	0	0	0
1428582329712109236	CPU_4	0	0	0	100.00	0	0	0	0	0	0
1428582330424528673	CPU_4	0	0	0	100.00	0	0	0	0	0	0
1428582331123539708	CPU_4	0	0	0	100.00	0	0	0	0	0	0
1428582331834405313	CPU_4	0	0	0	100.00	0	0	0	0	0	0
1428582332545493710	CPU_4	0	0	0	100.00	0	0	0	0	0	0
1428582333245203619	CPU_4	0	0	0	100.00	0	0	0	0	0	0
1428582333956940682	CPU_4	0	0	0	100.00	0	0	0	0	0	0
1428582334659210713	CPU_4	0	0	0	100.00	0	0	0	0	0	0
1428582335359761621	CPU_4	0	0	0	100.00	0	0	0	0	0	0
1428582336071000893	CPU_4	0	0	0	100.00	0	0	0	0	0	0
1428582336771719217	CPU_4	0	0	0	100.00	0	0	0	0	0	0
1428582337474571831	CPU_4	0	0	0	100.00	0	0	0	0	0	0
1428582338184827437	CPU_4	0	0	0	100.00	0	0	0	0	0	0
1428582338887350843	CPU_4	0	0	0	100.00	0	0	0	0	0	0
1428582339596598408	CPU_4	0	0	0	100.00	0	0	0	0	0	0
1428582340298245523	CPU_4	0	0	0	100.00	0	0	0	0	0	0
1428582341000622637	CPU_4	0	0	0	100.00	0	0	0	0	0	0
1428582341710909867	CPU_4	0	0	0	100.00	0	0	0	0	0	0
1428582342412865774	CPU_4	0	0	0	100.00	0	0	0	0	0	0
1428582343116181637	CPU_4	0	0	0	100.00	0	0	0	0	0	0
1428582343823098121	CPU_4	0	0	0	100.00	0	0	0	0	0	0
1428582344525946151	CPU_4	0	0	0	100.00	0	0	0	0	0	0
1428582345236334214	CPU_4	0	0	0	100.00	0	0	0	0	0	0
1428582345938539203	CPU_4	0	0	0	100.00	0	0	0	0	0	0
1428582346639919985	CPU_4	0	0	0	100.00	0	0	0	0	0	0
1428582347352675462	CPU_4	0	0	0	100.00	0	0	0	0	0	0
1428582348052766870	CPU_4	0	0	0	100.00	0	0	0	0	0	0
1428582348757719565	CPU_4	0	0	0	100.00	0	0	0	0	0	0
1428582349469006960	CPU_4	0	0	0	100.00	0	0	0	0	0	0
1428582350169182118	CPU_4	0	0	0	100.00	0	0	0	0	0	0
1428582350888040879	CPU_4	0	0	0	100.00	0	0	0	0	0	0
1428582351590563326	CPU_4	0	0	0	100.00	0	0	0	0	0	0
1428582352290498484	CPU_4	0	0	0	100.00	0	0	0	0	0	0
1428582353003217003	CPU_4	0	0	0	100.00	0	0	0	0	0	0
1428582353704852451	CPU_4	0	0	0	100.00	0	0	0	0	0	0
1428582354420269966	CPU_4	0	0	0	100.00	0	0	0	0	0	0
1428582355125232535	CPU_4	0	0	0	100.00	0	0	0	0	0	0
1428582355828314231	CPU_4	0	0	0	100.00	0	0	0	0	0	0
1428582356543168747	CPU_4	0	0	0	100.00	0	0	0	0	0	0
1428582357243834320	CPU_4	0	0	0	100.00	0	0	0	0	0	0
1428582357946520017	CPU_4	0	0	0	100.00	0	0	0	0	0	0
1428582358658725535	CPU_4	0	0	0	100.00	0	0	0	0	0	0
1428582359358515652	CPU_4	0	0	0	100.00	0	0	0	0	0	0
1428582360078795119	CPU_4	0	0	0	100.00	0	0	0	0	0	0
1428582360780175734	CPU_4	0	0	0	100.00	0	0	0	0	0	0
1428582361481929764	CPU_4	0	0	0	100.00	0	0	0	0	0	0
1428582362193303825	CPU_4	0	0	0	100.00	0	0	0	0	0	0
1428582362896230480	CPU_4	0	0	0	100.00	0	0	0	0	0	0
1428582363597589927	CPU_4	0	0	0	100.00	0	0	0	0	0	0
1428582364309793820	CPU_4	0	0	0	100.00	0	0	0	0	0	0
1428582365013076682	CPU_4	0	0	0	100.00	0	0	0	0	0	0
1428582365723190911	CPU_4	0	0	0	100.00	0	0	0	0	0	0
1428582366432054184	CPU_4	0	0	0	100.00	0	0	0	0	0	0
1428582367133386631	CPU_4	0	0	0	100.00	0	0	0	0	0	0
1428582367843046902	CPU_4	0	0	0	100.00	0	0	0	0	0	0
1428582368546093347	CPU_4	0	0	0	100.00	0	0	0	0	0	0
1428582369247846294	CPU_4	0	0	0	100.00	0	0	0	0	0	0
1428582369957969273	CPU_4	0	0	0	100.00	0	0	0	0	0	0
1428582370659668303	CPU_4	0	0	0	100.00	0	0	0	0	0	0
1428582371372561945	CPU_4	0	0	0	100.00	0	0	0	0	0	0
1428582372078844637	CPU_4	0	0	0	100.00	0	0	0	0	0	0
1428582372781487791	CPU_4	0	0	0	100.00	0	0	0	0	0	0
1428582373495989556	CPU_4	0	0	0	100.00	0	0	0	0	0	0
1428582374199306626	CPU_4	0	0	0	100.00	0	0	0	0	0	0
1428582374901409113	CPU_4	0	0	0	100.00	0	0	0	0	0	0
1428582375616244586	CPU_4	0	0	0	100.00	0	0	0	0	0	0
1428582376320302988	CPU_4	0	0	0	100.00	0	0	0	0	0	0
1428582377036829334	CPU_4	0	0	0	100.00	0	0	0	0	0	0
1428582377739065864	CPU_4	0	0	0	100.00	0	0	0	0	0	0
1428582378443246349	CPU_4	0	0	0	100.00	0	0	0	0	0	0
1428582379152673119	CPU_4	0	0	0	100.00	0	0	0	0	0	0
1428582379856027272	CPU_4	0	0	0	100.00	0	0	0	0	0	0
1428582380558199634	CPU_4	0	0	0	100.00	0	0	0	0	0	0
1428582381269319903	CPU_4	0	0	0	100.00	0	0	0	0	0	0
1428582381972394431	CPU_4	0	0	0	100.00	0	0	0	0	0	0
1428582382684880115	CPU_4	0	0	0	100.00	0	0	0	0	0	0
1428582383385315854	CPU_4	0	0	0	100.00	0	0	0	0	0	0
1428582384093340543	CPU_4	0	0	0	100.00	0	0	0	0	0	0
1428582384809887097	CPU_4	1.38	0	0	98.61	0	0	0	0	0	0
1428582385513748207	CPU_4	0	0	0	100.00	0	0	0	0	0	0
1428582386216397318	CPU_4	0	0	0	100.00	0	0	0	0	0	0
1428582386930560666	CPU_4	0	0	0	100.00	0	0	0	0	0	0
1428582387637838731	CPU_4	0	0	0	100.00	0	0	0	0	0	0
1428582388350023164	CPU_4	0	0	0	100.00	0	0	0	0	0	0
1428582389053403275	CPU_4	0	0	0	100.00	0	0	0	0	0	0
1428582389780863274	CPU_4	0	0	0	100.00	0	0	0	0	0	0
1428582390492526250	CPU_4	0	0	0	100.00	0	0	0	0	0	0
1428582391195088987	CPU_4	0	0	0	100.00	0	0	0	0	0	0
1428582391907880461	CPU_4	0	0	0	100.00	0	0	0	0	0	0
1428582392610603780	CPU_4	0	0	0	100.00	0	0	0	0	0	0
1428582393314958848	CPU_4	0	0	0	100.00	0	0	0	0	0	0
1428582394030061986	CPU_4	0	0	0	100.00	0	0	0	0	0	0
1428582394731822015	CPU_4	0	0	0	100.00	0	0	0	0	0	0
1428582395435288958	CPU_4	0	0	0	100.00	0	0	0	0	0	0
1428582396150140764	CPU_4	0	0	0	100.00	0	0	0	0	0	0
1428582396852075584	CPU_4	0	0	0	100.00	0	0	0	0	0	0
1428582397567043680	CPU_4	0	0	0	100.00	0	0	0	0	0	0
1428582398270633957	CPU_4	0	0	0	100.00	0	0	0	0	0	0
1428582398974131108	CPU_4	0	0	0	100.00	0	0	0	0	0	0
1428582399688464497	CPU_4	0	0	0	100.00	0	0	0	0	0	0
1428582400392115315	CPU_4	0	0	0	100.00	0	0	0	0	0	0
1428582401094671342	CPU_4	0	0	0	100.00	0	0	0	0	0	0
1428582401808735856	CPU_4	0	0	0	100.00	0	0	0	0	0	0
1428582402513806548	CPU_4	0	0	0	100.00	0	0	0	0	0	0
1428582403230982558	CPU_4	0	0	0	100.00	0	0	0	0	0	0
1428582403933177419	CPU_4	0	0	0	100.00	0	0	0	0	0	0
1428582404638166985	CPU_4	0	0	0	100.00	0	0	0	0	0	0
1428582405353291873	CPU_4	0	0	0	100.00	0	0	0	0	0	0
1428582406055805442	CPU_4	0	0	0	100.00	0	0	0	0	0	0
1428582406773285660	CPU_4	0	0	0	100.00	0	0	0	0	0	0
1428582407477501977	CPU_4	0	0	0	100.00	0	0	0	0	0	0
1428582408180288879	CPU_4	0	0	0	100.00	0	0	0	0	0	0
1428582408893246560	CPU_4	0	0	0	100.00	0	0	0	0	0	0
1428582409600298082	CPU_4	0	0	0	100.00	0	0	0	0	0	0
1428582410301835402	CPU_4	0	0	0	100.00	0	0	0	0	0	0
1428582411016204290	CPU_4	0	0	0	100.00	0	0	0	0	0	0
1428582411722000480	CPU_4	0	0	0	100.00	0	0	0	0	0	0
1428582412434143371	CPU_4	0	0	0	100.00	0	0	0	0	0	0
1428582413139257103	CPU_4	0	0	0	100.00	0	0	0	0	0	0
1428582413843177503	CPU_4	0	0	0	100.00	0	0	0	0	0	0
1428582414554754019	CPU_4	0	0	0	100.00	0	0	0	0	0	0
1428582415258436669	CPU_4	0	0	0	100.00	0	0	0	0	0	0
1428582415963508401	CPU_4	0	0	0	100.00	0	0	0	0	0	0
1428582416677336582	CPU_4	0	0	0	100.00	0	0	0	0	0	0
1428582417381024482	CPU_4	0	0	0	100.00	0	0	0	0	0	0
1428582418095197037	CPU_4	0	0	0	100.00	0	0	0	0	0	0
1428582418801697350	CPU_4	0	0	0	100.00	0	0	0	0	0	0
1428582419503966294	CPU_4	0	0	0	100.00	0	0	0	0	0	0
1428582420217402099	CPU_4	0	0	0	100.00	0	0	0	0	0	0
1428582420922342748	CPU_4	0	0	0	100.00	0	0	0	0	0	0
1428582421633851014	CPU_4	0	0	0	100.00	0	0	0	0	0	0
1428582422346672986	CPU_4	0	0	0	100.00	0	0	0	0	0	0
1428582423051387177	CPU_4	0	0	0	100.00	0	0	0	0	0	0
1428582423764506566	CPU_4	0	0	0	100.00	0	0	0	0	0	0
1428582424468787423	CPU_4	0	0	0	100.00	0	0	0	0	0	0
1428582425174224404	CPU_4	0	0	0	100.00	0	0	0	0	0	0
1428582425884834838	CPU_4	0	0	0	100.00	0	0	0	0	0	0
1428582426590059027	CPU_4	0	0	0	100.00	0	0	0	0	0	0
1428582427302867792	CPU_4	0	0	0	100.00	0	0	0	0	0	0
1428582428005874400	CPU_4	0	0	0	100.00	0	0	0	0	0	0
1428582428710682549	CPU_4	0	0	0	100.00	0	0	0	0	0	0
1428582429424472437	CPU_4	0	0	0	100.00	0	0	0	0	0	0
1428582430128720127	CPU_4	0	0	0	100.00	0	0	0	0	0	0
1428582430833147359	CPU_4	0	0	0	100.00	0	0	0	0	0	0
1428582431547794371	CPU_4	0	0	0	100.00	0	0	0	0	0	0
1428582432253074768	CPU_4	0	0	0	100.00	0	0	0	0	0	0
1428582432965733616	CPU_4	0	0	0	100.00	0	0	0	0	0	0
1428582433671888845	CPU_4	0	0	0	100.00	0	0	0	0	0	0
1428582434377247743	CPU_4	0	0	0	100.00	0	0	0	0	0	0
1428582435094399252	CPU_4	0	0	0	100.00	0	0	0	0	0	0
1428582435799194024	CPU_4	0	0	0	100.00	0	0	0	0	0	0
1428582436515187368	CPU_4	0	0	0	100.00	0	0	0	0	0	0
1428582437222763512	CPU_4	0	0	0	100.00	0	0	0	0	0	0
1428582437927883702	CPU_4	0	0	0	100.00	0	0	0	0	0	0
1428582438644140294	CPU_4	0	0	0	100.00	0	0	0	0	0	0
1428582439347225819	CPU_4	0	0	0	100.00	0	0	0	0	0	0
1428582440053520132	CPU_4	0	0	0	100.00	0	0	0	0	0	0
1428582440767534977	CPU_4	0	0	0	100.00	0	0	0	0	0	0
1428582441472345791	CPU_4	0	0	0	100.00	0	0	0	0	0	0
1428582442187244511	CPU_4	0	0	0	100.00	0	0	0	0	0	0
1428582442892729366	CPU_4	0	0	0	100.00	0	0	0	0	0	0
1428582443600996842	CPU_4	0	0	0	100.00	0	0	0	0	0	0
1428582444314580438	CPU_4	0	0	0	100.00	0	0	0	0	0	0
1428582445019836960	CPU_4	0	0	0	100.00	0	0	0	0	0	0
1428582445727014146	CPU_4	0	0	0	100.00	0	0	0	0	0	0
1428582446441612282	CPU_4	0	0	0	100.00	0	0	0	0	0	0
1428582447147717261	CPU_4	0	0	0	100.00	0	0	0	0	0	0
1428582447863547104	CPU_4	0	0	0	100.00	0	0	0	0	0	0
1428582448567770502	CPU_4	0	0	0	100.00	0	0	0	0	0	0
1428582449272954857	CPU_4	0	0	0	100.00	0	0	0	0	0	0
1428582449987034410	CPU_4	0	0	0	100.00	0	0	0	0	0	0
1428582450698959758	CPU_4	0	0	0	100.00	0	0	0	0	0	0
1428582451413527560	CPU_4	0	0	0	100.00	0	0	0	0	0	0
1428582452123242826	CPU_4	0	0	0	100.00	0	0	0	0	0	0
1428582452830277512	CPU_4	0	0	0	100.00	0	0	0	0	0	0
1428582453543578233	CPU_4	0	0	0	100.00	0	0	0	0	0	0
1428582454249268962	CPU_4	0	0	0	100.00	0	0	0	0	0	0
1428582454955605440	CPU_4	0	0	0	100.00	0	0	0	0	0	0
1428582455671396700	CPU_4	0	0	0	100.00	0	0	0	0	0	0
1428582456376819512	CPU_4	0	0	0	100.00	0	0	0	0	0	0
1428582457098710598	CPU_4	0	0	0	100.00	0	0	0	0	0	0
1428582457801717205	CPU_4	0	0	0	100.00	0	0	0	0	0	0
1428582458506819143	CPU_4	0	0	0	100.00	0	0	0	0	0	0
1428582459222591985	CPU_4	0	0	0	100.00	0	0	0	0	0	0
1428582459925555717	CPU_4	0	0	0	100.00	0	0	0	0	0	0
1428582460631428987	CPU_4	0	0	0	100.00	0	0	0	0	0	0
1428582461346486414	CPU_4	0	0	0	100.00	0	0	0	0	0	0
1428582462050422936	CPU_4	0	0	0	100.00	0	0	0	0	0	0
1428582462766449070	CPU_4	0	0	0	100.00	0	0	0	0	0	0
1428582463471733841	CPU_4	0	0	0	100.00	0	0	0	0	0	0
1428582464180968607	CPU_4	0	0	0	100.00	0	0	0	0	0	0
1428582464894309785	CPU_4	0	0	0	100.00	0	0	0	0	0	0
1428582465602482886	CPU_4	0	0	0	100.00	0	0	0	0	0	0
1428582466319996059	CPU_4	0	0	0	100.00	0	0	0	0	0	0
1428582467024252997	CPU_4	0	0	0	100.00	0	0	0	0	0	0
1428582467732649681	CPU_4	0	0	0	100.00	0	0	0	0	0	0
1428582468447305316	CPU_4	0	0	0	100.00	0	0	0	0	0	0
1428582469151780171	CPU_4	0	0	0	100.00	0	0	0	0	0	0
1428582469858434939	CPU_4	0	0	0	100.00	0	0	0	0	0	0
1428582470573558324	CPU_4	0	0	0	100.00	0	0	0	0	0	0
1428582471278259011	CPU_4	0	0	0	100.00	0	0	0	0	0	0
1428582471993475645	CPU_4	0	0	0	100.00	0	0	0	0	0	0
1428582472699305040	CPU_4	0	0	0	100.00	0	0	0	0	0	0
1428582473406369433	CPU_4	0	0	0	100.00	0	0	0	0	0	0
1428582474121383609	CPU_4	0	0	0	100.00	0	0	0	0	0	0
1428582474827430586	CPU_4	0	0	0	100.00	0	0	0	0	0	0
1428582475548475088	CPU_4	0	0	0	100.00	0	0	0	0	0	0
1428582476253323859	CPU_4	0	0	0	100.00	0	0	0	0	0	0
1428582476959251712	CPU_4	0	0	0	100.00	0	0	0	0	0	0
1428582477678152091	CPU_4	0	0	0	100.00	0	0	0	0	0	0
1428582478382609779	CPU_4	0	0	0	100.00	0	0	0	0	0	0
1428582479088308256	CPU_4	0	0	0	100.00	0	0	0	0	0	0
1428582479806414845	CPU_4	0	0	0	100.00	0	0	0	0	0	0
1428582480511193824	CPU_4	0	0	0	100.00	0	0	0	0	0	0
1428582481227677747	CPU_4	0	0	0	100.00	0	0	0	0	0	0
1428582481934861307	CPU_4	0	0	0	100.00	0	0	0	0	0	0
1428582482644166155	CPU_4	0	0	0	100.00	0	0	0	0	0	0
1428582483360178579	CPU_4	0	0	0	100.00	0	0	0	0	0	0
1428582484067143180	CPU_4	0	0	0	100.00	0	0	0	0	0	0
1428582484790970553	CPU_4	0	0	0	100.00	0	0	0	0	0	0
1428582485494788116	CPU_4	0	0	0	100.00	0	0	0	0	0	0
1428582486202439467	CPU_4	0	0	0	100.00	0	0	0	0	0	0
1428582486919421098	CPU_4	0	0	0	100.00	0	0	0	0	0	0
1428582487624372243	CPU_4	0	0	0	100.00	0	0	0	0	0	0
1428582488333738341	CPU_4	0	0	0	100.00	0	0	0	0	0	0
1428582489049666098	CPU_4	0	0	0	100.00	0	0	0	0	0	0
1428582489761276277	CPU_4	0	0	0	100.00	0	0	0	0	0	0
1428582490477915074	CPU_4	0	0	0	100.00	0	0	0	0	0	0
1428582491186333048	CPU_4	0	0	0	100.00	0	0	0	0	0	0
1428582491893971440	CPU_4	0	0	0	100.00	0	0	0	0	0	0
1428582492608053824	CPU_4	0	0	0	100.00	0	0	0	0	0	0
1428582493314563800	CPU_4	0	0	0	100.00	0	0	0	0	0	0
1428582494035425010	CPU_4	0	0	0	100.00	0	0	0	0	0	0
1428582494740856987	CPU_4	0	0	0	100.00	0	0	0	0	0	0
1428582495447978754	CPU_4	0	0	0	100.00	0	0	0	0	0	0
1428582496164848426	CPU_4	0	0	0	100.00	0	0	0	0	0	0
1428582496869510571	CPU_4	0	0	0	100.00	0	0	0	0	0	0
1428582497575083173	CPU_4	0	0	0	100.00	0	0	0	0	0	0
1428582498294116301	CPU_4	0	0	0	100.00	0	0	0	0	0	0
1428582499002569525	CPU_4	0	0	0	100.00	0	0	0	0	0	0
1428582499717924657	CPU_4	0	0	0	100.00	0	0	0	0	0	0
1428582500425590923	CPU_4	0	0	0	100.00	0	0	0	0	0	0
1428582501132072940	CPU_4	0	0	0	100.00	0	0	0	0	0	0
1428582501847880238	CPU_4	0	0	0	100.00	0	0	0	0	0	0
1428582502554408714	CPU_4	0	0	0	100.00	0	0	0	0	0	0
1428582503274620632	CPU_4	0	0	0	100.00	0	0	0	0	0	0
1428582503984773603	CPU_4	0	0	0	100.00	0	0	0	0	0	0
1428582504697195030	CPU_4	0	0	0	100.00	0	0	0	0	0	0
1428582505413116037	CPU_4	0	0	0	100.00	0	0	0	0	0	0
1428582506119833553	CPU_4	0	0	0	100.00	0	0	0	0	0	0
1428582506830537316	CPU_4	0	0	0	100.00	0	0	0	0	0	0
1428582507544811032	CPU_4	0	0	0	100.00	0	0	0	0	0	0
1428582508253204463	CPU_4	0	0	0	100.00	0	0	0	0	0	0
1428582508967385305	CPU_4	0	0	0	100.00	0	0	0	0	0	0
1428582509675420695	CPU_4	0	0	0	100.00	0	0	0	0	0	0
1428582510382753503	CPU_4	0	0	0	100.00	0	0	0	0	0	0
1428582511096526719	CPU_4	0	0	0	100.00	0	0	0	0	0	0
1428582511805181067	CPU_4	0	0	0	100.00	0	0	0	0	0	0
1428582512521490531	CPU_4	0	0	0	100.00	0	0	0	0	0	0
1428582513227629798	CPU_4	0	0	0	100.00	0	0	0	0	0	0
1428582513934986022	CPU_4	0	0	0	100.00	0	0	0	0	0	0
1428582514651182402	CPU_4	0	0	0	100.00	0	0	0	0	0	0
1428582515359932583	CPU_4	0	0	0	100.00	0	0	0	0	0	0
1428582516071740718	CPU_4	0	0	0	100.00	0	0	0	0	0	0
1428582516783210604	CPU_4	0	0	0	100.00	0	0	0	0	0	0
1428582517489437996	CPU_4	0	0	0	100.00	0	0	0	0	0	0
1428582518203972128	CPU_4	0	0	0	100.00	0	0	0	0	0	0
1428582518911983143	CPU_4	0	0	0	100.00	0	0	0	0	0	0
1428582519620184365	CPU_4	0	0	0	100.00	0	0	0	0	0	0
1428582520336178954	CPU_4	0	0	0	100.00	0	0	0	0	0	0
1428582521042670220	CPU_4	0	0	0	100.00	0	0	0	0	0	0
1428582521760938181	CPU_4	0	0	0	100.00	0	0	0	0	0	0
1428582522464890784	CPU_4	0	0	0	100.00	0	0	0	0	0	0
1428582523170950592	CPU_4	0	0	0	100.00	0	0	0	0	0	0
1428582523888878095	CPU_4	0	0	0	100.00	0	0	0	0	0	0
1428582524597973025	CPU_4	0	0	0	100.00	0	0	0	0	0	0
1428582525311547658	CPU_4	0	0	0	100.00	0	0	0	0	0	0
1428582526025802998	CPU_4	0	0	0	100.00	0	0	0	0	0	0
1428582526734407845	CPU_4	0	0	0	100.00	0	0	0	0	0	0
1428582527449134643	CPU_4	0	0	0	100.00	0	0	0	0	0	0
1428582528155405076	CPU_4	0	0	0	100.00	0	0	0	0	0	0
1428582528863321382	CPU_4	0	0	0	100.00	0	0	0	0	0	0
1428582529580211927	CPU_4	0	0	0	100.00	0	0	0	0	0	0
1428582530289520481	CPU_4	0	0	0	100.00	0	0	0	0	0	0
1428582531006269693	CPU_4	0	0	0	100.00	0	0	0	0	0	0
1428582531715847122	CPU_4	0	0	0	100.00	0	0	0	0	0	0
1428582532422209971	CPU_4	0	0	0	100.00	0	0	0	0	0	0
1428582533139360225	CPU_4	0	0	0	100.00	0	0	0	0	0	0
1428582533849822152	CPU_4	0	0	0	100.00	0	0	0	0	0	0
1428582534573082982	CPU_4	0	0	0	100.00	0	0	0	0	0	0
1428582535282116411	CPU_4	0	0	0	100.00	0	0	0	0	0	0
1428582535990974965	CPU_4	0	0	0	100.00	0	0	0	0	0	0
1428582536713446879	CPU_4	0	0	0	100.00	0	0	0	0	0	0
1428582537422155975	CPU_4	0	0	0	100.00	0	0	0	0	0	0
1428582538129870198	CPU_4	0	0	0	100.00	0	0	0	0	0	0
1428582538850650655	CPU_4	0	0	0	100.00	0	0	0	0	0	0
1428582539556031296	CPU_4	0	0	0	100.00	0	0	0	0	0	0
1428582540274933880	CPU_4	0	0	0	100.00	0	0	0	0	0	0
1428582540982764269	CPU_4	0	0	0	100.00	0	0	0	0	0	0
1428582541693502696	CPU_4	0	0	0	100.00	0	0	0	0	0	0
1428582542412016364	CPU_4	0	0	0	100.00	0	0	0	0	0	0
1428582543119293628	CPU_4	0	0	0	100.00	0	0	0	0	0	0
1428582543836950630	CPU_4	0	0	0	100.00	0	0	0	0	0	0
1428582544545315601	CPU_4	0	0	0	100.00	0	0	0	0	0	0
1428582545252977948	CPU_4	0	0	0	100.00	0	0	0	0	0	0
1428582545973938488	CPU_4	0	0	0	100.00	0	0	0	0	0	0
1428582546681463294	CPU_4	0	0	0	100.00	0	0	0	0	0	0
1428582547400211086	CPU_4	0	0	0	100.00	0	0	0	0	0	0
1428582548108249016	CPU_4	0	0	0	100.00	0	0	0	0	0	0
1428582548815493279	CPU_4	0	0	0	100.00	0	0	0	0	0	0
1428582549532406865	CPU_4	0	0	0	100.00	0	0	0	0	0	0
1428582550240018296	CPU_4	0	0	0	100.00	0	0	0	0	0	0
1428582550948022183	CPU_4	0	0	0	100.00	0	0	0	0	0	0
1428582551662825730	CPU_4	0	0	0	100.00	0	0	0	0	0	0
1428582552370780160	CPU_4	0	0	0	100.00	0	0	0	0	0	0
1428582553089415535	CPU_4	0	0	0	100.00	0	0	0	0	0	0
1428582553796329383	CPU_4	0	0	0	100.00	0	0	0	0	0	0
1428582554503793646	CPU_4	0	0	0	100.00	0	0	0	0	0	0
1428582555222082355	CPU_4	0	0	0	100.00	0	0	0	0	0	0
1428582555931178408	CPU_4	0	0	0	100.00	0	0	0	0	0	0
1428582556648825326	CPU_4	0	0	0	100.00	0	0	0	0	0	0
1428582557357119838	CPU_4	0	0	0	100.00	0	0	0	0	0	0
1428582558063227561	CPU_4	0	0	0	100.00	0	0	0	0	0	0
1428582558782266853	CPU_4	0	0	0	100.00	0	0	0	0	0	0
1428582559489769908	CPU_4	0	0	0	100.00	0	0	0	0	0	0
1428582560211635821	CPU_4	0	0	0	100.00	0	0	0	0	0	0
1428582560919759124	CPU_4	0	0	0	100.00	0	0	0	0	0	0
1428582561632816298	CPU_4	0	0	0	100.00	0	0	0	0	0	0
1428582562350585799	CPU_4	0	0	0	100.00	0	0	0	0	0	0
1428582563056191147	CPU_4	0	0	0	100.00	0	0	0	0	0	0
1428582563764155243	CPU_4	0	0	0	100.00	0	0	0	0	0	0
1428582564483021034	CPU_4	0	0	0	100.00	0	0	0	0	0	0
1428582565188890424	CPU_4	0	0	0	100.00	0	0	0	0	0	0
1428582565911692210	CPU_4	0	0	0	100.00	0	0	0	0	0	0
1428582566620255805	CPU_4	0	0	0	100.00	0	0	0	0	0	0
1428582567329738065	CPU_4	0	0	0	100.00	0	0	0	0	0	0
1428582568048145523	CPU_4	0	0	0	100.00	0	0	0	0	0	0
1428582568756422910	CPU_4	0	0	0	100.00	0	0	0	0	0	0
1428582569475059785	CPU_4	0	0	0	100.00	0	0	0	0	0	0
1428582570181416798	CPU_4	0	0	0	100.00	0	0	0	0	0	0
1428582570892131724	CPU_4	0	0	0	100.00	0	0	0	0	0	0
1428582571609203558	CPU_4	0	0	0	100.00	0	0	0	0	0	0
1428582572316254863	CPU_4	0	0	0	100.00	0	0	0	0	0	0
1428582573031591283	CPU_4	0	0	0	100.00	0	0	0	0	0	0
1428582573747712702	CPU_4	0	0	0	100.00	0	0	0	0	0	0
1428582574457260253	CPU_4	0	0	0	100.00	0	0	0	0	0	0
1428582575174627796	CPU_4	0	0	0	100.00	0	0	0	0	0	0
1428582575885055221	CPU_4	0	0	0	100.00	0	0	0	0	0	0
1428582576592548650	CPU_4	0	0	0	100.00	0	0	0	0	0	0
1428582577309372276	CPU_4	0	0	0	100.00	0	0	0	0	0	0
1428582578020279034	CPU_4	0	0	0	100.00	0	0	0	0	0	0
1428582578738999950	CPU_4	0	0	0	100.00	0	0	0	0	0	0
1428582579447097503	CPU_4	0	0	0	100.00	0	0	0	0	0	0
1428582580156163596	CPU_4	0	0	0	100.00	0	0	0	0	0	0
1428582580875049553	CPU_4	0	0	0	100.00	0	0	0	0	0	0
1428582581585837228	CPU_4	0	0	0	100.00	0	0	0	0	0	0
1428582582302802687	CPU_4	0	0	0	100.00	0	0	0	0	0	0
1428582583012568696	CPU_4	0	0	0	100.00	0	0	0	0	0	0
1428582583721974248	CPU_4	0	0	0	100.00	0	0	0	0	0	0
1428582584439860831	CPU_4	0	0	0	100.00	0	0	0	0	0	0
1428582585148899966	CPU_4	0	0	0	100.00	0	0	0	0	0	0
1428582585871998501	CPU_4	0	0	0	100.00	0	0	0	0	0	0
1428582586580199345	CPU_4	0	0	0	100.00	0	0	0	0	0	0
1428582587289170605	CPU_4	0	0	0	100.00	0	0	0	0	0	0
1428582588008875769	CPU_4	0	0	0	100.00	0	0	0	0	0	0
1428582588719228110	CPU_4	0	0	0	100.00	0	0	0	0	0	0
1428582589428520620	CPU_4	0	0	0	100.00	0	0	0	0	0	0
1428582590147880867	CPU_4	0	0	0	100.00	0	0	0	0	0	0
1428582590857745417	CPU_4	0	0	0	100.00	0	0	0	0	0	0
1428582591575686208	CPU_4	0	0	0	100.00	0	0	0	0	0	0
1428582592285195967	CPU_4	0	0	0	100.00	0	0	0	0	0	0
1428582592995017267	CPU_4	0	0	0	100.00	0	0	0	0	0	0
1428582593712791517	CPU_4	0	0	0	100.00	0	0	0	0	0	0
1428582594423260691	CPU_4	0	0	0	100.00	0	0	0	0	0	0
1428582595142493272	CPU_4	0	0	0	100.00	0	0	0	0	0	0
1428582595852629322	CPU_4	0	0	0	100.00	0	0	0	0	0	0
1428582596558823334	CPU_4	0	0	0	100.00	0	0	0	0	0	0
1428582597292574023	CPU_4	0	0	0	100.00	0	0	0	0	0	0
1428582598002902156	CPU_4	0	0	0	100.00	0	0	0	0	0	0
1428582598721141529	CPU_4	0	0	0	100.00	0	0	0	0	0	0
1428582599430287872	CPU_4	0	0	0	100.00	0	0	0	0	0	0
1428582600139779880	CPU_4	0	0	0	100.00	0	0	0	0	0	0
1428582600873017903	CPU_4	0	0	0	100.00	0	0	0	0	0	0
