#Timestamp	CPU_ID	user%	nice%	sys%	idle%	iowait%	irq%	softiq%	steal%	guest%	guest_nice%
1428595854004078549	CPU_4	9.83	0	8.19	81.96	0	0	0	0	0	0
1428595854697193494	CPU_4	0	0	0	100.00	0	0	0	0	0	0
1428595855402455844	CPU_4	0	0	0	100.00	0	0	0	0	0	0
1428595856101719428	CPU_4	0	0	0	100.00	0	0	0	0	0	0
1428595856796841615	CPU_4	0	0	0	100.00	0	0	0	0	0	0
1428595857502020216	CPU_4	0	0	0	100.00	0	0	0	0	0	0
1428595858195664744	CPU_4	0	0	0	100.00	0	0	0	0	0	0
1428595858886220702	CPU_4	0	0	0	100.00	0	0	0	0	0	0
1428595859593009297	CPU_4	0	0	0	100.00	0	0	0	0	0	0
1428595860286521285	CPU_4	0	0	0	100.00	0	0	0	0	0	0
1428595860979756399	CPU_4	0	0	0	100.00	0	0	0	0	0	0
1428595861691543473	CPU_4	0	0	0	100.00	0	0	0	0	0	0
1428595862386995328	CPU_4	0	0	0	100.00	0	0	0	0	0	0
1428595863091634184	CPU_4	0	0	0	100.00	0	0	0	0	0	0
1428595863788530034	CPU_4	0	0	0	100.00	0	0	0	0	0	0
1428595864486266380	CPU_4	0	0	0	100.00	0	0	0	0	0	0
1428595865190789029	CPU_4	0	0	0	100.00	0	0	0	0	0	0
1428595865887294798	CPU_4	0	0	0	100.00	0	0	0	0	0	0
1428595866586301057	CPU_4	0	0	0	100.00	0	0	0	0	0	0
1428595867294929356	CPU_4	0	0	0	100.00	0	0	0	0	0	0
1428595867994823319	CPU_4	0	0	0	100.00	0	0	0	0	0	0
1428595868704446739	CPU_4	0	0	0	100.00	0	0	0	0	0	0
1428595869403696373	CPU_4	0	0	0	100.00	0	0	0	0	0	0
1428595870103253506	CPU_4	0	0	0	100.00	0	0	0	0	0	0
1428595870813339925	CPU_4	0	0	0	100.00	0	0	0	0	0	0
1428595871509556948	CPU_4	0	0	0	100.00	0	0	0	0	0	0
1428595872207898171	CPU_4	0	0	0	100.00	0	0	0	0	0	0
1428595872917364969	CPU_4	0	0	0	100.00	0	0	0	0	0	0
1428595873619559217	CPU_4	0	0	0	100.00	0	0	0	0	0	0
1428595874316193865	CPU_4	0	0	0	100.00	0	0	0	0	0	0
1428595875025853789	CPU_4	0	0	0	100.00	0	0	0	0	0	0
1428595875724233430	CPU_4	0	0	0	100.00	0	0	0	0	0	0
1428595876431904363	CPU_4	0	0	0	100.00	0	0	0	0	0	0
1428595877130421087	CPU_4	0	0	0	100.00	0	0	0	0	0	0
1428595877827881775	CPU_4	0	0	0	100.00	0	0	0	0	0	0
1428595878536140540	CPU_4	0	0	0	100.00	0	0	0	0	0	0
1428595879234425558	CPU_4	0	0	0	100.00	0	0	0	0	0	0
1428595879931679581	CPU_4	0	0	0	100.00	0	0	0	0	0	0
1428595880640435845	CPU_4	0	0	0	100.00	0	0	0	0	0	0
1428595881336349917	CPU_4	0	0	0	100.00	0	0	0	0	0	0
1428595882036724802	CPU_4	0	0	0	100.00	0	0	0	0	0	0
1428595882742262290	CPU_4	0	0	0	100.00	0	0	0	0	0	0
1428595883438812276	CPU_4	0	0	0	100.00	0	0	0	0	0	0
1428595884147579251	CPU_4	0	0	0	100.00	0	0	0	0	0	0
1428595884846723268	CPU_4	0	0	0	100.00	0	0	0	0	0	0
1428595885542081427	CPU_4	0	0	0	100.00	0	0	0	0	0	0
1428595886249814449	CPU_4	0	0	0	100.00	0	0	0	0	0	0
1428595886945901314	CPU_4	0	0	0	100.00	0	0	0	0	0	0
1428595887646834575	CPU_4	0	0	0	100.00	0	0	0	0	0	0
1428595888356316674	CPU_4	0	0	0	100.00	0	0	0	0	0	0
1428595889055209653	CPU_4	0	0	0	100.00	0	0	0	0	0	0
1428595889766884909	CPU_4	0	0	0	100.00	0	0	0	0	0	0
1428595890464405978	CPU_4	0	0	0	100.00	0	0	0	0	0	0
1428595891161234592	CPU_4	0	0	0	100.00	0	0	0	0	0	0
1428595891867034167	CPU_4	0	0	0	100.00	0	0	0	0	0	0
1428595892564729903	CPU_4	0	0	0	100.00	0	0	0	0	0	0
1428595893263497552	CPU_4	0	0	0	100.00	0	0	0	0	0	0
1428595893967519427	CPU_4	0	0	0	100.00	0	0	0	0	0	0
1428595894667209364	CPU_4	0	0	0	100.00	0	0	0	0	0	0
1428595895363194901	CPU_4	0	0	0	100.00	0	0	0	0	0	0
1428595896070279639	CPU_4	0	0	0	100.00	0	0	0	0	0	0
1428595896766518217	CPU_4	0	0	0	100.00	0	0	0	0	0	0
1428595897473173708	CPU_4	0	0	0	100.00	0	0	0	0	0	0
1428595898168344708	CPU_4	0	0	0	100.00	0	0	0	0	0	0
1428595898866326863	CPU_4	0	0	0	100.00	0	0	0	0	0	0
1428595899574312641	CPU_4	0	0	0	100.00	0	0	0	0	0	0
1428595900269877807	CPU_4	0	0	0	100.00	0	0	0	0	0	0
1428595900965787639	CPU_4	0	0	0	100.00	0	0	0	0	0	0
1428595901678252606	CPU_4	0	0	0	100.00	0	0	0	0	0	0
1428595902372675862	CPU_4	0	0	0	100.00	0	0	0	0	0	0
1428595903072445094	CPU_4	0	0	0	100.00	0	0	0	0	0	0
1428595903783301862	CPU_4	0	0	0	100.00	0	0	0	0	0	0
1428595904481309478	CPU_4	0	0	0	100.00	0	0	0	0	0	0
1428595905188116597	CPU_4	0	0	0	100.00	0	0	0	0	0	0
1428595905885893256	CPU_4	0	0	0	100.00	0	0	0	0	0	0
1428595906583859874	CPU_4	0	0	0	100.00	0	0	0	0	0	0
1428595907292848443	CPU_4	0	0	0	100.00	0	0	0	0	0	0
1428595907987618908	CPU_4	0	0	0	100.00	0	0	0	0	0	0
1428595908686971563	CPU_4	0	0	0	100.00	0	0	0	0	0	0
1428595909396821337	CPU_4	0	0	0	100.00	0	0	0	0	0	0
1428595910095019997	CPU_4	0	0	0	100.00	0	0	0	0	0	0
1428595910810932662	CPU_4	0	0	0	100.00	0	0	0	0	0	0
1428595911509312530	CPU_4	0	0	0	100.00	0	0	0	0	0	0
1428595912206074489	CPU_4	0	0	0	100.00	0	0	0	0	0	0
1428595912915540934	CPU_4	0	0	0	100.00	0	0	0	0	0	0
1428595913614247719	CPU_4	0	0	0	100.00	0	0	0	0	0	0
1428595914311433844	CPU_4	0	0	0	100.00	0	0	0	0	0	0
1428595915019541046	CPU_4	0	0	0	100.00	0	0	0	0	0	0
1428595915723905931	CPU_4	0	0	0	100.00	0	0	0	0	0	0
1428595916420391477	CPU_4	0	0	0	100.00	0	0	0	0	0	0
1428595917130500463	CPU_4	0	0	0	100.00	0	0	0	0	0	0
1428595917831141408	CPU_4	0	0	0	100.00	0	0	0	0	0	0
1428595918538518573	CPU_4	0	0	0	100.00	0	0	0	0	0	0
1428595919238923395	CPU_4	0	0	0	100.00	0	0	0	0	0	0
1428595919938463471	CPU_4	0	0	0	100.00	0	0	0	0	0	0
1428595920646230469	CPU_4	0	0	0	100.00	0	0	0	0	0	0
1428595921347080040	CPU_4	0	0	0	100.00	0	0	0	0	0	0
1428595922045422872	CPU_4	0	0	0	100.00	0	0	0	0	0	0
1428595922753529745	CPU_4	0	0	0	100.00	0	0	0	0	0	0
1428595923451806036	CPU_4	0	0	0	100.00	0	0	0	0	0	0
1428595924170511780	CPU_4	0	0	0	100.00	0	0	0	0	0	0
1428595924866662790	CPU_4	0	0	0	100.00	0	0	0	0	0	0
1428595925567585237	CPU_4	0	0	0	100.00	0	0	0	0	0	0
1428595926276970232	CPU_4	0	0	0	100.00	0	0	0	0	0	0
1428595926975097067	CPU_4	0	0	0	100.00	0	0	0	0	0	0
1428595927675338811	CPU_4	0	0	0	100.00	0	0	0	0	0	0
1428595928385047929	CPU_4	0	0	0	100.00	0	0	0	0	0	0
1428595929084327428	CPU_4	0	0	0	100.00	0	0	0	0	0	0
1428595929787192619	CPU_4	0	0	0	100.00	0	0	0	0	0	0
1428595930497824818	CPU_4	0	0	0	100.00	0	0	0	0	0	0
1428595931196802944	CPU_4	0	0	0	100.00	0	0	0	0	0	0
1428595931905036905	CPU_4	0	0	0	100.00	0	0	0	0	0	0
1428595932606606520	CPU_4	0	0	0	100.00	0	0	0	0	0	0
1428595933302588202	CPU_4	0	0	0	100.00	0	0	0	0	0	0
1428595934012817613	CPU_4	0	0	0	100.00	0	0	0	0	0	0
1428595934712781694	CPU_4	0	0	0	100.00	0	0	0	0	0	0
1428595935410704494	CPU_4	0	0	0	100.00	0	0	0	0	0	0
1428595936119675370	CPU_4	0	0	0	100.00	0	0	0	0	0	0
1428595936819349912	CPU_4	0	0	0	100.00	0	0	0	0	0	0
1428595937525903758	CPU_4	0	0	0	100.00	0	0	0	0	0	0
1428595938227021670	CPU_4	0	0	0	100.00	0	0	0	0	0	0
1428595938924836847	CPU_4	0	0	0	100.00	0	0	0	0	0	0
1428595939634073640	CPU_4	0	0	0	100.00	0	0	0	0	0	0
1428595940331757277	CPU_4	0	0	0	100.00	0	0	0	0	0	0
1428595941031951736	CPU_4	0	0	0	100.00	0	0	0	0	0	0
1428595941739105248	CPU_4	0	0	0	100.00	0	0	0	0	0	0
1428595942438468086	CPU_4	0	0	0	100.00	0	0	0	0	0	0
1428595943140188623	CPU_4	0	0	0	100.00	0	0	0	0	0	0
1428595943862886109	CPU_4	0	0	0	100.00	0	0	0	0	0	0
1428595944562562531	CPU_4	0	0	0	100.00	0	0	0	0	0	0
1428595945272120118	CPU_4	0	0	0	100.00	0	0	0	0	0	0
1428595945967753849	CPU_4	0	0	0	100.00	0	0	0	0	0	0
1428595946668454184	CPU_4	0	0	0	100.00	0	0	0	0	0	0
1428595947375409283	CPU_4	0	0	0	100.00	0	0	0	0	0	0
1428595948072713509	CPU_4	0	0	0	100.00	0	0	0	0	0	0
1428595948771521394	CPU_4	0	0	0	100.00	0	0	0	0	0	0
1428595949481905563	CPU_4	0	0	0	100.00	0	0	0	0	0	0
1428595950178553668	CPU_4	0	0	0	100.00	0	0	0	0	0	0
1428595950888195632	CPU_4	0	0	0	100.00	0	0	0	0	0	0
1428595951587218602	CPU_4	0	0	0	100.00	0	0	0	0	0	0
1428595952286502112	CPU_4	0	0	0	100.00	0	0	0	0	0	0
1428595952994196419	CPU_4	0	0	0	100.00	0	0	0	0	0	0
1428595953696885333	CPU_4	0	0	0	100.00	0	0	0	0	0	0
1428595954393792146	CPU_4	0	0	0	100.00	0	0	0	0	0	0
1428595955103940861	CPU_4	0	0	0	100.00	0	0	0	0	0	0
1428595955804340076	CPU_4	0	0	0	100.00	0	0	0	0	0	0
1428595956520999430	CPU_4	0	0	0	100.00	0	0	0	0	0	0
1428595957223131055	CPU_4	0	0	0	100.00	0	0	0	0	0	0
1428595957929770995	CPU_4	0	0	0	100.00	0	0	0	0	0	0
1428595958637448472	CPU_4	0	0	0	100.00	0	0	0	0	0	0
1428595959339292267	CPU_4	0	0	0	100.00	0	0	0	0	0	0
1428595960038915071	CPU_4	0	0	0	100.00	0	0	0	0	0	0
1428595960748216251	CPU_4	0	0	0	100.00	0	0	0	0	0	0
1428595961447495266	CPU_4	0	0	0	100.00	0	0	0	0	0	0
1428595962161155886	CPU_4	0	0	0	100.00	0	0	0	0	0	0
1428595962864556009	CPU_4	0	0	0	100.00	0	0	0	0	0	0
1428595963566370306	CPU_4	0	0	0	100.00	0	0	0	0	0	0
1428595964276666482	CPU_4	0	0	0	100.00	0	0	0	0	0	0
1428595964975613001	CPU_4	0	0	0	100.00	0	0	0	0	0	0
1428595965680282120	CPU_4	0	0	0	100.00	0	0	0	0	0	0
1428595966392034125	CPU_4	0	0	0	100.00	0	0	0	0	0	0
1428595967089386943	CPU_4	0	0	0	100.00	0	0	0	0	0	0
1428595967801548947	CPU_4	0	0	0	100.00	0	0	0	0	0	0
1428595968503292289	CPU_4	0	0	0	100.00	0	0	0	0	0	0
1428595969204088843	CPU_4	0	0	0	100.00	0	0	0	0	0	0
1428595969914037191	CPU_4	0	0	0	100.00	0	0	0	0	0	0
1428595970615269703	CPU_4	0	0	0	100.00	0	0	0	0	0	0
1428595971316197425	CPU_4	0	0	0	100.00	0	0	0	0	0	0
1428595972028131265	CPU_4	0	0	0	100.00	0	0	0	0	0	0
1428595972729197987	CPU_4	0	0	0	100.00	0	0	0	0	0	0
1428595973430218376	CPU_4	0	0	0	100.00	0	0	0	0	0	0
1428595974141348513	CPU_4	0	0	0	100.00	0	0	0	0	0	0
1428595974843545231	CPU_4	0	0	0	100.00	0	0	0	0	0	0
1428595975556267403	CPU_4	0	0	0	100.00	0	0	0	0	0	0
1428595976256956420	CPU_4	0	0	0	100.00	0	0	0	0	0	0
1428595976958073102	CPU_4	0	0	0	100.00	0	0	0	0	0	0
1428595977673874428	CPU_4	0	0	0	100.00	0	0	0	0	0	0
1428595978372346539	CPU_4	0	0	0	100.00	0	0	0	0	0	0
1428595979074603551	CPU_4	0	0	0	100.00	0	0	0	0	0	0
1428595979786728270	CPU_4	0	0	0	100.00	0	0	0	0	0	0
1428595980486488209	CPU_4	0	0	0	100.00	0	0	0	0	0	0
1428595981197580725	CPU_4	0	0	0	100.00	0	0	0	0	0	0
1428595981899759655	CPU_4	0	0	0	100.00	0	0	0	0	0	0
1428595982597993478	CPU_4	0	0	0	100.00	0	0	0	0	0	0
1428595983318999493	CPU_4	0	0	0	100.00	0	0	0	0	0	0
1428595984017742106	CPU_4	0	0	0	100.00	0	0	0	0	0	0
1428595984717092133	CPU_4	0	0	0	100.00	0	0	0	0	0	0
1428595985426036494	CPU_4	0	0	0	100.00	0	0	0	0	0	0
1428595986184772262	CPU_4	1.35	0	5.40	93.24	0	0	0	0	0	0
1428595986894247663	CPU_4	0	0	0	100.00	0	0	0	0	0	0
1428595987591812074	CPU_4	0	0	0	100.00	0	0	0	0	0	0
1428595988292378098	CPU_4	0	0	0	100.00	0	0	0	0	0	0
1428595989002776787	CPU_4	0	0	0	100.00	0	0	0	0	0	0
1428595989700681782	CPU_4	0	0	0	100.00	0	0	0	0	0	0
1428595990412160467	CPU_4	0	0	0	100.00	0	0	0	0	0	0
1428595991110212337	CPU_4	0	0	0	100.00	0	0	0	0	0	0
1428595991810590488	CPU_4	0	0	0	100.00	0	0	0	0	0	0
1428595992518072359	CPU_4	0	0	0	100.00	0	0	0	0	0	0
1428595993219544715	CPU_4	0	0	0	100.00	0	0	0	0	0	0
1428595993924293140	CPU_4	0	0	0	100.00	0	0	0	0	0	0
1428595994635404496	CPU_4	0	0	0	100.00	0	0	0	0	0	0
1428595995338873177	CPU_4	0	0	0	100.00	0	0	0	0	0	0
1428595996054148599	CPU_4	0	0	0	100.00	0	0	0	0	0	0
1428595996762271052	CPU_4	0	0	0	100.00	0	0	0	0	0	0
1428595997464267991	CPU_4	0	0	0	100.00	0	0	0	0	0	0
1428595998171841448	CPU_4	0	0	0	100.00	0	0	0	0	0	0
1428595998876370001	CPU_4	0	0	0	100.00	0	0	0	0	0	0
1428595999576590699	CPU_4	0	0	0	100.00	0	0	0	0	0	0
1428596000286832937	CPU_4	0	0	0	100.00	0	0	0	0	0	0
1428596000986671387	CPU_4	0	0	0	100.00	0	0	0	0	0	0
1428596001703038307	CPU_4	0	0	0	100.00	0	0	0	0	0	0
1428596002403289798	CPU_4	0	0	0	100.00	0	0	0	0	0	0
1428596003105191574	CPU_4	0	0	0	100.00	0	0	0	0	0	0
1428596003816359226	CPU_4	0	0	0	100.00	0	0	0	0	0	0
1428596004517020633	CPU_4	0	0	0	100.00	0	0	0	0	0	0
1428596005218149079	CPU_4	0	0	0	100.00	0	0	0	0	0	0
1428596005931668556	CPU_4	0	0	0	100.00	0	0	0	0	0	0
1428596006630302097	CPU_4	0	0	0	100.00	0	0	0	0	0	0
1428596007335960400	CPU_4	0	0	0	100.00	0	0	0	0	0	0
1428596008043918235	CPU_4	0	0	0	100.00	0	0	0	0	0	0
1428596008744858018	CPU_4	0	0	0	100.00	0	0	0	0	0	0
1428596009456660212	CPU_4	0	0	0	100.00	0	0	0	0	0	0
1428596010157964202	CPU_4	0	0	0	100.00	0	0	0	0	0	0
1428596010857515950	CPU_4	0	0	0	100.00	0	0	0	0	0	0
1428596011569256438	CPU_4	0	0	0	100.00	0	0	0	0	0	0
1428596012271610758	CPU_4	0	0	0	100.00	0	0	0	0	0	0
1428596012977585479	CPU_4	0	0	0	100.00	0	0	0	0	0	0
1428596013685183360	CPU_4	0	0	0	100.00	0	0	0	0	0	0
1428596014387341557	CPU_4	0	0	0	100.00	0	0	0	0	0	0
1428596015094978897	CPU_4	0	0	0	100.00	0	0	0	0	0	0
1428596015797544843	CPU_4	0	0	0	100.00	0	0	0	0	0	0
1428596016497504134	CPU_4	0	0	0	100.00	0	0	0	0	0	0
1428596017207147842	CPU_4	0	0	0	100.00	0	0	0	0	0	0
1428596017908520877	CPU_4	0	0	0	100.00	0	0	0	0	0	0
1428596018614724100	CPU_4	0	0	0	100.00	0	0	0	0	0	0
1428596019317257757	CPU_4	0	0	0	100.00	0	0	0	0	0	0
1428596020020723159	CPU_4	0	0	0	100.00	0	0	0	0	0	0
1428596020730776783	CPU_4	0	0	0	100.00	0	0	0	0	0	0
1428596021430281371	CPU_4	0	0	0	100.00	0	0	0	0	0	0
1428596022129793541	CPU_4	0	0	0	100.00	0	0	0	0	0	0
1428596022841709909	CPU_4	0	0	0	100.00	0	0	0	0	0	0
1428596023538982423	CPU_4	0	0	0	100.00	0	0	0	0	0	0
1428596024241398207	CPU_4	0	0	0	100.00	0	0	0	0	0	0
1428596024949932465	CPU_4	0	0	0	100.00	0	0	0	0	0	0
1428596025651199797	CPU_4	0	0	0	100.00	0	0	0	0	0	0
1428596026361005425	CPU_4	0	0	0	100.00	0	0	0	0	0	0
1428596027061361095	CPU_4	0	0	0	100.00	0	0	0	0	0	0
1428596027759401484	CPU_4	0	0	0	100.00	0	0	0	0	0	0
1428596028471003730	CPU_4	0	0	0	100.00	0	0	0	0	0	0
1428596029170667904	CPU_4	0	0	0	100.00	0	0	0	0	0	0
1428596029871191449	CPU_4	0	0	0	100.00	0	0	0	0	0	0
1428596030580550540	CPU_4	0	0	0	100.00	0	0	0	0	0	0
1428596031282277039	CPU_4	0	0	0	100.00	0	0	0	0	0	0
1428596031991220382	CPU_4	0	0	0	100.00	0	0	0	0	0	0
1428596032691938428	CPU_4	0	0	0	100.00	0	0	0	0	0	0
1428596033392429934	CPU_4	0	0	0	100.00	0	0	0	0	0	0
1428596034102754481	CPU_4	0	0	0	100.00	0	0	0	0	0	0
1428596034803091238	CPU_4	0	0	0	100.00	0	0	0	0	0	0
1428596035506851522	CPU_4	0	0	0	100.00	0	0	0	0	0	0
1428596036214568123	CPU_4	0	0	0	100.00	0	0	0	0	0	0
1428596036917749660	CPU_4	0	0	0	100.00	0	0	0	0	0	0
1428596037629766702	CPU_4	0	0	0	100.00	0	0	0	0	0	0
1428596038331954661	CPU_4	0	0	0	100.00	0	0	0	0	0	0
1428596039033310207	CPU_4	0	0	0	100.00	0	0	0	0	0	0
1428596039744971168	CPU_4	0	0	0	100.00	0	0	0	0	0	0
1428596040445162595	CPU_4	0	0	0	100.00	0	0	0	0	0	0
1428596041146482434	CPU_4	0	0	0	100.00	0	0	0	0	0	0
1428596041858154813	CPU_4	0	0	0	100.00	0	0	0	0	0	0
1428596042560358316	CPU_4	0	0	0	100.00	0	0	0	0	0	0
1428596043270174953	CPU_4	0	0	0	100.00	0	0	0	0	0	0
1428596043974359156	CPU_4	0	0	0	100.00	0	0	0	0	0	0
1428596044677538531	CPU_4	0	0	0	100.00	0	0	0	0	0	0
1428596045388803538	CPU_4	0	0	0	100.00	0	0	0	0	0	0
1428596046090890835	CPU_4	0	0	0	100.00	0	0	0	0	0	0
1428596046794794416	CPU_4	0	0	0	100.00	0	0	0	0	0	0
1428596047506744087	CPU_4	0	0	0	100.00	0	0	0	0	0	0
1428596048209161967	CPU_4	0	0	0	100.00	0	0	0	0	0	0
1428596048922125885	CPU_4	0	0	0	100.00	0	0	0	0	0	0
1428596049625467220	CPU_4	0	0	0	100.00	0	0	0	0	0	0
1428596050330996171	CPU_4	0	0	0	100.00	0	0	0	0	0	0
1428596051044629462	CPU_4	0	0	0	100.00	0	0	0	0	0	0
1428596051744582605	CPU_4	0	0	0	100.00	0	0	0	0	0	0
1428596052448286231	CPU_4	0	0	0	100.00	0	0	0	0	0	0
1428596053159407159	CPU_4	0	0	0	100.00	0	0	0	0	0	0
1428596053862517164	CPU_4	0	0	0	100.00	0	0	0	0	0	0
1428596054573818884	CPU_4	0	0	0	100.00	0	0	0	0	0	0
1428596055276666557	CPU_4	0	0	0	100.00	0	0	0	0	0	0
1428596055977567239	CPU_4	0	0	0	100.00	0	0	0	0	0	0
1428596056691051868	CPU_4	0	0	0	100.00	0	0	0	0	0	0
1428596057394017333	CPU_4	0	0	0	100.00	0	0	0	0	0	0
1428596058095776679	CPU_4	0	0	0	100.00	0	0	0	0	0	0
1428596058807689440	CPU_4	0	0	0	100.00	0	0	0	0	0	0
1428596059512473524	CPU_4	0	0	0	100.00	0	0	0	0	0	0
1428596060221495507	CPU_4	0	0	0	100.00	0	0	0	0	0	0
1428596060925355387	CPU_4	0	0	0	100.00	0	0	0	0	0	0
1428596061627443609	CPU_4	0	0	0	100.00	0	0	0	0	0	0
1428596062339324247	CPU_4	0	0	0	100.00	0	0	0	0	0	0
1428596063041900425	CPU_4	0	0	0	100.00	0	0	0	0	0	0
1428596063767155006	CPU_4	0	0	0	100.00	0	0	0	0	0	0
1428596064477944900	CPU_4	0	0	0	100.00	0	0	0	0	0	0
1428596065252530311	CPU_4	1.29	0	1.29	97.40	0	0	0	0	0	0
1428596065965556779	CPU_4	0	0	0	100.00	0	0	0	0	0	0
1428596066672551690	CPU_4	0	0	0	100.00	0	0	0	0	0	0
1428596067385814033	CPU_4	0	0	0	100.00	0	0	0	0	0	0
1428596068088855462	CPU_4	0	0	0	100.00	0	0	0	0	0	0
1428596068790757438	CPU_4	0	0	0	100.00	0	0	0	0	0	0
1428596069505242485	CPU_4	0	0	0	100.00	0	0	0	0	0	0
1428596070206490173	CPU_4	0	0	0	100.00	0	0	0	0	0	0
1428596070910770557	CPU_4	0	0	0	100.00	0	0	0	0	0	0
1428596071622932948	CPU_4	0	0	0	100.00	0	0	0	0	0	0
1428596072323927555	CPU_4	0	0	0	100.00	0	0	0	0	0	0
1428596073037264859	CPU_4	0	0	0	100.00	0	0	0	0	0	0
1428596073744073358	CPU_4	0	0	0	100.00	0	0	0	0	0	0
1428596074446942874	CPU_4	0	0	0	100.00	0	0	0	0	0	0
1428596075159443850	CPU_4	0	0	0	100.00	0	0	0	0	0	0
1428596075863100780	CPU_4	0	0	0	100.00	0	0	0	0	0	0
1428596076565321967	CPU_4	0	0	0	100.00	0	0	0	0	0	0
1428596077279511478	CPU_4	0	0	0	100.00	0	0	0	0	0	0
1428596077984348237	CPU_4	0	0	0	100.00	0	0	0	0	0	0
1428596078694773765	CPU_4	0	0	0	100.00	0	0	0	0	0	0
1428596079399132486	CPU_4	0	0	0	100.00	0	0	0	0	0	0
1428596080103969080	CPU_4	0	0	0	100.00	0	0	0	0	0	0
1428596080816897598	CPU_4	0	0	0	100.00	0	0	0	0	0	0
1428596081520934905	CPU_4	0	0	0	100.00	0	0	0	0	0	0
1428596082234481171	CPU_4	0	0	0	100.00	0	0	0	0	0	0
1428596082944835909	CPU_4	0	0	0	100.00	0	0	0	0	0	0
1428596083647798138	CPU_4	0	0	0	100.00	0	0	0	0	0	0
1428596084361253823	CPU_4	0	0	0	100.00	0	0	0	0	0	0
1428596085066747625	CPU_4	0	0	0	100.00	0	0	0	0	0	0
1428596085771275640	CPU_4	0	0	0	100.00	0	0	0	0	0	0
1428596086485915904	CPU_4	0	0	0	100.00	0	0	0	0	0	0
1428596087189177966	CPU_4	0	0	0	100.00	0	0	0	0	0	0
1428596087904636977	CPU_4	0	0	0	100.00	0	0	0	0	0	0
1428596088607708958	CPU_4	0	0	0	100.00	0	0	0	0	0	0
1428596089311896560	CPU_4	0	0	0	100.00	0	0	0	0	0	0
1428596090023829129	CPU_4	0	0	0	100.00	0	0	0	0	0	0
1428596090728247313	CPU_4	0	0	0	100.00	0	0	0	0	0	0
1428596091432872122	CPU_4	0	0	0	100.00	0	0	0	0	0	0
1428596092145524189	CPU_4	0	0	0	100.00	0	0	0	0	0	0
1428596092848159258	CPU_4	0	0	0	100.00	0	0	0	0	0	0
1428596093563800146	CPU_4	0	0	0	100.00	0	0	0	0	0	0
1428596094267114920	CPU_4	0	0	0	100.00	0	0	0	0	0	0
1428596094972217604	CPU_4	0	0	0	100.00	0	0	0	0	0	0
1428596095684940047	CPU_4	0	0	0	100.00	0	0	0	0	0	0
1428596096391503767	CPU_4	0	0	0	100.00	0	0	0	0	0	0
1428596097094262462	CPU_4	0	0	0	100.00	0	0	0	0	0	0
1428596097808554233	CPU_4	0	0	0	100.00	0	0	0	0	0	0
1428596098513952418	CPU_4	0	0	0	100.00	0	0	0	0	0	0
1428596099226635863	CPU_4	0	0	0	100.00	0	0	0	0	0	0
1428596099930994928	CPU_4	0	0	0	100.00	0	0	0	0	0	0
1428596100636085448	CPU_4	0	0	0	100.00	0	0	0	0	0	0
1428596101347777940	CPU_4	0	0	0	100.00	0	0	0	0	0	0
1428596102054080997	CPU_4	0	0	0	100.00	0	0	0	0	0	0
1428596102767668316	CPU_4	0	0	0	100.00	0	0	0	0	0	0
1428596103478274022	CPU_4	0	0	0	100.00	0	0	0	0	0	0
1428596104181823842	CPU_4	0	0	0	100.00	0	0	0	0	0	0
1428596104896454907	CPU_4	0	0	0	100.00	0	0	0	0	0	0
1428596105598293985	CPU_4	0	0	0	100.00	0	0	0	0	0	0
1428596106304438712	CPU_4	0	0	0	100.00	0	0	0	0	0	0
1428596107018954112	CPU_4	0	0	0	100.00	0	0	0	0	0	0
1428596107723518596	CPU_4	0	0	0	100.00	0	0	0	0	0	0
1428596108437056709	CPU_4	0	0	0	100.00	0	0	0	0	0	0
1428596109142091900	CPU_4	0	0	0	100.00	0	0	0	0	0	0
1428596109846733011	CPU_4	0	0	0	100.00	0	0	0	0	0	0
1428596110560731664	CPU_4	0	0	0	100.00	0	0	0	0	0	0
1428596111264072739	CPU_4	0	0	0	100.00	0	0	0	0	0	0
1428596111970733383	CPU_4	0	0	0	100.00	0	0	0	0	0	0
1428596112681740759	CPU_4	0	0	0	100.00	0	0	0	0	0	0
1428596113387566199	CPU_4	0	0	0	100.00	0	0	0	0	0	0
1428596114104414259	CPU_4	0	0	0	100.00	0	0	0	0	0	0
1428596114807795377	CPU_4	0	0	0	100.00	0	0	0	0	0	0
1428596115512938947	CPU_4	0	0	0	100.00	0	0	0	0	0	0
1428596116229333218	CPU_4	0	0	0	100.00	0	0	0	0	0	0
1428596116931911382	CPU_4	0	0	0	100.00	0	0	0	0	0	0
1428596117640629312	CPU_4	0	0	0	100.00	0	0	0	0	0	0
1428596118352753686	CPU_4	0	0	0	100.00	0	0	0	0	0	0
1428596119058263839	CPU_4	0	0	0	100.00	0	0	0	0	0	0
1428596119773070244	CPU_4	0	0	0	100.00	0	0	0	0	0	0
1428596120480570681	CPU_4	0	0	0	100.00	0	0	0	0	0	0
1428596121185748919	CPU_4	0	0	0	100.00	0	0	0	0	0	0
1428596121901400447	CPU_4	0	0	0	100.00	0	0	0	0	0	0
1428596122607365683	CPU_4	0	0	0	100.00	0	0	0	0	0	0
1428596123321767133	CPU_4	0	0	0	100.00	0	0	0	0	0	0
1428596124026048502	CPU_4	0	0	0	100.00	0	0	0	0	0	0
1428596124732111155	CPU_4	0	0	0	100.00	0	0	0	0	0	0
1428596125446615939	CPU_4	0	0	0	100.00	0	0	0	0	0	0
1428596126151201891	CPU_4	0	0	0	100.00	0	0	0	0	0	0
1428596126856914255	CPU_4	0	0	0	100.00	0	0	0	0	0	0
1428596127573860988	CPU_4	0	0	0	100.00	0	0	0	0	0	0
1428596128277471154	CPU_4	0	0	0	100.00	0	0	0	0	0	0
1428596128994030389	CPU_4	0	0	0	100.00	0	0	0	0	0	0
1428596129699151466	CPU_4	0	0	0	100.00	0	0	0	0	0	0
1428596130403386588	CPU_4	0	0	0	100.00	0	0	0	0	0	0
1428596131118547247	CPU_4	0	0	0	100.00	0	0	0	0	0	0
1428596131823940699	CPU_4	0	0	0	100.00	0	0	0	0	0	0
1428596132538391654	CPU_4	0	0	0	100.00	0	0	0	0	0	0
1428596133247460423	CPU_4	0	0	0	100.00	0	0	0	0	0	0
1428596133961344839	CPU_4	0	0	0	100.00	0	0	0	0	0	0
1428596134677419955	CPU_4	0	0	0	100.00	0	0	0	0	0	0
1428596135379964879	CPU_4	0	0	0	100.00	0	0	0	0	0	0
1428596136087525948	CPU_4	0	0	0	100.00	0	0	0	0	0	0
1428596136802104488	CPU_4	0	0	0	100.00	0	0	0	0	0	0
1428596137506404780	CPU_4	0	0	0	100.00	0	0	0	0	0	0
1428596138222549939	CPU_4	0	0	0	100.00	0	0	0	0	0	0
1428596138929505387	CPU_4	0	0	0	100.00	0	0	0	0	0	0
1428596139634859009	CPU_4	0	0	0	100.00	0	0	0	0	0	0
1428596140353962573	CPU_4	0	0	0	100.00	0	0	0	0	0	0
1428596141059075988	CPU_4	0	0	0	100.00	0	0	0	0	0	0
1428596141768442886	CPU_4	0	0	0	100.00	0	0	0	0	0	0
1428596142479884275	CPU_4	0	0	0	100.00	0	0	0	0	0	0
1428596143186496894	CPU_4	0	0	0	100.00	0	0	0	0	0	0
1428596143901273061	CPU_4	0	0	0	100.00	0	0	0	0	0	0
1428596144606990643	CPU_4	0	0	0	100.00	0	0	0	0	0	0
1428596145311632896	CPU_4	0	0	0	100.00	0	0	0	0	0	0
1428596146027770392	CPU_4	0	0	0	100.00	0	0	0	0	0	0
1428596146731074860	CPU_4	0	0	0	100.00	0	0	0	0	0	0
1428596147453011499	CPU_4	0	0	0	100.00	0	0	0	0	0	0
1428596148159161163	CPU_4	0	0	0	100.00	0	0	0	0	0	0
1428596148862950297	CPU_4	0	0	0	100.00	0	0	0	0	0	0
1428596149577220844	CPU_4	0	0	0	100.00	0	0	0	0	0	0
1428596150284399422	CPU_4	0	0	0	100.00	0	0	0	0	0	0
1428596150986315398	CPU_4	0	0	0	100.00	0	0	0	0	0	0
1428596151706139673	CPU_4	0	0	0	100.00	0	0	0	0	0	0
1428596152411655217	CPU_4	0	0	0	100.00	0	0	0	0	0	0
1428596153130417539	CPU_4	0	0	0	100.00	0	0	0	0	0	0
1428596153834397466	CPU_4	0	0	0	100.00	0	0	0	0	0	0
1428596154541641588	CPU_4	0	0	0	100.00	0	0	0	0	0	0
1428596155256143720	CPU_4	0	0	0	100.00	0	0	0	0	0	0
1428596155960796229	CPU_4	0	0	0	100.00	0	0	0	0	0	0
1428596156668334350	CPU_4	0	0	0	100.00	0	0	0	0	0	0
1428596157382723401	CPU_4	0	0	0	100.00	0	0	0	0	0	0
1428596158086602122	CPU_4	0	0	0	100.00	0	0	0	0	0	0
1428596158803724287	CPU_4	0	0	0	100.00	0	0	0	0	0	0
1428596159508097215	CPU_4	0	0	0	100.00	0	0	0	0	0	0
1428596160214155886	CPU_4	0	0	0	100.00	0	0	0	0	0	0
1428596160932088924	CPU_4	0	0	0	100.00	0	0	0	0	0	0
1428596161644274862	CPU_4	0	0	0	100.00	0	0	0	0	0	0
1428596162362680565	CPU_4	0	0	0	100.00	0	0	0	0	0	0
1428596163068275239	CPU_4	0	0	0	100.00	0	0	0	0	0	0
1428596163777560648	CPU_4	0	0	0	100.00	0	0	0	0	0	0
1428596164494469609	CPU_4	0	0	0	100.00	0	0	0	0	0	0
1428596165199100372	CPU_4	0	0	0	100.00	0	0	0	0	0	0
1428596165917081412	CPU_4	0	0	0	100.00	0	0	0	0	0	0
1428596166624583122	CPU_4	0	0	0	100.00	0	0	0	0	0	0
1428596167329785800	CPU_4	0	0	0	100.00	0	0	0	0	0	0
1428596168045918933	CPU_4	0	0	0	100.00	0	0	0	0	0	0
1428596168752213399	CPU_4	0	0	0	100.00	0	0	0	0	0	0
1428596169455528211	CPU_4	0	0	0	100.00	0	0	0	0	0	0
1428596170173178546	CPU_4	0	0	0	100.00	0	0	0	0	0	0
1428596170878736517	CPU_4	0	0	0	100.00	0	0	0	0	0	0
1428596171596883767	CPU_4	0	0	0	100.00	0	0	0	0	0	0
1428596172301683450	CPU_4	0	0	0	100.00	0	0	0	0	0	0
1428596173008594582	CPU_4	0	0	0	100.00	0	0	0	0	0	0
1428596173725616589	CPU_4	0	0	0	100.00	0	0	0	0	0	0
1428596174432190056	CPU_4	0	0	0	100.00	0	0	0	0	0	0
1428596175140541308	CPU_4	0	0	0	100.00	0	0	0	0	0	0
1428596175856777403	CPU_4	0	0	0	100.00	0	0	0	0	0	0
1428596176561008548	CPU_4	0	0	0	100.00	0	0	0	0	0	0
1428596177277992932	CPU_4	0	0	0	100.00	0	0	0	0	0	0
1428596177983893529	CPU_4	0	0	0	100.00	0	0	0	0	0	0
1428596178689507544	CPU_4	0	0	0	100.00	0	0	0	0	0	0
1428596179404721811	CPU_4	0	0	0	100.00	0	0	0	0	0	0
1428596180112350736	CPU_4	0	0	0	100.00	0	0	0	0	0	0
1428596180829835077	CPU_4	0	0	0	100.00	0	0	0	0	0	0
1428596181534599848	CPU_4	0	0	0	100.00	0	0	0	0	0	0
1428596182241177153	CPU_4	0	0	0	100.00	0	0	0	0	0	0
1428596182956428588	CPU_4	0	0	0	100.00	0	0	0	0	0	0
1428596183670425612	CPU_4	0	0	0	100.00	0	0	0	0	0	0
1428596184400070613	CPU_4	0	0	0	100.00	0	0	0	0	0	0
1428596185187948159	CPU_4	1.28	0	1.28	97.43	0	0	0	0	0	0
1428596185895600378	CPU_4	0	0	0	100.00	0	0	0	0	0	0
1428596186614117843	CPU_4	0	0	0	100.00	0	0	0	0	0	0
1428596187321920478	CPU_4	0	0	0	100.00	0	0	0	0	0	0
1428596188037456582	CPU_4	0	0	0	100.00	0	0	0	0	0	0
1428596188746438546	CPU_4	0	0	0	100.00	0	0	0	0	0	0
1428596189450638532	CPU_4	0	0	0	100.00	0	0	0	0	0	0
1428596190167333631	CPU_4	0	0	0	100.00	0	0	0	0	0	0
1428596190873273485	CPU_4	0	0	0	100.00	0	0	0	0	0	0
1428596191577614929	CPU_4	0	0	0	100.00	0	0	0	0	0	0
1428596192293102201	CPU_4	0	0	0	100.00	0	0	0	0	0	0
1428596193001487462	CPU_4	0	0	0	100.00	0	0	0	0	0	0
1428596193718593103	CPU_4	0	0	0	100.00	0	0	0	0	0	0
1428596194426634492	CPU_4	0	0	0	100.00	0	0	0	0	0	0
1428596195134480423	CPU_4	0	0	0	100.00	0	0	0	0	0	0
1428596195852351895	CPU_4	0	0	0	100.00	0	0	0	0	0	0
1428596196558143960	CPU_4	0	0	0	100.00	0	0	0	0	0	0
1428596197275434519	CPU_4	0	0	0	100.00	0	0	0	0	0	0
1428596197983379201	CPU_4	0	0	0	100.00	0	0	0	0	0	0
1428596198689888181	CPU_4	0	0	0	100.00	0	0	0	0	0	0
1428596199406117121	CPU_4	0	0	0	100.00	0	0	0	0	0	0
1428596200114884592	CPU_4	0	0	0	100.00	0	0	0	0	0	0
1428596200823190482	CPU_4	0	0	0	100.00	0	0	0	0	0	0
1428596201538931967	CPU_4	0	0	0	100.00	0	0	0	0	0	0
1428596202248020104	CPU_4	0	0	0	100.00	0	0	0	0	0	0
1428596202963851756	CPU_4	0	0	0	100.00	0	0	0	0	0	0
1428596203672223564	CPU_4	0	0	0	100.00	0	0	0	0	0	0
1428596204384711188	CPU_4	0	0	0	100.00	0	0	0	0	0	0
1428596205103414787	CPU_4	0	0	0	100.00	0	0	0	0	0	0
1428596205811332056	CPU_4	0	0	0	100.00	0	0	0	0	0	0
1428596206529438783	CPU_4	0	0	0	100.00	0	0	0	0	0	0
1428596207241793701	CPU_4	0	0	0	100.00	0	0	0	0	0	0
1428596207947136357	CPU_4	0	0	0	100.00	0	0	0	0	0	0
1428596208666085582	CPU_4	0	0	0	100.00	0	0	0	0	0	0
1428596209373978061	CPU_4	0	0	0	100.00	0	0	0	0	0	0
1428596210092578204	CPU_4	0	0	0	100.00	0	0	0	0	0	0
1428596210801953053	CPU_4	0	0	0	100.00	0	0	0	0	0	0
1428596211510926696	CPU_4	0	0	0	100.00	0	0	0	0	0	0
1428596212231160209	CPU_4	0	0	0	100.00	0	0	0	0	0	0
1428596212938213860	CPU_4	0	0	0	100.00	0	0	0	0	0	0
1428596213646344049	CPU_4	0	0	0	100.00	0	0	0	0	0	0
1428596214364971569	CPU_4	0	0	0	100.00	0	0	0	0	0	0
1428596215070607228	CPU_4	0	0	0	100.00	0	0	0	0	0	0
1428596215790500535	CPU_4	0	0	0	100.00	0	0	0	0	0	0
1428596216500249969	CPU_4	0	0	0	100.00	0	0	0	0	0	0
1428596217208241994	CPU_4	0	0	0	100.00	0	0	0	0	0	0
1428596217926583225	CPU_4	0	0	0	100.00	0	0	0	0	0	0
1428596218636259494	CPU_4	0	0	0	100.00	0	0	0	0	0	0
1428596219356032803	CPU_4	0	0	0	100.00	0	0	0	0	0	0
1428596220062810168	CPU_4	0	0	0	100.00	0	0	0	0	0	0
1428596220772525604	CPU_4	0	0	0	100.00	0	0	0	0	0	0
1428596221492078499	CPU_4	0	0	0	100.00	0	0	0	0	0	0
1428596222199302487	CPU_4	0	0	0	100.00	0	0	0	0	0	0
1428596222923152448	CPU_4	0	0	0	100.00	0	0	0	0	0	0
1428596223635045710	CPU_4	0	0	0	100.00	0	0	0	0	0	0
1428596224345095604	CPU_4	0	0	0	100.00	0	0	0	0	0	0
1428596225063012091	CPU_4	0	0	0	100.00	0	0	0	0	0	0
1428596225773296111	CPU_4	0	0	0	100.00	0	0	0	0	0	0
1428596226485454081	CPU_4	0	0	0	100.00	0	0	0	0	0	0
1428596227203138403	CPU_4	0	0	0	100.00	0	0	0	0	0	0
1428596227910476978	CPU_4	0	0	0	100.00	0	0	0	0	0	0
1428596228631336287	CPU_4	0	0	0	100.00	0	0	0	0	0	0
1428596229338502488	CPU_4	0	0	0	100.00	0	0	0	0	0	0
1428596230048206887	CPU_4	0	0	0	100.00	0	0	0	0	0	0
1428596230766030836	CPU_4	0	0	0	100.00	0	0	0	0	0	0
1428596231475165696	CPU_4	0	0	0	100.00	0	0	0	0	0	0
1428596232191479360	CPU_4	0	0	0	100.00	0	0	0	0	0	0
1428596232900995177	CPU_4	0	0	0	100.00	0	0	0	0	0	0
1428596233608338255	CPU_4	0	0	0	100.00	0	0	0	0	0	0
1428596234338885027	CPU_4	0	0	0	100.00	0	0	0	0	0	0
1428596235047128601	CPU_4	0	0	0	100.00	0	0	0	0	0	0
1428596235768214455	CPU_4	0	0	0	100.00	0	0	0	0	0	0
1428596236476376072	CPU_4	0	0	0	100.00	0	0	0	0	0	0
1428596237185086770	CPU_4	0	0	0	100.00	0	0	0	0	0	0
1428596237903074305	CPU_4	0	0	0	100.00	0	0	0	0	0	0
1428596238614672200	CPU_4	0	0	0	100.00	0	0	0	0	0	0
1428596239327884339	CPU_4	0	0	0	100.00	0	0	0	0	0	0
1428596240041257769	CPU_4	0	0	0	100.00	0	0	0	0	0	0
1428596240750879465	CPU_4	0	0	0	100.00	0	0	0	0	0	0
1428596241466746802	CPU_4	0	0	0	100.00	0	0	0	0	0	0
1428596242174484007	CPU_4	0	0	0	100.00	0	0	0	0	0	0
1428596242884864951	CPU_4	0	0	0	100.00	0	0	0	0	0	0
1428596243610003709	CPU_4	0	0	0	100.00	0	0	0	0	0	0
1428596244319137450	CPU_4	0	0	0	100.00	0	0	0	0	0	0
1428596245037489445	CPU_4	0	0	0	100.00	0	0	0	0	0	0
1428596245747923557	CPU_4	0	0	0	100.00	0	0	0	0	0	0
1428596246454111021	CPU_4	0	0	0	100.00	0	0	0	0	0	0
1428596247174174343	CPU_4	0	0	0	100.00	0	0	0	0	0	0
1428596247884261041	CPU_4	0	0	0	100.00	0	0	0	0	0	0
1428596248604734404	CPU_4	0	0	0	100.00	0	0	0	0	0	0
1428596249316325763	CPU_4	0	0	0	100.00	0	0	0	0	0	0
1428596250026568211	CPU_4	0	0	0	100.00	0	0	0	0	0	0
1428596250748515986	CPU_4	0	0	0	100.00	0	0	0	0	0	0
1428596251456196445	CPU_4	0	0	0	100.00	0	0	0	0	0	0
1428596252180282628	CPU_4	0	0	0	100.00	0	0	0	0	0	0
1428596252892739985	CPU_4	0	0	0	100.00	0	0	0	0	0	0
1428596253602153022	CPU_4	0	0	0	100.00	0	0	0	0	0	0
1428596254322762471	CPU_4	0	0	0	100.00	0	0	0	0	0	0
1428596255031633719	CPU_4	0	0	0	100.00	0	0	0	0	0	0
1428596255743168164	CPU_4	0	0	0	100.00	0	0	0	0	0	0
1428596256461825997	CPU_4	0	0	0	100.00	0	0	0	0	0	0
1428596257171360077	CPU_4	0	0	0	100.00	0	0	0	0	0	0
1428596257891076489	CPU_4	0	0	0	100.00	0	0	0	0	0	0
1428596258601625357	CPU_4	0	0	0	100.00	0	0	0	0	0	0
1428596259311370312	CPU_4	0	0	0	100.00	0	0	0	0	0	0
1428596260031257433	CPU_4	0	0	0	100.00	0	0	0	0	0	0
1428596260739521353	CPU_4	0	0	0	100.00	0	0	0	0	0	0
1428596261460405221	CPU_4	0	0	0	100.00	0	0	0	0	0	0
1428596262169734762	CPU_4	0	0	0	100.00	0	0	0	0	0	0
1428596262882412748	CPU_4	0	0	0	100.00	0	0	0	0	0	0
1428596263599563549	CPU_4	0	0	0	100.00	0	0	0	0	0	0
1428596264311254998	CPU_4	0	0	0	100.00	0	0	0	0	0	0
1428596265029952627	CPU_4	0	0	0	100.00	0	0	0	0	0	0
1428596265742233241	CPU_4	0	0	0	100.00	0	0	0	0	0	0
1428596266452232615	CPU_4	0	0	0	100.00	0	0	0	0	0	0
1428596267173082694	CPU_4	0	0	0	100.00	0	0	0	0	0	0
1428596267884366522	CPU_4	0	0	0	100.00	0	0	0	0	0	0
1428596268612942778	CPU_4	0	0	0	100.00	0	0	0	0	0	0
1428596269328299047	CPU_4	0	0	0	100.00	0	0	0	0	0	0
1428596270039861708	CPU_4	0	0	0	100.00	0	0	0	0	0	0
1428596270757825468	CPU_4	0	0	0	100.00	0	0	0	0	0	0
1428596271468030635	CPU_4	0	0	0	100.00	0	0	0	0	0	0
1428596272179367381	CPU_4	0	0	0	100.00	0	0	0	0	0	0
1428596272901187418	CPU_4	0	0	0	100.00	0	0	0	0	0	0
1428596273608061891	CPU_4	0	0	0	100.00	0	0	0	0	0	0
1428596274333946536	CPU_4	0	0	0	100.00	0	0	0	0	0	0
1428596275042428171	CPU_4	0	0	0	100.00	0	0	0	0	0	0
1428596275753141713	CPU_4	0	0	0	100.00	0	0	0	0	0	0
1428596276471704848	CPU_4	0	0	0	100.00	0	0	0	0	0	0
1428596277182178017	CPU_4	0	0	0	100.00	0	0	0	0	0	0
1428596277901411608	CPU_4	0	0	0	100.00	0	0	0	0	0	0
1428596278613359480	CPU_4	0	0	0	100.00	0	0	0	0	0	0
1428596279322472114	CPU_4	0	0	0	100.00	0	0	0	0	0	0
1428596280042284912	CPU_4	0	0	0	100.00	0	0	0	0	0	0
1428596280752040919	CPU_4	0	0	0	100.00	0	0	0	0	0	0
1428596281471966051	CPU_4	0	0	0	100.00	0	0	0	0	0	0
1428596282180581146	CPU_4	0	0	0	100.00	0	0	0	0	0	0
1428596282890131197	CPU_4	0	0	0	100.00	0	0	0	0	0	0
1428596283611355658	CPU_4	0	0	0	100.00	0	0	0	0	0	0
1428596284323559156	CPU_4	0	0	0	100.00	0	0	0	0	0	0
1428596285052730585	CPU_4	0	0	0	100.00	0	0	0	0	0	0
1428596285761069558	CPU_4	0	0	0	100.00	0	0	0	0	0	0
1428596286470413736	CPU_4	0	0	0	100.00	0	0	0	0	0	0
1428596287190951952	CPU_4	0	0	0	100.00	0	0	0	0	0	0
1428596287899120594	CPU_4	0	0	0	100.00	0	0	0	0	0	0
1428596288611518719	CPU_4	0	0	0	100.00	0	0	0	0	0	0
1428596289332073768	CPU_4	0	0	0	100.00	0	0	0	0	0	0
1428596290045873180	CPU_4	0	0	0	100.00	0	0	0	0	0	0
1428596290766289939	CPU_4	0	0	0	100.00	0	0	0	0	0	0
1428596291476000951	CPU_4	0	0	0	100.00	0	0	0	0	0	0
1428596292185498423	CPU_4	0	0	0	100.00	0	0	0	0	0	0
1428596292904135774	CPU_4	0	0	0	100.00	0	0	0	0	0	0
1428596293614015537	CPU_4	0	0	0	100.00	0	0	0	0	0	0
1428596294335614585	CPU_4	0	0	0	100.00	0	0	0	0	0	0
1428596295043994855	CPU_4	0	0	0	100.00	0	0	0	0	0	0
1428596295757464437	CPU_4	0	0	0	100.00	0	0	0	0	0	0
1428596296478162198	CPU_4	0	0	0	100.00	0	0	0	0	0	0
1428596297189561914	CPU_4	0	0	0	100.00	0	0	0	0	0	0
1428596297911656878	CPU_4	0	0	0	100.00	0	0	0	0	0	0
1428596298625126379	CPU_4	0	0	0	100.00	0	0	0	0	0	0
1428596299336047432	CPU_4	0	0	0	100.00	0	0	0	0	0	0
1428596300054555953	CPU_4	0	0	0	100.00	0	0	0	0	0	0
1428596300765481382	CPU_4	0	0	0	100.00	0	0	0	0	0	0
1428596301487409640	CPU_4	0	0	0	100.00	0	0	0	0	0	0
1428596302202881676	CPU_4	0	0	0	100.00	0	0	0	0	0	0
1428596302913744981	CPU_4	0	0	0	100.00	0	0	0	0	0	0
1428596303640991426	CPU_4	0	0	0	100.00	0	0	0	0	0	0
1428596304361081069	CPU_4	0	0	0	100.00	0	0	0	0	0	0
1428596305152978831	CPU_4	1.28	0	0	98.71	0	0	0	0	0	0
1428596305870138903	CPU_4	0	0	0	100.00	0	0	0	0	0	0
1428596306579858506	CPU_4	0	0	0	100.00	0	0	0	0	0	0
1428596307301451060	CPU_4	0	0	0	100.00	0	0	0	0	0	0
1428596308012033702	CPU_4	0	0	0	100.00	0	0	0	0	0	0
1428596308734230004	CPU_4	0	0	0	100.00	0	0	0	0	0	0
1428596309446113475	CPU_4	0	0	0	100.00	0	0	0	0	0	0
1428596310157520656	CPU_4	0	0	0	100.00	0	0	0	0	0	0
1428596310879876625	CPU_4	0	0	0	100.00	0	0	0	0	0	0
1428596311590082604	CPU_4	0	0	0	100.00	0	0	0	0	0	0
1428596312309528336	CPU_4	0	0	0	100.00	0	0	0	0	0	0
1428596313021148101	CPU_4	0	0	0	100.00	0	0	0	0	0	0
1428596313730880874	CPU_4	0	0	0	100.00	0	0	0	0	0	0
1428596314451729394	CPU_4	0	0	0	100.00	0	0	0	0	0	0
1428596315161591125	CPU_4	0	0	0	100.00	0	0	0	0	0	0
1428596315889438158	CPU_4	0	0	0	100.00	0	0	0	0	0	0
1428596316599197682	CPU_4	0	0	0	100.00	0	0	0	0	0	0
1428596317309510205	CPU_4	0	0	0	100.00	0	0	0	0	0	0
1428596318031530971	CPU_4	0	0	0	100.00	0	0	0	0	0	0
1428596318741788036	CPU_4	0	0	0	100.00	0	0	0	0	0	0
1428596319459759528	CPU_4	0	0	0	100.00	0	0	0	0	0	0
1428596320173929952	CPU_4	0	0	0	100.00	0	0	0	0	0	0
1428596320884148060	CPU_4	0	0	0	100.00	0	0	0	0	0	0
1428596321607575156	CPU_4	0	0	0	100.00	0	0	0	0	0	0
1428596322317661973	CPU_4	0	0	0	100.00	0	0	0	0	0	0
1428596323031948063	CPU_4	0	0	0	100.00	0	0	0	0	0	0
1428596323749951601	CPU_4	0	0	0	100.00	0	0	0	0	0	0
1428596324463172865	CPU_4	0	0	0	100.00	0	0	0	0	0	0
1428596325184288013	CPU_4	0	0	0	100.00	0	0	0	0	0	0
1428596325893897418	CPU_4	0	0	0	100.00	0	0	0	0	0	0
1428596326606222437	CPU_4	0	0	0	100.00	0	0	0	0	0	0
1428596327329354536	CPU_4	0	0	0	100.00	0	0	0	0	0	0
1428596328041692430	CPU_4	0	0	0	100.00	0	0	0	0	0	0
1428596328762327999	CPU_4	0	0	0	100.00	0	0	0	0	0	0
1428596329474197313	CPU_4	0	0	0	100.00	0	0	0	0	0	0
1428596330186086668	CPU_4	0	0	0	100.00	0	0	0	0	0	0
1428596330905669784	CPU_4	0	0	0	100.00	0	0	0	0	0	0
1428596331615804523	CPU_4	0	0	0	100.00	0	0	0	0	0	0
1428596332337049132	CPU_4	0	0	0	100.00	0	0	0	0	0	0
1428596333049166071	CPU_4	0	0	0	100.00	0	0	0	0	0	0
1428596333760117850	CPU_4	0	0	0	100.00	0	0	0	0	0	0
1428596334483207953	CPU_4	0	0	0	100.00	0	0	0	0	0	0
1428596335192775779	CPU_4	0	0	0	100.00	0	0	0	0	0	0
1428596335912117231	CPU_4	0	0	0	100.00	0	0	0	0	0	0
1428596336622293055	CPU_4	0	0	0	100.00	0	0	0	0	0	0
1428596337334907411	CPU_4	0	0	0	100.00	0	0	0	0	0	0
1428596338056211399	CPU_4	0	0	0	100.00	0	0	0	0	0	0
1428596338769468253	CPU_4	0	0	0	100.00	0	0	0	0	0	0
1428596339497690379	CPU_4	0	0	0	100.00	0	0	0	0	0	0
1428596340210832067	CPU_4	0	0	0	100.00	0	0	0	0	0	0
1428596340921656599	CPU_4	0	0	0	100.00	0	0	0	0	0	0
1428596341648414358	CPU_4	0	0	0	100.00	0	0	0	0	0	0
1428596342360575760	CPU_4	0	0	0	100.00	0	0	0	0	0	0
1428596343090175798	CPU_4	0	0	0	100.00	0	0	0	0	0	0
1428596343800615333	CPU_4	0	0	0	100.00	0	0	0	0	0	0
1428596344515060602	CPU_4	0	0	0	100.00	0	0	0	0	0	0
1428596345236281093	CPU_4	0	0	0	100.00	0	0	0	0	0	0
1428596345947386543	CPU_4	0	0	0	100.00	0	0	0	0	0	0
1428596346659341031	CPU_4	0	0	0	100.00	0	0	0	0	0	0
1428596347385608128	CPU_4	0	0	0	100.00	0	0	0	0	0	0
1428596348099811024	CPU_4	0	0	0	100.00	0	0	0	0	0	0
1428596348821966846	CPU_4	0	0	0	100.00	0	0	0	0	0	0
1428596349534882040	CPU_4	0	0	0	100.00	0	0	0	0	0	0
1428596350247584027	CPU_4	0	0	0	100.00	0	0	0	0	0	0
1428596350967267944	CPU_4	0	0	0	100.00	0	0	0	0	0	0
1428596351679977640	CPU_4	0	0	0	100.00	0	0	0	0	0	0
1428596352403502084	CPU_4	0	0	0	100.00	0	0	0	0	0	0
1428596353118582145	CPU_4	0	0	0	100.00	0	0	0	0	0	0
1428596353827894815	CPU_4	0	0	0	100.00	0	0	0	0	0	0
1428596354551069094	CPU_4	0	0	0	100.00	0	0	0	0	0	0
1428596355262605088	CPU_4	0	0	0	100.00	0	0	0	0	0	0
1428596355984435499	CPU_4	0	0	0	100.00	0	0	0	0	0	0
1428596356695247830	CPU_4	0	0	0	100.00	0	0	0	0	0	0
1428596357408930400	CPU_4	0	0	0	100.00	0	0	0	0	0	0
1428596358132768136	CPU_4	0	0	0	100.00	0	0	0	0	0	0
1428596358844484965	CPU_4	0	0	0	100.00	0	0	0	0	0	0
1428596359567098415	CPU_4	0	0	0	100.00	0	0	0	0	0	0
1428596360279592866	CPU_4	0	0	0	100.00	0	0	0	0	0	0
1428596360990389866	CPU_4	0	0	0	100.00	0	0	0	0	0	0
1428596361715362350	CPU_4	0	0	0	100.00	0	0	0	0	0	0
1428596362427764219	CPU_4	0	0	0	100.00	0	0	0	0	0	0
1428596363151840666	CPU_4	0	0	0	100.00	0	0	0	0	0	0
1428596363861538713	CPU_4	0	0	0	100.00	0	0	0	0	0	0
1428596364575606618	CPU_4	0	0	0	100.00	0	0	0	0	0	0
1428596365296601953	CPU_4	0	0	0	100.00	0	0	0	0	0	0
1428596366007934703	CPU_4	0	0	0	100.00	0	0	0	0	0	0
1428596366729577995	CPU_4	0	0	0	100.00	0	0	0	0	0	0
1428596367443129028	CPU_4	0	0	0	100.00	0	0	0	0	0	0
1428596368158819303	CPU_4	0	0	0	100.00	0	0	0	0	0	0
1428596368884580537	CPU_4	0	0	0	100.00	0	0	0	0	0	0
1428596369598575653	CPU_4	0	0	0	100.00	0	0	0	0	0	0
1428596370320825152	CPU_4	0	0	0	100.00	0	0	0	0	0	0
1428596371032009656	CPU_4	0	0	0	100.00	0	0	0	0	0	0
1428596371744962693	CPU_4	0	0	0	100.00	0	0	0	0	0	0
1428596372467532276	CPU_4	0	0	0	100.00	0	0	0	0	0	0
1428596373180403773	CPU_4	0	0	0	100.00	0	0	0	0	0	0
1428596373899152205	CPU_4	0	0	0	100.00	0	0	0	0	0	0
1428596374616203769	CPU_4	0	0	0	100.00	0	0	0	0	0	0
1428596375328377604	CPU_4	0	0	0	100.00	0	0	0	0	0	0
1428596376052708514	CPU_4	0	0	0	100.00	0	0	0	0	0	0
1428596376764739558	CPU_4	0	0	0	100.00	0	0	0	0	0	0
1428596377489862632	CPU_4	0	0	0	100.00	0	0	0	0	0	0
1428596378201503262	CPU_4	0	0	0	100.00	0	0	0	0	0	0
1428596378912945851	CPU_4	0	0	0	100.00	0	0	0	0	0	0
1428596379640288542	CPU_4	0	0	0	100.00	0	0	0	0	0	0
1428596380352935252	CPU_4	0	0	0	100.00	0	0	0	0	0	0
1428596381081389356	CPU_4	0	0	0	100.00	0	0	0	0	0	0
1428596381793547652	CPU_4	0	0	0	100.00	0	0	0	0	0	0
1428596382506648153	CPU_4	0	0	0	100.00	0	0	0	0	0	0
1428596383229096699	CPU_4	0	0	0	100.00	0	0	0	0	0	0
1428596383941081289	CPU_4	0	0	0	100.00	0	0	0	0	0	0
1428596384655692576	CPU_4	0	0	0	100.00	0	0	0	0	0	0
1428596385376704088	CPU_4	0	0	0	100.00	0	0	0	0	0	0
1428596386092446579	CPU_4	0	0	0	100.00	0	0	0	0	0	0
1428596386813810799	CPU_4	0	0	0	100.00	0	0	0	0	0	0
1428596387528330213	CPU_4	0	0	0	100.00	0	0	0	0	0	0
1428596388242741377	CPU_4	0	0	0	100.00	0	0	0	0	0	0
1428596388970416030	CPU_4	0	0	0	100.00	0	0	0	0	0	0
1428596389683719450	CPU_4	0	0	0	100.00	0	0	0	0	0	0
1428596390406156959	CPU_4	0	0	0	100.00	0	0	0	0	0	0
1428596391120188710	CPU_4	0	0	0	100.00	0	0	0	0	0	0
1428596391830963766	CPU_4	0	0	0	100.00	0	0	0	0	0	0
1428596392554844811	CPU_4	0	0	0	100.00	0	0	0	0	0	0
1428596393269165270	CPU_4	0	0	0	100.00	0	0	0	0	0	0
1428596393996030512	CPU_4	0	0	0	100.00	0	0	0	0	0	0
1428596394710045349	CPU_4	0	0	0	100.00	0	0	0	0	0	0
1428596395423127314	CPU_4	0	0	0	100.00	0	0	0	0	0	0
1428596396148487063	CPU_4	0	0	0	100.00	0	0	0	0	0	0
1428596396861075989	CPU_4	0	0	0	100.00	0	0	0	0	0	0
1428596397584973953	CPU_4	0	0	0	100.00	0	0	0	0	0	0
1428596398299025333	CPU_4	0	0	0	100.00	0	0	0	0	0	0
1428596399019512228	CPU_4	0	0	0	100.00	0	0	0	0	0	0
1428596399741818950	CPU_4	0	0	0	100.00	0	0	0	0	0	0
1428596400455003876	CPU_4	0	0	0	100.00	0	0	0	0	0	0
1428596401179159007	CPU_4	0	0	0	100.00	0	0	0	0	0	0
1428596401891935727	CPU_4	0	0	0	100.00	0	0	0	0	0	0
1428596402606051775	CPU_4	0	0	0	100.00	0	0	0	0	0	0
1428596403329087912	CPU_4	0	0	0	100.00	0	0	0	0	0	0
1428596404046954570	CPU_4	0	0	0	100.00	0	0	0	0	0	0
1428596404784014151	CPU_4	0	0	0	100.00	0	0	0	0	0	0
1428596405497989951	CPU_4	0	0	0	100.00	0	0	0	0	0	0
1428596406211829210	CPU_4	0	0	0	100.00	0	0	0	0	0	0
1428596406938560333	CPU_4	0	0	0	100.00	0	0	0	0	0	0
1428596407651851137	CPU_4	0	0	0	100.00	0	0	0	0	0	0
1428596408374875777	CPU_4	0	0	0	100.00	0	0	0	0	0	0
1428596409122665315	CPU_4	0	0	0	100.00	0	0	0	0	0	0
1428596409856724577	CPU_4	0	0	0	100.00	0	0	0	0	0	0
1428596410569948758	CPU_4	0	0	0	100.00	0	0	0	0	0	0
1428596411282403817	CPU_4	0	0	0	100.00	0	0	0	0	0	0
1428596412007261242	CPU_4	0	0	0	100.00	0	0	0	0	0	0
1428596412719905759	CPU_4	0	0	0	100.00	0	0	0	0	0	0
1428596413443238817	CPU_4	0	0	0	100.00	0	0	0	0	0	0
1428596414157811077	CPU_4	0	0	0	100.00	0	0	0	0	0	0
1428596414871397466	CPU_4	0	0	0	100.00	0	0	0	0	0	0
1428596415594070735	CPU_4	0	0	0	100.00	0	0	0	0	0	0
1428596416307365002	CPU_4	0	0	0	100.00	0	0	0	0	0	0
1428596417034124505	CPU_4	0	0	0	100.00	0	0	0	0	0	0
1428596417748851516	CPU_4	0	0	0	100.00	0	0	0	0	0	0
1428596418460613414	CPU_4	0	0	0	100.00	0	0	0	0	0	0
1428596419184153265	CPU_4	0	0	0	100.00	0	0	0	0	0	0
1428596419896902285	CPU_4	0	0	0	100.00	0	0	0	0	0	0
1428596420618126480	CPU_4	0	0	0	100.00	0	0	0	0	0	0
1428596421336581061	CPU_4	0	0	0	100.00	0	0	0	0	0	0
1428596422050853117	CPU_4	0	0	0	100.00	0	0	0	0	0	0
1428596422776211671	CPU_4	0	0	0	100.00	0	0	0	0	0	0
1428596423485621915	CPU_4	0	0	0	100.00	0	0	0	0	0	0
1428596424215941990	CPU_4	0	0	0	100.00	0	0	0	0	0	0
1428596424957513729	CPU_4	0	0	0	100.00	0	0	0	0	0	0
1428596425674791525	CPU_4	0	0	0	100.00	0	0	0	0	0	0
1428596426395271267	CPU_4	0	0	0	100.00	0	0	0	0	0	0
1428596427114320807	CPU_4	0	0	0	100.00	0	0	0	0	0	0
1428596427837040165	CPU_4	0	0	0	100.00	0	0	0	0	0	0
1428596428549372691	CPU_4	0	0	0	100.00	0	0	0	0	0	0
1428596429261748592	CPU_4	0	0	0	100.00	0	0	0	0	0	0
1428596429998971643	CPU_4	0	0	0	100.00	0	0	0	0	0	0
1428596430713184120	CPU_4	0	0	0	100.00	0	0	0	0	0	0
1428596431434953776	CPU_4	0	0	0	100.00	0	0	0	0	0	0
1428596432149683877	CPU_4	0	0	0	100.00	0	0	0	0	0	0
1428596432862825985	CPU_4	0	0	0	100.00	0	0	0	0	0	0
1428596433590051078	CPU_4	0	0	0	100.00	0	0	0	0	0	0
1428596434301066987	CPU_4	0	0	0	100.00	0	0	0	0	0	0
1428596435024438471	CPU_4	0	0	0	100.00	0	0	0	0	0	0
1428596435739885530	CPU_4	0	0	0	100.00	0	0	0	0	0	0
1428596436452046269	CPU_4	0	0	0	100.00	0	0	0	0	0	0
1428596437176988747	CPU_4	0	0	0	100.00	0	0	0	0	0	0
1428596437890148149	CPU_4	0	0	0	100.00	0	0	0	0	0	0
1428596438616404665	CPU_4	2.81	0	4.22	92.95	0	0	0	0	0	0
1428596439329121695	CPU_4	0	0	0	100.00	0	0	0	0	0	0
1428596440043989132	CPU_4	0	0	0	100.00	0	0	0	0	0	0
1428596440780009735	CPU_4	0	0	0	100.00	0	0	0	0	0	0
1428596441499169406	CPU_4	0	0	0	100.00	0	0	0	0	0	0
1428596442221406232	CPU_4	0	0	0	100.00	0	0	0	0	0	0
1428596442934623886	CPU_4	0	0	0	100.00	0	0	0	0	0	0
1428596443647337459	CPU_4	0	0	0	100.00	0	0	0	0	0	0
1428596444368073542	CPU_4	0	0	0	100.00	0	0	0	0	0	0
1428596445085923470	CPU_4	0	0	0	100.00	0	0	0	0	0	0
1428596445810411788	CPU_4	0	0	0	100.00	0	0	0	0	0	0
1428596446524190567	CPU_4	0	0	0	100.00	0	0	0	0	0	0
1428596447236009478	CPU_4	0	0	0	100.00	0	0	0	0	0	0
1428596447960027841	CPU_4	0	0	0	100.00	0	0	0	0	0	0
1428596448673859454	CPU_4	0	0	0	100.00	0	0	0	0	0	0
1428596449397744943	CPU_4	0	0	0	100.00	0	0	0	0	0	0
1428596450112457344	CPU_4	0	0	0	100.00	0	0	0	0	0	0
1428596450829743361	CPU_4	0	0	0	100.00	0	0	0	0	0	0
1428596451552890687	CPU_4	0	0	0	100.00	0	0	0	0	0	0
1428596452266076221	CPU_4	0	0	0	100.00	0	0	0	0	0	0
1428596452992808033	CPU_4	0	0	0	100.00	0	0	0	0	0	0
1428596453709002056	CPU_4	0	0	1.38	98.61	0	0	0	0	0	0
