#Timestamp	CPU_ID	user%	nice%	sys%	idle%	iowait%	irq%	softiq%	steal%	guest%	guest_nice%
1428571761306058127	CPU_4	11.11	0	6.34	82.53	0	0	0	0	0	0
1428571762000437445	CPU_4	0	0	0	100.00	0	0	0	0	0	0
1428571762704864668	CPU_4	0	0	0	100.00	0	0	0	0	0	0
1428571763398280363	CPU_4	0	0	0	100.00	0	0	0	0	0	0
1428571764093213597	CPU_4	0	0	0	100.00	0	0	0	0	0	0
1428571764793091492	CPU_4	0	0	0	100.00	0	0	0	0	0	0
1428571765493036262	CPU_4	0	0	0	100.00	0	0	0	0	0	0
1428571766185244250	CPU_4	0	0	0	100.00	0	0	0	0	0	0
1428571766885105811	CPU_4	0	0	0	100.00	0	0	0	0	0	0
1428571767574927344	CPU_4	0	0	0	100.00	0	0	0	0	0	0
1428571768265846958	CPU_4	0	0	0	100.00	0	0	0	0	0	0
1428571768965209895	CPU_4	0	0	0	100.00	0	0	0	0	0	0
1428571769656806717	CPU_4	0	0	0	100.00	0	0	0	0	0	0
1428571770347968664	CPU_4	0	0	0	100.00	0	0	0	0	0	0
1428571771058188545	CPU_4	0	0	0	100.00	0	0	0	0	0	0
1428571771749554617	CPU_4	0	0	0	100.00	0	0	0	0	0	0
1428571772450885635	CPU_4	0	0	0	100.00	0	0	0	0	0	0
1428571773147150200	CPU_4	0	0	0	100.00	0	0	0	0	0	0
1428571773840167395	CPU_4	0	0	0	100.00	0	0	0	0	0	0
1428571774541813995	CPU_4	0	0	0	100.00	0	0	0	0	0	0
1428571775235278939	CPU_4	0	0	0	100.00	0	0	0	0	0	0
1428571775929183465	CPU_4	0	0	0	100.00	0	0	0	0	0	0
1428571776631702148	CPU_4	0	0	0	100.00	0	0	0	0	0	0
1428571777326840922	CPU_4	0	0	0	100.00	0	0	0	0	0	0
1428571778022586613	CPU_4	0	0	0	100.00	0	0	0	0	0	0
1428571778724130838	CPU_4	0	0	0	100.00	0	0	0	0	0	0
1428571779419251530	CPU_4	0	0	0	100.00	0	0	0	0	0	0
1428571780115792636	CPU_4	0	0	0	100.00	0	0	0	0	0	0
1428571780819062108	CPU_4	0	0	0	100.00	0	0	0	0	0	0
1428571781511609178	CPU_4	0	0	0	100.00	0	0	0	0	0	0
1428571782214459234	CPU_4	0	0	0	100.00	0	0	0	0	0	0
1428571782909565217	CPU_4	0	0	0	100.00	0	0	0	0	0	0
1428571783603219993	CPU_4	0	0	0	100.00	0	0	0	0	0	0
1428571784304305635	CPU_4	0	0	0	100.00	0	0	0	0	0	0
1428571784999855992	CPU_4	0	0	0	100.00	0	0	0	0	0	0
1428571785696249681	CPU_4	0	0	0	100.00	0	0	0	0	0	0
1428571786399509695	CPU_4	0	0	0	100.00	0	0	0	0	0	0
1428571787092954555	CPU_4	0	0	0	100.00	0	0	0	0	0	0
1428571787787459163	CPU_4	0	0	0	100.00	0	0	0	0	0	0
1428571788490492843	CPU_4	0	0	0	100.00	0	0	0	0	0	0
1428571789185181659	CPU_4	0	0	0	100.00	0	0	0	0	0	0
1428571789899115951	CPU_4	0	0	0	100.00	0	0	0	0	0	0
1428571790592197394	CPU_4	0	0	0	100.00	0	0	0	0	0	0
1428571791286175336	CPU_4	0	0	0	100.00	0	0	0	0	0	0
1428571791993402094	CPU_4	0	0	0	100.00	0	0	0	0	0	0
1428571792685098789	CPU_4	0	0	0	100.00	0	0	0	0	0	0
1428571793380741603	CPU_4	0	0	0	100.00	0	0	0	0	0	0
1428571794082198077	CPU_4	0	0	0	100.00	0	0	0	0	0	0
1428571794776750560	CPU_4	0	0	0	100.00	0	0	0	0	0	0
1428571795471044959	CPU_4	0	0	0	100.00	0	0	0	0	0	0
1428571796181317713	CPU_4	0	0	0	100.00	0	0	0	0	0	0
1428571796875809529	CPU_4	0	0	0	100.00	0	0	0	0	0	0
1428571797582511662	CPU_4	0	0	0	100.00	0	0	0	0	0	0
1428571798277348311	CPU_4	0	0	0	100.00	0	0	0	0	0	0
1428571798972275959	CPU_4	0	0	0	100.00	0	0	0	0	0	0
1428571799675036056	CPU_4	0	0	0	100.00	0	0	0	0	0	0
1428571800369198288	CPU_4	0	0	0	100.00	0	0	0	0	0	0
1428571801067057807	CPU_4	0	0	0	100.00	0	0	0	0	0	0
1428571801771177611	CPU_4	0	0	0	100.00	0	0	0	0	0	0
1428571802462523763	CPU_4	0	0	0	100.00	0	0	0	0	0	0
1428571803157587536	CPU_4	0	0	0	100.00	0	0	0	0	0	0
1428571803861945714	CPU_4	0	0	0	100.00	0	0	0	0	0	0
1428571804554489073	CPU_4	0	0	0	100.00	0	0	0	0	0	0
1428571805246819641	CPU_4	0	0	0	100.00	0	0	0	0	0	0
1428571805950242569	CPU_4	0	0	0	100.00	0	0	0	0	0	0
1428571806642382762	CPU_4	0	0	0	100.00	0	0	0	0	0	0
1428571807345885607	CPU_4	0	0	0	100.00	0	0	0	0	0	0
1428571808037617301	CPU_4	0	0	0	100.00	0	0	0	0	0	0
1428571808732790531	CPU_4	0	0	0	100.00	0	0	0	0	0	0
1428571809435082503	CPU_4	0	0	0	100.00	0	0	0	0	0	0
1428571810136572100	CPU_4	0	0	0	100.00	0	0	0	0	0	0
1428571810829800083	CPU_4	0	0	0	100.00	0	0	0	0	0	0
1428571811535844424	CPU_4	0	0	0	100.00	0	0	0	0	0	0
1428571812229106532	CPU_4	0	0	0	100.00	0	0	0	0	0	0
1428571812927055592	CPU_4	0	0	0	100.00	0	0	0	0	0	0
1428571813631780810	CPU_4	0	0	0	100.00	0	0	0	0	0	0
1428571814324891543	CPU_4	0	0	0	100.00	0	0	0	0	0	0
1428571815035585669	CPU_4	0	0	0	100.00	0	0	0	0	0	0
1428571815734890727	CPU_4	0	0	0	100.00	0	0	0	0	0	0
1428571816427615711	CPU_4	0	0	0	100.00	0	0	0	0	0	0
1428571817132338095	CPU_4	0	0	0	100.00	0	0	0	0	0	0
1428571817824166246	CPU_4	0	0	0	100.00	0	0	0	0	0	0
1428571818519766933	CPU_4	0	0	0	100.00	0	0	0	0	0	0
1428571819223730402	CPU_4	0	0	0	100.00	0	0	0	0	0	0
1428571819918921840	CPU_4	0	0	0	100.00	0	0	0	0	0	0
1428571820613366987	CPU_4	0	0	0	100.00	0	0	0	0	0	0
1428571821318199412	CPU_4	0	0	0	100.00	0	0	0	0	0	0
1428571822012317060	CPU_4	0	0	0	100.00	0	0	0	0	0	0
1428571822723246227	CPU_4	0	0	0	100.00	0	0	0	0	0	0
1428571823421554577	CPU_4	0	0	0	100.00	0	0	0	0	0	0
1428571824120996843	CPU_4	0	0	0	100.00	0	0	0	0	0	0
1428571824831767385	CPU_4	2.77	0	0	97.22	0	0	0	0	0	0
1428571825529524945	CPU_4	0	0	0	100.00	0	0	0	0	0	0
1428571826224591132	CPU_4	0	0	0	100.00	0	0	0	0	0	0
1428571826931293180	CPU_4	0	0	0	100.00	0	0	0	0	0	0
1428571827628149282	CPU_4	0	0	0	100.00	0	0	0	0	0	0
1428571828323368594	CPU_4	0	0	0	100.00	0	0	0	0	0	0
1428571829031982847	CPU_4	0	0	0	100.00	0	0	0	0	0	0
1428571829756030455	CPU_4	0	0	0	100.00	0	0	0	0	0	0
1428571830460607672	CPU_4	0	0	0	100.00	0	0	0	0	0	0
1428571831161913809	CPU_4	0	0	0	100.00	0	0	0	0	0	0
1428571831857124413	CPU_4	0	0	0	100.00	0	0	0	0	0	0
1428571832562726295	CPU_4	0	0	0	100.00	0	0	0	0	0	0
1428571833258863356	CPU_4	0	0	0	100.00	0	0	0	0	0	0
1428571833960204743	CPU_4	0	0	0	100.00	0	0	0	0	0	0
1428571834663250919	CPU_4	0	0	0	100.00	0	0	0	0	0	0
1428571835360486437	CPU_4	0	0	0	100.00	0	0	0	0	0	0
1428571836073092018	CPU_4	0	0	0	100.00	0	0	0	0	0	0
1428571836768518579	CPU_4	0	0	0	100.00	0	0	0	0	0	0
1428571837465619555	CPU_4	0	0	0	100.00	0	0	0	0	0	0
1428571838175129389	CPU_4	0	0	0	100.00	0	0	0	0	0	0
1428571838869725201	CPU_4	0	0	0	100.00	0	0	0	0	0	0
1428571839568554716	CPU_4	0	0	0	100.00	0	0	0	0	0	0
1428571840277401635	CPU_4	0	0	0	100.00	0	0	0	0	0	0
1428571840974322736	CPU_4	0	0	0	100.00	0	0	0	0	0	0
1428571841673269792	CPU_4	0	0	0	100.00	0	0	0	0	0	0
1428571842383331292	CPU_4	0	0	0	100.00	0	0	0	0	0	0
1428571843084149679	CPU_4	0	0	0	100.00	0	0	0	0	0	0
1428571843791536641	CPU_4	0	0	0	100.00	0	0	0	0	0	0
1428571844494671109	CPU_4	0	0	0	100.00	0	0	0	0	0	0
1428571845191328001	CPU_4	0	0	0	100.00	0	0	0	0	0	0
1428571845899007837	CPU_4	0	0	0	100.00	0	0	0	0	0	0
1428571846599293933	CPU_4	0	0	0	100.00	0	0	0	0	0	0
1428571847295894534	CPU_4	0	0	0	100.00	0	0	0	0	0	0
1428571848005462618	CPU_4	0	0	0	100.00	0	0	0	0	0	0
1428571848701445677	CPU_4	0	0	0	100.00	0	0	0	0	0	0
1428571849403044729	CPU_4	0	0	0	100.00	0	0	0	0	0	0
1428571850108516318	CPU_4	0	0	0	100.00	0	0	0	0	0	0
1428571850804812127	CPU_4	0	0	0	100.00	0	0	0	0	0	0
1428571851512373630	CPU_4	0	0	0	100.00	0	0	0	0	0	0
1428571852210963228	CPU_4	0	0	0	100.00	0	0	0	0	0	0
1428571852906367579	CPU_4	0	0	0	100.00	0	0	0	0	0	0
1428571853615002497	CPU_4	0	0	0	100.00	0	0	0	0	0	0
1428571854312900720	CPU_4	0	0	0	100.00	0	0	0	0	0	0
1428571855013158565	CPU_4	0	0	0	100.00	0	0	0	0	0	0
1428571855720300360	CPU_4	0	0	0	100.00	0	0	0	0	0	0
1428571856417747500	CPU_4	0	0	0	100.00	0	0	0	0	0	0
1428571857123568380	CPU_4	0	0	0	100.00	0	0	0	0	0	0
1428571857821696811	CPU_4	0	0	0	100.00	0	0	0	0	0	0
1428571858519512742	CPU_4	0	0	0	100.00	0	0	0	0	0	0
1428571859225254413	CPU_4	0	0	0	100.00	0	0	0	0	0	0
1428571859921706596	CPU_4	0	0	0	100.00	0	0	0	0	0	0
1428571860621018567	CPU_4	0	0	0	100.00	0	0	0	0	0	0
1428571861326724322	CPU_4	0	0	0	100.00	0	0	0	0	0	0
1428571862027939165	CPU_4	0	0	0	100.00	0	0	0	0	0	0
1428571862724346348	CPU_4	0	0	0	100.00	0	0	0	0	0	0
1428571863429859144	CPU_4	0	0	0	100.00	0	0	0	0	0	0
1428571864128959448	CPU_4	0	0	0	100.00	0	0	0	0	0	0
1428571864836870491	CPU_4	0	0	0	100.00	0	0	0	0	0	0
1428571865535057380	CPU_4	0	0	0	100.00	0	0	0	0	0	0
1428571866234931891	CPU_4	0	0	0	100.00	0	0	0	0	0	0
1428571866942739267	CPU_4	0	0	0	100.00	0	0	0	0	0	0
1428571867640103698	CPU_4	0	0	0	100.00	0	0	0	0	0	0
1428571868337854087	CPU_4	0	0	0	100.00	0	0	0	0	0	0
1428571869046226713	CPU_4	0	0	0	100.00	0	0	0	0	0	0
1428571869744228851	CPU_4	0	0	0	100.00	0	0	0	0	0	0
1428571870452214810	CPU_4	0	0	0	100.00	0	0	0	0	0	0
1428571871154501193	CPU_4	0	0	0	100.00	0	0	0	0	0	0
1428571871850448751	CPU_4	0	0	0	100.00	0	0	0	0	0	0
1428571872557821835	CPU_4	0	0	0	100.00	0	0	0	0	0	0
1428571873258187804	CPU_4	0	0	0	100.00	0	0	0	0	0	0
1428571873952526655	CPU_4	0	0	0	100.00	0	0	0	0	0	0
1428571874660346822	CPU_4	0	0	0	100.00	0	0	0	0	0	0
1428571875358175252	CPU_4	0	0	0	100.00	0	0	0	0	0	0
1428571876057995805	CPU_4	0	0	0	100.00	0	0	0	0	0	0
1428571876764702348	CPU_4	0	0	0	100.00	0	0	0	0	0	0
1428571877463019902	CPU_4	0	0	0	100.00	0	0	0	0	0	0
1428571878170542319	CPU_4	0	0	0	100.00	0	0	0	0	0	0
1428571878869869955	CPU_4	0	0	0	100.00	0	0	0	0	0	0
1428571879566238095	CPU_4	0	0	0	100.00	0	0	0	0	0	0
1428571880273909387	CPU_4	0	0	0	100.00	0	0	0	0	0	0
1428571880971376567	CPU_4	0	0	0	100.00	0	0	0	0	0	0
1428571881669386788	CPU_4	0	0	0	100.00	0	0	0	0	0	0
1428571882380560409	CPU_4	0	0	0	100.00	0	0	0	0	0	0
1428571883081035918	CPU_4	0	0	0	100.00	0	0	0	0	0	0
1428571883794017536	CPU_4	0	0	0	100.00	0	0	0	0	0	0
1428571884494501587	CPU_4	0	0	0	100.00	0	0	0	0	0	0
1428571885192288016	CPU_4	0	0	0	100.00	0	0	0	0	0	0
1428571885898769934	CPU_4	0	0	0	100.00	0	0	0	0	0	0
1428571886600724274	CPU_4	0	0	0	100.00	0	0	0	0	0	0
1428571887299636285	CPU_4	0	0	0	100.00	0	0	0	0	0	0
1428571888006989452	CPU_4	0	0	0	100.00	0	0	0	0	0	0
1428571888705385422	CPU_4	0	0	0	100.00	0	0	0	0	0	0
1428571889404241516	CPU_4	0	0	0	100.00	0	0	0	0	0	0
1428571890113257930	CPU_4	0	0	0	100.00	0	0	0	0	0	0
1428571890811974024	CPU_4	0	0	0	100.00	0	0	0	0	0	0
1428571891521901021	CPU_4	0	0	0	100.00	0	0	0	0	0	0
1428571892219287116	CPU_4	0	0	0	100.00	0	0	0	0	0	0
1428571892928422447	CPU_4	0	0	0	100.00	0	0	0	0	0	0
1428571893640090316	CPU_4	0	0	0	100.00	0	0	0	0	0	0
1428571894338089327	CPU_4	0	0	0	100.00	0	0	0	0	0	0
1428571895038164795	CPU_4	0	0	0	100.00	0	0	0	0	0	0
1428571895747578791	CPU_4	0	0	0	100.00	0	0	0	0	0	0
1428571896445415011	CPU_4	0	0	0	100.00	0	0	0	0	0	0
1428571897157556046	CPU_4	0	0	0	100.00	0	0	0	0	0	0
1428571897856984472	CPU_4	0	0	0	100.00	0	0	0	0	0	0
1428571898556136857	CPU_4	0	0	0	100.00	0	0	0	0	0	0
1428571899263927355	CPU_4	0	0	0	100.00	0	0	0	0	0	0
1428571899964084280	CPU_4	0	0	0	100.00	0	0	0	0	0	0
1428571900661850791	CPU_4	0	0	0	100.00	0	0	0	0	0	0
1428571901375244366	CPU_4	0	0	0	100.00	0	0	0	0	0	0
1428571902074363792	CPU_4	0	0	0	100.00	0	0	0	0	0	0
1428571902782434084	CPU_4	0	0	0	100.00	0	0	0	0	0	0
1428571903481702458	CPU_4	0	0	0	100.00	0	0	0	0	0	0
1428571904182926344	CPU_4	0	0	0	100.00	0	0	0	0	0	0
1428571904889418473	CPU_4	0	0	0	100.00	0	0	0	0	0	0
1428571905589922319	CPU_4	0	0	0	100.00	0	0	0	0	0	0
1428571906288443834	CPU_4	0	0	0	100.00	0	0	0	0	0	0
1428571906996782169	CPU_4	0	0	0	100.00	0	0	0	0	0	0
1428571907697838472	CPU_4	0	0	0	100.00	0	0	0	0	0	0
1428571908415593501	CPU_4	0	0	0	100.00	0	0	0	0	0	0
1428571909112829852	CPU_4	0	0	0	100.00	0	0	0	0	0	0
1428571909813150531	CPU_4	0	0	0	100.00	0	0	0	0	0	0
1428571910522726988	CPU_4	0	0	0	100.00	0	0	0	0	0	0
1428571911221246545	CPU_4	0	0	0	100.00	0	0	0	0	0	0
1428571911919379269	CPU_4	0	0	0	100.00	0	0	0	0	0	0
1428571912629747767	CPU_4	0	0	0	100.00	0	0	0	0	0	0
1428571913325955285	CPU_4	0	0	0	100.00	0	0	0	0	0	0
1428571914025943922	CPU_4	0	0	0	100.00	0	0	0	0	0	0
1428571914734720089	CPU_4	0	0	0	100.00	0	0	0	0	0	0
1428571915432390397	CPU_4	0	0	0	100.00	0	0	0	0	0	0
1428571916141428313	CPU_4	0	0	0	100.00	0	0	0	0	0	0
1428571916840090119	CPU_4	0	0	0	100.00	0	0	0	0	0	0
1428571917537005552	CPU_4	0	0	0	100.00	0	0	0	0	0	0
1428571918249533631	CPU_4	0	0	0	100.00	0	0	0	0	0	0
1428571918948467728	CPU_4	0	0	0	100.00	0	0	0	0	0	0
1428571919646909242	CPU_4	0	0	0	100.00	0	0	0	0	0	0
1428571920354933243	CPU_4	0	0	0	100.00	0	0	0	0	0	0
1428571921055848671	CPU_4	0	0	0	100.00	0	0	0	0	0	0
1428571921766541709	CPU_4	0	0	0	100.00	0	0	0	0	0	0
1428571922468066219	CPU_4	0	0	0	100.00	0	0	0	0	0	0
1428571923168224856	CPU_4	0	0	0	100.00	0	0	0	0	0	0
1428571923877772355	CPU_4	0	0	0	100.00	0	0	0	0	0	0
1428571924576801243	CPU_4	0	0	0	100.00	0	0	0	0	0	0
1428571925277064796	CPU_4	0	0	0	100.00	0	0	0	0	0	0
1428571925984028632	CPU_4	0	0	0	100.00	0	0	0	0	0	0
1428571926685162892	CPU_4	0	0	0	100.00	0	0	0	0	0	0
1428571927399636550	CPU_4	0	0	0	100.00	0	0	0	0	0	0
1428571928098270397	CPU_4	0	0	0	100.00	0	0	0	0	0	0
1428571928797913492	CPU_4	0	0	0	100.00	0	0	0	0	0	0
1428571929508599322	CPU_4	0	0	0	100.00	0	0	0	0	0	0
1428571930206556754	CPU_4	0	0	0	100.00	0	0	0	0	0	0
1428571930907508639	CPU_4	0	0	0	100.00	0	0	0	0	0	0
1428571931617222553	CPU_4	0	0	0	100.00	0	0	0	0	0	0
1428571932315811817	CPU_4	0	0	0	100.00	0	0	0	0	0	0
1428571933015802622	CPU_4	0	0	0	100.00	0	0	0	0	0	0
1428571933726877366	CPU_4	0	0	0	100.00	0	0	0	0	0	0
1428571934426556252	CPU_4	0	0	0	100.00	0	0	0	0	0	0
1428571935138275914	CPU_4	0	0	0	100.00	0	0	0	0	0	0
1428571935839502049	CPU_4	0	0	0	100.00	0	0	0	0	0	0
1428571936542671555	CPU_4	0	0	0	100.00	0	0	0	0	0	0
1428571937252767344	CPU_4	0	0	0	100.00	0	0	0	0	0	0
1428571937953725270	CPU_4	0	0	0	100.00	0	0	0	0	0	0
1428571938652517867	CPU_4	0	0	0	100.00	0	0	0	0	0	0
1428571939362085406	CPU_4	0	0	0	100.00	0	0	0	0	0	0
1428571940062165750	CPU_4	0	0	0	100.00	0	0	0	0	0	0
1428571940771472956	CPU_4	0	0	0	100.00	0	0	0	0	0	0
1428571941471372759	CPU_4	0	0	0	100.00	0	0	0	0	0	0
1428571942171797686	CPU_4	0	0	0	100.00	0	0	0	0	0	0
1428571942879462811	CPU_4	0	0	0	100.00	0	0	0	0	0	0
1428571943580945111	CPU_4	0	0	0	100.00	0	0	0	0	0	0
1428571944290801233	CPU_4	0	0	0	100.00	0	0	0	0	0	0
1428571945058800606	CPU_4	0	0	0	100.00	0	0	0	0	0	0
1428571945757778952	CPU_4	0	0	0	100.00	0	0	0	0	0	0
1428571946476019353	CPU_4	0	0	0	100.00	0	0	0	0	0	0
1428571947175899905	CPU_4	0	0	0	100.00	0	0	0	0	0	0
1428571947874827376	CPU_4	0	0	0	100.00	0	0	0	0	0	0
1428571948585045205	CPU_4	0	0	0	100.00	0	0	0	0	0	0
1428571949286486630	CPU_4	0	0	0	100.00	0	0	0	0	0	0
1428571949993996130	CPU_4	0	0	0	100.00	0	0	0	0	0	0
1428571950695264347	CPU_4	0	0	0	100.00	0	0	0	0	0	0
1428571951394263400	CPU_4	0	0	0	100.00	0	0	0	0	0	0
1428571952102638899	CPU_4	0	0	0	100.00	0	0	0	0	0	0
1428571952802839201	CPU_4	0	0	0	100.00	0	0	0	0	0	0
1428571953502559586	CPU_4	0	0	0	100.00	0	0	0	0	0	0
1428571954211701917	CPU_4	0	0	0	100.00	0	0	0	0	0	0
1428571954912689967	CPU_4	0	0	0	100.00	0	0	0	0	0	0
1428571955621974297	CPU_4	0	0	0	100.00	0	0	0	0	0	0
1428571956320824309	CPU_4	0	0	0	100.00	0	0	0	0	0	0
1428571957020637444	CPU_4	0	0	0	100.00	0	0	0	0	0	0
1428571957732123688	CPU_4	0	0	0	100.00	0	0	0	0	0	0
1428571958429823909	CPU_4	0	0	0	100.00	0	0	0	0	0	0
1428571959131373292	CPU_4	0	0	0	100.00	0	0	0	0	0	0
1428571959840635622	CPU_4	0	0	0	100.00	0	0	0	0	0	0
1428571960540331466	CPU_4	0	0	0	100.00	0	0	0	0	0	0
1428571961255475829	CPU_4	0	0	0	100.00	0	0	0	0	0	0
1428571961956525837	CPU_4	0	0	0	100.00	0	0	0	0	0	0
1428571962655975681	CPU_4	0	0	0	100.00	0	0	0	0	0	0
1428571963366592009	CPU_4	0	0	0	100.00	0	0	0	0	0	0
1428571964065558937	CPU_4	0	0	0	100.00	0	0	0	0	0	0
1428571964764630822	CPU_4	0	0	0	100.00	0	0	0	0	0	0
1428571965476020483	CPU_4	0	0	0	100.00	0	0	0	0	0	0
1428571966176460075	CPU_4	0	0	0	100.00	0	0	0	0	0	0
1428571966882964617	CPU_4	0	0	0	100.00	0	0	0	0	0	0
1428571967587508828	CPU_4	0	0	0	100.00	0	0	0	0	0	0
1428571968288150211	CPU_4	0	0	0	100.00	0	0	0	0	0	0
1428571968996239251	CPU_4	0	0	0	100.00	0	0	0	0	0	0
1428571969696985342	CPU_4	0	0	0	100.00	0	0	0	0	0	0
1428571970455224352	CPU_4	2.59	0	5.19	92.20	0	0	0	0	0	0
1428571971163921391	CPU_4	0	0	0	100.00	0	0	0	0	0	0
1428571971861901986	CPU_4	0	0	0	100.00	0	0	0	0	0	0
1428571972572224689	CPU_4	0	0	0	100.00	0	0	0	0	0	0
1428571973273074322	CPU_4	0	0	0	100.00	0	0	0	0	0	0
1428571973970758959	CPU_4	0	0	0	100.00	0	0	0	0	0	0
1428571974683070950	CPU_4	0	0	0	100.00	0	0	0	0	0	0
1428571975381145879	CPU_4	0	0	0	100.00	0	0	0	0	0	0
1428571976079142015	CPU_4	0	0	0	100.00	0	0	0	0	0	0
1428571976788721427	CPU_4	0	0	0	100.00	0	0	0	0	0	0
1428571977489978309	CPU_4	0	0	0	100.00	0	0	0	0	0	0
1428571978197789182	CPU_4	0	0	0	100.00	0	0	0	0	0	0
1428571978898168732	CPU_4	0	0	0	100.00	0	0	0	0	0	0
1428571979598143824	CPU_4	0	0	0	100.00	0	0	0	0	0	0
1428571980307489486	CPU_4	0	0	0	100.00	0	0	0	0	0	0
1428571981007878660	CPU_4	0	0	0	100.00	0	0	0	0	0	0
1428571981713492827	CPU_4	0	0	0	100.00	0	0	0	0	0	0
1428571982421811657	CPU_4	0	0	0	100.00	0	0	0	0	0	0
1428571983123702622	CPU_4	0	0	0	100.00	0	0	0	0	0	0
1428571983833542949	CPU_4	0	0	0	100.00	0	0	0	0	0	0
1428571984533398500	CPU_4	0	0	0	100.00	0	0	0	0	0	0
1428571985234979089	CPU_4	0	0	0	100.00	0	0	0	0	0	0
1428571985947175705	CPU_4	0	0	0	100.00	0	0	0	0	0	0
1428571986646703880	CPU_4	0	0	0	100.00	0	0	0	0	0	0
1428571987349175218	CPU_4	0	0	0	100.00	0	0	0	0	0	0
1428571988059101296	CPU_4	0	0	0	100.00	0	0	0	0	0	0
1428571988760066344	CPU_4	0	0	0	100.00	0	0	0	0	0	0
1428571989472495418	CPU_4	0	0	0	100.00	0	0	0	0	0	0
1428571990175026047	CPU_4	0	0	0	100.00	0	0	0	0	0	0
1428571990874666639	CPU_4	0	0	0	100.00	0	0	0	0	0	0
1428571991586794005	CPU_4	0	0	0	100.00	0	0	0	0	0	0
1428571992287785011	CPU_4	0	0	0	100.00	0	0	0	0	0	0
1428571992988167227	CPU_4	0	0	0	100.00	0	0	0	0	0	0
1428571993699784218	CPU_4	0	0	0	100.00	0	0	0	0	0	0
1428571994401978598	CPU_4	0	0	0	100.00	0	0	0	0	0	0
1428571995116583501	CPU_4	0	0	0	100.00	0	0	0	0	0	0
1428571995820078962	CPU_4	0	0	0	100.00	0	0	0	0	0	0
1428571996521435593	CPU_4	0	0	0	100.00	0	0	0	0	0	0
1428571997234388832	CPU_4	0	0	0	100.00	0	0	0	0	0	0
1428571997935183214	CPU_4	0	0	0	100.00	0	0	0	0	0	0
1428571998638921758	CPU_4	0	0	0	100.00	0	0	0	0	0	0
1428571999347371545	CPU_4	0	0	0	100.00	0	0	0	0	0	0
1428572000048736508	CPU_4	0	0	0	100.00	0	0	0	0	0	0
1428572000766433532	CPU_4	0	0	0	100.00	0	0	0	0	0	0
1428572001471964448	CPU_4	0	0	0	100.00	0	0	0	0	0	0
1428572002172832621	CPU_4	0	0	0	100.00	0	0	0	0	0	0
1428572002885606152	CPU_4	0	0	0	100.00	0	0	0	0	0	0
1428572003586534699	CPU_4	0	0	0	100.00	0	0	0	0	0	0
1428572004287630413	CPU_4	0	0	0	100.00	0	0	0	0	0	0
1428572004998403947	CPU_4	0	0	0	100.00	0	0	0	0	0	0
1428572005701912949	CPU_4	0	0	0	100.00	0	0	0	0	0	0
1428572006416853643	CPU_4	0	0	0	100.00	0	0	0	0	0	0
1428572007119414813	CPU_4	0	0	0	100.00	0	0	0	0	0	0
1428572007822888982	CPU_4	0	0	0	100.00	0	0	0	0	0	0
1428572008533458182	CPU_4	0	0	0	100.00	0	0	0	0	0	0
1428572009233808063	CPU_4	0	0	0	100.00	0	0	0	0	0	0
1428572009936303650	CPU_4	0	0	0	100.00	0	0	0	0	0	0
1428572010646309226	CPU_4	0	0	0	100.00	0	0	0	0	0	0
1428572011348813604	CPU_4	0	0	0	100.00	0	0	0	0	0	0
1428572012063767756	CPU_4	0	0	0	100.00	0	0	0	0	0	0
1428572012768573423	CPU_4	0	0	0	100.00	0	0	0	0	0	0
1428572013469100928	CPU_4	0	0	0	100.00	0	0	0	0	0	0
1428572014180104419	CPU_4	0	0	0	100.00	0	0	0	0	0	0
1428572014879905676	CPU_4	0	0	0	100.00	0	0	0	0	0	0
1428572015581877721	CPU_4	0	0	0	100.00	0	0	0	0	0	0
1428572016293938127	CPU_4	0	0	0	100.00	0	0	0	0	0	0
1428572016994781591	CPU_4	0	0	0	100.00	0	0	0	0	0	0
1428572017704825833	CPU_4	0	0	0	100.00	0	0	0	0	0	0
1428572018412852036	CPU_4	0	0	0	100.00	0	0	0	0	0	0
1428572019112646376	CPU_4	0	0	0	100.00	0	0	0	0	0	0
1428572019826539654	CPU_4	0	0	0	100.00	0	0	0	0	0	0
1428572020527637576	CPU_4	0	0	0	100.00	0	0	0	0	0	0
1428572021227872081	CPU_4	0	0	0	100.00	0	0	0	0	0	0
1428572021940556486	CPU_4	0	0	0	100.00	0	0	0	0	0	0
1428572022644344028	CPU_4	0	0	0	100.00	0	0	0	0	0	0
1428572023356474184	CPU_4	0	0	0	100.00	0	0	0	0	0	0
1428572024063157014	CPU_4	0	0	0	100.00	0	0	0	0	0	0
1428572024767741763	CPU_4	0	0	0	100.00	0	0	0	0	0	0
1428572025480923875	CPU_4	0	0	0	100.00	0	0	0	0	0	0
1428572026183194336	CPU_4	0	0	0	100.00	0	0	0	0	0	0
1428572026887481419	CPU_4	0	0	0	100.00	0	0	0	0	0	0
1428572027601189280	CPU_4	0	0	0	100.00	0	0	0	0	0	0
1428572028303600033	CPU_4	0	0	0	100.00	0	0	0	0	0	0
1428572029017202852	CPU_4	0	0	0	100.00	0	0	0	0	0	0
1428572029722172934	CPU_4	0	0	0	100.00	0	0	0	0	0	0
1428572030422897022	CPU_4	0	0	0	100.00	0	0	0	0	0	0
1428572031136785550	CPU_4	0	0	0	100.00	0	0	0	0	0	0
1428572031839719301	CPU_4	0	0	0	100.00	0	0	0	0	0	0
1428572032541024054	CPU_4	0	0	0	100.00	0	0	0	0	0	0
1428572033252400085	CPU_4	0	0	0	100.00	0	0	0	0	0	0
1428572033959277248	CPU_4	0	0	0	100.00	0	0	0	0	0	0
1428572034669069489	CPU_4	0	0	0	100.00	0	0	0	0	0	0
1428572035373434113	CPU_4	0	0	0	100.00	0	0	0	0	0	0
1428572036075132074	CPU_4	0	0	0	100.00	0	0	0	0	0	0
1428572036787830770	CPU_4	0	0	0	100.00	0	0	0	0	0	0
1428572037488735899	CPU_4	0	0	0	100.00	0	0	0	0	0	0
1428572038191622191	CPU_4	0	0	0	100.00	0	0	0	0	0	0
1428572038902493806	CPU_4	0	0	0	100.00	0	0	0	0	0	0
1428572039606012723	CPU_4	0	0	0	100.00	0	0	0	0	0	0
1428572040318056002	CPU_4	0	0	0	100.00	0	0	0	0	0	0
1428572041019923629	CPU_4	0	0	0	100.00	0	0	0	0	0	0
1428572041727674790	CPU_4	0	0	0	100.00	0	0	0	0	0	0
1428572042442076608	CPU_4	0	0	0	100.00	0	0	0	0	0	0
1428572043142902820	CPU_4	0	0	0	100.00	0	0	0	0	0	0
1428572043847624443	CPU_4	0	0	0	100.00	0	0	0	0	0	0
1428572044560567596	CPU_4	0	0	0	100.00	0	0	0	0	0	0
1428572045263936929	CPU_4	0	0	0	100.00	0	0	0	0	0	0
1428572045976232499	CPU_4	0	0	0	100.00	0	0	0	0	0	0
1428572046679558416	CPU_4	0	0	0	100.00	0	0	0	0	0	0
1428572047384601830	CPU_4	0	0	0	100.00	0	0	0	0	0	0
1428572048097349858	CPU_4	0	0	0	100.00	0	0	0	0	0	0
1428572048801034607	CPU_4	0	0	0	100.00	0	0	0	0	0	0
1428572049521827832	CPU_4	0	0	0	100.00	0	0	0	0	0	0
1428572050222064836	CPU_4	0	0	0	100.00	0	0	0	0	0	0
1428572050926482043	CPU_4	0	0	0	100.00	0	0	0	0	0	0
1428572051641237318	CPU_4	0	0	0	100.00	0	0	0	0	0	0
1428572052343445152	CPU_4	0	0	0	100.00	0	0	0	0	0	0
1428572053046129611	CPU_4	0	0	0	100.00	0	0	0	0	0	0
1428572053759691429	CPU_4	0	0	0	100.00	0	0	0	0	0	0
1428572054460301099	CPU_4	0	0	0	100.00	0	0	0	0	0	0
1428572055181005449	CPU_4	0	0	0	100.00	0	0	0	0	0	0
1428572055884161073	CPU_4	0	0	0	100.00	0	0	0	0	0	0
1428572056585836116	CPU_4	0	0	0	100.00	0	0	0	0	0	0
1428572057296254939	CPU_4	0	0	0	100.00	0	0	0	0	0	0
1428572058001432769	CPU_4	0	0	0	100.00	0	0	0	0	0	0
1428572058702407105	CPU_4	0	0	0	100.00	0	0	0	0	0	0
1428572059417180337	CPU_4	0	0	0	100.00	0	0	0	0	0	0
1428572060118556339	CPU_4	0	0	0	100.00	0	0	0	0	0	0
1428572060833726238	CPU_4	0	0	0	100.00	0	0	0	0	0	0
1428572061536240155	CPU_4	0	0	0	100.00	0	0	0	0	0	0
1428572062240798860	CPU_4	0	0	0	100.00	0	0	0	0	0	0
1428572062956173551	CPU_4	0	0	0	100.00	0	0	0	0	0	0
1428572063667153080	CPU_4	0	0	0	100.00	0	0	0	0	0	0
1428572064376824653	CPU_4	0	0	0	100.00	0	0	0	0	0	0
1428572065150613468	CPU_4	0	0	0	100.00	0	0	0	0	0	0
1428572065855862464	CPU_4	0	0	0	100.00	0	0	0	0	0	0
1428572066568431033	CPU_4	0	0	0	100.00	0	0	0	0	0	0
1428572067271989657	CPU_4	0	0	0	100.00	0	0	0	0	0	0
1428572067980767522	CPU_4	0	0	0	100.00	0	0	0	0	0	0
1428572068689986346	CPU_4	0	0	0	100.00	0	0	0	0	0	0
1428572069394840551	CPU_4	0	0	0	100.00	0	0	0	0	0	0
1428572070109924366	CPU_4	0	0	0	100.00	0	0	0	0	0	0
1428572070813886322	CPU_4	0	0	0	100.00	0	0	0	0	0	0
1428572071518358193	CPU_4	0	0	0	100.00	0	0	0	0	0	0
1428572072231863886	CPU_4	0	0	0	100.00	0	0	0	0	0	0
1428572072934937135	CPU_4	0	0	0	100.00	0	0	0	0	0	0
1428572073658829853	CPU_4	0	0	0	100.00	0	0	0	0	0	0
1428572074362885600	CPU_4	0	0	0	100.00	0	0	0	0	0	0
1428572075065013225	CPU_4	0	0	0	100.00	0	0	0	0	0	0
1428572075777577877	CPU_4	0	0	0	100.00	0	0	0	0	0	0
1428572076483494955	CPU_4	0	0	0	100.00	0	0	0	0	0	0
1428572077183996623	CPU_4	0	0	0	100.00	0	0	0	0	0	0
1428572077898968771	CPU_4	0	0	0	100.00	0	0	0	0	0	0
1428572078602344561	CPU_4	0	0	0	100.00	0	0	0	0	0	0
1428572079319843414	CPU_4	0	0	0	100.00	0	0	0	0	0	0
1428572080022665912	CPU_4	0	0	0	100.00	0	0	0	0	0	0
1428572080728484282	CPU_4	0	0	0	100.00	0	0	0	0	0	0
1428572081443064472	CPU_4	0	0	0	100.00	0	0	0	0	0	0
1428572082146070928	CPU_4	0	0	0	100.00	0	0	0	0	0	0
1428572082851491090	CPU_4	0	0	0	100.00	0	0	0	0	0	0
1428572083565998946	CPU_4	0	0	0	100.00	0	0	0	0	0	0
1428572084267028614	CPU_4	0	0	0	100.00	0	0	0	0	0	0
1428572084984750049	CPU_4	0	0	0	100.00	0	0	0	0	0	0
1428572085689404795	CPU_4	0	0	0	100.00	0	0	0	0	0	0
1428572086392565251	CPU_4	0	0	0	100.00	0	0	0	0	0	0
1428572087105872276	CPU_4	0	0	0	100.00	0	0	0	0	0	0
1428572087811688020	CPU_4	0	0	0	100.00	0	0	0	0	0	0
1428572088517761764	CPU_4	0	0	0	100.00	0	0	0	0	0	0
1428572089227173877	CPU_4	0	0	0	100.00	0	0	0	0	0	0
1428572089932283247	CPU_4	0	0	0	100.00	0	0	0	0	0	0
1428572090646707145	CPU_4	0	0	0	100.00	0	0	0	0	0	0
1428572091351155141	CPU_4	0	0	0	100.00	0	0	0	0	0	0
1428572092056484052	CPU_4	0	0	0	100.00	0	0	0	0	0	0
1428572092771458115	CPU_4	0	0	0	100.00	0	0	0	0	0	0
1428572093475404903	CPU_4	0	0	0	100.00	0	0	0	0	0	0
1428572094187437638	CPU_4	0	0	0	100.00	0	0	0	0	0	0
1428572094894753421	CPU_4	0	0	0	100.00	0	0	0	0	0	0
1428572095596886711	CPU_4	0	0	0	100.00	0	0	0	0	0	0
1428572096312734482	CPU_4	0	0	0	100.00	0	0	0	0	0	0
1428572097016742270	CPU_4	0	0	0	100.00	0	0	0	0	0	0
1428572097721915056	CPU_4	0	0	0	100.00	0	0	0	0	0	0
1428572098436651203	CPU_4	0	0	0	100.00	0	0	0	0	0	0
1428572099142719946	CPU_4	0	0	0	100.00	0	0	0	0	0	0
1428572099854746597	CPU_4	0	0	0	100.00	0	0	0	0	0	0
1428572100560213923	CPU_4	0	0	0	100.00	0	0	0	0	0	0
1428572101264056211	CPU_4	0	0	0	100.00	0	0	0	0	0	0
1428572101980860522	CPU_4	0	0	0	100.00	0	0	0	0	0	0
1428572102683941644	CPU_4	0	0	0	100.00	0	0	0	0	0	0
1428572103405281906	CPU_4	0	0	0	100.00	0	0	0	0	0	0
1428572104109936859	CPU_4	0	0	0	100.00	0	0	0	0	0	0
1428572104814504562	CPU_4	0	0	0	100.00	0	0	0	0	0	0
1428572105528162544	CPU_4	0	0	0	100.00	0	0	0	0	0	0
1428572106234956993	CPU_4	0	0	0	100.00	0	0	0	0	0	0
1428572106941797610	CPU_4	0	0	0	100.00	0	0	0	0	0	0
1428572107656504090	CPU_4	0	0	0	100.00	0	0	0	0	0	0
1428572108360392835	CPU_4	0	0	0	100.00	0	0	0	0	0	0
1428572109074312649	CPU_4	0	0	0	100.00	0	0	0	0	0	0
1428572109779292643	CPU_4	0	0	0	100.00	0	0	0	0	0	0
1428572110485544385	CPU_4	0	0	0	100.00	0	0	0	0	0	0
1428572111197173328	CPU_4	0	0	0	100.00	0	0	0	0	0	0
1428572111903349278	CPU_4	0	0	0	100.00	0	0	0	0	0	0
1428572112607129357	CPU_4	0	0	0	100.00	0	0	0	0	0	0
1428572113320994087	CPU_4	0	0	0	100.00	0	0	0	0	0	0
1428572114025615207	CPU_4	0	0	0	100.00	0	0	0	0	0	0
1428572114740603727	CPU_4	0	0	0	100.00	0	0	0	0	0	0
1428572115445336304	CPU_4	0	0	0	100.00	0	0	0	0	0	0
1428572116151519380	CPU_4	0	0	0	100.00	0	0	0	0	0	0
1428572116867221149	CPU_4	0	0	0	100.00	0	0	0	0	0	0
1428572117576259637	CPU_4	0	0	0	100.00	0	0	0	0	0	0
1428572118291535115	CPU_4	0	0	0	100.00	0	0	0	0	0	0
1428572118999438563	CPU_4	0	0	0	100.00	0	0	0	0	0	0
1428572119703780057	CPU_4	0	0	0	100.00	0	0	0	0	0	0
1428572120416135664	CPU_4	0	0	0	100.00	0	0	0	0	0	0
1428572121122251073	CPU_4	0	0	0	100.00	0	0	0	0	0	0
1428572121832613225	CPU_4	0	0	0	100.00	0	0	0	0	0	0
1428572122547500912	CPU_4	0	0	0	100.00	0	0	0	0	0	0
1428572123252070780	CPU_4	0	0	0	100.00	0	0	0	0	0	0
1428572123966381385	CPU_4	0	0	0	100.00	0	0	0	0	0	0
1428572124670501379	CPU_4	0	0	0	100.00	0	0	0	0	0	0
1428572125374430665	CPU_4	0	0	0	100.00	0	0	0	0	0	0
1428572126090418351	CPU_4	0	0	0	100.00	0	0	0	0	0	0
1428572126795818301	CPU_4	0	0	0	100.00	0	0	0	0	0	0
1428572127513140359	CPU_4	0	0	0	100.00	0	0	0	0	0	0
1428572128221206306	CPU_4	0	0	0	100.00	0	0	0	0	0	0
1428572128928395504	CPU_4	0	0	0	100.00	0	0	0	0	0	0
1428572129640794944	CPU_4	0	0	0	100.00	0	0	0	0	0	0
1428572130347423018	CPU_4	0	0	0	100.00	0	0	0	0	0	0
1428572131053545342	CPU_4	0	0	0	100.00	0	0	0	0	0	0
1428572131767348447	CPU_4	0	0	0	100.00	0	0	0	0	0	0
1428572132472959230	CPU_4	0	0	0	100.00	0	0	0	0	0	0
1428572133197232654	CPU_4	0	0	0	100.00	0	0	0	0	0	0
1428572133900105149	CPU_4	0	0	0	100.00	0	0	0	0	0	0
1428572134606953180	CPU_4	0	0	0	100.00	0	0	0	0	0	0
1428572135322600949	CPU_4	0	0	0	100.00	0	0	0	0	0	0
1428572136030187479	CPU_4	0	0	0	100.00	0	0	0	0	0	0
1428572136736270969	CPU_4	0	0	0	100.00	0	0	0	0	0	0
1428572137449315242	CPU_4	0	0	0	100.00	0	0	0	0	0	0
1428572138156798189	CPU_4	0	0	0	100.00	0	0	0	0	0	0
1428572138871533958	CPU_4	0	0	0	100.00	0	0	0	0	0	0
1428572139576434034	CPU_4	0	0	0	100.00	0	0	0	0	0	0
1428572140282493066	CPU_4	0	0	0	100.00	0	0	0	0	0	0
1428572140997092669	CPU_4	0	0	0	100.00	0	0	0	0	0	0
1428572141703546659	CPU_4	0	0	0	100.00	0	0	0	0	0	0
1428572142422387673	CPU_4	0	0	0	100.00	0	0	0	0	0	0
1428572143126967373	CPU_4	0	0	0	100.00	0	0	0	0	0	0
1428572143831624282	CPU_4	0	0	0	100.00	0	0	0	0	0	0
1428572144547284092	CPU_4	0	0	0	100.00	0	0	0	0	0	0
1428572145250231378	CPU_4	0	0	0	100.00	0	0	0	0	0	0
1428572145956180660	CPU_4	0	0	0	100.00	0	0	0	0	0	0
1428572146671794553	CPU_4	0	0	0	100.00	0	0	0	0	0	0
1428572147378133751	CPU_4	0	0	0	100.00	0	0	0	0	0	0
1428572148094696809	CPU_4	0	0	0	100.00	0	0	0	0	0	0
1428572148801251674	CPU_4	0	0	0	100.00	0	0	0	0	0	0
1428572149508086787	CPU_4	0	0	0	100.00	0	0	0	0	0	0
1428572150222107183	CPU_4	0	0	0	100.00	0	0	0	0	0	0
1428572150926308675	CPU_4	0	0	0	100.00	0	0	0	0	0	0
1428572151645005605	CPU_4	0	0	0	100.00	0	0	0	0	0	0
1428572152352577301	CPU_4	0	0	0	100.00	0	0	0	0	0	0
1428572153060711788	CPU_4	0	0	0	100.00	0	0	0	0	0	0
1428572153776092431	CPU_4	0	0	0	100.00	0	0	0	0	0	0
1428572154479783257	CPU_4	0	0	0	100.00	0	0	0	0	0	0
1428572155186110496	CPU_4	0	0	0	100.00	0	0	0	0	0	0
1428572155903787219	CPU_4	0	0	0	100.00	0	0	0	0	0	0
1428572156609831125	CPU_4	0	0	0	100.00	0	0	0	0	0	0
1428572157325269393	CPU_4	0	0	0	100.00	0	0	0	0	0	0
1428572158031980756	CPU_4	0	0	0	100.00	0	0	0	0	0	0
1428572158740440159	CPU_4	0	0	0	100.00	0	0	0	0	0	0
1428572159453195347	CPU_4	0	0	0	100.00	0	0	0	0	0	0
1428572160160096835	CPU_4	0	0	0	100.00	0	0	0	0	0	0
1428572160865888991	CPU_4	0	0	0	100.00	0	0	0	0	0	0
1428572161586507335	CPU_4	0	0	0	100.00	0	0	0	0	0	0
1428572162292067783	CPU_4	0	0	0	100.00	0	0	0	0	0	0
1428572163011049587	CPU_4	0	0	0	100.00	0	0	0	0	0	0
1428572163716327160	CPU_4	0	0	0	100.00	0	0	0	0	0	0
1428572164423506398	CPU_4	0	0	0	100.00	0	0	0	0	0	0
1428572165142644993	CPU_4	0	0	0	100.00	0	0	0	0	0	0
1428572165849306481	CPU_4	0	0	0	100.00	0	0	0	0	0	0
1428572166563930499	CPU_4	0	0	0	100.00	0	0	0	0	0	0
1428572167270164030	CPU_4	0	0	0	100.00	0	0	0	0	0	0
1428572167976670976	CPU_4	0	0	0	100.00	0	0	0	0	0	0
1428572168690994078	CPU_4	0	0	0	100.00	0	0	0	0	0	0
1428572169396440734	CPU_4	0	0	0	100.00	0	0	0	0	0	0
1428572170108081090	CPU_4	0	0	0	100.00	0	0	0	0	0	0
1428572170818325073	CPU_4	0	0	0	100.00	0	0	0	0	0	0
1428572171527575349	CPU_4	0	0	0	100.00	0	0	0	0	0	0
1428572172242887616	CPU_4	0	0	0	100.00	0	0	0	0	0	0
1428572172949400395	CPU_4	0	0	0	100.00	0	0	0	0	0	0
1428572173654702885	CPU_4	0	0	0	100.00	0	0	0	0	0	0
1428572174371479108	CPU_4	0	0	0	100.00	0	0	0	0	0	0
1428572175081452924	CPU_4	0	0	0	100.00	0	0	0	0	0	0
1428572175797849314	CPU_4	0	0	0	100.00	0	0	0	0	0	0
1428572176503962927	CPU_4	0	0	0	100.00	0	0	0	0	0	0
1428572177212397495	CPU_4	0	0	0	100.00	0	0	0	0	0	0
1428572177925990306	CPU_4	0	0	0	100.00	0	0	0	0	0	0
1428572178634828999	CPU_4	0	0	0	100.00	0	0	0	0	0	0
1428572179350179849	CPU_4	0	0	0	100.00	0	0	0	0	0	0
1428572180059812540	CPU_4	0	0	0	100.00	0	0	0	0	0	0
1428572180766062528	CPU_4	0	0	0	100.00	0	0	0	0	0	0
1428572181482796001	CPU_4	0	0	0	98.61	0	1.38	0	0	0	0
1428572182187083283	CPU_4	0	0	0	100.00	0	0	0	0	0	0
1428572182893893395	CPU_4	0	0	0	100.00	0	0	0	0	0	0
1428572183616831275	CPU_4	0	0	0	100.00	0	0	0	0	0	0
1428572184331064085	CPU_4	0	0	0	100.00	0	0	0	0	0	0
1428572185111665966	CPU_4	2.56	0	0	97.43	0	0	0	0	0	0
1428572185819893784	CPU_4	0	0	0	100.00	0	0	0	0	0	0
1428572186526858062	CPU_4	0	0	0	100.00	0	0	0	0	0	0
1428572187244968157	CPU_4	0	0	0	100.00	0	0	0	0	0	0
1428572187948908814	CPU_4	0	0	0	100.00	0	0	0	0	0	0
1428572188665021913	CPU_4	0	0	0	100.00	0	0	0	0	0	0
1428572189370216276	CPU_4	0	0	0	100.00	0	0	0	0	0	0
1428572190077152054	CPU_4	0	0	0	100.00	0	0	0	0	0	0
1428572190792986445	CPU_4	0	0	0	100.00	0	0	0	0	0	0
1428572191500176014	CPU_4	0	0	0	100.00	0	0	0	0	0	0
1428572192205149503	CPU_4	0	0	0	100.00	0	0	0	0	0	0
1428572192922127766	CPU_4	0	0	0	100.00	0	0	0	0	0	0
1428572193628994711	CPU_4	0	0	0	100.00	0	0	0	0	0	0
1428572194347436597	CPU_4	0	0	0	100.00	0	0	0	0	0	0
1428572195051950086	CPU_4	0	0	0	100.00	0	0	0	0	0	0
1428572195760771569	CPU_4	0	0	0	100.00	0	0	0	0	0	0
1428572196479566122	CPU_4	0	0	0	98.63	0	1.36	0	0	0	0
1428572197187600939	CPU_4	0	0	0	100.00	0	0	0	0	0	0
1428572197903303413	CPU_4	0	0	0	100.00	0	0	0	0	0	0
1428572198612733603	CPU_4	0	0	0	100.00	0	0	0	0	0	0
1428572199317250092	CPU_4	0	0	0	100.00	0	0	0	0	0	0
1428572200033857856	CPU_4	0	0	0	100.00	0	0	0	0	0	0
1428572200740847300	CPU_4	0	0	0	100.00	0	0	0	0	0	0
1428572201448734742	CPU_4	0	0	0	100.00	0	0	0	0	0	0
1428572202163364425	CPU_4	0	0	0	100.00	0	0	0	0	0	0
1428572202871190409	CPU_4	0	0	0	100.00	0	0	0	0	0	0
1428572203590236503	CPU_4	0	0	0	100.00	0	0	0	0	0	0
1428572204296673155	CPU_4	0	0	0	100.00	0	0	0	0	0	0
1428572205003343183	CPU_4	0	0	0	100.00	0	0	0	0	0	0
1428572205723717232	CPU_4	0	0	0	100.00	0	0	0	0	0	0
1428572206427639389	CPU_4	0	0	0	100.00	0	0	0	0	0	0
1428572207149074853	CPU_4	0	0	0	100.00	0	0	0	0	0	0
1428572207856403338	CPU_4	0	0	0	100.00	0	0	0	0	0	0
1428572208562748407	CPU_4	0	0	0	100.00	0	0	0	0	0	0
1428572209282252249	CPU_4	0	0	0	100.00	0	0	0	0	0	0
1428572209990431233	CPU_4	0	0	0	100.00	0	0	0	0	0	0
1428572210714064944	CPU_4	0	0	0	100.00	0	0	0	0	0	0
1428572211420607763	CPU_4	0	0	0	100.00	0	0	0	0	0	0
1428572212130758410	CPU_4	0	0	0	98.61	0	1.38	0	0	0	0
1428572212849875377	CPU_4	0	0	0	100.00	0	0	0	0	0	0
1428572213554393991	CPU_4	0	0	0	100.00	0	0	0	0	0	0
1428572214263312264	CPU_4	0	0	0	100.00	0	0	0	0	0	0
1428572214980303276	CPU_4	0	0	0	100.00	0	0	0	0	0	0
1428572215687777177	CPU_4	0	0	0	100.00	0	0	0	0	0	0
1428572216403389691	CPU_4	0	0	0	100.00	0	0	0	0	0	0
1428572217111558799	CPU_4	0	0	0	100.00	0	0	0	0	0	0
1428572217818141201	CPU_4	0	0	0	100.00	0	0	0	0	0	0
1428572218535864337	CPU_4	0	0	0	100.00	0	0	0	0	0	0
1428572219244771568	CPU_4	0	0	0	89.87	0	10.12	0	0	0	0
1428572219962045246	CPU_4	0	0	0	100.00	0	0	0	0	0	0
1428572220668846523	CPU_4	0	0	0	100.00	0	0	0	0	0	0
1428572221377638588	CPU_4	0	0	0	100.00	0	0	0	0	0	0
1428572222096481139	CPU_4	0	0	0	100.00	0	0	0	0	0	0
1428572222803212915	CPU_4	0	0	0	100.00	0	0	0	0	0	0
1428572223513403645	CPU_4	0	0	0	100.00	0	0	0	0	0	0
1428572224229733365	CPU_4	0	0	0	100.00	0	0	0	0	0	0
1428572224935198935	CPU_4	0	0	0	100.00	0	0	0	0	0	0
1428572225652517904	CPU_4	0	0	0	100.00	0	0	0	0	0	0
1428572226360340804	CPU_4	0	0	0	100.00	0	0	0	0	0	0
1428572227075187068	CPU_4	0	0	0	100.00	0	0	0	0	0	0
1428572227790424624	CPU_4	0	0	0	100.00	0	0	0	0	0	0
1428572228498830481	CPU_4	0	0	0	100.00	0	0	0	0	0	0
1428572229216995699	CPU_4	0	0	0	100.00	0	0	0	0	0	0
1428572229924540099	CPU_4	0	0	0	100.00	0	0	0	0	0	0
1428572230634299578	CPU_4	0	0	0	100.00	0	0	0	0	0	0
1428572231354331919	CPU_4	0	0	0	100.00	0	0	0	0	0	0
1428572232060358570	CPU_4	0	0	0	100.00	0	0	0	0	0	0
1428572232780322994	CPU_4	0	0	0	100.00	0	0	0	0	0	0
1428572233491836263	CPU_4	0	0	0	100.00	0	0	0	0	0	0
1428572234201858909	CPU_4	0	0	0	100.00	0	0	0	0	0	0
1428572234917445713	CPU_4	0	0	0	100.00	0	0	0	0	0	0
1428572235630152314	CPU_4	0	0	0	100.00	0	0	0	0	0	0
1428572236336908589	CPU_4	0	0	0	100.00	0	0	0	0	0	0
1428572237053825933	CPU_4	0	0	0	100.00	0	0	0	0	0	0
1428572237761862207	CPU_4	0	0	0	100.00	0	0	0	0	0	0
1428572238479864549	CPU_4	0	0	0	100.00	0	0	0	0	0	0
1428572239187951448	CPU_4	0	0	0	100.00	0	0	0	0	0	0
1428572239897337845	CPU_4	0	0	0	100.00	0	0	0	0	0	0
1428572240614989229	CPU_4	0	0	0	100.00	0	0	0	0	0	0
1428572241325857998	CPU_4	0	0	0	100.00	0	0	0	0	0	0
1428572242040004513	CPU_4	0	0	0	100.00	0	0	0	0	0	0
1428572242751541906	CPU_4	0	0	0	100.00	0	0	0	0	0	0
1428572243459339430	CPU_4	0	0	0	100.00	0	0	0	0	0	0
1428572244176817398	CPU_4	0	0	0	100.00	0	0	0	0	0	0
1428572244885968045	CPU_4	0	0	0	100.00	0	0	0	0	0	0
1428572245601055141	CPU_4	0	0	0	100.00	0	0	0	0	0	0
1428572246315630863	CPU_4	0	0	0	100.00	0	0	0	0	0	0
1428572247027697880	CPU_4	0	0	0	100.00	0	0	0	0	0	0
1428572247748749968	CPU_4	0	0	0	100.00	0	0	0	0	0	0
1428572248457571073	CPU_4	0	0	0	100.00	0	0	0	0	0	0
1428572249164956472	CPU_4	0	0	0	100.00	0	0	0	0	0	0
1428572249883984646	CPU_4	0	0	0	100.00	0	0	0	0	0	0
1428572250592710209	CPU_4	0	0	0	100.00	0	0	0	0	0	0
1428572251310889884	CPU_4	0	0	0	100.00	0	0	0	0	0	0
1428572252021969069	CPU_4	0	0	0	100.00	0	0	0	0	0	0
1428572252733774712	CPU_4	0	0	0	100.00	0	0	0	0	0	0
1428572253456280755	CPU_4	0	0	0	100.00	0	0	0	0	0	0
1428572254164619069	CPU_4	0	0	0	100.00	0	0	0	0	0	0
1428572254882608244	CPU_4	0	0	0	100.00	0	0	0	0	0	0
1428572255591889348	CPU_4	0	0	0	100.00	0	0	0	0	0	0
1428572256299246413	CPU_4	0	0	0	100.00	0	0	0	0	0	0
1428572257018164129	CPU_4	0	0	0	100.00	0	0	0	0	0	0
1428572257727541982	CPU_4	0	0	0	100.00	0	0	0	0	0	0
1428572258445040366	CPU_4	0	0	0	100.00	0	0	0	0	0	0
1428572259157044258	CPU_4	0	0	0	100.00	0	0	0	0	0	0
1428572259866892194	CPU_4	0	0	0	100.00	0	0	0	0	0	0
1428572260585199410	CPU_4	0	0	0	100.00	0	0	0	0	0	0
1428572261296998135	CPU_4	0	0	0	100.00	0	0	0	0	0	0
1428572262010470817	CPU_4	0	0	0	100.00	0	0	0	0	0	0
1428572262732583027	CPU_4	0	0	0	100.00	0	0	0	0	0	0
1428572263438946301	CPU_4	0	0	0	100.00	0	0	0	0	0	0
1428572264158244557	CPU_4	0	0	0	100.00	0	0	0	0	0	0
1428572264866457371	CPU_4	0	0	0	100.00	0	0	0	0	0	0
1428572265575259933	CPU_4	0	0	0	100.00	0	0	0	0	0	0
1428572266293712357	CPU_4	0	0	0	100.00	0	0	0	0	0	0
1428572267003888209	CPU_4	0	0	0	100.00	0	0	0	0	0	0
1428572267722681549	CPU_4	0	0	0	100.00	0	0	0	0	0	0
1428572268429934613	CPU_4	0	0	0	100.00	0	0	0	0	0	0
1428572269140144591	CPU_4	0	0	0	100.00	0	0	0	0	0	0
1428572269860161470	CPU_4	0	0	0	100.00	0	0	0	0	0	0
1428572270566280745	CPU_4	0	0	0	100.00	0	0	0	0	0	0
1428572271286160374	CPU_4	0	0	0	100.00	0	0	0	0	0	0
1428572271999458347	CPU_4	0	0	0	100.00	0	0	0	0	0	0
1428572272710614364	CPU_4	0	0	0	100.00	0	0	0	0	0	0
1428572273426861582	CPU_4	0	0	0	100.00	0	0	0	0	0	0
1428572274135377936	CPU_4	0	0	0	100.00	0	0	0	0	0	0
1428572274843935748	CPU_4	0	0	0	100.00	0	0	0	0	0	0
1428572275560890507	CPU_4	0	0	0	100.00	0	0	0	0	0	0
1428572276269070070	CPU_4	0	0	0	100.00	0	0	0	0	0	0
1428572276987744451	CPU_4	0	0	0	100.00	0	0	0	0	0	0
1428572277697401012	CPU_4	0	0	0	100.00	0	0	0	0	0	0
1428572278407372947	CPU_4	0	0	0	100.00	0	0	0	0	0	0
1428572279124711580	CPU_4	0	0	0	100.00	0	0	0	0	0	0
1428572279835612763	CPU_4	0	0	0	100.00	0	0	0	0	0	0
1428572280552131481	CPU_4	0	0	0	100.00	0	0	0	0	0	0
1428572281263333539	CPU_4	0	0	0	100.00	0	0	0	0	0	0
1428572281972125976	CPU_4	0	0	0	100.00	0	0	0	0	0	0
1428572282688750984	CPU_4	0	0	0	100.00	0	0	0	0	0	0
1428572283399418126	CPU_4	0	0	0	100.00	0	0	0	0	0	0
1428572284113171181	CPU_4	0	0	0	100.00	0	0	0	0	0	0
1428572284831438187	CPU_4	0	0	0	100.00	0	0	0	0	0	0
1428572285540016290	CPU_4	0	0	0	100.00	0	0	0	0	0	0
1428572286259709294	CPU_4	0	0	0	100.00	0	0	0	0	0	0
1428572286969286355	CPU_4	0	0	0	100.00	0	0	0	0	0	0
1428572287675777503	CPU_4	0	0	0	100.00	0	0	0	0	0	0
1428572288395336423	CPU_4	0	0	0	100.00	0	0	0	0	0	0
1428572289104283818	CPU_4	0	0	0	100.00	0	0	0	0	0	0
1428572289822861532	CPU_4	0	0	0	100.00	0	0	0	0	0	0
1428572290532201425	CPU_4	0	0	0	100.00	0	0	0	0	0	0
1428572291241851319	CPU_4	0	0	0	100.00	0	0	0	0	0	0
1428572291961236781	CPU_4	0	0	0	100.00	0	0	0	0	0	0
1428572292670123759	CPU_4	0	0	0	100.00	0	0	0	0	0	0
1428572293391394052	CPU_4	0	0	0	100.00	0	0	0	0	0	0
1428572294100692320	CPU_4	0	0	0	100.00	0	0	0	0	0	0
1428572294810808963	CPU_4	0	0	0	100.00	0	0	0	0	0	0
1428572295532868129	CPU_4	0	0	0	100.00	0	0	0	0	0	0
1428572296242706855	CPU_4	0	0	0	100.00	0	0	0	0	0	0
1428572296956805242	CPU_4	0	0	0	100.00	0	0	0	0	0	0
1428572297670921795	CPU_4	0	0	0	100.00	0	0	0	0	0	0
1428572298382515227	CPU_4	0	0	0	100.00	0	0	0	0	0	0
1428572299105557183	CPU_4	0	0	0	100.00	0	0	0	0	0	0
1428572299814130453	CPU_4	0	0	0	100.00	0	0	0	0	0	0
1428572300524489928	CPU_4	0	0	0	100.00	0	0	0	0	0	0
1428572301244190139	CPU_4	0	0	0	100.00	0	0	0	0	0	0
1428572301953733657	CPU_4	0	0	0	100.00	0	0	0	0	0	0
1428572302673471285	CPU_4	0	0	0	100.00	0	0	0	0	0	0
1428572303385170800	CPU_4	0	0	0	100.00	0	0	0	0	0	0
1428572304100862684	CPU_4	0	0	0	100.00	0	0	0	0	0	0
1428572304829004674	CPU_4	0	0	0	100.00	0	0	0	0	0	0
1428572305538989191	CPU_4	0	0	0	100.00	0	0	0	0	0	0
1428572306260390692	CPU_4	0	0	0	100.00	0	0	0	0	0	0
1428572306969687918	CPU_4	0	0	0	100.00	0	0	0	0	0	0
1428572307682119306	CPU_4	0	0	0	100.00	0	0	0	0	0	0
1428572308403002974	CPU_4	0	0	0	100.00	0	0	0	0	0	0
1428572309122660102	CPU_4	0	0	0	100.00	0	0	0	0	0	0
1428572309842463104	CPU_4	0	0	0	100.00	0	0	0	0	0	0
1428572310552995078	CPU_4	0	0	0	100.00	0	0	0	0	0	0
1428572311265925757	CPU_4	0	0	0	100.00	0	0	0	0	0	0
1428572311984524012	CPU_4	0	0	0	100.00	0	0	0	0	0	0
1428572312695600818	CPU_4	0	0	0	100.00	0	0	0	0	0	0
1428572313417786192	CPU_4	0	0	0	100.00	0	0	0	0	0	0
1428572314129043707	CPU_4	0	0	0	100.00	0	0	0	0	0	0
1428572314839036890	CPU_4	0	0	0	100.00	0	0	0	0	0	0
1428572315560198265	CPU_4	0	0	0	100.00	0	0	0	0	0	0
1428572316270961989	CPU_4	0	0	0	100.00	0	0	0	0	0	0
1428572316987402537	CPU_4	0	0	0	100.00	0	0	0	0	0	0
1428572317703768628	CPU_4	0	0	0	100.00	0	0	0	0	0	0
1428572318415240767	CPU_4	0	0	0	100.00	0	0	0	0	0	0
1428572319135562851	CPU_4	0	0	0	100.00	0	0	0	0	0	0
1428572319847206157	CPU_4	0	0	0	100.00	0	0	0	0	0	0
1428572320557865547	CPU_4	0	0	0	100.00	0	0	0	0	0	0
1428572321278501131	CPU_4	0	0	0	100.00	0	0	0	0	0	0
1428572321987743481	CPU_4	0	0	0	100.00	0	0	0	0	0	0
1428572322708963106	CPU_4	0	0	0	100.00	0	0	0	0	0	0
1428572323420206995	CPU_4	0	0	0	100.00	0	0	0	0	0	0
1428572324129254762	CPU_4	0	0	0	100.00	0	0	0	0	0	0
1428572324850379095	CPU_4	0	0	0	100.00	0	0	0	0	0	0
1428572325561971026	CPU_4	0	0	0	100.00	0	0	0	0	0	0
1428572326282094818	CPU_4	0	0	0	100.00	0	0	0	0	0	0
1428572326992688625	CPU_4	0	0	0	100.00	0	0	0	0	0	0
1428572327702769307	CPU_4	0	0	0	100.00	0	0	0	0	0	0
1428572328424553347	CPU_4	0	0	0	100.00	0	0	0	0	0	0
1428572329133216573	CPU_4	0	0	0	100.00	0	0	0	0	0	0
1428572329854074990	CPU_4	0	0	0	100.00	0	0	0	0	0	0
1428572330564104922	CPU_4	0	0	0	100.00	0	0	0	0	0	0
1428572331276009018	CPU_4	0	0	0	100.00	0	0	0	0	0	0
1428572331998325224	CPU_4	0	0	0	100.00	0	0	0	0	0	0
1428572332709590737	CPU_4	0	0	0	100.00	0	0	0	0	0	0
1428572333430952653	CPU_4	0	0	0	100.00	0	0	0	0	0	0
1428572334139901378	CPU_4	0	0	0	100.00	0	0	0	0	0	0
1428572334850768767	CPU_4	0	0	0	100.00	0	0	0	0	0	0
1428572335576773468	CPU_4	0	0	0	100.00	0	0	0	0	0	0
1428572336287860523	CPU_4	0	0	0	100.00	0	0	0	0	0	0
1428572337016580594	CPU_4	0	0	0	100.00	0	0	0	0	0	0
1428572337729348189	CPU_4	0	0	0	100.00	0	0	0	0	0	0
1428572338441794075	CPU_4	0	0	0	100.00	0	0	0	0	0	0
1428572339160032287	CPU_4	0	0	0	100.00	0	0	0	0	0	0
1428572339871736091	CPU_4	0	0	0	100.00	0	0	0	0	0	0
1428572340587473431	CPU_4	0	0	0	48.00	0	52.00	0	0	0	0
1428572341304404686	CPU_4	0	0	0	100.00	0	0	0	0	0	0
1428572342014011493	CPU_4	0	0	0	100.00	0	0	0	0	0	0
1428572342733258953	CPU_4	0	0	0	100.00	0	0	0	0	0	0
1428572343445340214	CPU_4	0	0	0	100.00	0	0	0	0	0	0
1428572344153496357	CPU_4	0	0	0	100.00	0	0	0	0	0	0
1428572344874258106	CPU_4	0	0	0	100.00	0	0	0	0	0	0
1428572345585580910	CPU_4	0	0	0	100.00	0	0	0	0	0	0
1428572346303740163	CPU_4	0	0	0	100.00	0	0	0	0	0	0
1428572347014735301	CPU_4	0	0	0	100.00	0	0	0	0	0	0
1428572347725306607	CPU_4	0	0	0	100.00	0	0	0	0	0	0
1428572348446565063	CPU_4	0	0	0	100.00	0	0	0	0	0	0
1428572349154833872	CPU_4	0	0	0	100.00	0	0	0	0	0	0
1428572349876172995	CPU_4	0	0	0	100.00	0	0	0	0	0	0
1428572350585781260	CPU_4	0	0	0	100.00	0	0	0	0	0	0
1428572351294122193	CPU_4	0	0	0	100.00	0	0	0	0	0	0
1428572352015011817	CPU_4	0	0	0	100.00	0	0	0	0	0	0
1428572352728064660	CPU_4	0	0	0	100.00	0	0	0	0	0	0
1428572353451055572	CPU_4	0	0	0	100.00	0	0	0	0	0	0
1428572354160177671	CPU_4	0	0	0	100.00	0	0	0	0	0	0
1428572354872231849	CPU_4	0	0	0	100.00	0	0	0	0	0	0
1428572355594799595	CPU_4	0	0	0	100.00	0	0	0	0	0	0
1428572356302710320	CPU_4	0	0	0	100.00	0	0	0	0	0	0
1428572357031397265	CPU_4	0	0	0	100.00	0	0	0	0	0	0
1428572357742675069	CPU_4	0	0	0	100.00	0	0	0	0	0	0
1428572358457739451	CPU_4	0	0	0	100.00	0	0	0	0	0	0
1428572359177110285	CPU_4	0	0	0	100.00	0	0	0	0	0	0
1428572359889927669	CPU_4	0	0	0	100.00	0	0	0	0	0	0
1428572360610839292	CPU_4	0	0	0	100.00	0	0	0	0	0	0
1428572361330709042	CPU_4	0	0	1.38	98.61	0	0	0	0	0	0
