#Timestamp	CPU_ID	user%	nice%	sys%	idle%	iowait%	irq%	softiq%	steal%	guest%	guest_nice%
1428572363574322377	CPU_4	13.11	0	4.91	81.96	0	0	0	0	0	0
1428572364267035624	CPU_4	0	0	0	100.00	0	0	0	0	0	0
1428572364972987685	CPU_4	0	0	0	100.00	0	0	0	0	0	0
1428572365666378556	CPU_4	0	0	0	100.00	0	0	0	0	0	0
1428572366360008926	CPU_4	0	0	0	100.00	0	0	0	0	0	0
1428572367064670281	CPU_4	0	0	0	100.00	0	0	0	0	0	0
1428572367761870271	CPU_4	0	0	0	100.00	0	0	0	0	0	0
1428572368455883683	CPU_4	0	0	0	100.00	0	0	0	0	0	0
1428572369161811619	CPU_4	0	0	0	100.00	0	0	0	0	0	0
1428572369855531989	CPU_4	0	0	0	100.00	0	0	0	0	0	0
1428572370548286069	CPU_4	0	0	0	100.00	0	0	0	0	0	0
1428572371251493217	CPU_4	0	0	0	100.00	0	0	0	0	0	0
1428572371942386883	CPU_4	0	0	0	100.00	0	0	0	0	0	0
1428572372631896926	CPU_4	0	0	0	100.00	0	0	0	0	0	0
1428572373343278353	CPU_4	0	0	0	100.00	0	0	0	0	0	0
1428572374036154391	CPU_4	0	0	0	100.00	0	0	0	0	0	0
1428572374740996537	CPU_4	0	0	0	100.00	0	0	0	0	0	0
1428572375433463033	CPU_4	0	0	0	100.00	0	0	0	0	0	0
1428572376127600153	CPU_4	0	0	0	100.00	0	0	0	0	0	0
1428572376831633674	CPU_4	0	0	0	100.00	0	0	0	0	0	0
1428572377526790250	CPU_4	0	0	0	100.00	0	0	0	0	0	0
1428572378219038789	CPU_4	0	0	0	100.00	0	0	0	0	0	0
1428572378924559600	CPU_4	0	0	0	100.00	0	0	0	0	0	0
1428572379623941253	CPU_4	0	0	0	100.00	0	0	0	0	0	0
1428572380317181582	CPU_4	0	0	0	100.00	0	0	0	0	0	0
1428572381023119517	CPU_4	0	0	0	100.00	0	0	0	0	0	0
1428572381718433968	CPU_4	0	0	0	100.00	0	0	0	0	0	0
1428572382427248149	CPU_4	0	0	0	100.00	0	0	0	0	0	0
1428572383123699347	CPU_4	0	0	0	100.00	0	0	0	0	0	0
1428572383818102174	CPU_4	0	0	0	100.00	0	0	0	0	0	0
1428572384520755072	CPU_4	0	0	0	100.00	0	0	0	0	0	0
1428572385216557980	CPU_4	0	0	0	100.00	0	0	0	0	0	0
1428572385912564096	CPU_4	0	0	0	100.00	0	0	0	0	0	0
1428572386616176951	CPU_4	0	0	0	100.00	0	0	0	0	0	0
1428572387312074526	CPU_4	0	0	0	100.00	0	0	0	0	0	0
1428572388008678516	CPU_4	0	0	0	100.00	0	0	0	0	0	0
1428572388715061908	CPU_4	0	0	0	100.00	0	0	0	0	0	0
1428572389409359485	CPU_4	0	0	0	100.00	0	0	0	0	0	0
1428572390120741579	CPU_4	0	0	0	100.00	0	0	0	0	0	0
1428572390816248945	CPU_4	0	0	0	100.00	0	0	0	0	0	0
1428572391511701520	CPU_4	0	0	0	100.00	0	0	0	0	0	0
1428572392216721123	CPU_4	0	0	0	100.00	0	0	0	0	0	0
1428572392912592863	CPU_4	0	0	0	100.00	0	0	0	0	0	0
1428572393609913602	CPU_4	0	0	0	100.00	0	0	0	0	0	0
1428572394313768665	CPU_4	0	0	0	100.00	0	0	0	0	0	0
1428572395008167283	CPU_4	0	0	0	100.00	0	0	0	0	0	0
1428572395706356020	CPU_4	0	0	0	100.00	0	0	0	0	0	0
1428572396407669128	CPU_4	0	0	0	100.00	0	0	0	0	0	0
1428572397105078908	CPU_4	0	0	0	100.00	0	0	0	0	0	0
1428572397803069395	CPU_4	0	0	0	100.00	0	0	0	0	0	0
1428572398503052338	CPU_4	0	0	0	100.00	0	0	0	0	0	0
1428572399198337954	CPU_4	0	0	0	100.00	0	0	0	0	0	0
1428572399903858514	CPU_4	0	0	0	100.00	0	0	0	0	0	0
1428572400595116470	CPU_4	0	0	0	100.00	0	0	0	0	0	0
1428572401291056252	CPU_4	0	0	0	100.00	0	0	0	0	0	0
1428572401996600478	CPU_4	0	0	0	100.00	0	0	0	0	0	0
1428572402692074177	CPU_4	0	0	0	100.00	0	0	0	0	0	0
1428572403385664129	CPU_4	0	0	0	100.00	0	0	0	0	0	0
1428572404090475856	CPU_4	0	0	0	100.00	0	0	0	0	0	0
1428572404784773516	CPU_4	0	0	0	100.00	0	0	0	0	0	0
1428572405487082496	CPU_4	0	0	0	100.00	0	0	0	0	0	0
1428572406184079860	CPU_4	0	0	0	100.00	0	0	0	0	0	0
1428572406881010265	CPU_4	0	0	0	100.00	0	0	0	0	0	0
1428572407583596245	CPU_4	0	0	0	100.00	0	0	0	0	0	0
1428572408277633071	CPU_4	0	0	0	100.00	0	0	0	0	0	0
1428572408971244190	CPU_4	0	0	0	100.00	0	0	0	0	0	0
1428572409680715785	CPU_4	0	0	0	100.00	0	0	0	0	0	0
1428572410372570406	CPU_4	0	0	0	100.00	0	0	0	0	0	0
1428572411068446021	CPU_4	0	0	0	100.00	0	0	0	0	0	0
1428572411774669829	CPU_4	0	0	0	100.00	0	0	0	0	0	0
1428572412469503362	CPU_4	0	0	0	100.00	0	0	0	0	0	0
1428572413166381100	CPU_4	0	0	0	100.00	0	0	0	0	0	0
1428572413872608241	CPU_4	0	0	0	100.00	0	0	0	0	0	0
1428572414564297154	CPU_4	0	0	0	100.00	0	0	0	0	0	0
1428572415270264670	CPU_4	0	0	0	100.00	0	0	0	0	0	0
1428572415964594704	CPU_4	0	0	0	100.00	0	0	0	0	0	0
1428572416661680608	CPU_4	0	0	0	100.00	0	0	0	0	0	0
1428572417366051877	CPU_4	0	0	0	100.00	0	0	0	0	0	0
1428572418059384495	CPU_4	0	0	0	100.00	0	0	0	0	0	0
1428572418755187152	CPU_4	0	0	0	100.00	0	0	0	0	0	0
1428572419461698750	CPU_4	0	0	0	100.00	0	0	0	0	0	0
1428572420157931323	CPU_4	0	0	0	100.00	0	0	0	0	0	0
1428572420853837187	CPU_4	0	0	0	100.00	0	0	0	0	0	0
1428572421558737996	CPU_4	0	0	0	100.00	0	0	0	0	0	0
1428572422254774444	CPU_4	0	0	0	100.00	0	0	0	0	0	0
1428572422959914961	CPU_4	0	0	0	100.00	0	0	0	0	0	0
1428572423672198677	CPU_4	0	0	0	100.00	0	0	0	0	0	0
1428572424371369453	CPU_4	0	0	0	100.00	0	0	0	0	0	0
1428572425141690917	CPU_4	3.84	0	6.41	89.74	0	0	0	0	0	0
1428572425837328406	CPU_4	0	0	0	100.00	0	0	0	0	0	0
1428572426535272351	CPU_4	0	0	0	100.00	0	0	0	0	0	0
1428572427237958788	CPU_4	0	0	0	100.00	0	0	0	0	0	0
1428572427933730569	CPU_4	0	0	0	100.00	0	0	0	0	0	0
1428572428638875794	CPU_4	0	0	0	100.00	0	0	0	0	0	0
1428572429333763243	CPU_4	0	0	0	100.00	0	0	0	0	0	0
1428572430028517358	CPU_4	0	0	0	100.00	0	0	0	0	0	0
1428572430734675957	CPU_4	0	0	0	100.00	0	0	0	0	0	0
1428572431430138655	CPU_4	0	0	0	100.00	0	0	0	0	0	0
1428572432126711351	CPU_4	0	0	0	100.00	0	0	0	0	0	0
1428572432831061411	CPU_4	0	0	0	100.00	0	0	0	0	0	0
1428572433528581689	CPU_4	0	0	0	100.00	0	0	0	0	0	0
1428572434226065967	CPU_4	0	0	0	100.00	0	0	0	0	0	0
1428572434929158528	CPU_4	0	0	0	100.00	0	0	0	0	0	0
1428572435631100424	CPU_4	0	0	0	100.00	0	0	0	0	0	0
1428572436341583183	CPU_4	0	0	0	100.00	0	0	0	0	0	0
1428572437035823257	CPU_4	0	0	0	100.00	0	0	0	0	0	0
1428572437735413116	CPU_4	0	0	0	100.00	0	0	0	0	0	0
1428572438441995297	CPU_4	0	0	0	100.00	0	0	0	0	0	0
1428572439137699369	CPU_4	0	0	0	100.00	0	0	0	0	0	0
1428572439836155645	CPU_4	0	0	0	100.00	0	0	0	0	0	0
1428572440543729949	CPU_4	0	0	0	100.00	0	0	0	0	0	0
1428572441239284980	CPU_4	0	0	0	100.00	0	0	0	0	0	0
1428572441948000824	CPU_4	0	0	0	100.00	0	0	0	0	0	0
1428572442645647768	CPU_4	0	0	0	100.00	0	0	0	0	0	0
1428572443343372504	CPU_4	0	0	0	100.00	0	0	0	0	0	0
1428572444050150184	CPU_4	0	0	0	100.00	0	0	0	0	0	0
1428572444749947458	CPU_4	0	0	0	100.00	0	0	0	0	0	0
1428572445445085947	CPU_4	0	0	0	100.00	0	0	0	0	0	0
1428572446152675418	CPU_4	0	0	0	100.00	0	0	0	0	0	0
1428572446855069063	CPU_4	0	0	0	100.00	0	0	0	0	0	0
1428572447587899164	CPU_4	0	0	0	100.00	0	0	0	0	0	0
1428572448291753182	CPU_4	0	0	0	100.00	0	0	0	0	0	0
1428572449066014348	CPU_4	2.59	0	0	97.40	0	0	0	0	0	0
1428572449779232560	CPU_4	0	0	0	100.00	0	0	0	0	0	0
1428572450477231586	CPU_4	0	0	0	100.00	0	0	0	0	0	0
1428572451193331211	CPU_4	0	0	0	100.00	0	0	0	0	0	0
1428572451895093357	CPU_4	0	0	0	100.00	0	0	0	0	0	0
1428572452591069011	CPU_4	0	0	0	100.00	0	0	0	0	0	0
1428572453300136855	CPU_4	0	0	0	100.00	0	0	0	0	0	0
1428572453998143172	CPU_4	0	0	0	100.00	0	0	0	0	0	0
1428572454695633199	CPU_4	0	0	0	100.00	0	0	0	0	0	0
1428572455404043544	CPU_4	0	0	0	100.00	0	0	0	0	0	0
1428572456103523276	CPU_4	0	0	0	100.00	0	0	0	0	0	0
1428572456800109804	CPU_4	0	0	0	100.00	0	0	0	0	0	0
1428572457510111146	CPU_4	0	0	0	100.00	0	0	0	0	0	0
1428572458208540421	CPU_4	0	0	0	100.00	0	0	0	0	0	0
1428572458916526891	CPU_4	0	0	0	100.00	0	0	0	0	0	0
1428572459613962792	CPU_4	0	0	0	100.00	0	0	0	0	0	0
1428572460313799024	CPU_4	0	0	0	100.00	0	0	0	0	0	0
1428572461019896371	CPU_4	0	0	0	100.00	0	0	0	0	0	0
1428572461724769595	CPU_4	0	0	0	100.00	0	0	0	0	0	0
1428572462426555907	CPU_4	0	0	0	100.00	0	0	0	0	0	0
1428572463133340586	CPU_4	0	0	0	100.00	0	0	0	0	0	0
1428572463832728110	CPU_4	0	0	0	100.00	0	0	0	0	0	0
1428572464541692536	CPU_4	0	0	0	100.00	0	0	0	0	0	0
1428572465237917856	CPU_4	0	0	0	100.00	0	0	0	0	0	0
1428572465937151713	CPU_4	0	0	0	100.00	0	0	0	0	0	0
1428572466646266222	CPU_4	0	0	0	100.00	0	0	0	0	0	0
1428572467345857245	CPU_4	0	0	0	100.00	0	0	0	0	0	0
1428572468045117519	CPU_4	0	0	0	100.00	0	0	0	0	0	0
1428572468756702358	CPU_4	0	0	0	100.00	0	0	0	0	0	0
1428572469453754551	CPU_4	0	0	0	100.00	0	0	0	0	0	0
1428572470167385929	CPU_4	0	0	0	100.00	0	0	0	0	0	0
1428572470868062242	CPU_4	0	0	0	100.00	0	0	0	0	0	0
1428572471566294933	CPU_4	0	0	0	100.00	0	0	0	0	0	0
1428572472275906691	CPU_4	0	0	0	100.00	0	0	0	0	0	0
1428572472977415628	CPU_4	0	0	0	100.00	0	0	0	0	0	0
1428572473673556447	CPU_4	0	0	0	100.00	0	0	0	0	0	0
1428572474384242704	CPU_4	0	0	0	100.00	0	0	0	0	0	0
1428572475087259805	CPU_4	0	0	0	100.00	0	0	0	0	0	0
1428572475788076576	CPU_4	0	0	0	100.00	0	0	0	0	0	0
1428572476496343378	CPU_4	0	0	0	100.00	0	0	0	0	0	0
1428572477197348940	CPU_4	0	0	0	100.00	0	0	0	0	0	0
1428572477905945199	CPU_4	0	0	0	100.00	0	0	0	0	0	0
1428572478606429262	CPU_4	0	0	0	100.00	0	0	0	0	0	0
1428572479307414616	CPU_4	0	0	0	100.00	0	0	0	0	0	0
1428572480015639126	CPU_4	0	0	0	100.00	0	0	0	0	0	0
1428572480714552857	CPU_4	0	0	0	100.00	0	0	0	0	0	0
1428572481418010499	CPU_4	0	0	0	100.00	0	0	0	0	0	0
1428572482124751761	CPU_4	0	0	0	100.00	0	0	0	0	0	0
1428572482826434988	CPU_4	0	0	0	100.00	0	0	0	0	0	0
1428572483536238912	CPU_4	0	0	0	100.00	0	0	0	0	0	0
1428572484235198477	CPU_4	0	0	0	100.00	0	0	0	0	0	0
1428572484935475123	CPU_4	0	0	0	100.00	0	0	0	0	0	0
1428572485646504712	CPU_4	0	0	0	100.00	0	0	0	0	0	0
1428572486344848903	CPU_4	0	0	0	100.00	0	0	0	0	0	0
1428572487046265172	CPU_4	0	0	0	100.00	0	0	0	0	0	0
1428572487758054635	CPU_4	0	0	0	100.00	0	0	0	0	0	0
1428572488457798740	CPU_4	0	0	0	100.00	0	0	0	0	0	0
1428572489166287374	CPU_4	0	0	0	100.00	0	0	0	0	0	0
1428572489869888931	CPU_4	0	0	0	100.00	0	0	0	0	0	0
1428572490567902289	CPU_4	0	0	0	100.00	0	0	0	0	0	0
1428572491279304127	CPU_4	0	0	0	100.00	0	0	0	0	0	0
1428572491980109063	CPU_4	0	0	0	100.00	0	0	0	0	0	0
1428572492680287459	CPU_4	0	0	0	100.00	0	0	0	0	0	0
1428572493394066210	CPU_4	0	0	0	100.00	0	0	0	0	0	0
1428572494094933230	CPU_4	0	0	0	100.00	0	0	0	0	0	0
1428572494802675907	CPU_4	0	0	0	100.00	0	0	0	0	0	0
1428572495504421758	CPU_4	0	0	0	100.00	0	0	0	0	0	0
1428572496204285655	CPU_4	0	0	0	100.00	0	0	0	0	0	0
1428572496913872995	CPU_4	0	0	0	100.00	0	0	0	0	0	0
1428572497616530137	CPU_4	0	0	0	100.00	0	0	0	0	0	0
1428572498319310279	CPU_4	0	0	0	100.00	0	0	0	0	0	0
1428572499026344456	CPU_4	0	0	0	100.00	0	0	0	0	0	0
1428572499729401764	CPU_4	0	0	0	100.00	0	0	0	0	0	0
1428572500439175604	CPU_4	0	0	0	100.00	0	0	0	0	0	0
1428572501138811875	CPU_4	0	0	0	100.00	0	0	0	0	0	0
1428572501841035559	CPU_4	0	0	0	100.00	0	0	0	0	0	0
1428572502555911391	CPU_4	0	0	0	100.00	0	0	0	0	0	0
1428572503253980748	CPU_4	0	0	0	100.00	0	0	0	0	0	0
1428572503959953385	CPU_4	0	0	0	100.00	0	0	0	0	0	0
1428572504669101392	CPU_4	0	0	0	100.00	0	0	0	0	0	0
1428572505368953579	CPU_4	0	0	0	100.00	0	0	0	0	0	0
1428572506081163915	CPU_4	0	0	0	100.00	0	0	0	0	0	0
1428572506782894433	CPU_4	0	0	0	100.00	0	0	0	0	0	0
1428572507483771660	CPU_4	0	0	0	100.00	0	0	0	0	0	0
1428572508193220584	CPU_4	0	0	0	100.00	0	0	0	0	0	0
1428572508894677060	CPU_4	0	0	0	100.00	0	0	0	0	0	0
1428572509593951498	CPU_4	0	0	0	100.00	0	0	0	0	0	0
1428572510303374130	CPU_4	0	0	0	100.00	0	0	0	0	0	0
1428572511005670938	CPU_4	0	0	0	100.00	0	0	0	0	0	0
1428572511723064933	CPU_4	0	0	0	100.00	0	0	0	0	0	0
1428572512426689114	CPU_4	0	0	0	100.00	0	0	0	0	0	0
1428572513126273427	CPU_4	0	0	0	100.00	0	0	0	0	0	0
1428572513837480972	CPU_4	0	0	0	100.00	0	0	0	0	0	0
1428572514537936325	CPU_4	0	0	0	100.00	0	0	0	0	0	0
1428572515239522092	CPU_4	0	0	0	100.00	0	0	0	0	0	0
1428572515948983557	CPU_4	0	0	0	100.00	0	0	0	0	0	0
1428572516650589407	CPU_4	0	0	0	100.00	0	0	0	0	0	0
1428572517368532568	CPU_4	0	0	0	100.00	0	0	0	0	0	0
1428572518070307460	CPU_4	0	0	0	100.00	0	0	0	0	0	0
1428572518770732812	CPU_4	0	0	0	100.00	0	0	0	0	0	0
1428572519482657065	CPU_4	0	0	0	100.00	0	0	0	0	0	0
1428572520182702751	CPU_4	0	0	0	100.00	0	0	0	0	0	0
1428572520886218432	CPU_4	0	0	0	100.00	0	0	0	0	0	0
1428572521599781515	CPU_4	0	0	0	100.00	0	0	0	0	0	0
1428572522302696406	CPU_4	0	0	0	100.00	0	0	0	0	0	0
1428572523005346630	CPU_4	0	0	0	100.00	0	0	0	0	0	0
1428572523715288551	CPU_4	0	0	0	100.00	0	0	0	0	0	0
1428572524418569733	CPU_4	0	0	0	100.00	0	0	0	0	0	0
1428572525128331196	CPU_4	0	0	0	100.00	0	0	0	0	0	0
1428572525829087006	CPU_4	0	0	0	100.00	0	0	0	0	0	0
1428572526533870852	CPU_4	0	0	0	100.00	0	0	0	0	0	0
1428572527241698818	CPU_4	0	0	0	100.00	0	0	0	0	0	0
1428572527946206372	CPU_4	0	0	0	100.00	0	0	0	0	0	0
1428572528652549632	CPU_4	0	0	0	100.00	0	0	0	0	0	0
1428572529358721726	CPU_4	0	0	0	100.00	0	0	0	0	0	0
1428572530059540786	CPU_4	0	0	0	100.00	0	0	0	0	0	0
1428572530771649537	CPU_4	0	0	0	100.00	0	0	0	0	0	0
1428572531470939932	CPU_4	0	0	0	100.00	0	0	0	0	0	0
1428572532174015780	CPU_4	0	0	0	100.00	0	0	0	0	0	0
1428572532884677492	CPU_4	0	0	0	100.00	0	0	0	0	0	0
1428572533585356176	CPU_4	0	0	0	100.00	0	0	0	0	0	0
1428572534292105769	CPU_4	0	0	0	100.00	0	0	0	0	0	0
1428572535000901650	CPU_4	0	0	0	100.00	0	0	0	0	0	0
1428572535702279417	CPU_4	0	0	0	100.00	0	0	0	0	0	0
1428572536414656959	CPU_4	0	0	0	100.00	0	0	0	0	0	0
1428572537116529433	CPU_4	0	0	0	100.00	0	0	0	0	0	0
1428572537818140658	CPU_4	0	0	0	100.00	0	0	0	0	0	0
1428572538530102451	CPU_4	0	0	0	100.00	0	0	0	0	0	0
1428572539233002174	CPU_4	0	0	0	100.00	0	0	0	0	0	0
1428572539942450637	CPU_4	0	0	0	100.00	0	0	0	0	0	0
1428572540649411812	CPU_4	0	0	0	100.00	0	0	0	0	0	0
1428572541349664039	CPU_4	0	0	0	100.00	0	0	0	0	0	0
1428572542061099540	CPU_4	0	0	0	100.00	0	0	0	0	0	0
1428572542761828225	CPU_4	0	0	0	100.00	0	0	0	0	0	0
1428572543467487860	CPU_4	0	0	0	100.00	0	0	0	0	0	0
1428572544180111443	CPU_4	0	0	0	100.00	0	0	0	0	0	0
1428572544885525703	CPU_4	0	0	0	100.00	0	0	0	0	0	0
1428572545600307492	CPU_4	0	0	0	100.00	0	0	0	0	0	0
1428572546306065418	CPU_4	0	0	0	100.00	0	0	0	0	0	0
1428572547007254102	CPU_4	0	0	0	100.00	0	0	0	0	0	0
1428572547721696849	CPU_4	0	0	0	100.00	0	0	0	0	0	0
1428572548425170945	CPU_4	0	0	0	100.00	0	0	0	0	0	0
1428572549125130797	CPU_4	0	0	0	100.00	0	0	0	0	0	0
1428572549834770259	CPU_4	0	0	0	100.00	0	0	0	0	0	0
1428572550539834770	CPU_4	0	0	0	100.00	0	0	0	0	0	0
1428572551251177271	CPU_4	0	0	0	100.00	0	0	0	0	0	0
1428572551959745318	CPU_4	0	0	0	100.00	0	0	0	0	0	0
1428572552660225252	CPU_4	0	0	0	100.00	0	0	0	0	0	0
1428572553369145507	CPU_4	0	0	0	100.00	0	0	0	0	0	0
1428572554072163229	CPU_4	0	0	0	100.00	0	0	0	0	0	0
1428572554773822536	CPU_4	0	0	0	100.00	0	0	0	0	0	0
1428572555482797207	CPU_4	0	0	0	100.00	0	0	0	0	0	0
1428572556184763722	CPU_4	0	0	0	100.00	0	0	0	0	0	0
1428572556899384635	CPU_4	0	0	0	100.00	0	0	0	0	0	0
1428572557601643316	CPU_4	0	0	0	100.00	0	0	0	0	0	0
1428572558301360793	CPU_4	0	0	0	100.00	0	0	0	0	0	0
1428572559014583625	CPU_4	0	0	0	100.00	0	0	0	0	0	0
1428572559713586685	CPU_4	0	0	0	100.00	0	0	0	0	0	0
1428572560417891447	CPU_4	0	0	0	100.00	0	0	0	0	0	0
1428572561128708615	CPU_4	0	0	0	100.00	0	0	0	0	0	0
1428572561828873549	CPU_4	0	0	0	100.00	0	0	0	0	0	0
1428572562537196387	CPU_4	0	0	0	100.00	0	0	0	0	0	0
1428572563244591519	CPU_4	0	0	0	100.00	0	0	0	0	0	0
1428572563944869828	CPU_4	0	0	0	100.00	0	0	0	0	0	0
1428572564656491328	CPU_4	0	0	0	100.00	0	0	0	0	0	0
1428572565357302052	CPU_4	0	0	0	100.00	0	0	0	0	0	0
1428572566060234357	CPU_4	0	0	0	100.00	0	0	0	0	0	0
1428572566772412731	CPU_4	0	0	0	100.00	0	0	0	0	0	0
1428572567476486993	CPU_4	0	0	0	100.00	0	0	0	0	0	0
1428572568185895788	CPU_4	0	0	0	100.00	0	0	0	0	0	0
1428572568894102668	CPU_4	0	0	0	100.00	0	0	0	0	0	0
1428572569595752891	CPU_4	0	0	0	100.00	0	0	0	0	0	0
1428572570306924225	CPU_4	0	0	0	100.00	0	0	0	0	0	0
1428572571009635571	CPU_4	0	0	0	100.00	0	0	0	0	0	0
1428572571717876534	CPU_4	0	0	0	100.00	0	0	0	0	0	0
1428572572431986364	CPU_4	0	0	0	100.00	0	0	0	0	0	0
1428572573132896005	CPU_4	0	0	0	100.00	0	0	0	0	0	0
1428572573849879788	CPU_4	0	0	0	100.00	0	0	0	0	0	0
1428572574555679130	CPU_4	0	0	0	100.00	0	0	0	0	0	0
1428572575255273647	CPU_4	0	0	0	100.00	0	0	0	0	0	0
1428572575969214185	CPU_4	0	0	0	100.00	0	0	0	0	0	0
1428572576671042908	CPU_4	0	0	0	100.00	0	0	0	0	0	0
1428572577372771797	CPU_4	0	0	0	100.00	0	0	0	0	0	0
1428572578086255544	CPU_4	0	0	0	100.00	0	0	0	0	0	0
1428572578789726055	CPU_4	0	0	0	100.00	0	0	0	0	0	0
1428572579502379387	CPU_4	0	0	0	100.00	0	0	0	0	0	0
1428572580207239979	CPU_4	0	0	0	100.00	0	0	0	0	0	0
1428572580908964410	CPU_4	0	0	0	100.00	0	0	0	0	0	0
1428572581624631320	CPU_4	0	0	0	100.00	0	0	0	0	0	0
1428572582326840625	CPU_4	0	0	0	100.00	0	0	0	0	0	0
1428572583031889467	CPU_4	0	0	0	100.00	0	0	0	0	0	0
1428572583744039049	CPU_4	0	0	0	100.00	0	0	0	0	0	0
1428572584448569934	CPU_4	0	0	0	100.00	0	0	0	0	0	0
1428572585158389977	CPU_4	0	0	0	100.00	0	0	0	0	0	0
1428572585860905532	CPU_4	0	0	0	100.00	0	0	0	0	0	0
1428572586562159046	CPU_4	0	0	0	100.00	0	0	0	0	0	0
1428572587276326208	CPU_4	0	0	0	100.00	0	0	0	0	0	0
1428572587976984848	CPU_4	0	0	0	100.00	0	0	0	0	0	0
1428572588680013943	CPU_4	0	0	0	100.00	0	0	0	0	0	0
1428572589390384527	CPU_4	0	0	0	100.00	0	0	0	0	0	0
1428572590094816995	CPU_4	0	0	0	100.00	0	0	0	0	0	0
1428572590805966537	CPU_4	0	0	0	100.00	0	0	0	0	0	0
1428572591510140505	CPU_4	0	0	0	100.00	0	0	0	0	0	0
1428572592212263351	CPU_4	0	0	0	100.00	0	0	0	0	0	0
1428572592925380473	CPU_4	0	0	0	100.00	0	0	0	0	0	0
1428572593627812693	CPU_4	0	0	0	100.00	0	0	0	0	0	0
1428572594334280408	CPU_4	0	0	0	100.00	0	0	0	0	0	0
1428572595044644533	CPU_4	0	0	0	100.00	0	0	0	0	0	0
1428572595750382499	CPU_4	0	0	0	100.00	0	0	0	0	0	0
1428572596462014164	CPU_4	0	0	0	100.00	0	0	0	0	0	0
1428572597164117885	CPU_4	0	0	0	100.00	0	0	0	0	0	0
1428572597866054398	CPU_4	0	0	0	100.00	0	0	0	0	0	0
1428572598579567727	CPU_4	0	0	0	100.00	0	0	0	0	0	0
1428572599279203035	CPU_4	0	0	0	100.00	0	0	0	0	0	0
1428572599983978877	CPU_4	0	0	0	100.00	0	0	0	0	0	0
1428572600695203667	CPU_4	0	0	0	100.00	0	0	0	0	0	0
1428572601395910973	CPU_4	0	0	0	100.00	0	0	0	0	0	0
1428572602109058886	CPU_4	0	0	0	100.00	0	0	0	0	0	0
1428572602814719893	CPU_4	0	0	0	100.00	0	0	0	0	0	0
1428572603514867742	CPU_4	0	0	0	100.00	0	0	0	0	0	0
1428572604227790946	CPU_4	0	0	0	100.00	0	0	0	0	0	0
1428572604930240125	CPU_4	0	0	0	100.00	0	0	0	0	0	0
1428572605632860386	CPU_4	0	0	0	100.00	0	0	0	0	0	0
1428572606343792927	CPU_4	0	0	0	100.00	0	0	0	0	0	0
1428572607048504102	CPU_4	0	0	0	100.00	0	0	0	0	0	0
1428572607764397010	CPU_4	0	0	0	100.00	0	0	0	0	0	0
1428572608468451686	CPU_4	0	0	0	100.00	0	0	0	0	0	0
1428572609171383405	CPU_4	0	0	0	100.00	0	0	0	0	0	0
1428572609884056026	CPU_4	0	0	0	100.00	0	0	0	0	0	0
1428572610587849119	CPU_4	0	0	0	100.00	0	0	0	0	0	0
1428572611303012570	CPU_4	0	0	0	100.00	0	0	0	0	0	0
1428572612012974362	CPU_4	0	0	0	100.00	0	0	0	0	0	0
1428572612719503034	CPU_4	0	0	0	100.00	0	0	0	0	0	0
1428572613431760781	CPU_4	0	0	0	100.00	0	0	0	0	0	0
1428572614138070328	CPU_4	0	0	0	100.00	0	0	0	0	0	0
1428572614838221134	CPU_4	0	0	0	100.00	0	0	0	0	0	0
1428572615552858752	CPU_4	0	0	0	100.00	0	0	0	0	0	0
1428572616257716385	CPU_4	0	0	0	100.00	0	0	0	0	0	0
1428572616969116216	CPU_4	0	0	0	100.00	0	0	0	0	0	0
1428572617672659309	CPU_4	0	0	0	100.00	0	0	0	0	0	0
1428572618376536318	CPU_4	0	0	0	100.00	0	0	0	0	0	0
1428572619092915016	CPU_4	0	0	0	100.00	0	0	0	0	0	0
1428572619797152483	CPU_4	0	0	0	100.00	0	0	0	0	0	0
1428572620500333743	CPU_4	0	0	0	100.00	0	0	0	0	0	0
1428572621212727656	CPU_4	0	0	0	100.00	0	0	0	0	0	0
1428572621915764291	CPU_4	0	0	0	100.00	0	0	0	0	0	0
1428572622631136699	CPU_4	0	0	0	100.00	0	0	0	0	0	0
1428572623331253046	CPU_4	0	0	0	100.00	0	0	0	0	0	0
1428572624039136382	CPU_4	0	0	0	100.00	0	0	0	0	0	0
1428572624751388795	CPU_4	0	0	0	100.00	0	0	0	0	0	0
1428572625456538594	CPU_4	0	0	0	100.00	0	0	0	0	0	0
1428572626167126259	CPU_4	0	0	0	100.00	0	0	0	0	0	0
1428572626875994135	CPU_4	0	0	0	100.00	0	0	0	0	0	0
1428572627581713099	CPU_4	0	0	0	100.00	0	0	0	0	0	0
1428572628295876926	CPU_4	0	0	0	100.00	0	0	0	0	0	0
1428572628999716017	CPU_4	0	0	0	100.00	0	0	0	0	0	0
1428572629704965232	CPU_4	0	0	0	100.00	0	0	0	0	0	0
1428572630418392184	CPU_4	0	0	0	100.00	0	0	0	0	0	0
1428572631124990480	CPU_4	0	0	0	100.00	0	0	0	0	0	0
1428572631836369144	CPU_4	0	0	0	100.00	0	0	0	0	0	0
1428572632539933028	CPU_4	0	0	0	100.00	0	0	0	0	0	0
1428572633242217371	CPU_4	0	0	0	100.00	0	0	0	0	0	0
1428572633956402364	CPU_4	0	0	0	100.00	0	0	0	0	0	0
1428572634657107877	CPU_4	0	0	0	100.00	0	0	0	0	0	0
1428572635360966135	CPU_4	0	0	0	100.00	0	0	0	0	0	0
1428572636078479081	CPU_4	0	0	0	100.00	0	0	0	0	0	0
1428572636781623048	CPU_4	0	0	0	100.00	0	0	0	0	0	0
1428572637493783711	CPU_4	0	0	0	100.00	0	0	0	0	0	0
1428572638200668631	CPU_4	0	0	0	100.00	0	0	0	0	0	0
1428572638901350643	CPU_4	0	0	0	100.00	0	0	0	0	0	0
1428572639618575215	CPU_4	0	0	0	100.00	0	0	0	0	0	0
1428572640321948307	CPU_4	0	0	0	100.00	0	0	0	0	0	0
1428572641028509060	CPU_4	0	0	0	100.00	0	0	0	0	0	0
1428572641743550343	CPU_4	0	0	0	100.00	0	0	0	0	0	0
1428572642448077683	CPU_4	0	0	0	100.00	0	0	0	0	0	0
1428572643161998343	CPU_4	0	0	0	100.00	0	0	0	0	0	0
1428572643863778270	CPU_4	0	0	0	100.00	0	0	0	0	0	0
1428572644567933944	CPU_4	0	0	0	100.00	0	0	0	0	0	0
1428572645281687145	CPU_4	0	0	0	100.00	0	0	0	0	0	0
1428572645982582282	CPU_4	0	0	0	100.00	0	0	0	0	0	0
1428572646697506815	CPU_4	0	0	0	100.00	0	0	0	0	0	0
1428572647406489773	CPU_4	0	0	0	100.00	0	0	0	0	0	0
1428572648110063572	CPU_4	0	0	0	100.00	0	0	0	0	0	0
1428572648822047318	CPU_4	0	0	0	100.00	0	0	0	0	0	0
1428572649526787532	CPU_4	0	0	0	100.00	0	0	0	0	0	0
1428572650232097329	CPU_4	0	0	0	100.00	0	0	0	0	0	0
1428572650946711445	CPU_4	0	0	0	100.00	0	0	0	0	0	0
1428572651649856787	CPU_4	0	0	0	100.00	0	0	0	0	0	0
1428572652370653352	CPU_4	0	0	0	100.00	0	0	0	0	0	0
1428572653073121986	CPU_4	0	0	0	100.00	0	0	0	0	0	0
1428572653778839824	CPU_4	0	0	0	100.00	0	0	0	0	0	0
1428572654493478315	CPU_4	0	0	0	100.00	0	0	0	0	0	0
1428572655197340947	CPU_4	0	0	0	100.00	0	0	0	0	0	0
1428572655901154829	CPU_4	0	0	0	100.00	0	0	0	0	0	0
1428572656615936070	CPU_4	0	0	0	100.00	0	0	0	0	0	0
1428572657316684498	CPU_4	0	0	0	100.00	0	0	0	0	0	0
1428572658031600905	CPU_4	0	0	0	100.00	0	0	0	0	0	0
1428572658736771702	CPU_4	0	0	0	100.00	0	0	0	0	0	0
1428572659439671377	CPU_4	0	0	0	100.00	0	0	0	0	0	0
1428572660152763078	CPU_4	0	0	0	100.00	0	0	0	0	0	0
1428572660858227041	CPU_4	0	0	0	100.00	0	0	0	0	0	0
1428572661565147751	CPU_4	0	0	0	100.00	0	0	0	0	0	0
1428572662277489912	CPU_4	0	0	0	100.00	0	0	0	0	0	0
1428572662980987336	CPU_4	0	0	0	100.00	0	0	0	0	0	0
1428572663706460769	CPU_4	0	0	0	100.00	0	0	0	0	0	0
1428572664418120431	CPU_4	0	0	0	100.00	0	0	0	0	0	0
1428572665206510480	CPU_4	1.28	0	0	98.71	0	0	0	0	0	0
1428572665913920647	CPU_4	0	0	0	100.00	0	0	0	0	0	0
1428572666622668147	CPU_4	0	0	0	100.00	0	0	0	0	0	0
1428572667334530766	CPU_4	0	0	0	100.00	0	0	0	0	0	0
1428572668039790354	CPU_4	0	0	0	100.00	0	0	0	0	0	0
1428572668752660097	CPU_4	0	0	0	100.00	0	0	0	0	0	0
1428572669460378264	CPU_4	0	0	0	100.00	0	0	0	0	0	0
1428572670166630308	CPU_4	0	0	0	100.00	0	0	0	0	0	0
1428572670882806838	CPU_4	0	0	0	100.00	0	0	0	0	0	0
1428572671583874348	CPU_4	0	0	0	100.00	0	0	0	0	0	0
1428572672293382929	CPU_4	0	0	0	100.00	0	0	0	0	0	0
1428572673007389921	CPU_4	0	0	0	100.00	0	0	0	0	0	0
1428572673715761295	CPU_4	0	0	0	100.00	0	0	0	0	0	0
1428572674429287078	CPU_4	0	0	0	100.00	0	0	0	0	0	0
1428572675136371913	CPU_4	0	0	0	100.00	0	0	0	0	0	0
1428572675838323838	CPU_4	0	0	0	100.00	0	0	0	0	0	0
1428572676556290782	CPU_4	0	0	0	100.00	0	0	0	0	0	0
1428572677261422577	CPU_4	0	0	0	100.00	0	0	0	0	0	0
1428572677971601407	CPU_4	0	0	0	100.00	0	0	0	0	0	0
1428572678683960025	CPU_4	0	0	0	100.00	0	0	0	0	0	0
1428572679389928820	CPU_4	0	0	0	100.00	0	0	0	0	0	0
1428572680103731686	CPU_4	0	0	0	100.00	0	0	0	0	0	0
1428572680807674108	CPU_4	0	0	0	100.00	0	0	0	0	0	0
1428572681512455029	CPU_4	0	0	0	100.00	0	0	0	0	0	0
1428572682229656932	CPU_4	0	0	0	100.00	0	0	0	0	0	0
1428572682936605641	CPU_4	0	0	0	100.00	0	0	0	0	0	0
1428572683653972168	CPU_4	0	0	0	100.00	0	0	0	0	0	0
1428572684361280460	CPU_4	0	0	0	100.00	0	0	0	0	0	0
1428572685066123756	CPU_4	0	0	0	100.00	0	0	0	0	0	0
1428572685784761490	CPU_4	0	0	0	100.00	0	0	0	0	0	0
1428572686490583575	CPU_4	0	0	0	100.00	0	0	0	0	0	0
1428572687198244492	CPU_4	0	0	0	100.00	0	0	0	0	0	0
1428572687912735523	CPU_4	0	0	0	100.00	0	0	0	0	0	0
1428572688617554569	CPU_4	0	0	0	100.00	0	0	0	0	0	0
1428572689334233555	CPU_4	0	0	0	100.00	0	0	0	0	0	0
1428572690036396771	CPU_4	0	0	0	100.00	0	0	0	0	0	0
1428572690743773396	CPU_4	0	0	0	100.00	0	0	0	0	0	0
1428572691457564220	CPU_4	0	0	0	100.00	0	0	0	0	0	0
1428572692162257099	CPU_4	0	0	0	100.00	0	0	0	0	0	0
1428572692878164461	CPU_4	0	0	0	100.00	0	0	0	0	0	0
1428572693584959045	CPU_4	0	0	0	100.00	0	0	0	0	0	0
1428572694287751343	CPU_4	0	0	0	100.00	0	0	0	0	0	0
1428572695002955873	CPU_4	0	0	0	100.00	0	0	0	0	0	0
1428572695708410001	CPU_4	0	0	0	100.00	0	0	0	0	0	0
1428572696414327961	CPU_4	0	0	0	100.00	0	0	0	0	0	0
1428572697128962658	CPU_4	0	0	0	100.00	0	0	0	0	0	0
1428572697835981408	CPU_4	0	0	0	100.00	0	0	0	0	0	0
1428572698552716561	CPU_4	0	0	0	100.00	0	0	0	0	0	0
1428572699258534562	CPU_4	0	0	0	100.00	0	0	0	0	0	0
1428572699963576732	CPU_4	0	0	0	100.00	0	0	0	0	0	0
1428572700680836842	CPU_4	0	0	0	100.00	0	0	0	0	0	0
1428572701383730015	CPU_4	0	0	0	100.00	0	0	0	0	0	0
1428572702103407246	CPU_4	0	0	0	100.00	0	0	0	0	0	0
1428572702809722997	CPU_4	0	0	0	100.00	0	0	0	0	0	0
1428572703514270459	CPU_4	0	0	0	100.00	0	0	0	0	0	0
1428572704229374072	CPU_4	0	0	0	100.00	0	0	0	0	0	0
1428572704936085822	CPU_4	0	0	0	100.00	0	0	0	0	0	0
1428572705638402912	CPU_4	0	0	0	100.00	0	0	0	0	0	0
1428572706355883188	CPU_4	0	0	0	100.00	0	0	0	0	0	0
1428572707060618816	CPU_4	0	0	0	100.00	0	0	0	0	0	0
1428572707781201962	CPU_4	0	0	0	100.00	0	0	0	0	0	0
1428572708485119383	CPU_4	0	0	0	100.00	0	0	0	0	0	0
1428572709193433797	CPU_4	0	0	0	100.00	0	0	0	0	0	0
1428572709908740285	CPU_4	0	0	0	100.00	0	0	0	0	0	0
1428572710614505494	CPU_4	0	0	0	100.00	0	0	0	0	0	0
1428572711320560953	CPU_4	0	0	0	100.00	0	0	0	0	0	0
1428572712035570066	CPU_4	0	0	0	100.00	0	0	0	0	0	0
1428572712739979903	CPU_4	0	0	0	100.00	0	0	0	0	0	0
1428572713456794221	CPU_4	0	0	0	100.00	0	0	0	0	0	0
1428572714161642973	CPU_4	0	0	0	100.00	0	0	0	0	0	0
1428572714867502974	CPU_4	0	0	0	100.00	0	0	0	0	0	0
1428572715582950544	CPU_4	0	0	0	100.00	0	0	0	0	0	0
1428572716291904249	CPU_4	0	0	0	100.00	0	0	0	0	0	0
1428572717005801071	CPU_4	0	0	0	100.00	0	0	0	0	0	0
1428572717714268402	CPU_4	0	0	0	100.00	0	0	0	0	0	0
1428572718423950980	CPU_4	0	0	0	100.00	0	0	0	0	0	0
1428572719142413212	CPU_4	0	0	0	100.00	0	0	0	0	0	0
1428572719847253798	CPU_4	0	0	0	100.00	0	0	0	0	0	0
1428572720561973744	CPU_4	0	0	0	100.00	0	0	0	0	0	0
1428572721272728612	CPU_4	0	0	0	100.00	0	0	0	0	0	0
1428572721978904029	CPU_4	0	0	0	100.00	0	0	0	0	0	0
1428572722693296100	CPU_4	0	0	0	100.00	0	0	0	0	0	0
1428572723404246760	CPU_4	0	0	0	100.00	0	0	0	0	0	0
1428572724109140387	CPU_4	0	0	0	100.00	0	0	0	0	0	0
1428572724827242369	CPU_4	0	0	0	100.00	0	0	0	0	0	0
1428572725531823663	CPU_4	0	0	0	100.00	0	0	0	0	0	0
1428572726250777728	CPU_4	0	0	0	100.00	0	0	0	0	0	0
1428572726954921689	CPU_4	0	0	0	100.00	0	0	0	0	0	0
1428572727663154061	CPU_4	0	0	0	100.00	0	0	0	0	0	0
1428572728379484254	CPU_4	0	0	0	100.00	0	0	0	0	0	0
1428572729084628547	CPU_4	0	0	0	100.00	0	0	0	0	0	0
1428572729801563239	CPU_4	0	0	0	100.00	0	0	0	0	0	0
1428572730514683520	CPU_4	0	0	0	100.00	0	0	0	0	0	0
1428572731219538772	CPU_4	0	0	0	100.00	0	0	0	0	0	0
1428572731936900755	CPU_4	0	0	0	100.00	0	0	0	0	0	0
1428572732642742714	CPU_4	0	0	0	100.00	0	0	0	0	0	0
1428572733349697420	CPU_4	0	0	0	100.00	0	0	0	0	0	0
1428572734064658449	CPU_4	0	0	0	100.00	0	0	0	0	0	0
1428572734773310736	CPU_4	0	0	0	100.00	0	0	0	0	0	0
1428572735491008969	CPU_4	0	0	0	100.00	0	0	0	0	0	0
1428572736197095135	CPU_4	0	0	0	100.00	0	0	0	0	0	0
1428572736903506925	CPU_4	0	0	0	100.00	0	0	0	0	0	0
1428572737619963410	CPU_4	0	0	0	100.00	0	0	0	0	0	0
1428572738326406909	CPU_4	0	0	0	100.00	0	0	0	0	0	0
1428572739047126011	CPU_4	0	0	0	100.00	0	0	0	0	0	0
1428572739760527500	CPU_4	0	0	0	100.00	0	0	0	0	0	0
1428572740467567498	CPU_4	0	0	0	100.00	0	0	0	0	0	0
1428572741183160816	CPU_4	0	0	0	100.00	0	0	0	0	0	0
1428572741892277686	CPU_4	0	0	0	100.00	0	0	0	0	0	0
1428572742599556017	CPU_4	0	0	0	100.00	0	0	0	0	0	0
1428572743317472457	CPU_4	0	0	0	100.00	0	0	0	0	0	0
1428572744024493663	CPU_4	0	0	0	100.00	0	0	0	0	0	0
1428572744744221226	CPU_4	0	0	0	100.00	0	0	0	0	0	0
1428572745448147395	CPU_4	0	0	0	100.00	0	0	0	0	0	0
1428572746156368057	CPU_4	0	0	0	100.00	0	0	0	0	0	0
1428572746873438873	CPU_4	0	0	0	100.00	0	0	0	0	0	0
1428572747579118873	CPU_4	0	0	0	100.00	0	0	0	0	0	0
1428572748303333845	CPU_4	0	0	0	100.00	0	0	0	0	0	0
1428572749011027883	CPU_4	0	0	0	100.00	0	0	0	0	0	0
1428572749714981177	CPU_4	0	0	0	100.00	0	0	0	0	0	0
1428572750433452949	CPU_4	0	0	0	100.00	0	0	0	0	0	0
1428572751139306990	CPU_4	0	0	0	100.00	0	0	0	0	0	0
1428572751850913605	CPU_4	0	0	0	100.00	0	0	0	0	0	0
1428572752565824925	CPU_4	0	0	0	100.00	0	0	0	0	0	0
1428572753275044710	CPU_4	0	0	0	100.00	0	0	0	0	0	0
1428572753990934778	CPU_4	0	0	0	100.00	0	0	0	0	0	0
1428572754697173818	CPU_4	0	0	0	100.00	0	0	0	0	0	0
1428572755404421190	CPU_4	0	0	0	100.00	0	0	0	0	0	0
1428572756123484211	CPU_4	0	0	0	100.00	0	0	0	0	0	0
1428572756829036960	CPU_4	0	0	0	100.00	0	0	0	0	0	0
1428572757552976515	CPU_4	0	0	0	100.00	0	0	0	0	0	0
1428572758259691638	CPU_4	0	0	0	100.00	0	0	0	0	0	0
1428572758971091462	CPU_4	0	0	0	100.00	0	0	0	0	0	0
1428572759685109823	CPU_4	0	0	0	100.00	0	0	0	0	0	0
1428572760394735108	CPU_4	0	0	0	100.00	0	0	0	0	0	0
1428572761101551355	CPU_4	0	0	0	100.00	0	0	0	0	0	0
1428572761818311088	CPU_4	0	0	0	100.00	0	0	0	0	0	0
1428572762527017166	CPU_4	0	0	0	100.00	0	0	0	0	0	0
1428572763245177063	CPU_4	0	0	0	100.00	0	0	0	0	0	0
1428572763951722227	CPU_4	0	0	0	100.00	0	0	0	0	0	0
1428572764662089969	CPU_4	0	0	0	100.00	0	0	0	0	0	0
1428572765380116074	CPU_4	0	0	0	100.00	0	0	0	0	0	0
1428572766090515899	CPU_4	0	0	0	100.00	0	0	0	0	0	0
1428572766805807967	CPU_4	0	0	0	100.00	0	0	0	0	0	0
1428572767514832710	CPU_4	0	0	0	100.00	0	0	0	0	0	0
1428572768220863667	CPU_4	0	0	0	100.00	0	0	0	0	0	0
1428572768938286898	CPU_4	0	0	0	100.00	0	0	0	0	0	0
1428572769646922767	CPU_4	0	0	0	100.00	0	0	0	0	0	0
1428572770363160167	CPU_4	0	0	0	100.00	0	0	0	0	0	0
1428572771072567243	CPU_4	0	0	0	100.00	0	0	0	0	0	0
1428572771780822529	CPU_4	0	0	0	100.00	0	0	0	0	0	0
1428572772497797802	CPU_4	0	0	0	100.00	0	0	0	0	0	0
1428572773206629463	CPU_4	0	0	0	100.00	0	0	0	0	0	0
1428572773914353374	CPU_4	0	0	0	100.00	0	0	0	0	0	0
1428572774634735226	CPU_4	0	0	0	100.00	0	0	0	0	0	0
1428572775343007720	CPU_4	0	0	0	100.00	0	0	0	0	0	0
1428572776061955240	CPU_4	0	0	0	100.00	0	0	0	0	0	0
1428572776769825569	CPU_4	0	0	0	100.00	0	0	0	0	0	0
1428572777479297936	CPU_4	0	0	0	100.00	0	0	0	0	0	0
1428572778195224502	CPU_4	0	0	0	100.00	0	0	0	0	0	0
1428572778904667328	CPU_4	0	0	0	100.00	0	0	0	0	0	0
1428572779621172268	CPU_4	0	0	0	100.00	0	0	0	0	0	0
1428572780330827052	CPU_4	0	0	0	100.00	0	0	0	0	0	0
1428572781038111714	CPU_4	0	0	0	100.00	0	0	0	0	0	0
1428572781759277689	CPU_4	0	0	0	100.00	0	0	0	0	0	0
1428572782466816059	CPU_4	0	0	0	100.00	0	0	0	0	0	0
1428572783178244132	CPU_4	0	0	0	100.00	0	0	0	0	0	0
1428572783898823608	CPU_4	0	0	0	100.00	0	0	0	0	0	0
1428572784619263417	CPU_4	1.38	0	0	98.61	0	0	0	0	0	0
1428572785335556524	CPU_4	0	0	0	100.00	0	0	0	0	0	0
1428572786046642930	CPU_4	0	0	0	100.00	0	0	0	0	0	0
1428572786753807217	CPU_4	0	0	0	100.00	0	0	0	0	0	0
1428572787474242026	CPU_4	0	0	0	100.00	0	0	0	0	0	0
1428572788183792226	CPU_4	0	0	0	100.00	0	0	0	0	0	0
1428572788901367831	CPU_4	0	0	0	100.00	0	0	0	0	0	0
1428572789634685288	CPU_4	0	0	0	100.00	0	0	0	0	0	0
1428572790341350992	CPU_4	0	0	0	100.00	0	0	0	0	0	0
1428572791057664682	CPU_4	0	0	0	100.00	0	0	0	0	0	0
1428572791765466343	CPU_4	0	0	0	100.00	0	0	0	0	0	0
1428572792484469654	CPU_4	0	0	0	100.00	0	0	0	0	0	0
1428572793191150233	CPU_4	0	0	0	100.00	0	0	0	0	0	0
1428572793899470393	CPU_4	0	0	0	100.00	0	0	0	0	0	0
1428572794619058703	CPU_4	0	0	0	100.00	0	0	0	0	0	0
1428572795323528286	CPU_4	0	0	0	100.00	0	0	0	0	0	0
1428572796043484762	CPU_4	0	0	0	100.00	0	0	0	0	0	0
1428572796751973546	CPU_4	0	0	0	100.00	0	0	0	0	0	0
1428572797459749623	CPU_4	0	0	0	100.00	0	0	0	0	0	0
1428572798178263143	CPU_4	0	0	0	100.00	0	0	0	0	0	0
1428572798888243884	CPU_4	0	0	0	100.00	0	0	0	0	0	0
1428572799597899708	CPU_4	0	0	0	100.00	0	0	0	0	0	0
1428572800313458357	CPU_4	0	0	0	100.00	0	0	0	0	0	0
1428572801021932225	CPU_4	0	0	0	100.00	0	0	0	0	0	0
1428572801741286785	CPU_4	0	0	0	100.00	0	0	0	0	0	0
1428572802448278780	CPU_4	0	0	0	100.00	0	0	0	0	0	0
1428572803157754938	CPU_4	0	0	0	100.00	0	0	0	0	0	0
1428572803876865039	CPU_4	0	0	0	100.00	0	0	0	0	0	0
1428572804585677657	CPU_4	0	0	0	100.00	0	0	0	0	0	0
1428572805302823636	CPU_4	0	0	0	100.00	0	0	0	0	0	0
1428572806013061710	CPU_4	0	0	0	100.00	0	0	0	0	0	0
1428572806724357573	CPU_4	0	0	0	100.00	0	0	0	0	0	0
1428572807444796339	CPU_4	0	0	0	100.00	0	0	0	0	0	0
1428572808154862663	CPU_4	0	0	0	100.00	0	0	0	0	0	0
1428572808874402597	CPU_4	0	0	0	100.00	0	0	0	0	0	0
1428572809580262551	CPU_4	0	0	0	100.00	0	0	0	0	0	0
1428572810290320000	CPU_4	0	0	0	100.00	0	0	0	0	0	0
1428572811009557351	CPU_4	0	0	0	100.00	0	0	0	0	0	0
1428572811717669552	CPU_4	0	0	0	100.00	0	0	0	0	0	0
1428572812433388534	CPU_4	0	0	0	100.00	0	0	0	0	0	0
1428572813150637471	CPU_4	0	0	0	100.00	0	0	0	0	0	0
1428572813861331085	CPU_4	0	0	0	100.00	0	0	0	0	0	0
1428572814579585354	CPU_4	0	0	0	100.00	0	0	0	0	0	0
1428572815288966928	CPU_4	0	0	0	100.00	0	0	0	0	0	0
1428572815999532375	CPU_4	0	0	0	100.00	0	0	0	0	0	0
1428572816718419935	CPU_4	0	0	0	100.00	0	0	0	0	0	0
1428572817431924836	CPU_4	0	0	0	100.00	0	0	0	0	0	0
1428572818152849977	CPU_4	0	0	0	100.00	0	0	0	0	0	0
1428572818865693170	CPU_4	0	0	0	100.00	0	0	0	0	0	0
1428572819573157414	CPU_4	0	0	0	100.00	0	0	0	0	0	0
1428572820292778514	CPU_4	0	0	0	100.00	0	0	0	0	0	0
1428572821002765378	CPU_4	0	0	0	100.00	0	0	0	0	0	0
1428572821725561099	CPU_4	0	0	0	100.00	0	0	0	0	0	0
1428572822449704276	CPU_4	2.81	0	7.04	90.14	0	0	0	0	0	0
1428572823225448084	CPU_4	0	0	0	100.00	0	0	0	0	0	0
1428572823937385404	CPU_4	0	0	0	100.00	0	0	0	0	0	0
1428572824649636807	CPU_4	0	0	0	100.00	0	0	0	0	0	0
1428572825365834870	CPU_4	0	0	0	100.00	0	0	0	0	0	0
1428572826074720403	CPU_4	0	0	0	100.00	0	0	0	0	0	0
1428572826785492224	CPU_4	0	0	0	100.00	0	0	0	0	0	0
1428572827501858954	CPU_4	0	0	0	100.00	0	0	0	0	0	0
1428572828208386365	CPU_4	0	0	0	100.00	0	0	0	0	0	0
1428572828926368967	CPU_4	0	0	0	100.00	0	0	0	0	0	0
1428572829634175710	CPU_4	0	0	0	100.00	0	0	0	0	0	0
1428572830343952324	CPU_4	0	0	0	100.00	0	0	0	0	0	0
1428572831061601010	CPU_4	0	0	0	100.00	0	0	0	0	0	0
1428572831768880253	CPU_4	0	0	0	100.00	0	0	0	0	0	0
1428572832491840889	CPU_4	0	0	0	100.00	0	0	0	0	0	0
1428572833201635337	CPU_4	0	0	0	100.00	0	0	0	0	0	0
1428572833911408326	CPU_4	0	0	0	100.00	0	0	0	0	0	0
1428572834629038970	CPU_4	0	0	0	100.00	0	0	0	0	0	0
1428572835336080755	CPU_4	0	0	0	100.00	0	0	0	0	0	0
1428572836046527243	CPU_4	0	0	0	100.00	0	0	0	0	0	0
1428572836762460890	CPU_4	0	0	0	100.00	0	0	0	0	0	0
1428572837471960171	CPU_4	0	0	0	100.00	0	0	0	0	0	0
1428572838192138603	CPU_4	0	0	0	100.00	0	0	0	0	0	0
1428572838901307426	CPU_4	0	0	0	100.00	0	0	0	0	0	0
1428572839610508749	CPU_4	0	0	0	100.00	0	0	0	0	0	0
1428572840329237808	CPU_4	0	0	0	100.00	0	0	0	0	0	0
1428572841037891257	CPU_4	0	0	0	100.00	0	0	0	0	0	0
1428572841758724062	CPU_4	0	0	0	100.00	0	0	0	0	0	0
1428572842467973677	CPU_4	0	0	0	100.00	0	0	0	0	0	0
1428572843179540580	CPU_4	0	0	0	100.00	0	0	0	0	0	0
1428572843894641727	CPU_4	0	0	0	100.00	0	0	0	0	0	0
1428572844605426006	CPU_4	0	0	0	100.00	0	0	0	0	0	0
1428572845329032307	CPU_4	0	0	0	100.00	0	0	0	0	0	0
1428572846041530667	CPU_4	0	0	0	100.00	0	0	0	0	0	0
1428572846749651200	CPU_4	0	0	0	100.00	0	0	0	0	0	0
1428572847470489755	CPU_4	0	0	0	100.00	0	0	0	0	0	0
1428572848188780148	CPU_4	0	0	0	100.00	0	0	0	0	0	0
1428572848899952592	CPU_4	0	0	0	100.00	0	0	0	0	0	0
1428572849618008777	CPU_4	0	0	0	100.00	0	0	0	0	0	0
1428572850328589889	CPU_4	0	0	0	100.00	0	0	0	0	0	0
1428572851049834110	CPU_4	0	0	0	100.00	0	0	0	0	0	0
1428572851758554517	CPU_4	0	0	0	100.00	0	0	0	0	0	0
1428572852468173964	CPU_4	0	0	0	100.00	0	0	0	0	0	0
1428572853192216722	CPU_4	0	0	0	100.00	0	0	0	0	0	0
1428572853901435211	CPU_4	0	0	0	100.00	0	0	0	0	0	0
1428572854622592016	CPU_4	0	0	0	100.00	0	0	0	0	0	0
1428572855331791297	CPU_4	0	0	0	100.00	0	0	0	0	0	0
1428572856041758034	CPU_4	0	0	0	100.00	0	0	0	0	0	0
1428572856764831669	CPU_4	0	0	0	100.00	0	0	0	0	0	0
1428572857476407988	CPU_4	0	0	0	100.00	0	0	0	0	0	0
1428572858197869834	CPU_4	0	0	0	100.00	0	0	0	0	0	0
1428572858909099986	CPU_4	0	0	0	100.00	0	0	0	0	0	0
1428572859621090388	CPU_4	0	0	0	100.00	0	0	0	0	0	0
1428572860340623486	CPU_4	0	0	0	100.00	0	0	0	0	0	0
1428572861048288019	CPU_4	0	0	0	98.59	0	0	1.40	0	0	0
1428572861767629409	CPU_4	0	0	0	100.00	0	0	0	0	0	0
1428572862476634398	CPU_4	0	0	0	100.00	0	0	0	0	0	0
1428572863187113801	CPU_4	0	0	0	100.00	0	0	0	0	0	0
1428572863903840612	CPU_4	0	0	0	100.00	0	0	0	0	0	0
1428572864614424557	CPU_4	0	0	0	100.00	0	0	0	0	0	0
1428572865324260003	CPU_4	0	0	0	100.00	0	0	0	0	0	0
1428572866041344271	CPU_4	0	0	0	100.00	0	0	0	0	0	0
1428572866751217217	CPU_4	0	0	0	100.00	0	0	0	0	0	0
1428572867471913813	CPU_4	0	0	0	100.00	0	0	0	0	0	0
1428572868178364639	CPU_4	0	0	0	100.00	0	0	0	0	0	0
1428572868889400874	CPU_4	0	0	0	100.00	0	0	0	0	0	0
1428572869610688011	CPU_4	0	0	0	100.00	0	0	0	0	0	0
1428572870321743539	CPU_4	0	0	0	100.00	0	0	0	0	0	0
1428572871039790514	CPU_4	0	0	0	100.00	0	0	0	0	0	0
1428572871751480081	CPU_4	0	0	0	100.00	0	0	0	0	0	0
1428572872460678320	CPU_4	0	0	0	100.00	0	0	0	0	0	0
1428572873178716711	CPU_4	0	0	0	100.00	0	0	0	0	0	0
1428572873888731698	CPU_4	0	0	0	100.00	0	0	0	0	0	0
1428572874611488833	CPU_4	0	0	0	100.00	0	0	0	0	0	0
1428572875322085360	CPU_4	0	0	0	100.00	0	0	0	0	0	0
1428572876030507599	CPU_4	0	0	0	100.00	0	0	0	0	0	0
1428572876748915032	CPU_4	2.81	0	4.22	92.95	0	0	0	0	0	0
1428572877458563436	CPU_4	0	0	0	100.00	0	0	0	0	0	0
1428572878176798619	CPU_4	0	0	0	100.00	0	0	0	0	0	0
1428572878892183930	CPU_4	0	0	0	100.00	0	0	0	0	0	0
1428572879604709705	CPU_4	0	0	0	100.00	0	0	0	0	0	0
1428572880323333304	CPU_4	0	0	0	100.00	0	0	0	0	0	0
1428572881033092707	CPU_4	0	0	0	100.00	0	0	0	0	0	0
1428572881746948313	CPU_4	0	0	0	100.00	0	0	0	0	0	0
1428572882464905288	CPU_4	0	0	0	100.00	0	0	0	0	0	0
1428572883172893360	CPU_4	0	0	0	100.00	0	0	0	0	0	0
1428572883892895082	CPU_4	0	0	0	100.00	0	0	0	0	0	0
1428572884605033273	CPU_4	0	0	0	100.00	0	0	0	0	0	0
1428572885311647056	CPU_4	0	0	0	100.00	0	0	0	0	0	0
1428572886026577244	CPU_4	0	0	0	100.00	0	0	0	0	0	0
1428572886732968527	CPU_4	0	0	0	100.00	0	0	0	0	0	0
1428572887448263422	CPU_4	0	0	0	100.00	0	0	0	0	0	0
1428572888155992037	CPU_4	0	0	0	100.00	0	0	0	0	0	0
1428572888864018942	CPU_4	0	0	0	100.00	0	0	0	0	0	0
1428572889582924165	CPU_4	0	0	0	100.00	0	0	0	0	0	0
1428572890289277115	CPU_4	0	0	0	100.00	0	0	0	0	0	0
1428572891000382099	CPU_4	0	0	0	100.00	0	0	0	0	0	0
1428572891716897576	CPU_4	0	0	0	100.00	0	0	0	0	0	0
1428572892422755693	CPU_4	0	0	0	100.00	0	0	0	0	0	0
1428572893142486331	CPU_4	0	0	0	100.00	0	0	0	0	0	0
1428572893850174112	CPU_4	0	0	0	100.00	0	0	0	0	0	0
1428572894557786810	CPU_4	0	0	0	100.00	0	0	0	0	0	0
1428572895275189326	CPU_4	0	0	0	100.00	0	0	0	0	0	0
1428572895984530771	CPU_4	0	0	0	100.00	0	0	0	0	0	0
1428572896704926408	CPU_4	0	0	0	100.00	0	0	0	0	0	0
1428572897411312524	CPU_4	0	0	0	100.00	0	0	0	0	0	0
1428572898120838927	CPU_4	0	0	0	100.00	0	0	0	0	0	0
1428572898839944441	CPU_4	0	0	0	100.00	0	0	0	0	0	0
1428572899547982096	CPU_4	0	0	0	100.00	0	0	0	0	0	0
1428572900266147487	CPU_4	0	0	0	100.00	0	0	0	0	0	0
1428572900976629971	CPU_4	0	0	0	100.00	0	0	0	0	0	0
1428572901687431622	CPU_4	0	0	0	100.00	0	0	0	0	0	0
1428572902407738134	CPU_4	0	0	0	100.00	0	0	0	0	0	0
1428572903119413825	CPU_4	0	0	0	100.00	0	0	0	0	0	0
1428572903852141860	CPU_4	0	0	0	100.00	0	0	0	0	0	0
1428572904565697840	CPU_4	0	0	0	100.00	0	0	0	0	0	0
1428572905275094243	CPU_4	0	0	0	100.00	0	0	0	0	0	0
1428572905995191380	CPU_4	0	0	0	100.00	0	0	0	0	0	0
1428572906705334282	CPU_4	0	0	0	100.00	0	0	0	0	0	0
1428572907415837558	CPU_4	0	0	0	100.00	0	0	0	0	0	0
1428572908134615780	CPU_4	0	0	0	100.00	0	0	0	0	0	0
1428572908844786890	CPU_4	0	0	0	100.00	0	0	0	0	0	0
1428572909563006238	CPU_4	0	0	0	100.00	0	0	0	0	0	0
1428572910272207891	CPU_4	0	0	0	100.00	0	0	0	0	0	0
1428572910984222957	CPU_4	0	0	0	100.00	0	0	0	0	0	0
1428572911702279305	CPU_4	0	0	0	100.00	0	0	0	0	0	0
1428572912411890623	CPU_4	0	0	0	100.00	0	0	0	0	0	0
1428572913132773717	CPU_4	0	0	0	100.00	0	0	0	0	0	0
1428572913844293075	CPU_4	0	0	0	100.00	0	0	0	0	0	0
1428572914553264936	CPU_4	0	0	0	100.00	0	0	0	0	0	0
1428572915272257283	CPU_4	0	0	0	100.00	0	0	0	0	0	0
1428572915982155393	CPU_4	0	0	0	100.00	0	0	0	0	0	0
1428572916702355487	CPU_4	0	0	0	100.00	0	0	0	0	0	0
1428572917411510807	CPU_4	0	0	0	100.00	0	0	0	0	0	0
1428572918121766958	CPU_4	0	0	0	100.00	0	0	0	0	0	0
1428572918839919680	CPU_4	0	0	0	100.00	0	0	0	0	0	0
1428572919550208331	CPU_4	0	0	0	100.00	0	0	0	0	0	0
1428572920269887343	CPU_4	0	0	0	100.00	0	0	0	0	0	0
1428572920982258449	CPU_4	0	0	0	100.00	0	0	0	0	0	0
1428572921694658638	CPU_4	0	0	0	100.00	0	0	0	0	0	0
1428572922413411818	CPU_4	0	0	0	100.00	0	0	0	0	0	0
1428572923124118093	CPU_4	0	0	0	100.00	0	0	0	0	0	0
1428572923842699481	CPU_4	0	0	0	100.00	0	0	0	0	0	0
1428572924556938501	CPU_4	0	0	0	100.00	0	0	0	0	0	0
1428572925267387402	CPU_4	0	0	0	100.00	0	0	0	0	0	0
1428572925988486619	CPU_4	0	0	0	98.63	0	0	1.36	0	0	0
1428572926698275896	CPU_4	0	0	0	100.00	0	0	0	0	0	0
1428572927407667214	CPU_4	0	0	0	100.00	0	0	0	0	0	0
1428572928128186099	CPU_4	0	0	0	100.00	0	0	0	0	0	0
1428572928835477129	CPU_4	0	0	0	100.00	0	0	0	0	0	0
1428572929554352517	CPU_4	0	0	0	100.00	0	0	0	0	0	0
1428572930264217126	CPU_4	0	0	0	100.00	0	0	0	0	0	0
1428572930972942196	CPU_4	0	0	0	100.00	0	0	0	0	0	0
1428572931694109330	CPU_4	0	0	0	100.00	0	0	0	0	0	0
1428572932403418773	CPU_4	0	0	0	100.00	0	0	0	0	0	0
1428572933122425744	CPU_4	0	0	0	100.00	0	0	0	0	0	0
1428572933831440854	CPU_4	0	0	0	100.00	0	0	0	0	0	0
1428572934539926298	CPU_4	0	0	0	100.00	0	0	0	0	0	0
1428572935260501100	CPU_4	0	0	0	100.00	0	0	0	0	0	0
1428572935968067337	CPU_4	0	0	0	100.00	0	0	0	0	0	0
1428572936692600841	CPU_4	0	0	0	100.00	0	0	0	0	0	0
1428572937404815947	CPU_4	0	0	0	100.00	0	0	0	0	0	0
1428572938116789302	CPU_4	0	0	0	100.00	0	0	0	0	0	0
1428572938835143274	CPU_4	0	0	0	100.00	0	0	0	0	0	0
1428572939545262049	CPU_4	0	0	0	100.00	0	0	0	0	0	0
1428572940256052531	CPU_4	0	0	0	100.00	0	0	0	0	0	0
1428572940975670626	CPU_4	0	0	0	100.00	0	0	0	0	0	0
1428572941694843429	CPU_4	0	0	0	100.00	0	0	0	0	0	0
1428572942416023396	CPU_4	0	0	0	100.00	0	0	0	0	0	0
1428572943130704456	CPU_4	0	0	0	100.00	0	0	0	0	0	0
1428572943839817982	CPU_4	0	0	0	100.00	0	0	0	0	0	0
1428572944559391326	CPU_4	0	0	0	100.00	0	0	0	0	0	0
1428572945270617808	CPU_4	0	0	0	100.00	0	0	0	0	0	0
1428572945987816905	CPU_4	0	0	0	100.00	0	0	0	0	0	0
1428572946699033012	CPU_4	0	0	0	100.00	0	0	0	0	0	0
1428572947408044205	CPU_4	0	0	0	100.00	0	0	0	0	0	0
1428572948131517543	CPU_4	0	0	0	100.00	0	0	0	0	0	0
1428572948842391775	CPU_4	0	0	0	100.00	0	0	0	0	0	0
1428572949561589869	CPU_4	0	0	0	100.00	0	0	0	0	0	0
1428572950273200642	CPU_4	0	0	0	100.00	0	0	0	0	0	0
1428572950982832709	CPU_4	0	0	0	100.00	0	0	0	0	0	0
1428572951703703551	CPU_4	0	0	0	100.00	0	0	0	0	0	0
1428572952414016867	CPU_4	0	0	0	100.00	0	0	0	0	0	0
1428572953136981414	CPU_4	0	0	0	100.00	0	0	0	0	0	0
1428572953847936645	CPU_4	0	0	0	100.00	0	0	0	0	0	0
1428572954558230294	CPU_4	0	0	0	100.00	0	0	0	0	0	0
1428572955280116010	CPU_4	0	0	0	100.00	0	0	0	0	0	0
1428572955989323410	CPU_4	0	0	0	100.00	0	0	0	0	0	0
1428572956718126240	CPU_4	0	0	0	100.00	0	0	0	0	0	0
1428572957430619594	CPU_4	0	0	0	100.00	0	0	0	0	0	0
1428572958142111908	CPU_4	0	0	0	100.00	0	0	0	0	0	0
1428572958863235999	CPU_4	0	0	0	100.00	0	0	0	0	0	0
1428572959573559440	CPU_4	0	0	0	100.00	0	0	0	0	0	0
1428572960288365749	CPU_4	0	0	0	100.00	0	0	0	0	0	0
1428572961005226929	CPU_4	0	0	0	100.00	0	0	0	0	0	0
1428572961719965572	CPU_4	0	0	0	100.00	0	0	0	0	0	0
1428572962440764955	CPU_4	0	0	0	100.00	0	0	0	0	0	0
1428572963152084810	CPU_4	0	0	1.40	98.59	0	0	0	0	0	0
1428572963859719130	CPU_4	0	0	0	100.00	0	0	0	0	0	0
